x,y,z,p
0,0,0,0.0483808
0,0.1,0,0.107491
0,0.2,0,0.166601
0,0.3,0,0.236137
0,0.4,0,0.316098
0,0.5,0,0.396058
0,0.6,0,0.476487
0,0.7,0,0.556916
0,0.8,0,0.63723
0,0.9,0,0.717428
0,1,0,0.797625
0,1.1,0,0.877256
0,1.2,0,0.956887
0,1.3,0,1.03637
0,1.4,0,1.11572
0,1.5,0,1.19506
0,1.6,0,1.27471
0,1.7,0,1.35437
0,1.8,0,1.43429
0,1.9,0,1.51448
0,2,0,1.59468
0,2.1,0,1.67514
0,2.2,0,1.7556
0,2.3,0,1.83605
0,2.4,0,1.9165
0,2.5,0,1.99696
0,2.6,0,2.07836
0,2.7,0,2.15976
0,2.8,0,2.24276
0,2.9,0,2.32734
0,3,0,2.41192
0,3.1,0,2.50043
0,3.2,0,2.58895
0,3.3,0,2.67727
0,3.4,0,2.7654
0,3.5,0,2.85353
0,3.6,0,2.93554
0,3.7,0,3.01756
0,3.8,0,3.09597
0,3.9,0,3.17077
0,4,0,3.24558
0,4.1,0,3.31696
0,4.2,0,3.38834
0,4.3,0,3.45978
0,4.4,0,3.53127
0,4.5,0,3.60277
0,4.6,0,3.66976
0,4.7,0,3.73676
0,4.8,0,3.79979
0,4.9,0,3.85887
0,5,0,3.91795
0,5.1,0,3.96419
0,5.2,0,4.01044
0,5.3,0,4.05669
0,5.4,0,4.09924
0,5.5,0,4.14179
0,5.6,0,4.18434
0,5.7,0,4.21775
0,5.8,0,4.25116
0,5.9,0,4.28457
0,6,0,4.3037
0,6.1,0,4.32284
0,6.2,0,4.34197
0,6.3,0,4.34814
0,6.4,0,4.35431
0,6.5,0,4.36048
0,6.6,0,4.35608
0,6.7,0,4.35168
0,6.8,0,4.34729
0,6.9,0,4.33009
0,7,0,4.3129
0,7.1,0,4.2957
0,7.2,0,4.26508
0,7.3,0,4.23446
0,7.4,0,4.20383
0,7.5,0,4.16182
0,7.6,0,4.11981
0,7.7,0,4.07779
0,7.8,0,4.03015
0,7.9,0,3.98251
0,8,0,3.93487
0,8.1,0,3.87534
0,8.2,0,3.81581
0,8.3,0,3.75363
0,8.4,0,3.69002
0,8.5,0,3.62392
0,8.6,0,3.55197
0,8.7,0,3.48002
0,8.8,0,3.40548
0,8.9,0,3.33079
0,9,0,3.25585
0,9.1,0,3.18073
0,9.2,0,3.10439
0,9.3,0,3.02439
0,9.4,0,2.94439
0,9.5,0,2.85717
0,9.6,0,2.76914
0,9.7,0,2.67755
0,9.8,0,2.58303
0,9.9,0,2.48857
0,10,0,2.39435
0,10.1,0,2.30013
0,10.2,0,2.21023
0,10.3,0,2.1211
0,10.4,0,2.0336
0,10.5,0,1.94771
0,10.6,0,1.86176
0,10.7,0,1.77549
0,10.8,0,1.68921
0,10.9,0,1.60182
0,11,0,1.51415
0,11.1,0,1.42613
0,11.2,0,1.3377
0,11.3,0,1.24925
0,11.4,0,1.16052
0,11.5,0,1.0718
0,11.6,0,0.982806
0,11.7,0,0.893722
0,11.8,0,0.80453
0,11.9,0,0.715178
0,12,0,0.625831
0,12.1,0,0.5366
0,12.2,0,0.447368
0,12.3,0,0.35811
0,12.4,0,0.26884
0,12.5,0,0.187306
0,12.6,0,0.120137
0,12.7,0,0.0529688
0.1,0,0,0.0290285
0.1,0.1,0,0.0870854
0.1,0.2,0,0.156527
0.1,0.3,0,0.236043
0.1,0.4,0,0.315653
0.1,0.5,0,0.395742
0.1,0.6,0,0.476465
0.1,0.7,0,0.556432
0.1,0.8,0,0.636884
0.1,0.9,0,0.717682
0.1,1,0,0.796636
0.1,1.1,0,0.877569
0.1,1.2,0,0.956933
0.1,1.3,0,1.03625
0.1,1.4,0,1.11569
0.1,1.5,0,1.19622
0.1,1.6,0,1.27443
0.1,1.7,0,1.35556
0.1,1.8,0,1.4355
0.1,1.9,0,1.51423
0.1,2,0,1.59862
0.1,2.1,0,1.67512
0.1,2.2,0,1.75799
0.1,2.3,0,1.83847
0.1,2.4,0,1.91653
0.1,2.5,0,2.00192
0.1,2.6,0,2.07738
0.1,2.7,0,2.16101
0.1,2.8,0,2.2434
0.1,2.9,0,2.32514
0.1,3,0,2.41149
0.1,3.1,0,2.4987
0.1,3.2,0,2.58497
0.1,3.3,0,2.67522
0.1,3.4,0,2.76752
0.1,3.5,0,2.84284
0.1,3.6,0,2.93953
0.1,3.7,0,3.01447
0.1,3.8,0,3.0925
0.1,3.9,0,3.174
0.1,4,0,3.2404
0.1,4.1,0,3.31716
0.1,4.2,0,3.38799
0.1,4.3,0,3.45916
0.1,4.4,0,3.53095
0.1,4.5,0,3.60184
0.1,4.6,0,3.67459
0.1,4.7,0,3.73852
0.1,4.8,0,3.8007
0.1,4.9,0,3.86197
0.1,5,0,3.91999
0.1,5.1,0,3.96554
0.1,5.2,0,4.01237
0.1,5.3,0,4.06225
0.1,5.4,0,4.10286
0.1,5.5,0,4.14538
0.1,5.6,0,4.1897
0.1,5.7,0,4.22509
0.1,5.8,0,4.25825
0.1,5.9,0,4.28848
0.1,6,0,4.31219
0.1,6.1,0,4.33143
0.1,6.2,0,4.34652
0.1,6.3,0,4.35404
0.1,6.4,0,4.36038
0.1,6.5,0,4.36607
0.1,6.6,0,4.36244
0.1,6.7,0,4.35792
0.1,6.8,0,4.35217
0.1,6.9,0,4.33828
0.1,7,0,4.32097
0.1,7.1,0,4.2999
0.1,7.2,0,4.27183
0.1,7.3,0,4.24125
0.1,7.4,0,4.20831
0.1,7.5,0,4.16791
0.1,7.6,0,4.12598
0.1,7.7,0,4.08274
0.1,7.8,0,4.03126
0.1,7.9,0,3.98345
0.1,8,0,3.93886
0.1,8.1,0,3.87471
0.1,8.2,0,3.81602
0.1,8.3,0,3.75693
0.1,8.4,0,3.6928
0.1,8.5,0,3.62354
0.1,8.6,0,3.55535
0.1,8.7,0,3.4774
0.1,8.8,0,3.40467
0.1,8.9,0,3.32765
0.1,9,0,3.25487
0.1,9.1,0,3.17975
0.1,9.2,0,3.0982
0.1,9.3,0,3.02775
0.1,9.4,0,2.93273
0.1,9.5,0,2.8606
0.1,9.6,0,2.76473
0.1,9.7,0,2.67356
0.1,9.8,0,2.58368
0.1,9.9,0,2.48289
0.1,10,0,2.39215
0.1,10.1,0,2.29926
0.1,10.2,0,2.20783
0.1,10.3,0,2.12083
0.1,10.4,0,2.03446
0.1,10.5,0,1.94755
0.1,10.6,0,1.86413
0.1,10.7,0,1.7763
0.1,10.8,0,1.691
0.1,10.9,0,1.60255
0.1,11,0,1.51506
0.1,11.1,0,1.42701
0.1,11.2,0,1.33795
0.1,11.3,0,1.2502
0.1,11.4,0,1.1606
0.1,11.5,0,1.0723
0.1,11.6,0,0.983152
0.1,11.7,0,0.894039
0.1,11.8,0,0.804756
0.1,11.9,0,0.715162
0.1,12,0,0.626081
0.1,12.1,0,0.536502
0.1,12.2,0,0.447382
0.1,12.3,0,0.358227
0.1,12.4,0,0.268899
0.1,12.5,0,0.179451
0.1,12.6,0,0.0992287
0.1,12.7,0,0.0317813
0.2,0,0,0.00967616
0.2,0.1,0,0.0780649
0.2,0.2,0,0.156785
0.2,0.3,0,0.236301
0.2,0.4,0,0.315687
0.2,0.5,0,0.395425
0.2,0.6,0,0.475686
0.2,0.7,0,0.555485
0.2,0.8,0,0.635937
0.2,0.9,0,0.716092
0.2,1,0,0.795647
0.2,1.1,0,0.876313
0.2,1.2,0,0.956712
0.2,1.3,0,1.03603
0.2,1.4,0,1.11675
0.2,1.5,0,1.19737
0.2,1.6,0,1.27707
0.2,1.7,0,1.35824
0.2,1.8,0,1.43818
0.2,1.9,0,1.51964
0.2,2,0,1.60257
0.2,2.1,0,1.68148
0.2,2.2,0,1.7628
0.2,2.3,0,1.84328
0.2,2.4,0,1.92389
0.2,2.5,0,2.00689
0.2,2.6,0,2.08457
0.2,2.7,0,2.16449
0.2,2.8,0,2.24688
0.2,2.9,0,2.32756
0.2,3,0,2.41107
0.2,3.1,0,2.49603
0.2,3.2,0,2.57874
0.2,3.3,0,2.66899
0.2,3.4,0,2.75266
0.2,3.5,0,2.83216
0.2,3.6,0,2.92177
0.2,3.7,0,3.00431
0.2,3.8,0,3.08234
0.2,3.9,0,3.16213
0.2,4,0,3.23522
0.2,4.1,0,3.31143
0.2,4.2,0,3.38708
0.2,4.3,0,3.45826
0.2,4.4,0,3.52973
0.2,4.5,0,3.60091
0.2,4.6,0,3.6706
0.2,4.7,0,3.73723
0.2,4.8,0,3.7994
0.2,4.9,0,3.86182
0.2,5,0,3.92204
0.2,5.1,0,3.96904
0.2,5.2,0,4.01821
0.2,5.3,0,4.06781
0.2,5.4,0,4.10913
0.2,5.5,0,4.15152
0.2,5.6,0,4.19506
0.2,5.7,0,4.22917
0.2,5.8,0,4.26137
0.2,5.9,0,4.29238
0.2,6,0,4.31448
0.2,6.1,0,4.33414
0.2,6.2,0,4.35106
0.2,6.3,0,4.35839
0.2,6.4,0,4.36543
0.2,6.5,0,4.37166
0.2,6.6,0,4.36748
0.2,6.7,0,4.36249
0.2,6.8,0,4.35705
0.2,6.9,0,4.34161
0.2,7,0,4.32385
0.2,7.1,0,4.30411
0.2,7.2,0,4.2751
0.2,7.3,0,4.2447
0.2,7.4,0,4.21278
0.2,7.5,0,4.1719
0.2,7.6,0,4.13028
0.2,7.7,0,4.0877
0.2,7.8,0,4.03743
0.2,7.9,0,3.98899
0.2,8,0,3.94285
0.2,8.1,0,3.87917
0.2,8.2,0,3.81673
0.2,8.3,0,3.75638
0.2,8.4,0,3.68974
0.2,8.5,0,3.6214
0.2,8.6,0,3.54973
0.2,8.7,0,3.47444
0.2,8.8,0,3.39965
0.2,8.9,0,3.32278
0.2,9,0,3.24849
0.2,9.1,0,3.16829
0.2,9.2,0,3.08856
0.2,9.3,0,3.00845
0.2,9.4,0,2.91929
0.2,9.5,0,2.83961
0.2,9.6,0,2.75241
0.2,9.7,0,2.66052
0.2,9.8,0,2.57206
0.2,9.9,0,2.47627
0.2,10,0,2.38798
0.2,10.1,0,2.29864
0.2,10.2,0,2.20922
0.2,10.3,0,2.12325
0.2,10.4,0,2.03692
0.2,10.5,0,1.95135
0.2,10.6,0,1.8668
0.2,10.7,0,1.77945
0.2,10.8,0,1.69306
0.2,10.9,0,1.60495
0.2,11,0,1.51668
0.2,11.1,0,1.4285
0.2,11.2,0,1.33959
0.2,11.3,0,1.25125
0.2,11.4,0,1.16187
0.2,11.5,0,1.07295
0.2,11.6,0,0.983845
0.2,11.7,0,0.894497
0.2,11.8,0,0.805161
0.2,11.9,0,0.715642
0.2,12,0,0.62635
0.2,12.1,0,0.536829
0.2,12.2,0,0.447449
0.2,12.3,0,0.358233
0.2,12.4,0,0.268775
0.2,12.5,0,0.179341
0.2,12.6,0,0.0897856
0.2,12.7,0,0.0105938
0.3,0,0,0
0.3,0.1,0,0.0789105
0.3,0.2,0,0.157631
0.3,0.3,0,0.236487
0.3,0.4,0,0.315873
0.3,0.5,0,0.395371
0.3,0.6,0,0.474234
0.3,0.7,0,0.554033
0.3,0.8,0,0.633603
0.3,0.9,0,0.713758
0.3,1,0,0.794842
0.3,1.1,0,0.87469
0.3,1.2,0,0.95509
0.3,1.3,0,1.03677
0.3,1.4,0,1.11749
0.3,1.5,0,1.19878
0.3,1.6,0,1.28095
0.3,1.7,0,1.36213
0.3,1.8,0,1.445
0.3,1.9,0,1.52646
0.3,2,0,1.6066
0.3,2.1,0,1.69044
0.3,2.2,0,1.77177
0.3,2.3,0,1.85353
0.3,2.4,0,1.93414
0.3,2.5,0,2.01168
0.3,2.6,0,2.09419
0.3,2.7,0,2.17411
0.3,2.8,0,2.25117
0.3,2.9,0,2.33185
0.3,3,0,2.41123
0.3,3.1,0,2.49003
0.3,3.2,0,2.57275
0.3,3.3,0,2.65009
0.3,3.4,0,2.73376
0.3,3.5,0,2.82497
0.3,3.6,0,2.89794
0.3,3.7,0,2.98048
0.3,3.8,0,3.06553
0.3,3.9,0,3.14532
0.3,4,0,3.23254
0.3,4.1,0,3.30753
0.3,4.2,0,3.38318
0.3,4.3,0,3.45854
0.3,4.4,0,3.53001
0.3,4.5,0,3.60272
0.3,4.6,0,3.66659
0.3,4.7,0,3.73322
0.3,4.8,0,3.79825
0.3,4.9,0,3.86066
0.3,5,0,3.92742
0.3,5.1,0,3.97841
0.3,5.2,0,4.02759
0.3,5.3,0,4.07715
0.3,5.4,0,4.12201
0.3,5.5,0,4.16439
0.3,5.6,0,4.20491
0.3,5.7,0,4.23775
0.3,5.8,0,4.26995
0.3,5.9,0,4.30116
0.3,6,0,4.32152
0.3,6.1,0,4.34119
0.3,6.2,0,4.3607
0.3,6.3,0,4.36951
0.3,6.4,0,4.37655
0.3,6.5,0,4.38248
0.3,6.6,0,4.37872
0.3,6.7,0,4.37373
0.3,6.8,0,4.36706
0.3,6.9,0,4.34988
0.3,7,0,4.33212
0.3,7.1,0,4.31324
0.3,7.2,0,4.28364
0.3,7.3,0,4.25324
0.3,7.4,0,4.22206
0.3,7.5,0,4.18124
0.3,7.6,0,4.13963
0.3,7.7,0,4.09708
0.3,7.8,0,4.0479
0.3,7.9,0,3.99945
0.3,8,0,3.95051
0.3,8.1,0,3.88466
0.3,8.2,0,3.82183
0.3,8.3,0,3.75373
0.3,8.4,0,3.68709
0.3,8.5,0,3.61799
0.3,8.6,0,3.54382
0.3,8.7,0,3.47373
0.3,8.8,0,3.39372
0.3,8.9,0,3.31743
0.3,9,0,3.23494
0.3,9.1,0,3.15474
0.3,9.2,0,3.07255
0.3,9.3,0,2.98344
0.3,9.4,0,2.90716
0.3,9.5,0,2.81086
0.3,9.6,0,2.72453
0.3,9.7,0,2.64002
0.3,9.8,0,2.55156
0.3,9.9,0,2.47098
0.3,10,0,2.382
0.3,10.1,0,2.29644
0.3,10.2,0,2.21273
0.3,10.3,0,2.12677
0.3,10.4,0,2.04284
0.3,10.5,0,1.95727
0.3,10.6,0,1.87006
0.3,10.7,0,1.78419
0.3,10.8,0,1.69634
0.3,10.9,0,1.60842
0.3,11,0,1.52015
0.3,11.1,0,1.43098
0.3,11.2,0,1.3421
0.3,11.3,0,1.25246
0.3,11.4,0,1.16357
0.3,11.5,0,1.07406
0.3,11.6,0,0.984754
0.3,11.7,0,0.895406
0.3,11.8,0,0.805771
0.3,11.9,0,0.716353
0.3,12,0,0.626285
0.3,12.1,0,0.537194
0.3,12.2,0,0.447593
0.3,12.3,0,0.358134
0.3,12.4,0,0.268676
0.3,12.5,0,0.179017
0.3,12.6,0,0.0894428
0.3,12.7,0,0
0.4,0,0,0
0.4,0.1,0,0.0791006
0.4,0.2,0,0.158289
0.4,0.3,0,0.237145
0.4,0.4,0,0.315971
0.4,0.5,0,0.39558
0.4,0.6,0,0.473506
0.4,0.7,0,0.55355
0.4,0.8,0,0.63312
0.4,0.9,0,0.712209
0.4,1,0,0.79422
0.4,1.1,0,0.873518
0.4,1.2,0,0.955278
0.4,1.3,0,1.03696
0.4,1.4,0,1.11858
0.4,1.5,0,1.20045
0.4,1.6,0,1.28361
0.4,1.7,0,1.36523
0.4,1.8,0,1.44809
0.4,1.9,0,1.5319
0.4,2,0,1.61072
0.4,2.1,0,1.69709
0.4,2.2,0,1.77643
0.4,2.3,0,1.8582
0.4,2.4,0,1.94183
0.4,2.5,0,2.0163
0.4,2.6,0,2.10141
0.4,2.7,0,2.17758
0.4,2.8,0,2.25465
0.4,2.9,0,2.33389
0.4,3,0,2.41197
0.4,3.1,0,2.48686
0.4,3.2,0,2.57038
0.4,3.3,0,2.64772
0.4,3.4,0,2.72253
0.4,3.5,0,2.82128
0.4,3.6,0,2.88468
0.4,3.7,0,2.97762
0.4,3.8,0,3.06268
0.4,3.9,0,3.1377
0.4,4,0,3.23236
0.4,4.1,0,3.30668
0.4,4.2,0,3.38634
0.4,4.3,0,3.4617
0.4,4.4,0,3.53333
0.4,4.5,0,3.60728
0.4,4.6,0,3.66838
0.4,4.7,0,3.7385
0.4,4.8,0,3.80353
0.4,4.9,0,3.86503
0.4,5,0,3.93613
0.4,5.1,0,3.98834
0.4,5.2,0,4.04044
0.4,5.3,0,4.09025
0.4,5.4,0,4.13676
0.4,5.5,0,4.17997
0.4,5.6,0,4.21925
0.4,5.7,0,4.25251
0.4,5.8,0,4.28426
0.4,5.9,0,4.31482
0.4,6,0,4.33564
0.4,6.1,0,4.35602
0.4,6.2,0,4.37542
0.4,6.3,0,4.38542
0.4,6.4,0,4.39334
0.4,6.5,0,4.39852
0.4,6.6,0,4.39559
0.4,6.7,0,4.39001
0.4,6.8,0,4.3822
0.4,6.9,0,4.36542
0.4,7,0,4.34693
0.4,7.1,0,4.32729
0.4,7.2,0,4.29823
0.4,7.3,0,4.26785
0.4,7.4,0,4.23614
0.4,7.5,0,4.19586
0.4,7.6,0,4.15406
0.4,7.7,0,4.11089
0.4,7.8,0,4.06121
0.4,7.9,0,4.01111
0.4,8,0,3.96182
0.4,8.1,0,3.89288
0.4,8.2,0,3.82903
0.4,8.3,0,3.75967
0.4,8.4,0,3.69038
0.4,8.5,0,3.62216
0.4,8.6,0,3.5437
0.4,8.7,0,3.47651
0.4,8.8,0,3.39266
0.4,8.9,0,3.31833
0.4,9,0,3.23414
0.4,9.1,0,3.15
0.4,9.2,0,3.07062
0.4,9.3,0,2.97005
0.4,9.4,0,2.90332
0.4,9.5,0,2.79616
0.4,9.6,0,2.72027
0.4,9.7,0,2.63441
0.4,9.8,0,2.54259
0.4,9.9,0,2.46804
0.4,10,0,2.37781
0.4,10.1,0,2.2962
0.4,10.2,0,2.21368
0.4,10.3,0,2.12867
0.4,10.4,0,2.04485
0.4,10.5,0,1.96131
0.4,10.6,0,1.87253
0.4,10.7,0,1.7882
0.4,10.8,0,1.69871
0.4,10.9,0,1.61132
0.4,11,0,1.52224
0.4,11.1,0,1.4329
0.4,11.2,0,1.34392
0.4,11.3,0,1.25356
0.4,11.4,0,1.16485
0.4,11.5,0,1.07426
0.4,11.6,0,0.985202
0.4,11.7,0,0.895269
0.4,11.8,0,0.805448
0.4,11.9,0,0.71647
0.4,12,0,0.625785
0.4,12.1,0,0.537086
0.4,12.2,0,0.447037
0.4,12.3,0,0.357708
0.4,12.4,0,0.268324
0.4,12.5,0,0.178587
0.4,12.6,0,0.0892672
0.4,12.7,0,0
0.5,0,0,0
0.5,0.1,0,0.0793784
0.5,0.2,0,0.158757
0.5,0.3,0,0.237915
0.5,0.4,0,0.316852
0.5,0.5,0,0.395789
0.5,0.6,0,0.474896
0.5,0.7,0,0.554003
0.5,0.8,0,0.633565
0.5,0.9,0,0.713582
0.5,1,0,0.793599
0.5,1.1,0,0.874808
0.5,1.2,0,0.956017
0.5,1.3,0,1.03772
0.5,1.4,0,1.11991
0.5,1.5,0,1.20211
0.5,1.6,0,1.28472
0.5,1.7,0,1.36733
0.5,1.8,0,1.44988
0.5,1.9,0,1.53236
0.5,2,0,1.61485
0.5,2.1,0,1.69671
0.5,2.2,0,1.77858
0.5,2.3,0,1.85979
0.5,2.4,0,1.94035
0.5,2.5,0,2.02091
0.5,2.6,0,2.09968
0.5,2.7,0,2.17846
0.5,2.8,0,2.25682
0.5,2.9,0,2.33476
0.5,3,0,2.41271
0.5,3.1,0,2.49232
0.5,3.2,0,2.57193
0.5,3.3,0,2.6529
0.5,3.4,0,2.73525
0.5,3.5,0,2.81759
0.5,3.6,0,2.90097
0.5,3.7,0,2.98434
0.5,3.8,0,3.06726
0.5,3.9,0,3.14972
0.5,4,0,3.23218
0.5,4.1,0,3.31117
0.5,4.2,0,3.39016
0.5,4.3,0,3.4661
0.5,4.4,0,3.53897
0.5,4.5,0,3.61184
0.5,4.6,0,3.67919
0.5,4.7,0,3.74655
0.5,4.8,0,3.81314
0.5,4.9,0,3.87899
0.5,5,0,3.94484
0.5,5.1,0,3.99768
0.5,5.2,0,4.05052
0.5,5.3,0,4.10336
0.5,5.4,0,4.14677
0.5,5.5,0,4.19017
0.5,5.6,0,4.23358
0.5,5.7,0,4.26522
0.5,5.8,0,4.29685
0.5,5.9,0,4.32848
0.5,6,0,4.34904
0.5,6.1,0,4.36959
0.5,6.2,0,4.39015
0.5,6.3,0,4.39829
0.5,6.4,0,4.40643
0.5,6.5,0,4.41456
0.5,6.6,0,4.40883
0.5,6.7,0,4.40309
0.5,6.8,0,4.39735
0.5,6.9,0,4.37868
0.5,7,0,4.36002
0.5,7.1,0,4.34135
0.5,7.2,0,4.31097
0.5,7.3,0,4.28059
0.5,7.4,0,4.25022
0.5,7.5,0,4.20838
0.5,7.6,0,4.16654
0.5,7.7,0,4.1247
0.5,7.8,0,4.07417
0.5,7.9,0,4.02365
0.5,8,0,3.97313
0.5,8.1,0,3.90573
0.5,8.2,0,3.83834
0.5,8.3,0,3.76933
0.5,8.4,0,3.69947
0.5,8.5,0,3.62827
0.5,8.6,0,3.55398
0.5,8.7,0,3.47969
0.5,8.8,0,3.4012
0.5,8.9,0,3.32248
0.5,9,0,3.24107
0.5,9.1,0,3.15786
0.5,9.2,0,3.07394
0.5,9.3,0,2.98786
0.5,9.4,0,2.90178
0.5,9.5,0,2.81463
0.5,9.6,0,2.72737
0.5,9.7,0,2.64022
0.5,9.8,0,2.55316
0.5,9.9,0,2.46653
0.5,10,0,2.38156
0.5,10.1,0,2.29659
0.5,10.2,0,2.21269
0.5,10.3,0,2.12898
0.5,10.4,0,2.04466
0.5,10.5,0,1.95973
0.5,10.6,0,1.87448
0.5,10.7,0,1.78744
0.5,10.8,0,1.70041
0.5,10.9,0,1.61201
0.5,11,0,1.52328
0.5,11.1,0,1.43407
0.5,11.2,0,1.3443
0.5,11.3,0,1.2545
0.5,11.4,0,1.16439
0.5,11.5,0,1.07428
0.5,11.6,0,0.984327
0.5,11.7,0,0.894419
0.5,11.8,0,0.804601
0.5,11.9,0,0.714916
0.5,12,0,0.62524
0.5,12.1,0,0.535733
0.5,12.2,0,0.446226
0.5,12.3,0,0.356848
0.5,12.4,0,0.267524
0.5,12.5,0,0.178267
0.5,12.6,0,0.0891334
0.5,12.7,0,0
0.6,0,0,0
0.6,0.1,0,0.0802208
0.6,0.2,0,0.159119
0.6,0.3,0,0.238455
0.6,0.4,0,0.318051
0.6,0.5,0,0.396057
0.6,0.6,0,0.47563
0.6,0.7,0,0.554679
0.6,0.8,0,0.63398
0.6,0.9,0,0.713793
0.6,1,0,0.794113
0.6,1.1,0,0.874877
0.6,1.2,0,0.956064
0.6,1.3,0,1.03802
0.6,1.4,0,1.12049
0.6,1.5,0,1.20151
0.6,1.6,0,1.28574
0.6,1.7,0,1.36724
0.6,1.8,0,1.44968
0.6,1.9,0,1.53316
0.6,2,0,1.61316
0.6,2.1,0,1.69724
0.6,2.2,0,1.77787
0.6,2.3,0,1.85893
0.6,2.4,0,1.94059
0.6,2.5,0,2.01908
0.6,2.6,0,2.09982
0.6,2.7,0,2.17802
0.6,2.8,0,2.25664
0.6,2.9,0,2.33542
0.6,3,0,2.41351
0.6,3.1,0,2.49467
0.6,3.2,0,2.57495
0.6,3.3,0,2.65992
0.6,3.4,0,2.7456
0.6,3.5,0,2.82425
0.6,3.6,0,2.91756
0.6,3.7,0,2.99677
0.6,3.8,0,3.07816
0.6,3.9,0,3.16326
0.6,4,0,3.24057
0.6,4.1,0,3.32108
0.6,4.2,0,3.39967
0.6,4.3,0,3.47688
0.6,4.4,0,3.55143
0.6,4.5,0,3.62365
0.6,4.6,0,3.69423
0.6,4.7,0,3.76157
0.6,4.8,0,3.82702
0.6,4.9,0,3.89173
0.6,5,0,3.96217
0.6,5.1,0,4.0149
0.6,5.2,0,4.06811
0.6,5.3,0,4.12295
0.6,5.4,0,4.17027
0.6,5.5,0,4.21412
0.6,5.6,0,4.25582
0.6,5.7,0,4.29037
0.6,5.8,0,4.32236
0.6,5.9,0,4.35286
0.6,6,0,4.37524
0.6,6.1,0,4.396
0.6,6.2,0,4.4158
0.6,6.3,0,4.42679
0.6,6.4,0,4.43501
0.6,6.5,0,4.44073
0.6,6.6,0,4.43769
0.6,6.7,0,4.43191
0.6,6.8,0,4.42326
0.6,6.9,0,4.40566
0.6,7,0,4.38685
0.6,7.1,0,4.36642
0.6,7.2,0,4.33706
0.6,7.3,0,4.30644
0.6,7.4,0,4.27385
0.6,7.5,0,4.2339
0.6,7.6,0,4.19165
0.6,7.7,0,4.14583
0.6,7.8,0,4.0943
0.6,7.9,0,4.04329
0.6,8,0,3.99136
0.6,8.1,0,3.91887
0.6,8.2,0,3.85346
0.6,8.3,0,3.78483
0.6,8.4,0,3.71452
0.6,8.5,0,3.64289
0.6,8.6,0,3.56822
0.6,8.7,0,3.49249
0.6,8.8,0,3.41409
0.6,8.9,0,3.33415
0.6,9,0,3.25417
0.6,9.1,0,3.17137
0.6,9.2,0,3.08626
0.6,9.3,0,3.00699
0.6,9.4,0,2.91185
0.6,9.5,0,2.83454
0.6,9.6,0,2.74073
0.6,9.7,0,2.64988
0.6,9.8,0,2.56365
0.6,9.9,0,2.46993
0.6,10,0,2.38271
0.6,10.1,0,2.29821
0.6,10.2,0,2.21211
0.6,10.3,0,2.12887
0.6,10.4,0,2.04499
0.6,10.5,0,1.95979
0.6,10.6,0,1.87507
0.6,10.7,0,1.78861
0.6,10.8,0,1.7011
0.6,10.9,0,1.61353
0.6,11,0,1.52452
0.6,11.1,0,1.43489
0.6,11.2,0,1.34531
0.6,11.3,0,1.25494
0.6,11.4,0,1.16388
0.6,11.5,0,1.07448
0.6,11.6,0,0.983239
0.6,11.7,0,0.893591
0.6,11.8,0,0.804083
0.6,11.9,0,0.71327
0.6,12,0,0.625419
0.6,12.1,0,0.534138
0.6,12.2,0,0.445897
0.6,12.3,0,0.35612
0.6,12.4,0,0.266839
0.6,12.5,0,0.17823
0.6,12.6,0,0.088744
0.6,12.7,0,0
0.7,0,0,0
0.7,0.1,0,0.0797402
0.7,0.2,0,0.159
0.7,0.3,0,0.238336
0.7,0.4,0,0.31766
0.7,0.5,0,0.396325
0.7,0.6,0,0.47584
0.7,0.7,0,0.555298
0.7,0.8,0,0.634598
0.7,0.9,0,0.714511
0.7,1,0,0.794627
0.7,1.1,0,0.875369
0.7,1.2,0,0.95609
0.7,1.3,0,1.03805
0.7,1.4,0,1.11961
0.7,1.5,0,1.2009
0.7,1.6,0,1.28403
0.7,1.7,0,1.36604
0.7,1.8,0,1.44847
0.7,1.9,0,1.53048
0.7,2,0,1.61148
0.7,2.1,0,1.69431
0.7,2.2,0,1.77591
0.7,2.3,0,1.85697
0.7,2.4,0,1.93766
0.7,2.5,0,2.01724
0.7,2.6,0,2.09741
0.7,2.7,0,2.17701
0.7,2.8,0,2.25563
0.7,2.9,0,2.33539
0.7,3,0,2.41431
0.7,3.1,0,2.49614
0.7,3.2,0,2.57863
0.7,3.3,0,2.66361
0.7,3.4,0,2.74893
0.7,3.5,0,2.83092
0.7,3.6,0,2.92006
0.7,3.7,0,3.00504
0.7,3.8,0,3.08643
0.7,3.9,0,3.16902
0.7,4,0,3.24897
0.7,4.1,0,3.32907
0.7,4.2,0,3.40877
0.7,4.3,0,3.48597
0.7,4.4,0,3.56156
0.7,4.5,0,3.63546
0.7,4.6,0,3.70603
0.7,4.7,0,3.77658
0.7,4.8,0,3.84203
0.7,4.9,0,3.9102
0.7,5,0,3.97951
0.7,5.1,0,4.03303
0.7,5.2,0,4.08776
0.7,5.3,0,4.14255
0.7,5.4,0,4.18918
0.7,5.5,0,4.23479
0.7,5.6,0,4.27806
0.7,5.7,0,4.31215
0.7,5.8,0,4.34557
0.7,5.9,0,4.37724
0.7,6,0,4.39931
0.7,6.1,0,4.42093
0.7,6.2,0,4.44146
0.7,6.3,0,4.45147
0.7,6.4,0,4.46004
0.7,6.5,0,4.4669
0.7,6.6,0,4.46269
0.7,6.7,0,4.45674
0.7,6.8,0,4.44918
0.7,6.9,0,4.43086
0.7,7,0,4.4115
0.7,7.1,0,4.3915
0.7,7.2,0,4.36125
0.7,7.3,0,4.32967
0.7,7.4,0,4.29749
0.7,7.5,0,4.25595
0.7,7.6,0,4.21203
0.7,7.7,0,4.16697
0.7,7.8,0,4.11487
0.7,7.9,0,4.06192
0.7,8,0,4.00958
0.7,8.1,0,3.93856
0.7,8.2,0,3.86977
0.7,8.3,0,3.80107
0.7,8.4,0,3.7296
0.7,8.5,0,3.65769
0.7,8.6,0,3.58146
0.7,8.7,0,3.50521
0.7,8.8,0,3.42572
0.7,8.9,0,3.34492
0.7,9,0,3.26431
0.7,9.1,0,3.18013
0.7,9.2,0,3.09611
0.7,9.3,0,3.01149
0.7,9.4,0,2.92085
0.7,9.5,0,2.83736
0.7,9.6,0,2.74763
0.7,9.7,0,2.65614
0.7,9.8,0,2.566
0.7,9.9,0,2.47394
0.7,10,0,2.38636
0.7,10.1,0,2.29991
0.7,10.2,0,2.21443
0.7,10.3,0,2.12965
0.7,10.4,0,2.04571
0.7,10.5,0,1.96055
0.7,10.6,0,1.87556
0.7,10.7,0,1.78881
0.7,10.8,0,1.70167
0.7,10.9,0,1.61372
0.7,11,0,1.52505
0.7,11.1,0,1.43551
0.7,11.2,0,1.34568
0.7,11.3,0,1.2555
0.7,11.4,0,1.1649
0.7,11.5,0,1.07493
0.7,11.6,0,0.984221
0.7,11.7,0,0.894175
0.7,11.8,0,0.8044
0.7,11.9,0,0.714531
0.7,12,0,0.625697
0.7,12.1,0,0.535344
0.7,12.2,0,0.44616
0.7,12.3,0,0.356687
0.7,12.4,0,0.267267
0.7,12.5,0,0.178404
0.7,12.6,0,0.0890363
0.7,12.7,0,0
0.8,0,0,0
0.8,0.1,0,0.0787182
0.8,0.2,0,0.157978
0.8,0.3,0,0.237282
0.8,0.4,0,0.316606
0.8,0.5,0,0.395775
0.8,0.6,0,0.475863
0.8,0.7,0,0.555321
0.8,0.8,0,0.635194
0.8,0.9,0,0.715107
0.8,1,0,0.793914
0.8,1.1,0,0.875358
0.8,1.2,0,0.956079
0.8,1.3,0,1.03653
0.8,1.4,0,1.11809
0.8,1.5,0,1.1989
0.8,1.6,0,1.28112
0.8,1.7,0,1.36313
0.8,1.8,0,1.44488
0.8,1.9,0,1.52688
0.8,2,0,1.60838
0.8,2.1,0,1.69047
0.8,2.2,0,1.77206
0.8,2.3,0,1.85352
0.8,2.4,0,1.93421
0.8,2.5,0,2.01442
0.8,2.6,0,2.09494
0.8,2.7,0,2.17453
0.8,2.8,0,2.25408
0.8,2.9,0,2.33384
0.8,3,0,2.41451
0.8,3.1,0,2.4962
0.8,3.2,0,2.5787
0.8,3.3,0,2.66284
0.8,3.4,0,2.74816
0.8,3.5,0,2.83839
0.8,3.6,0,2.9195
0.8,3.7,0,3.00448
0.8,3.8,0,3.09085
0.8,3.9,0,3.17343
0.8,4,0,3.26003
0.8,4.1,0,3.33825
0.8,4.2,0,3.41794
0.8,4.3,0,3.49693
0.8,4.4,0,3.57252
0.8,4.5,0,3.6504
0.8,4.6,0,3.72033
0.8,4.7,0,3.79088
0.8,4.8,0,3.8615
0.8,4.9,0,3.92967
0.8,5,0,4.00039
0.8,5.1,0,4.05624
0.8,5.2,0,4.11097
0.8,5.3,0,4.16609
0.8,5.4,0,4.21419
0.8,5.5,0,4.2598
0.8,5.6,0,4.30478
0.8,5.7,0,4.34019
0.8,5.8,0,4.37361
0.8,5.9,0,4.40669
0.8,6,0,4.42977
0.8,6.1,0,4.45139
0.8,6.2,0,4.47242
0.8,6.3,0,4.4829
0.8,6.4,0,4.49147
0.8,6.5,0,4.49836
0.8,6.6,0,4.49411
0.8,6.7,0,4.48816
0.8,6.8,0,4.48048
0.8,6.9,0,4.46202
0.8,7,0,4.44266
0.8,7.1,0,4.4218
0.8,7.2,0,4.39096
0.8,7.3,0,4.35939
0.8,7.4,0,4.32575
0.8,7.5,0,4.28234
0.8,7.6,0,4.23842
0.8,7.7,0,4.19228
0.8,7.8,0,4.13762
0.8,7.9,0,4.08467
0.8,8,0,4.03199
0.8,8.1,0,3.95939
0.8,8.2,0,3.89049
0.8,8.3,0,3.81952
0.8,8.4,0,3.74805
0.8,8.5,0,3.67428
0.8,8.6,0,3.59701
0.8,8.7,0,3.52111
0.8,8.8,0,3.43809
0.8,8.9,0,3.35749
0.8,9,0,3.27191
0.8,9.1,0,3.18773
0.8,9.2,0,3.10241
0.8,9.3,0,3.01243
0.8,9.4,0,2.92951
0.8,9.5,0,2.83399
0.8,9.6,0,2.74473
0.8,9.7,0,2.65493
0.8,9.8,0,2.56479
0.8,9.9,0,2.47746
0.8,10,0,2.38888
0.8,10.1,0,2.30176
0.8,10.2,0,2.21722
0.8,10.3,0,2.13244
0.8,10.4,0,2.04766
0.8,10.5,0,1.9625
0.8,10.6,0,1.8755
0.8,10.7,0,1.78959
0.8,10.8,0,1.70168
0.8,10.9,0,1.61395
0.8,11,0,1.52527
0.8,11.1,0,1.43599
0.8,11.2,0,1.34621
0.8,11.3,0,1.25551
0.8,11.4,0,1.16641
0.8,11.5,0,1.07561
0.8,11.6,0,0.986302
0.8,11.7,0,0.896257
0.8,11.8,0,0.806169
0.8,11.9,0,0.716632
0.8,12,0,0.625904
0.8,12.1,0,0.53743
0.8,12.2,0,0.447515
0.8,12.3,0,0.358147
0.8,12.4,0,0.268727
0.8,12.5,0,0.1788
0.8,12.6,0,0.0895471
0.8,12.7,0,0
0.9,0,0,0
0.9,0.1,0,0.0781769
0.9,0.2,0,0.157189
0.9,0.3,0,0.236493
0.9,0.4,0,0.315394
0.9,0.5,0,0.394408
0.9,0.6,0,0.475127
0.9,0.7,0,0.553674
0.9,0.8,0,0.633548
0.9,0.9,0,0.714272
0.9,1,0,0.791973
0.9,1.1,0,0.874141
0.9,1.2,0,0.953538
0.9,1.3,0,1.03399
0.9,1.4,0,1.11545
0.9,1.5,0,1.19549
0.9,1.6,0,1.27792
0.9,1.7,0,1.35896
0.9,1.8,0,1.4407
0.9,1.9,0,1.52287
0.9,2,0,1.60386
0.9,2.1,0,1.68645
0.9,2.2,0,1.76767
0.9,2.3,0,1.84913
0.9,2.4,0,1.93087
0.9,2.5,0,2.01061
0.9,2.6,0,2.09205
0.9,2.7,0,2.17186
0.9,2.8,0,2.25141
0.9,2.9,0,2.33254
0.9,3,0,2.41412
0.9,3.1,0,2.49501
0.9,3.2,0,2.5823
0.9,3.3,0,2.66644
0.9,3.4,0,2.75154
0.9,3.5,0,2.84667
0.9,3.6,0,2.92391
0.9,3.7,0,3.01634
0.9,3.8,0,3.10271
0.9,3.9,0,3.18315
0.9,4,0,3.27374
0.9,4.1,0,3.35049
0.9,4.2,0,3.43312
0.9,4.3,0,3.51211
0.9,4.4,0,3.58828
0.9,4.5,0,3.66847
0.9,4.6,0,3.73778
0.9,4.7,0,3.81247
0.9,4.8,0,3.88309
0.9,4.9,0,3.95154
0.9,5,0,4.02481
0.9,5.1,0,4.08142
0.9,5.2,0,4.13819
0.9,5.3,0,4.19358
0.9,5.4,0,4.24334
0.9,5.5,0,4.29144
0.9,5.6,0,4.336
0.9,5.7,0,4.37274
0.9,5.8,0,4.40836
0.9,5.9,0,4.44121
0.9,6,0,4.46527
0.9,6.1,0,4.48805
0.9,6.2,0,4.50868
0.9,6.3,0,4.52045
0.9,6.4,0,4.52934
0.9,6.5,0,4.53512
0.9,6.6,0,4.53201
0.9,6.7,0,4.52602
0.9,6.8,0,4.51719
0.9,6.9,0,4.49933
0.9,7,0,4.47919
0.9,7.1,0,4.45734
0.9,7.2,0,4.42699
0.9,7.3,0,4.39364
0.9,7.4,0,4.35863
0.9,7.5,0,4.31556
0.9,7.6,0,4.26938
0.9,7.7,0,4.22177
0.9,7.8,0,4.16596
0.9,7.9,0,4.11108
0.9,8,0,4.05859
0.9,8.1,0,3.9827
0.9,8.2,0,3.91494
0.9,8.3,0,3.84329
0.9,8.4,0,3.7698
0.9,8.5,0,3.69631
0.9,8.6,0,3.61584
0.9,8.7,0,3.54027
0.9,8.8,0,3.45471
0.9,8.9,0,3.37423
0.9,9,0,3.28758
0.9,9.1,0,3.2009
0.9,9.2,0,3.11736
0.9,9.3,0,3.02019
0.9,9.4,0,2.94202
0.9,9.5,0,2.83975
0.9,9.6,0,2.75338
0.9,9.7,0,2.66269
0.9,9.8,0,2.56713
0.9,9.9,0,2.48199
0.9,10,0,2.3905
0.9,10.1,0,2.30311
0.9,10.2,0,2.21898
0.9,10.3,0,2.13197
0.9,10.4,0,2.04721
0.9,10.5,0,1.9628
0.9,10.6,0,1.87413
0.9,10.7,0,1.78967
0.9,10.8,0,1.69999
0.9,10.9,0,1.61319
0.9,11,0,1.52382
0.9,11.1,0,1.43432
0.9,11.2,0,1.34588
0.9,11.3,0,1.25415
0.9,11.4,0,1.16655
0.9,11.5,0,1.07468
0.9,11.6,0,0.986219
0.9,11.7,0,0.896023
0.9,11.8,0,0.80559
0.9,11.9,0,0.717454
0.9,12,0,0.625591
0.9,12.1,0,0.538311
0.9,12.2,0,0.447379
0.9,12.3,0,0.35839
0.9,12.4,0,0.268959
0.9,12.5,0,0.178752
0.9,12.6,0,0.0897736
0.9,12.7,0,0
1,0,0,0
1,0.1,0,0.0784705
1,0.2,0,0.156941
1,0.3,0,0.235549
1,0.4,0,0.314295
1,0.5,0,0.393041
1,0.6,0,0.472219
1,0.7,0,0.551397
1,0.8,0,0.630796
1,0.9,0,0.710414
1,1,0,0.790033
1,1.1,0,0.870153
1,1.2,0,0.950274
1,1.3,0,1.03068
1,1.4,0,1.11138
1,1.5,0,1.19208
1,1.6,0,1.27333
1,1.7,0,1.35457
1,1.8,0,1.43603
1,1.9,0,1.51769
1,2,0,1.59935
1,2.1,0,1.68106
1,2.2,0,1.76278
1,2.3,0,1.84427
1,2.4,0,1.92554
1,2.5,0,2.0068
1,2.6,0,2.08753
1,2.7,0,2.16826
1,2.8,0,2.24965
1,2.9,0,2.33169
1,3,0,2.41373
1,3.1,0,2.50021
1,3.2,0,2.5867
1,3.3,0,2.67494
1,3.4,0,2.76495
1,3.5,0,2.85496
1,3.6,0,2.94351
1,3.7,0,3.03207
1,3.8,0,3.11857
1,3.9,0,3.20302
1,4,0,3.28747
1,4.1,0,3.36862
1,4.2,0,3.44978
1,4.3,0,3.52959
1,4.4,0,3.60807
1,4.5,0,3.68654
1,4.6,0,3.76061
1,4.7,0,3.83468
1,4.8,0,3.90722
1,4.9,0,3.97823
1,5,0,4.04924
1,5.1,0,4.10652
1,5.2,0,4.1638
1,5.3,0,4.22107
1,5.4,0,4.26979
1,5.5,0,4.31851
1,5.6,0,4.36722
1,5.7,0,4.40339
1,5.8,0,4.43956
1,5.9,0,4.47573
1,6,0,4.4988
1,6.1,0,4.52188
1,6.2,0,4.54495
1,6.3,0,4.55393
1,6.4,0,4.56291
1,6.5,0,4.57189
1,6.6,0,4.56589
1,6.7,0,4.55989
1,6.8,0,4.55389
1,6.9,0,4.53356
1,7,0,4.51322
1,7.1,0,4.49288
1,7.2,0,4.45909
1,7.3,0,4.4253
1,7.4,0,4.39151
1,7.5,0,4.34476
1,7.6,0,4.29801
1,7.7,0,4.25127
1,7.8,0,4.19591
1,7.9,0,4.14055
1,8,0,4.0852
1,8.1,0,4.01348
1,8.2,0,3.94175
1,8.3,0,3.86852
1,8.4,0,3.79447
1,8.5,0,3.71877
1,8.6,0,3.63921
1,8.7,0,3.55965
1,8.8,0,3.47648
1,8.9,0,3.39311
1,9,0,3.30811
1,9.1,0,3.22201
1,9.2,0,3.13505
1,9.3,0,3.04547
1,9.4,0,2.95589
1,9.5,0,2.86269
1,9.6,0,2.7691
1,9.7,0,2.675
1,9.8,0,2.58048
1,9.9,0,2.48671
1,10,0,2.39591
1,10.1,0,2.30511
1,10.2,0,2.21769
1,10.3,0,2.13087
1,10.4,0,2.04445
1,10.5,0,1.95843
1,10.6,0,1.87222
1,10.7,0,1.78494
1,10.8,0,1.69766
1,10.9,0,1.60927
1,11,0,1.52061
1,11.1,0,1.43156
1,11.2,0,1.34206
1,11.3,0,1.25253
1,11.4,0,1.16276
1,11.5,0,1.07298
1,11.6,0,0.98329
1,11.7,0,0.89362
1,11.8,0,0.804042
1,11.9,0,0.714599
1,12,0,0.625163
1,12.1,0,0.535828
1,12.2,0,0.446494
1,12.3,0,0.357165
1,12.4,0,0.267839
1,12.5,0,0.178533
1,12.6,0,0.0892667
1,12.7,0,0
1.1,0,0,0
1.1,0.1,0,0.0786145
1.1,0.2,0,0.156472
1.1,0.3,0,0.234259
1.1,0.4,0,0.312795
1.1,0.5,0,0.390947
1.1,0.6,0,0.468849
1.1,0.7,0,0.548168
1.1,0.8,0,0.627113
1.1,0.9,0,0.706139
1.1,1,0,0.786142
1.1,1.1,0,0.86558
1.1,1.2,0,0.945769
1.1,1.3,0,1.02615
1.1,1.4,0,1.10674
1.1,1.5,0,1.18725
1.1,1.6,0,1.26821
1.1,1.7,0,1.34952
1.1,1.8,0,1.43079
1.1,1.9,0,1.51221
1.1,2,0,1.59459
1.1,2.1,0,1.67586
1.1,2.2,0,1.75816
1.1,2.3,0,1.83994
1.1,2.4,0,1.92091
1.1,2.5,0,2.0039
1.1,2.6,0,2.08338
1.1,2.7,0,2.16541
1.1,2.8,0,2.24695
1.1,2.9,0,2.32785
1.1,3,0,2.41377
1.1,3.1,0,2.49951
1.1,3.2,0,2.58733
1.1,3.3,0,2.68207
1.1,3.4,0,2.77722
1.1,3.5,0,2.85931
1.1,3.6,0,2.96715
1.1,3.7,0,3.04774
1.1,3.8,0,3.13444
1.1,3.9,0,3.22705
1.1,4,0,3.29977
1.1,4.1,0,3.38916
1.1,4.2,0,3.46871
1.1,4.3,0,3.54962
1.1,4.4,0,3.6308
1.1,4.5,0,3.70868
1.1,4.6,0,3.7893
1.1,4.7,0,3.86246
1.1,4.8,0,3.93413
1.1,4.9,0,4.00519
1.1,5,0,4.08052
1.1,5.1,0,4.13775
1.1,5.2,0,4.19577
1.1,5.3,0,4.25681
1.1,5.4,0,4.30974
1.1,5.5,0,4.35923
1.1,5.6,0,4.40759
1.1,5.7,0,4.44853
1.1,5.8,0,4.48538
1.1,5.9,0,4.52013
1.1,6,0,4.54721
1.1,6.1,0,4.57069
1.1,6.2,0,4.59179
1.1,6.3,0,4.60414
1.1,6.4,0,4.61326
1.1,6.5,0,4.61962
1.1,6.6,0,4.61659
1.1,6.7,0,4.61056
1.1,6.8,0,4.60143
1.1,6.9,0,4.58327
1.1,7,0,4.56266
1.1,7.1,0,4.53876
1.1,7.2,0,4.50612
1.1,7.3,0,4.47177
1.1,7.4,0,4.43405
1.1,7.5,0,4.38828
1.1,7.6,0,4.34081
1.1,7.7,0,4.28948
1.1,7.8,0,4.23182
1.1,7.9,0,4.17575
1.1,8,0,4.11914
1.1,8.1,0,4.04293
1.1,8.2,0,3.97155
1.1,8.3,0,3.8994
1.1,8.4,0,3.82437
1.1,8.5,0,3.74534
1.1,8.6,0,3.66725
1.1,8.7,0,3.58151
1.1,8.8,0,3.50074
1.1,8.9,0,3.41318
1.1,9,0,3.33039
1.1,9.1,0,3.24471
1.1,9.2,0,3.15194
1.1,9.3,0,3.07469
1.1,9.4,0,2.96641
1.1,9.5,0,2.88891
1.1,9.6,0,2.78458
1.1,9.7,0,2.68465
1.1,9.8,0,2.59195
1.1,9.9,0,2.48877
1.1,10,0,2.3962
1.1,10.1,0,2.3063
1.1,10.2,0,2.21427
1.1,10.3,0,2.12911
1.1,10.4,0,2.04275
1.1,10.5,0,1.95496
1.1,10.6,0,1.87156
1.1,10.7,0,1.78172
1.1,10.8,0,1.69605
1.1,10.9,0,1.60637
1.1,11,0,1.51795
1.1,11.1,0,1.42893
1.1,11.2,0,1.33866
1.1,11.3,0,1.25023
1.1,11.4,0,1.15901
1.1,11.5,0,1.0705
1.1,11.6,0,0.979952
1.1,11.7,0,0.890631
1.1,11.8,0,0.80172
1.1,11.9,0,0.711554
1.1,12,0,0.623602
1.1,12.1,0,0.533333
1.1,12.2,0,0.444966
1.1,12.3,0,0.355699
1.1,12.4,0,0.26657
1.1,12.5,0,0.177976
1.1,12.6,0,0.0886504
1.1,12.7,0,0
1.2,0,0,0
1.2,0.1,0,0.0780017
1.2,0.2,0,0.155391
1.2,0.3,0,0.233177
1.2,0.4,0,0.31091
1.2,0.5,0,0.388852
1.2,0.6,0,0.466895
1.2,0.7,0,0.545078
1.2,0.8,0,0.624024
1.2,0.9,0,0.70284
1.2,1,0,0.78225
1.2,1.1,0,0.861757
1.2,1.2,0,0.941332
1.2,1.3,0,1.02171
1.2,1.4,0,1.10202
1.2,1.5,0,1.18243
1.2,1.6,0,1.26345
1.2,1.7,0,1.34453
1.2,1.8,0,1.4258
1.2,1.9,0,1.5077
1.2,2,0,1.58984
1.2,2.1,0,1.6717
1.2,2.2,0,1.75414
1.2,2.3,0,1.83592
1.2,2.4,0,1.9183
1.2,2.5,0,2.00099
1.2,2.6,0,2.08177
1.2,2.7,0,2.16385
1.2,2.8,0,2.24539
1.2,2.9,0,2.32903
1.2,3,0,2.4138
1.2,3.1,0,2.50088
1.2,3.2,0,2.5893
1.2,3.3,0,2.68404
1.2,3.4,0,2.77643
1.2,3.5,0,2.86367
1.2,3.6,0,2.96354
1.2,3.7,0,3.05546
1.2,3.8,0,3.14215
1.2,3.9,0,3.23119
1.2,4,0,3.31207
1.2,4.1,0,3.39985
1.2,4.2,0,3.48602
1.2,4.3,0,3.56693
1.2,4.4,0,3.65023
1.2,4.5,0,3.73082
1.2,4.6,0,3.81052
1.2,4.7,0,3.88931
1.2,4.8,0,3.96098
1.2,4.9,0,4.03642
1.2,5,0,4.1118
1.2,5.1,0,4.17054
1.2,5.2,0,4.23153
1.2,5.3,0,4.29255
1.2,5.4,0,4.34533
1.2,5.5,0,4.39791
1.2,5.6,0,4.44795
1.2,5.7,0,4.48833
1.2,5.8,0,4.52786
1.2,5.9,0,4.56452
1.2,6,0,4.59082
1.2,6.1,0,4.61593
1.2,6.2,0,4.63864
1.2,6.3,0,4.64993
1.2,6.4,0,4.65965
1.2,6.5,0,4.66735
1.2,6.6,0,4.66307
1.2,6.7,0,4.65691
1.2,6.8,0,4.64897
1.2,6.9,0,4.62939
1.2,7,0,4.60767
1.2,7.1,0,4.58465
1.2,7.2,0,4.55043
1.2,7.3,0,4.51385
1.2,7.4,0,4.47659
1.2,7.5,0,4.42899
1.2,7.6,0,4.37863
1.2,7.7,0,4.3277
1.2,7.8,0,4.26953
1.2,7.9,0,4.21061
1.2,8,0,4.15308
1.2,8.1,0,4.07689
1.2,8.2,0,4.00155
1.2,8.3,0,3.92837
1.2,8.4,0,3.84995
1.2,8.5,0,3.77123
1.2,8.6,0,3.68819
1.2,8.7,0,3.60302
1.2,8.8,0,3.51856
1.2,8.9,0,3.43016
1.2,9,0,3.34558
1.2,9.1,0,3.25466
1.2,9.2,0,3.16437
1.2,9.3,0,3.07529
1.2,9.4,0,2.9747
1.2,9.5,0,2.88709
1.2,9.6,0,2.78947
1.2,9.7,0,2.68865
1.2,9.8,0,2.59163
1.2,9.9,0,2.4913
1.2,10,0,2.39895
1.2,10.1,0,2.30767
1.2,10.2,0,2.21751
1.2,10.3,0,2.12998
1.2,10.4,0,2.04356
1.2,10.5,0,1.95662
1.2,10.6,0,1.8714
1.2,10.7,0,1.78235
1.2,10.8,0,1.69488
1.2,10.9,0,1.60566
1.2,11,0,1.51623
1.2,11.1,0,1.42704
1.2,11.2,0,1.33725
1.2,11.3,0,1.24809
1.2,11.4,0,1.15776
1.2,11.5,0,1.06848
1.2,11.6,0,0.978491
1.2,11.7,0,0.889073
1.2,11.8,0,0.799933
1.2,11.9,0,0.710673
1.2,12,0,0.622095
1.2,12.1,0,0.532587
1.2,12.2,0,0.443892
1.2,12.3,0,0.354888
1.2,12.4,0,0.266148
1.2,12.5,0,0.177453
1.2,12.6,0,0.0886636
1.2,12.7,0,0
1.3,0,0,0
1.3,0.1,0,0.0766298
1.3,0.2,0,0.154019
1.3,0.3,0,0.231302
1.3,0.4,0,0.309036
1.3,0.5,0,0.386411
1.3,0.6,0,0.464829
1.3,0.7,0,0.543012
1.3,0.8,0,0.620937
1.3,0.9,0,0.699754
1.3,1,0,0.777883
1.3,1.1,0,0.857625
1.3,1.2,0,0.9372
1.3,1.3,0,1.01672
1.3,1.4,0,1.09703
1.3,1.5,0,1.17706
1.3,1.6,0,1.25833
1.3,1.7,0,1.33941
1.3,1.8,0,1.42115
1.3,1.9,0,1.50304
1.3,2,0,1.58498
1.3,2.1,0,1.66797
1.3,2.2,0,1.75041
1.3,2.3,0,1.8338
1.3,2.4,0,1.91619
1.3,2.5,0,1.99796
1.3,2.6,0,2.08157
1.3,2.7,0,2.16365
1.3,2.8,0,2.24603
1.3,2.9,0,2.32967
1.3,3,0,2.4131
1.3,3.1,0,2.5005
1.3,3.2,0,2.58891
1.3,3.3,0,2.67722
1.3,3.4,0,2.76961
1.3,3.5,0,2.8685
1.3,3.6,0,2.95333
1.3,3.7,0,3.04524
1.3,3.8,0,3.13965
1.3,3.9,0,3.22869
1.3,4,0,3.32624
1.3,4.1,0,3.41028
1.3,4.2,0,3.49645
1.3,4.3,0,3.58514
1.3,4.4,0,3.66844
1.3,4.5,0,3.75487
1.3,4.6,0,3.83384
1.3,4.7,0,3.91263
1.3,4.8,0,3.9925
1.3,4.9,0,4.06793
1.3,5,0,4.14646
1.3,5.1,0,4.20915
1.3,5.2,0,4.27014
1.3,5.3,0,4.3326
1.3,5.4,0,4.38793
1.3,5.5,0,4.4405
1.3,5.6,0,4.49314
1.3,5.7,0,4.53535
1.3,5.8,0,4.57489
1.3,5.9,0,4.61402
1.3,6,0,4.64179
1.3,6.1,0,4.6669
1.3,6.2,0,4.69093
1.3,6.3,0,4.70316
1.3,6.4,0,4.71288
1.3,6.5,0,4.72075
1.3,6.6,0,4.71656
1.3,6.7,0,4.7104
1.3,6.8,0,4.70206
1.3,6.9,0,4.68181
1.3,7,0,4.66009
1.3,7.1,0,4.63572
1.3,7.2,0,4.60027
1.3,7.3,0,4.5637
1.3,7.4,0,4.5239
1.3,7.5,0,4.47387
1.3,7.6,0,4.42352
1.3,7.7,0,4.37027
1.3,7.8,0,4.30867
1.3,7.9,0,4.24975
1.3,8,0,4.19082
1.3,8.1,0,4.11072
1.3,8.2,0,4.03519
1.3,8.3,0,3.956
1.3,8.4,0,3.87757
1.3,8.5,0,3.79536
1.3,8.6,0,3.70998
1.3,8.7,0,3.62637
1.3,8.8,0,3.53409
1.3,8.9,0,3.44622
1.3,9,0,3.35095
1.3,9.1,0,3.26002
1.3,9.2,0,3.16749
1.3,9.3,0,3.06842
1.3,9.4,0,2.98079
1.3,9.5,0,2.87469
1.3,9.6,0,2.77781
1.3,9.7,0,2.68145
1.3,9.8,0,2.58442
1.3,9.9,0,2.49249
1.3,10,0,2.39949
1.3,10.1,0,2.30824
1.3,10.2,0,2.22234
1.3,10.3,0,2.13481
1.3,10.4,0,2.04854
1.3,10.5,0,1.96159
1.3,10.6,0,1.87185
1.3,10.7,0,1.78492
1.3,10.8,0,1.69508
1.3,10.9,0,1.60612
1.3,11,0,1.51669
1.3,11.1,0,1.42642
1.3,11.2,0,1.3367
1.3,11.3,0,1.24582
1.3,11.4,0,1.15724
1.3,11.5,0,1.06694
1.3,11.6,0,0.978247
1.3,11.7,0,0.888829
1.3,11.8,0,0.799233
1.3,11.9,0,0.710275
1.3,12,0,0.620246
1.3,12.1,0,0.532393
1.3,12.2,0,0.44322
1.3,12.3,0,0.354873
1.3,12.4,0,0.266133
1.3,12.5,0,0.177309
1.3,12.6,0,0.0887476
1.3,12.7,0,0
1.4,0,0,0
1.4,0.1,0,0.0758708
1.4,0.2,0,0.152533
1.4,0.3,0,0.229817
1.4,0.4,0,0.306606
1.4,0.5,0,0.383624
1.4,0.6,0,0.462277
1.4,0.7,0,0.539118
1.4,0.8,0,0.617042
1.4,0.9,0,0.695598
1.4,1,0,0.77304
1.4,1.1,0,0.85295
1.4,1.2,0,0.931618
1.4,1.3,0,1.01114
1.4,1.4,0,1.09141
1.4,1.5,0,1.17116
1.4,1.6,0,1.25261
1.4,1.7,0,1.33375
1.4,1.8,0,1.41548
1.4,1.9,0,1.49803
1.4,2,0,1.58001
1.4,2.1,0,1.66355
1.4,2.2,0,1.74634
1.4,2.3,0,1.82974
1.4,2.4,0,1.91365
1.4,2.5,0,1.99479
1.4,2.6,0,2.07994
1.4,2.7,0,2.16122
1.4,2.8,0,2.24361
1.4,2.9,0,2.32843
1.4,3,0,2.41165
1.4,3.1,0,2.49802
1.4,3.2,0,2.58966
1.4,3.3,0,2.67796
1.4,3.4,0,2.76842
1.4,3.5,0,2.8738
1.4,3.6,0,2.95155
1.4,3.7,0,3.05626
1.4,3.8,0,3.15068
1.4,3.9,0,3.23621
1.4,4,0,3.34227
1.4,4.1,0,3.4242
1.4,4.2,0,3.51717
1.4,4.3,0,3.60586
1.4,4.4,0,3.69128
1.4,4.5,0,3.78083
1.4,4.6,0,3.85999
1.4,4.7,0,3.94446
1.4,4.8,0,4.02433
1.4,4.9,0,4.10287
1.4,5,0,4.18448
1.4,5.1,0,4.24831
1.4,5.2,0,4.31352
1.4,5.3,0,4.37695
1.4,5.4,0,4.43412
1.4,5.5,0,4.49046
1.4,5.6,0,4.54314
1.4,5.7,0,4.58716
1.4,5.8,0,4.62974
1.4,5.9,0,4.66861
1.4,6,0,4.69815
1.4,6.1,0,4.72536
1.4,6.2,0,4.74866
1.4,6.3,0,4.76257
1.4,6.4,0,4.77318
1.4,6.5,0,4.77982
1.4,6.6,0,4.77695
1.4,6.7,0,4.7705
1.4,6.8,0,4.76069
1.4,6.9,0,4.74142
1.4,7,0,4.71812
1.4,7.1,0,4.69197
1.4,7.2,0,4.65729
1.4,7.3,0,4.61792
1.4,7.4,0,4.57597
1.4,7.5,0,4.52617
1.4,7.6,0,4.47239
1.4,7.7,0,4.4172
1.4,7.8,0,4.35382
1.4,7.9,0,4.2913
1.4,8,0,4.23235
1.4,8.1,0,4.14773
1.4,8.2,0,4.07135
1.4,8.3,0,3.9911
1.4,8.4,0,3.90822
1.4,8.5,0,3.82601
1.4,8.6,0,3.73546
1.4,8.7,0,3.65193
1.4,8.8,0,3.55525
1.4,8.9,0,3.4674
1.4,9,0,3.37012
1.4,9.1,0,3.27359
1.4,9.2,0,3.184
1.4,9.3,0,3.07219
1.4,9.4,0,2.99169
1.4,9.5,0,2.87557
1.4,9.6,0,2.78258
1.4,9.7,0,2.68506
1.4,9.8,0,2.58184
1.4,9.9,0,2.49328
1.4,10,0,2.39834
1.4,10.1,0,2.30804
1.4,10.2,0,2.22369
1.4,10.3,0,2.13457
1.4,10.4,0,2.04836
1.4,10.5,0,1.96332
1.4,10.6,0,1.87095
1.4,10.7,0,1.78588
1.4,10.8,0,1.69315
1.4,10.9,0,1.60513
1.4,11,0,1.51411
1.4,11.1,0,1.42352
1.4,11.2,0,1.33463
1.4,11.3,0,1.24244
1.4,11.4,0,1.15523
1.4,11.5,0,1.06356
1.4,11.6,0,0.975773
1.4,11.7,0,0.886133
1.4,11.8,0,0.796161
1.4,11.9,0,0.708704
1.4,12,0,0.617662
1.4,12.1,0,0.531023
1.4,12.2,0,0.441261
1.4,12.3,0,0.353385
1.4,12.4,0,0.265247
1.4,12.5,0,0.176222
1.4,12.6,0,0.0887156
1.4,12.7,0,0
1.5,0,0,0
1.5,0.1,0,0.075903
1.5,0.2,0,0.151806
1.5,0.3,0,0.227973
1.5,0.4,0,0.304405
1.5,0.5,0,0.380836
1.5,0.6,0,0.457912
1.5,0.7,0,0.534988
1.5,0.8,0,0.61246
1.5,0.9,0,0.690328
1.5,1,0,0.768197
1.5,1.1,0,0.847033
1.5,1.2,0,0.925868
1.5,1.3,0,1.00528
1.5,1.4,0,1.08527
1.5,1.5,0,1.16525
1.5,1.6,0,1.24658
1.5,1.7,0,1.3279
1.5,1.8,0,1.40986
1.5,1.9,0,1.49245
1.5,2,0,1.57503
1.5,2.1,0,1.65838
1.5,2.2,0,1.74172
1.5,2.3,0,1.82504
1.5,2.4,0,1.90834
1.5,2.5,0,1.99163
1.5,2.6,0,2.07445
1.5,2.7,0,2.15727
1.5,2.8,0,2.24098
1.5,2.9,0,2.32559
1.5,3,0,2.4102
1.5,3.1,0,2.50081
1.5,3.2,0,2.59142
1.5,3.3,0,2.6852
1.5,3.4,0,2.78215
1.5,3.5,0,2.8791
1.5,3.6,0,2.97674
1.5,3.7,0,3.07437
1.5,3.8,0,3.17021
1.5,3.9,0,3.26426
1.5,4,0,3.3583
1.5,4.1,0,3.44916
1.5,4.2,0,3.54002
1.5,4.3,0,3.62972
1.5,4.4,0,3.71826
1.5,4.5,0,3.8068
1.5,4.6,0,3.89145
1.5,4.7,0,3.9761
1.5,4.8,0,4.05925
1.5,4.9,0,4.14088
1.5,5,0,4.22251
1.5,5.1,0,4.28878
1.5,5.2,0,4.35504
1.5,5.3,0,4.42131
1.5,5.4,0,4.47859
1.5,5.5,0,4.53587
1.5,5.6,0,4.59316
1.5,5.7,0,4.6365
1.5,5.8,0,4.67985
1.5,5.9,0,4.7232
1.5,6,0,4.75093
1.5,6.1,0,4.77866
1.5,6.2,0,4.8064
1.5,6.3,0,4.81723
1.5,6.4,0,4.82806
1.5,6.5,0,4.83889
1.5,6.6,0,4.83237
1.5,6.7,0,4.82585
1.5,6.8,0,4.81933
1.5,6.9,0,4.79563
1.5,7,0,4.77193
1.5,7.1,0,4.74823
1.5,7.2,0,4.70817
1.5,7.3,0,4.66811
1.5,7.4,0,4.62805
1.5,7.5,0,4.57341
1.5,7.6,0,4.51877
1.5,7.7,0,4.46413
1.5,7.8,0,4.40072
1.5,7.9,0,4.3373
1.5,8,0,4.27388
1.5,8.1,0,4.19225
1.5,8.2,0,4.11062
1.5,8.3,0,4.02726
1.5,8.4,0,3.94298
1.5,8.5,0,3.8571
1.5,8.6,0,3.76747
1.5,8.7,0,3.67784
1.5,8.8,0,3.58515
1.5,8.9,0,3.4923
1.5,9,0,3.39761
1.5,9.1,0,3.30172
1.5,9.2,0,3.2048
1.5,9.3,0,3.10485
1.5,9.4,0,3.00489
1.5,9.5,0,2.90155
1.5,9.6,0,2.79782
1.5,9.7,0,2.69545
1.5,9.8,0,2.5942
1.5,9.9,0,2.49457
1.5,10,0,2.40147
1.5,10.1,0,2.30837
1.5,10.2,0,2.21986
1.5,10.3,0,2.13215
1.5,10.4,0,2.04454
1.5,10.5,0,1.95702
1.5,10.6,0,1.86921
1.5,10.7,0,1.77977
1.5,10.8,0,1.69033
1.5,10.9,0,1.60008
1.5,11,0,1.50963
1.5,11.1,0,1.41926
1.5,11.2,0,1.32899
1.5,11.3,0,1.23877
1.5,11.4,0,1.14912
1.5,11.5,0,1.05946
1.5,11.6,0,0.970227
1.5,11.7,0,0.881132
1.5,11.8,0,0.792223
1.5,11.9,0,0.703596
1.5,12,0,0.61499
1.5,12.1,0,0.526781
1.5,12.2,0,0.438573
1.5,12.3,0,0.350641
1.5,12.4,0,0.262828
1.5,12.5,0,0.175106
1.5,12.6,0,0.0875532
1.5,12.7,0,0
1.6,0,0,0
1.6,0.1,0,0.0754941
1.6,0.2,0,0.151096
1.6,0.3,0,0.22606
1.6,0.4,0,0.301588
1.6,0.5,0,0.378504
1.6,0.6,0,0.452874
1.6,0.7,0,0.530697
1.6,0.8,0,0.607598
1.6,0.9,0,0.684147
1.6,1,0,0.763712
1.6,1.1,0,0.840093
1.6,1.2,0,0.919836
1.6,1.3,0,0.999005
1.6,1.4,0,1.07784
1.6,1.5,0,1.15982
1.6,1.6,0,1.23915
1.6,1.7,0,1.32147
1.6,1.8,0,1.40379
1.6,1.9,0,1.48573
1.6,2,0,1.56994
1.6,2.1,0,1.65281
1.6,2.2,0,1.73673
1.6,2.3,0,1.82042
1.6,2.4,0,1.90352
1.6,2.5,0,1.98804
1.6,2.6,0,2.0694
1.6,2.7,0,2.15335
1.6,2.8,0,2.23616
1.6,2.9,0,2.31872
1.6,3,0,2.40786
1.6,3.1,0,2.49564
1.6,3.2,0,2.58824
1.6,3.3,0,2.68911
1.6,3.4,0,2.79116
1.6,3.5,0,2.8808
1.6,3.6,0,3.00529
1.6,3.7,0,3.09163
1.6,3.8,0,3.18911
1.6,3.9,0,3.29611
1.6,4,0,3.37035
1.6,4.1,0,3.4767
1.6,4.2,0,3.5636
1.6,4.3,0,3.65404
1.6,4.4,0,3.74729
1.6,4.5,0,3.83434
1.6,4.6,0,3.92863
1.6,4.7,0,4.01243
1.6,4.8,0,4.09614
1.6,4.9,0,4.17921
1.6,5,0,4.26612
1.6,5.1,0,4.33506
1.6,5.2,0,4.40272
1.6,5.3,0,4.47323
1.6,5.4,0,4.5374
1.6,5.5,0,4.59593
1.6,5.6,0,4.65255
1.6,5.7,0,4.7022
1.6,5.8,0,4.74652
1.6,5.9,0,4.78843
1.6,6,0,4.82192
1.6,6.1,0,4.8503
1.6,6.2,0,4.8755
1.6,6.3,0,4.89115
1.6,6.4,0,4.90226
1.6,6.5,0,4.90967
1.6,6.6,0,4.90709
1.6,6.7,0,4.90045
1.6,6.8,0,4.88937
1.6,6.9,0,4.86875
1.6,7,0,4.84455
1.6,7.1,0,4.8153
1.6,7.2,0,4.77656
1.6,7.3,0,4.7357
1.6,7.4,0,4.69029
1.6,7.5,0,4.63579
1.6,7.6,0,4.58005
1.6,7.7,0,4.51976
1.6,7.8,0,4.45318
1.6,7.9,0,4.38848
1.6,8,0,4.32179
1.6,8.1,0,4.23547
1.6,8.2,0,4.15214
1.6,8.3,0,4.06911
1.6,8.4,0,3.98313
1.6,8.5,0,3.8913
1.6,8.6,0,3.80325
1.6,8.7,0,3.70473
1.6,8.8,0,3.61733
1.6,8.9,0,3.51721
1.6,9,0,3.42671
1.6,9.1,0,3.33196
1.6,9.2,0,3.22441
1.6,9.3,0,3.14168
1.6,9.4,0,3.01606
1.6,9.5,0,2.93018
1.6,9.6,0,2.81405
1.6,9.7,0,2.70111
1.6,9.8,0,2.60024
1.6,9.9,0,2.49478
1.6,10,0,2.39679
1.6,10.1,0,2.30861
1.6,10.2,0,2.21405
1.6,10.3,0,2.12923
1.6,10.4,0,2.04249
1.6,10.5,0,1.9526
1.6,10.6,0,1.86864
1.6,10.7,0,1.77531
1.6,10.8,0,1.68845
1.6,10.9,0,1.59536
1.6,11,0,1.50556
1.6,11.1,0,1.41504
1.6,11.2,0,1.32281
1.6,11.3,0,1.23538
1.6,11.4,0,1.14243
1.6,11.5,0,1.05521
1.6,11.6,0,0.964306
1.6,11.7,0,0.875728
1.6,11.8,0,0.787951
1.6,11.9,0,0.698079
1.6,12,0,0.611949
1.6,12.1,0,0.52216
1.6,12.2,0,0.4356
1.6,12.3,0,0.347565
1.6,12.4,0,0.260132
1.6,12.5,0,0.173893
1.6,12.6,0,0.0862668
1.6,12.7,0,0
1.7,0,0,0
1.7,0.1,0,0.0751935
1.7,0.2,0,0.150086
1.7,0.3,0,0.22505
1.7,0.4,0,0.300159
1.7,0.5,0,0.376172
1.7,0.6,0,0.45129
1.7,0.7,0,0.527155
1.7,0.8,0,0.604056
1.7,0.9,0,0.680982
1.7,1,0,0.759228
1.7,1.1,0,0.836516
1.7,1.2,0,0.914711
1.7,1.3,0,0.99388
1.7,1.4,0,1.07356
1.7,1.5,0,1.15438
1.7,1.6,0,1.23471
1.7,1.7,0,1.31604
1.7,1.8,0,1.39836
1.7,1.9,0,1.48128
1.7,2,0,1.56485
1.7,2.1,0,1.64829
1.7,2.2,0,1.73229
1.7,2.3,0,1.81598
1.7,2.4,0,1.90012
1.7,2.5,0,1.98445
1.7,2.6,0,2.06695
1.7,2.7,0,2.15058
1.7,2.8,0,2.23338
1.7,2.9,0,2.31843
1.7,3,0,2.40552
1.7,3.1,0,2.49529
1.7,3.2,0,2.58706
1.7,3.3,0,2.68792
1.7,3.4,0,2.78776
1.7,3.5,0,2.8825
1.7,3.6,0,2.99569
1.7,3.7,0,3.09758
1.7,3.8,0,3.19507
1.7,3.9,0,3.29521
1.7,4,0,3.38239
1.7,4.1,0,3.48479
1.7,4.2,0,3.58323
1.7,4.3,0,3.67367
1.7,4.4,0,3.77012
1.7,4.5,0,3.86187
1.7,4.6,0,3.95531
1.7,4.7,0,4.0479
1.7,4.8,0,4.13161
1.7,4.9,0,4.22139
1.7,5,0,4.30973
1.7,5.1,0,4.38037
1.7,5.2,0,4.45357
1.7,5.3,0,4.52515
1.7,5.4,0,4.58906
1.7,5.5,0,4.65257
1.7,5.6,0,4.71195
1.7,5.7,0,4.76102
1.7,5.8,0,4.80924
1.7,5.9,0,4.85367
1.7,6,0,4.88614
1.7,6.1,0,4.9171
1.7,6.2,0,4.94461
1.7,6.3,0,4.95889
1.7,6.4,0,4.97111
1.7,6.5,0,4.98045
1.7,6.6,0,4.97604
1.7,6.7,0,4.96891
1.7,6.8,0,4.9594
1.7,6.9,0,4.93656
1.7,7,0,4.91039
1.7,7.1,0,4.88237
1.7,7.2,0,4.84149
1.7,7.3,0,4.79741
1.7,7.4,0,4.75254
1.7,7.5,0,4.69578
1.7,7.6,0,4.63562
1.7,7.7,0,4.57539
1.7,7.8,0,4.5075
1.7,7.9,0,4.43765
1.7,8,0,4.3697
1.7,8.1,0,4.28156
1.7,8.2,0,4.19266
1.7,8.3,0,4.10791
1.7,8.4,0,4.01613
1.7,8.5,0,3.92477
1.7,8.6,0,3.82931
1.7,8.7,0,3.73112
1.7,8.8,0,3.63732
1.7,8.9,0,3.53674
1.7,9,0,3.44332
1.7,9.1,0,3.34085
1.7,9.2,0,3.23777
1.7,9.3,0,3.13895
1.7,9.4,0,3.02417
1.7,9.5,0,2.9266
1.7,9.6,0,2.81803
1.7,9.7,0,2.70464
1.7,9.8,0,2.60077
1.7,9.9,0,2.49631
1.7,10,0,2.40115
1.7,10.1,0,2.30977
1.7,10.2,0,2.21835
1.7,10.3,0,2.13067
1.7,10.4,0,2.04384
1.7,10.5,0,1.95524
1.7,10.6,0,1.86881
1.7,10.7,0,1.77682
1.7,10.8,0,1.68726
1.7,10.9,0,1.59524
1.7,11,0,1.50362
1.7,11.1,0,1.41276
1.7,11.2,0,1.32165
1.7,11.3,0,1.23237
1.7,11.4,0,1.14102
1.7,11.5,0,1.05183
1.7,11.6,0,0.96189
1.7,11.7,0,0.872818
1.7,11.8,0,0.784599
1.7,11.9,0,0.696206
1.7,12,0,0.608997
1.7,12.1,0,0.520506
1.7,12.2,0,0.433399
1.7,12.3,0,0.345904
1.7,12.4,0,0.259187
1.7,12.5,0,0.172723
1.7,12.6,0,0.0862502
1.7,12.7,0,0
1.8,0,0,0
1.8,0.1,0,0.0746603
1.8,0.2,0,0.149553
1.8,0.3,0,0.224239
1.8,0.4,0,0.299349
1.8,0.5,0,0.373373
1.8,0.6,0,0.449983
1.8,0.7,0,0.525848
1.8,0.8,0,0.601621
1.8,0.9,0,0.678547
1.8,1,0,0.754262
1.8,1.1,0,0.833167
1.8,1.2,0,0.911362
1.8,1.3,0,0.98994
1.8,1.4,0,1.06962
1.8,1.5,0,1.14795
1.8,1.6,0,1.23043
1.8,1.7,0,1.31176
1.8,1.8,0,1.39381
1.8,1.9,0,1.47674
1.8,2,0,1.55833
1.8,2.1,0,1.64399
1.8,2.2,0,1.72799
1.8,2.3,0,1.81298
1.8,2.4,0,1.89712
1.8,2.5,0,1.9792
1.8,2.6,0,2.06593
1.8,2.7,0,2.14956
1.8,2.8,0,2.23342
1.8,2.9,0,2.31846
1.8,3,0,2.40121
1.8,3.1,0,2.49194
1.8,3.2,0,2.5837
1.8,3.3,0,2.67636
1.8,3.4,0,2.77619
1.8,3.5,0,2.88382
1.8,3.6,0,2.9758
1.8,3.7,0,3.07769
1.8,3.8,0,3.18196
1.8,3.9,0,3.28209
1.8,4,0,3.39694
1.8,4.1,0,3.48988
1.8,4.2,0,3.58831
1.8,4.3,0,3.69283
1.8,4.4,0,3.78928
1.8,4.5,0,3.89112
1.8,4.6,0,3.98398
1.8,4.7,0,4.07657
1.8,4.8,0,4.17233
1.8,4.9,0,4.26211
1.8,5,0,4.3564
1.8,5.1,0,4.43214
1.8,5.2,0,4.50533
1.8,5.3,0,4.581
1.8,5.4,0,4.64874
1.8,5.5,0,4.71225
1.8,5.6,0,4.77604
1.8,5.7,0,4.82851
1.8,5.8,0,4.87672
1.8,5.9,0,4.92428
1.8,6,0,4.95925
1.8,6.1,0,4.99021
1.8,6.2,0,5.01958
1.8,6.3,0,5.03547
1.8,6.4,0,5.04769
1.8,6.5,0,5.05726
1.8,6.6,0,5.053
1.8,6.7,0,5.04586
1.8,6.8,0,5.03541
1.8,6.9,0,5.01113
1.8,7,0,4.98495
1.8,7.1,0,4.95503
1.8,7.2,0,4.91244
1.8,7.3,0,4.86836
1.8,7.4,0,4.81967
1.8,7.5,0,4.76024
1.8,7.6,0,4.70009
1.8,7.7,0,4.63509
1.8,7.8,0,4.56183
1.8,7.9,0,4.49198
1.8,8,0,4.42105
1.8,8.1,0,4.32576
1.8,8.2,0,4.23665
1.8,8.3,0,4.14262
1.8,8.4,0,4.05083
1.8,8.5,0,3.95428
1.8,8.6,0,3.85528
1.8,8.7,0,3.75962
1.8,8.8,0,3.65198
1.8,8.9,0,3.55255
1.8,9,0,3.44294
1.8,9.1,0,3.34047
1.8,9.2,0,3.23775
1.8,9.3,0,3.12524
1.8,9.4,0,3.02771
1.8,9.5,0,2.90992
1.8,9.6,0,2.80215
1.8,9.7,0,2.69855
1.8,9.8,0,2.59468
1.8,9.9,0,2.49695
1.8,10,0,2.40353
1.8,10.1,0,2.31024
1.8,10.2,0,2.22678
1.8,10.3,0,2.13911
1.8,10.4,0,2.05146
1.8,10.5,0,1.96286
1.8,10.6,0,1.8693
1.8,10.7,0,1.78105
1.8,10.8,0,1.68763
1.8,10.9,0,1.59702
1.8,11,0,1.5054
1.8,11.1,0,1.41317
1.8,11.2,0,1.32223
1.8,11.3,0,1.2294
1.8,11.4,0,1.14085
1.8,11.5,0,1.05002
1.8,11.6,0,0.961297
1.8,11.7,0,0.872225
1.8,11.8,0,0.783108
1.8,11.9,0,0.695038
1.8,12,0,0.606457
1.8,12.1,0,0.51961
1.8,12.2,0,0.432129
1.8,12.3,0,0.345625
1.8,12.4,0,0.258908
1.8,12.5,0,0.172481
1.8,12.6,0,0.0862682
1.8,12.7,0,0
1.9,0,0,0
1.9,0.1,0,0.0744278
1.9,0.2,0,0.147577
1.9,0.3,0,0.222263
1.9,0.4,0,0.297168
1.9,0.5,0,0.370106
1.9,0.6,0,0.447461
1.9,0.7,0,0.521513
1.9,0.8,0,0.597285
1.9,0.9,0,0.674311
1.9,1,0,0.748816
1.9,1.1,0,0.82843
1.9,1.2,0,0.904816
1.9,1.3,0,0.983394
1.9,1.4,0,1.06353
1.9,1.5,0,1.14051
1.9,1.6,0,1.22414
1.9,1.7,0,1.30384
1.9,1.8,0,1.3859
1.9,1.9,0,1.47012
1.9,2,0,1.55039
1.9,2.1,0,1.6377
1.9,2.2,0,1.72044
1.9,2.3,0,1.80543
1.9,2.4,0,1.89226
1.9,2.5,0,1.9723
1.9,2.6,0,2.06213
1.9,2.7,0,2.14314
1.9,2.8,0,2.22699
1.9,2.9,0,2.31448
1.9,3,0,2.39493
1.9,3.1,0,2.48462
1.9,3.2,0,2.57877
1.9,3.3,0,2.67143
1.9,3.4,0,2.76935
1.9,3.5,0,2.88475
1.9,3.6,0,2.96683
1.9,3.7,0,3.08736
1.9,3.8,0,3.19162
1.9,3.9,0,3.28444
1.9,4,0,3.414
1.9,4.1,0,3.50143
1.9,4.2,0,3.61182
1.9,4.3,0,3.71634
1.9,4.4,0,3.81485
1.9,4.5,0,3.92207
1.9,4.6,0,4.01521
1.9,4.7,0,4.11646
1.9,4.8,0,4.21223
1.9,4.9,0,4.30731
1.9,5,0,4.40612
1.9,5.1,0,4.48357
1.9,5.2,0,4.56346
1.9,5.3,0,4.64078
1.9,5.4,0,4.71134
1.9,5.5,0,4.78085
1.9,5.6,0,4.84482
1.9,5.7,0,4.90013
1.9,5.8,0,4.95314
1.9,5.9,0,5.00026
1.9,6,0,5.0379
1.9,6.1,0,5.0721
1.9,6.2,0,5.10042
1.9,6.3,0,5.11875
1.9,6.4,0,5.13232
1.9,6.5,0,5.14013
1.9,6.6,0,5.13777
1.9,6.7,0,5.13004
1.9,6.8,0,5.11738
1.9,6.9,0,5.09436
1.9,7,0,5.06572
1.9,7.1,0,5.0333
1.9,7.2,0,4.9917
1.9,7.3,0,4.94345
1.9,7.4,0,4.89169
1.9,7.5,0,4.83275
1.9,7.6,0,4.7671
1.9,7.7,0,4.69888
1.9,7.8,0,4.62334
1.9,7.9,0,4.5475
1.9,8,0,4.47584
1.9,8.1,0,4.3742
1.9,8.2,0,4.28287
1.9,8.3,0,4.18724
1.9,8.4,0,4.08887
1.9,8.5,0,3.99238
1.9,8.6,0,3.88561
1.9,8.7,0,3.79083
1.9,8.8,0,3.67532
1.9,8.9,0,3.57774
1.9,9,0,3.46477
1.9,9.1,0,3.35319
1.9,9.2,0,3.25549
1.9,9.3,0,3.12495
1.9,9.4,0,3.03599
1.9,9.5,0,2.90714
1.9,9.6,0,2.80225
1.9,9.7,0,2.69773
1.9,9.8,0,2.58903
1.9,9.9,0,2.49411
1.9,10,0,2.40104
1.9,10.1,0,2.30821
1.9,10.2,0,2.22879
1.9,10.3,0,2.13769
1.9,10.4,0,2.05008
1.9,10.5,0,1.96486
1.9,10.6,0,1.86657
1.9,10.7,0,1.78196
1.9,10.8,0,1.68381
1.9,10.9,0,1.59513
1.9,11,0,1.50147
1.9,11.1,0,1.40872
1.9,11.2,0,1.31987
1.9,11.3,0,1.22495
1.9,11.4,0,1.13838
1.9,11.5,0,1.04601
1.9,11.6,0,0.958179
1.9,11.7,0,0.869207
1.9,11.8,0,0.77977
1.9,11.9,0,0.692996
1.9,12,0,0.603939
1.9,12.1,0,0.51782
1.9,12.2,0,0.430467
1.9,12.3,0,0.344231
1.9,12.4,0,0.258132
1.9,12.5,0,0.171656
1.9,12.6,0,0.0861754
1.9,12.7,0,0
2,0,0,0
2,0.1,0,0.0729169
2,0.2,0,0.145834
2,0.3,0,0.219202
2,0.4,0,0.293021
2,0.5,0,0.36684
2,0.6,0,0.441636
2,0.7,0,0.516433
2,0.8,0,0.591739
2,0.9,0,0.667554
2,1,0,0.743369
2,1.1,0,0.820465
2,1.2,0,0.897561
2,1.3,0,0.9755
2,1.4,0,1.05428
2,1.5,0,1.13307
2,1.6,0,1.21392
2,1.7,0,1.29478
2,1.8,0,1.37665
2,1.9,0,1.45955
2,2,0,1.54245
2,2.1,0,1.62684
2,2.2,0,1.71124
2,2.3,0,1.79582
2,2.4,0,1.88061
2,2.5,0,1.96539
2,2.6,0,2.0495
2,2.7,0,2.13361
2,2.8,0,2.21826
2,2.9,0,2.30346
2,3,0,2.38865
2,3.1,0,2.48176
2,3.2,0,2.57488
2,3.3,0,2.67428
2,3.4,0,2.77999
2,3.5,0,2.88569
2,3.6,0,2.99631
2,3.7,0,3.10692
2,3.8,0,3.216
2,3.9,0,3.32353
2,4,0,3.43106
2,4.1,0,3.53595
2,4.2,0,3.64084
2,4.3,0,3.74523
2,4.4,0,3.84913
2,4.5,0,3.95303
2,4.6,0,4.05455
2,4.7,0,4.15608
2,4.8,0,4.25664
2,4.9,0,4.35624
2,5,0,4.45585
2,5.1,0,4.53742
2,5.2,0,4.61899
2,5.3,0,4.70056
2,5.4,0,4.77158
2,5.5,0,4.84259
2,5.6,0,4.9136
2,5.7,0,4.96782
2,5.8,0,5.02203
2,5.9,0,5.07624
2,6,0,5.11125
2,6.1,0,5.14626
2,6.2,0,5.18126
2,6.3,0,5.19517
2,6.4,0,5.20908
2,6.5,0,5.22299
2,6.6,0,5.21511
2,6.7,0,5.20723
2,6.8,0,5.19935
2,6.9,0,5.17009
2,7,0,5.14083
2,7.1,0,5.11156
2,7.2,0,5.06228
2,7.3,0,5.01299
2,7.4,0,4.96371
2,7.5,0,4.89669
2,7.6,0,4.82968
2,7.7,0,4.76267
2,7.8,0,4.68532
2,7.9,0,4.60797
2,8,0,4.53063
2,8.1,0,4.43201
2,8.2,0,4.3334
2,8.3,0,4.23361
2,8.4,0,4.13318
2,8.5,0,4.03154
2,8.6,0,3.92706
2,8.7,0,3.82259
2,8.8,0,3.71614
2,8.9,0,3.60959
2,9,0,3.50073
2,9.1,0,3.39034
2,9.2,0,3.27864
2,9.3,0,3.16305
2,9.4,0,3.04745
2,9.5,0,2.93076
2,9.6,0,2.81394
2,9.7,0,2.70252
2,9.8,0,2.59552
2,9.9,0,2.49139
2,10,0,2.39876
2,10.1,0,2.30613
2,10.2,0,2.21799
2,10.3,0,2.13064
2,10.4,0,2.04213
2,10.5,0,1.95246
2,10.6,0,1.86244
2,10.7,0,1.77039
2,10.8,0,1.67834
2,10.9,0,1.58609
2,11,0,1.4938
2,11.1,0,1.40208
2,11.2,0,1.31104
2,11.3,0,1.22015
2,11.4,0,1.13058
2,11.5,0,1.041
2,11.6,0,0.952334
2,11.7,0,0.863971
2,11.8,0,0.776021
2,11.9,0,0.688689
2,12,0,0.601399
2,12.1,0,0.514901
2,12.2,0,0.428404
2,12.3,0,0.342376
2,12.4,0,0.256549
2,12.5,0,0.170861
2,12.6,0,0.0854307
2,12.7,0,0
2.1,0,0,0
2.1,0.1,0,0.070672
2.1,0.2,0,0.143768
2.1,0.3,0,0.21565
2.1,0.4,0,0.287803
2.1,0.5,0,0.36268
2.1,0.6,0,0.434927
2.1,0.7,0,0.510019
2.1,0.8,0,0.584725
2.1,0.9,0,0.659645
2.1,1,0,0.735823
2.1,1.1,0,0.811089
2.1,1.2,0,0.8886
2.1,1.3,0,0.965625
2.1,1.4,0,1.04308
2.1,1.5,0,1.12385
2.1,1.6,0,1.20153
2.1,1.7,0,1.28375
2.1,1.8,0,1.36559
2.1,1.9,0,1.44707
2.1,2,0,1.53265
2.1,2.1,0,1.61489
2.1,2.2,0,1.70056
2.1,2.3,0,1.78546
2.1,2.4,0,1.86927
2.1,2.5,0,1.95709
2.1,2.6,0,2.03791
2.1,2.7,0,2.12425
2.1,2.8,0,2.20758
2.1,2.9,0,2.28923
2.1,3,0,2.38141
2.1,3.1,0,2.46627
2.1,3.2,0,2.56339
2.1,3.3,0,2.66959
2.1,3.4,0,2.77808
2.1,3.5,0,2.8804
2.1,3.6,0,3.0285
2.1,3.7,0,3.12295
2.1,3.8,0,3.2372
2.1,3.9,0,3.36608
2.1,4,0,3.43875
2.1,4.1,0,3.5723
2.1,4.2,0,3.6679
2.1,4.3,0,3.77133
2.1,4.4,0,3.88356
2.1,4.5,0,3.98223
2.1,4.6,0,4.09849
2.1,4.7,0,4.19858
2.1,4.8,0,4.30126
2.1,4.9,0,4.40442
2.1,5,0,4.50922
2.1,5.1,0,4.5974
2.1,5.2,0,4.6811
2.1,5.3,0,4.76675
2.1,5.4,0,4.84848
2.1,5.5,0,4.92146
2.1,5.6,0,4.99158
2.1,5.7,0,5.05504
2.1,5.8,0,5.11076
2.1,5.9,0,5.16328
2.1,6,0,5.20685
2.1,6.1,0,5.24282
2.1,6.2,0,5.27407
2.1,6.3,0,5.29538
2.1,6.4,0,5.30969
2.1,6.5,0,5.31824
2.1,6.6,0,5.31631
2.1,6.7,0,5.30823
2.1,6.8,0,5.29344
2.1,6.9,0,5.26881
2.1,7,0,5.23879
2.1,7.1,0,5.20108
2.1,7.2,0,5.15381
2.1,7.3,0,5.10327
2.1,7.4,0,5.04573
2.1,7.5,0,4.97869
2.1,7.6,0,4.90996
2.1,7.7,0,4.83441
2.1,7.8,0,4.75291
2.1,7.9,0,4.67361
2.1,8,0,4.59061
2.1,8.1,0,4.48734
2.1,8.2,0,4.38475
2.1,8.3,0,4.28492
2.1,8.4,0,4.182
2.1,8.5,0,4.07153
2.1,8.6,0,3.97022
2.1,8.7,0,3.85129
2.1,8.8,0,3.75915
2.1,8.9,0,3.63825
2.1,9,0,3.53732
2.1,9.1,0,3.42994
2.1,9.2,0,3.29737
2.1,9.3,0,3.20589
2.1,9.4,0,3.05536
2.1,9.5,0,2.95183
2.1,9.6,0,2.82437
2.1,9.7,0,2.69791
2.1,9.8,0,2.58876
2.1,9.9,0,2.48816
2.1,10,0,2.38543
2.1,10.1,0,2.30375
2.1,10.2,0,2.20839
2.1,10.3,0,2.12412
2.1,10.4,0,2.03581
2.1,10.5,0,1.94283
2.1,10.6,0,1.85731
2.1,10.7,0,1.76009
2.1,10.8,0,1.67156
2.1,10.9,0,1.57606
2.1,11,0,1.4848
2.1,11.1,0,1.39363
2.1,11.2,0,1.30066
2.1,11.3,0,1.21336
2.1,11.4,0,1.12155
2.1,11.5,0,1.03413
2.1,11.6,0,0.945222
2.1,11.7,0,0.85736
2.1,11.8,0,0.770785
2.1,11.9,0,0.683502
2.1,12,0,0.597238
2.1,12.1,0,0.511294
2.1,12.2,0,0.425268
2.1,12.3,0,0.339774
2.1,12.4,0,0.254363
2.1,12.5,0,0.169582
2.1,12.6,0,0.0845149
2.1,12.7,0,0
2.2,0,0,0
2.2,0.1,0,0.0708515
2.2,0.2,0,0.141882
2.2,0.3,0,0.213764
2.2,0.4,0,0.28531
2.2,0.5,0,0.358521
2.2,0.6,0,0.431063
2.2,0.7,0,0.5039
2.2,0.8,0,0.578606
2.2,0.9,0,0.652994
2.2,1,0,0.728278
2.2,1.1,0,0.803959
2.2,1.2,0,0.880055
2.2,1.3,0,0.957079
2.2,1.4,0,1.03519
2.2,1.5,0,1.11463
2.2,1.6,0,1.19368
2.2,1.7,0,1.27409
2.2,1.8,0,1.35593
2.2,1.9,0,1.43868
2.2,2,0,1.52285
2.2,2.1,0,1.60637
2.2,2.2,0,1.69116
2.2,2.3,0,1.77606
2.2,2.4,0,1.86194
2.2,2.5,0,1.94879
2.2,2.6,0,2.03184
2.2,2.7,0,2.11713
2.2,2.8,0,2.20046
2.2,2.9,0,2.28554
2.2,3,0,2.37418
2.2,3.1,0,2.46304
2.2,3.2,0,2.5559
2.2,3.3,0,2.6621
2.2,3.4,0,2.77
2.2,3.5,0,2.87511
2.2,3.6,0,3.00704
2.2,3.7,0,3.12281
2.2,3.8,0,3.23706
2.2,3.9,0,3.35242
2.2,4,0,3.44644
2.2,4.1,0,3.5707
2.2,4.2,0,3.68567
2.2,4.3,0,3.7891
2.2,4.4,0,3.90443
2.2,4.5,0,4.01142
2.2,4.6,0,4.12625
2.2,4.7,0,4.23966
2.2,4.8,0,4.34234
2.2,4.9,0,4.45424
2.2,5,0,4.56259
2.2,5.1,0,4.6524
2.2,5.2,0,4.74464
2.2,5.3,0,4.83293
2.2,5.4,0,4.9143
2.2,5.5,0,4.99515
2.2,5.6,0,5.06955
2.2,5.7,0,5.13233
2.2,5.8,0,5.1941
2.2,5.9,0,5.25031
2.2,6,0,5.29238
2.2,6.1,0,5.3322
2.2,6.2,0,5.36688
2.2,6.3,0,5.38604
2.2,6.4,0,5.40199
2.2,6.5,0,5.41349
2.2,6.6,0,5.40879
2.2,6.7,0,5.39994
2.2,6.8,0,5.38753
2.2,6.9,0,5.35952
2.2,7,0,5.32645
2.2,7.1,0,5.29059
2.2,7.2,0,5.24002
2.2,7.3,0,5.18449
2.2,7.4,0,5.12775
2.2,7.5,0,5.05729
2.2,7.6,0,4.98171
2.2,7.7,0,4.90614
2.2,7.8,0,4.82239
2.2,7.9,0,4.73524
2.2,8,0,4.65058
2.2,8.1,0,4.54344
2.2,8.2,0,4.43373
2.2,8.3,0,4.33125
2.2,8.4,0,4.21968
2.2,8.5,0,4.11003
2.2,8.6,0,3.99703
2.2,8.7,0,3.87918
2.2,8.8,0,3.77445
2.2,8.9,0,3.65628
2.2,9,0,3.55022
2.2,9.1,0,3.43127
2.2,9.2,0,3.30736
2.2,9.3,0,3.19428
2.2,9.4,0,3.05912
2.2,9.5,0,2.94557
2.2,9.6,0,2.82432
2.2,9.7,0,2.69848
2.2,9.8,0,2.59101
2.2,9.9,0,2.48767
2.2,10,0,2.3915
2.2,10.1,0,2.30344
2.2,10.2,0,2.21159
2.2,10.3,0,2.12255
2.2,10.4,0,2.03411
2.2,10.5,0,1.94204
2.2,10.6,0,1.85315
2.2,10.7,0,1.7578
2.2,10.8,0,1.66573
2.2,10.9,0,1.57173
2.2,11,0,1.47871
2.2,11.1,0,1.38712
2.2,11.2,0,1.29598
2.2,11.3,0,1.20683
2.2,11.4,0,1.11656
2.2,11.5,0,1.02803
2.2,11.6,0,0.93975
2.2,11.7,0,0.852263
2.2,11.8,0,0.765512
2.2,11.9,0,0.679256
2.2,12,0,0.593047
2.2,12.1,0,0.507598
2.2,12.2,0,0.422352
2.2,12.3,0,0.337103
2.2,12.4,0,0.252787
2.2,12.5,0,0.168087
2.2,12.6,0,0.0841298
2.2,12.7,0,0
2.3,0,0,0
2.3,0.1,0,0.0712236
2.3,0.2,0,0.142255
2.3,0.3,0,0.212408
2.3,0.4,0,0.283954
2.3,0.5,0,0.354319
2.3,0.6,0,0.42673
2.3,0.7,0,0.499567
2.3,0.8,0,0.572062
2.3,0.9,0,0.64645
2.3,1,0,0.720172
2.3,1.1,0,0.796324
2.3,1.2,0,0.87242
2.3,1.3,0,0.949427
2.3,1.4,0,1.02754
2.3,1.5,0,1.10375
2.3,1.6,0,1.186
2.3,1.7,0,1.26641
2.3,1.8,0,1.34782
2.3,1.9,0,1.43058
2.3,2,0,1.51051
2.3,2.1,0,1.59821
2.3,2.2,0,1.683
2.3,2.3,0,1.76952
2.3,2.4,0,1.8554
2.3,2.5,0,1.93769
2.3,2.6,0,2.02878
2.3,2.7,0,2.11407
2.3,2.8,0,2.19976
2.3,2.9,0,2.28484
2.3,3,0,2.36354
2.3,3.1,0,2.45659
2.3,3.2,0,2.54945
2.3,3.3,0,2.64338
2.3,3.4,0,2.75129
2.3,3.5,0,2.8656
2.3,3.6,0,2.96939
2.3,3.7,0,3.08516
2.3,3.8,0,3.20251
2.3,3.9,0,3.31787
2.3,4,0,3.4566
2.3,4.1,0,3.55976
2.3,4.2,0,3.67473
2.3,4.3,0,3.80135
2.3,4.4,0,3.91668
2.3,4.5,0,4.04255
2.3,4.6,0,4.15481
2.3,4.7,0,4.26821
2.3,4.8,0,4.38791
2.3,4.9,0,4.4998
2.3,5,0,4.61854
2.3,5.1,0,4.71393
2.3,5.2,0,4.80618
2.3,5.3,0,4.90261
2.3,5.4,0,4.98983
2.3,5.5,0,5.07067
2.3,5.6,0,5.15191
2.3,5.7,0,5.22076
2.3,5.8,0,5.28252
2.3,5.9,0,5.34265
2.3,6,0,5.38876
2.3,6.1,0,5.42858
2.3,6.2,0,5.46572
2.3,6.3,0,5.48721
2.3,6.4,0,5.50316
2.3,6.5,0,5.51503
2.3,6.6,0,5.51071
2.3,6.7,0,5.50186
2.3,6.8,0,5.48782
2.3,6.9,0,5.45758
2.3,7,0,5.4245
2.3,7.1,0,5.38583
2.3,7.2,0,5.33245
2.3,7.3,0,5.27692
2.3,7.4,0,5.21451
2.3,7.5,0,5.14029
2.3,7.6,0,5.06471
2.3,7.7,0,4.98156
2.3,7.8,0,4.88999
2.3,7.9,0,4.80285
2.3,8,0,4.71337
2.3,8.1,0,4.59518
2.3,8.2,0,4.48524
2.3,8.3,0,4.36948
2.3,8.4,0,4.25791
2.3,8.5,0,4.13988
2.3,8.6,0,4.02111
2.3,8.7,0,3.90864
2.3,8.8,0,3.77769
2.3,8.9,0,3.66208
2.3,9,0,3.53261
2.3,9.1,0,3.41366
2.3,9.2,0,3.29746
2.3,9.3,0,3.16679
2.3,9.4,0,3.05323
2.3,9.5,0,2.92453
2.3,9.6,0,2.80397
2.3,9.7,0,2.69609
2.3,9.8,0,2.58862
2.3,9.9,0,2.48881
2.3,10,0,2.39959
2.3,10.1,0,2.30375
2.3,10.2,0,2.22123
2.3,10.3,0,2.13219
2.3,10.4,0,2.03985
2.3,10.5,0,1.94779
2.3,10.6,0,1.84883
2.3,10.7,0,1.7582
2.3,10.8,0,1.66139
2.3,10.9,0,1.56932
2.3,11,0,1.4763
2.3,11.1,0,1.38345
2.3,11.2,0,1.29251
2.3,11.3,0,1.19985
2.3,11.4,0,1.11212
2.3,11.5,0,1.02245
2.3,11.6,0,0.935055
2.3,11.7,0,0.847569
2.3,11.8,0,0.760554
2.3,11.9,0,0.674447
2.3,12,0,0.588536
2.3,12.1,0,0.50365
2.3,12.2,0,0.418681
2.3,12.3,0,0.334861
2.3,12.4,0,0.250545
2.3,12.5,0,0.167143
2.3,12.6,0,0.0834297
2.3,12.7,0,0
2.4,0,0,0
2.4,0.1,0,0.0714162
2.4,0.2,0,0.140016
2.4,0.3,0,0.21017
2.4,0.4,0,0.28089
2.4,0.5,0,0.350075
2.4,0.6,0,0.42206
2.4,0.7,0,0.493151
2.4,0.8,0,0.565646
2.4,0.9,0,0.638451
2.4,1,0,0.711507
2.4,1.1,0,0.787715
2.4,1.2,0,0.861671
2.4,1.3,0,0.938678
2.4,1.4,0,1.01689
2.4,1.5,0,1.0912
2.4,1.6,0,1.17527
2.4,1.7,0,1.25242
2.4,1.8,0,1.33383
2.4,1.9,0,1.41852
2.4,2,0,1.49562
2.4,2.1,0,1.58623
2.4,2.2,0,1.66813
2.4,2.3,0,1.75465
2.4,2.4,0,1.84509
2.4,2.5,0,1.92378
2.4,2.6,0,2.02069
2.4,2.7,0,2.10114
2.4,2.8,0,2.18683
2.4,2.9,0,2.27718
2.4,3,0,2.34949
2.4,3.1,0,2.44275
2.4,3.2,0,2.53284
2.4,3.3,0,2.62677
2.4,3.4,0,2.73115
2.4,3.5,0,2.85186
2.4,3.6,0,2.94368
2.4,3.7,0,3.08354
2.4,3.8,0,3.20089
2.4,3.9,0,3.30713
2.4,4,0,3.46924
2.4,4.1,0,3.56057
2.4,4.2,0,3.69811
2.4,4.3,0,3.82473
2.4,4.4,0,3.93918
2.4,4.5,0,4.07562
2.4,4.6,0,4.18673
2.4,4.7,0,4.31294
2.4,4.8,0,4.43263
2.4,4.9,0,4.55149
2.4,5,0,4.67706
2.4,5.1,0,4.77455
2.4,5.2,0,4.87656
2.4,5.3,0,4.97578
2.4,5.4,0,5.06725
2.4,5.5,0,5.15714
2.4,5.6,0,5.23865
2.4,5.7,0,5.31222
2.4,5.8,0,5.38126
2.4,5.9,0,5.44031
2.4,6,0,5.4906
2.4,6.1,0,5.53524
2.4,6.2,0,5.57061
2.4,6.3,0,5.59579
2.4,6.4,0,5.61369
2.4,6.5,0,5.62284
2.4,6.6,0,5.62154
2.4,6.7,0,5.61182
2.4,6.8,0,5.59433
2.4,6.9,0,5.56597
2.4,7,0,5.52921
2.4,7.1,0,5.4868
2.4,7.2,0,5.43485
2.4,7.3,0,5.37302
2.4,7.4,0,5.30602
2.4,7.5,0,5.2327
2.4,7.6,0,5.14885
2.4,7.7,0,5.06066
2.4,7.8,0,4.96614
2.4,7.9,0,4.86999
2.4,8,0,4.77895
2.4,8.1,0,4.65207
2.4,8.2,0,4.53794
2.4,8.3,0,4.42001
2.4,8.4,0,4.29937
2.4,8.5,0,4.18138
2.4,8.6,0,4.05082
2.4,8.7,0,3.94095
2.4,8.8,0,3.79554
2.4,8.9,0,3.6848
2.4,9,0,3.54995
2.4,9.1,0,3.41599
2.4,9.2,0,3.30764
2.4,9.3,0,3.15432
2.4,9.4,0,3.04937
2.4,9.5,0,2.9115
2.4,9.6,0,2.79429
2.4,9.7,0,2.6862
2.4,9.8,0,2.5795
2.4,9.9,0,2.48129
2.4,10,0,2.39797
2.4,10.1,0,2.2974
2.4,10.2,0,2.22185
2.4,10.3,0,2.12556
2.4,10.4,0,2.03312
2.4,10.5,0,1.94544
2.4,10.6,0,1.83991
2.4,10.7,0,1.75376
2.4,10.8,0,1.65153
2.4,10.9,0,1.56177
2.4,11,0,1.4672
2.4,11.1,0,1.37381
2.4,11.2,0,1.2857
2.4,11.3,0,1.19107
2.4,11.4,0,1.10529
2.4,11.5,0,1.01482
2.4,11.6,0,0.928091
2.4,11.7,0,0.841352
2.4,11.8,0,0.754204
2.4,11.9,0,0.669281
2.4,12,0,0.583573
2.4,12.1,0,0.499147
2.4,12.2,0,0.415225
2.4,12.3,0,0.331623
2.4,12.4,0,0.248584
2.4,12.5,0,0.165325
2.4,12.6,0,0.0829032
2.4,12.7,0,0
2.5,0,0,0
2.5,0.1,0,0.0687924
2.5,0.2,0,0.137585
2.5,0.3,0,0.206751
2.5,0.4,0,0.27629
2.5,0.5,0,0.34583
2.5,0.6,0,0.416495
2.5,0.7,0,0.487161
2.5,0.8,0,0.558563
2.5,0.9,0,0.630702
2.5,1,0,0.702841
2.5,1.1,0,0.776854
2.5,1.2,0,0.850866
2.5,1.3,0,0.926026
2.5,1.4,0,1.00233
2.5,1.5,0,1.07864
2.5,1.6,0,1.15762
2.5,1.7,0,1.2366
2.5,1.8,0,1.31702
2.5,1.9,0,1.39888
2.5,2,0,1.48074
2.5,2.1,0,1.56555
2.5,2.2,0,1.65036
2.5,2.3,0,1.73619
2.5,2.4,0,1.82303
2.5,2.5,0,1.90988
2.5,2.6,0,1.99614
2.5,2.7,0,2.08241
2.5,2.8,0,2.16753
2.5,2.9,0,2.25149
2.5,3,0,2.33545
2.5,3.1,0,2.42574
2.5,3.2,0,2.51604
2.5,3.3,0,2.61657
2.5,3.4,0,2.72735
2.5,3.5,0,2.83813
2.5,3.6,0,2.96602
2.5,3.7,0,3.0939
2.5,3.8,0,3.22265
2.5,3.9,0,3.35226
2.5,4,0,3.48187
2.5,4.1,0,3.60759
2.5,4.2,0,3.7333
2.5,4.3,0,3.85866
2.5,4.4,0,3.98367
2.5,4.5,0,4.10868
2.5,4.6,0,4.23374
2.5,4.7,0,4.35881
2.5,4.8,0,4.48419
2.5,4.9,0,4.60988
2.5,5,0,4.73558
2.5,5.1,0,4.84003
2.5,5.2,0,4.94449
2.5,5.3,0,5.04895
2.5,5.4,0,5.1411
2.5,5.5,0,5.23325
2.5,5.6,0,5.3254
2.5,5.7,0,5.39625
2.5,5.8,0,5.4671
2.5,5.9,0,5.53796
2.5,6,0,5.5838
2.5,6.1,0,5.62965
2.5,6.2,0,5.67549
2.5,6.3,0,5.69388
2.5,6.4,0,5.71226
2.5,6.5,0,5.73065
2.5,6.6,0,5.72071
2.5,6.7,0,5.71077
2.5,6.8,0,5.70083
2.5,6.9,0,5.66314
2.5,7,0,5.62545
2.5,7.1,0,5.58777
2.5,7.2,0,5.52435
2.5,7.3,0,5.46094
2.5,7.4,0,5.39752
2.5,7.5,0,5.3116
2.5,7.6,0,5.22568
2.5,7.7,0,5.13976
2.5,7.8,0,5.04136
2.5,7.9,0,4.94295
2.5,8,0,4.84454
2.5,8.1,0,4.72053
2.5,8.2,0,4.59652
2.5,8.3,0,4.47284
2.5,8.4,0,4.34934
2.5,8.5,0,4.22523
2.5,8.6,0,4.09969
2.5,8.7,0,3.97415
2.5,8.8,0,3.84699
2.5,8.9,0,3.71974
2.5,9,0,3.58947
2.5,9.1,0,3.45718
2.5,9.2,0,3.32367
2.5,9.3,0,3.18651
2.5,9.4,0,3.04935
2.5,9.5,0,2.92128
2.5,9.6,0,2.79421
2.5,9.7,0,2.67919
2.5,9.8,0,2.57402
2.5,9.9,0,2.47164
2.5,10,0,2.38045
2.5,10.1,0,2.28927
2.5,10.2,0,2.19914
2.5,10.3,0,2.10919
2.5,10.4,0,2.01727
2.5,10.5,0,1.92338
2.5,10.6,0,1.82934
2.5,10.7,0,1.7345
2.5,10.8,0,1.63966
2.5,10.9,0,1.54647
2.5,11,0,1.4537
2.5,11.1,0,1.3621
2.5,11.2,0,1.27195
2.5,11.3,0,1.18203
2.5,11.4,0,1.09414
2.5,11.5,0,1.00626
2.5,11.6,0,0.919692
2.5,11.7,0,0.833571
2.5,11.8,0,0.748015
2.5,11.9,0,0.663309
2.5,12,0,0.57866
2.5,12.1,0,0.495125
2.5,12.2,0,0.411589
2.5,12.3,0,0.328727
2.5,12.4,0,0.246154
2.5,12.5,0,0.163814
2.5,12.6,0,0.0819068
2.5,12.7,0,0
2.6,0,0,0
2.6,0.1,0,0.0656617
2.6,0.2,0,0.134595
2.6,0.3,0,0.202533
2.6,0.4,0,0.270704
2.6,0.5,0,0.340282
2.6,0.6,0,0.409667
2.6,0.7,0,0.479723
2.6,0.8,0,0.549824
2.6,0.9,0,0.62127
2.6,1,0,0.692412
2.6,1.1,0,0.76393
2.6,1.2,0,0.838044
2.6,1.3,0,0.911124
2.6,1.4,0,0.98525
2.6,1.5,0,1.06385
2.6,1.6,0,1.13716
2.6,1.7,0,1.21813
2.6,1.8,0,1.29749
2.6,1.9,0,1.37629
2.6,2,0,1.46322
2.6,2.1,0,1.54193
2.6,2.2,0,1.62974
2.6,2.3,0,1.71579
2.6,2.4,0,1.79986
2.6,2.5,0,1.89349
2.6,2.6,0,1.97388
2.6,2.7,0,2.06415
2.6,2.8,0,2.14872
2.6,2.9,0,2.22813
2.6,3,0,2.32207
2.6,3.1,0,2.39374
2.6,3.2,0,2.49151
2.6,3.3,0,2.59317
2.6,3.4,0,2.69759
2.6,3.5,0,2.81855
2.6,3.6,0,2.98011
2.6,3.7,0,3.09361
2.6,3.8,0,3.24026
2.6,3.9,0,3.40217
2.6,4,0,3.47611
2.6,4.1,0,3.65761
2.6,4.2,0,3.7615
2.6,4.3,0,3.88329
2.6,4.4,0,4.02656
2.6,4.5,0,4.13108
2.6,4.6,0,4.28224
2.6,4.7,0,4.40324
2.6,4.8,0,4.53221
2.6,4.9,0,4.66555
2.6,5,0,4.79453
2.6,5.1,0,4.91101
2.6,5.2,0,5.01867
2.6,5.3,0,5.12712
2.6,5.4,0,5.23497
2.6,5.5,0,5.33001
2.6,5.6,0,5.42091
2.6,5.7,0,5.50513
2.6,5.8,0,5.57816
2.6,5.9,0,5.64651
2.6,6,0,5.70545
2.6,6.1,0,5.75267
2.6,6.2,0,5.79234
2.6,6.3,0,5.82225
2.6,6.4,0,5.84122
2.6,6.5,0,5.85099
2.6,6.6,0,5.85033
2.6,6.7,0,5.84011
2.6,6.8,0,5.81952
2.6,6.9,0,5.78948
2.6,7,0,5.75067
2.6,7.1,0,5.69976
2.6,7.2,0,5.64
2.6,7.3,0,5.57472
2.6,7.4,0,5.49831
2.6,7.5,0,5.41274
2.6,7.6,0,5.32424
2.6,7.7,0,5.22505
2.6,7.8,0,5.12188
2.6,7.9,0,5.02056
2.6,8,0,4.91235
2.6,8.1,0,4.78448
2.6,8.2,0,4.65258
2.6,8.3,0,4.52771
2.6,8.4,0,4.40036
2.6,8.5,0,4.26492
2.6,8.6,0,4.14886
2.6,8.7,0,3.99529
2.6,8.8,0,3.90134
2.6,8.9,0,3.7467
2.6,9,0,3.62739
2.6,9.1,0,3.50108
2.6,9.2,0,3.33114
2.6,9.3,0,3.22128
2.6,9.4,0,3.04633
2.6,9.5,0,2.91027
2.6,9.6,0,2.78466
2.6,9.7,0,2.66137
2.6,9.8,0,2.55207
2.6,9.9,0,2.46173
2.6,10,0,2.35624
2.6,10.1,0,2.27991
2.6,10.2,0,2.18034
2.6,10.3,0,2.09377
2.6,10.4,0,2.0017
2.6,10.5,0,1.9037
2.6,10.6,0,1.8151
2.6,10.7,0,1.71393
2.6,10.8,0,1.62417
2.6,10.9,0,1.52835
2.6,11,0,1.43691
2.6,11.1,0,1.34703
2.6,11.2,0,1.25576
2.6,11.3,0,1.16914
2.6,11.4,0,1.08112
2.6,11.5,0,0.994519
2.6,11.6,0,0.909412
2.6,11.7,0,0.823809
2.6,11.8,0,0.739618
2.6,11.9,0,0.656114
2.6,12,0,0.571646
2.6,12.1,0,0.490123
2.6,12.2,0,0.406665
2.6,12.3,0,0.324846
2.6,12.4,0,0.242938
2.6,12.5,0,0.161718
2.6,12.6,0,0.0804886
2.6,12.7,0,0
2.7,0,0,0
2.7,0.1,0,0.0658026
2.7,0.2,0,0.131746
2.7,0.3,0,0.199684
2.7,0.4,0,0.266525
2.7,0.5,0,0.334735
2.7,0.6,0,0.40351
2.7,0.7,0,0.471676
2.7,0.8,0,0.541777
2.7,0.9,0,0.611533
2.7,1,0,0.681983
2.7,1.1,0,0.753603
2.7,1.2,0,0.825325
2.7,1.3,0,0.898405
2.7,1.4,0,0.972643
2.7,1.5,0,1.04906
2.7,1.6,0,1.12436
2.7,1.7,0,1.20165
2.7,1.8,0,1.28101
2.7,1.9,0,1.36182
2.7,2,0,1.44569
2.7,2.1,0,1.5274
2.7,2.2,0,1.61211
2.7,2.3,0,1.69816
2.7,2.4,0,1.78624
2.7,2.5,0,1.8771
2.7,2.6,0,1.96149
2.7,2.7,0,2.04988
2.7,2.8,0,2.13445
2.7,2.9,0,2.2193
2.7,3,0,2.30869
2.7,3.1,0,2.38784
2.7,3.2,0,2.47447
2.7,3.3,0,2.57613
2.7,3.4,0,2.68437
2.7,3.5,0,2.79897
2.7,3.6,0,2.94614
2.7,3.7,0,3.07893
2.7,3.8,0,3.22558
2.7,3.9,0,3.36411
2.7,4,0,3.47034
2.7,4.1,0,3.63001
2.7,4.2,0,3.76785
2.7,4.3,0,3.88964
2.7,4.4,0,4.0307
2.7,4.5,0,4.15348
2.7,4.6,0,4.30058
2.7,4.7,0,4.44361
2.7,4.8,0,4.57257
2.7,4.9,0,4.71686
2.7,5,0,4.85349
2.7,5.1,0,4.97157
2.7,5.2,0,5.09203
2.7,5.3,0,5.20529
2.7,5.4,0,5.31264
2.7,5.5,0,5.41924
2.7,5.6,0,5.51642
2.7,5.7,0,5.59964
2.7,5.8,0,5.68137
2.7,5.9,0,5.75507
2.7,6,0,5.81153
2.7,6.1,0,5.86429
2.7,6.2,0,5.9092
2.7,6.3,0,5.93566
2.7,6.4,0,5.95695
2.7,6.5,0,5.97132
2.7,6.6,0,5.9664
2.7,6.7,0,5.95509
2.7,6.8,0,5.93821
2.7,6.9,0,5.90288
2.7,7,0,5.85961
2.7,7.1,0,5.81175
2.7,7.2,0,5.7468
2.7,7.3,0,5.67405
2.7,7.4,0,5.59911
2.7,7.5,0,5.50822
2.7,7.6,0,5.40938
2.7,7.7,0,5.31033
2.7,7.8,0,5.20324
2.7,7.9,0,5.09027
2.7,8,0,4.98015
2.7,8.1,0,4.84495
2.7,8.2,0,4.70395
2.7,8.3,0,4.57503
2.7,8.4,0,4.43437
2.7,8.5,0,4.30017
2.7,8.6,0,4.16329
2.7,8.7,0,4.01485
2.7,8.8,0,3.89692
2.7,8.9,0,3.75335
2.7,9,0,3.62601
2.7,9.1,0,3.48406
2.7,9.2,0,3.32872
2.7,9.3,0,3.19603
2.7,9.4,0,3.0388
2.7,9.5,0,2.90415
2.7,9.6,0,2.77657
2.7,9.7,0,2.65488
2.7,9.8,0,2.55187
2.7,9.9,0,2.45569
2.7,10,0,2.3589
2.7,10.1,0,2.27338
2.7,10.2,0,2.17784
2.7,10.3,0,2.08409
2.7,10.4,0,1.99182
2.7,10.5,0,1.89481
2.7,10.6,0,1.80206
2.7,10.7,0,1.70387
2.7,10.8,0,1.61004
2.7,10.9,0,1.51595
2.7,11,0,1.4234
2.7,11.1,0,1.33312
2.7,11.2,0,1.244
2.7,11.3,0,1.15627
2.7,11.4,0,1.0694
2.7,11.5,0,0.983249
2.7,11.6,0,0.898363
2.7,11.7,0,0.81435
2.7,11.8,0,0.73033
2.7,11.9,0,0.647917
2.7,12,0,0.564519
2.7,12.1,0,0.483315
2.7,12.2,0,0.401778
2.7,12.3,0,0.320213
2.7,12.4,0,0.240181
2.7,12.5,0,0.15922
2.7,12.6,0,0.0797893
2.7,12.7,0,0
2.8,0,0,0
2.8,0.1,0,0.0657755
2.8,0.2,0,0.131719
2.8,0.3,0,0.196286
2.8,0.4,0,0.263127
2.8,0.5,0,0.328999
2.8,0.6,0,0.396008
2.8,0.7,0,0.464174
2.8,0.8,0,0.531879
2.8,0.9,0,0.601635
2.8,1,0,0.670651
2.8,1.1,0,0.742266
2.8,1.2,0,0.813988
2.8,1.3,0,0.886575
2.8,1.4,0,0.960814
2.8,1.5,0,1.03276
2.8,1.6,0,1.11191
2.8,1.7,0,1.1892
2.8,1.8,0,1.26772
2.8,1.9,0,1.34853
2.8,2,0,1.42517
2.8,2.1,0,1.51385
2.8,2.2,0,1.59856
2.8,2.3,0,1.68598
2.8,2.4,0,1.77406
2.8,2.5,0,1.85634
2.8,2.6,0,1.95414
2.8,2.7,0,2.04253
2.8,2.8,0,2.13268
2.8,2.9,0,2.21752
2.8,3,0,2.29032
2.8,3.1,0,2.38511
2.8,3.2,0,2.47175
2.8,3.3,0,2.55197
2.8,3.4,0,2.66021
2.8,3.5,0,2.77017
2.8,3.6,0,2.89053
2.8,3.7,0,3.02332
2.8,3.8,0,3.15672
2.8,3.9,0,3.29525
2.8,4,0,3.46378
2.8,4.1,0,3.57977
2.8,4.2,0,3.71761
2.8,4.3,0,3.87311
2.8,4.4,0,4.01416
2.8,4.5,0,4.17859
2.8,4.6,0,4.31528
2.8,4.7,0,4.45831
2.8,4.8,0,4.61455
2.8,4.9,0,4.75883
2.8,5,0,4.91364
2.8,5.1,0,5.03849
2.8,5.2,0,5.15896
2.8,5.3,0,5.28601
2.8,5.4,0,5.40276
2.8,5.5,0,5.50936
2.8,5.6,0,5.61567
2.8,5.7,0,5.70856
2.8,5.8,0,5.79028
2.8,5.9,0,5.86861
2.8,6,0,5.93104
2.8,6.1,0,5.98379
2.8,6.2,0,6.03189
2.8,6.3,0,6.06157
2.8,6.4,0,6.08286
2.8,6.5,0,6.09767
2.8,6.6,0,6.09367
2.8,6.7,0,6.08236
2.8,6.8,0,6.06282
2.8,6.9,0,6.02433
2.8,7,0,5.98106
2.8,7.1,0,5.92912
2.8,7.2,0,5.85995
2.8,7.3,0,5.7872
2.8,7.4,0,5.70412
2.8,7.5,0,5.60766
2.8,7.6,0,5.50882
2.8,7.7,0,5.39867
2.8,7.8,0,5.27915
2.8,7.9,0,5.16618
2.8,8,0,5.04949
2.8,8.1,0,4.89731
2.8,8.2,0,4.75611
2.8,8.3,0,4.60731
2.8,8.4,0,4.46665
2.8,8.5,0,4.31642
2.8,8.6,0,4.16833
2.8,8.7,0,4.03478
2.8,8.8,0,3.86822
2.8,8.9,0,3.72992
2.8,9,0,3.57608
2.8,9.1,0,3.43414
2.8,9.2,0,3.30057
2.8,9.3,0,3.15045
2.8,9.4,0,3.01661
2.8,9.5,0,2.88655
2.8,9.6,0,2.75909
2.8,9.7,0,2.65546
2.8,9.8,0,2.55245
2.8,9.9,0,2.45365
2.8,10,0,2.36993
2.8,10.1,0,2.26914
2.8,10.2,0,2.18383
2.8,10.3,0,2.09007
2.8,10.4,0,1.98956
2.8,10.5,0,1.89256
2.8,10.6,0,1.78854
2.8,10.7,0,1.69581
2.8,10.8,0,1.59729
2.8,10.9,0,1.50495
2.8,11,0,1.41241
2.8,11.1,0,1.32102
2.8,11.2,0,1.23204
2.8,11.3,0,1.14297
2.8,11.4,0,1.05712
2.8,11.5,0,0.971238
2.8,11.6,0,0.886954
2.8,11.7,0,0.802941
2.8,11.8,0,0.720511
2.8,11.9,0,0.638069
2.8,12,0,0.557072
2.8,12.1,0,0.475749
2.8,12.2,0,0.395118
2.8,12.3,0,0.315861
2.8,12.4,0,0.235829
2.8,12.5,0,0.157585
2.8,12.6,0,0.078477
2.8,12.7,0,0
2.9,0,0,0
2.9,0.1,0,0.0656075
2.9,0.2,0,0.128912
2.9,0.3,0,0.193478
2.9,0.4,0,0.258171
2.9,0.5,0,0.323076
2.9,0.6,0,0.388927
2.9,0.7,0,0.455002
2.9,0.8,0,0.522706
2.9,0.9,0,0.590143
2.9,1,0,0.658418
2.9,1.1,0,0.729926
2.9,1.2,0,0.798938
2.9,1.3,0,0.871525
2.9,1.4,0,0.945287
2.9,1.5,0,1.01494
2.9,1.6,0,1.09595
2.9,1.7,0,1.16845
2.9,1.8,0,1.24697
2.9,1.9,0,1.32919
2.9,2,0,1.40165
2.9,2.1,0,1.49431
2.9,2.2,0,1.57327
2.9,2.3,0,1.66069
2.9,2.4,0,1.75473
2.9,2.5,0,1.83122
2.9,2.6,0,1.93842
2.9,2.7,0,2.01903
2.9,2.8,0,2.10917
2.9,2.9,0,2.20622
2.9,3,0,2.26698
2.9,3.1,0,2.36993
2.9,3.2,0,2.44236
2.9,3.3,0,2.52258
2.9,3.4,0,2.62047
2.9,3.5,0,2.73215
2.9,3.6,0,2.8401
2.9,3.7,0,2.99292
2.9,3.8,0,3.12633
2.9,3.9,0,3.25789
2.9,4,0,3.45641
2.9,4.1,0,3.55057
2.9,4.2,0,3.73069
2.9,4.3,0,3.88619
2.9,4.4,0,4.0186
2.9,4.5,0,4.20641
2.9,4.6,0,4.33675
2.9,4.7,0,4.50056
2.9,4.8,0,4.6568
2.9,4.9,0,4.80965
2.9,5,0,4.97497
2.9,5.1,0,5.10275
2.9,5.2,0,5.23784
2.9,5.3,0,5.36928
2.9,5.4,0,5.4928
2.9,5.5,0,5.61254
2.9,5.6,0,5.71865
2.9,5.7,0,5.81899
2.9,5.8,0,5.91107
2.9,5.9,0,5.98712
2.9,6,0,6.056
2.9,6.1,0,6.11543
2.9,6.2,0,6.16041
2.9,6.3,0,6.1957
2.9,6.4,0,6.21953
2.9,6.5,0,6.23001
2.9,6.6,0,6.2309
2.9,6.7,0,6.21838
2.9,6.8,0,6.19334
2.9,6.9,0,6.15804
2.9,7,0,6.10959
2.9,7.1,0,6.05187
2.9,7.2,0,5.98507
2.9,7.3,0,5.90332
2.9,7.4,0,5.81336
2.9,7.5,0,5.71849
2.9,7.6,0,5.60774
2.9,7.7,0,5.49004
2.9,7.8,0,5.36617
2.9,7.9,0,5.23952
2.9,8,0,5.12036
2.9,8.1,0,4.95627
2.9,8.2,0,4.80786
2.9,8.3,0,4.65573
2.9,8.4,0,4.50291
2.9,8.5,0,4.35329
2.9,8.6,0,4.18398
2.9,8.7,0,4.05863
2.9,8.8,0,3.86533
2.9,8.9,0,3.73668
2.9,9,0,3.5752
2.9,9.1,0,3.40971
2.9,9.2,0,3.28634
2.9,9.3,0,3.11681
2.9,9.4,0,2.99239
2.9,9.5,0,2.85934
2.9,9.6,0,2.7376
2.9,9.7,0,2.635
2.9,9.8,0,2.53787
2.9,9.9,0,2.43627
2.9,10,0,2.36675
2.9,10.1,0,2.25287
2.9,10.2,0,2.17758
2.9,10.3,0,2.07278
2.9,10.4,0,1.97194
2.9,10.5,0,1.88047
2.9,10.6,0,1.76944
2.9,10.7,0,1.68167
2.9,10.8,0,1.579
2.9,10.9,0,1.4886
2.9,11,0,1.3963
2.9,11.1,0,1.3046
2.9,11.2,0,1.21812
2.9,11.3,0,1.12869
2.9,11.4,0,1.04362
2.9,11.5,0,0.959088
2.9,11.6,0,0.874762
2.9,11.7,0,0.79261
2.9,11.8,0,0.710495
2.9,11.9,0,0.628937
2.9,12,0,0.549332
2.9,12.1,0,0.468114
2.9,12.2,0,0.389884
2.9,12.3,0,0.31072
2.9,12.4,0,0.232754
2.9,12.5,0,0.154931
2.9,12.6,0,0.0775352
2.9,12.7,0,0
3,0,0,0
3,0.1,0,0.063136
3,0.2,0,0.126272
3,0.3,0,0.189703
3,0.4,0,0.253427
3,0.5,0,0.317152
3,0.6,0,0.382069
3,0.7,0,0.446987
3,0.8,0,0.512793
3,0.9,0,0.579489
3,1,0,0.646185
3,1.1,0,0.71509
3,1.2,0,0.783994
3,1.3,0,0.854182
3,1.4,0,0.925652
3,1.5,0,0.997122
3,1.6,0,1.07148
3,1.7,0,1.14584
3,1.8,0,1.22204
3,1.9,0,1.30009
3,2,0,1.37813
3,2.1,0,1.46107
3,2.2,0,1.54401
3,2.3,0,1.6296
3,2.4,0,1.71785
3,2.5,0,1.80609
3,2.6,0,1.8961
3,2.7,0,1.98612
3,2.8,0,2.07362
3,2.9,0,2.15863
3,3,0,2.24363
3,3.1,0,2.32422
3,3.2,0,2.40482
3,3.3,0,2.49492
3,3.4,0,2.59452
3,3.5,0,2.69413
3,3.6,0,2.83454
3,3.7,0,2.97494
3,3.8,0,3.12593
3,3.9,0,3.28748
3,4,0,3.44904
3,4.1,0,3.60732
3,4.2,0,3.76561
3,4.3,0,3.92265
3,4.4,0,4.07843
3,4.5,0,4.23422
3,4.6,0,4.39169
3,4.7,0,4.54915
3,4.8,0,4.70957
3,4.9,0,4.87294
3,5,0,5.03631
3,5.1,0,5.17505
3,5.2,0,5.3138
3,5.3,0,5.45255
3,5.4,0,5.57558
3,5.5,0,5.6986
3,5.6,0,5.82163
3,5.7,0,5.9163
3,5.8,0,6.01097
3,5.9,0,6.10564
3,6,0,6.16674
3,6.1,0,6.22784
3,6.2,0,6.28894
3,6.3,0,6.31341
3,6.4,0,6.33789
3,6.5,0,6.36236
3,6.6,0,6.34953
3,6.7,0,6.3367
3,6.8,0,6.32387
3,6.9,0,6.27412
3,7,0,6.22437
3,7.1,0,6.17461
3,7.2,0,6.09061
3,7.3,0,6.00661
3,7.4,0,5.9226
3,7.5,0,5.80888
3,7.6,0,5.69515
3,7.7,0,5.58142
3,7.8,0,5.45136
3,7.9,0,5.32129
3,8,0,5.19123
3,8.1,0,5.0294
3,8.2,0,4.86757
3,8.3,0,4.70921
3,8.4,0,4.55272
3,8.5,0,4.39635
3,8.6,0,4.24027
3,8.7,0,4.0842
3,8.8,0,3.92519
3,8.9,0,3.76602
3,9,0,3.60379
3,9.1,0,3.43952
3,9.2,0,3.27802
3,9.3,0,3.12481
3,9.4,0,2.9716
3,9.5,0,2.844
3,9.6,0,2.71925
3,9.7,0,2.60886
3,9.8,0,2.51022
3,9.9,0,2.41321
3,10,0,2.32269
3,10.1,0,2.23217
3,10.2,0,2.1372
3,10.3,0,2.04144
3,10.4,0,1.94455
3,10.5,0,1.84652
3,10.6,0,1.74893
3,10.7,0,1.6538
3,10.8,0,1.55866
3,10.9,0,1.4672
3,11,0,1.37665
3,11.1,0,1.2878
3,11.2,0,1.20103
3,11.3,0,1.11454
3,11.4,0,1.03063
3,11.5,0,0.946712
3,11.6,0,0.864426
3,11.7,0,0.782683
3,11.8,0,0.701642
3,11.9,0,0.621657
3,12,0,0.541746
3,12.1,0,0.463259
3,12.2,0,0.384771
3,12.3,0,0.307125
3,12.4,0,0.229838
3,12.5,0,0.152853
3,12.6,0,0.0764264
3,12.7,0,0
3.1,0,0,0
3.1,0.1,0,0.0602727
3.1,0.2,0,0.122767
3.1,0.3,0,0.184864
3.1,0.4,0,0.247898
3.1,0.5,0,0.309427
3.1,0.6,0,0.373613
3.1,0.7,0,0.437158
3.1,0.8,0,0.500887
3.1,0.9,0,0.566877
3.1,1,0,0.631423
3.1,1.1,0,0.697795
3.1,1.2,0,0.766155
3.1,1.3,0,0.833836
3.1,1.4,0,0.903345
3.1,1.5,0,0.975109
3.1,1.6,0,1.0439
3.1,1.7,0,1.11932
3.1,1.8,0,1.19262
3.1,1.9,0,1.26672
3.1,2,0,1.34958
3.1,2.1,0,1.42231
3.1,2.2,0,1.50927
3.1,2.3,0,1.59325
3.1,2.4,0,1.67587
3.1,2.5,0,1.77498
3.1,2.6,0,1.85535
3.1,2.7,0,1.95158
3.1,2.8,0,2.0399
3.1,2.9,0,2.11949
3.1,3,0,2.21956
3.1,3.1,0,2.27888
3.1,3.2,0,2.36972
3.1,3.3,0,2.45033
3.1,3.4,0,2.5302
3.1,3.5,0,2.66043
3.1,3.6,0,2.78575
3.1,3.7,0,2.93079
3.1,3.8,0,3.12142
3.1,3.9,0,3.318
3.1,4,0,3.41455
3.1,4.1,0,3.6697
3.1,4.2,0,3.78534
3.1,4.3,0,3.94079
3.1,4.4,0,4.13764
3.1,4.5,0,4.23035
3.1,4.6,0,4.4439
3.1,4.7,0,4.58705
3.1,4.8,0,4.74846
3.1,4.9,0,4.92714
3.1,5,0,5.09059
3.1,5.1,0,5.25194
3.1,5.2,0,5.39567
3.1,5.3,0,5.53676
3.1,5.4,0,5.6842
3.1,5.5,0,5.81147
3.1,5.6,0,5.93129
3.1,5.7,0,6.04574
3.1,5.8,0,6.14345
3.1,5.9,0,6.23351
3.1,6,0,6.31517
3.1,6.1,0,6.37812
3.1,6.2,0,6.42789
3.1,6.3,0,6.46999
3.1,6.4,0,6.49522
3.1,6.5,0,6.50587
3.1,6.6,0,6.5075
3.1,6.7,0,6.49431
3.1,6.8,0,6.46525
3.1,6.9,0,6.42836
3.1,7,0,6.37713
3.1,7.1,0,6.3071
3.1,7.2,0,6.22992
3.1,7.3,0,6.14326
3.1,7.4,0,6.03915
3.1,7.5,0,5.92777
3.1,7.6,0,5.81014
3.1,7.7,0,5.67453
3.1,7.8,0,5.54221
3.1,7.9,0,5.40761
3.1,8,0,5.25715
3.1,8.1,0,5.09301
3.1,8.2,0,4.91606
3.1,8.3,0,4.75857
3.1,8.4,0,4.59634
3.1,8.5,0,4.42383
3.1,8.6,0,4.2963
3.1,8.7,0,4.08083
3.1,8.8,0,3.99111
3.1,8.9,0,3.78267
3.1,9,0,3.62502
3.1,9.1,0,3.46973
3.1,9.2,0,3.25442
3.1,9.3,0,3.10848
3.1,9.4,0,2.94668
3.1,9.5,0,2.80066
3.1,9.6,0,2.68756
3.1,9.7,0,2.57156
3.1,9.8,0,2.46557
3.1,9.9,0,2.39089
3.1,10,0,2.28329
3.1,10.1,0,2.20811
3.1,10.2,0,2.10102
3.1,10.3,0,2.00971
3.1,10.4,0,1.91354
3.1,10.5,0,1.81109
3.1,10.6,0,1.72183
3.1,10.7,0,1.62138
3.1,10.8,0,1.53226
3.1,10.9,0,1.44137
3.1,11,0,1.35223
3.1,11.1,0,1.26655
3.1,11.2,0,1.18084
3.1,11.3,0,1.09601
3.1,11.4,0,1.01528
3.1,11.5,0,0.931252
3.1,11.6,0,0.85203
3.1,11.7,0,0.770872
3.1,11.8,0,0.690887
3.1,11.9,0,0.612804
3.1,12,0,0.532891
3.1,12.1,0,0.457159
3.1,12.2,0,0.378697
3.1,12.3,0,0.302564
3.1,12.4,0,0.226091
3.1,12.5,0,0.150283
3.1,12.6,0,0.0747136
3.1,12.7,0,0
3.2,0,0,0
3.2,0.1,0,0.0596311
3.2,0.2,0,0.118621
3.2,0.3,0,0.180718
3.2,0.4,0,0.240864
3.2,0.5,0,0.301701
3.2,0.6,0,0.364515
3.2,0.7,0,0.425959
3.2,0.8,0,0.489687
3.2,0.9,0,0.552821
3.2,1,0,0.616661
3.2,1.1,0,0.682488
3.2,1.2,0,0.74777
3.2,1.3,0,0.815452
3.2,1.4,0,0.883293
3.2,1.5,0,0.953096
3.2,1.6,0,1.02294
3.2,1.7,0,1.09384
3.2,1.8,0,1.16715
3.2,1.9,0,1.24211
3.2,2,0,1.32102
3.2,2.1,0,1.39778
3.2,2.2,0,1.47855
3.2,2.3,0,1.56253
3.2,2.4,0,1.65039
3.2,2.5,0,1.74387
3.2,2.6,0,1.83045
3.2,2.7,0,1.92326
3.2,2.8,0,2.01158
3.2,2.9,0,2.10083
3.2,3,0,2.19549
3.2,3.1,0,2.26506
3.2,3.2,0,2.34487
3.2,3.3,0,2.42549
3.2,3.4,0,2.51623
3.2,3.5,0,2.62672
3.2,3.6,0,2.75668
3.2,3.7,0,2.89126
3.2,3.8,0,3.0819
3.2,3.9,0,3.24849
3.2,4,0,3.38007
3.2,4.1,0,3.59257
3.2,4.2,0,3.76243
3.2,4.3,0,3.91788
3.2,4.4,0,4.09271
3.2,4.5,0,4.22649
3.2,4.6,0,4.42572
3.2,4.7,0,4.61063
3.2,4.8,0,4.77204
3.2,4.9,0,4.96611
3.2,5,0,5.14487
3.2,5.1,0,5.30716
3.2,5.2,0,5.47085
3.2,5.3,0,5.62098
3.2,5.4,0,5.76713
3.2,5.5,0,5.91136
3.2,5.6,0,6.04095
3.2,5.7,0,6.15356
3.2,5.8,0,6.2634
3.2,5.9,0,6.36138
3.2,6,0,6.43851
3.2,6.1,0,6.50885
3.2,6.2,0,6.56685
3.2,6.3,0,6.60341
3.2,6.4,0,6.63169
3.2,6.5,0,6.64939
3.2,6.6,0,6.64452
3.2,6.7,0,6.62991
3.2,6.8,0,6.60663
3.2,6.9,0,6.56163
3.2,7,0,6.50447
3.2,7.1,0,6.43958
3.2,7.2,0,6.35436
3.2,7.3,0,6.25707
3.2,7.4,0,6.15569
3.2,7.5,0,6.03557
3.2,7.6,0,5.90231
3.2,7.7,0,5.76764
3.2,7.8,0,5.62716
3.2,7.9,0,5.47444
3.2,8,0,5.32308
3.2,8.1,0,5.14521
3.2,8.2,0,4.95559
3.2,8.3,0,4.7905
3.2,8.4,0,4.60697
3.2,8.5,0,4.43794
3.2,8.6,0,4.27107
3.2,8.7,0,4.07412
3.2,8.8,0,3.94137
3.2,8.9,0,3.7628
3.2,9,0,3.59537
3.2,9.1,0,3.42433
3.2,9.2,0,3.22819
3.2,9.3,0,3.07754
3.2,9.4,0,2.92075
3.2,9.5,0,2.78563
3.2,9.6,0,2.66729
3.2,9.7,0,2.55399
3.2,9.8,0,2.45808
3.2,9.9,0,2.37318
3.2,10,0,2.27376
3.2,10.1,0,2.18696
3.2,10.2,0,2.08508
3.2,10.3,0,1.98537
3.2,10.4,0,1.889
3.2,10.5,0,1.78967
3.2,10.6,0,1.69574
3.2,10.7,0,1.59941
3.2,10.8,0,1.50749
3.2,10.9,0,1.41794
3.2,11,0,1.33017
3.2,11.1,0,1.24439
3.2,11.2,0,1.16106
3.2,11.3,0,1.07711
3.2,11.4,0,0.996878
3.2,11.5,0,0.91575
3.2,11.6,0,0.836362
3.2,11.7,0,0.758169
3.2,11.8,0,0.678722
3.2,11.9,0,0.602105
3.2,12,0,0.523881
3.2,12.1,0,0.448513
3.2,12.2,0,0.372636
3.2,12.3,0,0.296739
3.2,12.4,0,0.222627
3.2,12.5,0,0.147205
3.2,12.6,0,0.0738344
3.2,12.7,0,0
3.3,0,0,0
3.3,0.1,0,0.0577737
3.3,0.2,0,0.116763
3.3,0.3,0,0.173793
3.3,0.4,0,0.233939
3.3,0.5,0,0.293656
3.3,0.6,0,0.353332
3.3,0.7,0,0.414774
3.3,0.8,0,0.475362
3.3,0.9,0,0.538495
3.3,1,0,0.601074
3.3,1.1,0,0.665463
3.3,1.2,0,0.730745
3.3,1.3,0,0.795974
3.3,1.4,0,0.863816
3.3,1.5,0,0.930035
3.3,1.6,0,1.00136
3.3,1.7,0,1.07226
3.3,1.8,0,1.1441
3.3,1.9,0,1.21906
3.3,2,0,1.29014
3.3,2.1,0,1.37384
3.3,2.2,0,1.45461
3.3,2.3,0,1.53903
3.3,2.4,0,1.62688
3.3,2.5,0,1.70742
3.3,2.6,0,1.81049
3.3,2.7,0,1.90329
3.3,2.8,0,2.00317
3.3,2.9,0,2.09242
3.3,3,0,2.16333
3.3,3.1,0,2.26607
3.3,3.2,0,2.34589
3.3,3.3,0,2.41573
3.3,3.4,0,2.50648
3.3,3.5,0,2.57983
3.3,3.6,0,2.70391
3.3,3.7,0,2.8385
3.3,3.8,0,2.97367
3.3,3.9,0,3.14027
3.3,4,0,3.33048
3.3,4.1,0,3.47323
3.3,4.2,0,3.64308
3.3,4.3,0,3.82648
3.3,4.4,0,4.00131
3.3,4.5,0,4.22634
3.3,4.6,0,4.38855
3.3,4.7,0,4.57346
3.3,4.8,0,4.79122
3.3,4.9,0,4.98529
3.3,5,0,5.19742
3.3,5.1,0,5.36879
3.3,5.2,0,5.53248
3.3,5.3,0,5.70524
3.3,5.4,0,5.86631
3.3,5.5,0,6.01054
3.3,5.6,0,6.15264
3.3,5.7,0,6.28015
3.3,5.8,0,6.38999
3.3,5.9,0,6.49265
3.3,6,0,6.57774
3.3,6.1,0,6.64808
3.3,6.2,0,6.71014
3.3,6.3,0,6.7513
3.3,6.4,0,6.77958
3.3,6.5,0,6.79745
3.3,6.6,0,6.7945
3.3,6.7,0,6.77989
3.3,6.8,0,6.75237
3.3,6.9,0,6.70381
3.3,7,0,6.64664
3.3,7.1,0,6.57581
3.3,7.2,0,6.48574
3.3,7.3,0,6.38845
3.3,7.4,0,6.27474
3.3,7.5,0,6.146
3.3,7.6,0,6.01274
3.3,7.7,0,5.86184
3.3,7.8,0,5.699
3.3,7.9,0,5.54628
3.3,8,0,5.38766
3.3,8.1,0,5.18194
3.3,8.2,0,4.99256
3.3,8.3,0,4.78951
3.3,8.4,0,4.60597
3.3,8.5,0,4.4097
3.3,8.6,0,4.21832
3.3,8.7,0,4.06181
3.3,8.8,0,3.84826
3.3,8.9,0,3.67916
3.3,9,0,3.50341
3.3,9.1,0,3.33236
3.3,9.2,0,3.18168
3.3,9.3,0,3.02601
3.3,9.4,0,2.87963
3.3,9.5,0,2.76711
3.3,9.6,0,2.64828
3.3,9.7,0,2.56035
3.3,9.8,0,2.46444
3.3,9.9,0,2.36008
3.3,10,0,2.27769
3.3,10.1,0,2.16944
3.3,10.2,0,2.07864
3.3,10.3,0,1.97893
3.3,10.4,0,1.8723
3.3,10.5,0,1.77297
3.3,10.6,0,1.669
3.3,10.7,0,1.57785
3.3,10.8,0,1.48294
3.3,10.9,0,1.39452
3.3,11,0,1.30675
3.3,11.1,0,1.22183
3.3,11.2,0,1.13854
3.3,11.3,0,1.05703
3.3,11.4,0,0.976687
3.3,11.5,0,0.897186
3.3,11.6,0,0.819461
3.3,11.7,0,0.741268
3.3,11.8,0,0.665698
3.3,11.9,0,0.589156
3.3,12,0,0.513717
3.3,12.1,0,0.438966
3.3,12.2,0,0.364018
3.3,12.3,0,0.291056
3.3,12.4,0,0.216943
3.3,12.5,0,0.145043
3.3,12.6,0,0.0721555
3.3,12.7,0,0
3.4,0,0,0
3.4,0.1,0,0.056558
3.4,0.2,0,0.112757
3.4,0.3,0,0.169787
3.4,0.4,0,0.226003
3.4,0.5,0,0.285292
3.4,0.6,0,0.3432
3.4,0.7,0,0.402234
3.4,0.8,0,0.462821
3.4,0.9,0,0.522639
3.4,1,0,0.584664
3.4,1.1,0,0.648159
3.4,1.2,0,0.710544
3.4,1.3,0,0.775773
3.4,1.4,0,0.841329
3.4,1.5,0,0.905924
3.4,1.6,0,0.977683
3.4,1.7,0,1.04387
3.4,1.8,0,1.1157
3.4,1.9,0,1.18974
3.4,2,0,1.25694
3.4,2.1,0,1.34355
3.4,2.2,0,1.41654
3.4,2.3,0,1.50095
3.4,2.4,0,1.59241
3.4,2.5,0,1.66564
3.4,2.6,0,1.77896
3.4,2.7,0,1.86108
3.4,2.8,0,1.96096
3.4,2.9,0,2.07051
3.4,3,0,2.12309
3.4,3.1,0,2.24875
3.4,3.2,0,2.30218
3.4,3.3,0,2.37203
3.4,3.4,0,2.46381
3.4,3.5,0,2.51976
3.4,3.6,0,2.63334
3.4,3.7,0,2.76072
3.4,3.8,0,2.89589
3.4,3.9,0,3.05197
3.4,4,0,3.26581
3.4,4.1,0,3.38143
3.4,4.2,0,3.61581
3.4,4.3,0,3.7992
3.4,4.4,0,3.95469
3.4,4.5,0,4.2299
3.4,4.6,0,4.36941
3.4,4.7,0,4.59868
3.4,4.8,0,4.81643
3.4,4.9,0,5.01804
3.4,5,0,5.24823
3.4,5.1,0,5.42473
3.4,5.2,0,5.61076
3.4,5.3,0,5.78957
3.4,5.4,0,5.96185
3.4,5.5,0,6.12568
3.4,5.6,0,6.26637
3.4,5.7,0,6.40565
3.4,5.8,0,6.52946
3.4,5.9,0,6.62733
3.4,6,0,6.72225
3.4,6.1,0,6.80123
3.4,6.2,0,6.85778
3.4,6.3,0,6.90753
3.4,6.4,0,6.93912
3.4,6.5,0,6.95005
3.4,6.6,0,6.95488
3.4,6.7,0,6.93859
3.4,6.8,0,6.90245
3.4,6.9,0,6.85963
3.4,7,0,6.79572
3.4,7.1,0,6.71578
3.4,7.2,0,6.63052
3.4,7.3,0,6.52094
3.4,7.4,0,6.39627
3.4,7.5,0,6.27055
3.4,7.6,0,6.1198
3.4,7.7,0,5.95713
3.4,7.8,0,5.78754
3.4,7.9,0,5.61345
3.4,8,0,5.45089
3.4,8.1,0,5.22761
3.4,8.2,0,5.02832
3.4,8.3,0,4.81807
3.4,8.4,0,4.61756
3.4,8.5,0,4.42565
3.4,8.6,0,4.18857
3.4,8.7,0,4.05351
3.4,8.8,0,3.79692
3.4,8.9,0,3.63995
3.4,9,0,3.45672
3.4,9.1,0,3.26568
3.4,9.2,0,3.12629
3.4,9.3,0,2.96626
3.4,9.4,0,2.82897
3.4,9.5,0,2.72364
3.4,9.6,0,2.60843
3.4,9.7,0,2.52401
3.4,9.8,0,2.44302
3.4,9.9,0,2.32634
3.4,10,0,2.26441
3.4,10.1,0,2.13544
3.4,10.2,0,2.05651
3.4,10.3,0,1.94574
3.4,10.4,0,1.83865
3.4,10.5,0,1.74614
3.4,10.6,0,1.63677
3.4,10.7,0,1.55019
3.4,10.8,0,1.45419
3.4,10.9,0,1.36676
3.4,11,0,1.28182
3.4,11.1,0,1.19699
3.4,11.2,0,1.11596
3.4,11.3,0,1.03583
3.4,11.4,0,0.955983
3.4,11.5,0,0.879258
3.4,11.6,0,0.801588
3.4,11.7,0,0.726102
3.4,11.8,0,0.650946
3.4,11.9,0,0.576601
3.4,12,0,0.502251
3.4,12.1,0,0.428591
3.4,12.2,0,0.356126
3.4,12.3,0,0.28356
3.4,12.4,0,0.212458
3.4,12.5,0,0.14098
3.4,12.6,0,0.0708999
3.4,12.7,0,0
3.5,0,0,0
3.5,0.1,0,0.0549837
3.5,0.2,0,0.109967
3.5,0.3,0,0.165353
3.5,0.4,0,0.22114
3.5,0.5,0,0.276927
3.5,0.6,0,0.334194
3.5,0.7,0,0.391461
3.5,0.8,0,0.449726
3.5,0.9,0,0.50899
3.5,1,0,0.568253
3.5,1.1,0,0.629744
3.5,1.2,0,0.691236
3.5,1.3,0,0.753948
3.5,1.4,0,0.817881
3.5,1.5,0,0.881814
3.5,1.6,0,0.948428
3.5,1.7,0,1.01504
3.5,1.8,0,1.08343
3.5,1.9,0,1.15358
3.5,2,0,1.22373
3.5,2.1,0,1.29963
3.5,2.2,0,1.37554
3.5,2.3,0,1.45556
3.5,2.4,0,1.53971
3.5,2.5,0,1.62385
3.5,2.6,0,1.71623
3.5,2.7,0,1.80861
3.5,2.8,0,1.90041
3.5,2.9,0,1.99163
3.5,3,0,2.08284
3.5,3.1,0,2.1592
3.5,3.2,0,2.23555
3.5,3.3,0,2.31092
3.5,3.4,0,2.3853
3.5,3.5,0,2.45968
3.5,3.6,0,2.57657
3.5,3.7,0,2.69345
3.5,3.8,0,2.84174
3.5,3.9,0,3.02143
3.5,4,0,3.20113
3.5,4.1,0,3.40838
3.5,4.2,0,3.61565
3.5,4.3,0,3.82211
3.5,4.4,0,4.02779
3.5,4.5,0,4.23347
3.5,4.6,0,4.44003
3.5,4.7,0,4.64659
3.5,4.8,0,4.8597
3.5,4.9,0,5.07937
3.5,5,0,5.29904
3.5,5.1,0,5.49066
3.5,5.2,0,5.68228
3.5,5.3,0,5.87389
3.5,5.4,0,6.04263
3.5,5.5,0,6.21136
3.5,5.6,0,6.3801
3.5,5.7,0,6.5074
3.5,5.8,0,6.6347
3.5,5.9,0,6.762
3.5,6,0,6.84314
3.5,6.1,0,6.92427
3.5,6.2,0,7.00541
3.5,6.3,0,7.03782
3.5,6.4,0,7.07024
3.5,6.5,0,7.10265
3.5,6.6,0,7.08595
3.5,6.7,0,7.06924
3.5,6.8,0,7.05254
3.5,6.9,0,6.98695
3.5,7,0,6.92135
3.5,7.1,0,6.85576
3.5,7.2,0,6.74311
3.5,7.3,0,6.63046
3.5,7.4,0,6.51781
3.5,7.5,0,6.36268
3.5,7.6,0,6.20755
3.5,7.7,0,6.05242
3.5,7.8,0,5.87298
3.5,7.9,0,5.69355
3.5,8,0,5.51411
3.5,8.1,0,5.29499
3.5,8.2,0,5.07586
3.5,8.3,0,4.86616
3.5,8.4,0,4.66154
3.5,8.5,0,4.4571
3.5,8.6,0,4.2531
3.5,8.7,0,4.04909
3.5,8.8,0,3.84315
3.5,8.9,0,3.6371
3.5,9,0,3.44173
3.5,9.1,0,3.25347
3.5,9.2,0,3.07531
3.5,9.3,0,2.92744
3.5,9.4,0,2.77957
3.5,9.5,0,2.66828
3.5,9.6,0,2.56105
3.5,9.7,0,2.46363
3.5,9.8,0,2.37423
3.5,9.9,0,2.28381
3.5,10,0,2.18935
3.5,10.1,0,2.09488
3.5,10.2,0,1.99584
3.5,10.3,0,1.89599
3.5,10.4,0,1.79741
3.5,10.5,0,1.70009
3.5,10.6,0,1.60388
3.5,10.7,0,1.51384
3.5,10.8,0,1.42381
3.5,10.9,0,1.33892
3.5,11,0,1.25532
3.5,11.1,0,1.17359
3.5,11.2,0,1.09416
3.5,11.3,0,1.01499
3.5,11.4,0,0.938178
3.5,11.5,0,0.861363
3.5,11.6,0,0.786048
3.5,11.7,0,0.711234
3.5,11.8,0,0.637091
3.5,11.9,0,0.563958
3.5,12,0,0.490904
3.5,12.1,0,0.419354
3.5,12.2,0,0.347804
3.5,12.3,0,0.277313
3.5,12.4,0,0.207275
3.5,12.5,0,0.13766
3.5,12.6,0,0.0688298
3.5,12.7,0,0
3.6,0,0,0
3.6,0.1,0,0.052856
3.6,0.2,0,0.106524
3.6,0.3,0,0.160015
3.6,0.4,0,0.215224
3.6,0.5,0,0.267601
3.6,0.6,0,0.323283
3.6,0.7,0,0.37898
3.6,0.8,0,0.434833
3.6,0.9,0,0.493253
3.6,1,0,0.549242
3.6,1.1,0,0.608961
3.6,1.2,0,0.668739
3.6,1.3,0,0.728861
3.6,1.4,0,0.791918
3.6,1.5,0,0.852198
3.6,1.6,0,0.916324
3.6,1.7,0,0.98142
3.6,1.8,0,1.04566
3.6,1.9,0,1.11319
3.6,2,0,1.18283
3.6,2.1,0,1.24843
3.6,2.2,0,1.32646
3.6,2.3,0,1.40113
3.6,2.4,0,1.4778
3.6,2.5,0,1.57153
3.6,2.6,0,1.64623
3.6,2.7,0,1.74624
3.6,2.8,0,1.8384
3.6,2.9,0,1.92235
3.6,3,0,2.03251
3.6,3.1,0,2.08974
3.6,3.2,0,2.17922
3.6,3.3,0,2.24199
3.6,3.4,0,2.29064
3.6,3.5,0,2.40979
3.6,3.6,0,2.45095
3.6,3.7,0,2.59522
3.6,3.8,0,2.76266
3.6,3.9,0,2.93411
3.6,4,0,3.11742
3.6,4.1,0,3.43698
3.6,4.2,0,3.58884
3.6,4.3,0,3.81832
3.6,4.4,0,4.10241
3.6,4.5,0,4.16389
3.6,4.6,0,4.50737
3.6,4.7,0,4.66335
3.6,4.8,0,4.86199
3.6,4.9,0,5.11776
3.6,5,0,5.32041
3.6,5.1,0,5.55837
3.6,5.2,0,5.75877
3.6,5.3,0,5.94799
3.6,5.4,0,6.16078
3.6,5.5,0,6.33601
3.6,5.6,0,6.49317
3.6,5.7,0,6.65282
3.6,5.8,0,6.78429
3.6,5.9,0,6.90007
3.6,6,0,7.01313
3.6,6.1,0,7.09659
3.6,6.2,0,7.15739
3.6,6.3,0,7.21774
3.6,6.4,0,7.25111
3.6,6.5,0,7.26038
3.6,6.6,0,7.2672
3.6,6.7,0,7.25006
3.6,6.8,0,7.20766
3.6,6.9,0,7.16356
3.6,7,0,7.09614
3.6,7.1,0,6.99994
3.6,7.2,0,6.90205
3.6,7.3,0,6.78579
3.6,7.4,0,6.64033
3.6,7.5,0,6.49428
3.6,7.6,0,6.3333
3.6,7.7,0,6.13982
3.6,7.8,0,5.9664
3.6,7.9,0,5.77932
3.6,8,0,5.55564
3.6,8.1,0,5.33924
3.6,8.2,0,5.08819
3.6,8.3,0,4.8983
3.6,8.4,0,4.68688
3.6,8.5,0,4.44805
3.6,8.6,0,4.32061
3.6,8.7,0,3.99152
3.6,8.8,0,3.89022
3.6,8.9,0,3.61749
3.6,9,0,3.39408
3.6,9.1,0,3.21229
3.6,9.2,0,3.00738
3.6,9.3,0,2.84699
3.6,9.4,0,2.72584
3.6,9.5,0,2.57962
3.6,9.6,0,2.49573
3.6,9.7,0,2.40296
3.6,9.8,0,2.30503
3.6,9.9,0,2.23525
3.6,10,0,2.12253
3.6,10.1,0,2.04531
3.6,10.2,0,1.93569
3.6,10.3,0,1.84188
3.6,10.4,0,1.74727
3.6,10.5,0,1.64717
3.6,10.6,0,1.56222
3.6,10.7,0,1.47047
3.6,10.8,0,1.38657
3.6,10.9,0,1.30578
3.6,11,0,1.22392
3.6,11.1,0,1.1464
3.6,11.2,0,1.06955
3.6,11.3,0,0.991375
3.6,11.4,0,0.918265
3.6,11.5,0,0.841868
3.6,11.6,0,0.768905
3.6,11.7,0,0.695133
3.6,11.8,0,0.622313
3.6,11.9,0,0.549806
3.6,12,0,0.479543
3.6,12.1,0,0.408649
3.6,12.2,0,0.339202
3.6,12.3,0,0.270113
3.6,12.4,0,0.201215
3.6,12.5,0,0.134153
3.6,12.6,0,0.065862
3.6,12.7,0,0
3.7,0,0,0
3.7,0.1,0,0.0515404
3.7,0.2,0,0.101765
3.7,0.3,0,0.155256
3.7,0.4,0,0.206476
3.7,0.5,0,0.258275
3.7,0.6,0,0.312387
3.7,0.7,0,0.36493
3.7,0.8,0,0.420782
3.7,0.9,0,0.475085
3.7,1,0,0.530232
3.7,1.1,0,0.588237
3.7,1.2,0,0.644528
3.7,1.3,0,0.70465
3.7,1.4,0,0.763178
3.7,1.5,0,0.822582
3.7,1.6,0,0.88519
3.7,1.7,0,0.946279
3.7,1.8,0,1.01052
3.7,1.9,0,1.07492
3.7,2,0,1.14193
3.7,2.1,0,1.20965
3.7,2.2,0,1.2795
3.7,2.3,0,1.35417
3.7,2.4,0,1.43296
3.7,2.5,0,1.51921
3.7,2.6,0,1.60154
3.7,2.7,0,1.69149
3.7,2.8,0,1.78366
3.7,2.9,0,1.87929
3.7,3,0,1.98219
3.7,3.1,0,2.05254
3.7,3.2,0,2.13602
3.7,3.3,0,2.19878
3.7,3.4,0,2.26648
3.7,3.5,0,2.3599
3.7,3.6,0,2.42845
3.7,3.7,0,2.52438
3.7,3.8,0,2.69182
3.7,3.9,0,2.85865
3.7,4,0,3.03372
3.7,4.1,0,3.29788
3.7,4.2,0,3.50663
3.7,4.3,0,3.73611
3.7,4.4,0,3.95442
3.7,4.5,0,4.09431
3.7,4.6,0,4.38721
3.7,4.7,0,4.62954
3.7,4.8,0,4.82818
3.7,4.9,0,5.10303
3.7,5,0,5.34178
3.7,5.1,0,5.57878
3.7,5.2,0,5.81433
3.7,5.3,0,6.02208
3.7,5.4,0,6.23024
3.7,5.5,0,6.43146
3.7,5.6,0,6.60624
3.7,5.7,0,6.76128
3.7,5.8,0,6.90942
3.7,5.9,0,7.03814
3.7,6,0,7.14306
3.7,6.1,0,7.23579
3.7,6.2,0,7.30936
3.7,6.3,0,7.36046
3.7,6.4,0,7.39767
3.7,6.5,0,7.41812
3.7,6.6,0,7.41466
3.7,6.7,0,7.39577
3.7,6.8,0,7.36278
3.7,6.9,0,7.30643
3.7,7,0,7.23173
3.7,7.1,0,7.14412
3.7,7.2,0,7.03311
3.7,7.3,0,6.9024
3.7,7.4,0,6.76285
3.7,7.5,0,6.60146
3.7,7.6,0,6.41707
3.7,7.7,0,6.22722
3.7,7.8,0,6.0361
3.7,7.9,0,5.81844
3.7,8,0,5.59716
3.7,8.1,0,5.35226
3.7,8.2,0,5.08157
3.7,8.3,0,4.87362
3.7,8.4,0,4.62822
3.7,8.5,0,4.40311
3.7,8.6,0,4.20208
3.7,8.7,0,3.92692
3.7,8.8,0,3.76754
3.7,8.9,0,3.5485
3.7,9,0,3.32123
3.7,9.1,0,3.13893
3.7,9.2,0,2.94398
3.7,9.3,0,2.80278
3.7,9.4,0,2.67529
3.7,9.5,0,2.55104
3.7,9.6,0,2.45341
3.7,9.7,0,2.36319
3.7,9.8,0,2.2724
3.7,9.9,0,2.19161
3.7,10,0,2.08842
3.7,10.1,0,1.999
3.7,10.2,0,1.89587
3.7,10.3,0,1.7968
3.7,10.4,0,1.7021
3.7,10.5,0,1.6093
3.7,10.6,0,1.52088
3.7,10.7,0,1.43431
3.7,10.8,0,1.35098
3.7,10.9,0,1.27131
3.7,11,0,1.19415
3.7,11.1,0,1.11687
3.7,11.2,0,1.04325
3.7,11.3,0,0.967315
3.7,11.4,0,0.895293
3.7,11.5,0,0.822524
3.7,11.6,0,0.749961
3.7,11.7,0,0.67951
3.7,11.8,0,0.607071
3.7,11.9,0,0.537822
3.7,12,0,0.468145
3.7,12.1,0,0.399238
3.7,12.2,0,0.331586
3.7,12.3,0,0.263287
3.7,12.4,0,0.197281
3.7,12.5,0,0.130326
3.7,12.6,0,0.0651883
3.7,12.7,0,0
3.8,0,0,0
3.8,0.1,0,0.0484242
3.8,0.2,0,0.098649
3.8,0.3,0,0.146577
3.8,0.4,0,0.197797
3.8,0.5,0,0.248708
3.8,0.6,0,0.299108
3.8,0.7,0,0.351651
3.8,0.8,0,0.40251
3.8,0.9,0,0.456813
3.8,1,0,0.510652
3.8,1.1,0,0.564759
3.8,1.2,0,0.62105
3.8,1.3,0,0.675589
3.8,1.4,0,0.734117
3.8,1.5,0,0.792052
3.8,1.6,0,0.851173
3.8,1.7,0,0.912262
3.8,1.8,0,0.972926
3.8,1.9,0,1.03732
3.8,2,0,1.09993
3.8,2.1,0,1.16948
3.8,2.2,0,1.23932
3.8,2.3,0,1.31136
3.8,2.4,0,1.39015
3.8,2.5,0,1.4638
3.8,2.6,0,1.55875
3.8,2.7,0,1.6487
3.8,2.8,0,1.74792
3.8,2.9,0,1.84355
3.8,3,0,1.92166
3.8,3.1,0,2.04056
3.8,3.2,0,2.12404
3.8,3.3,0,2.20404
3.8,3.4,0,2.27173
3.8,3.5,0,2.29443
3.8,3.6,0,2.4014
3.8,3.7,0,2.49734
3.8,3.8,0,2.58561
3.8,3.9,0,2.75244
3.8,4,0,2.91453
3.8,4.1,0,3.10042
3.8,4.2,0,3.30917
3.8,4.3,0,3.50307
3.8,4.4,0,3.72138
3.8,4.5,0,4.01572
3.8,4.6,0,4.19908
3.8,4.7,0,4.44141
3.8,4.8,0,4.76223
3.8,4.9,0,5.03708
3.8,5,0,5.3606
3.8,5.1,0,5.60809
3.8,5.2,0,5.84365
3.8,5.3,0,6.09124
3.8,5.4,0,6.32081
3.8,5.5,0,6.52203
3.8,5.6,0,6.71695
3.8,5.7,0,6.89385
3.8,5.8,0,7.04199
3.8,5.9,0,7.17504
3.8,6,0,7.28989
3.8,6.1,0,7.38262
3.8,6.2,0,7.46038
3.8,6.3,0,7.51812
3.8,6.4,0,7.55534
3.8,6.5,0,7.57572
3.8,6.6,0,7.57542
3.8,6.7,0,7.55653
3.8,6.8,0,7.51687
3.8,6.9,0,7.45795
3.8,7,0,7.38324
3.8,7.1,0,7.28725
3.8,7.2,0,7.17198
3.8,7.3,0,7.04128
3.8,7.4,0,6.88363
3.8,7.5,0,6.70833
3.8,7.6,0,6.52394
3.8,7.7,0,6.3109
3.8,7.8,0,6.07997
3.8,7.9,0,5.8623
3.8,8,0,5.6332
3.8,8.1,0,5.33038
3.8,8.2,0,5.06254
3.8,8.3,0,4.76171
3.8,8.4,0,4.51631
3.8,8.5,0,4.26629
3.8,8.6,0,4.0167
3.8,8.7,0,3.831
3.8,8.8,0,3.58185
3.8,8.9,0,3.37571
3.8,9,0,3.20267
3.8,9.1,0,3.02037
3.8,9.2,0,2.87218
3.8,9.3,0,2.74579
3.8,9.4,0,2.60911
3.8,9.5,0,2.53845
3.8,9.6,0,2.43897
3.8,9.7,0,2.35375
3.8,9.8,0,2.26295
3.8,9.9,0,2.15234
3.8,10,0,2.06857
3.8,10.1,0,1.95686
3.8,10.2,0,1.864
3.8,10.3,0,1.76492
3.8,10.4,0,1.66506
3.8,10.5,0,1.57226
3.8,10.6,0,1.47926
3.8,10.7,0,1.39671
3.8,10.8,0,1.31348
3.8,10.9,0,1.23661
3.8,11,0,1.15945
3.8,11.1,0,1.08681
3.8,11.2,0,1.01325
3.8,11.3,0,0.941479
3.8,11.4,0,0.871145
3.8,11.5,0,0.799591
3.8,11.6,0,0.731352
3.8,11.7,0,0.660901
3.8,11.8,0,0.593278
3.8,11.9,0,0.524621
3.8,12,0,0.45563
3.8,12.1,0,0.390217
3.8,12.2,0,0.322688
3.8,12.3,0,0.258183
3.8,12.4,0,0.192176
3.8,12.5,0,0.12823
3.8,12.6,0,0.0638743
3.8,12.7,0,0
3.9,0,0,0
3.9,0.1,0,0.0466237
3.9,0.2,0,0.0937946
3.9,0.3,0,0.141723
3.9,0.4,0,0.188299
3.9,0.5,0,0.238902
3.9,0.6,0,0.287159
3.9,0.7,0,0.336801
3.9,0.8,0,0.38766
3.9,0.9,0,0.437128
3.9,1,0,0.490502
3.9,1.1,0,0.542425
3.9,1.2,0,0.59532
3.9,1.3,0,0.649859
3.9,1.4,0,0.703266
3.9,1.5,0,0.760609
3.9,1.6,0,0.81776
3.9,1.7,0,0.875116
3.9,1.8,0,0.93578
3.9,1.9,0,0.996004
3.9,2,0,1.05684
3.9,2.1,0,1.12609
3.9,2.2,0,1.18918
3.9,2.3,0,1.26122
3.9,2.4,0,1.33678
3.9,2.5,0,1.4053
3.9,2.6,0,1.50523
3.9,2.7,0,1.58187
3.9,2.8,0,1.68109
3.9,2.9,0,1.79035
3.9,3,0,1.85094
3.9,3.1,0,2.00526
3.9,3.2,0,2.05393
3.9,3.3,0,2.13392
3.9,3.4,0,2.23568
3.9,3.5,0,2.21339
3.9,3.6,0,2.3314
3.9,3.7,0,2.37973
3.9,3.8,0,2.46801
3.9,3.9,0,2.60252
3.9,4,0,2.75986
3.9,4.1,0,2.92288
3.9,4.2,0,3.16729
3.9,4.3,0,3.3612
3.9,4.4,0,3.55776
3.9,4.5,0,3.92813
3.9,4.6,0,4.05252
3.9,4.7,0,4.40866
3.9,4.8,0,4.72948
3.9,4.9,0,5.00469
3.9,5,0,5.37688
3.9,5.1,0,5.63232
3.9,5.2,0,5.89985
3.9,5.3,0,6.15547
3.9,5.4,0,6.40395
3.9,5.5,0,6.63458
3.9,5.6,0,6.82531
3.9,5.7,0,7.02139
3.9,5.8,0,7.18778
3.9,5.9,0,7.31078
3.9,6,0,7.44038
3.9,6.1,0,7.54265
3.9,6.2,0,7.61044
3.9,6.3,0,7.68187
3.9,6.4,0,7.72402
3.9,6.5,0,7.73318
3.9,6.6,0,7.74526
3.9,6.7,0,7.72345
3.9,6.8,0,7.66993
3.9,6.9,0,7.62154
3.9,7,0,7.5395
3.9,7.1,0,7.42932
3.9,7.2,0,7.32434
3.9,7.3,0,7.17829
3.9,7.4,0,7.00267
3.9,7.5,0,6.83344
3.9,7.6,0,6.62298
3.9,7.7,0,6.39085
3.9,7.8,0,6.15108
3.9,7.9,0,5.90048
3.9,8,0,5.66375
3.9,8.1,0,5.32556
3.9,8.2,0,5.0477
3.9,8.3,0,4.72618
3.9,8.4,0,4.443
3.9,8.5,0,4.20903
3.9,8.6,0,3.87257
3.9,8.7,0,3.72505
3.9,8.8,0,3.43329
3.9,8.9,0,3.24657
3.9,9,0,3.07199
3.9,9.1,0,2.89865
3.9,9.2,0,2.75832
3.9,9.3,0,2.65753
3.9,9.4,0,2.52231
3.9,9.5,0,2.48098
3.9,9.6,0,2.3694
3.9,9.7,0,2.28954
3.9,9.8,0,2.2193
3.9,9.9,0,2.08865
3.9,10,0,2.02977
3.9,10.1,0,1.89795
3.9,10.2,0,1.81537
3.9,10.3,0,1.71283
3.9,10.4,0,1.61272
3.9,10.5,0,1.52834
3.9,10.6,0,1.43357
3.9,10.7,0,1.35447
3.9,10.8,0,1.27424
3.9,10.9,0,1.19816
3.9,11,0,1.12558
3.9,11.1,0,1.05322
3.9,11.2,0,0.983573
3.9,11.3,0,0.912952
3.9,11.4,0,0.84529
3.9,11.5,0,0.775826
3.9,11.6,0,0.708942
3.9,11.7,0,0.641774
3.9,11.8,0,0.574166
3.9,11.9,0,0.510382
3.9,12,0,0.441165
3.9,12.1,0,0.378671
3.9,12.2,0,0.312943
3.9,12.3,0,0.249397
3.9,12.4,0,0.187075
3.9,12.5,0,0.123299
3.9,12.6,0,0.0626751
3.9,12.7,0,0
4,0,0,0
4,0.1,0,0.0453704
4,0.2,0,0.0907408
4,0.3,0,0.13656
4,0.4,0,0.182828
4,0.5,0,0.229095
4,0.6,0,0.276595
4,0.7,0,0.324094
4,0.8,0,0.372346
4,0.9,0,0.421349
4,1,0,0.470353
4,1.1,0,0.521064
4,1.2,0,0.571775
4,1.3,0,0.623538
4,1.4,0,0.676351
4,1.5,0,0.729166
4,1.6,0,0.784552
4,1.7,0,0.839939
4,1.8,0,0.896855
4,1.9,0,0.955299
4,2,0,1.01374
4,2.1,0,1.07654
4,2.2,0,1.13933
4,2.3,0,1.20594
4,2.4,0,1.27637
4,2.5,0,1.3468
4,2.6,0,1.42843
4,2.7,0,1.51006
4,2.8,0,1.59674
4,2.9,0,1.68848
4,3,0,1.78022
4,3.1,0,1.8643
4,3.2,0,1.94839
4,3.3,0,2.01882
4,3.4,0,2.07559
4,3.5,0,2.13235
4,3.6,0,2.19172
4,3.7,0,2.25109
4,3.8,0,2.34566
4,3.9,0,2.47542
4,4,0,2.60518
4,4.1,0,2.82673
4,4.2,0,3.04828
4,4.3,0,3.29535
4,4.4,0,3.56794
4,4.5,0,3.84054
4,4.6,0,4.13771
4,4.7,0,4.43489
4,4.8,0,4.74541
4,4.9,0,5.06928
4,5,0,5.39315
4,5.1,0,5.66867
4,5.2,0,5.94418
4,5.3,0,6.2197
4,5.4,0,6.45769
4,5.5,0,6.69568
4,5.6,0,6.93366
4,5.7,0,7.10462
4,5.8,0,7.27557
4,5.9,0,7.44653
4,6,0,7.55118
4,6.1,0,7.65584
4,6.2,0,7.7605
4,6.3,0,7.80388
4,6.4,0,7.84726
4,6.5,0,7.89064
4,6.6,0,7.86809
4,6.7,0,7.84555
4,6.8,0,7.823
4,6.9,0,7.73913
4,7,0,7.65526
4,7.1,0,7.57139
4,7.2,0,7.4215
4,7.3,0,7.27161
4,7.4,0,7.12172
4,7.5,0,6.90475
4,7.6,0,6.68777
4,7.7,0,6.4708
4,7.8,0,6.21197
4,7.9,0,5.95313
4,8,0,5.6943
4,8.1,0,5.37567
4,8.2,0,5.05704
4,8.3,0,4.75668
4,8.4,0,4.46615
4,8.5,0,4.17977
4,8.6,0,3.90306
4,8.7,0,3.62635
4,8.8,0,3.38889
4,8.9,0,3.15349
4,9,0,2.95971
4,9.1,0,2.79367
4,9.2,0,2.64279
4,9.3,0,2.53738
4,9.4,0,2.43197
4,9.5,0,2.34929
4,9.6,0,2.26914
4,9.7,0,2.18657
4,9.8,0,2.10202
4,9.9,0,2.01595
4,10,0,1.92374
4,10.1,0,1.83153
4,10.2,0,1.73909
4,10.3,0,1.64661
4,10.4,0,1.5577
4,10.5,0,1.47236
4,10.6,0,1.38826
4,10.7,0,1.3112
4,10.8,0,1.23414
4,10.9,0,1.16182
4,11,0,1.09068
4,11.1,0,1.02085
4,11.2,0,0.952617
4,11.3,0,0.884537
4,11.4,0,0.817804
4,11.5,0,0.751072
4,11.6,0,0.685263
4,11.7,0,0.61976
4,11.8,0,0.554819
4,11.9,0,0.49072
4,12,0,0.4267
4,12.1,0,0.364194
4,12.2,0,0.301687
4,12.3,0,0.240316
4,12.4,0,0.179432
4,12.5,0,0.119028
4,12.6,0,0.0595138
4,12.7,0,0
4.1,0,0,0
4.1,0.1,0,0.0433597
4.1,0.2,0,0.087088
4.1,0.3,0,0.130658
4.1,0.4,0,0.176319
4.1,0.5,0,0.218443
4.1,0.6,0,0.264604
4.1,0.7,0,0.309992
4.1,0.8,0,0.355559
4.1,0.9,0,0.40399
4.1,1,0,0.448336
4.1,1.1,0,0.497868
4.1,1.2,0,0.546087
4.1,1.3,0,0.594805
4.1,1.4,0,0.647066
4.1,1.5,0,0.694295
4.1,1.6,0,0.74857
4.1,1.7,0,0.800794
4.1,1.8,0,0.853677
4.1,1.9,0,0.911252
4.1,2,0,0.963149
4.1,2.1,0,1.02163
4.1,2.2,0,1.08185
4.1,2.3,0,1.14075
4.1,2.4,0,1.20604
4.1,2.5,0,1.27539
4.1,2.6,0,1.33914
4.1,2.7,0,1.42343
4.1,2.8,0,1.49995
4.1,2.9,0,1.57888
4.1,3,0,1.6862
4.1,3.1,0,1.74638
4.1,3.2,0,1.84322
4.1,3.3,0,1.90837
4.1,3.4,0,1.9471
4.1,3.5,0,2.04881
4.1,3.6,0,2.01523
4.1,3.7,0,2.11399
4.1,3.8,0,2.18128
4.1,3.9,0,2.24437
4.1,4,0,2.46158
4.1,4.1,0,2.65097
4.1,4.2,0,2.86765
4.1,4.3,0,3.19644
4.1,4.4,0,3.55563
4.1,4.5,0,3.6274
4.1,4.6,0,4.19625
4.1,4.7,0,4.36048
4.1,4.8,0,4.66066
4.1,4.9,0,5.10713
4.1,5,0,5.28787
4.1,5.1,0,5.7026
4.1,5.2,0,5.99909
4.1,5.3,0,6.24026
4.1,5.4,0,6.56136
4.1,5.5,0,6.81078
4.1,5.6,0,7.02283
4.1,5.7,0,7.2615
4.1,5.8,0,7.43837
4.1,5.9,0,7.57119
4.1,6,0,7.71588
4.1,6.1,0,7.82312
4.1,6.2,0,7.90069
4.1,6.3,0,7.99106
4.1,6.4,0,8.03551
4.1,6.5,0,8.03724
4.1,6.6,0,8.05414
4.1,6.7,0,8.03112
4.1,6.8,0,7.96674
4.1,6.9,0,7.91279
4.1,7,0,7.82703
4.1,7.1,0,7.70377
4.1,7.2,0,7.59147
4.1,7.3,0,7.43676
4.1,7.4,0,7.22515
4.1,7.5,0,7.03319
4.1,7.6,0,6.80684
4.1,7.7,0,6.51798
4.1,7.8,0,6.29137
4.1,7.9,0,6.01575
4.1,8,0,5.64079
4.1,8.1,0,5.38471
4.1,8.2,0,4.96546
4.1,8.3,0,4.73695
4.1,8.4,0,4.44826
4.1,8.5,0,4.0599
4.1,8.6,0,3.91934
4.1,8.7,0,3.46485
4.1,8.8,0,3.28105
4.1,8.9,0,3.02506
4.1,9,0,2.79943
4.1,9.1,0,2.63595
4.1,9.2,0,2.51721
4.1,9.3,0,2.37017
4.1,9.4,0,2.33311
4.1,9.5,0,2.21701
4.1,9.6,0,2.15951
4.1,9.7,0,2.0814
4.1,9.8,0,1.98902
4.1,9.9,0,1.92795
4.1,10,0,1.82343
4.1,10.1,0,1.75113
4.1,10.2,0,1.6564
4.1,10.3,0,1.57205
4.1,10.4,0,1.49273
4.1,10.5,0,1.40827
4.1,10.6,0,1.3359
4.1,10.7,0,1.26059
4.1,10.8,0,1.18972
4.1,10.9,0,1.12173
4.1,11,0,1.05286
4.1,11.1,0,0.986777
4.1,11.2,0,0.919995
4.1,11.3,0,0.855109
4.1,11.4,0,0.789198
4.1,11.5,0,0.725435
4.1,11.6,0,0.660471
4.1,11.7,0,0.596746
4.1,11.8,0,0.534477
4.1,11.9,0,0.469612
4.1,12,0,0.411789
4.1,12.1,0,0.348167
4.1,12.2,0,0.28993
4.1,12.3,0,0.230115
4.1,12.4,0,0.170799
4.1,12.5,0,0.114452
4.1,12.6,0,0.0552763
4.1,12.7,0,0
4.2,0,0,0
4.2,0.1,0,0.0417176
4.2,0.2,0,0.0817931
4.2,0.3,0,0.125363
4.2,0.4,0,0.166274
4.2,0.5,0,0.207791
4.2,0.6,0,0.25184
4.2,0.7,0,0.293777
4.2,0.8,0,0.339344
4.2,0.9,0,0.382545
4.2,1,0,0.426319
4.2,1.1,0,0.473359
4.2,1.2,0,0.517908
4.2,1.3,0,0.566626
4.2,1.4,0,0.612748
4.2,1.5,0,0.659424
4.2,1.6,0,0.710537
4.2,1.7,0,0.758487
4.2,1.8,0,0.81137
4.2,1.9,0,0.861527
4.2,2,0,0.912554
4.2,2.1,0,0.968464
4.2,2.2,0,1.0218
4.2,2.3,0,1.0807
4.2,2.4,0,1.13978
4.2,2.5,0,1.20399
4.2,2.6,0,1.27039
4.2,2.7,0,1.33945
4.2,2.8,0,1.41597
4.2,2.9,0,1.49768
4.2,3,0,1.59219
4.2,3.1,0,1.66512
4.2,3.2,0,1.75081
4.2,3.3,0,1.81596
4.2,3.4,0,1.88159
4.2,3.5,0,1.96526
4.2,3.6,0,1.97108
4.2,3.7,0,2.01628
4.2,3.8,0,2.08356
4.2,3.9,0,2.16744
4.2,4,0,2.31798
4.2,4.1,0,2.5025
4.2,4.2,0,2.68214
4.2,4.3,0,3.01093
4.2,4.4,0,3.2559
4.2,4.5,0,3.41426
4.2,4.6,0,3.85016
4.2,4.7,0,4.15312
4.2,4.8,0,4.4533
4.2,4.9,0,4.87925
4.2,5,0,5.18259
4.2,5.1,0,5.58359
4.2,5.2,0,5.96397
4.2,5.3,0,6.26082
4.2,5.4,0,6.57155
4.2,5.5,0,6.86671
4.2,5.6,0,7.112
4.2,5.7,0,7.33542
4.2,5.8,0,7.53595
4.2,5.9,0,7.69586
4.2,6,0,7.82971
4.2,6.1,0,7.9473
4.2,6.2,0,8.04087
4.2,6.3,0,8.11459
4.2,6.4,0,8.16331
4.2,6.5,0,8.18383
4.2,6.6,0,8.184
4.2,6.7,0,8.15908
4.2,6.8,0,8.11048
4.2,6.9,0,8.04078
4.2,7,0,7.94743
4.2,7.1,0,7.83614
4.2,7.2,0,7.69916
4.2,7.3,0,7.52515
4.2,7.4,0,7.32858
4.2,7.5,0,7.10787
4.2,7.6,0,6.84402
4.2,7.7,0,6.56516
4.2,7.8,0,6.2921
4.2,7.9,0,5.94935
4.2,8,0,5.58728
4.2,8.1,0,5.2448
4.2,8.2,0,4.81419
4.2,8.3,0,4.54304
4.2,8.4,0,4.21802
4.2,8.5,0,3.8762
4.2,8.6,0,3.64644
4.2,8.7,0,3.29336
4.2,8.8,0,3.09193
4.2,8.9,0,2.88137
4.2,9,0,2.66393
4.2,9.1,0,2.5332
4.2,9.2,0,2.40672
4.2,9.3,0,2.30444
4.2,9.4,0,2.24239
4.2,9.5,0,2.14779
4.2,9.6,0,2.07238
4.2,9.7,0,1.9971
4.2,9.8,0,1.91517
4.2,9.9,0,1.84328
4.2,10,0,1.75283
4.2,10.1,0,1.67451
4.2,10.2,0,1.58736
4.2,10.3,0,1.50767
4.2,10.4,0,1.42855
4.2,10.5,0,1.35586
4.2,10.6,0,1.2832
4.2,10.7,0,1.21404
4.2,10.8,0,1.14696
4.2,10.9,0,1.0805
4.2,11,0,1.01732
4.2,11.1,0,0.951505
4.2,11.2,0,0.88932
4.2,11.3,0,0.825583
4.2,11.4,0,0.76254
4.2,11.5,0,0.700874
4.2,11.6,0,0.637421
4.2,11.7,0,0.577011
4.2,11.8,0,0.514702
4.2,11.9,0,0.455377
4.2,12,0,0.39694
4.2,12.1,0,0.33705
4.2,12.2,0,0.280175
4.2,12.3,0,0.221725
4.2,12.4,0,0.166138
4.2,12.5,0,0.109677
4.2,12.6,0,0.0547025
4.2,12.7,0,0
4.3,0,0,0
4.3,0.1,0,0.0379984
4.3,0.2,0,0.0780739
4.3,0.3,0,0.115525
4.3,0.4,0,0.156435
4.3,0.5,0,0.196683
4.3,0.6,0,0.236338
4.3,0.7,0,0.278275
4.3,0.8,0,0.317835
4.3,0.9,0,0.361036
4.3,1,0,0.402944
4.3,1.1,0,0.445648
4.3,1.2,0,0.490197
4.3,1.3,0,0.531998
4.3,1.4,0,0.578121
4.3,1.5,0,0.622315
4.3,1.6,0,0.668377
4.3,1.7,0,0.716327
4.3,1.8,0,0.761274
4.3,1.9,0,0.81143
4.3,2,0,0.860021
4.3,2.1,0,0.910786
4.3,2.2,0,0.964127
4.3,2.3,0,1.01579
4.3,2.4,0,1.07487
4.3,2.5,0,1.1323
4.3,2.6,0,1.1981
4.3,2.7,0,1.26716
4.3,2.8,0,1.34111
4.3,2.9,0,1.42282
4.3,3,0,1.49468
4.3,3.1,0,1.59909
4.3,3.2,0,1.68478
4.3,3.3,0,1.78606
4.3,3.4,0,1.8517
4.3,3.5,0,1.86253
4.3,3.6,0,1.96916
4.3,3.7,0,2.01437
4.3,3.8,0,2.03179
4.3,3.9,0,2.11566
4.3,4,0,2.13436
4.3,4.1,0,2.2949
4.3,4.2,0,2.47454
4.3,4.3,0,2.61354
4.3,4.4,0,2.8585
4.3,4.5,0,3.12734
4.3,4.6,0,3.3242
4.3,4.7,0,3.62715
4.3,4.8,0,4.02673
4.3,4.9,0,4.45268
4.3,5,0,5.07813
4.3,5.1,0,5.48876
4.3,5.2,0,5.86914
4.3,5.3,0,6.28438
4.3,5.4,0,6.61157
4.3,5.5,0,6.90674
4.3,5.6,0,7.18808
4.3,5.7,0,7.44179
4.3,5.8,0,7.64233
4.3,5.9,0,7.81216
4.3,6,0,7.95843
4.3,6.1,0,8.07602
4.3,6.2,0,8.16905
4.3,6.3,0,8.25087
4.3,6.4,0,8.29959
4.3,6.5,0,8.31861
4.3,6.6,0,8.32271
4.3,6.7,0,8.29778
4.3,6.8,0,8.2421
4.3,6.9,0,8.17704
4.3,7,0,8.0837
4.3,7.1,0,7.95912
4.3,7.2,0,7.81449
4.3,7.3,0,7.64047
4.3,7.4,0,7.41918
4.3,7.5,0,7.17583
4.3,7.6,0,6.91198
4.3,7.7,0,6.6083
4.3,7.8,0,6.2438
4.3,7.9,0,5.90105
4.3,8,0,5.52326
4.3,8.1,0,4.98
4.3,8.2,0,4.56767
4.3,8.3,0,4.12833
4.3,8.4,0,3.80331
4.3,8.5,0,3.53758
4.3,8.6,0,3.25814
4.3,8.7,0,3.03087
4.3,8.8,0,2.84701
4.3,8.9,0,2.64328
4.3,9,0,2.54642
4.3,9.1,0,2.41569
4.3,9.2,0,2.31565
4.3,9.3,0,2.25986
4.3,9.4,0,2.14438
4.3,9.5,0,2.10707
4.3,9.6,0,2.02914
4.3,9.7,0,1.94552
4.3,9.8,0,1.8636
4.3,9.9,0,1.76517
4.3,10,0,1.69121
4.3,10.1,0,1.60137
4.3,10.2,0,1.52638
4.3,10.3,0,1.4467
4.3,10.4,0,1.37307
4.3,10.5,0,1.30038
4.3,10.6,0,1.23151
4.3,10.7,0,1.16686
4.3,10.8,0,1.10141
4.3,10.9,0,1.04133
4.3,11,0,0.978148
4.3,11.1,0,0.919027
4.3,11.2,0,0.857046
4.3,11.3,0,0.795545
4.3,11.4,0,0.73667
4.3,11.5,0,0.675026
4.3,11.6,0,0.617346
4.3,11.7,0,0.556935
4.3,11.8,0,0.499396
4.3,11.9,0,0.440991
4.3,12,0,0.38234
4.3,12.1,0,0.327678
4.3,12.2,0,0.270608
4.3,12.3,0,0.216931
4.3,12.4,0,0.161344
4.3,12.5,0,0.107696
4.3,12.6,0,0.0536978
4.3,12.7,0,0
4.4,0,0,0
4.4,0.1,0,0.0359213
4.4,0.2,0,0.0723763
4.4,0.3,0,0.109827
4.4,0.4,0,0.145534
4.4,0.5,0,0.18512
4.4,0.6,0,0.222491
4.4,0.7,0,0.260375
4.4,0.8,0,0.299935
4.4,0.9,0,0.337596
4.4,1,0,0.37821
4.4,1.1,0,0.41907
4.4,1.2,0,0.458296
4.4,1.3,0,0.500097
4.4,1.4,0,0.540701
4.4,1.5,0,0.582967
4.4,1.6,0,0.627141
4.4,1.7,0,0.669405
4.4,1.8,0,0.714352
4.4,1.9,0,0.758526
4.4,2,0,0.80555
4.4,2.1,0,0.853742
4.4,2.2,0,0.901806
4.4,2.3,0,0.953471
4.4,2.4,0,1.00452
4.4,2.5,0,1.06031
4.4,2.6,0,1.12287
4.4,2.7,0,1.18217
4.4,2.8,0,1.25613
4.4,2.9,0,1.33166
4.4,3,0,1.39368
4.4,3.1,0,1.51682
4.4,3.2,0,1.57068
4.4,3.3,0,1.67196
4.4,3.4,0,1.78458
4.4,3.5,0,1.74061
4.4,3.6,0,1.90867
4.4,3.7,0,1.86883
4.4,3.8,0,1.88625
4.4,3.9,0,1.95719
4.4,4,0,1.91072
4.4,4.1,0,2.05215
4.4,4.2,0,2.14789
4.4,4.3,0,2.28689
4.4,4.4,0,2.47392
4.4,4.5,0,2.76664
4.4,4.6,0,2.8574
4.4,4.7,0,3.33215
4.4,4.8,0,3.73173
4.4,4.9,0,4.14954
4.4,5,0,4.97449
4.4,5.1,0,5.40527
4.4,5.2,0,5.87247
4.4,5.3,0,6.31095
4.4,5.4,0,6.65949
4.4,5.5,0,6.97893
4.4,5.6,0,7.25106
4.4,5.7,0,7.54022
4.4,5.8,0,7.77072
4.4,5.9,0,7.92009
4.4,6,0,8.08548
4.4,6.1,0,8.20856
4.4,6.2,0,8.28523
4.4,6.3,0,8.3891
4.4,6.4,0,8.44234
4.4,6.5,0,8.44156
4.4,6.6,0,8.46501
4.4,6.7,0,8.43778
4.4,6.8,0,8.36159
4.4,6.9,0,8.31539
4.4,7,0,8.21811
4.4,7.1,0,8.07269
4.4,7.2,0,7.94765
4.4,7.3,0,7.74976
4.4,7.4,0,7.49694
4.4,7.5,0,7.26725
4.4,7.6,0,6.97763
4.4,7.7,0,6.64739
4.4,7.8,0,6.26839
4.4,7.9,0,5.8499
4.4,8,0,5.44875
4.4,8.1,0,4.7746
4.4,8.2,0,4.33253
4.4,8.3,0,3.851
4.4,8.4,0,3.45152
4.4,8.5,0,3.21938
4.4,8.6,0,2.89442
4.4,8.7,0,2.70732
4.4,8.8,0,2.54471
4.4,8.9,0,2.3889
4.4,9,0,2.30641
4.4,9.1,0,2.24639
4.4,9.2,0,2.13837
4.4,9.3,0,2.15786
4.4,9.4,0,2.01023
4.4,9.5,0,2.01703
4.4,9.6,0,1.91644
4.4,9.7,0,1.83822
4.4,9.8,0,1.78399
4.4,9.9,0,1.66918
4.4,10,0,1.61639
4.4,10.1,0,1.52092
4.4,10.2,0,1.45256
4.4,10.3,0,1.38036
4.4,10.4,0,1.30689
4.4,10.5,0,1.24382
4.4,10.6,0,1.17657
4.4,10.7,0,1.11664
4.4,10.8,0,1.05546
4.4,10.9,0,0.997493
4.4,11,0,0.939185
4.4,11.1,0,0.880154
4.4,11.2,0,0.824376
4.4,11.3,0,0.762742
4.4,11.4,0,0.708112
4.4,11.5,0,0.647942
4.4,11.6,0,0.592174
4.4,11.7,0,0.535686
4.4,11.8,0,0.478053
4.4,11.9,0,0.425504
4.4,12,0,0.366744
4.4,12.1,0,0.315444
4.4,12.2,0,0.260541
4.4,12.3,0,0.208003
4.4,12.4,0,0.156365
4.4,12.5,0,0.102819
4.4,12.6,0,0.0526508
4.4,12.7,0,0
4.5,0,0,0
4.5,0.1,0,0.0343779
4.5,0.2,0,0.0687558
4.5,0.3,0,0.103467
4.5,0.4,0,0.138512
4.5,0.5,0,0.173556
4.5,0.6,0,0.209157
4.5,0.7,0,0.244758
4.5,0.8,0,0.280742
4.5,0.9,0,0.317109
4.5,1,0,0.353476
4.5,1.1,0,0.390858
4.5,1.2,0,0.428239
4.5,1.3,0,0.466268
4.5,1.4,0,0.504944
4.5,1.5,0,0.543619
4.5,1.6,0,0.583996
4.5,1.7,0,0.624372
4.5,1.8,0,0.665864
4.5,1.9,0,0.708472
4.5,2,0,0.75108
4.5,2.1,0,0.796569
4.5,2.2,0,0.842059
4.5,2.3,0,0.889508
4.5,2.4,0,0.938915
4.5,2.5,0,0.988323
4.5,2.6,0,1.04438
4.5,2.7,0,1.10043
4.5,2.8,0,1.1613
4.5,2.9,0,1.22699
4.5,3,0,1.29268
4.5,3.1,0,1.36526
4.5,3.2,0,1.43785
4.5,3.3,0,1.50305
4.5,3.4,0,1.56087
4.5,3.5,0,1.61869
4.5,3.6,0,1.64028
4.5,3.7,0,1.66187
4.5,3.8,0,1.67555
4.5,3.9,0,1.68131
4.5,4,0,1.68707
4.5,4.1,0,1.7637
4.5,4.2,0,1.84034
4.5,4.3,0,1.98411
4.5,4.4,0,2.19502
4.5,4.5,0,2.40594
4.5,4.6,0,2.77459
4.5,4.7,0,3.14325
4.5,4.8,0,3.63623
4.5,4.9,0,4.25353
4.5,5,0,4.87084
4.5,5.1,0,5.35973
4.5,5.2,0,5.84863
4.5,5.3,0,6.33752
4.5,5.4,0,6.66303
4.5,5.5,0,6.98854
4.5,5.6,0,7.31405
4.5,5.7,0,7.55204
4.5,5.8,0,7.79003
4.5,5.9,0,8.02802
4.5,6,0,8.15248
4.5,6.1,0,8.27694
4.5,6.2,0,8.4014
4.5,6.3,0,8.45577
4.5,6.4,0,8.51014
4.5,6.5,0,8.56451
4.5,6.6,0,8.53669
4.5,6.7,0,8.50888
4.5,6.8,0,8.48108
4.5,6.9,0,8.38281
4.5,7,0,8.28453
4.5,7.1,0,8.18627
4.5,7.2,0,7.98241
4.5,7.3,0,7.77855
4.5,7.4,0,7.5747
4.5,7.5,0,7.27863
4.5,7.6,0,6.98256
4.5,7.7,0,6.68649
4.5,7.8,0,6.24907
4.5,7.9,0,5.81165
4.5,8,0,5.37423
4.5,8.1,0,4.78073
4.5,8.2,0,4.18722
4.5,8.3,0,3.7108
4.5,8.4,0,3.29742
4.5,8.5,0,2.92722
4.5,8.6,0,2.65781
4.5,8.7,0,2.38839
4.5,8.8,0,2.24929
4.5,8.9,0,2.11706
4.5,9,0,2.03494
4.5,9.1,0,1.98623
4.5,9.2,0,1.94007
4.5,9.3,0,1.90158
4.5,9.4,0,1.86308
4.5,9.5,0,1.81108
4.5,9.6,0,1.75758
4.5,9.7,0,1.69821
4.5,9.8,0,1.63406
4.5,9.9,0,1.56931
4.5,10,0,1.5022
4.5,10.1,0,1.43509
4.5,10.2,0,1.36998
4.5,10.3,0,1.30523
4.5,10.4,0,1.24262
4.5,10.5,0,1.18214
4.5,10.6,0,1.1222
4.5,10.7,0,1.06528
4.5,10.8,0,1.00837
4.5,10.9,0,0.952459
4.5,11,0,0.896801
4.5,11.1,0,0.841141
4.5,11.2,0,0.785481
4.5,11.3,0,0.729851
4.5,11.4,0,0.674485
4.5,11.5,0,0.619118
4.5,11.6,0,0.564549
4.5,11.7,0,0.510245
4.5,11.8,0,0.456565
4.5,11.9,0,0.40382
4.5,12,0,0.351153
4.5,12.1,0,0.299947
4.5,12.2,0,0.248741
4.5,12.3,0,0.198333
4.5,12.4,0,0.148267
4.5,12.5,0,0.0984891
4.5,12.6,0,0.0492445
4.5,12.7,0,0
4.6,0,0,0
4.6,0.1,0,0.032017
4.6,0.2,0,0.0647421
4.6,0.3,0,0.0968644
4.6,0.4,0,0.130973
4.6,0.5,0,0.162051
4.6,0.6,0,0.195226
4.6,0.7,0,0.228878
4.6,0.8,0,0.261116
4.6,0.9,0,0.295686
4.6,1,0,0.328826
4.6,1.1,0,0.361554
4.6,1.2,0,0.397625
4.6,1.3,0,0.431678
4.6,1.4,0,0.467689
4.6,1.5,0,0.50397
4.6,1.6,0,0.538947
4.6,1.7,0,0.577893
4.6,1.8,0,0.615603
4.6,1.9,0,0.655859
4.6,2,0,0.69426
4.6,2.1,0,0.736193
4.6,2.2,0,0.778503
4.6,2.3,0,0.821021
4.6,2.4,0,0.868678
4.6,2.5,0,0.909367
4.6,2.6,0,0.95722
4.6,2.7,0,1.00869
4.6,2.8,0,1.0555
4.6,2.9,0,1.1117
4.6,3,0,1.1719
4.6,3.1,0,1.21054
4.6,3.2,0,1.28603
4.6,3.3,0,1.33308
4.6,3.4,0,1.36985
4.6,3.5,0,1.4521
4.6,3.6,0,1.41168
4.6,3.7,0,1.46329
4.6,3.8,0,1.44926
4.6,3.9,0,1.39729
4.6,4,0,1.49976
4.6,4.1,0,1.34165
4.6,4.2,0,1.49444
4.6,4.3,0,1.64231
4.6,4.4,0,1.78116
4.6,4.5,0,1.97472
4.6,4.6,0,2.51126
4.6,4.7,0,2.65954
4.6,4.8,0,3.1778
4.6,4.9,0,4.04076
4.6,5,0,4.15991
4.6,5.1,0,5.54371
4.6,5.2,0,6.10514
4.6,5.3,0,6.06178
4.6,5.4,0,6.61222
4.6,5.5,0,6.98403
4.6,5.6,0,7.31608
4.6,5.7,0,7.73268
4.6,5.8,0,7.97907
4.6,5.9,0,8.08041
4.6,6,0,8.2583
4.6,6.1,0,8.38836
4.6,6.2,0,8.48739
4.6,6.3,0,8.60951
4.6,6.4,0,8.66266
4.6,6.5,0,8.64315
4.6,6.6,0,8.67325
4.6,6.7,0,8.64646
4.6,6.8,0,8.56585
4.6,6.9,0,8.5131
4.6,7,0,8.41064
4.6,7.1,0,8.24588
4.6,7.2,0,8.15068
4.6,7.3,0,7.94112
4.6,7.4,0,7.60009
4.6,7.5,0,7.32319
4.6,7.6,0,6.99093
4.6,7.7,0,6.49474
4.6,7.8,0,6.43206
4.6,7.9,0,5.93705
4.6,8,0,4.83689
4.6,8.1,0,4.58424
4.6,8.2,0,3.73018
4.6,8.3,0,3.36039
4.6,8.4,0,3.0027
4.6,8.5,0,2.48725
4.6,8.6,0,2.28656
4.6,8.7,0,2.06262
4.6,8.8,0,1.83061
4.6,8.9,0,1.80674
4.6,9,0,1.75073
4.6,9.1,0,1.69658
4.6,9.2,0,1.73634
4.6,9.3,0,1.65985
4.6,9.4,0,1.68585
4.6,9.5,0,1.61671
4.6,9.6,0,1.58839
4.6,9.7,0,1.54851
4.6,9.8,0,1.48647
4.6,9.9,0,1.45302
4.6,10,0,1.3872
4.6,10.1,0,1.34098
4.6,10.2,0,1.28321
4.6,10.3,0,1.22672
4.6,10.4,0,1.17453
4.6,10.5,0,1.11643
4.6,10.6,0,1.0672
4.6,10.7,0,1.01167
4.6,10.8,0,0.960764
4.6,10.9,0,0.907331
4.6,11,0,0.854113
4.6,11.1,0,0.801876
4.6,11.2,0,0.746633
4.6,11.3,0,0.695734
4.6,11.4,0,0.640198
4.6,11.5,0,0.588733
4.6,11.6,0,0.535474
4.6,11.7,0,0.483162
4.6,11.8,0,0.433147
4.6,11.9,0,0.380544
4.6,12,0,0.333531
4.6,12.1,0,0.28315
4.6,12.2,0,0.235443
4.6,12.3,0,0.187628
4.6,12.4,0,0.1393
4.6,12.5,0,0.0933172
4.6,12.6,0,0.0451391
4.6,12.7,0,0
4.7,0,0,0
4.7,0.1,0,0.0303642
4.7,0.2,0,0.0590755
4.7,0.3,0,0.0911978
4.7,0.4,0,0.120403
4.7,0.5,0,0.150545
4.7,0.6,0,0.181772
4.7,0.7,0,0.211049
4.7,0.8,0,0.243286
4.7,0.9,0,0.272832
4.7,1,0,0.304175
4.7,1.1,0,0.335593
4.7,1.2,0,0.3657
4.7,1.3,0,0.399753
4.7,1.4,0,0.430704
4.7,1.5,0,0.464319
4.7,1.6,0,0.497867
4.7,1.7,0,0.529984
4.7,1.8,0,0.567694
4.7,1.9,0,0.601392
4.7,2,0,0.637441
4.7,2.1,0,0.676194
4.7,2.2,0,0.711766
4.7,2.3,0,0.754285
4.7,2.4,0,0.791473
4.7,2.5,0,0.830411
4.7,2.6,0,0.873681
4.7,2.7,0,0.912368
4.7,2.8,0,0.959174
4.7,2.9,0,1.00041
4.7,3,0,1.05112
4.7,3.1,0,1.09267
4.7,3.2,0,1.13712
4.7,3.3,0,1.18417
4.7,3.4,0,1.22431
4.7,3.5,0,1.28551
4.7,3.6,0,1.2751
4.7,3.7,0,1.29473
4.7,3.8,0,1.2807
4.7,3.9,0,1.26771
4.7,4,0,1.31246
4.7,4.1,0,1.2305
4.7,4.2,0,1.2247
4.7,4.3,0,1.37257
4.7,4.4,0,1.42201
4.7,4.5,0,1.5435
4.7,4.6,0,1.85966
4.7,4.7,0,1.95545
4.7,4.8,0,2.47371
4.7,4.9,0,3.08417
4.7,5,0,3.44898
4.7,5.1,0,4.61988
4.7,5.2,0,5.47143
4.7,5.3,0,5.78604
4.7,5.4,0,6.3391
4.7,5.5,0,6.89609
4.7,5.6,0,7.31811
4.7,5.7,0,7.68006
4.7,5.8,0,7.96002
4.7,5.9,0,8.13281
4.7,6,0,8.30052
4.7,6.1,0,8.45298
4.7,6.2,0,8.57339
4.7,6.3,0,8.66596
4.7,6.4,0,8.7142
4.7,6.5,0,8.72179
4.7,6.6,0,8.73077
4.7,6.7,0,8.70808
4.7,6.8,0,8.65063
4.7,6.9,0,8.57128
4.7,7,0,8.45204
4.7,7.1,0,8.30549
4.7,7.2,0,8.15542
4.7,7.3,0,7.92305
4.7,7.4,0,7.62548
4.7,7.5,0,7.26853
4.7,7.6,0,6.79151
4.7,7.7,0,6.30299
4.7,7.8,0,5.97522
4.7,7.9,0,5.24981
4.7,8,0,4.29955
4.7,8.1,0,3.8346
4.7,8.2,0,3.11856
4.7,8.3,0,2.70314
4.7,8.4,0,2.43808
4.7,8.5,0,2.01505
4.7,8.6,0,1.89544
4.7,8.7,0,1.73941
4.7,8.8,0,1.6027
4.7,8.9,0,1.57669
4.7,9,0,1.53795
4.7,9.1,0,1.53188
4.7,9.2,0,1.54636
4.7,9.3,0,1.5127
4.7,9.4,0,1.51631
4.7,9.5,0,1.47023
4.7,9.6,0,1.44334
4.7,9.7,0,1.40656
4.7,9.8,0,1.37262
4.7,9.9,0,1.33637
4.7,10,0,1.29032
4.7,10.1,0,1.25084
4.7,10.2,0,1.1999
4.7,10.3,0,1.15708
4.7,10.4,0,1.10538
4.7,10.5,0,1.06007
4.7,10.6,0,1.01194
4.7,10.7,0,0.962297
4.7,10.8,0,0.914784
4.7,10.9,0,0.86329
4.7,11,0,0.814573
4.7,11.1,0,0.76242
4.7,11.2,0,0.712355
4.7,11.3,0,0.661636
4.7,11.4,0,0.60963
4.7,11.5,0,0.559761
4.7,11.6,0,0.508163
4.7,11.7,0,0.459657
4.7,11.8,0,0.409625
4.7,11.9,0,0.362691
4.7,12,0,0.315864
4.7,12.1,0,0.268756
4.7,12.2,0,0.223786
4.7,12.3,0,0.17709
4.7,12.4,0,0.133251
4.7,12.5,0,0.0875128
4.7,12.6,0,0.0439191
4.7,12.7,0,0
4.8,0,0,0
4.8,0.1,0,0.026594
4.8,0.2,0,0.0553054
4.8,0.3,0,0.0815347
4.8,0.4,0,0.11074
4.8,0.5,0,0.137087
4.8,0.6,0,0.166325
4.8,0.7,0,0.195603
4.8,0.8,0,0.222004
4.8,0.9,0,0.25155
4.8,1,0,0.275211
4.8,1.1,0,0.307986
4.8,1.2,0,0.338093
4.8,1.3,0,0.364925
4.8,1.4,0,0.395876
4.8,1.5,0,0.417394
4.8,1.6,0,0.454698
4.8,1.7,0,0.486815
4.8,1.8,0,0.514655
4.8,1.9,0,0.548353
4.8,2,0,0.570299
4.8,2.1,0,0.612063
4.8,2.2,0,0.647636
4.8,2.3,0,0.678166
4.8,2.4,0,0.715354
4.8,2.5,0,0.74074
4.8,2.6,0,0.784724
4.8,2.7,0,0.823411
4.8,2.8,0,0.855648
4.8,2.9,0,0.896879
4.8,3,0,0.923789
4.8,3.1,0,0.976183
4.8,3.2,0,1.02064
4.8,3.3,0,1.06552
4.8,3.4,0,1.10566
4.8,3.5,0,1.1003
4.8,3.6,0,1.18324
4.8,3.7,0,1.20287
4.8,3.8,0,1.22676
4.8,3.9,0,1.21378
4.8,4,0,1.03801
4.8,4.1,0,1.1704
4.8,4.2,0,1.1646
4.8,4.3,0,1.05535
4.8,4.4,0,1.10478
4.8,4.5,0,0.84972
4.8,4.6,0,0.971474
4.8,4.7,0,1.06726
4.8,4.8,0,0.772995
4.8,4.9,0,1.38346
4.8,5,0,2.04392
4.8,5.1,0,3.37078
4.8,5.2,0,4.22233
4.8,5.3,0,5.49016
4.8,5.4,0,6.32415
4.8,5.5,0,6.88113
4.8,5.6,0,7.30696
4.8,5.7,0,7.59762
4.8,5.8,0,7.87758
4.8,5.9,0,8.16063
4.8,6,0,8.39591
4.8,6.1,0,8.54837
4.8,6.2,0,8.63442
4.8,6.3,0,8.71486
4.8,6.4,0,8.7631
4.8,6.5,0,8.77333
4.8,6.6,0,8.77962
4.8,6.7,0,8.75693
4.8,6.8,0,8.71004
4.8,6.9,0,8.65856
4.8,7,0,8.53932
4.8,7.1,0,8.33976
4.8,7.2,0,8.10389
4.8,7.3,0,7.87151
4.8,7.4,0,7.6349
4.8,7.5,0,7.29388
4.8,7.6,0,6.81686
4.8,7.7,0,6.09414
4.8,7.8,0,5.04614
4.8,7.9,0,4.32073
4.8,8,0,3.14561
4.8,8.1,0,2.59996
4.8,8.2,0,1.92038
4.8,8.3,0,1.75234
4.8,8.4,0,1.48728
4.8,8.5,0,1.4345
4.8,8.6,0,1.42723
4.8,8.7,0,1.22162
4.8,8.8,0,1.43904
4.8,8.9,0,1.38591
4.8,9,0,1.4365
4.8,9.1,0,1.43043
4.8,9.2,0,1.37067
4.8,9.3,0,1.40131
4.8,9.4,0,1.34021
4.8,9.5,0,1.35475
4.8,9.6,0,1.32625
4.8,9.7,0,1.30036
4.8,9.8,0,1.26642
4.8,9.9,0,1.22902
4.8,10,0,1.20072
4.8,10.1,0,1.15815
4.8,10.2,0,1.12814
4.8,10.3,0,1.08532
4.8,10.4,0,1.04826
4.8,10.5,0,1.00296
4.8,10.6,0,0.95619
4.8,10.7,0,0.915448
4.8,10.8,0,0.866054
4.8,10.9,0,0.823633
4.8,11,0,0.774915
4.8,11.1,0,0.727911
4.8,11.2,0,0.678231
4.8,11.3,0,0.625942
4.8,11.4,0,0.580436
4.8,11.5,0,0.529312
4.8,11.6,0,0.483859
4.8,11.7,0,0.435353
4.8,11.8,0,0.389728
4.8,11.9,0,0.343817
4.8,12,0,0.297437
4.8,12.1,0,0.255585
4.8,12.2,0,0.210916
4.8,12.3,0,0.169736
4.8,12.4,0,0.125896
4.8,12.5,0,0.0843746
4.8,12.6,0,0.0417676
4.8,12.7,0,0
4.9,0,0,0
4.9,0.1,0,0.0244767
4.9,0.2,0,0.0478183
4.9,0.3,0,0.0740477
4.9,0.4,0,0.0981883
4.9,0.5,0,0.121675
4.9,0.6,0,0.150875
4.9,0.7,0,0.171683
4.9,0.8,0,0.198084
4.9,0.9,0,0.224157
4.9,1,0,0.241934
4.9,1.1,0,0.277376
4.9,1.2,0,0.294684
4.9,1.3,0,0.321516
4.9,1.4,0,0.351107
4.9,1.5,0,0.363193
4.9,1.6,0,0.405684
4.9,1.7,0,0.421161
4.9,1.8,0,0.449001
4.9,1.9,0,0.48264
4.9,2,0,0.492834
4.9,2.1,0,0.540789
4.9,2.2,0,0.558666
4.9,2.3,0,0.589197
4.9,2.4,0,0.62677
4.9,2.5,0,0.640352
4.9,2.6,0,0.689634
4.9,2.7,0,0.709349
4.9,2.8,0,0.741586
4.9,2.9,0,0.777322
4.9,3,0,0.789913
4.9,3.1,0,0.850245
4.9,3.2,0,0.856821
4.9,3.3,0,0.901707
4.9,3.4,0,0.947344
4.9,3.5,0,0.896491
4.9,3.6,0,1.04275
4.9,3.7,0,0.945729
4.9,3.8,0,0.969625
4.9,3.9,0,1.01497
4.9,4,0,0.67642
4.9,4.1,0,0.947006
4.9,4.2,0,0.552828
4.9,4.3,0,0.443571
4.9,4.4,0,0.45293
4.9,4.5,0,-0.106629
4.9,4.6,0,0.0410954
4.9,4.7,0,-0.610809
4.9,4.8,0,-0.90507
4.9,4.9,0,-0.76572
4.9,5,0,-0.0552595
4.9,5.1,0,1.58848
4.9,5.2,0,3.62881
4.9,5.3,0,5.17415
4.9,5.4,0,6.1928
4.9,5.5,0,6.94423
4.9,5.6,0,7.28261
4.9,5.7,0,7.5804
4.9,5.8,0,7.87875
4.9,5.9,0,8.16386
4.9,6,0,8.45437
4.9,6.1,0,8.62872
4.9,6.2,0,8.6705
4.9,6.3,0,8.7724
4.9,6.4,0,8.81288
4.9,6.5,0,8.79777
4.9,6.6,0,8.82339
4.9,6.7,0,8.80709
4.9,6.8,0,8.74407
4.9,6.9,0,8.73777
4.9,7,0,8.60179
4.9,7.1,0,8.3487
4.9,7.2,0,8.11049
4.9,7.3,0,7.86779
4.9,7.4,0,7.62835
4.9,7.5,0,7.378
4.9,7.6,0,6.75472
4.9,7.7,0,5.86821
4.9,7.8,0,4.60515
4.9,7.9,0,2.85
4.9,8,0,1.37507
4.9,8.1,0,0.968957
4.9,8.2,0,0.348285
4.9,8.3,0,0.279908
4.9,8.4,0,0.410138
4.9,8.5,0,0.349099
4.9,8.6,0,0.766754
4.9,8.7,0,0.497466
4.9,8.8,0,0.983378
4.9,8.9,0,0.924475
4.9,9,0,1.02536
4.9,9.1,0,1.18534
4.9,9.2,0,1.0631
4.9,9.3,0,1.22468
4.9,9.4,0,1.12258
4.9,9.5,0,1.18551
4.9,9.6,0,1.16425
4.9,9.7,0,1.14333
4.9,9.8,0,1.14929
4.9,9.9,0,1.10463
4.9,10,0,1.10208
4.9,10.1,0,1.05998
4.9,10.2,0,1.04125
4.9,10.3,0,1.00661
4.9,10.4,0,0.970009
4.9,10.5,0,0.941745
4.9,10.6,0,0.891619
4.9,10.7,0,0.86243
4.9,10.8,0,0.811785
4.9,10.9,0,0.774774
4.9,11,0,0.72871
4.9,11.1,0,0.681022
4.9,11.2,0,0.640651
4.9,11.3,0,0.585139
4.9,11.4,0,0.546257
4.9,11.5,0,0.494537
4.9,11.6,0,0.451932
4.9,11.7,0,0.407767
4.9,11.8,0,0.361761
4.9,11.9,0,0.323602
4.9,12,0,0.277001
4.9,12.1,0,0.239328
4.9,12.2,0,0.197893
4.9,12.3,0,0.158033
4.9,12.4,0,0.119401
4.9,12.5,0,0.0781468
4.9,12.6,0,0.040068
4.9,12.7,0,0
5,0,0,0
5,0.1,0,0.0212243
5,0.2,0,0.0424486
5,0.3,0,0.0637015
5,0.4,0,0.084983
5,0.5,0,0.106264
5,0.6,0,0.127033
5,0.7,0,0.147802
5,0.8,0,0.16828
5,0.9,0,0.188469
5,1,0,0.208657
5,1.1,0,0.228632
5,1.2,0,0.248607
5,1.3,0,0.268675
5,1.4,0,0.288833
5,1.5,0,0.308992
5,1.6,0,0.329656
5,1.7,0,0.350321
5,1.8,0,0.371596
5,1.9,0,0.393483
5,2,0,0.41537
5,2.1,0,0.439437
5,2.2,0,0.463505
5,2.3,0,0.488424
5,2.4,0,0.514194
5,2.5,0,0.539964
5,2.6,0,0.564977
5,2.7,0,0.589989
5,2.8,0,0.613204
5,2.9,0,0.63462
5,3,0,0.656036
5,3.1,0,0.670552
5,3.2,0,0.685067
5,3.3,0,0.692395
5,3.4,0,0.692537
5,3.5,0,0.692679
5,3.6,0,0.658976
5,3.7,0,0.625273
5,3.8,0,0.549704
5,3.9,0,0.432268
5,4,0,0.314832
5,4.1,0,0.0588456
5,4.2,0,-0.19714
5,4.3,0,-0.472703
5,4.4,0,-0.767841
5,4.5,0,-1.06298
5,4.6,0,-1.68891
5,4.7,0,-2.31484
5,4.8,0,-2.53314
5,4.9,0,-2.34379
5,5,0,-2.15444
5,5.1,0,0.183085
5,5.2,0,2.52061
5,5.3,0,4.85813
5,5.4,0,5.65818
5,5.5,0,6.45822
5,5.6,0,7.25826
5,5.7,0,7.56121
5,5.8,0,7.86415
5,5.9,0,8.1671
5,6,0,8.34692
5,6.1,0,8.52675
5,6.2,0,8.70657
5,6.3,0,8.74512
5,6.4,0,8.78366
5,6.5,0,8.82221
5,6.6,0,8.80751
5,6.7,0,8.7928
5,6.8,0,8.7781
5,6.9,0,8.63794
5,7,0,8.49779
5,7.1,0,8.35763
5,7.2,0,8.11235
5,7.3,0,7.86708
5,7.4,0,7.62181
5,7.5,0,6.96196
5,7.6,0,6.30212
5,7.7,0,5.64228
5,7.8,0,3.6297
5,7.9,0,1.61711
5,8,0,-0.395473
5,8.1,0,-0.856881
5,8.2,0,-1.31829
5,8.3,0,-1.31553
5,8.4,0,-1.06283
5,8.5,0,-0.803933
5,8.6,0,-0.530556
5,8.7,0,-0.25718
5,8.8,0,-0.00945715
5,8.9,0,0.236915
5,9,0,0.430032
5,9.1,0,0.587645
5,9.2,0,0.725582
5,9.3,0,0.804493
5,9.4,0,0.883404
5,9.5,0,0.919866
5,9.6,0,0.951612
5,9.7,0,0.969237
5,9.8,0,0.975307
5,9.9,0,0.977959
5,10,0,0.966939
5,10.1,0,0.955918
5,10.2,0,0.935216
5,10.3,0,0.912804
5,10.4,0,0.88661
5,10.5,0,0.856632
5,10.6,0,0.82574
5,10.7,0,0.78966
5,10.8,0,0.75358
5,10.9,0,0.713671
5,11,0,0.672805
5,11.1,0,0.630759
5,11.2,0,0.587273
5,11.3,0,0.543785
5,11.4,0,0.500285
5,11.5,0,0.456785
5,11.6,0,0.414962
5,11.7,0,0.373699
5,11.8,0,0.333538
5,11.9,0,0.295033
5,12,0,0.256606
5,12.1,0,0.219681
5,12.2,0,0.182755
5,12.3,0,0.14605
5,12.4,0,0.109441
5,12.5,0,0.0728887
5,12.6,0,0.0364443
5,12.7,0,0
5.1,0,0,0
5.1,0.1,0,0.0192691
5.1,0.2,0,0.0404934
5.1,0.3,0,0.056709
5.1,0.4,0,0.0779904
5.1,0.5,0,0.0934664
5.1,0.6,0,0.114551
5.1,0.7,0,0.13532
5.1,0.8,0,0.149216
5.1,0.9,0,0.169404
5.1,1,0,0.185256
5.1,1.1,0,0.202319
5.1,1.2,0,0.222294
5.1,1.3,0,0.23484
5.1,1.4,0,0.254999
5.1,1.5,0,0.274214
5.1,1.6,0,0.288274
5.1,1.7,0,0.308938
5.1,1.8,0,0.322497
5.1,1.9,0,0.344384
5.1,2,0,0.365243
5.1,2.1,0,0.383382
5.1,2.2,0,0.407449
5.1,2.3,0,0.427175
5.1,2.4,0,0.452945
5.1,2.5,0,0.472879
5.1,2.6,0,0.498893
5.1,2.7,0,0.523905
5.1,2.8,0,0.538637
5.1,2.9,0,0.560054
5.1,3,0,0.582176
5.1,3.1,0,0.578182
5.1,3.2,0,0.592697
5.1,3.3,0,0.565058
5.1,3.4,0,0.5652
5.1,3.5,0,0.615409
5.1,3.6,0,0.47664
5.1,3.7,0,0.442937
5.1,3.8,0,0.297168
5.1,3.9,0,0.179732
5.1,4,0,0.231374
5.1,4.1,0,-0.338877
5.1,4.2,0,-0.594863
5.1,4.3,0,-1.17321
5.1,4.4,0,-1.46835
5.1,4.5,0,-1.18312
5.1,4.6,0,-2.23796
5.1,4.7,0,-2.86389
5.1,4.8,0,-4.6186
5.1,4.9,0,-4.42925
5.1,5,0,-2.58034
5.1,8,0,-1.08615
5.1,8.1,0,-2.53573
5.1,8.2,0,-2.668
5.1,8.3,0,-2.18919
5.1,8.4,0,-1.93649
5.1,8.5,0,-1.3855
5.1,8.6,0,-1.24574
5.1,8.7,0,-0.586883
5.1,8.8,0,-0.505264
5.1,8.9,0,-0.214889
5.1,9,0,0.113536
5.1,9.1,0,0.271149
5.1,9.2,0,0.55875
5.1,9.3,0,0.60826
5.1,9.4,0,0.771782
5.1,9.5,0,0.790503
5.1,9.6,0,0.825129
5.1,9.7,0,0.880328
5.1,9.8,0,0.886398
5.1,9.9,0,0.923464
5.1,10,0,0.900847
5.1,10.1,0,0.90967
5.1,10.2,0,0.881689
5.1,10.3,0,0.859278
5.1,10.4,0,0.842633
5.1,10.5,0,0.812656
5.1,10.6,0,0.794661
5.1,10.7,0,0.753123
5.1,10.8,0,0.723425
5.1,10.9,0,0.68191
5.1,11,0,0.641043
5.1,11.1,0,0.602544
5.1,11.2,0,0.558792
5.1,11.3,0,0.522899
5.1,11.4,0,0.474797
5.1,11.5,0,0.43518
5.1,11.6,0,0.393148
5.1,11.7,0,0.351885
5.1,11.8,0,0.31733
5.1,11.9,0,0.278438
5.1,12,0,0.246241
5.1,12.1,0,0.208679
5.1,12.2,0,0.173293
5.1,12.3,0,0.139846
5.1,12.4,0,0.103236
5.1,12.5,0,0.0703804
5.1,12.6,0,0.0342473
5.1,12.7,0,0
5.2,0,0,0
5.2,0.1,0,0.0173139
5.2,0.2,0,0.0336282
5.2,0.3,0,0.0498437
5.2,0.4,0,0.0709979
5.2,0.5,0,0.0806683
5.2,0.6,0,0.102069
5.2,0.7,0,0.117248
5.2,0.8,0,0.131144
5.2,0.9,0,0.15034
5.2,1,0,0.161855
5.2,1.1,0,0.176006
5.2,1.2,0,0.193368
5.2,1.3,0,0.205914
5.2,1.4,0,0.221165
5.2,1.5,0,0.239435
5.2,1.6,0,0.246891
5.2,1.7,0,0.267223
5.2,1.8,0,0.280782
5.2,1.9,0,0.295285
5.2,2,0,0.315117
5.2,2.1,0,0.327326
5.2,2.2,0,0.3483
5.2,2.3,0,0.368026
5.2,2.4,0,0.391696
5.2,2.5,0,0.405793
5.2,2.6,0,0.432809
5.2,2.7,0,0.45176
5.2,2.8,0,0.466492
5.2,2.9,0,0.485487
5.2,3,0,0.508316
5.2,3.1,0,0.485812
5.2,3.2,0,0.517986
5.2,3.3,0,0.490346
5.2,3.4,0,0.437862
5.2,3.5,0,0.53814
5.2,3.6,0,0.294304
5.2,3.7,0,0.362795
5.2,3.8,0,0.217025
5.2,3.9,0,-0.0728041
5.2,4,0,0.147917
5.2,4.1,0,-0.7366
5.2,4.2,0,-0.703292
5.2,4.3,0,-1.28164
5.2,4.4,0,-2.16886
5.2,4.5,0,-1.30327
5.2,4.6,0,-2.787
5.2,4.7,0,-2.95955
5.2,4.8,0,-4.71426
5.2,4.9,0,-6.51471
5.2,5,0,-3.00624
5.2,8,0,-1.77683
5.2,8.1,0,-4.21457
5.2,8.2,0,-3.05773
5.2,8.3,0,-2.76425
5.2,8.4,0,-2.54059
5.2,8.5,0,-1.73127
5.2,8.6,0,-1.96092
5.2,8.7,0,-0.870696
5.2,8.8,0,-1.00107
5.2,8.9,0,-0.415253
5.2,9,0,-0.118949
5.2,9.1,0,0.0286612
5.2,9.2,0,0.425326
5.2,9.3,0,0.412028
5.2,9.4,0,0.683027
5.2,9.5,0,0.664596
5.2,9.6,0,0.76345
5.2,9.7,0,0.814014
5.2,9.8,0,0.810299
5.2,9.9,0,0.877558
5.2,10,0,0.834755
5.2,10.1,0,0.872723
5.2,10.2,0,0.831338
5.2,10.3,0,0.82605
5.2,10.4,0,0.810014
5.2,10.5,0,0.771639
5.2,10.6,0,0.766142
5.2,10.7,0,0.716586
5.2,10.8,0,0.697996
5.2,10.9,0,0.652035
5.2,11,0,0.617171
5.2,11.1,0,0.580289
5.2,11.2,0,0.531064
5.2,11.3,0,0.503257
5.2,11.4,0,0.449309
5.2,11.5,0,0.417988
5.2,11.6,0,0.373203
5.2,11.7,0,0.335726
5.2,11.8,0,0.303333
5.2,11.9,0,0.261843
5.2,12,0,0.235951
5.2,12.1,0,0.197677
5.2,12.2,0,0.16655
5.2,12.3,0,0.133367
5.2,12.4,0,0.0987524
5.2,12.5,0,0.0669644
5.2,12.6,0,0.0320503
5.2,12.7,0,0
5.3,0,0,0
5.3,0.1,0,0.0173139
5.3,0.2,0,0.0267629
5.3,0.3,0,0.0429785
5.3,0.4,0,0.0581999
5.3,0.5,0,0.0678703
5.3,0.6,0,0.0892708
5.3,0.7,0,0.099176
5.3,0.8,0,0.113072
5.3,0.9,0,0.126939
5.3,1,0,0.138455
5.3,1.1,0,0.152605
5.3,1.2,0,0.164442
5.3,1.3,0,0.176988
5.3,1.4,0,0.186386
5.3,1.5,0,0.204657
5.3,1.6,0,0.212113
5.3,1.7,0,0.225507
5.3,1.8,0,0.239066
5.3,1.9,0,0.245159
5.3,2,0,0.26499
5.3,2.1,0,0.277199
5.3,2.2,0,0.289152
5.3,2.3,0,0.308877
5.3,2.4,0,0.324611
5.3,2.5,0,0.338708
5.3,2.6,0,0.365723
5.3,2.7,0,0.379614
5.3,2.8,0,0.394346
5.3,2.9,0,0.411627
5.3,3,0,0.434456
5.3,3.1,0,0.411952
5.3,3.2,0,0.443274
5.3,3.3,0,0.415635
5.3,3.4,0,0.360593
5.3,3.5,0,0.46087
5.3,3.6,0,0.217034
5.3,3.7,0,0.282652
5.3,3.8,0,0.136883
5.3,3.9,0,-0.156261
5.3,4,0,0.0644599
5.3,4.1,0,-0.820057
5.3,4.2,0,-0.81172
5.3,4.3,0,-1.39007
5.3,4.4,0,-2.28901
5.3,4.5,0,-1.42342
5.3,4.6,0,-2.90715
5.3,4.7,0,-3.05521
5.3,4.8,0,-4.80991
5.3,4.9,0,-6.94061
5.3,5,0,-3.43214
5.3,8,0,-2.46751
5.3,8.1,0,-4.86683
5.3,8.2,0,-3.44746
5.3,8.3,0,-3.15398
5.3,8.4,0,-2.88636
5.3,8.5,0,-2.07704
5.3,8.6,0,-2.25923
5.3,8.7,0,-1.15451
5.3,8.8,0,-1.28311
5.3,8.9,0,-0.615616
5.3,9,0,-0.319312
5.3,9.1,0,-0.104763
5.3,9.2,0,0.291902
5.3,9.3,0,0.308067
5.3,9.4,0,0.594273
5.3,9.5,0,0.575842
5.3,9.6,0,0.701771
5.3,9.7,0,0.752335
5.3,9.8,0,0.764394
5.3,9.9,0,0.831653
5.3,10,0,0.793805
5.3,10.1,0,0.835775
5.3,10.2,0,0.79439
5.3,10.3,0,0.794205
5.3,10.4,0,0.77817
5.3,10.5,0,0.743119
5.3,10.6,0,0.737622
5.3,10.7,0,0.689448
5.3,10.8,0,0.672567
5.3,10.9,0,0.626606
5.3,11,0,0.594916
5.3,11.1,0,0.558034
5.3,11.2,0,0.511421
5.3,11.3,0,0.483614
5.3,11.4,0,0.430501
5.3,11.5,0,0.400797
5.3,11.6,0,0.356012
5.3,11.7,0,0.321729
5.3,11.8,0,0.289336
5.3,11.9,0,0.251474
5.3,12,0,0.225661
5.3,12.1,0,0.188217
5.3,12.2,0,0.159807
5.3,12.3,0,0.126624
5.3,12.4,0,0.0953364
5.3,12.5,0,0.0635484
5.3,12.6,0,0.0316142
5.3,12.7,0,0
5.4,0,0,0
5.4,0.1,0,0.0124039
5.4,0.2,0,0.0198977
5.4,0.3,0,0.0361132
5.4,0.4,0,0.0455291
5.4,0.5,0,0.0550723
5.4,0.6,0,0.0708831
5.4,0.7,0,0.0811042
5.4,0.8,0,0.0950006
5.4,0.9,0,0.104531
5.4,1,0,0.115054
5.4,1.1,0,0.126591
5.4,1.2,0,0.135516
5.4,1.3,0,0.148062
5.4,1.4,0,0.156516
5.4,1.5,0,0.169878
5.4,1.6,0,0.177001
5.4,1.7,0,0.183792
5.4,1.8,0,0.197351
5.4,1.9,0,0.202416
5.4,2,0,0.214864
5.4,2.1,0,0.22398
5.4,2.2,0,0.230003
5.4,2.3,0,0.249728
5.4,2.4,0,0.259625
5.4,2.5,0,0.271623
5.4,2.6,0,0.292576
5.4,2.7,0,0.307469
5.4,2.8,0,0.322201
5.4,2.9,0,0.340188
5.4,3,0,0.360596
5.4,3.1,0,0.35575
5.4,3.2,0,0.368563
5.4,3.3,0,0.340924
5.4,3.4,0,0.335949
5.4,3.5,0,0.3836
5.4,3.6,0,0.241958
5.4,3.7,0,0.20251
5.4,3.8,0,0.0567404
5.4,3.9,0,-0.0673251
5.4,4,0,-0.0189973
5.4,4.1,0,-0.61422
5.4,4.2,0,-0.920148
5.4,4.3,0,-1.4985
5.4,4.4,0,-1.81707
5.4,4.5,0,-1.54356
5.4,4.6,0,-2.57391
5.4,4.7,0,-3.15086
5.4,4.8,0,-4.90557
5.4,4.9,0,-5.37671
5.4,5,0,-3.85804
5.4,8,0,-3.15819
5.4,8.1,0,-4.26839
5.4,8.2,0,-3.83718
5.4,8.3,0,-3.34154
5.4,8.4,0,-2.99531
5.4,8.5,0,-2.4228
5.4,8.6,0,-2.17363
5.4,8.7,0,-1.43832
5.4,8.8,0,-1.27148
5.4,8.9,0,-0.815979
5.4,9,0,-0.469039
5.4,9.1,0,-0.169001
5.4,9.2,0,0.158478
5.4,9.3,0,0.282121
5.4,9.4,0,0.505519
5.4,9.5,0,0.549011
5.4,9.6,0,0.640092
5.4,9.7,0,0.697976
5.4,9.8,0,0.737607
5.4,9.9,0,0.785747
5.4,10,0,0.777044
5.4,10.1,0,0.798828
5.4,10.2,0,0.774973
5.4,10.3,0,0.763419
5.4,10.4,0,0.747312
5.4,10.5,0,0.724409
5.4,10.6,0,0.709103
5.4,10.7,0,0.672036
5.4,10.8,0,0.647139
5.4,10.9,0,0.607852
5.4,11,0,0.57374
5.4,11.1,0,0.53578
5.4,11.2,0,0.497475
5.4,11.3,0,0.463972
5.4,11.4,0,0.419155
5.4,11.5,0,0.383605
5.4,11.6,0,0.343477
5.4,11.7,0,0.30901
5.4,11.8,0,0.275339
5.4,11.9,0,0.243782
5.4,12,0,0.215371
5.4,12.1,0,0.182186
5.4,12.2,0,0.153064
5.4,12.3,0,0.121245
5.4,12.4,0,0.091714
5.4,12.5,0,0.0601324
5.4,12.6,0,0.0303952
5.4,12.7,0,0
5.5,0,0,0
5.5,0.1,0,0.0074938
5.5,0.2,0,0.0149876
5.5,0.3,0,0.0234425
5.5,0.4,0,0.0328583
5.5,0.5,0,0.0422742
5.5,0.6,0,0.0524953
5.5,0.7,0,0.0627164
5.5,0.8,0,0.0725922
5.5,0.9,0,0.0821226
5.5,1,0,0.091653
5.5,1.1,0,0.100578
5.5,1.2,0,0.109503
5.5,1.3,0,0.118192
5.5,1.4,0,0.126646
5.5,1.5,0,0.135099
5.5,1.6,0,0.14189
5.5,1.7,0,0.14868
5.5,1.8,0,0.154608
5.5,1.9,0,0.159672
5.5,2,0,0.164737
5.5,2.1,0,0.17076
5.5,2.2,0,0.176783
5.5,2.3,0,0.184743
5.5,2.4,0,0.19464
5.5,2.5,0,0.204537
5.5,2.6,0,0.21943
5.5,2.7,0,0.234322
5.5,2.8,0,0.250761
5.5,2.9,0,0.268748
5.5,3,0,0.286735
5.5,3.1,0,0.299548
5.5,3.2,0,0.312361
5.5,3.3,0,0.31628
5.5,3.4,0,0.311305
5.5,3.5,0,0.306331
5.5,3.6,0,0.266882
5.5,3.7,0,0.227434
5.5,3.8,0,0.145677
5.5,3.9,0,0.021611
5.5,4,0,-0.102455
5.5,4.1,0,-0.408383
5.5,4.2,0,-0.714311
5.5,4.3,0,-1.02656
5.5,4.4,0,-1.34513
5.5,4.5,0,-1.66371
5.5,4.6,0,-2.24066
5.5,4.7,0,-2.81762
5.5,4.8,0,-3.34167
5.5,4.9,0,-3.81281
5.5,5,0,-4.28395
5.5,8,0,-3.84886
5.5,8.1,0,-3.66995
5.5,8.2,0,-3.49104
5.5,8.3,0,-3.20338
5.5,8.4,0,-2.85715
5.5,8.5,0,-2.49323
5.5,8.6,0,-2.08804
5.5,8.7,0,-1.68284
5.5,8.8,0,-1.25985
5.5,8.9,0,-0.835923
5.5,9,0,-0.48633
5.5,9.1,0,-0.186293
5.5,9.2,0,0.0822234
5.5,9.3,0,0.256176
5.5,9.4,0,0.430128
5.5,9.5,0,0.527941
5.5,9.6,0,0.617294
5.5,9.7,0,0.6793
5.5,9.8,0,0.718931
5.5,9.9,0,0.752243
5.5,10,0,0.760283
5.5,10.1,0,0.768323
5.5,10.2,0,0.759708
5.5,10.3,0,0.748154
5.5,10.4,0,0.730925
5.5,10.5,0,0.708022
5.5,10.6,0,0.684128
5.5,10.7,0,0.654625
5.5,10.8,0,0.625121
5.5,10.9,0,0.59193
5.5,11,0,0.557818
5.5,11.1,0,0.521988
5.5,11.2,0,0.484059
5.5,11.3,0,0.446095
5.5,11.4,0,0.407809
5.5,11.5,0,0.369523
5.5,11.6,0,0.334102
5.5,11.7,0,0.299635
5.5,11.8,0,0.266708
5.5,11.9,0,0.23609
5.5,12,0,0.205535
5.5,12.1,0,0.176155
5.5,12.2,0,0.146775
5.5,12.3,0,0.11729
5.5,12.4,0,0.0877592
5.5,12.5,0,0.0583524
5.5,12.6,0,0.0291762
5.5,12.7,0,0
5.6,0,0,0
5.6,0.1,0,0.00154849
5.6,0.2,0,0.00904229
5.6,0.3,0,0.00988486
5.6,0.4,0,0.0193007
5.6,0.5,0,0.0256203
5.6,0.6,0,0.0341892
5.6,0.7,0,0.0444103
5.6,0.8,0,0.0507929
5.6,0.9,0,0.0603233
5.6,1,0,0.0579686
5.6,1.1,0,0.0745609
5.6,1.2,0,0.0834858
5.6,1.3,0,0.0887967
5.6,1.4,0,0.0972503
5.6,1.5,0,0.0803367
5.6,1.6,0,0.107967
5.6,1.7,0,0.114757
5.6,1.8,0,0.112402
5.6,1.9,0,0.117467
5.6,2,0,0.0837279
5.6,2.1,0,0.116045
5.6,2.2,0,0.122068
5.6,2.3,0,0.117379
5.6,2.4,0,0.127276
5.6,2.5,0,0.108039
5.6,2.6,0,0.143666
5.6,2.7,0,0.158558
5.6,2.8,0,0.178843
5.6,2.9,0,0.19683
5.6,3,0,0.206174
5.6,3.1,0,0.248999
5.6,3.2,0,0.261812
5.6,3.3,0,0.303771
5.6,3.4,0,0.298796
5.6,3.5,0,0.2883
5.6,3.6,0,0.314146
5.6,3.7,0,0.274697
5.6,3.8,0,0.29689
5.6,3.9,0,0.172824
5.6,4,0,0.006479
5.6,4.1,0,-0.08296
5.6,4.2,0,-0.388888
5.6,4.3,0,-0.661566
5.6,4.4,0,-0.980139
5.6,4.5,0,-1.45441
5.6,4.6,0,-1.5421
5.6,4.7,0,-2.11905
5.6,4.8,0,-2.2489
5.6,4.9,0,-2.72004
5.6,5,0,-3.66139
5.6,8,0,-3.47262
5.6,8.1,0,-3.23969
5.6,8.2,0,-3.10007
5.6,8.3,0,-3.05432
5.6,8.4,0,-2.70809
5.6,8.5,0,-2.42569
5.6,8.6,0,-2.06877
5.6,8.7,0,-1.57792
5.6,8.8,0,-1.19949
5.6,8.9,0,-0.771653
5.6,9,0,-0.435894
5.6,9.1,0,-0.135857
5.6,9.2,0,0.123986
5.6,9.3,0,0.281023
5.6,9.4,0,0.466268
5.6,9.5,0,0.535602
5.6,9.6,0,0.625374
5.6,9.7,0,0.678632
5.6,9.8,0,0.718263
5.6,9.9,0,0.748786
5.6,10,0,0.75521
5.6,10.1,0,0.754651
5.6,10.2,0,0.751174
5.6,10.3,0,0.73962
5.6,10.4,0,0.718476
5.6,10.5,0,0.695573
5.6,10.6,0,0.656478
5.6,10.7,0,0.63948
5.6,10.8,0,0.59881
5.6,10.9,0,0.578075
5.6,11,0,0.543962
5.6,11.1,0,0.509152
5.6,11.2,0,0.472163
5.6,11.3,0,0.417693
5.6,11.4,0,0.395279
5.6,11.5,0,0.349222
5.6,11.6,0,0.32232
5.6,11.7,0,0.287854
5.6,11.8,0,0.255761
5.6,11.9,0,0.227187
5.6,12,0,0.191352
5.6,12.1,0,0.170172
5.6,12.2,0,0.139819
5.6,12.3,0,0.113429
5.6,12.4,0,0.0838982
5.6,12.5,0,0.0561453
5.6,12.6,0,0.02753
5.6,12.7,0,0
5.7,0,0,0
5.7,0.1,0,-0.00439683
5.7,0.2,0,0.000655515
5.7,0.3,0,0.00149808
5.7,0.4,0,0.00574315
5.7,0.5,0,0.00896645
5.7,0.6,0,0.015883
5.7,0.7,0,0.0194994
5.7,0.8,0,0.025882
5.7,0.9,0,0.038524
5.7,1,0,0.024284
5.7,1.1,0,0.0485438
5.7,1.2,0,0.0399038
5.7,1.3,0,0.0452147
5.7,1.4,0,0.0678549
5.7,1.5,0,0.0255741
5.7,1.6,0,0.0740436
5.7,1.7,0,0.0473055
5.7,1.8,0,0.0449502
5.7,1.9,0,0.0752607
5.7,2,0,0.00271872
5.7,2.1,0,0.0613297
5.7,2.2,0,0.0300382
5.7,2.3,0,0.0253497
5.7,2.4,0,0.0599127
5.7,2.5,0,0.0115409
5.7,2.6,0,0.0679028
5.7,2.7,0,0.0655026
5.7,2.8,0,0.0857874
5.7,2.9,0,0.124912
5.7,3,0,0.125612
5.7,3.1,0,0.19845
5.7,3.2,0,0.205566
5.7,3.3,0,0.247525
5.7,3.4,0,0.286287
5.7,3.5,0,0.270269
5.7,3.6,0,0.361409
5.7,3.7,0,0.309347
5.7,3.8,0,0.33154
5.7,3.9,0,0.324038
5.7,4,0,0.115413
5.7,4.1,0,0.242463
5.7,4.2,0,-0.203462
5.7,4.3,0,-0.476139
5.7,4.4,0,-0.615144
5.7,4.5,0,-1.24511
5.7,4.6,0,-0.843534
5.7,4.7,0,-1.70728
5.7,4.8,0,-1.83713
5.7,4.9,0,-1.62728
5.7,5,0,-3.03883
5.7,8,0,-3.09638
5.7,8.1,0,-2.80943
5.7,8.2,0,-2.82367
5.7,8.3,0,-2.82669
5.7,8.4,0,-2.55716
5.7,8.5,0,-2.27296
5.7,8.6,0,-2.0495
5.7,8.7,0,-1.46281
5.7,8.8,0,-1.13913
5.7,8.9,0,-0.685029
5.7,9,0,-0.35928
5.7,9.1,0,-0.0811564
5.7,9.2,0,0.184971
5.7,9.3,0,0.30587
5.7,9.4,0,0.50546
5.7,9.5,0,0.545946
5.7,9.6,0,0.642887
5.7,9.7,0,0.69305
5.7,9.8,0,0.71712
5.7,9.9,0,0.746525
5.7,10,0,0.750136
5.7,10.1,0,0.736948
5.7,10.2,0,0.740884
5.7,10.3,0,0.712668
5.7,10.4,0,0.691274
5.7,10.5,0,0.67909
5.7,10.6,0,0.622965
5.7,10.7,0,0.624335
5.7,10.8,0,0.564228
5.7,10.9,0,0.558045
5.7,11,0,0.513411
5.7,11.1,0,0.475176
5.7,11.2,0,0.458498
5.7,11.3,0,0.385
5.7,11.4,0,0.382749
5.7,11.5,0,0.320091
5.7,11.6,0,0.303525
5.7,11.7,0,0.268227
5.7,11.8,0,0.233135
5.7,11.9,0,0.218283
5.7,12,0,0.176193
5.7,12.1,0,0.16419
5.7,12.2,0,0.131142
5.7,12.3,0,0.107109
5.7,12.4,0,0.080048
5.7,12.5,0,0.0523018
5.7,12.6,0,0.0258839
5.7,12.7,0,0
5.8,0,0,0
5.8,0.1,0,-0.00439683
5.8,0.2,0,-0.00773126
5.8,0.3,0,-0.00688869
5.8,0.4,0,-0.0109107
5.8,0.5,0,-0.00768742
5.8,0.6,0,-0.000770893
5.8,0.7,0,-0.00541145
5.8,0.8,0,0.000971162
5.8,0.9,0,0.00483947
5.8,1,0,-0.00940045
5.8,1.1,0,0.0148593
5.8,1.2,0,-0.0036782
5.8,1.3,0,0.00163272
5.8,1.4,0,0.0130923
5.8,1.5,0,-0.0291886
5.8,1.6,0,0.019281
5.8,1.7,0,-0.0201461
5.8,1.8,0,-0.0225014
5.8,1.9,0,-0.00574849
5.8,2,0,-0.0782905
5.8,2.1,0,-0.0196795
5.8,2.2,0,-0.0619915
5.8,2.3,0,-0.06668
5.8,2.4,0,-0.0365856
5.8,2.5,0,-0.0849573
5.8,2.6,0,-0.0285954
5.8,2.7,0,-0.027553
5.8,2.8,0,-0.0072682
5.8,2.9,0,0.0443505
5.8,3,0,0.0450504
5.8,3.1,0,0.117889
5.8,3.2,0,0.14932
5.8,3.3,0,0.191279
5.8,3.4,0,0.268256
5.8,3.5,0,0.252237
5.8,3.6,0,0.343378
5.8,3.7,0,0.343997
5.8,3.8,0,0.366189
5.8,3.9,0,0.432971
5.8,4,0,0.224346
5.8,4.1,0,0.351396
5.8,4.2,0,-0.018035
5.8,4.3,0,-0.290713
5.8,4.4,0,-0.405843
5.8,4.5,0,-1.0358
5.8,4.6,0,-0.634232
5.8,4.7,0,-1.29551
5.8,4.8,0,-1.42535
5.8,4.9,0,-1.00472
5.8,5,0,-2.41628
5.8,8,0,-2.72014
5.8,8.1,0,-2.44593
5.8,8.2,0,-2.54726
5.8,8.3,0,-2.55029
5.8,8.4,0,-2.40443
5.8,8.5,0,-2.12023
5.8,8.6,0,-1.92559
5.8,8.7,0,-1.34771
5.8,8.8,0,-1.02463
5.8,8.9,0,-0.598406
5.8,9,0,-0.272657
5.8,9.1,0,-0.0201712
5.8,9.2,0,0.245957
5.8,9.3,0,0.352481
5.8,9.4,0,0.544652
5.8,9.5,0,0.585138
5.8,9.6,0,0.6604
5.8,9.7,0,0.710563
5.8,9.8,0,0.71486
5.8,9.9,0,0.744265
5.8,10,0,0.739333
5.8,10.1,0,0.719245
5.8,10.2,0,0.723181
5.8,10.3,0,0.68446
5.8,10.4,0,0.663066
5.8,10.5,0,0.645577
5.8,10.6,0,0.589453
5.8,10.7,0,0.590344
5.8,10.8,0,0.529645
5.8,10.9,0,0.523463
5.8,11,0,0.479435
5.8,11.1,0,0.4412
5.8,11.2,0,0.425805
5.8,11.3,0,0.352308
5.8,11.4,0,0.351269
5.8,11.5,0,0.290959
5.8,11.6,0,0.274393
5.8,11.7,0,0.245602
5.8,11.8,0,0.210509
5.8,11.9,0,0.202965
5.8,12,0,0.161033
5.8,12.1,0,0.150548
5.8,12.2,0,0.122466
5.8,12.3,0,0.0984328
5.8,12.4,0,0.0762046
5.8,12.5,0,0.0484584
5.8,12.6,0,0.0253932
5.8,12.7,0,0
5.9,0,0,0
5.9,0.1,0,-0.00683829
5.9,0.2,0,-0.016118
5.9,0.3,0,-0.0152755
5.9,0.4,0,-0.0223938
5.9,0.5,0,-0.0243413
5.9,0.6,0,-0.0240295
5.9,0.7,0,-0.0303223
5.9,0.8,0,-0.0239397
5.9,0.9,0,-0.0319566
5.9,1,0,-0.043085
5.9,1.1,0,-0.0363901
5.9,1.2,0,-0.0472602
5.9,1.3,0,-0.0419493
5.9,1.4,0,-0.055857
5.9,1.5,0,-0.0839512
5.9,1.6,0,-0.0690102
5.9,1.7,0,-0.0875977
5.9,1.8,0,-0.089953
5.9,1.9,0,-0.112003
5.9,2,0,-0.1593
5.9,2.1,0,-0.138003
5.9,2.2,0,-0.154021
5.9,2.3,0,-0.15871
5.9,2.4,0,-0.15775
5.9,2.5,0,-0.181456
5.9,2.6,0,-0.142386
5.9,2.7,0,-0.120609
5.9,2.8,0,-0.100324
5.9,2.9,0,-0.0573488
5.9,3,0,-0.0355113
5.9,3.1,0,0.0316301
5.9,3.2,0,0.0930747
5.9,3.3,0,0.135034
5.9,3.4,0,0.206488
5.9,3.5,0,0.234206
5.9,3.6,0,0.312733
5.9,3.7,0,0.378646
5.9,3.8,0,0.400839
5.9,3.9,0,0.425341
5.9,4,0,0.33328
5.9,4.1,0,0.320334
5.9,4.2,0,0.167392
5.9,4.3,0,-0.105286
5.9,4.4,0,-0.376111
5.9,4.5,0,-0.826503
5.9,4.6,0,-0.711722
5.9,4.7,0,-0.883731
5.9,4.8,0,-1.01358
5.9,4.9,0,-1.06315
5.9,5,0,-1.79372
5.9,8,0,-2.3439
5.9,8.1,0,-2.22356
5.9,8.2,0,-2.27086
5.9,8.3,0,-2.27248
5.9,8.4,0,-2.18938
5.9,8.5,0,-1.9675
5.9,8.6,0,-1.67702
5.9,8.7,0,-1.2326
5.9,8.8,0,-0.883254
5.9,8.9,0,-0.511783
5.9,9,0,-0.183115
5.9,9.1,0,0.0623726
5.9,9.2,0,0.306942
5.9,9.3,0,0.427811
5.9,9.4,0,0.583844
5.9,9.5,0,0.633344
5.9,9.6,0,0.677913
5.9,9.7,0,0.727805
5.9,9.8,0,0.725365
5.9,9.9,0,0.742004
5.9,10,0,0.724443
5.9,10.1,0,0.701542
5.9,10.2,0,0.689572
5.9,10.3,0,0.655667
5.9,10.4,0,0.633514
5.9,10.5,0,0.599324
5.9,10.6,0,0.55594
5.9,10.7,0,0.537394
5.9,10.8,0,0.495063
5.9,10.9,0,0.474753
5.9,11,0,0.441931
5.9,11.1,0,0.407225
5.9,11.2,0,0.372912
5.9,11.3,0,0.319616
5.9,11.4,0,0.301975
5.9,11.5,0,0.261827
5.9,11.6,0,0.238801
5.9,11.7,0,0.218177
5.9,11.8,0,0.187883
5.9,11.9,0,0.174084
5.9,12,0,0.145874
5.9,12.1,0,0.132695
5.9,12.2,0,0.11379
5.9,12.3,0,0.0897651
5.9,12.4,0,0.070517
5.9,12.5,0,0.044615
5.9,12.6,0,0.023196
5.9,12.7,0,0
6,0,0,0
6,0.1,0,-0.00927975
6,0.2,0,-0.0185595
6,0.3,0,-0.0267585
6,0.4,0,-0.0338769
6,0.5,0,-0.0409952
6,0.6,0,-0.047288
6,0.7,0,-0.0535809
6,0.8,0,-0.0607357
6,0.9,0,-0.0687526
6,1,0,-0.0767694
6,1.1,0,-0.0876395
6,1.2,0,-0.0985096
6,1.3,0,-0.110899
6,1.4,0,-0.124806
6,1.5,0,-0.138714
6,1.6,0,-0.157301
6,1.7,0,-0.175889
6,1.8,0,-0.196208
6,1.9,0,-0.218258
6,2,0,-0.240309
6,2.1,0,-0.256327
6,2.2,0,-0.272345
6,2.3,0,-0.279874
6,2.4,0,-0.278914
6,2.5,0,-0.277954
6,2.6,0,-0.256177
6,2.7,0,-0.234399
6,2.8,0,-0.202023
6,2.9,0,-0.159048
6,3,0,-0.116073
6,3.1,0,-0.0546283
6,3.2,0,0.00681624
6,3.3,0,0.0732659
6,3.4,0,0.144721
6,3.5,0,0.216175
6,3.6,0,0.282088
6,3.7,0,0.348001
6,3.8,0,0.393209
6,3.9,0,0.417711
6,4,0,0.442213
6,4.1,0,0.289271
6,4.2,0,0.136329
6,4.3,0,-0.075554
6,4.4,0,-0.346378
6,4.5,0,-0.617202
6,4.6,0,-0.789212
6,4.7,0,-0.961221
6,4.8,0,-1.07201
6,4.9,0,-1.12159
6,5,0,-1.17116
6,8,0,-1.96766
6,8.1,0,-2.00118
6,8.2,0,-2.03469
6,8.3,0,-1.99241
6,8.4,0,-1.90931
6,8.5,0,-1.7536
6,8.6,0,-1.42844
6,8.7,0,-1.10329
6,8.8,0,-0.74188
6,8.9,0,-0.378562
6,9,0,-0.0859426
6,9.1,0,0.159545
6,9.2,0,0.375557
6,9.3,0,0.503141
6,9.4,0,0.630725
6,9.5,0,0.682388
6,9.6,0,0.725615
6,9.7,0,0.743725
6,9.8,0,0.741285
6,9.9,0,0.734369
6,10,0,0.709553
6,10.1,0,0.684737
6,10.2,0,0.652195
6,10.3,0,0.618291
6,10.4,0,0.584243
6,10.5,0,0.550053
6,10.6,0,0.516224
6,10.7,0,0.484444
6,10.8,0,0.452664
6,10.9,0,0.420051
6,11,0,0.387228
6,11.1,0,0.353337
6,11.2,0,0.31814
6,11.3,0,0.283391
6,11.4,0,0.252681
6,11.5,0,0.221971
6,11.6,0,0.198825
6,11.7,0,0.178201
6,11.8,0,0.159934
6,11.9,0,0.145203
6,12,0,0.130428
6,12.1,0,0.114842
6,12.2,0,0.0992559
6,12.3,0,0.0811064
6,12.4,0,0.0618583
6,12.5,0,0.0419974
6,12.6,0,0.0209987
6,12.7,0,0
6.1,0,0,0
6.1,0.1,0,-0.0129709
6.1,0.2,0,-0.0222506
6.1,0.3,0,-0.0391533
6.1,0.4,0,-0.0462717
6.1,0.5,0,-0.0564586
6.1,0.6,0,-0.0704603
6.1,0.7,0,-0.0767532
6.1,0.8,0,-0.095894
6.1,0.9,0,-0.103911
6.1,1,0,-0.114628
6.1,1.1,0,-0.137674
6.1,1.2,0,-0.148544
6.1,1.3,0,-0.178026
6.1,1.4,0,-0.191933
6.1,1.5,0,-0.203808
6.1,1.6,0,-0.242735
6.1,1.7,0,-0.261322
6.1,1.8,0,-0.301858
6.1,1.9,0,-0.323908
6.1,2,0,-0.329968
6.1,2.1,0,-0.381288
6.1,2.2,0,-0.397306
6.1,2.3,0,-0.411378
6.1,2.4,0,-0.410418
6.1,2.5,0,-0.380193
6.1,2.6,0,-0.380444
6.1,2.7,0,-0.358667
6.1,2.8,0,-0.314443
6.1,2.9,0,-0.271468
6.1,3,0,-0.215216
6.1,3.1,0,-0.148635
6.1,3.2,0,-0.0871909
6.1,3.3,0,0.00923676
6.1,3.4,0,0.0806915
6.1,3.5,0,0.165939
6.1,3.6,0,0.259247
6.1,3.7,0,0.32516
6.1,3.8,0,0.419187
6.1,3.9,0,0.443689
6.1,4,0,0.487844
6.1,4.1,0,0.402044
6.1,4.2,0,0.249102
6.1,4.3,0,-0.0717756
6.1,4.4,0,-0.3426
6.1,4.5,0,-0.49285
6.1,4.6,0,-0.939562
6.1,4.7,0,-1.11157
6.1,4.8,0,-1.18002
6.1,4.9,0,-1.22959
6.1,5,0,-1.00106
6.1,8,0,-1.57029
6.1,8.1,0,-1.74729
6.1,8.2,0,-1.74608
6.1,8.3,0,-1.85346
6.1,8.4,0,-1.77036
6.1,8.5,0,-1.51649
6.1,8.6,0,-1.26628
6.1,8.7,0,-0.800451
6.1,8.8,0,-0.549964
6.1,8.9,0,-0.177098
6.1,9,0,0.0714486
6.1,9.1,0,0.316937
6.1,9.2,0,0.538647
6.1,9.3,0,0.629083
6.1,9.4,0,0.779485
6.1,9.5,0,0.760115
6.1,9.6,0,0.80437
6.1,9.7,0,0.77389
6.1,9.8,0,0.771449
6.1,9.9,0,0.761124
6.1,10,0,0.701453
6.1,10.1,0,0.690847
6.1,10.2,0,0.616572
6.1,10.3,0,0.582667
6.1,10.4,0,0.533487
6.1,10.5,0,0.499297
6.1,10.6,0,0.478019
6.1,10.7,0,0.430714
6.1,10.8,0,0.407483
6.1,10.9,0,0.367109
6.1,11,0,0.334286
6.1,11.1,0,0.299565
6.1,11.2,0,0.263839
6.1,11.3,0,0.239677
6.1,11.4,0,0.198697
6.1,11.5,0,0.176391
6.1,11.6,0,0.154059
6.1,11.7,0,0.133435
6.1,11.8,0,0.130494
6.1,11.9,0,0.115572
6.1,12,0,0.111132
6.1,12.1,0,0.098542
6.1,12.2,0,0.0846705
6.1,12.3,0,0.0743371
6.1,12.4,0,0.055089
6.1,12.5,0,0.0388569
6.1,12.6,0,0.0185576
6.1,12.7,0,0
6.2,0,0,0
6.2,0.1,0,-0.016662
6.2,0.2,0,-0.0290264
6.2,0.3,0,-0.0459291
6.2,0.4,0,-0.0586665
6.2,0.5,0,-0.0719219
6.2,0.6,0,-0.0936326
6.2,0.7,0,-0.10274
6.2,0.8,0,-0.121881
6.2,0.9,0,-0.139069
6.2,1,0,-0.152487
6.2,1.1,0,-0.187707
6.2,1.2,0,-0.199711
6.2,1.3,0,-0.229193
6.2,1.4,0,-0.25906
6.2,1.5,0,-0.268903
6.2,1.6,0,-0.328168
6.2,1.7,0,-0.339586
6.2,1.8,0,-0.380121
6.2,1.9,0,-0.429558
6.2,2,0,-0.419628
6.2,2.1,0,-0.50625
6.2,2.2,0,-0.495248
6.2,2.3,0,-0.50932
6.2,2.4,0,-0.541923
6.2,2.5,0,-0.482431
6.2,2.6,0,-0.504712
6.2,2.7,0,-0.462018
6.2,2.8,0,-0.417794
6.2,2.9,0,-0.383888
6.2,3,0,-0.31436
6.2,3.1,0,-0.242643
6.2,3.2,0,-0.16971
6.2,3.3,0,-0.0732826
6.2,3.4,0,0.0166623
6.2,3.5,0,0.115703
6.2,3.6,0,0.236405
6.2,3.7,0,0.319735
6.2,3.8,0,0.413763
6.2,3.9,0,0.469667
6.2,4,0,0.533476
6.2,4.1,0,0.514818
6.2,4.2,0,0.352552
6.2,4.3,0,0.0316738
6.2,4.4,0,-0.338821
6.2,4.5,0,-0.368498
6.2,4.6,0,-1.08991
6.2,4.7,0,-0.969743
6.2,4.8,0,-1.03819
6.2,4.9,0,-1.3376
6.2,5,0,-0.830967
6.2,8,0,-1.17293
6.2,8.1,0,-1.49341
6.2,8.2,0,-1.3562
6.2,8.3,0,-1.55968
6.2,8.4,0,-1.51376
6.2,8.5,0,-1.14713
6.2,8.6,0,-1.10413
6.2,8.7,0,-0.480866
6.2,8.8,0,-0.358048
6.2,8.9,0,0.0789282
6.2,9,0,0.300193
6.2,9.1,0,0.493697
6.2,9.2,0,0.743951
6.2,9.3,0,0.755025
6.2,9.4,0,0.934412
6.2,9.5,0,0.844413
6.2,9.6,0,0.906234
6.2,9.7,0,0.86355
6.2,9.8,0,0.808289
6.2,9.9,0,0.813697
6.2,10,0,0.693353
6.2,10.1,0,0.70362
6.2,10.2,0,0.590216
6.2,10.3,0,0.566448
6.2,10.4,0,0.516302
6.2,10.5,0,0.452338
6.2,10.6,0,0.447092
6.2,10.7,0,0.376983
6.2,10.8,0,0.368633
6.2,10.9,0,0.318364
6.2,11,0,0.290519
6.2,11.1,0,0.25768
6.2,11.2,0,0.210676
6.2,11.3,0,0.198739
6.2,11.4,0,0.144712
6.2,11.5,0,0.140361
6.2,11.6,0,0.112825
6.2,11.7,0,0.10054
6.2,11.8,0,0.102138
6.2,11.9,0,0.085942
6.2,12,0,0.0914784
6.2,12.1,0,0.0822419
6.2,12.2,0,0.0731109
6.2,12.3,0,0.0651217
6.2,12.4,0,0.0493001
6.2,12.5,0,0.0336766
6.2,12.6,0,0.0161164
6.2,12.7,0,0
6.3,0,0,0
6.3,0.1,0,-0.016662
6.3,0.2,0,-0.0358022
6.3,0.3,0,-0.0527049
6.3,0.4,0,-0.0741299
6.3,0.5,0,-0.0873853
6.3,0.6,0,-0.109096
6.3,0.7,0,-0.128728
6.3,0.8,0,-0.147868
6.3,0.9,0,-0.176928
6.3,1,0,-0.190345
6.3,1.1,0,-0.225566
6.3,1.2,0,-0.250878
6.3,1.3,0,-0.28036
6.3,1.4,0,-0.324155
6.3,1.5,0,-0.333998
6.3,1.6,0,-0.393263
6.3,1.7,0,-0.41785
6.3,1.8,0,-0.458385
6.3,1.9,0,-0.519217
6.3,2,0,-0.509287
6.3,2.1,0,-0.595909
6.3,2.2,0,-0.593189
6.3,2.3,0,-0.607261
6.3,2.4,0,-0.644162
6.3,2.5,0,-0.58467
6.3,2.6,0,-0.60695
6.3,2.7,0,-0.565368
6.3,2.8,0,-0.521145
6.3,2.9,0,-0.483031
6.3,3,0,-0.413503
6.3,3.1,0,-0.341786
6.3,3.2,0,-0.25223
6.3,3.3,0,-0.155802
6.3,3.4,0,-0.0335741
6.3,3.5,0,0.0654661
6.3,3.6,0,0.186168
6.3,3.7,0,0.314311
6.3,3.8,0,0.408338
6.3,3.9,0,0.515298
6.3,4,0,0.579107
6.3,4.1,0,0.560449
6.3,4.2,0,0.456001
6.3,4.3,0,0.135123
6.3,4.4,0,-0.214469
6.3,4.5,0,-0.244146
6.3,4.6,0,-0.96556
6.3,4.7,0,-0.827914
6.3,4.8,0,-0.896362
6.3,4.9,0,-1.1675
6.3,5,0,-0.66087
6.3,8,0,-0.775562
6.3,8.1,0,-1.097
6.3,8.2,0,-0.966308
6.3,8.3,0,-1.16979
6.3,8.4,0,-1.1444
6.3,8.5,0,-0.777771
6.3,8.6,0,-0.77289
6.3,8.7,0,-0.161281
6.3,8.8,0,-0.0398155
6.3,8.9,0,0.334955
6.3,9,0,0.556219
6.3,9.1,0,0.699
6.3,9.2,0,0.949255
6.3,9.3,0,0.927101
6.3,9.4,0,1.08934
6.3,9.5,0,0.99934
6.3,9.6,0,1.0081
6.3,9.7,0,0.965415
6.3,9.8,0,0.860862
6.3,9.9,0,0.86627
6.3,10,0,0.723908
6.3,10.1,0,0.716392
6.3,10.2,0,0.602988
6.3,10.3,0,0.551551
6.3,10.4,0,0.501405
6.3,10.5,0,0.421411
6.3,10.6,0,0.416165
6.3,10.7,0,0.342516
6.3,10.8,0,0.329784
6.3,10.9,0,0.279515
6.3,11,0,0.248634
6.3,11.1,0,0.215795
6.3,11.2,0,0.169738
6.3,11.3,0,0.1578
6.3,11.4,0,0.105445
6.3,11.5,0,0.104331
6.3,11.6,0,0.0767947
6.3,11.7,0,0.072185
6.3,11.8,0,0.0737829
6.3,11.9,0,0.0661034
6.3,12,0,0.071825
6.3,12.1,0,0.0644828
6.3,12.2,0,0.0615513
6.3,12.3,0,0.0535622
6.3,12.4,0,0.0441197
6.3,12.5,0,0.0284962
6.3,12.6,0,0.0154551
6.3,12.7,0,0
6.4,0,0,0
6.4,0.1,0,-0.0197467
6.4,0.2,0,-0.042578
6.4,0.3,0,-0.0594807
6.4,0.4,0,-0.0839742
6.4,0.5,0,-0.102849
6.4,0.6,0,-0.127374
6.4,0.7,0,-0.154715
6.4,0.8,0,-0.173856
6.4,0.9,0,-0.205615
6.4,1,0,-0.228204
6.4,1.1,0,-0.264558
6.4,1.2,0,-0.302045
6.4,1.3,0,-0.331527
6.4,1.4,0,-0.37329
6.4,1.5,0,-0.399092
6.4,1.6,0,-0.451188
6.4,1.7,0,-0.496114
6.4,1.8,0,-0.536649
6.4,1.9,0,-0.581491
6.4,2,0,-0.598947
6.4,2.1,0,-0.658548
6.4,2.2,0,-0.69113
6.4,2.3,0,-0.705202
6.4,2.4,0,-0.712837
6.4,2.5,0,-0.686909
6.4,2.6,0,-0.688272
6.4,2.7,0,-0.668719
6.4,2.8,0,-0.624495
6.4,2.9,0,-0.573105
6.4,3,0,-0.512646
6.4,3.1,0,-0.429441
6.4,3.2,0,-0.334749
6.4,3.3,0,-0.238321
6.4,3.4,0,-0.102301
6.4,3.5,0,0.0152297
6.4,3.6,0,0.15335
6.4,3.7,0,0.308887
6.4,3.8,0,0.402914
6.4,3.9,0,0.529527
6.4,4,0,0.624738
6.4,4.1,0,0.596756
6.4,4.2,0,0.55945
6.4,4.3,0,0.238572
6.4,4.4,0,0.00955385
6.4,4.5,0,-0.119794
6.4,4.6,0,-0.549029
6.4,4.7,0,-0.686085
6.4,4.8,0,-0.754533
6.4,4.9,0,-0.747571
6.4,5,0,-0.490773
6.4,8,0,-0.378196
6.4,8.1,0,-0.563627
6.4,8.2,0,-0.576421
6.4,8.3,0,-0.691659
6.4,8.4,0,-0.652234
6.4,8.5,0,-0.408409
6.4,8.6,0,-0.246103
6.4,8.7,0,0.158304
6.4,8.8,0,0.34388
6.4,8.9,0,0.590981
6.4,9,0,0.825498
6.4,9.1,0,0.963065
6.4,9.2,0,1.15456
6.4,9.3,0,1.16139
6.4,9.4,0,1.24427
6.4,9.5,0,1.17635
6.4,9.6,0,1.10996
6.4,9.7,0,1.07109
6.4,9.8,0,0.963778
6.4,9.9,0,0.918844
6.4,10,0,0.797354
6.4,10.1,0,0.729164
6.4,10.2,0,0.632518
6.4,10.3,0,0.539744
6.4,10.4,0,0.487775
6.4,10.5,0,0.419477
6.4,10.6,0,0.385238
6.4,10.7,0,0.32647
6.4,10.8,0,0.290934
6.4,10.9,0,0.248429
6.4,11,0,0.209147
6.4,11.1,0,0.17391
6.4,11.2,0,0.140158
6.4,11.3,0,0.116862
6.4,11.4,0,0.0824613
6.4,11.5,0,0.0683015
6.4,11.6,0,0.0505416
6.4,11.7,0,0.0462461
6.4,11.8,0,0.0454276
6.4,11.9,0,0.047725
6.4,12,0,0.0521716
6.4,12.1,0,0.04957
6.4,12.2,0,0.0499918
6.4,12.3,0,0.0427802
6.4,12.4,0,0.0371048
6.4,12.5,0,0.0233159
6.4,12.6,0,0.0127159
6.4,12.7,0,0
6.5,0,0,0
6.5,0.1,0,-0.0228313
6.5,0.2,0,-0.0456627
6.5,0.3,0,-0.0693251
6.5,0.4,0,-0.0938186
6.5,0.5,0,-0.118312
6.5,0.6,0,-0.145653
6.5,0.7,0,-0.172993
6.5,0.8,0,-0.202543
6.5,0.9,0,-0.234303
6.5,1,0,-0.266062
6.5,1.1,0,-0.303549
6.5,1.2,0,-0.341036
6.5,1.3,0,-0.380661
6.5,1.4,0,-0.422424
6.5,1.5,0,-0.464187
6.5,1.6,0,-0.509113
6.5,1.7,0,-0.554039
6.5,1.8,0,-0.598922
6.5,1.9,0,-0.643764
6.5,2,0,-0.688606
6.5,2.1,0,-0.721187
6.5,2.2,0,-0.753769
6.5,2.3,0,-0.773877
6.5,2.4,0,-0.781513
6.5,2.5,0,-0.789148
6.5,2.6,0,-0.769594
6.5,2.7,0,-0.750041
6.5,2.8,0,-0.714569
6.5,2.9,0,-0.663179
6.5,3,0,-0.611789
6.5,3.1,0,-0.517097
6.5,3.2,0,-0.422404
6.5,3.3,0,-0.307048
6.5,3.4,0,-0.171027
6.5,3.5,0,-0.0350067
6.5,3.6,0,0.120531
6.5,3.7,0,0.276068
6.5,3.8,0,0.417144
6.5,3.9,0,0.543757
6.5,4,0,0.67037
6.5,4.1,0,0.633064
6.5,4.2,0,0.595758
6.5,4.3,0,0.462595
6.5,4.4,0,0.233577
6.5,4.5,0,0.00455825
6.5,4.6,0,-0.132498
6.5,4.7,0,-0.269554
6.5,4.8,0,-0.334601
6.5,4.9,0,-0.327638
6.5,5,0,-0.320676
6.5,8,0,0.01917
6.5,8.1,0,-0.0302577
6.5,8.2,0,-0.0796853
6.5,8.3,0,-0.0713591
6.5,8.4,0,-0.0319346
6.5,8.5,0,0.0614367
6.5,8.6,0,0.280684
6.5,8.7,0,0.499932
6.5,8.8,0,0.727576
6.5,8.9,0,0.955662
6.5,9,0,1.12944
6.5,9.1,0,1.267
6.5,9.2,0,1.37528
6.5,9.3,0,1.39568
6.5,9.4,0,1.41608
6.5,9.5,0,1.35541
6.5,9.6,0,1.28574
6.5,9.7,0,1.19537
6.5,9.8,0,1.08805
6.5,9.9,0,0.980299
6.5,10,0,0.870799
6.5,10.1,0,0.7613
6.5,10.2,0,0.666017
6.5,10.3,0,0.573243
6.5,10.4,0,0.492707
6.5,10.5,0,0.424409
6.5,10.6,0,0.35906
6.5,10.7,0,0.310424
6.5,10.8,0,0.261788
6.5,10.9,0,0.220636
6.5,11,0,0.181355
6.5,11.1,0,0.144818
6.5,11.2,0,0.111635
6.5,11.3,0,0.079744
6.5,11.4,0,0.0594775
6.5,11.5,0,0.039211
6.5,11.6,0,0.0309228
6.5,11.7,0,0.0266273
6.5,11.8,0,0.0255633
6.5,11.9,0,0.0293467
6.5,12,0,0.0330225
6.5,12.1,0,0.0346572
6.5,12.2,0,0.0362919
6.5,12.3,0,0.0328095
6.5,12.4,0,0.0271342
6.5,12.5,0,0.0199534
6.5,12.6,0,0.00997669
6.5,12.7,0,0
6.6,0,0,0
6.6,0.1,0,-0.0255231
6.6,0.2,0,-0.0483544
6.6,0.3,0,-0.0779002
6.6,0.4,0,-0.102394
6.6,0.5,0,-0.128202
6.6,0.6,0,-0.162353
6.6,0.7,0,-0.189694
6.6,0.8,0,-0.22839
6.6,0.9,0,-0.260149
6.6,1,0,-0.289213
6.6,1.1,0,-0.339655
6.6,1.2,0,-0.377142
6.6,1.3,0,-0.428405
6.6,1.4,0,-0.470168
6.6,1.5,0,-0.508352
6.6,1.6,0,-0.565265
6.6,1.7,0,-0.610191
6.6,1.8,0,-0.663052
6.6,1.9,0,-0.707894
6.6,2,0,-0.784895
6.6,2.1,0,-0.79423
6.6,2.2,0,-0.826812
6.6,2.3,0,-0.857095
6.6,2.4,0,-0.864731
6.6,2.5,0,-1.00444
6.6,2.6,0,-0.863562
6.6,2.7,0,-0.844009
6.6,2.8,0,-0.823834
6.6,2.9,0,-0.772444
6.6,3,0,-0.947972
6.6,3.1,0,-0.628865
6.6,3.2,0,-0.534172
6.6,3.3,0,-0.392991
6.6,3.4,0,-0.25697
6.6,3.5,0,-0.401088
6.6,3.6,0,0.0854113
6.6,3.7,0,0.240949
6.6,3.8,0,0.462598
6.6,3.9,0,0.589211
6.6,4,0,0.384161
6.6,4.1,0,0.802065
6.6,4.2,0,0.764759
6.6,4.3,0,0.745637
6.6,4.4,0,0.516619
6.6,4.5,0,-0.0619559
6.6,4.6,0,0.133052
6.6,4.7,0,-0.004004
6.6,4.8,0,0.0922944
6.6,4.9,0,0.099257
6.6,5,0,-0.305542
6.6,8,0,0.161726
6.6,8.1,0,0.549573
6.6,8.2,0,0.393532
6.6,8.3,0,0.418957
6.6,8.4,0,0.458382
6.6,8.5,0,0.434616
6.6,8.6,0,0.768421
6.6,8.7,0,0.691051
6.6,8.8,0,1.14201
6.6,8.9,0,1.32934
6.6,9,0,1.48772
6.6,9.1,0,1.62529
6.6,9.2,0,1.58262
6.6,9.3,0,1.68576
6.6,9.4,0,1.53786
6.6,9.5,0,1.56335
6.6,9.6,0,1.4863
6.6,9.7,0,1.32615
6.6,9.8,0,1.21884
6.6,9.9,0,1.0067
6.6,10,0,0.939785
6.6,10.1,0,0.759324
6.6,10.2,0,0.688254
6.6,10.3,0,0.59548
6.6,10.4,0,0.485893
6.6,10.5,0,0.417595
6.6,10.6,0,0.312142
6.6,10.7,0,0.287643
6.6,10.8,0,0.219648
6.6,10.9,0,0.190786
6.6,11,0,0.151505
6.6,11.1,0,0.111811
6.6,11.2,0,0.0794371
6.6,11.3,0,0.0375987
6.6,11.4,0,0.0280275
6.6,11.5,0,0.00439302
6.6,11.6,0,0.00475742
6.6,11.7,0,0.000461934
6.6,11.8,0,0.00429381
6.6,11.9,0,0.00992069
6.6,12,0,0.0101082
6.6,12.1,0,0.0228117
6.6,12.2,0,0.0227119
6.6,12.3,0,0.026643
6.6,12.4,0,0.0209677
6.6,12.5,0,0.0159011
6.6,12.6,0,0.00747665
6.6,12.7,0,0
6.7,0,0,0
6.7,0.1,0,-0.0282149
6.7,0.2,0,-0.0529314
6.7,0.3,0,-0.0824772
6.7,0.4,0,-0.110969
6.7,0.5,0,-0.138092
6.7,0.6,0,-0.179054
6.7,0.7,0,-0.205749
6.7,0.8,0,-0.244445
6.7,0.9,0,-0.285996
6.7,1,0,-0.312363
6.7,1.1,0,-0.375761
6.7,1.2,0,-0.409047
6.7,1.3,0,-0.460311
6.7,1.4,0,-0.517913
6.7,1.5,0,-0.552517
6.7,1.6,0,-0.621417
6.7,1.7,0,-0.673638
6.7,1.8,0,-0.726499
6.7,1.9,0,-0.772024
6.7,2,0,-0.881185
6.7,2.1,0,-0.867273
6.7,2.2,0,-0.975178
6.7,2.3,0,-1.00546
6.7,2.4,0,-0.947949
6.7,2.5,0,-1.21973
6.7,2.6,0,-0.95753
6.7,2.7,0,-1.12687
6.7,2.8,0,-1.1067
6.7,2.9,0,-0.881708
6.7,3,0,-1.28415
6.7,3.1,0,-0.740632
6.7,3.2,0,-0.899669
6.7,3.3,0,-0.758487
6.7,3.4,0,-0.342913
6.7,3.5,0,-0.767169
6.7,3.6,0,0.0502917
6.7,3.7,0,-0.0965638
6.7,3.8,0,0.125086
6.7,3.9,0,0.634666
6.7,4,0,0.0979528
6.7,4.1,0,0.971066
6.7,4.2,0,0.573574
6.7,4.3,0,0.554452
6.7,4.4,0,0.79966
6.7,4.5,0,-0.12847
6.7,4.6,0,0.398602
6.7,4.7,0,8.95e-05
6.7,4.8,0,0.0963879
6.7,4.9,0,0.526152
6.7,5,0,-0.290407
6.7,8,0,0.304281
6.7,8.1,0,1.1294
6.7,8.2,0,0.555792
6.7,8.3,0,0.706856
6.7,8.4,0,0.785653
6.7,8.5,0,0.605636
6.7,8.6,0,1.25616
6.7,8.7,0,0.846859
6.7,8.8,0,1.55645
6.7,8.9,0,1.47012
6.7,9,0,1.68866
6.7,9.1,0,1.88454
6.7,9.2,0,1.69594
6.7,9.3,0,1.97584
6.7,9.4,0,1.61416
6.7,9.5,0,1.76009
6.7,9.6,0,1.52077
6.7,9.7,0,1.37702
6.7,9.8,0,1.30913
6.7,9.9,0,1.00156
6.7,10,0,1.00877
6.7,10.1,0,0.724085
6.7,10.2,0,0.699486
6.7,10.3,0,0.547776
6.7,10.4,0,0.436334
6.7,10.5,0,0.400935
6.7,10.6,0,0.253909
6.7,10.7,0,0.264861
6.7,10.8,0,0.163168
6.7,10.9,0,0.153004
6.7,11,0,0.103926
6.7,11.1,0,0.0605946
6.7,11.2,0,0.0461464
6.7,11.3,0,-0.00743725
6.7,11.4,0,-0.00342251
6.7,11.5,0,-0.0342522
6.7,11.6,0,-0.026453
6.7,11.7,0,-0.0297825
6.7,11.8,0,-0.0275103
6.7,11.9,0,-0.00950527
6.7,12,0,-0.0141238
6.7,12.1,0,0.0109662
6.7,12.2,0,0.00607117
6.7,12.3,0,0.015128
6.7,12.4,0,0.0133122
6.7,12.5,0,0.00732142
6.7,12.6,0,0.0049766
6.7,12.7,0,0
6.8,0,0,0
6.8,0.1,0,-0.0282149
6.8,0.2,0,-0.0575084
6.8,0.3,0,-0.0870541
6.8,0.4,0,-0.120859
6.8,0.5,0,-0.147982
6.8,0.6,0,-0.188943
6.8,0.7,0,-0.221804
6.8,0.8,0,-0.2605
6.8,0.9,0,-0.309146
6.8,1,0,-0.335514
6.8,1.1,0,-0.398911
6.8,1.2,0,-0.440953
6.8,1.3,0,-0.492217
6.8,1.4,0,-0.562078
6.8,1.5,0,-0.596682
6.8,1.6,0,-0.665583
6.8,1.7,0,-0.737085
6.8,1.8,0,-0.789946
6.8,1.9,0,-0.868314
6.8,2,0,-0.977474
6.8,2.1,0,-0.963562
6.8,2.2,0,-1.12354
6.8,2.3,0,-1.15383
6.8,2.4,0,-1.16324
6.8,2.5,0,-1.43502
6.8,2.6,0,-1.17282
6.8,2.7,0,-1.40974
6.8,2.8,0,-1.38956
6.8,2.9,0,-1.21789
6.8,3,0,-1.62034
6.8,3.1,0,-1.07681
6.8,3.2,0,-1.26517
6.8,3.3,0,-1.12398
6.8,3.4,0,-0.708994
6.8,3.5,0,-1.13325
6.8,3.6,0,-0.31579
6.8,3.7,0,-0.434076
6.8,3.8,0,-0.212427
6.8,3.9,0,0.348458
6.8,4,0,-0.188256
6.8,4.1,0,0.684857
6.8,4.2,0,0.382389
6.8,4.3,0,0.363267
6.8,4.4,0,0.733146
6.8,4.5,0,-0.194984
6.8,4.6,0,0.332088
6.8,4.7,0,0.004183
6.8,4.8,0,0.100481
6.8,4.9,0,0.541286
6.8,5,0,-0.275274
6.8,8,0,0.446837
6.8,8.1,0,1.27448
6.8,8.2,0,0.718053
6.8,8.3,0,0.869117
6.8,8.4,0,0.956673
6.8,8.5,0,0.776656
6.8,8.6,0,1.41553
6.8,8.7,0,1.00267
6.8,8.8,0,1.71194
6.8,8.9,0,1.61089
6.8,9,0,1.82943
6.8,9.1,0,1.99786
6.8,9.2,0,1.80926
6.8,9.3,0,2.06474
6.8,9.4,0,1.69046
6.8,9.5,0,1.83639
6.8,9.6,0,1.55525
6.8,9.7,0,1.41149
6.8,9.8,0,1.30399
6.8,9.9,0,0.99642
6.8,10,0,0.986979
6.8,10.1,0,0.688846
6.8,10.2,0,0.664247
6.8,10.3,0,0.495302
6.8,10.4,0,0.38386
6.8,10.5,0,0.342702
6.8,10.6,0,0.195676
6.8,10.7,0,0.207411
6.8,10.8,0,0.106687
6.8,10.9,0,0.0965237
6.8,11,0,0.0527099
6.8,11.1,0,0.00937864
6.8,11.2,0,0.00111045
6.8,11.3,0,-0.0524732
6.8,11.4,0,-0.0462829
6.8,11.5,0,-0.0728975
6.8,11.6,0,-0.0650983
6.8,11.7,0,-0.0615867
6.8,11.8,0,-0.0593145
6.8,11.9,0,-0.0338984
6.8,12,0,-0.0383559
6.8,12.1,0,-0.0114891
6.8,12.2,0,-0.0105696
6.8,12.3,0,-0.00151278
6.8,12.4,0,0.00473254
6.8,12.5,0,-0.00125826
6.8,12.6,0,0.00388132
6.8,12.7,0,0
6.9,0,0,0
6.9,0.1,0,-0.0301001
6.9,0.2,0,-0.0620853
6.9,0.3,0,-0.0916311
6.9,0.4,0,-0.12675
6.9,0.5,0,-0.157871
6.9,0.6,0,-0.198188
6.9,0.7,0,-0.237859
6.9,0.8,0,-0.276555
6.9,0.9,0,-0.322505
6.9,1,0,-0.358664
6.9,1.1,0,-0.417861
6.9,1.2,0,-0.472859
6.9,1.3,0,-0.524122
6.9,1.4,0,-0.590404
6.9,1.5,0,-0.640848
6.9,1.6,0,-0.717042
6.9,1.7,0,-0.800531
6.9,1.8,0,-0.853393
6.9,1.9,0,-0.96392
6.9,2,0,-1.07376
6.9,2.1,0,-1.13517
6.9,2.2,0,-1.27191
6.9,2.3,0,-1.30219
6.9,2.4,0,-1.44368
6.9,2.5,0,-1.65031
6.9,2.6,0,-1.57701
6.9,2.7,0,-1.69261
6.9,2.8,0,-1.67243
6.9,2.9,0,-1.72767
6.9,3,0,-1.95652
6.9,3.1,0,-1.66673
6.9,3.2,0,-1.63066
6.9,3.3,0,-1.48948
6.9,3.4,0,-1.35463
6.9,3.5,0,-1.49933
6.9,3.6,0,-0.984264
6.9,3.7,0,-0.771589
6.9,3.8,0,-0.54994
6.9,3.9,0,-0.320718
6.9,4,0,-0.474464
6.9,4.1,0,0.0384628
6.9,4.2,0,0.191203
6.9,4.3,0,0.172082
6.9,4.4,0,0.192405
6.9,4.5,0,-0.261499
6.9,4.6,0,0.0041172
6.9,4.7,0,0.0082765
6.9,4.8,0,0.104575
6.9,4.9,0,0.133618
6.9,5,0,-0.260139
6.9,8,0,0.589392
6.9,8.1,0,0.999461
6.9,8.2,0,0.880313
6.9,8.3,0,0.909094
6.9,8.4,0,0.967155
6.9,8.5,0,0.947676
6.9,8.6,0,1.25462
6.9,8.7,0,1.15847
6.9,8.8,0,1.59408
6.9,8.9,0,1.75166
6.9,9,0,1.90245
6.9,9.1,0,1.9816
6.9,9.2,0,1.92258
6.9,9.3,0,1.96428
6.9,9.4,0,1.76676
6.9,9.5,0,1.75398
6.9,9.6,0,1.58972
6.9,9.7,0,1.42283
6.9,9.8,0,1.23123
6.9,9.9,0,0.99128
6.9,10,0,0.877614
6.9,10.1,0,0.653607
6.9,10.2,0,0.568603
6.9,10.3,0,0.43916
6.9,10.4,0,0.328105
6.9,10.5,0,0.247553
6.9,10.6,0,0.137444
6.9,10.7,0,0.11548
6.9,10.8,0,0.0502072
6.9,10.9,0,0.0250418
6.9,11,0,-0.00303896
6.9,11.1,0,-0.0418374
6.9,11.2,0,-0.0613248
6.9,11.3,0,-0.0975092
6.9,11.4,0,-0.0985141
6.9,11.5,0,-0.111543
6.9,11.6,0,-0.107103
6.9,11.7,0,-0.0968427
6.9,11.8,0,-0.0911186
6.9,11.9,0,-0.0705086
6.9,12,0,-0.0625879
6.9,12.1,0,-0.0405164
6.9,12.2,0,-0.0272103
6.9,12.3,0,-0.0193345
6.9,12.4,0,-0.00785855
6.9,12.5,0,-0.00983793
6.9,12.6,0,-0.00219831
6.9,12.7,0,0
7,0,0,0
7,0.1,0,-0.0319853
7,0.2,0,-0.0639705
7,0.3,0,-0.0975228
7,0.4,0,-0.132642
7,0.5,0,-0.167761
7,0.6,0,-0.207432
7,0.7,0,-0.247103
7,0.8,0,-0.289914
7,0.9,0,-0.335864
7,1,0,-0.381814
7,1.1,0,-0.436812
7,1.2,0,-0.491809
7,1.3,0,-0.552449
7,1.4,0,-0.618731
7,1.5,0,-0.685013
7,1.6,0,-0.768502
7,1.7,0,-0.851991
7,1.8,0,-0.948999
7,1.9,0,-1.05953
7,2,0,-1.17005
7,2.1,0,-1.30679
7,2.2,0,-1.44352
7,2.3,0,-1.58263
7,2.4,0,-1.72412
7,2.5,0,-1.86561
7,2.6,0,-1.9812
7,2.7,0,-2.09679
7,2.8,0,-2.18221
7,2.9,0,-2.23746
7,3,0,-2.2927
7,3.1,0,-2.25664
7,3.2,0,-2.22057
7,3.3,0,-2.13512
7,3.4,0,-2.00026
7,3.5,0,-1.86541
7,3.6,0,-1.65274
7,3.7,0,-1.44006
7,3.8,0,-1.21912
7,3.9,0,-0.989894
7,4,0,-0.760673
7,4.1,0,-0.607932
7,4.2,0,-0.455191
7,4.3,0,-0.368659
7,4.4,0,-0.348336
7,4.5,0,-0.328013
7,4.6,0,-0.323853
7,4.7,0,-0.319694
7,4.8,0,-0.303093
7,4.9,0,-0.274049
7,5,0,-0.245005
7,8,0,0.731948
7,8.1,0,0.724446
7,8.2,0,0.716943
7,8.3,0,0.752058
7,8.4,0,0.810119
7,8.5,0,0.906827
7,8.6,0,1.09371
7,8.7,0,1.28059
7,8.8,0,1.47623
7,8.9,0,1.67233
7,9,0,1.79826
7,9.1,0,1.87741
7,9.2,0,1.92218
7,9.3,0,1.86381
7,9.4,0,1.80545
7,9.5,0,1.65682
7,9.6,0,1.49815
7,9.7,0,1.32138
7,9.8,0,1.12978
7,9.9,0,0.941788
7,10,0,0.76825
7,10.1,0,0.594711
7,10.2,0,0.458653
7,10.3,0,0.32921
7,10.4,0,0.224212
7,10.5,0,0.143661
7,10.6,0,0.0684561
7,10.7,0,0.0235488
7,10.8,0,-0.0213585
7,10.9,0,-0.0528046
7,11,0,-0.0808853
7,11.1,0,-0.105345
7,11.2,0,-0.125379
7,11.3,0,-0.144076
7,11.4,0,-0.150745
7,11.5,0,-0.157415
7,11.6,0,-0.151387
7,11.7,0,-0.141127
7,11.8,0,-0.127013
7,11.9,0,-0.107119
7,12,0,-0.0873301
7,12.1,0,-0.0695438
7,12.2,0,-0.0517574
7,12.3,0,-0.0383884
7,12.4,0,-0.0269125
7,12.5,0,-0.0165559
7,12.6,0,-0.00827794
7,12.7,0,0
7.1,0,0,0
7.1,0.1,0,-0.0332135
7.1,0.2,0,-0.0651987
7.1,0.3,0,-0.100938
7.1,0.4,0,-0.136057
7.1,0.5,0,-0.178355
7.1,0.6,0,-0.214602
7.1,0.7,0,-0.254273
7.1,0.8,0,-0.299069
7.1,0.9,0,-0.345019
7.1,1,0,-0.405755
7.1,1.1,0,-0.450919
7.1,1.2,0,-0.505916
7.1,1.3,0,-0.574334
7.1,1.4,0,-0.640616
7.1,1.5,0,-0.739553
7.1,1.6,0,-0.809196
7.1,1.7,0,-0.892685
7.1,1.8,0,-1.02833
7.1,1.9,0,-1.13886
7.1,2,0,-1.32505
7.1,2.1,0,-1.46846
7.1,2.2,0,-1.6052
7.1,2.3,0,-1.86826
7.1,2.4,0,-2.00974
7.1,2.5,0,-2.26074
7.1,2.6,0,-2.4061
7.1,2.7,0,-2.52169
7.1,2.8,0,-2.73164
7.1,2.9,0,-2.78688
7.1,3,0,-2.96954
7.1,3.1,0,-2.89821
7.1,3.2,0,-2.86215
7.1,3.3,0,-2.82787
7.1,3.4,0,-2.69302
7.1,3.5,0,-2.67269
7.1,3.6,0,-2.35191
7.1,3.7,0,-2.13924
7.1,3.8,0,-1.87414
7.1,3.9,0,-1.64491
7.1,4,0,-1.49304
7.1,4.1,0,-1.192
7.1,4.2,0,-1.03926
7.1,4.3,0,-0.839309
7.1,4.4,0,-0.818985
7.1,4.5,0,-0.806954
7.1,4.6,0,-0.705752
7.1,4.7,0,-0.701593
7.1,4.8,0,-0.681717
7.1,4.9,0,-0.652673
7.1,5,0,-0.627263
7.1,8,0,0.61599
7.1,8.1,0,0.456483
7.1,8.2,0,0.490384
7.1,8.3,0,0.526339
7.1,8.4,0,0.584401
7.1,8.5,0,0.729932
7.1,8.6,0,0.880391
7.1,8.7,0,1.12573
7.1,8.8,0,1.40212
7.1,8.9,0,1.5814
7.1,9,0,1.76025
7.1,9.1,0,1.83941
7.1,9.2,0,1.79767
7.1,9.3,0,1.82643
7.1,9.4,0,1.6018
7.1,9.5,0,1.59085
7.1,9.6,0,1.42381
7.1,9.7,0,1.21969
7.1,9.8,0,1.02809
7.1,9.9,0,0.735581
7.1,10,0,0.64214
7.1,10.1,0,0.381585
7.1,10.2,0,0.323998
7.1,10.3,0,0.194555
7.1,10.4,0,0.0990668
7.1,10.5,0,0.0185153
7.1,10.6,0,-0.0965577
7.1,10.7,0,-0.0806344
7.1,10.8,0,-0.155782
7.1,10.9,0,-0.134216
7.1,11,0,-0.162297
7.1,11.1,0,-0.175755
7.1,11.2,0,-0.193432
7.1,11.3,0,-0.231911
7.1,11.4,0,-0.21154
7.1,11.5,0,-0.223735
7.1,11.6,0,-0.203021
7.1,11.7,0,-0.192761
7.1,11.8,0,-0.16784
7.1,11.9,0,-0.145435
7.1,12,0,-0.126682
7.1,12.1,0,-0.094884
7.1,12.2,0,-0.078023
7.1,12.3,0,-0.0551976
7.1,12.4,0,-0.0437217
7.1,12.5,0,-0.0241093
7.1,12.6,0,-0.0135962
7.1,12.7,0,0
7.2,0,0,0
7.2,0.1,0,-0.0344417
7.2,0.2,0,-0.0702738
7.2,0.3,0,-0.106013
7.2,0.4,0,-0.139471
7.2,0.5,0,-0.188949
7.2,0.6,0,-0.221771
7.2,0.7,0,-0.270903
7.2,0.8,0,-0.315699
7.2,0.9,0,-0.354174
7.2,1,0,-0.429697
7.2,1.1,0,-0.465026
7.2,1.2,0,-0.540656
7.2,1.3,0,-0.609073
7.2,1.4,0,-0.662501
7.2,1.5,0,-0.794094
7.2,1.6,0,-0.84989
7.2,1.7,0,-0.983882
7.2,1.8,0,-1.11953
7.2,1.9,0,-1.21819
7.2,2,0,-1.48004
7.2,2.1,0,-1.63014
7.2,2.2,0,-1.86203
7.2,2.3,0,-2.12509
7.2,2.4,0,-2.29537
7.2,2.5,0,-2.65588
7.2,2.6,0,-2.83099
7.2,2.7,0,-3.06712
7.2,2.8,0,-3.27706
7.2,2.9,0,-3.33631
7.2,3,0,-3.64639
7.2,3.1,0,-3.53979
7.2,3.2,0,-3.63107
7.2,3.3,0,-3.59679
7.2,3.4,0,-3.38578
7.2,3.5,0,-3.47997
7.2,3.6,0,-3.05109
7.2,3.7,0,-2.93421
7.2,3.8,0,-2.66911
7.2,3.9,0,-2.29993
7.2,4,0,-2.22541
7.2,4.1,0,-1.77607
7.2,4.2,0,-1.6591
7.2,4.3,0,-1.45914
7.2,4.4,0,-1.28963
7.2,4.5,0,-1.2859
7.2,4.6,0,-1.08765
7.2,4.7,0,-1.09498
7.2,4.8,0,-1.0751
7.2,4.9,0,-1.0313
7.2,5,0,-1.00952
7.2,8,0,0.500032
7.2,8.1,0,0.18852
7.2,8.2,0,0.384584
7.2,8.3,0,0.374613
7.2,8.4,0,0.416435
7.2,8.5,0,0.617312
7.2,8.6,0,0.667074
7.2,8.7,0,0.977829
7.2,8.8,0,1.328
7.2,8.9,0,1.39438
7.2,9,0,1.61445
7.2,9.1,0,1.72641
7.2,9.2,0,1.57416
7.2,9.3,0,1.78904
7.2,9.4,0,1.35321
7.2,9.5,0,1.50933
7.2,9.6,0,1.16105
7.2,9.7,0,0.984345
7.2,9.8,0,0.877596
7.2,9.9,0,0.470043
7.2,10,0,0.51603
7.2,10.1,0,0.127672
7.2,10.2,0,0.166507
7.2,10.3,0,-0.027734
7.2,10.4,0,-0.122615
7.2,10.5,0,-0.119725
7.2,10.6,0,-0.290086
7.2,10.7,0,-0.184818
7.2,10.8,0,-0.312605
7.2,10.9,0,-0.23809
7.2,11,0,-0.278576
7.2,11.1,0,-0.299187
7.2,11.2,0,-0.26379
7.2,11.3,0,-0.327054
7.2,11.4,0,-0.272335
7.2,11.5,0,-0.296336
7.2,11.6,0,-0.263131
7.2,11.7,0,-0.246955
7.2,11.8,0,-0.223012
7.2,11.9,0,-0.183751
7.2,12,0,-0.167702
7.2,12.1,0,-0.120224
7.2,12.2,0,-0.105922
7.2,12.3,0,-0.0776695
7.2,12.4,0,-0.0588424
7.2,12.5,0,-0.0381819
7.2,12.6,0,-0.0189144
7.2,12.7,0,0
7.3,0,0,0
7.3,0.1,0,-0.0344417
7.3,0.2,0,-0.0753489
7.3,0.3,0,-0.111088
7.3,0.4,0,-0.150065
7.3,0.5,0,-0.199542
7.3,0.6,0,-0.232365
7.3,0.7,0,-0.287532
7.3,0.8,0,-0.332328
7.3,0.9,0,-0.378115
7.3,1,0,-0.453638
7.3,1.1,0,-0.488967
7.3,1.2,0,-0.575395
7.3,1.3,0,-0.643813
7.3,1.4,0,-0.717041
7.3,1.5,0,-0.848634
7.3,1.6,0,-0.90443
7.3,1.7,0,-1.07508
7.3,1.8,0,-1.21073
7.3,1.9,0,-1.37319
7.3,2,0,-1.63504
7.3,2.1,0,-1.78513
7.3,2.2,0,-2.11886
7.3,2.3,0,-2.38192
7.3,2.4,0,-2.69051
7.3,2.5,0,-3.05102
7.3,2.6,0,-3.22613
7.3,2.7,0,-3.61254
7.3,2.8,0,-3.82249
7.3,2.9,0,-4.01315
7.3,3,0,-4.32323
7.3,3.1,0,-4.21663
7.3,3.2,0,-4.39999
7.3,3.3,0,-4.36571
7.3,3.4,0,-4.19306
7.3,3.5,0,-4.28725
7.3,3.6,0,-3.85837
7.3,3.7,0,-3.72919
7.3,3.8,0,-3.46408
7.3,3.9,0,-3.0323
7.3,4,0,-2.95778
7.3,4.1,0,-2.50844
7.3,4.2,0,-2.27893
7.3,4.3,0,-2.07898
7.3,4.4,0,-1.76858
7.3,4.5,0,-1.76484
7.3,4.6,0,-1.56659
7.3,4.7,0,-1.48837
7.3,4.8,0,-1.46849
7.3,4.9,0,-1.41355
7.3,5,0,-1.39178
7.3,8,0,0.384074
7.3,8.1,0,0.0738592
7.3,8.2,0,0.278785
7.3,8.3,0,0.268814
7.3,8.4,0,0.303815
7.3,8.5,0,0.504692
7.3,8.6,0,0.52743
7.3,8.7,0,0.829928
7.3,8.8,0,1.17927
7.3,8.9,0,1.20736
7.3,9,0,1.42743
7.3,9.1,0,1.5029
7.3,9.2,0,1.35065
7.3,9.3,0,1.54899
7.3,9.4,0,1.10463
7.3,9.5,0,1.26075
7.3,9.6,0,0.898285
7.3,9.7,0,0.721582
7.3,9.8,0,0.612058
7.3,9.9,0,0.204505
7.3,10,0,0.256923
7.3,10.1,0,-0.126242
7.3,10.2,0,-0.0874074
7.3,10.3,0,-0.255998
7.3,10.4,0,-0.350879
7.3,10.5,0,-0.313253
7.3,10.6,0,-0.483614
7.3,10.7,0,-0.361946
7.3,10.8,0,-0.469428
7.3,10.9,0,-0.394913
7.3,11,0,-0.402009
7.3,11.1,0,-0.422619
7.3,11.2,0,-0.358933
7.3,11.3,0,-0.422197
7.3,11.4,0,-0.359803
7.3,11.5,0,-0.368936
7.3,11.6,0,-0.335731
7.3,11.7,0,-0.302127
7.3,11.8,0,-0.278184
7.3,11.9,0,-0.225072
7.3,12,0,-0.208723
7.3,12.1,0,-0.158173
7.3,12.2,0,-0.13382
7.3,12.3,0,-0.105568
7.3,12.4,0,-0.072915
7.3,12.5,0,-0.0522545
7.3,12.6,0,-0.0207109
7.3,12.7,0,0
7.4,0,0,0
7.4,0.1,0,-0.0382885
7.4,0.2,0,-0.0804239
7.4,0.3,0,-0.116163
7.4,0.4,0,-0.162319
7.4,0.5,0,-0.210136
7.4,0.6,0,-0.252419
7.4,0.7,0,-0.304162
7.4,0.8,0,-0.348958
7.4,0.9,0,-0.409531
7.4,1,0,-0.477579
7.4,1.1,0,-0.533541
7.4,1.2,0,-0.610134
7.4,1.3,0,-0.678552
7.4,1.4,0,-0.784436
7.4,1.5,0,-0.903175
7.4,1.6,0,-1.00947
7.4,1.7,0,-1.16628
7.4,1.8,0,-1.30193
7.4,1.9,0,-1.54005
7.4,2,0,-1.79003
7.4,2.1,0,-2.03529
7.4,2.2,0,-2.3757
7.4,2.3,0,-2.63876
7.4,2.4,0,-3.05685
7.4,2.5,0,-3.44616
7.4,2.6,0,-3.7418
7.4,2.7,0,-4.15797
7.4,2.8,0,-4.36791
7.4,2.9,0,-4.68599
7.4,3,0,-5.00007
7.4,3.1,0,-5.02082
7.4,3.2,0,-5.16891
7.4,3.3,0,-5.13463
7.4,3.4,0,-5.0765
7.4,3.5,0,-5.09452
7.4,3.6,0,-4.76144
7.4,3.7,0,-4.52416
7.4,3.8,0,-4.25906
7.4,3.9,0,-3.90463
7.4,4,0,-3.69015
7.4,4.1,0,-3.27658
7.4,4.2,0,-2.89877
7.4,4.3,0,-2.69882
7.4,4.4,0,-2.3967
7.4,4.5,0,-2.24378
7.4,4.6,0,-2.05702
7.4,4.7,0,-1.88175
7.4,4.8,0,-1.86188
7.4,4.9,0,-1.81058
7.4,5,0,-1.77404
7.4,8,0,0.268116
7.4,8.1,0,0.120064
7.4,8.2,0,0.172985
7.4,8.3,0,0.206329
7.4,8.4,0,0.249879
7.4,8.5,0,0.392072
7.4,8.6,0,0.480227
7.4,8.7,0,0.682027
7.4,8.8,0,0.918463
7.4,8.9,0,1.02034
7.4,9,0,1.1891
7.4,9.1,0,1.19061
7.4,9.2,0,1.12714
7.4,9.3,0,1.11428
7.4,9.4,0,0.85604
7.4,9.5,0,0.832118
7.4,9.6,0,0.635522
7.4,9.7,0,0.430929
7.4,9.8,0,0.233424
7.4,9.9,0,-0.0610325
7.4,10,0,-0.13642
7.4,10.1,0,-0.380156
7.4,10.2,0,-0.417005
7.4,10.3,0,-0.491874
7.4,10.4,0,-0.583508
7.4,10.5,0,-0.590154
7.4,10.6,0,-0.677142
7.4,10.7,0,-0.608114
7.4,10.8,0,-0.626252
7.4,10.9,0,-0.581241
7.4,11,0,-0.538277
7.4,11.1,0,-0.546051
7.4,11.2,0,-0.504742
7.4,11.3,0,-0.51734
7.4,11.4,0,-0.466752
7.4,11.5,0,-0.441536
7.4,11.6,0,-0.410439
7.4,11.7,0,-0.363099
7.4,11.8,0,-0.333357
7.4,11.9,0,-0.282949
7.4,12,0,-0.249743
7.4,12.1,0,-0.201752
7.4,12.2,0,-0.161719
7.4,12.3,0,-0.132128
7.4,12.4,0,-0.0912346
7.4,12.5,0,-0.0663271
7.4,12.6,0,-0.0294653
7.4,12.7,0,0
7.5,0,0,0
7.5,0.1,0,-0.0421354
7.5,0.2,0,-0.0842708
7.5,0.3,0,-0.128417
7.5,0.4,0,-0.174573
7.5,0.5,0,-0.22073
7.5,0.6,0,-0.272473
7.5,0.7,0,-0.324215
7.5,0.8,0,-0.380374
7.5,0.9,0,-0.440947
7.5,1,0,-0.50152
7.5,1.1,0,-0.578114
7.5,1.2,0,-0.654708
7.5,1.3,0,-0.745947
7.5,1.4,0,-0.851831
7.5,1.5,0,-0.957715
7.5,1.6,0,-1.11452
7.5,1.7,0,-1.27132
7.5,1.8,0,-1.46878
7.5,1.9,0,-1.70691
7.5,2,0,-1.94503
7.5,2.1,0,-2.28544
7.5,2.2,0,-2.62585
7.5,2.3,0,-3.0051
7.5,2.4,0,-3.4232
7.5,2.5,0,-3.8413
7.5,2.6,0,-4.25746
7.5,2.7,0,-4.67363
7.5,2.8,0,-5.04075
7.5,2.9,0,-5.35884
7.5,3,0,-5.67692
7.5,3.1,0,-5.82501
7.5,3.2,0,-5.9731
7.5,3.3,0,-6.01807
7.5,3.4,0,-5.95994
7.5,3.5,0,-5.9018
7.5,3.6,0,-5.66452
7.5,3.7,0,-5.42724
7.5,3.8,0,-5.13138
7.5,3.9,0,-4.77695
7.5,4,0,-4.42252
7.5,4.1,0,-4.04471
7.5,4.2,0,-3.6669
7.5,4.3,0,-3.32694
7.5,4.4,0,-3.02483
7.5,4.5,0,-2.72272
7.5,4.6,0,-2.54745
7.5,4.7,0,-2.37218
7.5,4.8,0,-2.2589
7.5,4.9,0,-2.2076
7.5,5,0,-2.1563
7.5,8,0,0.152159
7.5,8.1,0,0.16627
7.5,8.2,0,0.180381
7.5,8.3,0,0.213627
7.5,8.4,0,0.257178
7.5,8.5,0,0.321208
7.5,8.6,0,0.433023
7.5,8.7,0,0.544839
7.5,8.8,0,0.657655
7.5,8.9,0,0.770525
7.5,9,0,0.816576
7.5,9.1,0,0.818082
7.5,9.2,0,0.791283
7.5,9.3,0,0.679567
7.5,9.4,0,0.567852
7.5,9.5,0,0.386738
7.5,9.6,0,0.197914
7.5,9.7,0,0.00431481
7.5,9.8,0,-0.19319
7.5,9.9,0,-0.380955
7.5,10,0,-0.529762
7.5,10.1,0,-0.678569
7.5,10.2,0,-0.764528
7.5,10.3,0,-0.839397
7.5,10.4,0,-0.880155
7.5,10.5,0,-0.8868
7.5,10.6,0,-0.887471
7.5,10.7,0,-0.854282
7.5,10.8,0,-0.821094
7.5,10.9,0,-0.780085
7.5,11,0,-0.737121
7.5,11.1,0,-0.695421
7.5,11.2,0,-0.655265
7.5,11.3,0,-0.614995
7.5,11.4,0,-0.573701
7.5,11.5,0,-0.532407
7.5,11.6,0,-0.486578
7.5,11.7,0,-0.439237
7.5,11.8,0,-0.390831
7.5,11.9,0,-0.340825
7.5,12,0,-0.291035
7.5,12.1,0,-0.245331
7.5,12.2,0,-0.199626
7.5,12.3,0,-0.15729
7.5,12.4,0,-0.116397
7.5,12.5,0,-0.0764393
7.5,12.6,0,-0.0382196
7.5,12.7,0,0
7.6,0,0,0
7.6,0.1,0,-0.0451348
7.6,0.2,0,-0.0872701
7.6,0.3,0,-0.137497
7.6,0.4,0,-0.183653
7.6,0.5,0,-0.228432
7.6,0.6,0,-0.290113
7.6,0.7,0,-0.341856
7.6,0.8,0,-0.405372
7.6,0.9,0,-0.465945
7.6,1,0,-0.527331
7.6,1.1,0,-0.613084
7.6,1.2,0,-0.689677
7.6,1.3,0,-0.793654
7.6,1.4,0,-0.899539
7.6,1.5,0,-1.01755
7.6,1.6,0,-1.18833
7.6,1.7,0,-1.34513
7.6,1.8,0,-1.58555
7.6,1.9,0,-1.82368
7.6,2,0,-2.07865
7.6,2.1,0,-2.48339
7.6,2.2,0,-2.8238
7.6,2.3,0,-3.34596
7.6,2.4,0,-3.76405
7.6,2.5,0,-4.13851
7.6,2.6,0,-4.80055
7.6,2.7,0,-5.21672
7.6,2.8,0,-5.78426
7.6,2.9,0,-6.10234
7.6,3,0,-6.19348
7.6,3.1,0,-6.72852
7.6,3.2,0,-6.87661
7.6,3.3,0,-7.00841
7.6,3.4,0,-6.95028
7.6,3.5,0,-6.52254
7.6,3.6,0,-6.63984
7.6,3.7,0,-6.40256
7.6,3.8,0,-6.0486
7.6,3.9,0,-5.69418
7.6,4,0,-4.98321
7.6,4.1,0,-4.79133
7.6,4.2,0,-4.41352
7.6,4.3,0,-3.9009
7.6,4.4,0,-3.59878
7.6,4.5,0,-3.11104
7.6,4.6,0,-2.96521
7.6,4.7,0,-2.78994
7.6,4.8,0,-2.60462
7.6,4.9,0,-2.55332
7.6,5,0,-2.44321
7.6,8,0,0.0585384
7.6,8.1,0,0.19921
7.6,8.2,0,0.177833
7.6,8.3,0,0.206518
7.6,8.4,0,0.250068
7.6,8.5,0,0.205638
7.6,8.6,0,0.336059
7.6,8.7,0,0.318783
7.6,8.8,0,0.445618
7.6,8.9,0,0.536594
7.6,9,0,0.49996
7.6,9.1,0,0.501466
7.6,9.2,0,0.374536
7.6,9.3,0,0.29537
7.6,9.4,0,0.0836808
7.6,9.5,0,-0.0366742
7.6,9.6,0,-0.230137
7.6,9.7,0,-0.436107
7.6,9.8,0,-0.633612
7.6,9.9,0,-0.865739
7.6,10,0,-0.955073
7.6,10.1,0,-1.15514
7.6,10.2,0,-1.14958
7.6,10.3,0,-1.22445
7.6,10.4,0,-1.2034
7.6,10.5,0,-1.21004
7.6,10.6,0,-1.22776
7.6,10.7,0,-1.1113
7.6,10.8,0,-1.10461
7.6,10.9,0,-0.977272
7.6,11,0,-0.934308
7.6,11.1,0,-0.848209
7.6,11.2,0,-0.804806
7.6,11.3,0,-0.76053
7.6,11.4,0,-0.6827
7.6,11.5,0,-0.637401
7.6,11.6,0,-0.56635
7.6,11.7,0,-0.519009
7.6,11.8,0,-0.448634
7.6,11.9,0,-0.397573
7.6,12,0,-0.331872
7.6,12.1,0,-0.285996
7.6,12.2,0,-0.234394
7.6,12.3,0,-0.180842
7.6,12.4,0,-0.139949
7.6,12.5,0,-0.0852471
7.6,12.6,0,-0.0460705
7.6,12.7,0,0
7.7,0,0,0
7.7,0.1,0,-0.0481342
7.7,0.2,0,-0.0903663
7.7,0.3,0,-0.140593
7.7,0.4,0,-0.192734
7.7,0.5,0,-0.236134
7.7,0.6,0,-0.307754
7.7,0.7,0,-0.356873
7.7,0.8,0,-0.420389
7.7,0.9,0,-0.490944
7.7,1,0,-0.553142
7.7,1.1,0,-0.648054
7.7,1.2,0,-0.729753
7.7,1.3,0,-0.833729
7.7,1.4,0,-0.947246
7.7,1.5,0,-1.07738
7.7,1.6,0,-1.26214
7.7,1.7,0,-1.43428
7.7,1.8,0,-1.6747
7.7,1.9,0,-1.94045
7.7,2,0,-2.21227
7.7,2.1,0,-2.68135
7.7,2.2,0,-3.02496
7.7,2.3,0,-3.54711
7.7,2.4,0,-4.10491
7.7,2.5,0,-4.43573
7.7,2.6,0,-5.34364
7.7,2.7,0,-5.62806
7.7,2.8,0,-6.1956
7.7,2.9,0,-6.84585
7.7,3,0,-6.71005
7.7,3.1,0,-7.63203
7.7,3.2,0,-7.46823
7.7,3.3,0,-7.60003
7.7,3.4,0,-7.94062
7.7,3.5,0,-7.14327
7.7,3.6,0,-7.61516
7.7,3.7,0,-7.00871
7.7,3.8,0,-6.65476
7.7,3.9,0,-6.6114
7.7,4,0,-5.54391
7.7,4.1,0,-5.53794
7.7,4.2,0,-4.89551
7.7,4.3,0,-4.38289
7.7,4.4,0,-4.17274
7.7,4.5,0,-3.49936
7.7,4.6,0,-3.38298
7.7,4.7,0,-3.10486
7.7,4.8,0,-2.91953
7.7,4.9,0,-2.89903
7.7,5,0,-2.73013
7.7,8,0,-0.0350817
7.7,8.1,0,0.232151
7.7,8.2,0,0.0717751
7.7,8.3,0,0.138356
7.7,8.4,0,0.170809
7.7,8.5,0,0.0572344
7.7,8.6,0,0.239094
7.7,8.7,0,0.0773592
7.7,8.8,0,0.233581
7.7,8.9,0,0.177555
7.7,9,0,0.152656
7.7,9.1,0,0.12942
7.7,9.2,0,-0.0791978
7.7,9.3,0,-0.088827
7.7,9.4,0,-0.427511
7.7,9.5,0,-0.467557
7.7,9.6,0,-0.762539
7.7,9.7,0,-0.952853
7.7,9.8,0,-1.10037
7.7,9.9,0,-1.39458
7.7,10,0,-1.38038
7.7,10.1,0,-1.65574
7.7,10.2,0,-1.55677
7.7,10.3,0,-1.66854
7.7,10.4,0,-1.64354
7.7,10.5,0,-1.54403
7.7,10.6,0,-1.60709
7.7,10.7,0,-1.36831
7.7,10.8,0,-1.40777
7.7,10.9,0,-1.20602
7.7,11,0,-1.15527
7.7,11.1,0,-1.07405
7.7,11.2,0,-0.954846
7.7,11.3,0,-0.91594
7.7,11.4,0,-0.791699
7.7,11.5,0,-0.737845
7.7,11.6,0,-0.654478
7.7,11.7,0,-0.587253
7.7,11.8,0,-0.51247
7.7,11.9,0,-0.454321
7.7,12,0,-0.37273
7.7,12.1,0,-0.326661
7.7,12.2,0,-0.258754
7.7,12.3,0,-0.204807
7.7,12.4,0,-0.156126
7.7,12.5,0,-0.0968459
7.7,12.6,0,-0.0539213
7.7,12.7,0,0
7.8,0,0,0
7.8,0.1,0,-0.0481342
7.8,0.2,0,-0.0934624
7.8,0.3,0,-0.143689
7.8,0.4,0,-0.200436
7.8,0.5,0,-0.243836
7.8,0.6,0,-0.315456
7.8,0.7,0,-0.37189
7.8,0.8,0,-0.435406
7.8,0.9,0,-0.516755
7.8,1,0,-0.578953
7.8,1.1,0,-0.673864
7.8,1.2,0,-0.769827
7.8,1.3,0,-0.873804
7.8,1.4,0,-1.00708
7.8,1.5,0,-1.13721
7.8,1.6,0,-1.32197
7.8,1.7,0,-1.52342
7.8,1.8,0,-1.76384
7.8,1.9,0,-2.07407
7.8,2,0,-2.34589
7.8,2.1,0,-2.81497
7.8,2.2,0,-3.22612
7.8,2.3,0,-3.74827
7.8,2.4,0,-4.40212
7.8,2.5,0,-4.73294
7.8,2.6,0,-5.64086
7.8,2.7,0,-6.03941
7.8,2.8,0,-6.60695
7.8,2.9,0,-7.36242
7.8,3,0,-7.22662
7.8,3.1,0,-8.1486
7.8,3.2,0,-8.05985
7.8,3.3,0,-8.19165
7.8,3.4,0,-8.56135
7.8,3.5,0,-7.76401
7.8,3.6,0,-8.2359
7.8,3.7,0,-7.61486
7.8,3.8,0,-7.26091
7.8,3.9,0,-7.17209
7.8,4,0,-6.1046
7.8,4.1,0,-6.09864
7.8,4.2,0,-5.37751
7.8,4.3,0,-4.86488
7.8,4.4,0,-4.56105
7.8,4.5,0,-3.88768
7.8,4.6,0,-3.77129
7.8,4.7,0,-3.41977
7.8,4.8,0,-3.23444
7.8,4.9,0,-3.18595
7.8,5,0,-3.01705
7.8,8,0,-0.128702
7.8,8.1,0,0.136943
7.8,8.2,0,-0.0342824
7.8,8.3,0,0.0322981
7.8,8.4,0,0.0224057
7.8,8.5,0,-0.0911688
7.8,8.6,0,0.0194412
7.8,8.7,0,-0.164065
7.8,8.8,0,-0.0103452
7.8,8.9,0,-0.181483
7.8,9,0,-0.206383
7.8,9.1,0,-0.324314
7.8,9.2,0,-0.532932
7.8,9.3,0,-0.580459
7.8,9.4,0,-0.938702
7.8,9.5,0,-0.978749
7.8,9.6,0,-1.29494
7.8,9.7,0,-1.48526
7.8,9.8,0,-1.62921
7.8,9.9,0,-1.92341
7.8,10,0,-1.8936
7.8,10.1,0,-2.15634
7.8,10.2,0,-2.05737
7.8,10.3,0,-2.11665
7.8,10.4,0,-2.09165
7.8,10.5,0,-1.92336
7.8,10.6,0,-1.98642
7.8,10.7,0,-1.71361
7.8,10.8,0,-1.71092
7.8,10.9,0,-1.50917
7.8,11,0,-1.38111
7.8,11.1,0,-1.29989
7.8,11.2,0,-1.11026
7.8,11.3,0,-1.07135
7.8,11.4,0,-0.928397
7.8,11.5,0,-0.838288
7.8,11.6,0,-0.754922
7.8,11.7,0,-0.651089
7.8,11.8,0,-0.576306
7.8,11.9,0,-0.495667
7.8,12,0,-0.413587
7.8,12.1,0,-0.363657
7.8,12.2,0,-0.283115
7.8,12.3,0,-0.229168
7.8,12.4,0,-0.167725
7.8,12.5,0,-0.108445
7.8,12.6,0,-0.055402
7.8,12.7,0,0
7.9,0,0,0
7.9,0.1,0,-0.0482309
7.9,0.2,0,-0.0965585
7.9,0.3,0,-0.146785
7.9,0.4,0,-0.202154
7.9,0.5,0,-0.251539
7.9,0.6,0,-0.320534
7.9,0.7,0,-0.386906
7.9,0.8,0,-0.450422
7.9,0.9,0,-0.532584
7.9,1,0,-0.604764
7.9,1.1,0,-0.704781
7.9,1.2,0,-0.809902
7.9,1.3,0,-0.913879
7.9,1.4,0,-1.05927
7.9,1.5,0,-1.19704
7.9,1.6,0,-1.39714
7.9,1.7,0,-1.61257
7.9,1.8,0,-1.85299
7.9,1.9,0,-2.18006
7.9,2,0,-2.47951
7.9,2.1,0,-2.95179
7.9,2.2,0,-3.42727
7.9,2.3,0,-3.94942
7.9,2.4,0,-4.55964
7.9,2.5,0,-5.03016
7.9,2.6,0,-5.80633
7.9,2.7,0,-6.45075
7.9,2.8,0,-7.01829
7.9,2.9,0,-7.54682
7.9,3,0,-7.74319
7.9,3.1,0,-8.35328
7.9,3.2,0,-8.65147
7.9,3.3,0,-8.78327
7.9,3.4,0,-8.78337
7.9,3.5,0,-8.38474
7.9,3.6,0,-8.48747
7.9,3.7,0,-8.22102
7.9,3.8,0,-7.86707
7.9,3.9,0,-7.42171
7.9,4,0,-6.66529
7.9,4.1,0,-6.39471
7.9,4.2,0,-5.8595
7.9,4.3,0,-5.34688
7.9,4.4,0,-4.85742
7.9,4.5,0,-4.276
7.9,4.6,0,-4.05676
7.9,4.7,0,-3.73468
7.9,4.8,0,-3.54935
7.9,4.9,0,-3.44206
7.9,5,0,-3.30397
7.9,8,0,-0.222322
7.9,8.1,0,-0.0956751
7.9,8.2,0,-0.14034
7.9,8.3,0,-0.127872
7.9,8.4,0,-0.174419
7.9,8.5,0,-0.239572
7.9,8.6,0,-0.273421
7.9,8.7,0,-0.405488
7.9,8.8,0,-0.39877
7.9,8.9,0,-0.540522
7.9,9,0,-0.603348
7.9,9.1,0,-0.803321
7.9,9.2,0,-0.986666
7.9,9.3,0,-1.16119
7.9,9.4,0,-1.44989
7.9,9.5,0,-1.58965
7.9,9.6,0,-1.82734
7.9,9.7,0,-2.03271
7.9,9.8,0,-2.22263
7.9,9.9,0,-2.45225
7.9,10,0,-2.49773
7.9,10.1,0,-2.65694
7.9,10.2,0,-2.60895
7.9,10.3,0,-2.57213
7.9,10.4,0,-2.54334
7.9,10.5,0,-2.40364
7.9,10.6,0,-2.36575
7.9,10.7,0,-2.13907
7.9,10.8,0,-2.01407
7.9,10.9,0,-1.83245
7.9,11,0,-1.62499
7.9,11.1,0,-1.52573
7.9,11.2,0,-1.33547
7.9,11.3,0,-1.22676
7.9,11.4,0,-1.07525
7.9,11.5,0,-0.938731
7.9,11.6,0,-0.845871
7.9,11.7,0,-0.720642
7.9,11.8,0,-0.640142
7.9,11.9,0,-0.543613
7.9,12,0,-0.454445
7.9,12.1,0,-0.38821
7.9,12.2,0,-0.307475
7.9,12.3,0,-0.247679
7.9,12.4,0,-0.179633
7.9,12.5,0,-0.120044
7.9,12.6,0,-0.05915
7.9,12.7,0,0
8,0,0,0
8,0.1,0,-0.0483276
8,0.2,0,-0.0966553
8,0.3,0,-0.148503
8,0.4,0,-0.203872
8,0.5,0,-0.259241
8,0.6,0,-0.325613
8,0.7,0,-0.391985
8,0.8,0,-0.466251
8,0.9,0,-0.548413
8,1,0,-0.630575
8,1.1,0,-0.735697
8,1.2,0,-0.840818
8,1.3,0,-0.966077
8,1.4,0,-1.11147
8,1.5,0,-1.25687
8,1.6,0,-1.4723
8,1.7,0,-1.68773
8,1.8,0,-1.95898
8,1.9,0,-2.28606
8,2,0,-2.61313
8,2.1,0,-3.08861
8,2.2,0,-3.56409
8,2.3,0,-4.10694
8,2.4,0,-4.71716
8,2.5,0,-5.32737
8,2.6,0,-5.9718
8,2.7,0,-6.61622
8,2.8,0,-7.20269
8,2.9,0,-7.73123
8,3,0,-8.25976
8,3.1,0,-8.55796
8,3.2,0,-8.85615
8,3.3,0,-9.00529
8,3.4,0,-9.00539
8,3.5,0,-9.00548
8,3.6,0,-8.73903
8,3.7,0,-8.47259
8,3.8,0,-8.11669
8,3.9,0,-7.67134
8,4,0,-7.22598
8,4.1,0,-6.69078
8,4.2,0,-6.15557
8,4.3,0,-5.64324
8,4.4,0,-5.15378
8,4.5,0,-4.66432
8,4.6,0,-4.34223
8,4.7,0,-4.02014
8,4.8,0,-3.80546
8,4.9,0,-3.69817
8,5,0,-3.59089
8,8,0,-0.315942
8,8.1,0,-0.328293
8,8.2,0,-0.340645
8,8.3,0,-0.375223
8,8.4,0,-0.42177
8,8.5,0,-0.480183
8,8.6,0,-0.566284
8,8.7,0,-0.652384
8,8.8,0,-0.787195
8,8.9,0,-0.92457
8,9,0,-1.0995
8,9.1,0,-1.29948
8,9.2,0,-1.50795
8,9.3,0,-1.74192
8,9.4,0,-1.97588
8,9.5,0,-2.20984
8,9.6,0,-2.44379
8,9.7,0,-2.65353
8,9.8,0,-2.84344
8,9.9,0,-3.01313
8,10,0,-3.10186
8,10.1,0,-3.19059
8,10.2,0,-3.1726
8,10.3,0,-3.13579
8,10.4,0,-3.04753
8,10.5,0,-2.90784
8,10.6,0,-2.75981
8,10.7,0,-2.56454
8,10.8,0,-2.36927
8,10.9,0,-2.16425
8,11,0,-1.9568
8,11.1,0,-1.75719
8,11.2,0,-1.56718
8,11.3,0,-1.38035
8,11.4,0,-1.2221
8,11.5,0,-1.06386
8,11.6,0,-0.930378
8,11.7,0,-0.80515
8,11.8,0,-0.690454
8,11.9,0,-0.591559
8,12,0,-0.493568
8,12.1,0,-0.412763
8,12.2,0,-0.331959
8,12.3,0,-0.260086
8,12.4,0,-0.19204
8,12.5,0,-0.125796
8,12.6,0,-0.0628981
8,12.7,0,0
8.1,0,0,0
8.1,0.1,0,-0.0458313
8.1,0.2,0,-0.0941589
8.1,0.3,0,-0.145773
8.1,0.4,0,-0.201142
8.1,0.5,0,-0.257961
8.1,0.6,0,-0.324136
8.1,0.7,0,-0.390507
8.1,0.8,0,-0.472846
8.1,0.9,0,-0.555007
8.1,1,0,-0.634424
8.1,1.1,0,-0.752887
8.1,1.2,0,-0.858009
8.1,1.3,0,-0.991728
8.1,1.4,0,-1.13712
8.1,1.5,0,-1.26848
8.1,1.6,0,-1.50397
8.1,1.7,0,-1.7194
8.1,1.8,0,-1.99682
8.1,1.9,0,-2.3239
8.1,2,0,-2.60742
8.1,2.1,0,-3.14518
8.1,2.2,0,-3.62066
8.1,2.3,0,-4.20997
8.1,2.4,0,-4.82019
8.1,2.5,0,-5.25126
8.1,2.6,0,-6.15755
8.1,2.7,0,-6.80197
8.1,2.8,0,-7.4827
8.1,2.9,0,-8.01124
8.1,3,0,-8.13051
8.1,3.1,0,-8.89737
8.1,3.2,0,-9.19556
8.1,3.3,0,-9.39067
8.1,3.4,0,-9.39076
8.1,3.5,0,-8.89169
8.1,3.6,0,-9.09378
8.1,3.7,0,-8.82733
8.1,3.8,0,-8.44204
8.1,3.9,0,-7.99669
8.1,4,0,-7.18812
8.1,4.1,0,-7.00097
8.1,4.2,0,-6.46577
8.1,4.3,0,-5.87974
8.1,4.4,0,-5.39028
8.1,4.5,0,-4.69264
8.1,4.6,0,-4.52018
8.1,4.7,0,-4.1981
8.1,4.8,0,-3.95429
8.1,4.9,0,-3.847
8.1,5,0,-3.63259
8.1,8,0,-0.538881
8.1,8.1,0,-0.549301
8.1,8.2,0,-0.562793
8.1,8.3,0,-0.602042
8.1,8.4,0,-0.648589
8.1,8.5,0,-0.743354
8.1,8.6,0,-0.842499
8.1,8.7,0,-0.92897
8.1,8.8,0,-1.14407
8.1,8.9,0,-1.27839
8.1,9,0,-1.56837
8.1,9.1,0,-1.76834
8.1,9.2,0,-2.00283
8.1,9.3,0,-2.31798
8.1,9.4,0,-2.45604
8.1,9.5,0,-2.83469
8.1,9.6,0,-3.06281
8.1,9.7,0,-3.31107
8.1,9.8,0,-3.50099
8.1,9.9,0,-3.58607
8.1,10,0,-3.76438
8.1,10.1,0,-3.74639
8.1,10.2,0,-3.79587
8.1,10.3,0,-3.75906
8.1,10.4,0,-3.58881
8.1,10.5,0,-3.44912
8.1,10.6,0,-3.18774
8.1,10.7,0,-3.00516
8.1,10.8,0,-2.75346
8.1,10.9,0,-2.49236
8.1,11,0,-2.28491
8.1,11.1,0,-1.97757
8.1,11.2,0,-1.7862
8.1,11.3,0,-1.53808
8.1,11.4,0,-1.35179
8.1,11.5,0,-1.17903
8.1,11.6,0,-1.00102
8.1,11.7,0,-0.875787
8.1,11.8,0,-0.730149
8.1,11.9,0,-0.628621
8.1,12,0,-0.52165
8.1,12.1,0,-0.431194
8.1,12.2,0,-0.349044
8.1,12.3,0,-0.266621
8.1,12.4,0,-0.198576
8.1,12.5,0,-0.130879
8.1,12.6,0,-0.0676789
8.1,12.7,0,0
8.2,0,0,0
8.2,0.1,0,-0.0433349
8.2,0.2,0,-0.0927744
8.2,0.3,0,-0.144389
8.2,0.4,0,-0.198412
8.2,0.5,0,-0.25668
8.2,0.6,0,-0.322659
8.2,0.7,0,-0.390783
8.2,0.8,0,-0.473121
8.2,0.9,0,-0.561602
8.2,1,0,-0.638274
8.2,1.1,0,-0.770076
8.2,1.2,0,-0.866338
8.2,1.3,0,-1.00006
8.2,1.4,0,-1.16277
8.2,1.5,0,-1.2801
8.2,1.6,0,-1.53565
8.2,1.7,0,-1.72836
8.2,1.8,0,-2.00578
8.2,1.9,0,-2.36174
8.2,2,0,-2.60171
8.2,2.1,0,-3.20175
8.2,2.2,0,-3.58477
8.2,2.3,0,-4.17408
8.2,2.4,0,-4.92322
8.2,2.5,0,-5.17515
8.2,2.6,0,-6.3433
8.2,2.7,0,-6.69058
8.2,2.8,0,-7.37132
8.2,2.9,0,-8.29125
8.2,3,0,-8.00126
8.2,3.1,0,-9.23678
8.2,3.2,0,-9.06565
8.2,3.3,0,-9.26075
8.2,3.4,0,-9.77614
8.2,3.5,0,-8.7779
8.2,3.6,0,-9.44853
8.2,3.7,0,-8.74338
8.2,3.8,0,-8.35808
8.2,3.9,0,-8.32204
8.2,4,0,-7.15026
8.2,4.1,0,-7.31116
8.2,4.2,0,-6.4699
8.2,4.3,0,-5.88388
8.2,4.4,0,-5.62677
8.2,4.5,0,-4.72097
8.2,4.6,0,-4.69813
8.2,4.7,0,-4.23887
8.2,4.8,0,-3.99506
8.2,4.9,0,-3.99583
8.2,5,0,-3.67428
8.2,8,0,-0.76182
8.2,8.1,0,-0.770309
8.2,8.2,0,-0.788268
8.2,8.3,0,-0.828031
8.2,8.4,0,-0.882214
8.2,8.5,0,-0.983503
8.2,8.6,0,-1.11871
8.2,8.7,0,-1.2056
8.2,8.8,0,-1.50094
8.2,8.9,0,-1.6148
8.2,9,0,-1.94141
8.2,9.1,0,-2.21043
8.2,9.2,0,-2.40544
8.2,9.3,0,-2.89405
8.2,9.4,0,-2.91028
8.2,9.5,0,-3.44502
8.2,9.6,0,-3.55055
8.2,9.7,0,-3.82772
8.2,9.8,0,-4.11356
8.2,9.9,0,-4.09266
8.2,10,0,-4.4269
8.2,10.1,0,-4.25217
8.2,10.2,0,-4.39665
8.2,10.3,0,-4.24623
8.2,10.4,0,-4.07075
8.2,10.5,0,-3.96755
8.2,10.6,0,-3.60972
8.2,10.7,0,-3.44578
8.2,10.8,0,-3.09585
8.2,10.9,0,-2.82473
8.2,11,0,-2.54905
8.2,11.1,0,-2.2286
8.2,11.2,0,-2.00064
8.2,11.3,0,-1.70339
8.2,11.4,0,-1.48148
8.2,11.5,0,-1.27771
8.2,11.6,0,-1.08299
8.2,11.7,0,-0.934926
8.2,11.8,0,-0.784892
8.2,11.9,0,-0.665683
8.2,12,0,-0.550881
8.2,12.1,0,-0.449625
8.2,12.2,0,-0.363756
8.2,12.3,0,-0.277332
8.2,12.4,0,-0.204759
8.2,12.5,0,-0.136844
8.2,12.6,0,-0.0724597
8.2,12.7,0,0
8.3,0,0,0
8.3,0.1,0,-0.0433349
8.3,0.2,0,-0.0913899
8.3,0.3,0,-0.143004
8.3,0.4,0,-0.197132
8.3,0.5,0,-0.2554
8.3,0.6,0,-0.321378
8.3,0.7,0,-0.391058
8.3,0.8,0,-0.473397
8.3,0.9,0,-0.565452
8.3,1,0,-0.642124
8.3,1.1,0,-0.773926
8.3,1.2,0,-0.874667
8.3,1.3,0,-1.00839
8.3,1.4,0,-1.17439
8.3,1.5,0,-1.29171
8.3,1.6,0,-1.54726
8.3,1.7,0,-1.73731
8.3,1.8,0,-2.01473
8.3,1.9,0,-2.35603
8.3,2,0,-2.59599
8.3,2.1,0,-3.19604
8.3,2.2,0,-3.54888
8.3,2.3,0,-4.13819
8.3,2.4,0,-4.8471
8.3,2.5,0,-5.09903
8.3,2.6,0,-6.26718
8.3,2.7,0,-6.57919
8.3,2.8,0,-7.25993
8.3,2.9,0,-8.162
8.3,3,0,-7.87201
8.3,3.1,0,-9.10753
8.3,3.2,0,-8.93573
8.3,3.3,0,-9.13084
8.3,3.4,0,-9.66235
8.3,3.5,0,-8.66411
8.3,3.6,0,-9.33474
8.3,3.7,0,-8.65942
8.3,3.8,0,-8.27413
8.3,3.9,0,-8.28417
8.3,4,0,-7.1124
8.3,4.1,0,-7.2733
8.3,4.2,0,-6.47404
8.3,4.3,0,-5.88801
8.3,4.4,0,-5.6551
8.3,4.5,0,-4.74929
8.3,4.6,0,-4.72646
8.3,4.7,0,-4.27965
8.3,4.8,0,-4.03584
8.3,4.9,0,-4.03752
8.3,5,0,-3.71598
8.3,8,0,-0.984759
8.3,8.1,0,-0.993572
8.3,8.2,0,-1.01374
8.3,8.3,0,-1.05351
8.3,8.4,0,-1.12236
8.3,8.5,0,-1.22365
8.3,8.6,0,-1.38681
8.3,8.7,0,-1.48223
8.3,8.8,0,-1.77885
8.3,8.9,0,-1.9512
8.3,9,0,-2.27781
8.3,9.1,0,-2.61304
8.3,9.2,0,-2.80806
8.3,9.3,0,-3.33072
8.3,9.4,0,-3.36451
8.3,9.5,0,-3.89925
8.3,9.6,0,-4.0383
8.3,9.7,0,-4.31546
8.3,9.8,0,-4.62015
8.3,9.9,0,-4.59925
8.3,10,0,-4.93304
8.3,10.1,0,-4.75794
8.3,10.2,0,-4.90243
8.3,10.3,0,-4.72412
8.3,10.4,0,-4.54864
8.3,10.5,0,-4.38954
8.3,10.6,0,-4.0317
8.3,10.7,0,-3.8322
8.3,10.8,0,-3.43824
8.3,10.9,0,-3.16712
8.3,11,0,-2.80008
8.3,11.1,0,-2.47962
8.3,11.2,0,-2.16595
8.3,11.3,0,-1.86869
8.3,11.4,0,-1.62411
8.3,11.5,0,-1.37639
8.3,11.6,0,-1.18166
8.3,11.7,0,-0.989668
8.3,11.8,0,-0.839634
8.3,11.9,0,-0.695456
8.3,12,0,-0.580112
8.3,12.1,0,-0.475458
8.3,12.2,0,-0.378467
8.3,12.3,0,-0.292043
8.3,12.4,0,-0.210724
8.3,12.5,0,-0.142809
8.3,12.6,0,-0.0732212
8.3,12.7,0,0
8.4,0,0,0
8.4,0.1,0,-0.0444468
8.4,0.2,0,-0.0900054
8.4,0.3,0,-0.14162
8.4,0.4,0,-0.197197
8.4,0.5,0,-0.25412
8.4,0.6,0,-0.32185
8.4,0.7,0,-0.391334
8.4,0.8,0,-0.473672
8.4,0.9,0,-0.562982
8.4,1,0,-0.645974
8.4,1.1,0,-0.768915
8.4,1.2,0,-0.882996
8.4,1.3,0,-1.01672
8.4,1.4,0,-1.16868
8.4,1.5,0,-1.30333
8.4,1.6,0,-1.53616
8.4,1.7,0,-1.74627
8.4,1.8,0,-2.02369
8.4,1.9,0,-2.32143
8.4,2,0,-2.59028
8.4,2.1,0,-3.09787
8.4,2.2,0,-3.51299
8.4,2.3,0,-4.1023
8.4,2.4,0,-4.63207
8.4,2.5,0,-5.02291
8.4,2.6,0,-5.89393
8.4,2.7,0,-6.4678
8.4,2.8,0,-7.14854
8.4,2.9,0,-7.64135
8.4,3,0,-7.74276
8.4,3.1,0,-8.50895
8.4,3.2,0,-8.80581
8.4,3.3,0,-9.00092
8.4,3.4,0,-9.03327
8.4,3.5,0,-8.55032
8.4,3.6,0,-8.78225
8.4,3.7,0,-8.57547
8.4,3.8,0,-8.19017
8.4,3.9,0,-7.83701
8.4,4,0,-7.07453
8.4,4.1,0,-6.92938
8.4,4.2,0,-6.47818
8.4,4.3,0,-5.89215
8.4,4.4,0,-5.45107
8.4,4.5,0,-4.77762
8.4,4.6,0,-4.61761
8.4,4.7,0,-4.32042
8.4,4.8,0,-4.07661
8.4,4.9,0,-3.97117
8.4,5,0,-3.75767
8.4,8,0,-1.2077
8.4,8.1,0,-1.22098
8.4,8.2,0,-1.23922
8.4,8.3,0,-1.28409
8.4,8.4,0,-1.36186
8.4,8.5,0,-1.4638
8.4,8.6,0,-1.62737
8.4,8.7,0,-1.75886
8.4,8.8,0,-2.035
8.4,8.9,0,-2.2876
8.4,9,0,-2.59589
8.4,9.1,0,-2.93674
8.4,9.2,0,-3.21068
8.4,9.3,0,-3.6115
8.4,9.4,0,-3.81875
8.4,9.5,0,-4.22805
8.4,9.6,0,-4.52605
8.4,9.7,0,-4.77752
8.4,9.8,0,-5.00752
8.4,9.9,0,-5.10584
8.4,10,0,-5.28288
8.4,10.1,0,-5.26372
8.4,10.2,0,-5.29066
8.4,10.3,0,-5.19452
8.4,10.4,0,-5.01892
8.4,10.5,0,-4.76027
8.4,10.6,0,-4.45368
8.4,10.7,0,-4.15595
8.4,10.8,0,-3.78063
8.4,10.9,0,-3.45538
8.4,11,0,-3.05354
8.4,11.1,0,-2.73065
8.4,11.2,0,-2.36054
8.4,11.3,0,-2.034
8.4,11.4,0,-1.7584
8.4,11.5,0,-1.47506
8.4,11.6,0,-1.27087
8.4,11.7,0,-1.05217
8.4,11.8,0,-0.894376
8.4,11.9,0,-0.742368
8.4,12,0,-0.609343
8.4,12.1,0,-0.50097
8.4,12.2,0,-0.393179
8.4,12.3,0,-0.306475
8.4,12.4,0,-0.21982
8.4,12.5,0,-0.148774
8.4,12.6,0,-0.0744052
8.4,12.7,0,0
8.5,0,0,0
8.5,0.1,0,-0.0455587
8.5,0.2,0,-0.0911173
8.5,0.3,0,-0.141685
8.5,0.4,0,-0.197262
8.5,0.5,0,-0.252839
8.5,0.6,0,-0.322323
8.5,0.7,0,-0.391806
8.5,0.8,0,-0.471203
8.5,0.9,0,-0.560513
8.5,1,0,-0.649824
8.5,1.1,0,-0.763904
8.5,1.2,0,-0.877985
8.5,1.3,0,-1.01101
8.5,1.4,0,-1.16297
8.5,1.5,0,-1.31494
8.5,1.6,0,-1.52505
8.5,1.7,0,-1.73516
8.5,1.8,0,-1.98909
8.5,1.9,0,-2.28683
8.5,2,0,-2.58457
8.5,2.1,0,-2.99969
8.5,2.2,0,-3.41482
8.5,2.3,0,-3.88726
8.5,2.4,0,-4.41703
8.5,2.5,0,-4.9468
8.5,2.6,0,-5.52067
8.5,2.7,0,-6.09455
8.5,2.8,0,-6.62789
8.5,2.9,0,-7.1207
8.5,3,0,-7.61351
8.5,3.1,0,-7.91037
8.5,3.2,0,-8.20723
8.5,3.3,0,-8.37183
8.5,3.4,0,-8.40418
8.5,3.5,0,-8.43653
8.5,3.6,0,-8.22975
8.5,3.7,0,-8.02298
8.5,3.8,0,-7.74301
8.5,3.9,0,-7.38984
8.5,4,0,-7.03667
8.5,4.1,0,-6.58546
8.5,4.2,0,-6.13426
8.5,4.3,0,-5.68811
8.5,4.4,0,-5.24703
8.5,4.5,0,-4.80595
8.5,4.6,0,-4.50876
8.5,4.7,0,-4.21157
8.5,4.8,0,-4.01026
8.5,4.9,0,-3.90481
8.5,5,0,-3.79937
8.5,8,0,-1.43064
8.5,8.1,0,-1.44838
8.5,8.2,0,-1.46613
8.5,8.3,0,-1.52289
8.5,8.4,0,-1.60066
8.5,8.5,0,-1.70422
8.5,8.6,0,-1.86794
8.5,8.7,0,-2.03165
8.5,8.8,0,-2.29116
8.5,8.9,0,-2.5557
8.5,9,0,-2.86604
8.5,9.1,0,-3.2069
8.5,9.2,0,-3.54849
8.5,9.3,0,-3.89228
8.5,9.4,0,-4.23608
8.5,9.5,0,-4.54519
8.5,9.6,0,-4.85044
8.5,9.7,0,-5.11431
8.5,9.8,0,-5.34432
8.5,9.9,0,-5.54573
8.5,10,0,-5.63273
8.5,10.1,0,-5.71973
8.5,10.2,0,-5.65106
8.5,10.3,0,-5.55492
8.5,10.4,0,-5.37752
8.5,10.5,0,-5.11886
8.5,10.6,0,-4.84432
8.5,10.7,0,-4.4797
8.5,10.8,0,-4.11509
8.5,10.9,0,-3.72069
8.5,11,0,-3.31885
8.5,11.1,0,-2.93025
8.5,11.2,0,-2.55786
8.5,11.3,0,-2.19271
8.5,11.4,0,-1.8927
8.5,11.5,0,-1.59269
8.5,11.6,0,-1.35365
8.5,11.7,0,-1.13495
8.5,11.8,0,-0.942454
8.5,11.9,0,-0.789279
8.5,12,0,-0.638178
8.5,12.1,0,-0.526481
8.5,12.2,0,-0.414784
8.5,12.3,0,-0.320616
8.5,12.4,0,-0.233961
8.5,12.5,0,-0.151178
8.5,12.6,0,-0.0755892
8.5,12.7,0,0
8.6,0,0,0
8.6,0.1,0,-0.0413061
8.6,0.2,0,-0.0868648
8.6,0.3,0,-0.137096
8.6,0.4,0,-0.192674
8.6,0.5,0,-0.254696
8.6,0.6,0,-0.313543
8.6,0.7,0,-0.383026
8.6,0.8,0,-0.458158
8.6,0.9,0,-0.547468
8.6,1,0,-0.642124
8.6,1.1,0,-0.744699
8.6,1.2,0,-0.858779
8.6,1.3,0,-0.981611
8.6,1.4,0,-1.13358
8.6,1.5,0,-1.27439
8.6,1.6,0,-1.47949
8.6,1.7,0,-1.6896
8.6,1.8,0,-1.90132
8.6,1.9,0,-2.19906
8.6,2,0,-2.44444
8.6,2.1,0,-2.8373
8.6,2.2,0,-3.25243
8.6,2.3,0,-3.6218
8.6,2.4,0,-4.15157
8.6,2.5,0,-4.58217
8.6,2.6,0,-5.15374
8.6,2.7,0,-5.72762
8.6,2.8,0,-6.18198
8.6,2.9,0,-6.67479
8.6,3,0,-7.00443
8.6,3.1,0,-7.43299
8.6,3.2,0,-7.72985
8.6,3.3,0,-7.88606
8.6,3.4,0,-7.9184
8.6,3.5,0,-7.79576
8.6,3.6,0,-7.77308
8.6,3.7,0,-7.5663
8.6,3.8,0,-7.34641
8.6,3.9,0,-6.99325
8.6,4,0,-6.58685
8.6,4.1,0,-6.28901
8.6,4.2,0,-5.8378
8.6,4.3,0,-5.42648
8.6,4.4,0,-4.9854
8.6,4.5,0,-4.57761
8.6,4.6,0,-4.31361
8.6,4.7,0,-4.01642
8.6,4.8,0,-3.83846
8.6,4.9,0,-3.73302
8.6,5,0,-3.64377
8.6,8,0,-1.60023
8.6,8.1,0,-1.65911
8.6,8.2,0,-1.66744
8.6,8.3,0,-1.72196
8.6,8.4,0,-1.79973
8.6,8.5,0,-1.8935
8.6,8.6,0,-2.06745
8.6,8.7,0,-2.19193
8.6,8.8,0,-2.49359
8.6,8.9,0,-2.74909
8.6,9,0,-3.11818
8.6,9.1,0,-3.45904
8.6,9.2,0,-3.76848
8.6,9.3,0,-4.18832
8.6,9.4,0,-4.40794
8.6,9.5,0,-4.8833
8.6,9.6,0,-5.18075
8.6,9.7,0,-5.50085
8.6,9.8,0,-5.73086
8.6,9.9,0,-5.82894
8.6,10,0,-6.06725
8.6,10.1,0,-5.98485
8.6,10.2,0,-6.09894
8.6,10.3,0,-6.0028
8.6,10.4,0,-5.80138
8.6,10.5,0,-5.54273
8.6,10.6,0,-5.08562
8.6,10.7,0,-4.83778
8.6,10.8,0,-4.35945
8.6,10.9,0,-3.98667
8.6,11,0,-3.58482
8.6,11.1,0,-3.09729
8.6,11.2,0,-2.72683
8.6,11.3,0,-2.28192
8.6,11.4,0,-1.98732
8.6,11.5,0,-1.67049
8.6,11.6,0,-1.39968
8.6,11.7,0,-1.18098
8.6,11.8,0,-0.966686
8.6,11.9,0,-0.811343
8.6,12,0,-0.657967
8.6,12.1,0,-0.537852
8.6,12.2,0,-0.425862
8.6,12.3,0,-0.325359
8.6,12.4,0,-0.238704
8.6,12.5,0,-0.152027
8.6,12.6,0,-0.0757688
8.6,12.7,0,0
8.7,0,0,0
8.7,0.1,0,-0.0370536
8.7,0.2,0,-0.0892437
8.7,0.3,0,-0.139475
8.7,0.4,0,-0.188085
8.7,0.5,0,-0.256552
8.7,0.6,0,-0.304763
8.7,0.7,0,-0.381962
8.7,0.8,0,-0.457094
8.7,0.9,0,-0.534423
8.7,1,0,-0.634424
8.7,1.1,0,-0.725493
8.7,1.2,0,-0.839132
8.7,1.3,0,-0.961964
8.7,1.4,0,-1.10418
8.7,1.5,0,-1.23385
8.7,1.6,0,-1.43393
8.7,1.7,0,-1.61217
8.7,1.8,0,-1.82389
8.7,1.9,0,-2.11129
8.7,2,0,-2.30432
8.7,2.1,0,-2.67491
8.7,2.2,0,-3.01567
8.7,2.3,0,-3.38504
8.7,2.4,0,-3.8861
8.7,2.5,0,-4.21754
8.7,2.6,0,-4.78681
8.7,2.7,0,-5.22645
8.7,2.8,0,-5.68082
8.7,2.9,0,-6.22889
8.7,3,0,-6.39535
8.7,3.1,0,-6.95561
8.7,3.2,0,-7.06908
8.7,3.3,0,-7.22529
8.7,3.4,0,-7.43263
8.7,3.5,0,-7.155
8.7,3.6,0,-7.3164
8.7,3.7,0,-7.0068
8.7,3.8,0,-6.78691
8.7,3.9,0,-6.59665
8.7,4,0,-6.13703
8.7,4.1,0,-5.99256
8.7,4.2,0,-5.50779
8.7,4.3,0,-5.09647
8.7,4.4,0,-4.72377
8.7,4.5,0,-4.34927
8.7,4.6,0,-4.11845
8.7,4.7,0,-3.84456
8.7,4.8,0,-3.6666
8.7,4.9,0,-3.56122
8.7,5,0,-3.48816
8.7,8,0,-1.76983
8.7,8.1,0,-1.86983
8.7,8.2,0,-1.84131
8.7,8.3,0,-1.90547
8.7,8.4,0,-1.98459
8.7,8.5,0,-2.06475
8.7,8.6,0,-2.26696
8.7,8.7,0,-2.34753
8.7,8.8,0,-2.69602
8.7,8.9,0,-2.89077
8.7,9,0,-3.29042
8.7,9.1,0,-3.66326
8.7,9.2,0,-3.90208
8.7,9.3,0,-4.48435
8.7,9.4,0,-4.54624
8.7,9.5,0,-5.20441
8.7,9.6,0,-5.3354
8.7,9.7,0,-5.69497
8.7,9.8,0,-6.05324
8.7,9.9,0,-6.00006
8.7,10,0,-6.50177
8.7,10.1,0,-6.17057
8.7,10.2,0,-6.49662
8.7,10.3,0,-6.21313
8.7,10.4,0,-6.01018
8.7,10.5,0,-5.92115
8.7,10.6,0,-5.27218
8.7,10.7,0,-5.19586
8.7,10.8,0,-4.51958
8.7,10.9,0,-4.22111
8.7,11,0,-3.73269
8.7,11.1,0,-3.22093
8.7,11.2,0,-2.88888
8.7,11.3,0,-2.36967
8.7,11.4,0,-2.08193
8.7,11.5,0,-1.72918
8.7,11.6,0,-1.45083
8.7,11.7,0,-1.2202
8.7,11.8,0,-1.00331
8.7,11.9,0,-0.833406
8.7,12,0,-0.678759
8.7,12.1,0,-0.549222
8.7,12.2,0,-0.436424
8.7,12.3,0,-0.333073
8.7,12.4,0,-0.242247
8.7,12.5,0,-0.154825
8.7,12.6,0,-0.0759484
8.7,12.7,0,0
8.8,0,0,0
8.8,0.1,0,-0.0370536
8.8,0.2,0,-0.0916227
8.8,0.3,0,-0.141854
8.8,0.4,0,-0.189941
8.8,0.5,0,-0.258409
8.8,0.6,0,-0.30662
8.8,0.7,0,-0.380899
8.8,0.8,0,-0.45603
8.8,0.9,0,-0.526723
8.8,1,0,-0.626724
8.8,1.1,0,-0.717793
8.8,1.2,0,-0.819485
8.8,1.3,0,-0.942317
8.8,1.4,0,-1.06363
8.8,1.5,0,-1.1933
8.8,1.6,0,-1.39339
8.8,1.7,0,-1.53474
8.8,1.8,0,-1.74645
8.8,1.9,0,-1.97116
8.8,2,0,-2.16419
8.8,2.1,0,-2.53479
8.8,2.2,0,-2.77891
8.8,2.3,0,-3.14828
8.8,2.4,0,-3.52147
8.8,2.5,0,-3.85291
8.8,2.6,0,-4.42218
8.8,2.7,0,-4.72528
8.8,2.8,0,-5.17965
8.8,2.9,0,-5.61981
8.8,3,0,-5.78627
8.8,3.1,0,-6.34653
8.8,3.2,0,-6.40831
8.8,3.3,0,-6.56451
8.8,3.4,0,-6.79186
8.8,3.5,0,-6.51423
8.8,3.6,0,-6.67564
8.8,3.7,0,-6.4473
8.8,3.8,0,-6.22741
8.8,3.9,0,-6.14683
8.8,4,0,-5.6872
8.8,4.1,0,-5.54273
8.8,4.2,0,-5.17778
8.8,4.3,0,-4.76646
8.8,4.4,0,-4.49544
8.8,4.5,0,-4.12094
8.8,4.6,0,-3.89012
8.8,4.7,0,-3.6727
8.8,4.8,0,-3.49474
8.8,4.9,0,-3.40561
8.8,5,0,-3.33255
8.8,8,0,-1.93942
8.8,8.1,0,-2.03997
8.8,8.2,0,-2.01517
8.8,8.3,0,-2.07934
8.8,8.4,0,-2.15584
8.8,8.5,0,-2.236
8.8,8.6,0,-2.42622
8.8,8.7,0,-2.50314
8.8,8.8,0,-2.85133
8.8,8.9,0,-3.03245
8.8,9,0,-3.4321
8.8,9.1,0,-3.79685
8.8,9.2,0,-4.03567
8.8,9.3,0,-4.62104
8.8,9.4,0,-4.68453
8.8,9.5,0,-5.34271
8.8,9.6,0,-5.49005
8.8,9.7,0,-5.84962
8.8,9.8,0,-6.22436
8.8,9.9,0,-6.17119
8.8,10,0,-6.68097
8.8,10.1,0,-6.35628
8.8,10.2,0,-6.68234
8.8,10.3,0,-6.40727
8.8,10.4,0,-6.20432
8.8,10.5,0,-6.10772
8.8,10.6,0,-5.45875
8.8,10.7,0,-5.37062
8.8,10.8,0,-4.6797
8.8,10.9,0,-4.38124
8.8,11,0,-3.85633
8.8,11.1,0,-3.34457
8.8,11.2,0,-2.97663
8.8,11.3,0,-2.45742
8.8,11.4,0,-2.15979
8.8,11.5,0,-1.78788
8.8,11.6,0,-1.50953
8.8,11.7,0,-1.25682
8.8,11.8,0,-1.03993
8.8,11.9,0,-0.854534
8.8,12,0,-0.699551
8.8,12.1,0,-0.567619
8.8,12.2,0,-0.446986
8.8,12.3,0,-0.343635
8.8,12.4,0,-0.245045
8.8,12.5,0,-0.157623
8.8,12.6,0,-0.0763056
8.8,12.7,0,0
8.9,0,0,0
8.9,0.1,0,-0.0436851
8.9,0.2,0,-0.0940017
8.9,0.3,0,-0.144233
8.9,0.4,0,-0.198765
8.9,0.5,0,-0.260265
8.9,0.6,0,-0.316192
8.9,0.7,0,-0.379835
8.9,0.8,0,-0.454967
8.9,0.9,0,-0.531005
8.9,1,0,-0.619025
8.9,1.1,0,-0.709652
8.9,1.2,0,-0.799837
8.9,1.3,0,-0.922669
8.9,1.4,0,-1.03284
8.9,1.5,0,-1.15275
8.9,1.6,0,-1.32096
8.9,1.7,0,-1.4573
8.9,1.8,0,-1.66902
8.9,1.9,0,-1.84137
8.9,2,0,-2.02407
8.9,2.1,0,-2.32029
8.9,2.2,0,-2.54215
8.9,2.3,0,-2.91152
8.9,2.4,0,-3.18555
8.9,2.5,0,-3.48828
8.9,2.6,0,-3.92332
8.9,2.7,0,-4.22412
8.9,2.8,0,-4.67848
8.9,2.9,0,-4.95547
8.9,3,0,-5.17719
8.9,3.1,0,-5.55406
8.9,3.2,0,-5.74754
8.9,3.3,0,-5.90374
8.9,3.4,0,-5.9761
8.9,3.5,0,-5.87347
8.9,3.6,0,-5.93205
8.9,3.7,0,-5.8878
8.9,3.8,0,-5.66791
8.9,3.9,0,-5.5341
8.9,4,0,-5.23738
8.9,4.1,0,-5.05935
8.9,4.2,0,-4.84776
8.9,4.3,0,-4.43644
8.9,4.4,0,-4.19871
8.9,4.5,0,-3.8926
8.9,4.6,0,-3.68507
8.9,4.7,0,-3.50084
8.9,4.8,0,-3.32288
8.9,4.9,0,-3.24994
8.9,5,0,-3.17695
8.9,8,0,-2.10902
8.9,8.1,0,-2.1727
8.9,8.2,0,-2.18903
8.9,8.3,0,-2.24254
8.9,8.4,0,-2.31475
8.9,8.5,0,-2.40724
8.9,8.6,0,-2.55356
8.9,8.7,0,-2.65874
8.9,8.8,0,-2.94618
8.9,8.9,0,-3.17414
8.9,9,0,-3.54099
8.9,9.1,0,-3.86463
8.9,9.2,0,-4.16926
8.9,9.3,0,-4.5969
8.9,9.4,0,-4.82283
8.9,9.5,0,-5.31315
8.9,9.6,0,-5.6447
8.9,9.7,0,-5.9676
8.9,9.8,0,-6.23267
8.9,9.9,0,-6.34232
8.9,10,0,-6.60329
8.9,10.1,0,-6.54199
8.9,10.2,0,-6.66289
8.9,10.3,0,-6.58467
8.9,10.4,0,-6.38331
8.9,10.5,0,-6.10854
8.9,10.6,0,-5.64531
8.9,10.7,0,-5.35922
8.9,10.8,0,-4.83983
8.9,10.9,0,-4.44143
8.9,11,0,-3.96196
8.9,11.1,0,-3.46821
8.9,11.2,0,-3.02291
8.9,11.3,0,-2.54517
8.9,11.4,0,-2.21162
8.9,11.5,0,-1.84657
8.9,11.6,0,-1.56262
8.9,11.7,0,-1.29695
8.9,11.8,0,-1.07655
8.9,11.9,0,-0.889883
8.9,12,0,-0.720342
8.9,12.1,0,-0.587602
8.9,12.2,0,-0.457547
8.9,12.3,0,-0.353245
8.9,12.4,0,-0.250072
8.9,12.5,0,-0.160422
8.9,12.6,0,-0.0789244
8.9,12.7,0,0
9,0,0,0
9,0.1,0,-0.0503166
9,0.2,0,-0.100633
9,0.3,0,-0.153057
9,0.4,0,-0.207589
9,0.5,0,-0.262122
9,0.6,0,-0.325765
9,0.7,0,-0.389408
9,0.8,0,-0.459248
9,0.9,0,-0.535287
9,1,0,-0.611325
9,1.1,0,-0.701511
9,1.2,0,-0.791696
9,1.3,0,-0.891872
9,1.4,0,-1.00204
9,1.5,0,-1.11221
9,1.6,0,-1.24854
9,1.7,0,-1.38488
9,1.8,0,-1.53923
9,1.9,0,-1.71158
9,2,0,-1.88394
9,2.1,0,-2.1058
9,2.2,0,-2.32765
9,2.3,0,-2.57559
9,2.4,0,-2.84962
9,2.5,0,-3.12366
9,2.6,0,-3.42446
9,2.7,0,-3.72526
9,2.8,0,-4.01415
9,2.9,0,-4.29113
9,3,0,-4.56811
9,3.1,0,-4.76159
9,3.2,0,-4.95507
9,3.3,0,-5.08799
9,3.4,0,-5.16034
9,3.5,0,-5.2327
9,3.6,0,-5.18845
9,3.7,0,-5.14421
9,3.8,0,-5.05518
9,3.9,0,-4.92137
9,4,0,-4.78756
9,4.1,0,-4.57597
9,4.2,0,-4.36438
9,4.3,0,-4.13972
9,4.4,0,-3.90199
9,4.5,0,-3.66426
9,4.6,0,-3.48003
9,4.7,0,-3.29579
9,4.8,0,-3.16721
9,4.9,0,-3.09428
9,5,0,-3.02135
9,8,0,-2.27861
9,8.1,0,-2.30544
9,8.2,0,-2.33226
9,8.3,0,-2.38858
9,8.4,0,-2.46079
9,8.5,0,-2.55046
9,8.6,0,-2.6809
9,8.7,0,-2.81134
9,8.8,0,-3.04104
9,8.9,0,-3.27597
9,9,0,-3.56412
9,9.1,0,-3.88777
9,9.2,0,-4.21895
9,9.3,0,-4.57276
9,9.4,0,-4.92656
9,9.5,0,-5.26799
9,9.6,0,-5.60803
9,9.7,0,-5.90684
9,9.8,0,-6.17191
9,9.9,0,-6.40757
9,10,0,-6.5256
9,10.1,0,-6.64364
9,10.2,0,-6.59486
9,10.3,0,-6.51664
9,10.4,0,-6.34015
9,10.5,0,-6.06538
9,10.6,0,-5.7687
9,10.7,0,-5.34783
9,10.8,0,-4.92697
9,10.9,0,-4.45922
9,11,0,-3.97975
9,11.1,0,-3.5141
9,11.2,0,-3.06534
9,11.3,0,-2.62527
9,11.4,0,-2.26344
9,11.5,0,-1.90161
9,11.6,0,-1.6119
9,11.7,0,-1.34623
9,11.8,0,-1.11209
9,11.9,0,-0.925233
9,12,0,-0.741048
9,12.1,0,-0.607585
9,12.2,0,-0.474123
9,12.3,0,-0.361862
9,12.4,0,-0.258689
9,12.5,0,-0.163086
9,12.6,0,-0.0815432
9,12.7,0,0
9.1,0,0,0
9.1,0.1,0,-0.055739
9.1,0.2,0,-0.106056
9.1,0.3,0,-0.158875
9.1,0.4,0,-0.213407
9.1,0.5,0,-0.264685
9.1,0.6,0,-0.329232
9.1,0.7,0,-0.392876
9.1,0.8,0,-0.45724
9.1,0.9,0,-0.533278
9.1,1,0,-0.601126
9.1,1.1,0,-0.685513
9.1,1.2,0,-0.775698
9.1,1.3,0,-0.848951
9.1,1.4,0,-0.959118
9.1,1.5,0,-1.0543
9.1,1.6,0,-1.16208
9.1,1.7,0,-1.29842
9.1,1.8,0,-1.38747
9.1,1.9,0,-1.55983
9.1,2,0,-1.71791
9.1,2.1,0,-1.86377
9.1,2.2,0,-2.08562
9.1,2.3,0,-2.21503
9.1,2.4,0,-2.48906
9.1,2.5,0,-2.75484
9.1,2.6,0,-2.92347
9.1,2.7,0,-3.22427
9.1,2.8,0,-3.37575
9.1,2.9,0,-3.65274
9.1,3,0,-3.9606
9.1,3.1,0,-4.02668
9.1,3.2,0,-4.22016
9.1,3.3,0,-4.33579
9.1,3.4,0,-4.40815
9.1,3.5,0,-4.56206
9.1,3.6,0,-4.49791
9.1,3.7,0,-4.45366
9.1,3.8,0,-4.47896
9.1,3.9,0,-4.34515
9.1,4,0,-4.2669
9.1,4.1,0,-4.13384
9.1,4.2,0,-3.92226
9.1,4.3,0,-3.82788
9.1,4.4,0,-3.59015
9.1,4.5,0,-3.3793
9.1,4.6,0,-3.23661
9.1,4.7,0,-3.05237
9.1,4.8,0,-2.93861
9.1,4.9,0,-2.86568
9.1,5,0,-2.82905
9.1,8,0,-2.3997
9.1,8.1,0,-2.41295
9.1,8.2,0,-2.43931
9.1,8.3,0,-2.51718
9.1,8.4,0,-2.58939
9.1,8.5,0,-2.63151
9.1,8.6,0,-2.77094
9.1,8.7,0,-2.82259
9.1,8.8,0,-3.07498
9.1,8.9,0,-3.29306
9.1,9,0,-3.56478
9.1,9.1,0,-3.88842
9.1,9.2,0,-4.12971
9.1,9.3,0,-4.54273
9.1,9.4,0,-4.74758
9.1,9.5,0,-5.24163
9.1,9.6,0,-5.57142
9.1,9.7,0,-5.89773
9.1,9.8,0,-6.1628
9.1,9.9,0,-6.24039
9.1,10,0,-6.53447
9.1,10.1,0,-6.44251
9.1,10.2,0,-6.62476
9.1,10.3,0,-6.54654
9.1,10.4,0,-6.3838
9.1,10.5,0,-6.10903
9.1,10.6,0,-5.62904
9.1,10.7,0,-5.38695
9.1,10.8,0,-4.84738
9.1,10.9,0,-4.48159
9.1,11,0,-4.00212
9.1,11.1,0,-3.51784
9.1,11.2,0,-3.07431
9.1,11.3,0,-2.57224
9.1,11.4,0,-2.26701
9.1,11.5,0,-1.88782
9.1,11.6,0,-1.61905
9.1,11.7,0,-1.35338
9.1,11.8,0,-1.11325
9.1,11.9,0,-0.928629
9.1,12,0,-0.740387
9.1,12.1,0,-0.609333
9.1,12.2,0,-0.476286
9.1,12.3,0,-0.360243
9.1,12.4,0,-0.25707
9.1,12.5,0,-0.158074
9.1,12.6,0,-0.0740661
9.1,12.7,0,0
9.2,0,0,0
9.2,0.1,0,-0.0611614
9.2,0.2,0,-0.109368
9.2,0.3,0,-0.162188
9.2,0.4,0,-0.219225
9.2,0.5,0,-0.267248
9.2,0.6,0,-0.3327
9.2,0.7,0,-0.391735
9.2,0.8,0,-0.456099
9.2,0.9,0,-0.531269
9.2,1,0,-0.590927
9.2,1.1,0,-0.669515
9.2,1.2,0,-0.748002
9.2,1.3,0,-0.821255
9.2,1.4,0,-0.916196
9.2,1.5,0,-0.996386
9.2,1.6,0,-1.07561
9.2,1.7,0,-1.19549
9.2,1.8,0,-1.28454
9.2,1.9,0,-1.40807
9.2,2,0,-1.55188
9.2,2.1,0,-1.62174
9.2,2.2,0,-1.83266
9.2,2.3,0,-1.96206
9.2,2.4,0,-2.12849
9.2,2.5,0,-2.38602
9.2,2.6,0,-2.42248
9.2,2.7,0,-2.72708
9.2,2.8,0,-2.87857
9.2,2.9,0,-3.01434
9.2,3,0,-3.35309
9.2,3.1,0,-3.29177
9.2,3.2,0,-3.54856
9.2,3.3,0,-3.66419
9.2,3.4,0,-3.65595
9.2,3.5,0,-3.89142
9.2,3.6,0,-3.80736
9.2,3.7,0,-3.84149
9.2,3.8,0,-3.86679
9.2,3.9,0,-3.76894
9.2,4,0,-3.74624
9.2,4.1,0,-3.69172
9.2,4.2,0,-3.51727
9.2,4.3,0,-3.42289
9.2,4.4,0,-3.27831
9.2,4.5,0,-3.09433
9.2,4.6,0,-2.99319
9.2,4.7,0,-2.84105
9.2,4.8,0,-2.72729
9.2,4.9,0,-2.63708
9.2,5,0,-2.63676
9.2,8,0,-2.5208
9.2,8.1,0,-2.52047
9.2,8.2,0,-2.54497
9.2,8.3,0,-2.63163
9.2,8.4,0,-2.68561
9.2,8.5,0,-2.6967
9.2,8.6,0,-2.86098
9.2,8.7,0,-2.82445
9.2,8.8,0,-3.10891
9.2,8.9,0,-3.21393
9.2,9,0,-3.50772
9.2,9.1,0,-3.82554
9.2,9.2,0,-3.97318
9.2,9.3,0,-4.51271
9.2,9.4,0,-4.52835
9.2,9.5,0,-5.19887
9.2,9.6,0,-5.30392
9.2,9.7,0,-5.67421
9.2,9.8,0,-6.06776
9.2,9.9,0,-5.94281
9.2,10,0,-6.54334
9.2,10.1,0,-6.14295
9.2,10.2,0,-6.59157
9.2,10.3,0,-6.29438
9.2,10.4,0,-6.13252
9.2,10.5,0,-6.10154
9.2,10.6,0,-5.40558
9.2,10.7,0,-5.42606
9.2,10.8,0,-4.67987
9.2,10.9,0,-4.4474
9.2,11,0,-3.91144
9.2,11.1,0,-3.40398
9.2,11.2,0,-3.07671
9.2,11.3,0,-2.50391
9.2,11.4,0,-2.27057
9.2,11.5,0,-1.8543
9.2,11.6,0,-1.60976
9.2,11.7,0,-1.34697
9.2,11.8,0,-1.10165
9.2,11.9,0,-0.932025
9.2,12,0,-0.73944
9.2,12.1,0,-0.61108
9.2,12.2,0,-0.479182
9.2,12.3,0,-0.36093
9.2,12.4,0,-0.257792
9.2,12.5,0,-0.160249
9.2,12.6,0,-0.0665891
9.2,12.7,0,0
9.3,0,0,0
9.3,0.1,0,-0.0611614
9.3,0.2,0,-0.11268
9.3,0.3,0,-0.1655
9.3,0.4,0,-0.221788
9.3,0.5,0,-0.269812
9.3,0.6,0,-0.335264
9.3,0.7,0,-0.390594
9.3,0.8,0,-0.454958
9.3,0.9,0,-0.52107
9.3,1,0,-0.580729
9.3,1.1,0,-0.659316
9.3,1.2,0,-0.720306
9.3,1.3,0,-0.793558
9.3,1.4,0,-0.858287
9.3,1.5,0,-0.938477
9.3,1.6,0,-1.0177
9.3,1.7,0,-1.09256
9.3,1.8,0,-1.18162
9.3,1.9,0,-1.24204
9.3,2,0,-1.38585
9.3,2.1,0,-1.45571
9.3,2.2,0,-1.5797
9.3,2.3,0,-1.7091
9.3,2.4,0,-1.75967
9.3,2.5,0,-2.0172
9.3,2.6,0,-2.05366
9.3,2.7,0,-2.22989
9.3,2.8,0,-2.38138
9.3,2.9,0,-2.40683
9.3,3,0,-2.74558
9.3,3.1,0,-2.68426
9.3,3.2,0,-2.87696
9.3,3.3,0,-2.99259
9.3,3.4,0,-2.98531
9.3,3.5,0,-3.22077
9.3,3.6,0,-3.13672
9.3,3.7,0,-3.22933
9.3,3.8,0,-3.25463
9.3,3.9,0,-3.24828
9.3,4,0,-3.22558
9.3,4.1,0,-3.17106
9.3,4.2,0,-3.11228
9.3,4.3,0,-3.01791
9.3,4.4,0,-2.99334
9.3,4.5,0,-2.80936
9.3,4.6,0,-2.70822
9.3,4.7,0,-2.62973
9.3,4.8,0,-2.51597
9.3,4.9,0,-2.44478
9.3,5,0,-2.44447
9.3,8,0,-2.64189
9.3,8.1,0,-2.63959
9.3,8.2,0,-2.65064
9.3,8.3,0,-2.7373
9.3,8.4,0,-2.7508
9.3,8.5,0,-2.76189
9.3,8.6,0,-2.87766
9.3,8.7,0,-2.82632
9.3,8.8,0,-3.10906
9.3,8.9,0,-3.1348
9.3,9,0,-3.42858
9.3,9.1,0,-3.66901
9.3,9.2,0,-3.81665
9.3,9.3,0,-4.31482
9.3,9.4,0,-4.30911
9.3,9.5,0,-4.97963
9.3,9.6,0,-5.03642
9.3,9.7,0,-5.40671
9.3,9.8,0,-5.77018
9.3,9.9,0,-5.64523
9.3,10,0,-6.24466
9.3,10.1,0,-5.84338
9.3,10.2,0,-6.29201
9.3,10.3,0,-6.02298
9.3,10.4,0,-5.86112
9.3,10.5,0,-5.87808
9.3,10.6,0,-5.18212
9.3,10.7,0,-5.2276
9.3,10.8,0,-4.51236
9.3,10.9,0,-4.27989
9.3,11,0,-3.79758
9.3,11.1,0,-3.29011
9.3,11.2,0,-3.00838
9.3,11.3,0,-2.43558
9.3,11.4,0,-2.2141
9.3,11.5,0,-1.82079
9.3,11.6,0,-1.57625
9.3,11.7,0,-1.33538
9.3,11.8,0,-1.09006
9.3,11.9,0,-0.930851
9.3,12,0,-0.738492
9.3,12.1,0,-0.611032
9.3,12.2,0,-0.482079
9.3,12.3,0,-0.363827
9.3,12.4,0,-0.259967
9.3,12.5,0,-0.162424
9.3,12.6,0,-0.0668667
9.3,12.7,0,0
9.4,0,0,0
9.4,0.1,0,-0.0590514
9.4,0.2,0,-0.115993
9.4,0.3,0,-0.168813
9.4,0.4,0,-0.221847
9.4,0.5,0,-0.272375
9.4,0.6,0,-0.333218
9.4,0.7,0,-0.389453
9.4,0.8,0,-0.453817
9.4,0.9,0,-0.511739
9.4,1,0,-0.57053
9.4,1.1,0,-0.637419
9.4,1.2,0,-0.692609
9.4,1.3,0,-0.765862
9.4,1.4,0,-0.815602
9.4,1.5,0,-0.880567
9.4,1.6,0,-0.94333
9.4,1.7,0,-0.989634
9.4,1.8,0,-1.07869
9.4,1.9,0,-1.12484
9.4,2,0,-1.21983
9.4,2.1,0,-1.27875
9.4,2.2,0,-1.32673
9.4,2.3,0,-1.45614
9.4,2.4,0,-1.49846
9.4,2.5,0,-1.64838
9.4,2.6,0,-1.68864
9.4,2.7,0,-1.7327
9.4,2.8,0,-1.88419
9.4,2.9,0,-1.94053
9.4,3,0,-2.13808
9.4,3.1,0,-2.14006
9.4,3.2,0,-2.20536
9.4,3.3,0,-2.321
9.4,3.4,0,-2.39526
9.4,3.5,0,-2.55013
9.4,3.6,0,-2.54446
9.4,3.7,0,-2.61716
9.4,3.8,0,-2.64246
9.4,3.9,0,-2.69167
9.4,4,0,-2.70492
9.4,4.1,0,-2.68754
9.4,4.2,0,-2.7073
9.4,4.3,0,-2.61292
9.4,4.4,0,-2.61523
9.4,4.5,0,-2.52439
9.4,4.6,0,-2.45535
9.4,4.7,0,-2.41841
9.4,4.8,0,-2.30464
9.4,4.9,0,-2.26977
9.4,5,0,-2.25217
9.4,8,0,-2.76299
9.4,8.1,0,-2.75884
9.4,8.2,0,-2.75631
9.4,8.3,0,-2.81868
9.4,8.4,0,-2.80476
9.4,8.5,0,-2.82708
9.4,8.6,0,-2.85468
9.4,8.7,0,-2.82819
9.4,8.8,0,-2.99785
9.4,8.9,0,-3.05566
9.4,9,0,-3.30597
9.4,9.1,0,-3.46495
9.4,9.2,0,-3.66013
9.4,9.3,0,-3.96908
9.4,9.4,0,-4.08987
9.4,9.5,0,-4.53977
9.4,9.6,0,-4.76892
9.4,9.7,0,-5.09011
9.4,9.8,0,-5.29117
9.4,9.9,0,-5.34764
9.4,10,0,-5.63864
9.4,10.1,0,-5.54382
9.4,10.2,0,-5.74884
9.4,10.3,0,-5.73056
9.4,10.4,0,-5.57268
9.4,10.5,0,-5.39991
9.4,10.6,0,-4.95867
9.4,10.7,0,-4.79752
9.4,10.8,0,-4.34484
9.4,10.9,0,-4.01672
9.4,11,0,-3.65139
9.4,11.1,0,-3.17624
9.4,11.2,0,-2.82766
9.4,11.3,0,-2.36725
9.4,11.4,0,-2.10869
9.4,11.5,0,-1.78727
9.4,11.6,0,-1.53157
9.4,11.7,0,-1.31253
9.4,11.8,0,-1.07846
9.4,11.9,0,-0.914911
9.4,12,0,-0.737545
9.4,12.1,0,-0.611234
9.4,12.2,0,-0.484976
9.4,12.3,0,-0.36858
9.4,12.4,0,-0.263871
9.4,12.5,0,-0.164599
9.4,12.6,0,-0.0765188
9.4,12.7,0,0
9.5,0,0,0
9.5,0.1,0,-0.0569415
9.5,0.2,0,-0.113883
9.5,0.3,0,-0.168871
9.5,0.4,0,-0.221905
9.5,0.5,0,-0.274938
9.5,0.6,0,-0.331173
9.5,0.7,0,-0.387408
9.5,0.8,0,-0.444486
9.5,0.9,0,-0.502409
9.5,1,0,-0.560331
9.5,1.1,0,-0.615522
9.5,1.2,0,-0.670712
9.5,1.3,0,-0.723178
9.5,1.4,0,-0.772917
9.5,1.5,0,-0.822657
9.5,1.6,0,-0.868961
9.5,1.7,0,-0.915264
9.5,1.8,0,-0.961492
9.5,1.9,0,-1.00765
9.5,2,0,-1.0538
9.5,2.1,0,-1.10178
9.5,2.2,0,-1.14977
9.5,2.3,0,-1.19492
9.5,2.4,0,-1.23724
9.5,2.5,0,-1.27956
9.5,2.6,0,-1.32363
9.5,2.7,0,-1.36769
9.5,2.8,0,-1.41789
9.5,2.9,0,-1.47423
9.5,3,0,-1.53057
9.5,3.1,0,-1.59587
9.5,3.2,0,-1.66117
9.5,3.3,0,-1.73095
9.5,3.4,0,-1.80522
9.5,3.5,0,-1.87949
9.5,3.6,0,-1.95219
9.5,3.7,0,-2.0249
9.5,3.8,0,-2.08585
9.5,3.9,0,-2.13506
9.5,4,0,-2.18426
9.5,4.1,0,-2.20402
9.5,4.2,0,-2.22378
9.5,4.3,0,-2.23481
9.5,4.4,0,-2.23712
9.5,4.5,0,-2.23943
9.5,4.6,0,-2.20248
9.5,4.7,0,-2.16554
9.5,4.8,0,-2.12963
9.5,4.9,0,-2.09476
9.5,5,0,-2.05988
9.5,8,0,-2.88408
9.5,8.1,0,-2.87808
9.5,8.2,0,-2.87209
9.5,8.3,0,-2.86094
9.5,8.4,0,-2.84702
9.5,8.5,0,-2.83599
9.5,8.6,0,-2.8317
9.5,8.7,0,-2.82741
9.5,8.8,0,-2.88665
9.5,8.9,0,-2.94924
9.5,9,0,-3.06965
9.5,9.1,0,-3.22863
9.5,9.2,0,-3.40295
9.5,9.3,0,-3.62334
9.5,9.4,0,-3.84372
9.5,9.5,0,-4.07938
9.5,9.6,0,-4.31674
9.5,9.7,0,-4.53413
9.5,9.8,0,-4.7352
9.5,9.9,0,-4.91881
9.5,10,0,-5.03263
9.5,10.1,0,-5.14645
9.5,10.2,0,-5.14798
9.5,10.3,0,-5.1297
9.5,10.4,0,-5.03417
9.5,10.5,0,-4.8614
9.5,10.6,0,-4.66926
9.5,10.7,0,-4.36743
9.5,10.8,0,-4.0656
9.5,10.9,0,-3.71297
9.5,11,0,-3.34764
9.5,11.1,0,-2.98836
9.5,11.2,0,-2.63649
9.5,11.3,0,-2.29103
9.5,11.4,0,-2.00328
9.5,11.5,0,-1.71552
9.5,11.6,0,-1.4793
9.5,11.7,0,-1.26027
9.5,11.8,0,-1.06317
9.5,11.9,0,-0.898971
9.5,12,0,-0.73672
9.5,12.1,0,-0.611436
9.5,12.2,0,-0.486152
9.5,12.3,0,-0.375271
9.5,12.4,0,-0.270562
9.5,12.5,0,-0.172342
9.5,12.6,0,-0.0861709
9.5,12.7,0,0
9.6,0,0,0
9.6,0.1,0,-0.0601428
9.6,0.2,0,-0.117084
9.6,0.3,0,-0.167525
9.6,0.4,0,-0.220559
9.6,0.5,0,-0.273587
9.6,0.6,0,-0.327331
9.6,0.7,0,-0.383565
9.6,0.8,0,-0.435265
9.6,0.9,0,-0.493187
9.6,1,0,-0.554842
9.6,1.1,0,-0.596247
9.6,1.2,0,-0.651438
9.6,1.3,0,-0.683321
9.6,1.4,0,-0.733061
9.6,1.5,0,-0.792139
9.6,1.6,0,-0.795199
9.6,1.7,0,-0.841502
9.6,1.8,0,-0.843838
9.6,1.9,0,-0.889991
9.6,2,0,-0.965465
9.6,2.1,0,-0.923444
9.6,2.2,0,-0.971429
9.6,2.3,0,-0.940748
9.6,2.4,0,-0.983069
9.6,2.5,0,-1.08312
9.6,2.6,0,-0.94983
9.6,2.7,0,-0.993893
9.6,2.8,0,-0.948094
9.6,2.9,0,-1.00443
9.6,3,0,-1.18885
9.6,3.1,0,-1.0462
9.6,3.2,0,-1.1115
9.6,3.3,0,-1.13741
9.6,3.4,0,-1.21168
9.6,3.5,0,-1.44838
9.6,3.6,0,-1.36499
9.6,3.7,0,-1.43769
9.6,3.8,0,-1.54768
9.6,3.9,0,-1.59688
9.6,4,0,-1.825
9.6,4.1,0,-1.73151
9.6,4.2,0,-1.75127
9.6,4.3,0,-1.86315
9.6,4.4,0,-1.86546
9.6,4.5,0,-2.04983
9.6,4.6,0,-1.98242
9.6,4.7,0,-1.94548
9.6,4.8,0,-1.91974
9.6,4.9,0,-1.88487
9.6,5,0,-1.92532
9.6,8,0,-2.72895
9.6,8.1,0,-3.00297
9.6,8.2,0,-2.94388
9.6,8.3,0,-2.90501
9.6,8.4,0,-2.89109
9.6,8.5,0,-2.77354
9.6,8.6,0,-2.79786
9.6,8.7,0,-2.67279
9.6,8.8,0,-2.72345
9.6,8.9,0,-2.7735
9.6,9,0,-2.79473
9.6,9.1,0,-2.9537
9.6,9.2,0,-3.05026
9.6,9.3,0,-3.25848
9.6,9.4,0,-3.42442
9.6,9.5,0,-3.62215
9.6,9.6,0,-3.85711
9.6,9.7,0,-4.00911
9.6,9.8,0,-4.21017
9.6,9.9,0,-4.35993
9.6,10,0,-4.47768
9.6,10.1,0,-4.57642
9.6,10.2,0,-4.62023
9.6,10.3,0,-4.60195
9.6,10.4,0,-4.56778
9.6,10.5,0,-4.395
9.6,10.6,0,-4.21402
9.6,10.7,0,-3.98654
9.6,10.8,0,-3.67768
9.6,10.9,0,-3.4197
9.6,11,0,-3.05437
9.6,11.1,0,-2.77104
9.6,11.2,0,-2.42219
9.6,11.3,0,-2.11215
9.6,11.4,0,-1.86074
9.6,11.5,0,-1.586
9.6,11.6,0,-1.39957
9.6,11.7,0,-1.18053
9.6,11.8,0,-1.01963
9.6,11.9,0,-0.85896
9.6,12,0,-0.707176
9.6,12.1,0,-0.59913
9.6,12.2,0,-0.473424
9.6,12.3,0,-0.375128
9.6,12.4,0,-0.27042
9.6,12.5,0,-0.170663
9.6,12.6,0,-0.085231
9.6,12.7,0,0
9.7,0,0,0
9.7,0.1,0,-0.0633441
9.7,0.2,0,-0.116111
9.7,0.3,0,-0.166552
9.7,0.4,0,-0.219213
9.7,0.5,0,-0.272236
9.7,0.6,0,-0.323489
9.7,0.7,0,-0.381174
9.7,0.8,0,-0.432874
9.7,0.9,0,-0.483965
9.7,1,0,-0.549353
9.7,1.1,0,-0.576973
9.7,1.2,0,-0.637433
9.7,1.3,0,-0.669317
9.7,1.4,0,-0.693205
9.7,1.5,0,-0.761621
9.7,1.6,0,-0.721437
9.7,1.7,0,-0.786667
9.7,1.8,0,-0.789003
9.7,1.9,0,-0.772337
9.7,2,0,-0.877132
9.7,2.1,0,-0.745104
9.7,2.2,0,-0.836502
9.7,2.3,0,-0.805821
9.7,2.4,0,-0.728895
9.7,2.5,0,-0.886685
9.7,2.6,0,-0.576034
9.7,2.7,0,-0.725201
9.7,2.8,0,-0.679403
9.7,2.9,0,-0.534636
9.7,3,0,-0.847129
9.7,3.1,0,-0.496537
9.7,3.2,0,-0.709523
9.7,3.3,0,-0.735433
9.7,3.4,0,-0.618142
9.7,3.5,0,-1.01728
9.7,3.6,0,-0.777787
9.7,3.7,0,-1.02176
9.7,3.8,0,-1.13175
9.7,3.9,0,-1.05871
9.7,4,0,-1.46574
9.7,4.1,0,-1.259
9.7,4.2,0,-1.47649
9.7,4.3,0,-1.58837
9.7,4.4,0,-1.49379
9.7,4.5,0,-1.86022
9.7,4.6,0,-1.76236
9.7,4.7,0,-1.81096
9.7,4.8,0,-1.78522
9.7,4.9,0,-1.67498
9.7,5,0,-1.79076
9.7,8,0,-2.57382
9.7,8.1,0,-3.12785
9.7,8.2,0,-2.86082
9.7,8.3,0,-2.87064
9.7,8.4,0,-2.85499
9.7,8.5,0,-2.66061
9.7,8.6,0,-2.76402
9.7,8.7,0,-2.50379
9.7,8.8,0,-2.56025
9.7,8.9,0,-2.52617
9.7,9,0,-2.53976
9.7,9.1,0,-2.65292
9.7,9.2,0,-2.71138
9.7,9.3,0,-2.89362
9.7,9.4,0,-2.99041
9.7,9.5,0,-3.1669
9.7,9.6,0,-3.34354
9.7,9.7,0,-3.49359
9.7,9.8,0,-3.6742
9.7,9.9,0,-3.79813
9.7,10,0,-3.92272
9.7,10.1,0,-3.99934
9.7,10.2,0,-4.08304
9.7,10.3,0,-4.04937
9.7,10.4,0,-4.01912
9.7,10.5,0,-3.92407
9.7,10.6,0,-3.72393
9.7,10.7,0,-3.60566
9.7,10.8,0,-3.28454
9.7,10.9,0,-3.09669
9.7,11,0,-2.76774
9.7,11.1,0,-2.48577
9.7,11.2,0,-2.21006
9.7,11.3,0,-1.92345
9.7,11.4,0,-1.7182
9.7,11.5,0,-1.47129
9.7,11.6,0,-1.30569
9.7,11.7,0,-1.11241
9.7,11.8,0,-0.955958
9.7,11.9,0,-0.818948
9.7,12,0,-0.67558
9.7,12.1,0,-0.586825
9.7,12.2,0,-0.459951
9.7,12.3,0,-0.368179
9.7,12.4,0,-0.268001
9.7,12.5,0,-0.166831
9.7,12.6,0,-0.0842911
9.7,12.7,0,0
9.8,0,0,0
9.8,0.1,0,-0.0633441
9.8,0.2,0,-0.115138
9.8,0.3,0,-0.165579
9.8,0.4,0,-0.217862
9.8,0.5,0,-0.270884
9.8,0.6,0,-0.322137
9.8,0.7,0,-0.378783
9.8,0.8,0,-0.430483
9.8,0.9,0,-0.478476
9.8,1,0,-0.543863
9.8,1.1,0,-0.571483
9.8,1.2,0,-0.623428
9.8,1.3,0,-0.655312
9.8,1.4,0,-0.662687
9.8,1.5,0,-0.731103
9.8,1.6,0,-0.690919
9.8,1.7,0,-0.731832
9.8,1.8,0,-0.734168
9.8,1.9,0,-0.684004
9.8,2,0,-0.788799
9.8,2.1,0,-0.656771
9.8,2.2,0,-0.701574
9.8,2.3,0,-0.670893
9.8,2.4,0,-0.532455
9.8,2.5,0,-0.690246
9.8,2.6,0,-0.379594
9.8,2.7,0,-0.45651
9.8,2.8,0,-0.410711
9.8,2.9,0,-0.192918
9.8,3,0,-0.50541
9.8,3.1,0,-0.154819
9.8,3.2,0,-0.307542
9.8,3.3,0,-0.333452
9.8,3.4,0,-0.187038
9.8,3.5,0,-0.586176
9.8,3.6,0,-0.346682
9.8,3.7,0,-0.605829
9.8,3.8,0,-0.715814
9.8,3.9,0,-0.699452
9.8,4,0,-1.10648
9.8,4.1,0,-0.899736
9.8,4.2,0,-1.20172
9.8,4.3,0,-1.3136
9.8,4.4,0,-1.30419
9.8,4.5,0,-1.67062
9.8,4.6,0,-1.57276
9.8,4.7,0,-1.67643
9.8,4.8,0,-1.6507
9.8,4.9,0,-1.54042
9.8,5,0,-1.6562
9.8,8,0,-2.41869
9.8,8.1,0,-2.98192
9.8,8.2,0,-2.77776
9.8,8.3,0,-2.78758
9.8,8.4,0,-2.74206
9.8,8.5,0,-2.54768
9.8,8.6,0,-2.60814
9.8,8.7,0,-2.33479
9.8,8.8,0,-2.38958
9.8,8.9,0,-2.27883
9.8,9,0,-2.29242
9.8,9.1,0,-2.31405
9.8,9.2,0,-2.37251
9.8,9.3,0,-2.49199
9.8,9.4,0,-2.5564
9.8,9.5,0,-2.73289
9.8,9.6,0,-2.82997
9.8,9.7,0,-2.98001
9.8,9.8,0,-3.1124
9.8,9.9,0,-3.23634
9.8,10,0,-3.35247
9.8,10.1,0,-3.42225
9.8,10.2,0,-3.50595
9.8,10.3,0,-3.4951
9.8,10.4,0,-3.46484
9.8,10.5,0,-3.43397
9.8,10.6,0,-3.23383
9.8,10.7,0,-3.15889
9.8,10.8,0,-2.89141
9.8,10.9,0,-2.70355
9.8,11,0,-2.48247
9.8,11.1,0,-2.20049
9.8,11.2,0,-2.02135
9.8,11.3,0,-1.73474
9.8,11.4,0,-1.55468
9.8,11.5,0,-1.35658
9.8,11.6,0,-1.19098
9.8,11.7,0,-1.04874
9.8,11.8,0,-0.892282
9.8,11.9,0,-0.78667
9.8,12,0,-0.643985
9.8,12.1,0,-0.559471
9.8,12.2,0,-0.446478
9.8,12.3,0,-0.354706
9.8,12.4,0,-0.264168
9.8,12.5,0,-0.162999
9.8,12.6,0,-0.0838018
9.8,12.7,0,0
9.9,0,0,0
9.9,0.1,0,-0.0591696
9.9,0.2,0,-0.114165
9.9,0.3,0,-0.164605
9.9,0.4,0,-0.216883
9.9,0.5,0,-0.269533
9.9,0.6,0,-0.322237
9.9,0.7,0,-0.376392
9.9,0.8,0,-0.428092
9.9,0.9,0,-0.479818
9.9,1,0,-0.538374
9.9,1.1,0,-0.571264
9.9,1.2,0,-0.609423
9.9,1.3,0,-0.641307
9.9,1.4,0,-0.658021
9.9,1.5,0,-0.700585
9.9,1.6,0,-0.679328
9.9,1.7,0,-0.676997
9.9,1.8,0,-0.679333
9.9,1.9,0,-0.65849
9.9,2,0,-0.700466
9.9,2.1,0,-0.61185
9.9,2.2,0,-0.566647
9.9,2.3,0,-0.535966
9.9,2.4,0,-0.455262
9.9,2.5,0,-0.493806
9.9,2.6,0,-0.28826
9.9,2.7,0,-0.187818
9.9,2.8,0,-0.142019
9.9,2.9,0,-0.0523034
9.9,3,0,-0.163692
9.9,3.1,0,0.0392154
9.9,3.2,0,0.0944379
9.9,3.3,0,0.0685279
9.9,3.4,0,0.0525075
9.9,3.5,0,-0.155072
9.9,3.6,0,-0.086849
9.9,3.7,0,-0.189897
9.9,3.8,0,-0.299882
9.9,3.9,0,-0.462432
9.9,4,0,-0.747221
9.9,4.1,0,-0.738215
9.9,4.2,0,-0.926948
9.9,4.3,0,-1.03883
9.9,4.4,0,-1.21148
9.9,4.5,0,-1.48102
9.9,4.6,0,-1.4687
9.9,4.7,0,-1.54191
9.9,4.8,0,-1.51618
9.9,4.9,0,-1.48123
9.9,5,0,-1.52164
9.9,8,0,-2.26356
9.9,8.1,0,-2.61885
9.9,8.2,0,-2.69471
9.9,8.3,0,-2.6444
9.9,8.4,0,-2.56692
9.9,8.5,0,-2.43475
9.9,8.6,0,-2.36005
9.9,8.7,0,-2.16579
9.9,8.8,0,-2.13645
9.9,8.9,0,-2.03149
9.9,9,0,-2.0274
9.9,9.1,0,-1.99161
9.9,9.2,0,-2.03363
9.9,9.3,0,-2.08397
9.9,9.4,0,-2.12239
9.9,9.5,0,-2.24733
9.9,9.6,0,-2.31639
9.9,9.7,0,-2.46018
9.9,9.8,0,-2.55865
9.9,9.9,0,-2.67454
9.9,10,0,-2.76854
9.9,10.1,0,-2.84516
9.9,10.2,0,-2.90742
9.9,10.3,0,-2.93768
9.9,10.4,0,-2.90906
9.9,10.5,0,-2.87283
9.9,10.6,0,-2.74373
9.9,10.7,0,-2.65655
9.9,10.8,0,-2.49828
9.9,10.9,0,-2.31604
9.9,11,0,-2.1802
9.9,11.1,0,-1.91522
9.9,11.2,0,-1.76772
9.9,11.3,0,-1.54604
9.9,11.4,0,-1.39381
9.9,11.5,0,-1.24187
9.9,11.6,0,-1.08583
9.9,11.7,0,-0.975389
9.9,11.8,0,-0.828607
9.9,11.9,0,-0.731411
9.9,12,0,-0.612389
9.9,12.1,0,-0.526707
9.9,12.2,0,-0.433005
9.9,12.3,0,-0.339427
9.9,12.4,0,-0.255231
9.9,12.5,0,-0.159167
9.9,12.6,0,-0.0809095
9.9,12.7,0,0
10,0,0,0
10,0.1,0,-0.0549951
10,0.2,0,-0.10999
10,0.3,0,-0.163626
10,0.4,0,-0.215904
10,0.5,0,-0.268181
10,0.6,0,-0.322337
10,0.7,0,-0.376492
10,0.8,0,-0.429433
10,0.9,0,-0.481159
10,1,0,-0.532885
10,1.1,0,-0.571044
10,1.2,0,-0.609204
10,1.3,0,-0.63664
10,1.4,0,-0.653354
10,1.5,0,-0.670068
10,1.6,0,-0.667737
10,1.7,0,-0.665406
10,1.8,0,-0.653819
10,1.9,0,-0.632976
10,2,0,-0.612133
10,2.1,0,-0.56693
10,2.2,0,-0.521727
10,2.3,0,-0.458773
10,2.4,0,-0.37807
10,2.5,0,-0.297366
10,2.6,0,-0.196925
10,2.7,0,-0.0964835
10,2.8,0,-0.0014048
10,2.9,0,0.088311
10,3,0,0.178027
10,3.1,0,0.233249
10,3.2,0,0.288472
10,3.3,0,0.308073
10,3.4,0,0.292053
10,3.5,0,0.276032
10,3.6,0,0.172984
10,3.7,0,0.0699365
10,3.8,0,-0.0628622
10,3.9,0,-0.225412
10,4,0,-0.387962
10,4.1,0,-0.576694
10,4.2,0,-0.765427
10,4.3,0,-0.946118
10,4.4,0,-1.11877
10,4.5,0,-1.29142
10,4.6,0,-1.36464
10,4.7,0,-1.43785
10,4.8,0,-1.45699
10,4.9,0,-1.42203
10,5,0,-1.38708
10,5.1,0,-1.26893
10,5.2,0,-1.15077
10,5.3,0,-1.03262
10,5.4,0,-0.898693
10,5.5,0,-0.76477
10,5.6,0,-0.630846
10,5.7,0,-0.479936
10,5.8,0,-0.329025
10,5.9,0,-0.178114
10,6,0,-0.0342492
10,6.1,0,0.109616
10,6.2,0,0.253481
10,6.3,0,0.350865
10,6.4,0,0.448249
10,6.5,0,0.545632
10,6.6,0,0.567268
10,6.7,0,0.588904
10,6.8,0,0.610539
10,6.9,0,0.544123
10,7,0,0.477708
10,7.1,0,0.411292
10,7.2,0,0.260903
10,7.3,0,0.110513
10,7.4,0,-0.039876
10,7.5,0,-0.262093
10,7.6,0,-0.48431
10,7.7,0,-0.706527
10,7.8,0,-1.17383
10,7.9,0,-1.64113
10,8,0,-2.10843
10,8.1,0,-2.25578
10,8.2,0,-2.40313
10,8.3,0,-2.40434
10,8.4,0,-2.32687
10,8.5,0,-2.23556
10,8.6,0,-2.11197
10,8.7,0,-1.98838
10,8.8,0,-1.88331
10,8.9,0,-1.77922
10,9,0,-1.71611
10,9.1,0,-1.68032
10,9.2,0,-1.65797
10,9.3,0,-1.67594
10,9.4,0,-1.69391
10,9.5,0,-1.75697
10,9.6,0,-1.82505
10,9.7,0,-1.90984
10,9.8,0,-2.0083
10,9.9,0,-2.10333
10,10,0,-2.18461
10,10.1,0,-2.26589
10,10.2,0,-2.30381
10,10.3,0,-2.33407
10,10.4,0,-2.33109
10,10.5,0,-2.29486
10,10.6,0,-2.24973
10,10.7,0,-2.1542
10,10.8,0,-2.05868
10,10.9,0,-1.9309
10,11,0,-1.79506
10,11.1,0,-1.65446
10,11.2,0,-1.50805
10,11.3,0,-1.36325
10,11.4,0,-1.23293
10,11.5,0,-1.1026
10,11.6,0,-0.987183
10,11.7,0,-0.876738
10,11.8,0,-0.772094
10,11.9,0,-0.676151
10,12,0,-0.580669
10,12.1,0,-0.493944
10,12.2,0,-0.407219
10,12.3,0,-0.322264
10,12.4,0,-0.238068
10,12.5,0,-0.156034
10,12.6,0,-0.0780172
10,12.7,0,0
10.1,0,0,0
10.1,0.1,0,-0.0547001
10.1,0.2,0,-0.109695
10.1,0.3,0,-0.162042
10.1,0.4,0,-0.21432
10.1,0.5,0,-0.27737
10.1,0.6,0,-0.321995
10.1,0.7,0,-0.37615
10.1,0.8,0,-0.432488
10.1,0.9,0,-0.484214
10.1,1,0,-0.553569
10.1,1.1,0,-0.578107
10.1,1.2,0,-0.616266
10.1,1.3,0,-0.640735
10.1,1.4,0,-0.657448
10.1,1.5,0,-0.701654
10.1,1.6,0,-0.664894
10.1,1.7,0,-0.662563
10.1,1.8,0,-0.642408
10.1,1.9,0,-0.621565
10.1,2,0,-0.645613
10.1,2.1,0,-0.543892
10.1,2.2,0,-0.498689
10.1,2.3,0,-0.41747
10.1,2.4,0,-0.336767
10.1,2.5,0,-0.336501
10.1,2.6,0,-0.129371
10.1,2.7,0,-0.0289297
10.1,2.8,0,0.106847
10.1,2.9,0,0.196563
10.1,3,0,0.125962
10.1,3.1,0,0.391685
10.1,3.2,0,0.446908
10.1,3.3,0,0.513372
10.1,3.4,0,0.497351
10.1,3.5,0,0.218772
10.1,3.6,0,0.39003
10.1,3.7,0,0.286982
10.1,3.8,0,0.121728
10.1,3.9,0,-0.0408216
10.1,4,0,-0.448064
10.1,4.1,0,-0.453894
10.1,4.2,0,-0.642627
10.1,4.3,0,-0.895314
10.1,4.4,0,-1.06796
10.1,4.5,0,-1.35103
10.1,4.6,0,-1.34072
10.1,4.7,0,-1.41394
10.1,4.8,0,-1.43652
10.1,4.9,0,-1.40156
10.1,5,0,-1.45114
10.1,5.1,0,-1.26848
10.1,5.2,0,-1.15032
10.1,5.3,0,-1.11204
10.1,5.4,0,-0.905248
10.1,5.5,0,-0.771325
10.1,5.6,0,-0.712623
10.1,5.7,0,-0.479957
10.1,5.8,0,-0.329046
10.1,5.9,0,-0.261531
10.1,6,0,-0.0315011
10.1,6.1,0,0.112364
10.1,6.2,0,0.169119
10.1,6.3,0,0.36611
10.1,6.4,0,0.463493
10.1,6.5,0,0.463564
10.1,6.6,0,0.581345
10.1,6.7,0,0.602981
10.1,6.8,0,0.53531
10.1,6.9,0,0.56413
10.1,7,0,0.497715
10.1,7.1,0,0.3471
10.1,7.2,0,0.273402
10.1,7.3,0,0.123012
10.1,7.4,0,-0.0881496
10.1,7.5,0,-0.246787
10.1,7.6,0,-0.469004
10.1,7.7,0,-0.729909
10.1,7.8,0,-1.09426
10.1,7.9,0,-1.56156
10.1,8,0,-2.01541
10.1,8.1,0,-2.11695
10.1,8.2,0,-2.2643
10.1,8.3,0,-2.24986
10.1,8.4,0,-2.17239
10.1,8.5,0,-2.06596
10.1,8.6,0,-1.94146
10.1,8.7,0,-1.89861
10.1,8.8,0,-1.67702
10.1,8.9,0,-1.57293
10.1,9,0,-1.46822
10.1,9.1,0,-1.43243
10.1,9.2,0,-1.38604
10.1,9.3,0,-1.36647
10.1,9.4,0,-1.50711
10.1,9.5,0,-1.3813
10.1,9.6,0,-1.44938
10.1,9.7,0,-1.50967
10.1,9.8,0,-1.60813
10.1,9.9,0,-1.76814
10.1,10,0,-1.77162
10.1,10.1,0,-1.9597
10.1,10.2,0,-1.88675
10.1,10.3,0,-1.91702
10.1,10.4,0,-1.93241
10.1,10.5,0,-1.89617
10.1,10.6,0,-1.98303
10.1,10.7,0,-1.80609
10.1,10.8,0,-1.77668
10.1,10.9,0,-1.66011
10.1,11,0,-1.52427
10.1,11.1,0,-1.46351
10.1,11.2,0,-1.3171
10.1,11.3,0,-1.27229
10.1,11.4,0,-1.10791
10.1,11.5,0,-0.991522
10.1,11.6,0,-0.910787
10.1,11.7,0,-0.800342
10.1,11.8,0,-0.727298
10.1,11.9,0,-0.631355
10.1,12,0,-0.565841
10.1,12.1,0,-0.468833
10.1,12.2,0,-0.38233
10.1,12.3,0,-0.309464
10.1,12.4,0,-0.225268
10.1,12.5,0,-0.150277
10.1,12.6,0,-0.0722599
10.1,12.7,0,0
10.2,0,0,0
10.2,0.1,0,-0.054405
10.2,0.2,0,-0.111579
10.2,0.3,0,-0.163217
10.2,0.4,0,-0.212736
10.2,0.5,0,-0.286559
10.2,0.6,0,-0.321653
10.2,0.7,0,-0.382356
10.2,0.8,0,-0.440562
10.2,0.9,0,-0.487269
10.2,1,0,-0.574253
10.2,1.1,0,-0.58517
10.2,1.2,0,-0.632383
10.2,1.3,0,-0.655219
10.2,1.4,0,-0.661543
10.2,1.5,0,-0.733241
10.2,1.6,0,-0.662052
10.2,1.7,0,-0.675924
10.2,1.8,0,-0.651056
10.2,1.9,0,-0.610154
10.2,2,0,-0.679093
10.2,2.1,0,-0.520854
10.2,2.2,0,-0.501333
10.2,2.3,0,-0.410068
10.2,2.4,0,-0.295464
10.2,2.5,0,-0.375636
10.2,2.6,0,-0.0618175
10.2,2.7,0,-0.0128441
10.2,2.8,0,0.145317
10.2,2.9,0,0.304815
10.2,3,0,0.0738962
10.2,3.1,0,0.550121
10.2,3.2,0,0.509104
10.2,3.3,0,0.601342
10.2,3.4,0,0.70265
10.2,3.5,0,0.161512
10.2,3.6,0,0.607076
10.2,3.7,0,0.380239
10.2,3.8,0,0.197135
10.2,3.9,0,0.143769
10.2,4,0,-0.508166
10.2,4.1,0,-0.331094
10.2,4.2,0,-0.603475
10.2,4.3,0,-0.89576
10.2,4.4,0,-1.01716
10.2,4.5,0,-1.41065
10.2,4.6,0,-1.3168
10.2,4.7,0,-1.42709
10.2,4.8,0,-1.45157
10.2,4.9,0,-1.38109
10.2,5,0,-1.51521
10.2,5.1,0,-1.26802
10.2,5.2,0,-1.14987
10.2,5.3,0,-1.19146
10.2,5.4,0,-0.911803
10.2,5.5,0,-0.77788
10.2,5.6,0,-0.794399
10.2,5.7,0,-0.479977
10.2,5.8,0,-0.329067
10.2,5.9,0,-0.344947
10.2,6,0,-0.028753
10.2,6.1,0,0.115112
10.2,6.2,0,0.0847564
10.2,6.3,0,0.381354
10.2,6.4,0,0.478738
10.2,6.5,0,0.381495
10.2,6.6,0,0.595422
10.2,6.7,0,0.617058
10.2,6.8,0,0.460081
10.2,6.9,0,0.584138
10.2,7,0,0.517722
10.2,7.1,0,0.282907
10.2,7.2,0,0.2859
10.2,7.3,0,0.135511
10.2,7.4,0,-0.136423
10.2,7.5,0,-0.231482
10.2,7.6,0,-0.453699
10.2,7.7,0,-0.753292
10.2,7.8,0,-1.0147
10.2,7.9,0,-1.482
10.2,8,0,-1.92239
10.2,8.1,0,-1.97812
10.2,8.2,0,-2.15552
10.2,8.3,0,-2.09538
10.2,8.4,0,-2.01791
10.2,8.5,0,-1.98133
10.2,8.6,0,-1.77096
10.2,8.7,0,-1.82478
10.2,8.8,0,-1.47073
10.2,8.9,0,-1.45572
10.2,9,0,-1.22399
10.2,9.1,0,-1.18453
10.2,9.2,0,-1.29039
10.2,9.3,0,-1.057
10.2,9.4,0,-1.38068
10.2,9.5,0,-1.00563
10.2,9.6,0,-1.18609
10.2,9.7,0,-1.15461
10.2,9.8,0,-1.20796
10.2,9.9,0,-1.58368
10.2,10,0,-1.35862
10.2,10.1,0,-1.75805
10.2,10.2,0,-1.46969
10.2,10.3,0,-1.57485
10.2,10.4,0,-1.60216
10.2,10.5,0,-1.49749
10.2,10.6,0,-1.79605
10.2,10.7,0,-1.45797
10.2,10.8,0,-1.6228
10.2,10.9,0,-1.38931
10.2,11,0,-1.28293
10.2,11.1,0,-1.31299
10.2,11.2,0,-1.12615
10.2,11.3,0,-1.19808
10.2,11.4,0,-0.982894
10.2,11.5,0,-0.945919
10.2,11.6,0,-0.834392
10.2,11.7,0,-0.725016
10.2,11.8,0,-0.695201
10.2,11.9,0,-0.586559
10.2,12,0,-0.553043
10.2,12.1,0,-0.443722
10.2,12.2,0,-0.378129
10.2,12.3,0,-0.296664
10.2,12.4,0,-0.212468
10.2,12.5,0,-0.149338
10.2,12.6,0,-0.0665025
10.2,12.7,0,0
10.3,0,0,0
10.3,0.1,0,-0.05411
10.3,0.2,0,-0.116125
10.3,0.3,0,-0.167763
10.3,0.4,0,-0.211151
10.3,0.5,0,-0.295748
10.3,0.6,0,-0.32131
10.3,0.7,0,-0.396564
10.3,0.8,0,-0.45477
10.3,0.9,0,-0.490324
10.3,1,0,-0.594936
10.3,1.1,0,-0.592232
10.3,1.2,0,-0.659566
10.3,1.3,0,-0.682402
10.3,1.4,0,-0.665637
10.3,1.5,0,-0.764828
10.3,1.6,0,-0.659209
10.3,1.7,0,-0.709087
10.3,1.8,0,-0.684219
10.3,1.9,0,-0.598743
10.3,2,0,-0.712572
10.3,2.1,0,-0.497817
10.3,2.2,0,-0.535365
10.3,2.3,0,-0.4441
10.3,2.4,0,-0.25416
10.3,2.5,0,-0.41477
10.3,2.6,0,0.00573629
10.3,2.7,0,-0.0596639
10.3,2.8,0,0.0984968
10.3,2.9,0,0.413067
10.3,3,0,0.0218309
10.3,3.1,0,0.708557
10.3,3.2,0,0.453674
10.3,3.3,0,0.545912
10.3,3.4,0,0.907949
10.3,3.5,0,0.104252
10.3,3.6,0,0.824121
10.3,3.7,0,0.322199
10.3,3.8,0,0.139095
10.3,3.9,0,0.328359
10.3,4,0,-0.568269
10.3,4.1,0,-0.208293
10.3,4.2,0,-0.666559
10.3,4.3,0,-0.958844
10.3,4.4,0,-0.966355
10.3,4.5,0,-1.47027
10.3,4.6,0,-1.29288
10.3,4.7,0,-1.48556
10.3,4.8,0,-1.51003
10.3,4.9,0,-1.36062
10.3,5,0,-1.57927
10.3,5.1,0,-1.29445
10.3,5.2,0,-1.1827
10.3,5.3,0,-1.27088
10.3,5.4,0,-0.948719
10.3,5.5,0,-0.815777
10.3,5.6,0,-0.876175
10.3,5.7,0,-0.514063
10.3,5.8,0,-0.363836
10.3,5.9,0,-0.428364
10.3,6,0,-0.0619068
10.3,6.1,0,0.0815643
10.3,6.2,0,0.00039396
10.3,6.3,0,0.355096
10.3,6.4,0,0.453435
10.3,6.5,0,0.299426
10.3,6.6,0,0.569439
10.3,6.7,0,0.593924
10.3,6.8,0,0.384852
10.3,6.9,0,0.564463
10.3,7,0,0.502646
10.3,7.1,0,0.218715
10.3,7.2,0,0.266445
10.3,7.3,0,0.122688
10.3,7.4,0,-0.184697
10.3,7.5,0,-0.242668
10.3,7.6,0,-0.454514
10.3,7.7,0,-0.776676
10.3,7.8,0,-0.978025
10.3,7.9,0,-1.39682
10.3,8,0,-1.82936
10.3,8.1,0,-1.83929
10.3,8.2,0,-2.05221
10.3,8.3,0,-1.98473
10.3,8.4,0,-1.91172
10.3,8.5,0,-1.89669
10.3,8.6,0,-1.60045
10.3,8.7,0,-1.75096
10.3,8.8,0,-1.26444
10.3,8.9,0,-1.38027
10.3,9,0,-1.14854
10.3,9.1,0,-1.01681
10.3,9.2,0,-1.19474
10.3,9.3,0,-0.747535
10.3,9.4,0,-1.25425
10.3,9.5,0,-0.637917
10.3,9.6,0,-1.02823
10.3,9.7,0,-0.99675
10.3,9.8,0,-0.885817
10.3,9.9,0,-1.39923
10.3,10,0,-0.945629
10.3,10.1,0,-1.55641
10.3,10.2,0,-1.09503
10.3,10.3,0,-1.37111
10.3,10.4,0,-1.39842
10.3,10.5,0,-1.14047
10.3,10.6,0,-1.60906
10.3,10.7,0,-1.10985
10.3,10.8,0,-1.46892
10.3,10.9,0,-1.16081
10.3,11,0,-1.17035
10.3,11.1,0,-1.20042
10.3,11.2,0,-0.93892
10.3,11.3,0,-1.12388
10.3,11.4,0,-0.857878
10.3,11.5,0,-0.900315
10.3,11.6,0,-0.774211
10.3,11.7,0,-0.698872
10.3,11.8,0,-0.669057
10.3,11.9,0,-0.541762
10.3,12,0,-0.540245
10.3,12.1,0,-0.418612
10.3,12.2,0,-0.373928
10.3,12.3,0,-0.28981
10.3,12.4,0,-0.210578
10.3,12.5,0,-0.149278
10.3,12.6,0,-0.0607452
10.3,12.7,0,0
10.4,0,0,0
10.4,0.1,0,-0.0540805
10.4,0.2,0,-0.120671
10.4,0.3,0,-0.172309
10.4,0.4,0,-0.219263
10.4,0.5,0,-0.304937
10.4,0.6,0,-0.329546
10.4,0.7,0,-0.410773
10.4,0.8,0,-0.468979
10.4,0.9,0,-0.509244
10.4,1,0,-0.61562
10.4,1.1,0,-0.611554
10.4,1.2,0,-0.68675
10.4,1.3,0,-0.709585
10.4,1.4,0,-0.694474
10.4,1.5,0,-0.796415
10.4,1.6,0,-0.687353
10.4,1.7,0,-0.742251
10.4,1.8,0,-0.717383
10.4,1.9,0,-0.627734
10.4,2,0,-0.746052
10.4,2.1,0,-0.525645
10.4,2.2,0,-0.569398
10.4,2.3,0,-0.478133
10.4,2.4,0,-0.285251
10.4,2.5,0,-0.453905
10.4,2.6,0,-0.0227295
10.4,2.7,0,-0.106484
10.4,2.8,0,0.051677
10.4,2.9,0,0.377033
10.4,3,0,-0.0302345
10.4,3.1,0,0.677542
10.4,3.2,0,0.398244
10.4,3.3,0,0.490483
10.4,3.4,0,0.876944
10.4,3.5,0,0.0469916
10.4,3.6,0,0.794292
10.4,3.7,0,0.264159
10.4,3.8,0,0.0810545
10.4,3.9,0,0.292726
10.4,4,0,-0.628371
10.4,4.1,0,-0.250105
10.4,4.2,0,-0.729644
10.4,4.3,0,-1.02193
10.4,4.4,0,-1.01493
10.4,4.5,0,-1.52988
10.4,4.6,0,-1.34415
10.4,4.7,0,-1.54403
10.4,4.8,0,-1.5685
10.4,4.9,0,-1.41623
10.4,5,0,-1.64333
10.4,5.1,0,-1.35852
10.4,5.2,0,-1.26212
10.4,5.3,0,-1.3503
10.4,5.4,0,-1.02814
10.4,5.5,0,-0.897553
10.4,5.6,0,-0.957951
10.4,5.7,0,-0.595839
10.4,5.8,0,-0.447252
10.4,5.9,0,-0.51178
10.4,6,0,-0.145323
10.4,6.1,0,-0.00279815
10.4,6.2,0,-0.0839684
10.4,6.3,0,0.270734
10.4,6.4,0,0.371366
10.4,6.5,0,0.217357
10.4,6.6,0,0.48737
10.4,6.7,0,0.518695
10.4,6.8,0,0.309623
10.4,6.9,0,0.489234
10.4,7,0,0.438454
10.4,7.1,0,0.154523
10.4,7.2,0,0.202252
10.4,7.3,0,0.0744144
10.4,7.4,0,-0.23297
10.4,7.5,0,-0.290942
10.4,7.6,0,-0.477897
10.4,7.7,0,-0.800058
10.4,7.8,0,-1.00141
10.4,7.9,0,-1.3038
10.4,8,0,-1.73634
10.4,8.1,0,-1.73262
10.4,8.2,0,-1.94891
10.4,8.3,0,-1.88143
10.4,8.4,0,-1.82709
10.4,8.5,0,-1.81205
10.4,8.6,0,-1.48189
10.4,8.7,0,-1.67713
10.4,8.8,0,-1.173
10.4,8.9,0,-1.30481
10.4,9,0,-1.07308
10.4,9.1,0,-0.921166
10.4,9.2,0,-1.0991
10.4,9.3,0,-0.506219
10.4,9.4,0,-1.12782
10.4,9.5,0,-0.511487
10.4,9.6,0,-0.870374
10.4,9.7,0,-0.838892
10.4,9.8,0,-0.701366
10.4,9.9,0,-1.21478
10.4,10,0,-0.586205
10.4,10.1,0,-1.35476
10.4,10.2,0,-0.893384
10.4,10.3,0,-1.16737
10.4,10.4,0,-1.19468
10.4,10.5,0,-0.953484
10.4,10.6,0,-1.42208
10.4,10.7,0,-0.803429
10.4,10.8,0,-1.31503
10.4,10.9,0,-1.00693
10.4,11,0,-1.05777
10.4,11.1,0,-1.08784
10.4,11.2,0,-0.864715
10.4,11.3,0,-1.04967
10.4,11.4,0,-0.751781
10.4,11.5,0,-0.854712
10.4,11.6,0,-0.728608
10.4,11.7,0,-0.672728
10.4,11.8,0,-0.642913
10.4,11.9,0,-0.52471
10.4,12,0,-0.527448
10.4,12.1,0,-0.400116
10.4,12.2,0,-0.369727
10.4,12.3,0,-0.285609
10.4,12.4,0,-0.210518
10.4,12.5,0,-0.149218
10.4,12.6,0,-0.0590302
10.4,12.7,0,0
10.5,0,0,0
10.5,0.1,0,-0.0557749
10.5,0.2,0,-0.125217
10.5,0.3,0,-0.176855
10.5,0.4,0,-0.230597
10.5,0.5,0,-0.314125
10.5,0.6,0,-0.343828
10.5,0.7,0,-0.424981
10.5,0.8,0,-0.483187
10.5,0.9,0,-0.533832
10.5,1,0,-0.636304
10.5,1.1,0,-0.63928
10.5,1.2,0,-0.713933
10.5,1.3,0,-0.736768
10.5,1.4,0,-0.734142
10.5,1.5,0,-0.828001
10.5,1.6,0,-0.731542
10.5,1.7,0,-0.775415
10.5,1.8,0,-0.750547
10.5,1.9,0,-0.676815
10.5,2,0,-0.779532
10.5,2.1,0,-0.579099
10.5,2.2,0,-0.60343
10.5,2.3,0,-0.512165
10.5,2.4,0,-0.350753
10.5,2.5,0,-0.49304
10.5,2.6,0,-0.101895
10.5,2.7,0,-0.153304
10.5,2.8,0,0.00485713
10.5,2.9,0,0.270693
10.5,3,0,-0.0822998
10.5,3.1,0,0.550623
10.5,3.2,0,0.342814
10.5,3.3,0,0.435053
10.5,3.4,0,0.728429
10.5,3.5,0,-0.0102686
10.5,3.6,0,0.640751
10.5,3.7,0,0.206119
10.5,3.8,0,0.0230144
10.5,3.9,0,0.147703
10.5,4,0,-0.688474
10.5,4.1,0,-0.375268
10.5,4.2,0,-0.792728
10.5,4.3,0,-1.08501
10.5,4.4,0,-1.11441
10.5,4.5,0,-1.5895
10.5,4.6,0,-1.4326
10.5,4.7,0,-1.60249
10.5,4.8,0,-1.62697
10.5,4.9,0,-1.50792
10.5,5,0,-1.7074
10.5,5.1,0,-1.42258
10.5,5.2,0,-1.34154
10.5,5.3,0,-1.42973
10.5,5.4,0,-1.10756
10.5,5.5,0,-0.979329
10.5,5.6,0,-1.03973
10.5,5.7,0,-0.677615
10.5,5.8,0,-0.530669
10.5,5.9,0,-0.595197
10.5,6,0,-0.22874
10.5,6.1,0,-0.0871605
10.5,6.2,0,-0.168331
10.5,6.3,0,0.186371
10.5,6.4,0,0.289297
10.5,6.5,0,0.135288
10.5,6.6,0,0.405301
10.5,6.7,0,0.443466
10.5,6.8,0,0.234394
10.5,6.9,0,0.414005
10.5,7,0,0.374261
10.5,7.1,0,0.0903305
10.5,7.2,0,0.13806
10.5,7.3,0,0.0261408
10.5,7.4,0,-0.281244
10.5,7.5,0,-0.339215
10.5,7.6,0,-0.50128
10.5,7.7,0,-0.823441
10.5,7.8,0,-1.02479
10.5,7.9,0,-1.21078
10.5,8,0,-1.64332
10.5,8.1,0,-1.65907
10.5,8.2,0,-1.84561
10.5,8.3,0,-1.77812
10.5,8.4,0,-1.74245
10.5,8.5,0,-1.72741
10.5,8.6,0,-1.46926
10.5,8.7,0,-1.6033
10.5,8.8,0,-1.14928
10.5,8.9,0,-1.22935
10.5,9,0,-0.997625
10.5,9.1,0,-0.82552
10.5,9.2,0,-1.00345
10.5,9.3,0,-0.567451
10.5,9.4,0,-1.00139
10.5,9.5,0,-0.432558
10.5,9.6,0,-0.712515
10.5,9.7,0,-0.681034
10.5,9.8,0,-0.516915
10.5,9.9,0,-1.03033
10.5,10,0,-0.613102
10.5,10.1,0,-1.15312
10.5,10.2,0,-0.703086
10.5,10.3,0,-0.963628
10.5,10.4,0,-0.990943
10.5,10.5,0,-0.776868
10.5,10.6,0,-1.23509
10.5,10.7,0,-0.810677
10.5,10.8,0,-1.16115
10.5,10.9,0,-0.853044
10.5,11,0,-0.945192
10.5,11.1,0,-0.975258
10.5,11.2,0,-0.807601
10.5,11.3,0,-0.975467
10.5,11.4,0,-0.747272
10.5,11.5,0,-0.809108
10.5,11.6,0,-0.683004
10.5,11.7,0,-0.646585
10.5,11.8,0,-0.61677
10.5,11.9,0,-0.519055
10.5,12,0,-0.51465
10.5,12.1,0,-0.402222
10.5,12.2,0,-0.365526
10.5,12.3,0,-0.281408
10.5,12.4,0,-0.210458
10.5,12.5,0,-0.149158
10.5,12.6,0,-0.0621516
10.5,12.7,0,0
10.6,0,0,0
10.6,0.1,0,-0.0606162
10.6,0.2,0,-0.129764
10.6,0.3,0,-0.181402
10.6,0.4,0,-0.245917
10.6,0.5,0,-0.323314
10.6,0.6,0,-0.367567
10.6,0.7,0,-0.43919
10.6,0.8,0,-0.497396
10.6,0.9,0,-0.565669
10.6,1,0,-0.656987
10.6,1.1,0,-0.680084
10.6,1.2,0,-0.741116
10.6,1.3,0,-0.763951
10.6,1.4,0,-0.788818
10.6,1.5,0,-0.859588
10.6,1.6,0,-0.799135
10.6,1.7,0,-0.808579
10.6,1.8,0,-0.783711
10.6,1.9,0,-0.754869
10.6,2,0,-0.813012
10.6,2.1,0,-0.669649
10.6,2.2,0,-0.637462
10.6,2.3,0,-0.546198
10.6,2.4,0,-0.465224
10.6,2.5,0,-0.532174
10.6,2.6,0,-0.255403
10.6,2.7,0,-0.200123
10.6,2.8,0,-0.0419627
10.6,2.9,0,0.0635555
10.6,3,0,-0.134365
10.6,3.1,0,0.284692
10.6,3.2,0,0.287384
10.6,3.3,0,0.379623
10.6,3.4,0,0.41044
10.6,3.5,0,-0.0675287
10.6,3.6,0,0.308406
10.6,3.7,0,0.148079
10.6,3.8,0,-0.0350257
10.6,3.9,0,-0.15503
10.6,4,0,-0.748576
10.6,4.1,0,-0.621255
10.6,4.2,0,-0.855813
10.6,4.3,0,-1.1481
10.6,4.4,0,-1.28791
10.6,4.5,0,-1.64912
10.6,4.6,0,-1.5746
10.6,4.7,0,-1.66096
10.6,4.8,0,-1.68544
10.6,4.9,0,-1.65092
10.6,5,0,-1.77146
10.6,5.1,0,-1.5532
10.6,5.2,0,-1.47473
10.6,5.3,0,-1.50915
10.6,5.4,0,-1.24967
10.6,5.5,0,-1.12183
10.6,5.6,0,-1.1215
10.6,5.7,0,-0.828887
10.6,5.8,0,-0.682215
10.6,5.9,0,-0.678613
10.6,6,0,-0.384748
10.6,6.1,0,-0.243327
10.6,6.2,0,-0.252693
10.6,6.3,0,0.0209141
10.6,6.4,0,0.124223
10.6,6.5,0,0.0532187
10.6,6.6,0,0.24881
10.6,6.7,0,0.288115
10.6,6.8,0,0.159165
10.6,6.9,0,0.26861
10.6,7,0,0.230706
10.6,7.1,0,0.0261383
10.6,7.2,0,0.023224
10.6,7.3,0,-0.086042
10.6,7.4,0,-0.329517
10.6,7.5,0,-0.419729
10.6,7.6,0,-0.577645
10.6,7.7,0,-0.846824
10.6,7.8,0,-1.03696
10.6,7.9,0,-1.20355
10.6,8,0,-1.5503
10.6,8.1,0,-1.60157
10.6,8.2,0,-1.7423
10.6,8.3,0,-1.70231
10.6,8.4,0,-1.68639
10.6,8.5,0,-1.64278
10.6,8.6,0,-1.48131
10.6,8.7,0,-1.52948
10.6,8.8,0,-1.20629
10.6,8.9,0,-1.1539
10.6,9,0,-0.956992
10.6,9.1,0,-0.854616
10.6,9.2,0,-0.907803
10.6,9.3,0,-0.654842
10.6,9.4,0,-0.87496
10.6,9.5,0,-0.523939
10.6,9.6,0,-0.554657
10.6,9.7,0,-0.536945
10.6,9.8,0,-0.547709
10.6,9.9,0,-0.84588
10.6,10,0,-0.64
10.6,10.1,0,-0.951473
10.6,10.2,0,-0.714761
10.6,10.3,0,-0.759889
10.6,10.4,0,-0.787204
10.6,10.5,0,-0.784827
10.6,10.6,0,-1.04811
10.6,10.7,0,-0.817925
10.6,10.8,0,-1.00727
10.6,10.9,0,-0.839702
10.6,11,0,-0.840076
10.6,11.1,0,-0.862679
10.6,11.2,0,-0.811769
10.6,11.3,0,-0.901261
10.6,11.4,0,-0.752479
10.6,11.5,0,-0.763505
10.6,11.6,0,-0.673753
10.6,11.7,0,-0.627484
10.6,11.8,0,-0.590626
10.6,11.9,0,-0.52491
10.6,12,0,-0.501852
10.6,12.1,0,-0.410334
10.6,12.2,0,-0.361325
10.6,12.3,0,-0.284322
10.6,12.4,0,-0.213783
10.6,12.5,0,-0.149098
10.6,12.6,0,-0.0678489
10.6,12.7,0,0
10.7,0,0,0
10.7,0.1,0,-0.0654574
10.7,0.2,0,-0.134546
10.7,0.3,0,-0.194566
10.7,0.4,0,-0.261236
10.7,0.5,0,-0.332503
10.7,0.6,0,-0.391306
10.7,0.7,0,-0.461023
10.7,0.8,0,-0.525707
10.7,0.9,0,-0.597507
10.7,1,0,-0.677671
10.7,1.1,0,-0.720888
10.7,1.2,0,-0.779196
10.7,1.3,0,-0.813129
10.7,1.4,0,-0.843493
10.7,1.5,0,-0.891175
10.7,1.6,0,-0.866728
10.7,1.7,0,-0.869286
10.7,1.8,0,-0.852787
10.7,1.9,0,-0.832924
10.7,2,0,-0.846492
10.7,2.1,0,-0.760199
10.7,2.2,0,-0.716709
10.7,2.3,0,-0.64458
10.7,2.4,0,-0.579694
10.7,2.5,0,-0.571309
10.7,2.6,0,-0.408911
10.7,2.7,0,-0.332294
10.7,2.8,0,-0.217036
10.7,2.9,0,-0.143582
10.7,3,0,-0.18643
10.7,3.1,0,0.0187611
10.7,3.2,0,0.0635533
10.7,3.3,0,0.114146
10.7,3.4,0,0.0924516
10.7,3.5,0,-0.124789
10.7,3.6,0,-0.0239403
10.7,3.7,0,-0.129406
10.7,3.8,0,-0.28882
10.7,3.9,0,-0.457763
10.7,4,0,-0.808679
10.7,4.1,0,-0.867242
10.7,4.2,0,-1.06522
10.7,4.3,0,-1.29952
10.7,4.4,0,-1.46142
10.7,4.5,0,-1.70873
10.7,4.6,0,-1.7166
10.7,4.7,0,-1.78625
10.7,4.8,0,-1.81153
10.7,4.9,0,-1.79392
10.7,5,0,-1.83552
10.7,5.1,0,-1.69714
10.7,5.2,0,-1.61866
10.7,5.3,0,-1.58857
10.7,5.4,0,-1.40431
10.7,5.5,0,-1.27647
10.7,5.6,0,-1.20328
10.7,5.7,0,-0.994059
10.7,5.8,0,-0.847386
10.7,5.9,0,-0.76203
10.7,6,0,-0.555275
10.7,6.1,0,-0.413854
10.7,6.2,0,-0.337056
10.7,6.3,0,-0.160762
10.7,6.4,0,-0.0574534
10.7,6.5,0,-0.0288503
10.7,6.6,0,0.0774348
10.7,6.7,0,0.11674
10.7,6.8,0,0.083936
10.7,6.9,0,0.109181
10.7,7,0,0.0712772
10.7,7.1,0,-0.038054
10.7,7.2,0,-0.101741
10.7,7.3,0,-0.211007
10.7,7.4,0,-0.377791
10.7,7.5,0,-0.506691
10.7,7.6,0,-0.664607
10.7,7.7,0,-0.870207
10.7,7.8,0,-1.04689
10.7,7.9,0,-1.21348
10.7,8,0,-1.45728
10.7,8.1,0,-1.54408
10.7,8.2,0,-1.65752
10.7,8.3,0,-1.66885
10.7,8.4,0,-1.65293
10.7,8.5,0,-1.58128
10.7,8.6,0,-1.49335
10.7,8.7,0,-1.45565
10.7,8.8,0,-1.2633
10.7,8.9,0,-1.15383
10.7,9,0,-1.03378
10.7,9.1,0,-0.931407
10.7,9.2,0,-0.825787
10.7,9.3,0,-0.742233
10.7,9.4,0,-0.74853
10.7,9.5,0,-0.61532
10.7,9.6,0,-0.579751
10.7,9.7,0,-0.594806
10.7,9.8,0,-0.605569
10.7,9.9,0,-0.661429
10.7,10,0,-0.666897
10.7,10.1,0,-0.749828
10.7,10.2,0,-0.726435
10.7,10.3,0,-0.749793
10.7,10.4,0,-0.773768
10.7,10.5,0,-0.792786
10.7,10.6,0,-0.861122
10.7,10.7,0,-0.825174
10.7,10.8,0,-0.853387
10.7,10.9,0,-0.844033
10.7,11,0,-0.844407
10.7,11.1,0,-0.835798
10.7,11.2,0,-0.815938
10.7,11.3,0,-0.827055
10.7,11.4,0,-0.757685
10.7,11.5,0,-0.721685
10.7,11.6,0,-0.678402
10.7,11.7,0,-0.632132
10.7,11.8,0,-0.582694
10.7,11.9,0,-0.530765
10.7,12,0,-0.489055
10.7,12.1,0,-0.418446
10.7,12.2,0,-0.360071
10.7,12.3,0,-0.292861
10.7,12.4,0,-0.222322
10.7,12.5,0,-0.151365
10.7,12.6,0,-0.0735462
10.7,12.7,0,0
10.8,0,0,0
10.8,0.1,0,-0.0705413
10.8,0.2,0,-0.13963
10.8,0.3,0,-0.210033
10.8,0.4,0,-0.276702
10.8,0.5,0,-0.339964
10.8,0.6,0,-0.414407
10.8,0.7,0,-0.484123
10.8,0.8,0,-0.557848
10.8,0.9,0,-0.629647
10.8,1,0,-0.702359
10.8,1.1,0,-0.763566
10.8,1.2,0,-0.821873
10.8,1.3,0,-0.870438
10.8,1.4,0,-0.900803
10.8,1.5,0,-0.934828
10.8,1.6,0,-0.936172
10.8,1.7,0,-0.93873
10.8,1.8,0,-0.932607
10.8,1.9,0,-0.912744
10.8,2,0,-0.898911
10.8,2.1,0,-0.852795
10.8,2.2,0,-0.809304
10.8,2.3,0,-0.760456
10.8,2.4,0,-0.695569
10.8,2.5,0,-0.639247
10.8,2.6,0,-0.562907
10.8,2.7,0,-0.486289
10.8,2.8,0,-0.423176
10.8,2.9,0,-0.349722
10.8,3,0,-0.283031
10.8,3.1,0,-0.243544
10.8,3.2,0,-0.198752
10.8,3.3,0,-0.196746
10.8,3.4,0,-0.21844
10.8,3.5,0,-0.241095
10.8,3.6,0,-0.349872
10.8,3.7,0,-0.455338
10.8,3.8,0,-0.587729
10.8,3.9,0,-0.756672
10.8,4,0,-0.9248
10.8,4.1,0,-1.11237
10.8,4.2,0,-1.31035
10.8,4.3,0,-1.4797
10.8,4.4,0,-1.6416
10.8,4.5,0,-1.81171
10.8,4.6,0,-1.8668
10.8,4.7,0,-1.93646
10.8,4.8,0,-1.9604
10.8,4.9,0,-1.9428
10.8,5,0,-1.93812
10.8,5.1,0,-1.84748
10.8,5.2,0,-1.769
10.8,5.3,0,-1.7021
10.8,5.4,0,-1.56211
10.8,5.5,0,-1.43427
10.8,5.6,0,-1.31853
10.8,5.7,0,-1.15972
10.8,5.8,0,-1.01305
10.8,5.9,0,-0.878917
10.8,6,0,-0.724293
10.8,6.1,0,-0.582871
10.8,6.2,0,-0.454915
10.8,6.3,0,-0.336571
10.8,6.4,0,-0.233263
10.8,6.5,0,-0.144127
10.8,6.6,0,-0.0874196
10.8,6.7,0,-0.0481142
10.8,6.8,0,-0.0238035
10.8,6.9,0,-0.041824
10.8,7,0,-0.0797281
10.8,7.1,0,-0.133272
10.8,7.2,0,-0.221316
10.8,7.3,0,-0.330582
10.8,7.4,0,-0.454922
10.8,7.5,0,-0.589626
10.8,7.6,0,-0.747542
10.8,7.7,0,-0.920472
10.8,7.8,0,-1.05916
10.8,7.9,0,-1.22575
10.8,8,0,-1.4116
10.8,8.1,0,-1.49897
10.8,8.2,0,-1.61241
10.8,8.3,0,-1.64262
10.8,8.4,0,-1.6267
10.8,8.5,0,-1.59701
10.8,8.6,0,-1.50908
10.8,8.7,0,-1.42886
10.8,8.8,0,-1.31988
10.8,8.9,0,-1.21041
10.8,9,0,-1.10993
10.8,9.1,0,-1.00755
10.8,9.2,0,-0.910972
10.8,9.3,0,-0.827418
10.8,9.4,0,-0.743865
10.8,9.5,0,-0.701632
10.8,9.6,0,-0.666063
10.8,9.7,0,-0.650711
10.8,9.8,0,-0.661474
10.8,9.9,0,-0.669076
10.8,10,0,-0.693655
10.8,10.1,0,-0.718235
10.8,10.2,0,-0.738434
10.8,10.3,0,-0.761792
10.8,10.4,0,-0.78206
10.8,10.5,0,-0.801078
10.8,10.6,0,-0.81926
10.8,10.7,0,-0.832903
10.8,10.8,0,-0.846546
10.8,10.9,0,-0.849894
10.8,11,0,-0.850268
10.8,11.1,0,-0.841503
10.8,11.2,0,-0.821643
10.8,11.3,0,-0.799801
10.8,11.4,0,-0.763801
10.8,11.5,0,-0.727801
10.8,11.6,0,-0.683697
10.8,11.7,0,-0.637428
10.8,11.8,0,-0.588759
10.8,11.9,0,-0.53683
10.8,12,0,-0.486463
10.8,12.1,0,-0.427324
10.8,12.2,0,-0.368949
10.8,12.3,0,-0.302477
10.8,12.4,0,-0.231938
10.8,12.5,0,-0.157089
10.8,12.6,0,-0.0792695
10.8,12.7,0,0
10.9,0,0,0
10.9,0.1,0,-0.0763531
10.9,0.2,0,-0.145441
10.9,0.3,0,-0.225942
10.9,0.4,0,-0.292612
10.9,0.5,0,-0.34224
10.9,0.6,0,-0.43559
10.9,0.7,0,-0.505307
10.9,0.8,0,-0.590897
10.9,0.9,0,-0.662696
10.9,1,0,-0.739057
10.9,1.1,0,-0.811862
10.9,1.2,0,-0.87017
10.9,1.3,0,-0.935648
10.9,1.4,0,-0.966013
10.9,1.5,0,-1.01468
10.9,1.6,0,-1.01117
10.9,1.7,0,-1.01373
10.9,1.8,0,-1.01772
10.9,1.9,0,-0.997858
10.9,2,0,-1.00815
10.9,2.1,0,-0.951528
10.9,2.2,0,-0.908038
10.9,2.3,0,-0.880546
10.9,2.4,0,-0.81566
10.9,2.5,0,-0.793594
10.9,2.6,0,-0.718362
10.9,2.7,0,-0.641745
10.9,2.8,0,-0.626325
10.9,2.9,0,-0.55287
10.9,3,0,-0.513235
10.9,3.1,0,-0.494971
10.9,3.2,0,-0.450179
10.9,3.3,0,-0.486344
10.9,3.4,0,-0.508038
10.9,3.5,0,-0.534539
10.9,3.6,0,-0.656562
10.9,3.7,0,-0.762028
10.9,3.8,0,-0.875164
10.9,3.9,0,-1.04411
10.9,4,0,-1.20897
10.9,4.1,0,-1.35492
10.9,4.2,0,-1.5529
10.9,4.3,0,-1.67992
10.9,4.4,0,-1.84182
10.9,4.5,0,-2.04475
10.9,4.6,0,-2.0416
10.9,4.7,0,-2.11126
10.9,4.8,0,-2.1269
10.9,4.9,0,-2.10929
10.9,5,0,-2.15633
10.9,5.1,0,-2.01703
10.9,5.2,0,-1.93855
10.9,5.3,0,-1.91796
10.9,5.4,0,-1.72936
10.9,5.5,0,-1.60151
10.9,5.6,0,-1.53422
10.9,5.7,0,-1.32687
10.9,5.8,0,-1.1802
10.9,5.9,0,-1.09622
10.9,6,0,-0.88878
10.9,6.1,0,-0.747359
10.9,6.2,0,-0.673267
10.9,6.3,0,-0.494779
10.9,6.4,0,-0.391471
10.9,6.5,0,-0.359026
10.9,6.6,0,-0.232712
10.9,6.7,0,-0.193406
10.9,6.8,0,-0.229074
10.9,6.9,0,-0.16756
10.9,7,0,-0.205464
10.9,7.1,0,-0.321567
10.9,7.2,0,-0.324725
10.9,7.3,0,-0.433991
10.9,7.4,0,-0.618624
10.9,7.5,0,-0.660479
10.9,7.6,0,-0.818395
10.9,7.7,0,-1.05138
10.9,7.8,0,-1.07849
10.9,7.9,0,-1.24507
10.9,8,0,-1.50795
10.9,8.1,0,-1.49101
10.9,8.2,0,-1.61321
10.9,8.3,0,-1.63807
10.9,8.4,0,-1.62215
10.9,8.5,0,-1.64185
10.9,8.6,0,-1.53588
10.9,8.7,0,-1.54633
10.9,8.8,0,-1.37518
10.9,8.9,0,-1.26571
10.9,9,0,-1.18413
10.9,9.1,0,-1.08175
10.9,9.2,0,-1.01694
10.9,9.3,0,-0.905985
10.9,9.4,0,-0.881269
10.9,9.5,0,-0.772736
10.9,9.6,0,-0.737167
10.9,9.7,0,-0.700749
10.9,9.8,0,-0.711513
10.9,9.9,0,-0.743433
10.9,10,0,-0.719996
10.9,10.1,0,-0.790597
10.9,10.2,0,-0.751405
10.9,10.3,0,-0.774763
10.9,10.4,0,-0.791354
10.9,10.5,0,-0.810372
10.9,10.6,0,-0.868897
10.9,10.7,0,-0.842077
10.9,10.8,0,-0.882162
10.9,10.9,0,-0.860346
10.9,11,0,-0.86072
10.9,11.1,0,-0.851821
10.9,11.2,0,-0.831961
10.9,11.3,0,-0.834938
10.9,11.4,0,-0.772646
10.9,11.5,0,-0.745838
10.9,11.6,0,-0.690935
10.9,11.7,0,-0.644665
10.9,11.8,0,-0.595457
10.9,11.9,0,-0.543528
10.9,12,0,-0.506617
10.9,12.1,0,-0.438502
10.9,12.2,0,-0.381446
10.9,12.3,0,-0.315327
10.9,12.4,0,-0.244788
10.9,12.5,0,-0.163329
10.9,12.6,0,-0.0850706
10.9,12.7,0,0
11,0,0,0
11,0.1,0,-0.0821648
11,0.2,0,-0.14559
11,0.3,0,-0.22912
11,0.4,0,-0.308521
11,0.5,0,-0.344516
11,0.6,0,-0.456774
11,0.7,0,-0.522522
11,0.8,0,-0.611672
11,0.9,0,-0.695746
11,1,0,-0.775755
11,1.1,0,-0.860159
11,1.2,0,-0.927055
11,1.3,0,-0.997608
11,1.4,0,-1.03122
11,1.5,0,-1.09454
11,1.6,0,-1.08617
11,1.7,0,-1.10223
11,1.8,0,-1.10926
11,1.9,0,-1.08297
11,2,0,-1.11738
11,2.1,0,-1.05026
11,2.2,0,-1.02757
11,2.3,0,-1.00649
11,2.4,0,-0.935751
11,2.5,0,-0.947941
11,2.6,0,-0.873818
11,2.7,0,-0.820796
11,2.8,0,-0.819684
11,2.9,0,-0.756019
11,3,0,-0.743439
11,3.1,0,-0.746399
11,3.2,0,-0.713576
11,3.3,0,-0.761192
11,3.4,0,-0.797636
11,3.5,0,-0.827982
11,3.6,0,-0.963252
11,3.7,0,-1.06287
11,3.8,0,-1.17023
11,3.9,0,-1.33154
11,4,0,-1.49315
11,4.1,0,-1.59748
11,4.2,0,-1.80577
11,4.3,0,-1.92009
11,4.4,0,-2.04203
11,4.5,0,-2.2778
11,4.6,0,-2.2164
11,4.7,0,-2.31912
11,4.8,0,-2.33227
11,4.9,0,-2.27579
11,5,0,-2.37455
11,5.1,0,-2.18658
11,5.2,0,-2.1081
11,5.3,0,-2.13381
11,5.4,0,-1.8966
11,5.5,0,-1.76876
11,5.6,0,-1.74991
11,5.7,0,-1.49402
11,5.8,0,-1.34734
11,5.9,0,-1.31352
11,6,0,-1.05327
11,6.1,0,-0.911847
11,6.2,0,-0.891619
11,6.3,0,-0.652988
11,6.4,0,-0.549679
11,6.5,0,-0.573926
11,6.6,0,-0.378004
11,6.7,0,-0.338699
11,6.8,0,-0.434345
11,6.9,0,-0.293296
11,7,0,-0.331201
11,7.1,0,-0.509863
11,7.2,0,-0.428134
11,7.3,0,-0.5374
11,7.4,0,-0.782326
11,7.5,0,-0.731332
11,7.6,0,-0.889248
11,7.7,0,-1.18229
11,7.8,0,-1.09781
11,7.9,0,-1.2644
11,8,0,-1.6043
11,8.1,0,-1.48306
11,8.2,0,-1.69666
11,8.3,0,-1.64288
11,8.4,0,-1.61759
11,8.5,0,-1.73783
11,8.6,0,-1.56269
11,8.7,0,-1.6638
11,8.8,0,-1.43048
11,8.9,0,-1.3951
11,9,0,-1.27479
11,9.1,0,-1.15595
11,9.2,0,-1.15991
11,9.3,0,-0.984552
11,9.4,0,-1.02378
11,9.5,0,-0.843841
11,9.6,0,-0.853104
11,9.7,0,-0.785506
11,9.8,0,-0.761551
11,9.9,0,-0.851099
11,10,0,-0.746337
11,10.1,0,-0.877867
11,10.2,0,-0.764377
11,10.3,0,-0.823644
11,10.4,0,-0.838767
11,10.5,0,-0.819666
11,10.6,0,-0.931642
11,10.7,0,-0.85125
11,10.8,0,-0.936121
11,10.9,0,-0.870799
11,11,0,-0.886322
11,11.1,0,-0.888846
11,11.2,0,-0.842279
11,11.3,0,-0.872354
11,11.4,0,-0.781492
11,11.5,0,-0.776283
11,11.6,0,-0.698172
11,11.7,0,-0.656578
11,11.8,0,-0.6187
11,11.9,0,-0.550225
11,12,0,-0.526772
11,12.1,0,-0.44968
11,12.2,0,-0.397683
11,12.3,0,-0.328177
11,12.4,0,-0.257376
11,12.5,0,-0.173713
11,12.6,0,-0.0908718
11,12.7,0,0
11.1,0,0,0
11.1,0.1,0,-0.0871048
11.1,0.2,0,-0.143312
11.1,0.3,0,-0.226842
11.1,0.4,0,-0.322385
11.1,0.5,0,-0.346792
11.1,0.6,0,-0.475121
11.1,0.7,0,-0.538037
11.1,0.8,0,-0.627187
11.1,0.9,0,-0.729342
11.1,1,0,-0.812453
11.1,1.1,0,-0.906716
11.1,1.2,0,-0.987621
11.1,1.3,0,-1.05817
11.1,1.4,0,-1.09863
11.1,1.5,0,-1.17439
11.1,1.6,0,-1.1619
11.1,1.7,0,-1.19653
11.1,1.8,0,-1.20355
11.1,1.9,0,-1.17171
11.1,2,0,-1.22662
11.1,2.1,0,-1.15057
11.1,2.2,0,-1.15602
11.1,2.3,0,-1.13494
11.1,2.4,0,-1.06098
11.1,2.5,0,-1.10229
11.1,2.6,0,-1.02911
11.1,2.7,0,-1.00996
11.1,2.8,0,-1.00885
11.1,2.9,0,-0.963227
11.1,3,0,-0.973643
11.1,3.1,0,-0.994643
11.1,3.2,0,-0.982104
11.1,3.3,0,-1.02972
11.1,3.4,0,-1.08781
11.1,3.5,0,-1.12143
11.1,3.6,0,-1.26796
11.1,3.7,0,-1.3612
11.1,3.8,0,-1.46856
11.1,3.9,0,-1.61849
11.1,4,0,-1.77733
11.1,4.1,0,-1.84627
11.1,4.2,0,-2.06306
11.1,4.3,0,-2.17738
11.1,4.4,0,-2.24717
11.1,4.5,0,-2.51085
11.1,4.6,0,-2.39994
11.1,4.7,0,-2.54115
11.1,4.8,0,-2.5543
11.1,4.9,0,-2.45005
11.1,5,0,-2.59276
11.1,5.1,0,-2.38857
11.1,5.2,0,-2.30852
11.1,5.3,0,-2.34967
11.1,5.4,0,-2.09626
11.1,5.5,0,-1.9683
11.1,5.6,0,-1.9656
11.1,5.7,0,-1.69352
11.1,5.8,0,-1.54792
11.1,5.9,0,-1.53082
11.1,6,0,-1.25296
11.1,6.1,0,-1.11224
11.1,6.2,0,-1.10997
11.1,6.3,0,-0.851292
11.1,6.4,0,-0.745682
11.1,6.5,0,-0.788825
11.1,6.6,0,-0.569701
11.1,6.7,0,-0.523977
11.1,6.8,0,-0.639616
11.1,6.9,0,-0.472056
11.1,7,0,-0.498643
11.1,7.1,0,-0.698158
11.1,7.2,0,-0.588134
11.1,7.3,0,-0.681005
11.1,7.4,0,-0.946028
11.1,7.5,0,-0.864084
11.1,7.6,0,-1.00014
11.1,7.7,0,-1.3132
11.1,7.8,0,-1.19152
11.1,7.9,0,-1.33507
11.1,8,0,-1.70064
11.1,8.1,0,-1.47511
11.1,8.2,0,-1.78012
11.1,8.3,0,-1.72633
11.1,8.4,0,-1.70769
11.1,8.5,0,-1.83381
11.1,8.6,0,-1.58949
11.1,8.7,0,-1.78126
11.1,8.8,0,-1.49305
11.1,8.9,0,-1.52998
11.1,9,0,-1.40968
11.1,9.1,0,-1.28356
11.1,9.2,0,-1.30288
11.1,9.3,0,-1.06312
11.1,9.4,0,-1.16628
11.1,9.5,0,-0.935074
11.1,9.6,0,-0.98274
11.1,9.7,0,-0.915141
11.1,9.8,0,-0.846841
11.1,9.9,0,-0.958765
11.1,10,0,-0.772678
11.1,10.1,0,-0.965137
11.1,10.2,0,-0.810546
11.1,10.3,0,-0.896357
11.1,10.4,0,-0.911481
11.1,10.5,0,-0.852842
11.1,10.6,0,-0.994387
11.1,10.7,0,-0.860424
11.1,10.8,0,-0.99008
11.1,10.9,0,-0.907864
11.1,11,0,-0.931508
11.1,11.1,0,-0.934031
11.1,11.2,0,-0.860236
11.1,11.3,0,-0.90977
11.1,11.4,0,-0.790337
11.1,11.5,0,-0.806729
11.1,11.6,0,-0.723433
11.1,11.7,0,-0.68105
11.1,11.8,0,-0.643172
11.1,11.9,0,-0.558498
11.1,12,0,-0.546926
11.1,12.1,0,-0.460858
11.1,12.2,0,-0.413921
11.1,12.3,0,-0.344216
11.1,12.4,0,-0.26776
11.1,12.5,0,-0.184098
11.1,12.6,0,-0.0966729
11.1,12.7,0,0
11.2,0,0,0
11.2,0.1,0,-0.0871048
11.2,0.2,0,-0.141034
11.2,0.3,0,-0.224564
11.2,0.4,0,-0.324661
11.2,0.5,0,-0.349068
11.2,0.6,0,-0.477397
11.2,0.7,0,-0.553551
11.2,0.8,0,-0.642701
11.2,0.9,0,-0.76604
11.2,1,0,-0.849151
11.2,1.1,0,-0.943414
11.2,1.2,0,-1.04819
11.2,1.3,0,-1.11874
11.2,1.4,0,-1.17848
11.2,1.5,0,-1.25424
11.2,1.6,0,-1.24175
11.2,1.7,0,-1.29082
11.2,1.8,0,-1.29785
11.2,1.9,0,-1.28094
11.2,2,0,-1.33585
11.2,2.1,0,-1.25981
11.2,2.2,0,-1.28447
11.2,2.3,0,-1.26338
11.2,2.4,0,-1.21533
11.2,2.5,0,-1.25664
11.2,2.6,0,-1.18346
11.2,2.7,0,-1.19912
11.2,2.8,0,-1.19801
11.2,2.9,0,-1.19343
11.2,3,0,-1.20385
11.2,3.1,0,-1.22485
11.2,3.2,0,-1.25063
11.2,3.3,0,-1.29825
11.2,3.4,0,-1.38126
11.2,3.5,0,-1.41487
11.2,3.6,0,-1.5614
11.2,3.7,0,-1.65954
11.2,3.8,0,-1.7669
11.2,3.9,0,-1.90266
11.2,4,0,-2.0615
11.2,4.1,0,-2.13045
11.2,4.2,0,-2.32035
11.2,4.3,0,-2.43467
11.2,4.4,0,-2.48022
11.2,4.5,0,-2.7439
11.2,4.6,0,-2.63299
11.2,4.7,0,-2.76318
11.2,4.8,0,-2.77633
11.2,4.9,0,-2.66826
11.2,5,0,-2.81097
11.2,5.1,0,-2.60678
11.2,5.2,0,-2.52438
11.2,5.3,0,-2.56552
11.2,5.4,0,-2.31211
11.2,5.5,0,-2.18399
11.2,5.6,0,-2.18128
11.2,5.7,0,-1.90921
11.2,5.8,0,-1.76523
11.2,5.9,0,-1.74812
11.2,6,0,-1.47027
11.2,6.1,0,-1.3306
11.2,6.2,0,-1.32832
11.2,6.3,0,-1.06964
11.2,6.4,0,-0.960581
11.2,6.5,0,-1.00372
11.2,6.6,0,-0.784601
11.2,6.7,0,-0.729247
11.2,6.8,0,-0.844887
11.2,6.9,0,-0.677327
11.2,7,0,-0.686938
11.2,7.1,0,-0.886453
11.2,7.2,0,-0.77643
11.2,7.3,0,-0.844707
11.2,7.4,0,-1.10973
11.2,7.5,0,-1.02779
11.2,7.6,0,-1.13105
11.2,7.7,0,-1.44411
11.2,7.8,0,-1.32243
11.2,7.9,0,-1.43142
11.2,8,0,-1.79699
11.2,8.1,0,-1.56646
11.2,8.2,0,-1.86357
11.2,8.3,0,-1.80978
11.2,8.4,0,-1.80367
11.2,8.5,0,-1.92979
11.2,8.6,0,-1.68767
11.2,8.7,0,-1.89873
11.2,8.8,0,-1.61052
11.2,8.9,0,-1.66487
11.2,9,0,-1.54456
11.2,9.1,0,-1.42652
11.2,9.2,0,-1.44584
11.2,9.3,0,-1.1897
11.2,9.4,0,-1.30879
11.2,9.5,0,-1.07758
11.2,9.6,0,-1.11238
11.2,9.7,0,-1.04478
11.2,9.8,0,-0.954507
11.2,9.9,0,-1.06643
11.2,10,0,-0.850682
11.2,10.1,0,-1.05241
11.2,10.2,0,-0.897816
11.2,10.3,0,-0.969071
11.2,10.4,0,-0.984194
11.2,10.5,0,-0.915587
11.2,10.6,0,-1.05713
11.2,10.7,0,-0.907205
11.2,10.8,0,-1.04404
11.2,10.9,0,-0.961823
11.2,11,0,-0.976693
11.2,11.1,0,-0.979217
11.2,11.2,0,-0.897653
11.2,11.3,0,-0.947186
11.2,11.4,0,-0.81972
11.2,11.5,0,-0.837174
11.2,11.6,0,-0.753878
11.2,11.7,0,-0.705522
11.2,11.8,0,-0.667644
11.2,11.9,0,-0.578652
11.2,12,0,-0.56708
11.2,12.1,0,-0.479102
11.2,12.2,0,-0.430158
11.2,12.3,0,-0.360454
11.2,12.4,0,-0.278145
11.2,12.5,0,-0.194482
11.2,12.6,0,-0.0969506
11.2,12.7,0,0
11.3,0,0,0
11.3,0.1,0,-0.0822509
11.3,0.2,0,-0.138756
11.3,0.3,0,-0.222286
11.3,0.4,0,-0.316025
11.3,0.5,0,-0.351345
11.3,0.6,0,-0.476272
11.3,0.7,0,-0.569066
11.3,0.8,0,-0.658216
11.3,0.9,0,-0.792218
11.3,1,0,-0.885849
11.3,1.1,0,-0.987474
11.3,1.2,0,-1.10875
11.3,1.3,0,-1.17931
11.3,1.4,0,-1.25555
11.3,1.5,0,-1.3341
11.3,1.6,0,-1.33318
11.3,1.7,0,-1.38511
11.3,1.8,0,-1.39214
11.3,1.9,0,-1.39568
11.3,2,0,-1.44509
11.3,2.1,0,-1.38687
11.3,2.2,0,-1.41292
11.3,2.3,0,-1.39183
11.3,2.4,0,-1.37469
11.3,2.5,0,-1.41098
11.3,2.6,0,-1.35803
11.3,2.7,0,-1.38829
11.3,2.8,0,-1.38718
11.3,2.9,0,-1.41524
11.3,3,0,-1.43405
11.3,3.1,0,-1.46531
11.3,3.2,0,-1.51916
11.3,3.3,0,-1.56677
11.3,3.4,0,-1.66206
11.3,3.5,0,-1.70831
11.3,3.6,0,-1.84983
11.3,3.7,0,-1.95787
11.3,3.8,0,-2.06523
11.3,3.9,0,-2.19338
11.3,4,0,-2.34568
11.3,4.1,0,-2.42347
11.3,4.2,0,-2.57765
11.3,4.3,0,-2.69196
11.3,4.4,0,-2.74751
11.3,4.5,0,-2.97695
11.3,4.6,0,-2.89437
11.3,4.7,0,-2.9852
11.3,4.8,0,-2.99836
11.3,4.9,0,-2.91979
11.3,5,0,-3.02918
11.3,5.1,0,-2.82885
11.3,5.2,0,-2.74429
11.3,5.3,0,-2.78138
11.3,5.4,0,-2.532
11.3,5.5,0,-2.40373
11.3,5.6,0,-2.39697
11.3,5.7,0,-2.12908
11.3,5.8,0,-1.98657
11.3,5.9,0,-1.96542
11.3,6,0,-1.69206
11.3,6.1,0,-1.55335
11.3,6.2,0,-1.54667
11.3,6.3,0,-1.29272
11.3,6.4,0,-1.18049
11.3,6.5,0,-1.21862
11.3,6.6,0,-1.0045
11.3,6.7,0,-0.940319
11.3,6.8,0,-1.05016
11.3,6.9,0,-0.887811
11.3,7,0,-0.881861
11.3,7.1,0,-1.07475
11.3,7.2,0,-0.969749
11.3,7.3,0,-1.01548
11.3,7.4,0,-1.27343
11.3,7.5,0,-1.19649
11.3,7.6,0,-1.26969
11.3,7.7,0,-1.57501
11.3,7.8,0,-1.45976
11.3,7.9,0,-1.53707
11.3,8,0,-1.89334
11.3,8.1,0,-1.73574
11.3,8.2,0,-1.94702
11.3,8.3,0,-1.89324
11.3,8.4,0,-1.89966
11.3,8.5,0,-2.02577
11.3,8.6,0,-1.87174
11.3,8.7,0,-2.0162
11.3,8.8,0,-1.77836
11.3,8.9,0,-1.79975
11.3,9,0,-1.67945
11.3,9.1,0,-1.56949
11.3,9.2,0,-1.58881
11.3,9.3,0,-1.3966
11.3,9.4,0,-1.45129
11.3,9.5,0,-1.24748
11.3,9.6,0,-1.24201
11.3,9.7,0,-1.17441
11.3,9.8,0,-1.07318
11.3,9.9,0,-1.1741
11.3,10,0,-1.01928
11.3,10.1,0,-1.13968
11.3,10.2,0,-1.0032
11.3,10.3,0,-1.04178
11.3,10.4,0,-1.05691
11.3,10.5,0,-0.99756
11.3,10.6,0,-1.11988
11.3,10.7,0,-1.01474
11.3,10.8,0,-1.098
11.3,10.9,0,-1.02059
11.3,11,0,-1.02188
11.3,11.1,0,-1.0244
11.3,11.2,0,-0.95139
11.3,11.3,0,-0.984603
11.3,11.4,0,-0.878737
11.3,11.5,0,-0.867619
11.3,11.6,0,-0.784324
11.3,11.7,0,-0.729994
11.3,11.8,0,-0.692116
11.3,11.9,0,-0.610057
11.3,12,0,-0.587235
11.3,12.1,0,-0.504128
11.3,12.2,0,-0.446396
11.3,12.3,0,-0.376691
11.3,12.4,0,-0.288529
11.3,12.5,0,-0.204867
11.3,12.6,0,-0.100608
11.3,12.7,0,0
11.4,0,0,0
11.4,0.1,0,-0.074161
11.4,0.2,0,-0.136187
11.4,0.3,0,-0.219326
11.4,0.4,0,-0.300114
11.4,0.5,0,-0.353621
11.4,0.6,0,-0.47288
11.4,0.7,0,-0.583635
11.4,0.8,0,-0.673913
11.4,0.9,0,-0.811381
11.4,1,0,-0.922547
11.4,1.1,0,-1.03644
11.4,1.2,0,-1.16874
11.4,1.3,0,-1.2406
11.4,1.4,0,-1.33076
11.4,1.5,0,-1.41395
11.4,1.6,0,-1.43233
11.4,1.7,0,-1.47965
11.4,1.8,0,-1.48764
11.4,1.9,0,-1.5141
11.4,2,0,-1.55433
11.4,2.1,0,-1.52582
11.4,2.2,0,-1.54189
11.4,2.3,0,-1.52199
11.4,2.4,0,-1.53739
11.4,2.5,0,-1.56533
11.4,2.6,0,-1.54608
11.4,2.7,0,-1.5774
11.4,2.8,0,-1.57769
11.4,2.9,0,-1.63146
11.4,3,0,-1.66426
11.4,3.1,0,-1.71262
11.4,3.2,0,-1.78662
11.4,3.3,0,-1.83549
11.4,3.4,0,-1.93443
11.4,3.5,0,-2.00176
11.4,3.6,0,-2.13492
11.4,3.7,0,-2.25554
11.4,3.8,0,-2.3634
11.4,3.9,0,-2.48845
11.4,4,0,-2.62985
11.4,4.1,0,-2.72238
11.4,4.2,0,-2.83702
11.4,4.3,0,-2.95089
11.4,4.4,0,-3.03764
11.4,4.5,0,-3.20999
11.4,4.6,0,-3.17465
11.4,4.7,0,-3.21014
11.4,4.8,0,-3.22297
11.4,4.9,0,-3.19353
11.4,5,0,-3.2474
11.4,5.1,0,-3.09337
11.4,5.2,0,-3.00881
11.4,5.3,0,-2.99724
11.4,5.4,0,-2.7963
11.4,5.5,0,-2.66802
11.4,5.6,0,-2.61266
11.4,5.7,0,-2.39492
11.4,5.8,0,-2.25242
11.4,5.9,0,-2.18272
11.4,6,0,-1.96322
11.4,6.1,0,-1.82451
11.4,6.2,0,-1.76503
11.4,6.3,0,-1.56776
11.4,6.4,0,-1.45554
11.4,6.5,0,-1.43352
11.4,6.6,0,-1.27938
11.4,6.7,0,-1.2152
11.4,6.8,0,-1.25543
11.4,6.9,0,-1.15564
11.4,7,0,-1.14969
11.4,7.1,0,-1.26304
11.4,7.2,0,-1.21834
11.4,7.3,0,-1.26407
11.4,7.4,0,-1.43713
11.4,7.5,0,-1.42025
11.4,7.6,0,-1.49345
11.4,7.7,0,-1.70592
11.4,7.8,0,-1.66769
11.4,7.9,0,-1.745
11.4,8,0,-1.98969
11.4,8.1,0,-1.9235
11.4,8.2,0,-2.03048
11.4,8.3,0,-2.0414
11.4,8.4,0,-2.06679
11.4,8.5,0,-2.12175
11.4,8.6,0,-2.05838
11.4,8.7,0,-2.13367
11.4,8.8,0,-1.97542
11.4,8.9,0,-1.93464
11.4,9,0,-1.84726
11.4,9.1,0,-1.77153
11.4,9.2,0,-1.73177
11.4,9.3,0,-1.60351
11.4,9.4,0,-1.5938
11.4,9.5,0,-1.44852
11.4,9.6,0,-1.37165
11.4,9.7,0,-1.32213
11.4,9.8,0,-1.26044
11.4,9.9,0,-1.28176
11.4,10,0,-1.18787
11.4,10.1,0,-1.22695
11.4,10.2,0,-1.15021
11.4,10.3,0,-1.12556
11.4,10.4,0,-1.13758
11.4,10.5,0,-1.12373
11.4,10.6,0,-1.18262
11.4,10.7,0,-1.12227
11.4,10.8,0,-1.15196
11.4,10.9,0,-1.10928
11.4,11,0,-1.08072
11.4,11.1,0,-1.06959
11.4,11.2,0,-1.02367
11.4,11.3,0,-1.02202
11.4,11.4,0,-0.937753
11.4,11.5,0,-0.898064
11.4,11.6,0,-0.831545
11.4,11.7,0,-0.765576
11.4,11.8,0,-0.716588
11.4,11.9,0,-0.647986
11.4,12,0,-0.607389
11.4,12.1,0,-0.529342
11.4,12.2,0,-0.462634
11.4,12.3,0,-0.390936
11.4,12.4,0,-0.301094
11.4,12.5,0,-0.215251
11.4,12.6,0,-0.105191
11.4,12.7,0,0
11.5,0,0,0
11.5,0.1,0,-0.0660711
11.5,0.2,0,-0.128097
11.5,0.3,0,-0.203415
11.5,0.4,0,-0.284203
11.5,0.5,0,-0.355897
11.5,0.6,0,-0.469487
11.5,0.7,0,-0.580242
11.5,0.8,0,-0.693076
11.5,0.9,0,-0.830544
11.5,1,0,-0.959245
11.5,1.1,0,-1.08541
11.5,1.2,0,-1.21771
11.5,1.3,0,-1.31581
11.5,1.4,0,-1.40597
11.5,1.5,0,-1.4938
11.5,1.6,0,-1.53147
11.5,1.7,0,-1.57879
11.5,1.8,0,-1.60605
11.5,1.9,0,-1.63251
11.5,2,0,-1.66356
11.5,2.1,0,-1.66477
11.5,2.2,0,-1.68084
11.5,2.3,0,-1.6847
11.5,2.4,0,-1.7001
11.5,2.5,0,-1.71968
11.5,2.6,0,-1.73414
11.5,2.7,0,-1.76545
11.5,2.8,0,-1.79391
11.5,2.9,0,-1.84768
11.5,3,0,-1.89446
11.5,3.1,0,-1.95992
11.5,3.2,0,-2.03393
11.5,3.3,0,-2.10787
11.5,3.4,0,-2.2068
11.5,3.5,0,-2.2952
11.5,3.6,0,-2.42
11.5,3.7,0,-2.54063
11.5,3.8,0,-2.65847
11.5,3.9,0,-2.78353
11.5,4,0,-2.91403
11.5,4.1,0,-3.0213
11.5,4.2,0,-3.13593
11.5,4.3,0,-3.24102
11.5,4.4,0,-3.32776
11.5,4.5,0,-3.44304
11.5,4.6,0,-3.45492
11.5,4.7,0,-3.49042
11.5,4.8,0,-3.49671
11.5,4.9,0,-3.46728
11.5,5,0,-3.46561
11.5,5.1,0,-3.35789
11.5,5.2,0,-3.27333
11.5,5.3,0,-3.21309
11.5,5.4,0,-3.0606
11.5,5.5,0,-2.93232
11.5,5.6,0,-2.82835
11.5,5.7,0,-2.66076
11.5,5.8,0,-2.51826
11.5,5.9,0,-2.40002
11.5,6,0,-2.23439
11.5,6.1,0,-2.09568
11.5,6.2,0,-1.98338
11.5,6.3,0,-1.8428
11.5,6.4,0,-1.73058
11.5,6.5,0,-1.64842
11.5,6.6,0,-1.55425
11.5,6.7,0,-1.49008
11.5,6.8,0,-1.4607
11.5,6.9,0,-1.42347
11.5,7,0,-1.41752
11.5,7.1,0,-1.45134
11.5,7.2,0,-1.46693
11.5,7.3,0,-1.51266
11.5,7.4,0,-1.60084
11.5,7.5,0,-1.64401
11.5,7.6,0,-1.71721
11.5,7.7,0,-1.83683
11.5,7.8,0,-1.87563
11.5,7.9,0,-1.95294
11.5,8,0,-2.08604
11.5,8.1,0,-2.11125
11.5,8.2,0,-2.18217
11.5,8.3,0,-2.22538
11.5,8.4,0,-2.25078
11.5,8.5,0,-2.2621
11.5,8.6,0,-2.24503
11.5,8.7,0,-2.25114
11.5,8.8,0,-2.17247
11.5,8.9,0,-2.12045
11.5,9,0,-2.05091
11.5,9.1,0,-1.97518
11.5,9.2,0,-1.89549
11.5,9.3,0,-1.81042
11.5,9.4,0,-1.73631
11.5,9.5,0,-1.64956
11.5,9.6,0,-1.57154
11.5,9.7,0,-1.5094
11.5,9.8,0,-1.44771
11.5,9.9,0,-1.39915
11.5,10,0,-1.35647
11.5,10.1,0,-1.31422
11.5,10.2,0,-1.29722
11.5,10.3,0,-1.27258
11.5,10.4,0,-1.26375
11.5,10.5,0,-1.24989
11.5,10.6,0,-1.24537
11.5,10.7,0,-1.2298
11.5,10.8,0,-1.21446
11.5,10.9,0,-1.19797
11.5,11,0,-1.16941
11.5,11.1,0,-1.14144
11.5,11.2,0,-1.09596
11.5,11.3,0,-1.05944
11.5,11.4,0,-0.996769
11.5,11.5,0,-0.93778
11.5,11.6,0,-0.879225
11.5,11.7,0,-0.813256
11.5,11.8,0,-0.752083
11.5,11.9,0,-0.685915
11.5,12,0,-0.627544
11.5,12.1,0,-0.554556
11.5,12.2,0,-0.483264
11.5,12.3,0,-0.404708
11.5,12.4,0,-0.314866
11.5,12.5,0,-0.22184
11.5,12.6,0,-0.109774
11.5,12.7,0,0
11.6,0,0,0
11.6,0.1,0,-0.0558434
11.6,0.2,0,-0.11787
11.6,0.3,0,-0.18359
11.6,0.4,0,-0.264378
11.6,0.5,0,-0.365038
11.6,0.6,0,-0.460342
11.6,0.7,0,-0.571097
11.6,0.8,0,-0.709375
11.6,0.9,0,-0.846843
11.6,1,0,-1.01256
11.6,1.1,0,-1.13891
11.6,1.2,0,-1.27121
11.6,1.3,0,-1.40008
11.6,1.4,0,-1.49024
11.6,1.5,0,-1.61507
11.6,1.6,0,-1.63538
11.6,1.7,0,-1.6827
11.6,1.8,0,-1.72644
11.6,1.9,0,-1.7529
11.6,2,0,-1.85239
11.6,2.1,0,-1.8051
11.6,2.2,0,-1.82117
11.6,2.3,0,-1.84624
11.6,2.4,0,-1.86164
11.6,2.5,0,-1.97106
11.6,2.6,0,-1.91822
11.6,2.7,0,-1.94954
11.6,2.8,0,-2.00686
11.6,2.9,0,-2.06063
11.6,3,0,-2.1951
11.6,3.1,0,-2.20397
11.6,3.2,0,-2.27798
11.6,3.3,0,-2.37545
11.6,3.4,0,-2.47439
11.6,3.5,0,-2.61355
11.6,3.6,0,-2.70288
11.6,3.7,0,-2.82351
11.6,3.8,0,-2.95433
11.6,3.9,0,-3.07938
11.6,4,0,-3.20757
11.6,4.1,0,-3.32279
11.6,4.2,0,-3.43742
11.6,4.3,0,-3.53756
11.6,4.4,0,-3.6243
11.6,4.5,0,-3.69298
11.6,4.6,0,-3.74531
11.6,4.7,0,-3.78081
11.6,4.8,0,-3.78129
11.6,4.9,0,-3.75186
11.6,5,0,-3.69892
11.6,5.1,0,-3.63465
11.6,5.2,0,-3.55008
11.6,5.3,0,-3.44154
11.6,5.4,0,-3.32957
11.6,5.5,0,-3.2013
11.6,5.6,0,-3.05419
11.6,5.7,0,-2.92743
11.6,5.8,0,-2.78493
11.6,5.9,0,-2.62617
11.6,6,0,-2.50326
11.6,6.1,0,-2.36455
11.6,6.2,0,-2.21165
11.6,6.3,0,-2.10989
11.6,6.4,0,-1.99766
11.6,6.5,0,-1.87705
11.6,6.6,0,-1.81849
11.6,6.7,0,-1.75431
11.6,6.8,0,-1.68539
11.6,6.9,0,-1.6794
11.6,7,0,-1.67345
11.6,7.1,0,-1.66661
11.6,7.2,0,-1.70741
11.6,7.3,0,-1.75314
11.6,7.4,0,-1.80131
11.6,7.5,0,-1.86524
11.6,7.6,0,-1.93844
11.6,7.7,0,-2.01948
11.6,7.8,0,-2.0845
11.6,7.9,0,-2.16181
11.6,8,0,-2.25154
11.6,8.1,0,-2.3062
11.6,8.2,0,-2.37712
11.6,8.3,0,-2.41598
11.6,8.4,0,-2.44138
11.6,8.5,0,-2.45501
11.6,8.6,0,-2.43793
11.6,8.7,0,-2.43939
11.6,8.8,0,-2.37386
11.6,8.9,0,-2.32184
11.6,9,0,-2.25741
11.6,9.1,0,-2.18168
11.6,9.2,0,-2.10237
11.6,9.3,0,-2.0173
11.6,9.4,0,-1.94177
11.6,9.5,0,-1.84848
11.6,9.6,0,-1.77046
11.6,9.7,0,-1.69383
11.6,9.8,0,-1.63214
11.6,9.9,0,-1.56482
11.6,10,0,-1.52213
11.6,10.1,0,-1.47971
11.6,10.2,0,-1.4417
11.6,10.3,0,-1.41705
11.6,10.4,0,-1.38918
11.6,10.5,0,-1.37532
11.6,10.6,0,-1.35411
11.6,10.7,0,-1.33851
11.6,10.8,0,-1.32318
11.6,10.9,0,-1.28949
11.6,11,0,-1.26093
11.6,11.1,0,-1.21602
11.6,11.2,0,-1.17054
11.6,11.3,0,-1.12176
11.6,11.4,0,-1.05758
11.6,11.5,0,-0.998591
11.6,11.6,0,-0.927226
11.6,11.7,0,-0.861257
11.6,11.8,0,-0.78975
11.6,11.9,0,-0.723582
11.6,12,0,-0.66
11.6,12.1,0,-0.581585
11.6,12.2,0,-0.510293
11.6,12.3,0,-0.42229
11.6,12.4,0,-0.332448
11.6,12.5,0,-0.229353
11.6,12.6,0,-0.117287
11.6,12.7,0,0
11.7,0,0,0
11.7,0.1,0,-0.0434778
11.7,0.2,0,-0.105504
11.7,0.3,0,-0.15985
11.7,0.4,0,-0.240638
11.7,0.5,0,-0.381043
11.7,0.6,0,-0.445444
11.7,0.7,0,-0.556199
11.7,0.8,0,-0.72281
11.7,0.9,0,-0.860278
11.7,1,0,-1.08249
11.7,1.1,0,-1.19694
11.7,1.2,0,-1.32924
11.7,1.3,0,-1.49342
11.7,1.4,0,-1.58357
11.7,1.5,0,-1.77774
11.7,1.6,0,-1.74404
11.7,1.7,0,-1.79136
11.7,1.8,0,-1.84879
11.7,1.9,0,-1.87526
11.7,2,0,-2.12082
11.7,2.1,0,-1.94682
11.7,2.2,0,-1.96289
11.7,2.3,0,-2.00662
11.7,2.4,0,-2.02202
11.7,2.5,0,-2.31949
11.7,2.6,0,-2.09834
11.7,2.7,0,-2.12965
11.7,2.8,0,-2.21653
11.7,2.9,0,-2.2703
11.7,3,0,-2.56618
11.7,3.1,0,-2.44477
11.7,3.2,0,-2.51878
11.7,3.3,0,-2.63825
11.7,3.4,0,-2.73719
11.7,3.5,0,-2.95681
11.7,3.6,0,-2.98355
11.7,3.7,0,-3.10417
11.7,3.8,0,-3.25097
11.7,3.9,0,-3.37602
11.7,4,0,-3.51049
11.7,4.1,0,-3.62686
11.7,4.2,0,-3.74149
11.7,4.3,0,-3.84052
11.7,4.4,0,-3.92727
11.7,4.5,0,-3.95982
11.7,4.6,0,-4.04581
11.7,4.7,0,-4.0813
11.7,4.8,0,-4.07671
11.7,4.9,0,-4.04727
11.7,5,0,-3.94733
11.7,5.1,0,-3.92364
11.7,5.2,0,-3.83907
11.7,5.3,0,-3.68257
11.7,5.4,0,-3.60324
11.7,5.5,0,-3.47496
11.7,5.6,0,-3.29019
11.7,5.7,0,-3.19492
11.7,5.8,0,-3.05242
11.7,5.9,0,-2.86117
11.7,6,0,-2.76983
11.7,6.1,0,-2.63113
11.7,6.2,0,-2.44984
11.7,6.3,0,-2.36902
11.7,6.4,0,-2.25679
11.7,6.5,0,-2.11941
11.7,6.6,0,-2.07208
11.7,6.7,0,-2.00791
11.7,6.8,0,-1.92951
11.7,6.9,0,-1.92344
11.7,7,0,-1.91749
11.7,7.1,0,-1.90886
11.7,7.2,0,-1.93978
11.7,7.3,0,-1.98551
11.7,7.4,0,-2.03855
11.7,7.5,0,-2.08395
11.7,7.6,0,-2.15715
11.7,7.7,0,-2.25387
11.7,7.8,0,-2.2943
11.7,7.9,0,-2.37161
11.7,8,0,-2.48619
11.7,8.1,0,-2.50834
11.7,8.2,0,-2.59145
11.7,8.3,0,-2.6132
11.7,8.4,0,-2.63859
11.7,8.5,0,-2.67733
11.7,8.6,0,-2.63711
11.7,8.7,0,-2.69385
11.7,8.8,0,-2.57958
11.7,8.9,0,-2.53797
11.7,9,0,-2.46677
11.7,9.1,0,-2.39104
11.7,9.2,0,-2.34965
11.7,9.3,0,-2.22416
11.7,9.4,0,-2.20469
11.7,9.5,0,-2.04528
11.7,9.6,0,-1.96813
11.7,9.7,0,-1.87542
11.7,9.8,0,-1.81373
11.7,9.9,0,-1.78676
11.7,10,0,-1.68487
11.7,10.1,0,-1.6906
11.7,10.2,0,-1.58363
11.7,10.3,0,-1.55899
11.7,10.4,0,-1.51388
11.7,10.5,0,-1.50002
11.7,10.6,0,-1.5149
11.7,10.7,0,-1.4484
11.7,10.8,0,-1.45436
11.7,10.9,0,-1.38384
11.7,11,0,-1.35528
11.7,11.1,0,-1.29347
11.7,11.2,0,-1.24743
11.7,11.3,0,-1.21486
11.7,11.4,0,-1.12019
11.7,11.5,0,-1.07209
11.7,11.6,0,-0.975549
11.7,11.7,0,-0.90958
11.7,11.8,0,-0.83229
11.7,11.9,0,-0.760988
11.7,12,0,-0.710101
11.7,12.1,0,-0.61043
11.7,12.2,0,-0.540136
11.7,12.3,0,-0.443681
11.7,12.4,0,-0.353839
11.7,12.5,0,-0.24057
11.7,12.6,0,-0.12773
11.7,12.7,0,0
11.8,0,0,0
11.8,0.1,0,-0.0311122
11.8,0.2,0,-0.108373
11.8,0.3,0,-0.16215
11.8,0.4,0,-0.216898
11.8,0.5,0,-0.397048
11.8,0.6,0,-0.430546
11.8,0.7,0,-0.59191
11.8,0.8,0,-0.759937
11.8,0.9,0,-0.873713
11.8,1,0,-1.15241
11.8,1.1,0,-1.25497
11.8,1.2,0,-1.43859
11.8,1.3,0,-1.60454
11.8,1.4,0,-1.67691
11.8,1.5,0,-1.94041
11.8,1.6,0,-1.8527
11.8,1.7,0,-2.00272
11.8,1.8,0,-2.06084
11.8,1.9,0,-1.99761
11.8,2,0,-2.38924
11.8,2.1,0,-2.08853
11.8,2.2,0,-2.26816
11.8,2.3,0,-2.31282
11.8,2.4,0,-2.18239
11.8,2.5,0,-2.66791
11.8,2.6,0,-2.27845
11.8,2.7,0,-2.48787
11.8,2.8,0,-2.57622
11.8,2.9,0,-2.47997
11.8,3,0,-2.93725
11.8,3.1,0,-2.68556
11.8,3.2,0,-2.8747
11.8,3.3,0,-2.99528
11.8,3.4,0,-2.99999
11.8,3.5,0,-3.30007
11.8,3.6,0,-3.26422
11.8,3.7,0,-3.42409
11.8,3.8,0,-3.57168
11.8,3.9,0,-3.67266
11.8,4,0,-3.81342
11.8,4.1,0,-3.93093
11.8,4.2,0,-4.02624
11.8,4.3,0,-4.12521
11.8,4.4,0,-4.23023
11.8,4.5,0,-4.22666
11.8,4.6,0,-4.3463
11.8,4.7,0,-4.33965
11.8,4.8,0,-4.3348
11.8,4.9,0,-4.34269
11.8,5,0,-4.19574
11.8,5.1,0,-4.21263
11.8,5.2,0,-4.12806
11.8,5.3,0,-3.92361
11.8,5.4,0,-3.8769
11.8,5.5,0,-3.74862
11.8,5.6,0,-3.5262
11.8,5.7,0,-3.46241
11.8,5.8,0,-3.31991
11.8,5.9,0,-3.09616
11.8,6,0,-3.03641
11.8,6.1,0,-2.8977
11.8,6.2,0,-2.68803
11.8,6.3,0,-2.62815
11.8,6.4,0,-2.51592
11.8,6.5,0,-2.36177
11.8,6.6,0,-2.32568
11.8,6.7,0,-2.2615
11.8,6.8,0,-2.17363
11.8,6.9,0,-2.16747
11.8,7,0,-2.16152
11.8,7.1,0,-2.1511
11.8,7.2,0,-2.17215
11.8,7.3,0,-2.21789
11.8,7.4,0,-2.27579
11.8,7.5,0,-2.30266
11.8,7.6,0,-2.37586
11.8,7.7,0,-2.48826
11.8,7.8,0,-2.5041
11.8,7.9,0,-2.58141
11.8,8,0,-2.72084
11.8,8.1,0,-2.71047
11.8,8.2,0,-2.82886
11.8,8.3,0,-2.82474
11.8,8.4,0,-2.84486
11.8,8.5,0,-2.92184
11.8,8.6,0,-2.83628
11.8,8.7,0,-2.94831
11.8,8.8,0,-2.78531
11.8,8.9,0,-2.80126
11.8,9,0,-2.70424
11.8,9.1,0,-2.60193
11.8,9.2,0,-2.61634
11.8,9.3,0,-2.43102
11.8,9.4,0,-2.4676
11.8,9.5,0,-2.24208
11.8,9.6,0,-2.21945
11.8,9.7,0,-2.10486
11.8,9.8,0,-1.99533
11.8,9.9,0,-2.01994
11.8,10,0,-1.8476
11.8,10.1,0,-1.90149
11.8,10.2,0,-1.72557
11.8,10.3,0,-1.73868
11.8,10.4,0,-1.691
11.8,10.5,0,-1.62472
11.8,10.6,0,-1.67569
11.8,10.7,0,-1.55829
11.8,10.8,0,-1.58958
11.8,10.9,0,-1.4782
11.8,11,0,-1.46165
11.8,11.1,0,-1.40533
11.8,11.2,0,-1.32431
11.8,11.3,0,-1.30796
11.8,11.4,0,-1.18279
11.8,11.5,0,-1.15083
11.8,11.6,0,-1.02468
11.8,11.7,0,-0.96701
11.8,11.8,0,-0.898083
11.8,11.9,0,-0.798394
11.8,12,0,-0.760202
11.8,12.1,0,-0.639274
11.8,12.2,0,-0.570936
11.8,12.3,0,-0.466874
11.8,12.4,0,-0.372126
11.8,12.5,0,-0.253251
11.8,12.6,0,-0.138172
11.8,12.7,0,0
11.9,0,0,0
11.9,0.1,0,-0.0236929
11.9,0.2,0,-0.112044
11.9,0.3,0,-0.165822
11.9,0.4,0,-0.209056
11.9,0.5,0,-0.413054
11.9,0.6,0,-0.428009
11.9,0.7,0,-0.630285
11.9,0.8,0,-0.798312
11.9,0.9,0,-0.909744
11.9,1,0,-1.22234
11.9,1.1,0,-1.31776
11.9,1.2,0,-1.55065
11.9,1.3,0,-1.7166
11.9,1.4,0,-1.79798
11.9,1.5,0,-2.10308
11.9,1.6,0,-1.98297
11.9,1.7,0,-2.21948
11.9,1.8,0,-2.2776
11.9,1.9,0,-2.1784
11.9,2,0,-2.65766
11.9,2.1,0,-2.28093
11.9,2.2,0,-2.58204
11.9,2.3,0,-2.62671
11.9,2.4,0,-2.41799
11.9,2.5,0,-3.01634
11.9,2.6,0,-2.52589
11.9,2.7,0,-2.85547
11.9,2.8,0,-2.94382
11.9,2.9,0,-2.7542
11.9,3,0,-3.30833
11.9,3.1,0,-2.97847
11.9,3.2,0,-3.23668
11.9,3.3,0,-3.35726
11.9,3.4,0,-3.29497
11.9,3.5,0,-3.64333
11.9,3.6,0,-3.56992
11.9,3.7,0,-3.74607
11.9,3.8,0,-3.89367
11.9,3.9,0,-3.97181
11.9,4,0,-4.11634
11.9,4.1,0,-4.23454
11.9,4.2,0,-4.30996
11.9,4.3,0,-4.40894
11.9,4.4,0,-4.51874
11.9,4.5,0,-4.4935
11.9,4.6,0,-4.63334
11.9,4.7,0,-4.59578
11.9,4.8,0,-4.59093
11.9,4.9,0,-4.6193
11.9,5,0,-4.44416
11.9,5.1,0,-4.46442
11.9,5.2,0,-4.3731
11.9,5.3,0,-4.16464
11.9,5.4,0,-4.12066
11.9,5.5,0,-3.98777
11.9,5.6,0,-3.7622
11.9,5.7,0,-3.70104
11.9,5.8,0,-3.55761
11.9,5.9,0,-3.33115
11.9,6,0,-3.27404
11.9,6.1,0,-3.13826
11.9,6.2,0,-2.92622
11.9,6.3,0,-2.86809
11.9,6.4,0,-2.75968
11.9,6.5,0,-2.60413
11.9,6.6,0,-2.56897
11.9,6.7,0,-2.5064
11.9,6.8,0,-2.41774
11.9,6.9,0,-2.41158
11.9,7,0,-2.40391
11.9,7.1,0,-2.39335
11.9,7.2,0,-2.41357
11.9,7.3,0,-2.45472
11.9,7.4,0,-2.51304
11.9,7.5,0,-2.53836
11.9,7.6,0,-2.60894
11.9,7.7,0,-2.72264
11.9,7.8,0,-2.73644
11.9,7.9,0,-2.81399
11.9,8,0,-2.95549
11.9,8.1,0,-2.91918
11.9,8.2,0,-3.06628
11.9,8.3,0,-3.06215
11.9,8.4,0,-3.08937
11.9,8.5,0,-3.16635
11.9,8.6,0,-3.03751
11.9,8.7,0,-3.20277
11.9,8.8,0,-3.00892
11.9,8.9,0,-3.06455
11.9,9,0,-2.96753
11.9,9.1,0,-2.86862
11.9,9.2,0,-2.88304
11.9,9.3,0,-2.63789
11.9,9.4,0,-2.73052
11.9,9.5,0,-2.47405
11.9,9.6,0,-2.47076
11.9,9.7,0,-2.35617
11.9,9.8,0,-2.22138
11.9,9.9,0,-2.25312
11.9,10,0,-2.01034
11.9,10.1,0,-2.11238
11.9,10.2,0,-1.91555
11.9,10.3,0,-1.92497
11.9,10.4,0,-1.87729
11.9,10.5,0,-1.77456
11.9,10.6,0,-1.83648
11.9,10.7,0,-1.66818
11.9,10.8,0,-1.7248
11.9,10.9,0,-1.60777
11.9,11,0,-1.57352
11.9,11.1,0,-1.5172
11.9,11.2,0,-1.40982
11.9,11.3,0,-1.40106
11.9,11.4,0,-1.2454
11.9,11.5,0,-1.22956
11.9,11.6,0,-1.10342
11.9,11.7,0,-1.0328
11.9,11.8,0,-0.963875
11.9,11.9,0,-0.840459
11.9,12,0,-0.810302
11.9,12.1,0,-0.66891
11.9,12.2,0,-0.601736
11.9,12.3,0,-0.497673
11.9,12.4,0,-0.384808
11.9,12.5,0,-0.265932
11.9,12.6,0,-0.146504
11.9,12.7,0,0
12,0,0,0
12,0.1,0,-0.0236929
12,0.2,0,-0.115716
12,0.3,0,-0.169493
12,0.4,0,-0.225062
12,0.5,0,-0.429059
12,0.6,0,-0.444014
12,0.7,0,-0.668659
12,0.8,0,-0.836686
12,0.9,0,-0.979673
12,1,0,-1.29227
12,1.1,0,-1.38769
12,1.2,0,-1.66271
12,1.3,0,-1.82865
12,1.4,0,-1.96065
12,1.5,0,-2.26576
12,1.6,0,-2.14564
12,1.7,0,-2.43624
12,1.8,0,-2.49436
12,1.9,0,-2.44682
12,2,0,-2.92609
12,2.1,0,-2.54935
12,2.2,0,-2.89593
12,2.3,0,-2.94059
12,2.4,0,-2.76641
12,2.5,0,-3.36476
12,2.6,0,-2.87432
12,2.7,0,-3.22306
12,2.8,0,-3.31141
12,2.9,0,-3.12527
12,3,0,-3.6794
12,3.1,0,-3.34955
12,3.2,0,-3.59867
12,3.3,0,-3.71925
12,3.4,0,-3.63823
12,3.5,0,-3.98659
12,3.6,0,-3.91318
12,3.7,0,-4.06806
12,3.8,0,-4.21565
12,3.9,0,-4.27473
12,4,0,-4.41926
12,4.1,0,-4.53746
12,4.2,0,-4.59369
12,4.3,0,-4.69267
12,4.4,0,-4.78558
12,4.5,0,-4.76034
12,4.6,0,-4.90018
12,4.7,0,-4.85191
12,4.8,0,-4.84706
12,4.9,0,-4.86771
12,5,0,-4.69257
12,5.1,0,-4.71283
12,5.2,0,-4.61413
12,5.3,0,-4.40568
12,5.4,0,-4.36169
12,5.5,0,-4.22377
12,5.6,0,-3.9982
12,5.7,0,-3.93704
12,5.8,0,-3.7926
12,5.9,0,-3.56615
12,6,0,-3.50903
12,6.1,0,-3.37645
12,6.2,0,-3.16441
12,6.3,0,-3.10628
12,6.4,0,-3.00204
12,6.5,0,-2.84648
12,6.6,0,-2.81133
12,6.7,0,-2.75052
12,6.8,0,-2.66186
12,6.9,0,-2.65569
12,7,0,-2.64616
12,7.1,0,-2.63559
12,7.2,0,-2.65582
12,7.3,0,-2.69196
12,7.4,0,-2.75028
12,7.5,0,-2.7756
12,7.6,0,-2.84333
12,7.7,0,-2.95703
12,7.8,0,-2.97082
12,7.9,0,-3.04864
12,8,0,-3.19013
12,8.1,0,-3.15552
12,8.2,0,-3.30369
12,8.3,0,-3.29956
12,8.4,0,-3.33388
12,8.5,0,-3.41086
12,8.6,0,-3.30161
12,8.7,0,-3.45724
12,8.8,0,-3.26338
12,8.9,0,-3.32784
12,9,0,-3.23082
12,9.1,0,-3.13532
12,9.2,0,-3.14973
12,9.3,0,-2.91624
12,9.4,0,-2.99344
12,9.5,0,-2.73697
12,9.6,0,-2.72207
12,9.7,0,-2.60748
12,9.8,0,-2.45456
12,9.9,0,-2.4863
12,10,0,-2.24536
12,10.1,0,-2.32327
12,10.2,0,-2.12644
12,10.3,0,-2.11127
12,10.4,0,-2.06359
12,10.5,0,-1.93535
12,10.6,0,-1.99727
12,10.7,0,-1.82783
12,10.8,0,-1.86003
12,10.9,0,-1.74299
12,11,0,-1.68539
12,11.1,0,-1.62907
12,11.2,0,-1.50293
12,11.3,0,-1.49416
12,11.4,0,-1.3407
12,11.5,0,-1.30829
12,11.6,0,-1.18215
12,11.7,0,-1.0986
12,11.8,0,-1.02967
12,11.9,0,-0.89056
12,12,0,-0.860403
12,12.1,0,-0.719427
12,12.2,0,-0.632536
12,12.3,0,-0.528473
12,12.4,0,-0.397489
12,12.5,0,-0.278614
12,12.6,0,-0.146611
12,12.7,0,0
12.1,0,0,0
12.1,0.1,0,-0.0373241
12.1,0.2,0,-0.119387
12.1,0.3,0,-0.173164
12.1,0.4,0,-0.264366
12.1,0.5,0,-0.445064
12.1,0.6,0,-0.505301
12.1,0.7,0,-0.707034
12.1,0.8,0,-0.875061
12.1,0.9,0,-1.0708
12.1,1,0,-1.3622
12.1,1.1,0,-1.50354
12.1,1.2,0,-1.77477
12.1,1.3,0,-1.94071
12.1,1.4,0,-2.13924
12.1,1.5,0,-2.42843
12.1,1.6,0,-2.4002
12.1,1.7,0,-2.65301
12.1,1.8,0,-2.71113
12.1,1.9,0,-2.79549
12.1,2,0,-3.19451
12.1,2.1,0,-2.96412
12.1,2.2,0,-3.20981
12.1,2.3,0,-3.25447
12.1,2.4,0,-3.24532
12.1,2.5,0,-3.71319
12.1,2.6,0,-3.3821
12.1,2.7,0,-3.59065
12.1,2.8,0,-3.67901
12.1,2.9,0,-3.63059
12.1,3,0,-4.05048
12.1,3.1,0,-3.82363
12.1,3.2,0,-3.96065
12.1,3.3,0,-4.08123
12.1,3.4,0,-4.0658
12.1,3.5,0,-4.32985
12.1,3.6,0,-4.29156
12.1,3.7,0,-4.39004
12.1,3.8,0,-4.53763
12.1,3.9,0,-4.59919
12.1,4,0,-4.72218
12.1,4.1,0,-4.82308
12.1,4.2,0,-4.87742
12.1,4.3,0,-4.97639
12.1,4.4,0,-5.03607
12.1,4.5,0,-5.02718
12.1,4.6,0,-5.1293
12.1,4.7,0,-5.10804
12.1,4.8,0,-5.10319
12.1,4.9,0,-5.08273
12.1,5,0,-4.94098
12.1,5.1,0,-4.94526
12.1,5.2,0,-4.84164
12.1,5.3,0,-4.64671
12.1,5.4,0,-4.59017
12.1,5.5,0,-4.4489
12.1,5.6,0,-4.23421
12.1,5.7,0,-4.16221
12.1,5.8,0,-4.0171
12.1,5.9,0,-3.80114
12.1,6,0,-3.73456
12.1,6.1,0,-3.60411
12.1,6.2,0,-3.4026
12.1,6.3,0,-3.33887
12.1,6.4,0,-3.23741
12.1,6.5,0,-3.08884
12.1,6.6,0,-3.05053
12.1,6.7,0,-2.99089
12.1,6.8,0,-2.90597
12.1,6.9,0,-2.89921
12.1,7,0,-2.88843
12.1,7.1,0,-2.87784
12.1,7.2,0,-2.89969
12.1,7.3,0,-2.9325
12.1,7.4,0,-2.98752
12.1,7.5,0,-3.01807
12.1,7.6,0,-3.0839
12.1,7.7,0,-3.19142
12.1,7.8,0,-3.2135
12.1,7.9,0,-3.29148
12.1,8,0,-3.42478
12.1,8.1,0,-3.42544
12.1,8.2,0,-3.54111
12.1,8.3,0,-3.53698
12.1,8.4,0,-3.58074
12.1,8.5,0,-3.65537
12.1,8.6,0,-3.60141
12.1,8.7,0,-3.7117
12.1,8.8,0,-3.56867
12.1,8.9,0,-3.59112
12.1,9,0,-3.49411
12.1,9.1,0,-3.41406
12.1,9.2,0,-3.41643
12.1,9.3,0,-3.23899
12.1,9.4,0,-3.25635
12.1,9.5,0,-3.03903
12.1,9.6,0,-2.97338
12.1,9.7,0,-2.85879
12.1,9.8,0,-2.71481
12.1,9.9,0,-2.71948
12.1,10,0,-2.5267
12.1,10.1,0,-2.53416
12.1,10.2,0,-2.36187
12.1,10.3,0,-2.29756
12.1,10.4,0,-2.24989
12.1,10.5,0,-2.13022
12.1,10.6,0,-2.15806
12.1,10.7,0,-2.01395
12.1,10.8,0,-1.99525
12.1,10.9,0,-1.88502
12.1,11,0,-1.79725
12.1,11.1,0,-1.74093
12.1,11.2,0,-1.62114
12.1,11.3,0,-1.58726
12.1,11.4,0,-1.44992
12.1,11.5,0,-1.38703
12.1,11.6,0,-1.26479
12.1,11.7,0,-1.16439
12.1,11.8,0,-1.09546
12.1,11.9,0,-0.965726
12.1,12,0,-0.910504
12.1,12.1,0,-0.771483
12.1,12.2,0,-0.663335
12.1,12.3,0,-0.558764
12.1,12.4,0,-0.41017
12.1,12.5,0,-0.291295
12.1,12.6,0,-0.14885
12.1,12.7,0,0
12.2,0,0,0
12.2,0.1,0,-0.0533608
12.2,0.2,0,-0.126768
12.2,0.3,0,-0.188759
12.2,0.4,0,-0.307782
12.2,0.5,0,-0.46107
12.2,0.6,0,-0.574579
12.2,0.7,0,-0.754679
12.2,0.8,0,-0.930384
12.2,0.9,0,-1.16567
12.2,1,0,-1.43213
12.2,1.1,0,-1.62749
12.2,1.2,0,-1.89039
12.2,1.3,0,-2.07357
12.2,1.4,0,-2.32063
12.2,1.5,0,-2.5911
12.2,1.6,0,-2.67097
12.2,1.7,0,-2.88597
12.2,1.8,0,-2.97171
12.2,1.9,0,-3.15832
12.2,2,0,-3.46293
12.2,2.1,0,-3.40471
12.2,2.2,0,-3.56171
12.2,2.3,0,-3.62477
12.2,2.4,0,-3.74725
12.2,2.5,0,-4.06161
12.2,2.6,0,-3.918
12.2,2.7,0,-4.00874
12.2,2.8,0,-4.09502
12.2,2.9,0,-4.15959
12.2,3,0,-4.42156
12.2,3.1,0,-4.3159
12.2,3.2,0,-4.36172
12.2,3.3,0,-4.46735
12.2,3.4,0,-4.50824
12.2,3.5,0,-4.67311
12.2,3.6,0,-4.67613
12.2,3.7,0,-4.7308
12.2,3.8,0,-4.8615
12.2,3.9,0,-4.92746
12.2,4,0,-5.0251
12.2,4.1,0,-5.10566
12.2,4.2,0,-5.1608
12.2,4.3,0,-5.24928
12.2,4.4,0,-5.28367
12.2,4.5,0,-5.29402
12.2,4.6,0,-5.35178
12.2,4.7,0,-5.35407
12.2,4.8,0,-5.34522
12.2,4.9,0,-5.29186
12.2,5,0,-5.18939
12.2,5.1,0,-5.14571
12.2,5.2,0,-5.04209
12.2,5.3,0,-4.88775
12.2,5.4,0,-4.79355
12.2,5.5,0,-4.65227
12.2,5.6,0,-4.47021
12.2,5.7,0,-4.36572
12.2,5.8,0,-4.22061
12.2,5.9,0,-4.03613
12.2,6,0,-3.94117
12.2,6.1,0,-3.81072
12.2,6.2,0,-3.64079
12.2,6.3,0,-3.56029
12.2,6.4,0,-3.45883
12.2,6.5,0,-3.3312
12.2,6.6,0,-3.28341
12.2,6.7,0,-3.22377
12.2,6.8,0,-3.15009
12.2,6.9,0,-3.14154
12.2,7,0,-3.13076
12.2,7.1,0,-3.12008
12.2,7.2,0,-3.1468
12.2,7.3,0,-3.17961
12.2,7.4,0,-3.22476
12.2,7.5,0,-3.27099
12.2,7.6,0,-3.33682
12.2,7.7,0,-3.42581
12.2,7.8,0,-3.47273
12.2,7.9,0,-3.55071
12.2,8,0,-3.65943
12.2,8.1,0,-3.69537
12.2,8.2,0,-3.77852
12.2,8.3,0,-3.81666
12.2,8.4,0,-3.86545
12.2,8.5,0,-3.89987
12.2,8.6,0,-3.90121
12.2,8.7,0,-3.96616
12.2,8.8,0,-3.8807
12.2,8.9,0,-3.85778
12.2,9,0,-3.79918
12.2,9.1,0,-3.73468
12.2,9.2,0,-3.68312
12.2,9.3,0,-3.56174
12.2,9.4,0,-3.51927
12.2,9.5,0,-3.35645
12.2,9.6,0,-3.24017
12.2,9.7,0,-3.13919
12.2,9.8,0,-3.01771
12.2,9.9,0,-2.95266
12.2,10,0,-2.80804
12.2,10.1,0,-2.74505
12.2,10.2,0,-2.61713
12.2,10.3,0,-2.51137
12.2,10.4,0,-2.45058
12.2,10.5,0,-2.3526
12.2,10.6,0,-2.31884
12.2,10.7,0,-2.20007
12.2,10.8,0,-2.13048
12.2,10.9,0,-2.03775
12.2,11,0,-1.93216
12.2,11.1,0,-1.8566
12.2,11.2,0,-1.74922
12.2,11.3,0,-1.68036
12.2,11.4,0,-1.55915
12.2,11.5,0,-1.46576
12.2,11.6,0,-1.36099
12.2,11.7,0,-1.25234
12.2,11.8,0,-1.16213
12.2,11.9,0,-1.04421
12.2,12,0,-0.960604
12.2,12.1,0,-0.823539
12.2,12.2,0,-0.694135
12.2,12.3,0,-0.580853
12.2,12.4,0,-0.431259
12.2,12.5,0,-0.303976
12.2,12.6,0,-0.151089
12.2,12.7,0,0
12.3,0,0,0
12.3,0.1,0,-0.0693975
12.3,0.2,0,-0.142804
12.3,0.3,0,-0.232175
12.3,0.4,0,-0.351198
12.3,0.5,0,-0.477075
12.3,0.6,0,-0.643857
12.3,0.7,0,-0.823957
12.3,0.8,0,-1.02525
12.3,0.9,0,-1.26054
12.3,1,0,-1.50205
12.3,1.1,0,-1.75145
12.3,1.2,0,-2.01435
12.3,1.3,0,-2.25497
12.3,1.4,0,-2.50203
12.3,1.5,0,-2.75377
12.3,1.6,0,-2.94175
12.3,1.7,0,-3.15675
12.3,1.8,0,-3.33454
12.3,1.9,0,-3.52115
12.3,2,0,-3.73136
12.3,2.1,0,-3.84531
12.3,2.2,0,-4.0023
12.3,2.3,0,-4.1267
12.3,2.4,0,-4.24918
12.3,2.5,0,-4.41004
12.3,2.6,0,-4.45391
12.3,2.7,0,-4.54464
12.3,2.8,0,-4.62402
12.3,2.9,0,-4.68859
12.3,3,0,-4.79263
12.3,3.1,0,-4.80816
12.3,3.2,0,-4.85399
12.3,3.3,0,-4.9098
12.3,3.4,0,-4.95069
12.3,3.5,0,-5.01637
12.3,3.6,0,-5.06071
12.3,3.7,0,-5.11537
12.3,3.8,0,-5.18976
12.3,3.9,0,-5.25572
12.3,4,0,-5.32802
12.3,4.1,0,-5.38824
12.3,4.2,0,-5.44337
12.3,4.3,0,-5.49688
12.3,4.4,0,-5.53128
12.3,4.5,0,-5.56086
12.3,4.6,0,-5.57425
12.3,4.7,0,-5.57654
12.3,4.8,0,-5.55435
12.3,4.9,0,-5.50098
12.3,5,0,-5.4378
12.3,5.1,0,-5.34617
12.3,5.2,0,-5.24255
12.3,5.3,0,-5.12878
12.3,5.4,0,-4.99692
12.3,5.5,0,-4.85565
12.3,5.6,0,-4.70621
12.3,5.7,0,-4.56923
12.3,5.8,0,-4.42411
12.3,5.9,0,-4.27113
12.3,6,0,-4.14777
12.3,6.1,0,-4.01732
12.3,6.2,0,-3.87898
12.3,6.3,0,-3.78171
12.3,6.4,0,-3.68025
12.3,6.5,0,-3.57356
12.3,6.6,0,-3.51629
12.3,6.7,0,-3.45665
12.3,6.8,0,-3.39421
12.3,6.9,0,-3.38387
12.3,7,0,-3.37309
12.3,7.1,0,-3.36233
12.3,7.2,0,-3.39392
12.3,7.3,0,-3.42673
12.3,7.4,0,-3.46201
12.3,7.5,0,-3.52391
12.3,7.6,0,-3.58974
12.3,7.7,0,-3.66019
12.3,7.8,0,-3.73197
12.3,7.9,0,-3.80995
12.3,8,0,-3.89408
12.3,8.1,0,-3.9653
12.3,8.2,0,-4.04534
12.3,8.3,0,-4.10137
12.3,8.4,0,-4.15016
12.3,8.5,0,-4.18526
12.3,8.6,0,-4.20101
12.3,8.7,0,-4.22062
12.3,8.8,0,-4.19272
12.3,8.9,0,-4.16981
12.3,9,0,-4.1198
12.3,9.1,0,-4.0553
12.3,9.2,0,-3.98201
12.3,9.3,0,-3.88449
12.3,9.4,0,-3.78696
12.3,9.5,0,-3.67388
12.3,9.6,0,-3.55759
12.3,9.7,0,-3.44208
12.3,9.8,0,-3.3206
12.3,9.9,0,-3.20557
12.3,10,0,-3.08937
12.3,10.1,0,-2.97318
12.3,10.2,0,-2.87238
12.3,10.3,0,-2.76662
12.3,10.4,0,-2.67297
12.3,10.5,0,-2.57499
12.3,10.6,0,-2.48583
12.3,10.7,0,-2.38619
12.3,10.8,0,-2.28655
12.3,10.9,0,-2.19049
12.3,11,0,-2.0849
12.3,11.1,0,-1.98468
12.3,11.2,0,-1.87731
12.3,11.3,0,-1.77475
12.3,11.4,0,-1.66838
12.3,11.5,0,-1.56201
12.3,11.6,0,-1.45719
12.3,11.7,0,-1.34855
12.3,11.8,0,-1.24062
12.3,11.9,0,-1.1227
12.3,12,0,-1.0107
12.3,12.1,0,-0.875595
12.3,12.2,0,-0.740651
12.3,12.3,0,-0.602943
12.3,12.4,0,-0.453349
12.3,12.5,0,-0.307215
12.3,12.6,0,-0.153328
12.3,12.7,0,0
12.4,0,0,0
12.4,0.1,0,-0.0794175
12.4,0.2,0,-0.152824
12.4,0.3,0,-0.259535
12.4,0.4,0,-0.378559
12.4,0.5,0,-0.525241
12.4,0.6,0,-0.699638
12.4,0.7,0,-0.879738
12.4,0.8,0,-1.10691
12.4,0.9,0,-1.3422
12.4,1,0,-1.60511
12.4,1.1,0,-1.87524
12.4,1.2,0,-2.13814
12.4,1.3,0,-2.44418
12.4,1.4,0,-2.69125
12.4,1.5,0,-2.95687
12.4,1.6,0,-3.22022
12.4,1.7,0,-3.43522
12.4,1.8,0,-3.70341
12.4,1.9,0,-3.89002
12.4,2,0,-4.06377
12.4,2.1,0,-4.29419
12.4,2.2,0,-4.45118
12.4,2.3,0,-4.63705
12.4,2.4,0,-4.75953
12.4,2.5,0,-4.84223
12.4,2.6,0,-4.99675
12.4,2.7,0,-5.08749
12.4,2.8,0,-5.15874
12.4,2.9,0,-5.22331
12.4,3,0,-5.24477
12.4,3.1,0,-5.30377
12.4,3.2,0,-5.3496
12.4,3.3,0,-5.35129
12.4,3.4,0,-5.39218
12.4,3.5,0,-5.40124
12.4,3.6,0,-5.43957
12.4,3.7,0,-5.49424
12.4,3.8,0,-5.51827
12.4,3.9,0,-5.58423
12.4,4,0,-5.62604
12.4,4.1,0,-5.67581
12.4,4.2,0,-5.73094
12.4,4.3,0,-5.74953
12.4,4.4,0,-5.78392
12.4,4.5,0,-5.792
12.4,4.6,0,-5.8072
12.4,4.7,0,-5.8095
12.4,4.8,0,-5.77992
12.4,4.9,0,-5.72656
12.4,5,0,-5.64145
12.4,5.1,0,-5.56418
12.4,5.2,0,-5.46055
12.4,5.3,0,-5.32485
12.4,5.4,0,-5.20461
12.4,5.5,0,-5.06333
12.4,5.6,0,-4.89653
12.4,5.7,0,-4.77065
12.4,5.8,0,-4.62554
12.4,5.9,0,-4.45876
12.4,6,0,-4.34795
12.4,6.1,0,-4.2175
12.4,6.2,0,-4.06957
12.4,6.3,0,-3.99273
12.4,6.4,0,-3.89127
12.4,6.5,0,-3.77106
12.4,6.6,0,-3.73529
12.4,6.7,0,-3.67565
12.4,6.8,0,-3.59921
12.4,6.9,0,-3.61172
12.4,7,0,-3.60093
12.4,7.1,0,-3.57456
12.4,7.2,0,-3.63021
12.4,7.3,0,-3.66302
12.4,7.4,0,-3.68199
12.4,7.5,0,-3.76849
12.4,7.6,0,-3.83431
12.4,7.7,0,-3.89108
12.4,7.8,0,-3.99248
12.4,7.9,0,-4.07047
12.4,8,0,-4.13739
12.4,8.1,0,-4.24236
12.4,8.2,0,-4.3224
12.4,8.3,0,-4.39315
12.4,8.4,0,-4.44194
12.4,8.5,0,-4.49302
12.4,8.6,0,-4.50877
12.4,8.7,0,-4.5078
12.4,8.8,0,-4.51438
12.4,8.9,0,-4.49147
12.4,9,0,-4.4497
12.4,9.1,0,-4.3852
12.4,9.2,0,-4.3105
12.4,9.3,0,-4.21298
12.4,9.4,0,-4.10082
12.4,9.5,0,-3.9941
12.4,9.6,0,-3.87781
12.4,9.7,0,-3.74455
12.4,9.8,0,-3.62307
12.4,9.9,0,-3.48603
12.4,10,0,-3.36873
12.4,10.1,0,-3.25332
12.4,10.2,0,-3.12486
12.4,10.3,0,-3.0191
12.4,10.4,0,-2.89459
12.4,10.5,0,-2.79661
12.4,10.6,0,-2.68915
12.4,10.7,0,-2.57383
12.4,10.8,0,-2.47761
12.4,10.9,0,-2.34441
12.4,11,0,-2.23882
12.4,11.1,0,-2.11239
12.4,11.2,0,-2.00502
12.4,11.3,0,-1.90829
12.4,11.4,0,-1.77752
12.4,11.5,0,-1.67116
12.4,11.6,0,-1.55452
12.4,11.7,0,-1.44587
12.4,11.8,0,-1.3222
12.4,11.9,0,-1.20428
12.4,12,0,-1.07252
12.4,12.1,0,-0.9323
12.4,12.2,0,-0.797357
12.4,12.3,0,-0.627048
12.4,12.4,0,-0.477453
12.4,12.5,0,-0.309392
12.4,12.6,0,-0.155505
12.4,12.7,0,0
12.5,0,0,0
12.5,0.1,0,-0.0874318
12.5,0.2,0,-0.165116
12.5,0.3,0,-0.283021
12.5,0.4,0,-0.400567
12.5,0.5,0,-0.584128
12.5,0.6,0,-0.750919
12.5,0.7,0,-0.937601
12.5,0.8,0,-1.18556
12.5,0.9,0,-1.41946
12.5,1,0,-1.7192
12.5,1.1,0,-1.99899
12.5,1.2,0,-2.26837
12.5,1.3,0,-2.62888
12.5,1.4,0,-2.88307
12.5,1.5,0,-3.17344
12.5,1.6,0,-3.50125
12.5,1.7,0,-3.71719
12.5,1.8,0,-4.05727
12.5,1.9,0,-4.26091
12.5,2,0,-4.41751
12.5,2.1,0,-4.74583
12.5,2.2,0,-4.89534
12.5,2.3,0,-5.13041
12.5,2.4,0,-5.27268
12.5,2.5,0,-5.30236
12.5,2.6,0,-5.54192
12.5,2.7,0,-5.62031
12.5,2.8,0,-5.68474
12.5,2.9,0,-5.75994
12.5,3,0,-5.72393
12.5,3.1,0,-5.80049
12.5,3.2,0,-5.83646
12.5,3.3,0,-5.79371
12.5,3.4,0,-5.83335
12.5,3.5,0,-5.79998
12.5,3.6,0,-5.81654
12.5,3.7,0,-5.86505
12.5,3.8,0,-5.85039
12.5,3.9,0,-5.91282
12.5,4,0,-5.92244
12.5,4.1,0,-5.96504
12.5,4.2,0,-6.0129
12.5,4.3,0,-6.00356
12.5,4.4,0,-6.03826
12.5,4.5,0,-6.01124
12.5,4.6,0,-6.04366
12.5,4.7,0,-6.03852
12.5,4.8,0,-6.00462
12.5,4.9,0,-5.95762
12.5,5,0,-5.83017
12.5,5.1,0,-5.78803
12.5,5.2,0,-5.68441
12.5,5.3,0,-5.50593
12.5,5.4,0,-5.41373
12.5,5.5,0,-5.27246
12.5,5.6,0,-5.07162
12.5,5.7,0,-4.97138
12.5,5.8,0,-4.82626
12.5,5.9,0,-4.63061
12.5,6,0,-4.54598
12.5,6.1,0,-4.41553
12.5,6.2,0,-4.24429
12.5,6.3,0,-4.20028
12.5,6.4,0,-4.09882
12.5,6.5,0,-3.95361
12.5,6.6,0,-3.94965
12.5,6.7,0,-3.89002
12.5,6.8,0,-3.79118
12.5,6.9,0,-3.83473
12.5,7,0,-3.82395
12.5,7.1,0,-3.77679
12.5,7.2,0,-3.86289
12.5,7.3,0,-3.8957
12.5,7.4,0,-3.89623
12.5,7.5,0,-4.01028
12.5,7.6,0,-4.07611
12.5,7.7,0,-4.12081
12.5,7.8,0,-4.25343
12.5,7.9,0,-4.33141
12.5,8,0,-4.38358
12.5,8.1,0,-4.52181
12.5,8.2,0,-4.59029
12.5,8.3,0,-4.68729
12.5,8.4,0,-4.73608
12.5,8.5,0,-4.77419
12.5,8.6,0,-4.81917
12.5,8.7,0,-4.78964
12.5,8.8,0,-4.83925
12.5,8.9,0,-4.8006
12.5,9,0,-4.7827
12.5,9.1,0,-4.7182
12.5,9.2,0,-4.60587
12.5,9.3,0,-4.54338
12.5,9.4,0,-4.3964
12.5,9.5,0,-4.31524
12.5,9.6,0,-4.19215
12.5,9.7,0,-4.04688
12.5,9.8,0,-3.9254
12.5,9.9,0,-3.77688
12.5,10,0,-3.64743
12.5,10.1,0,-3.53508
12.5,10.2,0,-3.37641
12.5,10.3,0,-3.27234
12.5,10.4,0,-3.12068
12.5,10.5,0,-3.01798
12.5,10.6,0,-2.93872
12.5,10.7,0,-2.76199
12.5,10.8,0,-2.70359
12.5,10.9,0,-2.49872
12.5,11,0,-2.39313
12.5,11.1,0,-2.25878
12.5,11.2,0,-2.1326
12.5,11.3,0,-2.07546
12.5,11.4,0,-1.88664
12.5,11.5,0,-1.80342
12.5,11.6,0,-1.65222
12.5,11.7,0,-1.54357
12.5,11.8,0,-1.41253
12.5,11.9,0,-1.2869
12.5,12,0,-1.13981
12.5,12.1,0,-0.990556
12.5,12.2,0,-0.838814
12.5,12.3,0,-0.651823
12.5,12.4,0,-0.502229
12.5,12.5,0,-0.31711
12.5,12.6,0,-0.157662
12.5,12.7,0,0
12.6,0,0,0
12.6,0.1,0,-0.0954462
12.6,0.2,0,-0.194515
12.6,0.3,0,-0.312421
12.6,0.4,0,-0.422575
12.6,0.5,0,-0.643014
12.6,0.6,0,-0.802201
12.6,0.7,0,-1.02179
12.6,0.8,0,-1.26975
12.6,0.9,0,-1.49672
12.6,1,0,-1.8333
12.6,1.1,0,-2.12273
12.6,1.2,0,-2.42454
12.6,1.3,0,-2.78505
12.6,1.4,0,-3.07489
12.6,1.5,0,-3.39001
12.6,1.6,0,-3.78229
12.6,1.7,0,-4.00293
12.6,1.8,0,-4.34301
12.6,1.9,0,-4.63179
12.6,2,0,-4.77125
12.6,2.1,0,-5.19747
12.6,2.2,0,-5.30955
12.6,2.3,0,-5.54462
12.6,2.4,0,-5.78583
12.6,2.5,0,-5.76248
12.6,2.6,0,-6.08708
12.6,2.7,0,-6.10377
12.6,2.8,0,-6.16819
12.6,2.9,0,-6.29656
12.6,3,0,-6.2031
12.6,3.1,0,-6.29722
12.6,3.2,0,-6.28389
12.6,3.3,0,-6.24114
12.6,3.4,0,-6.27452
12.6,3.5,0,-6.19873
12.6,3.6,0,-6.1935
12.6,3.7,0,-6.21125
12.6,3.8,0,-6.19659
12.6,3.9,0,-6.24141
12.6,4,0,-6.21884
12.6,4.1,0,-6.25427
12.6,4.2,0,-6.26573
12.6,4.3,0,-6.2564
12.6,4.4,0,-6.29259
12.6,4.5,0,-6.23048
12.6,4.6,0,-6.28011
12.6,4.7,0,-6.23781
12.6,4.8,0,-6.20392
12.6,4.9,0,-6.18867
12.6,5,0,-6.01889
12.6,5.1,0,-6.00603
12.6,5.2,0,-5.90114
12.6,5.3,0,-5.68701
12.6,5.4,0,-5.61818
12.6,5.5,0,-5.47591
12.6,5.6,0,-5.24671
12.6,5.7,0,-5.16783
12.6,5.8,0,-5.02218
12.6,5.9,0,-4.80246
12.6,6,0,-4.73965
12.6,6.1,0,-4.60968
12.6,6.2,0,-4.41901
12.6,6.3,0,-4.40236
12.6,6.4,0,-4.3022
12.6,6.5,0,-4.13616
12.6,6.6,0,-4.15872
12.6,6.7,0,-4.10065
12.6,6.8,0,-3.98314
12.6,6.9,0,-4.05257
12.6,7,0,-4.0435
12.6,7.1,0,-3.97902
12.6,7.2,0,-4.09049
12.6,7.3,0,-4.12531
12.6,7.4,0,-4.11047
12.6,7.5,0,-4.24749
12.6,7.6,0,-4.31589
12.6,7.7,0,-4.35053
12.6,7.8,0,-4.50917
12.6,7.9,0,-4.5899
12.6,8,0,-4.62977
12.6,8.1,0,-4.80126
12.6,8.2,0,-4.85034
12.6,8.3,0,-4.96076
12.6,8.4,0,-5.02043
12.6,8.5,0,-5.04616
12.6,8.6,0,-5.12958
12.6,8.7,0,-5.07147
12.6,8.8,0,-5.16412
12.6,8.9,0,-5.08893
12.6,9,0,-5.08125
12.6,9.1,0,-5.04001
12.6,9.2,0,-4.89841
12.6,9.3,0,-4.87378
12.6,9.4,0,-4.69198
12.6,9.5,0,-4.63639
12.6,9.6,0,-4.48768
12.6,9.7,0,-4.34285
12.6,9.8,0,-4.22644
12.6,9.9,0,-4.06773
12.6,10,0,-3.92614
12.6,10.1,0,-3.81683
12.6,10.2,0,-3.62797
12.6,10.3,0,-3.5405
12.6,10.4,0,-3.38885
12.6,10.5,0,-3.23934
12.6,10.6,0,-3.18828
12.6,10.7,0,-2.95014
12.6,10.8,0,-2.92958
12.6,10.9,0,-2.66104
12.6,11,0,-2.58864
12.6,11.1,0,-2.45709
12.6,11.2,0,-2.26019
12.6,11.3,0,-2.24263
12.6,11.4,0,-1.99575
12.6,11.5,0,-1.93754
12.6,11.6,0,-1.76
12.6,11.7,0,-1.64344
12.6,11.8,0,-1.51303
12.6,11.9,0,-1.36951
12.6,12,0,-1.20709
12.6,12.1,0,-1.04881
12.6,12.2,0,-0.874986
12.6,12.3,0,-0.68163
12.6,12.4,0,-0.518949
12.6,12.5,0,-0.328601
12.6,12.6,0,-0.159818
12.6,12.7,0,0
12.7,0,0,0
12.7,0.1,0,-0.0982512
12.7,0.2,0,-0.223915
12.7,0.3,0,-0.341821
12.7,0.4,0,-0.468554
12.7,0.5,0,-0.701901
12.7,0.6,0,-0.858426
12.7,0.7,0,-1.10598
12.7,0.8,0,-1.35394
12.7,0.9,0,-1.59793
12.7,1,0,-1.9474
12.7,1.1,0,-2.24021
12.7,1.2,0,-2.58071
12.7,1.3,0,-2.94122
12.7,1.4,0,-3.2828
12.7,1.5,0,-3.60658
12.7,1.6,0,-4.02142
12.7,1.7,0,-4.28867
12.7,1.8,0,-4.62875
12.7,1.9,0,-4.99154
12.7,2,0,-5.12499
12.7,2.1,0,-5.58548
12.7,2.2,0,-5.72376
12.7,2.3,0,-5.95884
12.7,2.4,0,-6.26451
12.7,2.5,0,-6.2226
12.7,2.6,0,-6.57696
12.7,2.7,0,-6.58723
12.7,2.8,0,-6.65165
12.7,2.9,0,-6.79584
12.7,3,0,-6.68226
12.7,3.1,0,-6.78253
12.7,3.2,0,-6.73132
12.7,3.3,0,-6.68856
12.7,3.4,0,-6.68811
12.7,3.5,0,-6.59747
12.7,3.6,0,-6.58462
12.7,3.7,0,-6.55746
12.7,3.8,0,-6.54279
12.7,3.9,0,-6.54908
12.7,4,0,-6.51524
12.7,4.1,0,-6.54816
12.7,4.2,0,-6.51857
12.7,4.3,0,-6.50924
12.7,4.4,0,-6.52411
12.7,4.5,0,-6.44972
12.7,4.6,0,-6.50537
12.7,4.7,0,-6.43711
12.7,4.8,0,-6.40321
12.7,4.9,0,-6.39221
12.7,5,0,-6.20761
12.7,5.1,0,-6.19476
12.7,5.2,0,-6.08222
12.7,5.3,0,-5.86809
12.7,5.4,0,-5.79926
12.7,5.5,0,-5.65099
12.7,5.6,0,-5.42179
12.7,5.7,0,-5.34292
12.7,5.8,0,-5.19403
12.7,5.9,0,-4.97431
12.7,6,0,-4.9115
12.7,6.1,0,-4.7844
12.7,6.2,0,-4.59373
12.7,6.3,0,-4.57708
12.7,6.4,0,-4.48475
12.7,6.5,0,-4.31871
12.7,6.6,0,-4.34127
12.7,6.7,0,-4.29262
12.7,6.8,0,-4.17511
12.7,6.9,0,-4.24454
12.7,7,0,-4.24573
12.7,7.1,0,-4.18125
12.7,7.2,0,-4.29272
12.7,7.3,0,-4.33954
12.7,7.4,0,-4.3247
12.7,7.5,0,-4.46172
12.7,7.6,0,-4.54561
12.7,7.7,0,-4.58026
12.7,7.8,0,-4.73889
12.7,7.9,0,-4.83609
12.7,8,0,-4.87596
12.7,8.1,0,-5.06567
12.7,8.2,0,-5.11039
12.7,8.3,0,-5.22081
12.7,8.4,0,-5.2924
12.7,8.5,0,-5.31813
12.7,8.6,0,-5.43178
12.7,8.7,0,-5.35331
12.7,8.8,0,-5.46244
12.7,8.9,0,-5.37727
12.7,9,0,-5.36958
12.7,9.1,0,-5.33255
12.7,9.2,0,-5.19096
12.7,9.3,0,-5.19992
12.7,9.4,0,-4.98756
12.7,9.5,0,-4.93755
12.7,9.6,0,-4.78322
12.7,9.7,0,-4.63838
12.7,9.8,0,-4.51729
12.7,9.9,0,-4.35857
12.7,10,0,-4.20484
12.7,10.1,0,-4.09859
12.7,10.2,0,-3.90812
12.7,10.3,0,-3.80867
12.7,10.4,0,-3.65702
12.7,10.5,0,-3.4874
12.7,10.6,0,-3.43784
12.7,10.7,0,-3.13829
12.7,10.8,0,-3.15556
12.7,10.9,0,-2.88702
12.7,11,0,-2.78695
12.7,11.1,0,-2.65541
12.7,11.2,0,-2.41873
12.7,11.3,0,-2.40981
12.7,11.4,0,-2.11197
12.7,11.5,0,-2.07166
12.7,11.6,0,-1.89412
12.7,11.7,0,-1.74395
12.7,11.8,0,-1.61354
12.7,11.9,0,-1.44266
12.7,12,0,-1.27437
12.7,12.1,0,-1.10966
12.7,12.2,0,-0.911157
12.7,12.3,0,-0.717802
12.7,12.4,0,-0.53044
12.7,12.5,0,-0.340092
12.7,12.6,0,-0.161
12.7,12.7,0,0
12.8,0,0,0
12.8,0.1,0,-0.10039
12.8,0.2,0,-0.253315
12.8,0.3,0,-0.37122
12.8,0.4,0,-0.52818
12.8,0.5,0,-0.760787
12.8,0.6,0,-0.920603
12.8,0.7,0,-1.19017
12.8,0.8,0,-1.43813
12.8,0.9,0,-1.71271
12.8,1,0,-2.06149
12.8,1.1,0,-2.35754
12.8,1.2,0,-2.73688
12.8,1.3,0,-3.09739
12.8,1.4,0,-3.49581
12.8,1.5,0,-3.82315
12.8,1.6,0,-4.23846
12.8,1.7,0,-4.57441
12.8,1.8,0,-4.91449
12.8,1.9,0,-5.33676
12.8,2,0,-5.47872
12.8,2.1,0,-5.93548
12.8,2.2,0,-6.13798
12.8,2.3,0,-6.37305
12.8,2.4,0,-6.71474
12.8,2.5,0,-6.68272
12.8,2.6,0,-7.03091
12.8,2.7,0,-7.07068
12.8,2.8,0,-7.13511
12.8,2.9,0,-7.26968
12.8,3,0,-7.16142
12.8,3.1,0,-7.25676
12.8,3.2,0,-7.17874
12.8,3.3,0,-7.13599
12.8,3.4,0,-7.08747
12.8,3.5,0,-6.99621
12.8,3.6,0,-6.98028
12.8,3.7,0,-6.90366
12.8,3.8,0,-6.88899
12.8,3.9,0,-6.84724
12.8,4,0,-6.81164
12.8,4.1,0,-6.84092
12.8,4.2,0,-6.77141
12.8,4.3,0,-6.76207
12.8,4.4,0,-6.7432
12.8,4.5,0,-6.66896
12.8,4.6,0,-6.7209
12.8,4.7,0,-6.6364
12.8,4.8,0,-6.6025
12.8,4.9,0,-6.57775
12.8,5,0,-6.39633
12.8,5.1,0,-6.38348
12.8,5.2,0,-6.2633
12.8,5.3,0,-6.04917
12.8,5.4,0,-5.98034
12.8,5.5,0,-5.82608
12.8,5.6,0,-5.59688
12.8,5.7,0,-5.51801
12.8,5.8,0,-5.36588
12.8,5.9,0,-5.14616
12.8,6,0,-5.08334
12.8,6.1,0,-4.95912
12.8,6.2,0,-4.76846
12.8,6.3,0,-4.7518
12.8,6.4,0,-4.6673
12.8,6.5,0,-4.50126
12.8,6.6,0,-4.52382
12.8,6.7,0,-4.48458
12.8,6.8,0,-4.36707
12.8,6.9,0,-4.4365
12.8,7,0,-4.44796
12.8,7.1,0,-4.38348
12.8,7.2,0,-4.49495
12.8,7.3,0,-4.55378
12.8,7.4,0,-4.53894
12.8,7.5,0,-4.67596
12.8,7.6,0,-4.77534
12.8,7.7,0,-4.80998
12.8,7.8,0,-4.96862
12.8,7.9,0,-5.08228
12.8,8,0,-5.12215
12.8,8.1,0,-5.30608
12.8,8.2,0,-5.37044
12.8,8.3,0,-5.48085
12.8,8.4,0,-5.56438
12.8,8.5,0,-5.59011
12.8,8.6,0,-5.69583
12.8,8.7,0,-5.63515
12.8,8.8,0,-5.73941
12.8,8.9,0,-5.6656
12.8,9,0,-5.65792
12.8,9.1,0,-5.6251
12.8,9.2,0,-5.48351
12.8,9.3,0,-5.47175
12.8,9.4,0,-5.28314
12.8,9.5,0,-5.23313
12.8,9.6,0,-5.07875
12.8,9.7,0,-4.93392
12.8,9.8,0,-4.80814
12.8,9.9,0,-4.64942
12.8,10,0,-4.49609
12.8,10.1,0,-4.38035
12.8,10.2,0,-4.18988
12.8,10.3,0,-4.07683
12.8,10.4,0,-3.92518
12.8,10.5,0,-3.73697
12.8,10.6,0,-3.68741
12.8,10.7,0,-3.41522
12.8,10.8,0,-3.38154
12.8,10.9,0,-3.11301
12.8,11,0,-2.98526
12.8,11.1,0,-2.85372
12.8,11.2,0,-2.5859
12.8,11.3,0,-2.57698
12.8,11.4,0,-2.29484
12.8,11.5,0,-2.20578
12.8,11.6,0,-2.02824
12.8,11.7,0,-1.84446
12.8,11.8,0,-1.71405
12.8,11.9,0,-1.51232
12.8,12,0,-1.34165
12.8,12.1,0,-1.16672
12.8,12.2,0,-0.947329
12.8,12.3,0,-0.753973
12.8,12.4,0,-0.541932
12.8,12.5,0,-0.351584
12.8,12.6,0,-0.16378
12.8,12.7,0,0
12.9,0,0,0
12.9,0.1,0,-0.121775
12.9,0.2,0,-0.282714
12.9,0.3,0,-0.40062
12.9,0.4,0,-0.594458
12.9,0.5,0,-0.819674
12.9,0.6,0,-1.0124
12.9,0.7,0,-1.27436
12.9,0.8,0,-1.52232
12.9,0.9,0,-1.83374
12.9,1,0,-2.17559
12.9,1.1,0,-2.50406
12.9,1.2,0,-2.89305
12.9,1.3,0,-3.25356
12.9,1.4,0,-3.67672
12.9,1.5,0,-4.03972
12.9,1.6,0,-4.45973
12.9,1.7,0,-4.86015
12.9,1.8,0,-5.20023
12.9,1.9,0,-5.60535
12.9,2,0,-5.83246
12.9,2.1,0,-6.25179
12.9,2.2,0,-6.55219
12.9,2.3,0,-6.78726
12.9,2.4,0,-7.07592
12.9,2.5,0,-7.14284
12.9,2.6,0,-7.42933
12.9,2.7,0,-7.55414
12.9,2.8,0,-7.61856
12.9,2.9,0,-7.69567
12.9,3,0,-7.64058
12.9,3.1,0,-7.68663
12.9,3.2,0,-7.62617
12.9,3.3,0,-7.58342
12.9,3.4,0,-7.49247
12.9,3.5,0,-7.39495
12.9,3.6,0,-7.34827
12.9,3.7,0,-7.24986
12.9,3.8,0,-7.2352
12.9,3.9,0,-7.16125
12.9,4,0,-7.10804
12.9,4.1,0,-7.10092
12.9,4.2,0,-7.02424
12.9,4.3,0,-7.01491
12.9,4.4,0,-6.96094
12.9,4.5,0,-6.8882
12.9,4.6,0,-6.90298
12.9,4.7,0,-6.83569
12.9,4.8,0,-6.80179
12.9,4.9,0,-6.73471
12.9,5,0,-6.58505
12.9,5.1,0,-6.54724
12.9,5.2,0,-6.42388
12.9,5.3,0,-6.23025
12.9,5.4,0,-6.14157
12.9,5.5,0,-5.98481
12.9,5.6,0,-5.77197
12.9,5.7,0,-5.67625
12.9,5.8,0,-5.52277
12.9,5.9,0,-5.31801
12.9,6,0,-5.2416
12.9,6.1,0,-5.11857
12.9,6.2,0,-4.94318
12.9,6.3,0,-4.91194
12.9,6.4,0,-4.8307
12.9,6.5,0,-4.68381
12.9,6.6,0,-4.6933
12.9,6.7,0,-4.65799
12.9,6.8,0,-4.55904
12.9,6.9,0,-4.61634
12.9,7,0,-4.63208
12.9,7.1,0,-4.58571
12.9,7.2,0,-4.68642
12.9,7.3,0,-4.75025
12.9,7.4,0,-4.75318
12.9,7.5,0,-4.88315
12.9,7.6,0,-4.98899
12.9,7.7,0,-5.0397
12.9,7.8,0,-5.18974
12.9,7.9,0,-5.31026
12.9,8,0,-5.36834
12.9,8.1,0,-5.53287
12.9,8.2,0,-5.63049
12.9,8.3,0,-5.73772
12.9,8.4,0,-5.82583
12.9,8.5,0,-5.86208
12.9,8.6,0,-5.93923
12.9,8.7,0,-5.91698
12.9,8.8,0,-5.98472
12.9,8.9,0,-5.95394
12.9,9,0,-5.94626
12.9,9.1,0,-5.8965
12.9,9.2,0,-5.77605
12.9,9.3,0,-5.72947
12.9,9.4,0,-5.57873
12.9,9.5,0,-5.50392
12.9,9.6,0,-5.37428
12.9,9.7,0,-5.22945
12.9,9.8,0,-5.09466
12.9,9.9,0,-4.94027
12.9,10,0,-4.79
12.9,10.1,0,-4.66211
12.9,10.2,0,-4.48498
12.9,10.3,0,-4.345
12.9,10.4,0,-4.19335
12.9,10.5,0,-4.02412
12.9,10.6,0,-3.93697
12.9,10.7,0,-3.70262
12.9,10.8,0,-3.60752
12.9,10.9,0,-3.36707
12.9,11,0,-3.18357
12.9,11.1,0,-3.05203
12.9,11.2,0,-2.82154
12.9,11.3,0,-2.74415
12.9,11.4,0,-2.48702
12.9,11.5,0,-2.33991
12.9,11.6,0,-2.16369
12.9,11.7,0,-1.94497
12.9,11.8,0,-1.81456
12.9,11.9,0,-1.5975
12.9,12,0,-1.40893
12.9,12.1,0,-1.21192
12.9,12.2,0,-0.9835
12.9,12.3,0,-0.786046
12.9,12.4,0,-0.555059
12.9,12.5,0,-0.363075
12.9,12.6,0,-0.173115
12.9,12.7,0,0
13,0,0,0
13,0.1,0,-0.14316
13,0.2,0,-0.307706
13,0.3,0,-0.450303
13,0.4,0,-0.660736
13,0.5,0,-0.87856
13,0.6,0,-1.10419
13,0.7,0,-1.36273
13,0.8,0,-1.62677
13,0.9,0,-1.95476
13,1,0,-2.28968
13,1.1,0,-2.65059
13,1.2,0,-3.04391
13,1.3,0,-3.42334
13,1.4,0,-3.85764
13,1.5,0,-4.25629
13,1.6,0,-4.68101
13,1.7,0,-5.11043
13,1.8,0,-5.47653
13,1.9,0,-5.87394
13,2,0,-6.1862
13,2.1,0,-6.56809
13,2.2,0,-6.91256
13,2.3,0,-7.17231
13,2.4,0,-7.43711
13,2.5,0,-7.60296
13,2.6,0,-7.82775
13,2.7,0,-7.99082
13,2.8,0,-8.07041
13,2.9,0,-8.12166
13,3,0,-8.11974
13,3.1,0,-8.11649
13,3.2,0,-8.06394
13,3.3,0,-8.00751
13,3.4,0,-7.89747
13,3.5,0,-7.79369
13,3.6,0,-7.71625
13,3.7,0,-7.60804
13,3.8,0,-7.56369
13,3.9,0,-7.47526
13,4,0,-7.40444
13,4.1,0,-7.36093
13,4.2,0,-7.28102
13,4.3,0,-7.24845
13,4.4,0,-7.17869
13,4.5,0,-7.10744
13,4.6,0,-7.08506
13,4.7,0,-7.02552
13,4.8,0,-6.9778
13,4.9,0,-6.89167
13,5,0,-6.77377
13,5.1,0,-6.69319
13,5.2,0,-6.56983
13,5.3,0,-6.41133
13,5.4,0,-6.28861
13,5.5,0,-6.13186
13,5.6,0,-5.94706
13,5.7,0,-5.82246
13,5.8,0,-5.66898
13,5.9,0,-5.48986
13,6,0,-5.39014
13,6.1,0,-5.26711
13,6.2,0,-5.1179
13,6.3,0,-5.06166
13,6.4,0,-4.98043
13,6.5,0,-4.86636
13,6.6,0,-4.85345
13,6.7,0,-4.81814
13,6.8,0,-4.751
13,6.9,0,-4.78752
13,7,0,-4.80326
13,7.1,0,-4.78794
13,7.2,0,-4.87021
13,7.3,0,-4.93404
13,7.4,0,-4.96741
13,7.5,0,-5.08532
13,7.6,0,-5.19115
13,7.7,0,-5.26943
13,7.8,0,-5.4047
13,7.9,0,-5.52523
13,8,0,-5.61453
13,8.1,0,-5.75967
13,8.2,0,-5.88541
13,8.3,0,-5.9756
13,8.4,0,-6.06371
13,8.5,0,-6.13405
13,8.6,0,-6.18264
13,8.7,0,-6.19882
13,8.8,0,-6.23002
13,8.9,0,-6.22854
13,9,0,-6.195
13,9.1,0,-6.14439
13,9.2,0,-6.0686
13,9.3,0,-5.9872
13,9.4,0,-5.87431
13,9.5,0,-5.77389
13,9.6,0,-5.65745
13,9.7,0,-5.51565
13,9.8,0,-5.37871
13,9.9,0,-5.23112
13,10,0,-5.0839
13,10.1,0,-4.94387
13,10.2,0,-4.78335
13,10.3,0,-4.63276
13,10.4,0,-4.47981
13,10.5,0,-4.32048
13,10.6,0,-4.18653
13,10.7,0,-3.99001
13,10.8,0,-3.83351
13,10.9,0,-3.63706
13,11,0,-3.44021
13,11.1,0,-3.26951
13,11.2,0,-3.05944
13,11.3,0,-2.91132
13,11.4,0,-2.6792
13,11.5,0,-2.47403
13,11.6,0,-2.30062
13,11.7,0,-2.08113
13,11.8,0,-1.91018
13,11.9,0,-1.68268
13,12,0,-1.47621
13,12.1,0,-1.25711
13,12.2,0,-1.01967
13,12.3,0,-0.808934
13,12.4,0,-0.577947
13,12.5,0,-0.374234
13,12.6,0,-0.18245
13,12.7,0,0
13.1,0,0,0
13.1,0.1,0,-0.164546
13.1,0.2,0,-0.329092
13.1,0.3,0,-0.516581
13.1,0.4,0,-0.727014
13.1,0.5,0,-0.937447
13.1,0.6,0,-1.19599
13.1,0.7,0,-1.45453
13.1,0.8,0,-1.7478
13.1,0.9,0,-2.07579
13.1,1,0,-2.40378
13.1,1.1,0,-2.79711
13.1,1.2,0,-3.19044
13.1,1.3,0,-3.60425
13.1,1.4,0,-4.03855
13.1,1.5,0,-4.47286
13.1,1.6,0,-4.90228
13.1,1.7,0,-5.33171
13.1,1.8,0,-5.74513
13.1,1.9,0,-6.14253
13.1,2,0,-6.53994
13.1,2.1,0,-6.8844
13.1,2.2,0,-7.22887
13.1,2.3,0,-7.53349
13.1,2.4,0,-7.79829
13.1,2.5,0,-8.06308
13.1,2.6,0,-8.22616
13.1,2.7,0,-8.38924
13.1,2.8,0,-8.4964
13.1,2.9,0,-8.54765
13.1,3,0,-8.59891
13.1,3.1,0,-8.54636
13.1,3.2,0,-8.49381
13.1,3.3,0,-8.41251
13.1,3.4,0,-8.30247
13.1,3.5,0,-8.19243
13.1,3.6,0,-8.08423
13.1,3.7,0,-7.97602
13.1,3.8,0,-7.8777
13.1,3.9,0,-7.78927
13.1,4,0,-7.70083
13.1,4.1,0,-7.62093
13.1,4.2,0,-7.54102
13.1,4.3,0,-7.46619
13.1,4.4,0,-7.39643
13.1,4.5,0,-7.32667
13.1,4.6,0,-7.26714
13.1,4.7,0,-7.2076
13.1,4.8,0,-7.13476
13.1,4.9,0,-7.04863
13.1,5,0,-6.96249
13.1,5.1,0,-6.83913
13.1,5.2,0,-6.71577
13.1,5.3,0,-6.59241
13.1,5.4,0,-6.43566
13.1,5.5,0,-6.2789
13.1,5.6,0,-6.12215
13.1,5.7,0,-5.96867
13.1,5.8,0,-5.81519
13.1,5.9,0,-5.66171
13.1,6,0,-5.53868
13.1,6.1,0,-5.41565
13.1,6.2,0,-5.29263
13.1,6.3,0,-5.21139
13.1,6.4,0,-5.13015
13.1,6.5,0,-5.04892
13.1,6.6,0,-5.0136
13.1,6.7,0,-4.97829
13.1,6.8,0,-4.94297
13.1,6.9,0,-4.9587
13.1,7,0,-4.97444
13.1,7.1,0,-4.99017
13.1,7.2,0,-5.054
13.1,7.3,0,-5.11782
13.1,7.4,0,-5.18165
13.1,7.5,0,-5.28748
13.1,7.6,0,-5.39332
13.1,7.7,0,-5.49915
13.1,7.8,0,-5.61967
13.1,7.9,0,-5.74019
13.1,8,0,-5.86072
13.1,8.1,0,-5.98646
13.1,8.2,0,-6.1122
13.1,8.3,0,-6.21349
13.1,8.4,0,-6.3016
13.1,8.5,0,-6.37776
13.1,8.6,0,-6.42604
13.1,8.7,0,-6.47432
13.1,8.8,0,-6.47533
13.1,8.9,0,-6.47385
13.1,9,0,-6.44289
13.1,9.1,0,-6.39227
13.1,9.2,0,-6.33244
13.1,9.3,0,-6.24492
13.1,9.4,0,-6.1574
13.1,9.5,0,-6.04386
13.1,9.6,0,-5.92742
13.1,9.7,0,-5.7997
13.1,9.8,0,-5.66277
13.1,9.9,0,-5.52398
13.1,10,0,-5.37781
13.1,10.1,0,-5.23163
13.1,10.2,0,-5.08171
13.1,10.3,0,-4.93113
13.1,10.4,0,-4.77618
13.1,10.5,0,-4.61685
13.1,10.6,0,-4.45481
13.1,10.7,0,-4.2774
13.1,10.8,0,-4.09999
13.1,10.9,0,-3.90704
13.1,11,0,-3.7102
13.1,11.1,0,-3.5074
13.1,11.2,0,-3.29734
13.1,11.3,0,-3.08674
13.1,11.4,0,-2.87138
13.1,11.5,0,-2.65602
13.1,11.6,0,-2.43755
13.1,11.7,0,-2.21806
13.1,11.8,0,-1.99536
13.1,11.9,0,-1.76785
13.1,12,0,-1.53985
13.1,12.1,0,-1.30231
13.1,12.2,0,-1.06477
13.1,12.3,0,-0.831821
13.1,12.4,0,-0.600834
13.1,12.5,0,-0.383568
13.1,12.6,0,-0.191784
13.1,12.7,0,0
13.2,0,0,0
13.2,0.1,0,-0.162634
13.2,0.2,0,-0.32718
13.2,0.3,0,-0.576551
13.2,0.4,0,-0.786984
13.2,0.5,0,-0.943786
13.2,0.6,0,-1.26305
13.2,0.7,0,-1.52159
13.2,0.8,0,-1.84874
13.2,0.9,0,-2.17673
13.2,1,0,-2.4105
13.2,1.1,0,-2.92155
13.2,1.2,0,-3.31488
13.2,1.3,0,-3.78081
13.2,1.4,0,-4.21511
13.2,1.5,0,-4.49563
13.2,1.6,0,-5.13106
13.2,1.7,0,-5.56049
13.2,1.8,0,-6.02687
13.2,1.9,0,-6.42428
13.2,2,0,-6.60761
13.2,2.1,0,-7.22172
13.2,2.2,0,-7.56618
13.2,2.3,0,-7.92507
13.2,2.4,0,-8.18987
13.2,2.5,0,-8.18705
13.2,2.6,0,-8.65981
13.2,2.7,0,-8.82289
13.2,2.8,0,-8.95931
13.2,2.9,0,-9.01056
13.2,3,0,-8.76135
13.2,3.1,0,-9.00627
13.2,3.2,0,-8.95372
13.2,3.3,0,-8.82455
13.2,3.4,0,-8.71451
13.2,3.5,0,-8.33164
13.2,3.6,0,-8.44399
13.2,3.7,0,-8.33578
13.2,3.8,0,-8.18718
13.2,3.9,0,-8.09875
13.2,4,0,-7.78371
13.2,4.1,0,-7.87996
13.2,4.2,0,-7.80006
13.2,4.3,0,-7.67836
13.2,4.4,0,-7.6086
13.2,4.5,0,-7.36594
13.2,4.6,0,-7.4482
13.2,4.7,0,-7.38866
13.2,4.8,0,-7.30989
13.2,4.9,0,-7.22376
13.2,5,0,-6.99488
13.2,5.1,0,-7.00622
13.2,5.2,0,-6.88286
13.2,5.3,0,-6.63096
13.2,5.4,0,-6.5874
13.2,5.5,0,-6.43065
13.2,5.6,0,-6.16901
13.2,5.7,0,-6.10763
13.2,5.8,0,-5.95415
13.2,5.9,0,-5.71695
13.2,6,0,-5.67088
13.2,6.1,0,-5.54785
13.2,6.2,0,-5.35716
13.2,6.3,0,-5.3451
13.2,6.4,0,-5.26386
13.2,6.5,0,-5.12532
13.2,6.6,0,-5.15421
13.2,6.7,0,-5.1189
13.2,6.8,0,-5.03283
13.2,6.9,0,-5.1099
13.2,7,0,-5.12563
13.2,7.1,0,-5.09522
13.2,7.2,0,-5.22053
13.2,7.3,0,-5.28436
13.2,7.4,0,-5.30511
13.2,7.5,0,-5.47437
13.2,7.6,0,-5.58021
13.2,7.7,0,-5.64282
13.2,7.8,0,-5.83855
13.2,7.9,0,-5.95907
13.2,8,0,-6.02099
13.2,8.1,0,-6.22547
13.2,8.2,0,-6.35122
13.2,8.3,0,-6.46197
13.2,8.4,0,-6.55008
13.2,8.5,0,-6.63387
13.2,8.6,0,-6.683
13.2,8.7,0,-6.67285
13.2,8.8,0,-6.73725
13.2,8.9,0,-6.73577
13.2,9,0,-6.70395
13.2,9.1,0,-6.65333
13.2,9.2,0,-6.59206
13.2,9.3,0,-6.51185
13.2,9.4,0,-6.41659
13.2,9.5,0,-6.32216
13.2,9.6,0,-6.20572
13.2,9.7,0,-6.08785
13.2,9.8,0,-5.95092
13.2,9.9,0,-5.82446
13.2,10,0,-5.67323
13.2,10.1,0,-5.53981
13.2,10.2,0,-5.38124
13.2,10.3,0,-5.23066
13.2,10.4,0,-5.07668
13.2,10.5,0,-4.91735
13.2,10.6,0,-4.75137
13.2,10.7,0,-4.57161
13.2,10.8,0,-4.38707
13.2,10.9,0,-4.18199
13.2,11,0,-3.98515
13.2,11.1,0,-3.74836
13.2,11.2,0,-3.53829
13.2,11.3,0,-3.28644
13.2,11.4,0,-3.06371
13.2,11.5,0,-2.84265
13.2,11.6,0,-2.57683
13.2,11.7,0,-2.35734
13.2,11.8,0,-2.08304
13.2,11.9,0,-1.85554
13.2,12,0,-1.61122
13.2,12.1,0,-1.35108
13.2,12.2,0,-1.11351
13.2,12.3,0,-0.84716
13.2,12.4,0,-0.616173
13.2,12.5,0,-0.376676
13.2,12.6,0,-0.184892
13.2,12.7,0,0
13.3,0,0,0
13.3,0.1,0,-0.160723
13.3,0.2,0,-0.32781
13.3,0.3,0,-0.611216
13.3,0.4,0,-0.846955
13.3,0.5,0,-0.950126
13.3,0.6,0,-1.33012
13.3,0.7,0,-1.56047
13.3,0.8,0,-1.90625
13.3,0.9,0,-2.27768
13.3,1,0,-2.41722
13.3,1.1,0,-3.04599
13.3,1.2,0,-3.38837
13.3,1.3,0,-3.88296
13.3,1.4,0,-4.39167
13.3,1.5,0,-4.5184
13.3,1.6,0,-5.35984
13.3,1.7,0,-5.70536
13.3,1.8,0,-6.20087
13.3,1.9,0,-6.70602
13.3,2,0,-6.67528
13.3,2.1,0,-7.55904
13.3,2.2,0,-7.79508
13.3,2.3,0,-8.18381
13.3,2.4,0,-8.58144
13.3,2.5,0,-8.31101
13.3,2.6,0,-9.09346
13.3,2.7,0,-9.12766
13.3,2.8,0,-9.28017
13.3,2.9,0,-9.47347
13.3,3,0,-8.9238
13.3,3.1,0,-9.46619
13.3,3.2,0,-9.27813
13.3,3.3,0,-9.12262
13.3,3.4,0,-9.12655
13.3,3.5,0,-8.47084
13.3,3.6,0,-8.80374
13.3,3.7,0,-8.58458
13.3,3.8,0,-8.40833
13.3,3.9,0,-8.40822
13.3,4,0,-7.86658
13.3,4.1,0,-8.139
13.3,4.2,0,-7.9679
13.3,4.3,0,-7.82043
13.3,4.4,0,-7.82077
13.3,4.5,0,-7.4052
13.3,4.6,0,-7.62926
13.3,4.7,0,-7.50249
13.3,4.8,0,-7.42046
13.3,4.9,0,-7.39889
13.3,5,0,-7.02728
13.3,5.1,0,-7.17332
13.3,5.2,0,-7.04996
13.3,5.3,0,-6.66951
13.3,5.4,0,-6.73915
13.3,5.5,0,-6.5824
13.3,5.6,0,-6.21587
13.3,5.7,0,-6.2466
13.3,5.8,0,-6.09312
13.3,5.9,0,-5.77219
13.3,6,0,-5.80308
13.3,6.1,0,-5.68006
13.3,6.2,0,-5.4217
13.3,6.3,0,-5.47881
13.3,6.4,0,-5.39757
13.3,6.5,0,-5.20172
13.3,6.6,0,-5.29482
13.3,6.7,0,-5.25951
13.3,6.8,0,-5.12269
13.3,6.9,0,-5.26109
13.3,7,0,-5.27683
13.3,7.1,0,-5.20026
13.3,7.2,0,-5.38707
13.3,7.3,0,-5.4509
13.3,7.4,0,-5.42857
13.3,7.5,0,-5.66126
13.3,7.6,0,-5.7671
13.3,7.7,0,-5.78648
13.3,7.8,0,-6.05742
13.3,7.9,0,-6.17794
13.3,8,0,-6.18126
13.3,8.1,0,-6.46449
13.3,8.2,0,-6.53222
13.3,8.3,0,-6.71045
13.3,8.4,0,-6.79857
13.3,8.5,0,-6.81173
13.3,8.6,0,-6.93995
13.3,8.7,0,-6.85984
13.3,8.8,0,-6.99918
13.3,8.9,0,-6.95679
13.3,9,0,-6.96375
13.3,9.1,0,-6.91439
13.3,9.2,0,-6.81735
13.3,9.3,0,-6.77878
13.3,9.4,0,-6.67197
13.3,9.5,0,-6.60047
13.3,9.6,0,-6.48812
13.3,9.7,0,-6.37565
13.3,9.8,0,-6.23907
13.3,9.9,0,-6.13472
13.3,10,0,-5.96864
13.3,10.1,0,-5.86049
13.3,10.2,0,-5.68077
13.3,10.3,0,-5.53597
13.3,10.4,0,-5.38263
13.3,10.5,0,-5.21786
13.3,10.6,0,-5.05025
13.3,10.7,0,-4.86583
13.3,10.8,0,-4.66033
13.3,10.9,0,-4.45694
13.3,11,0,-4.25389
13.3,11.1,0,-3.98964
13.3,11.2,0,-3.77924
13.3,11.3,0,-3.48976
13.3,11.4,0,-3.25605
13.3,11.5,0,-3.00251
13.3,11.6,0,-2.71611
13.3,11.7,0,-2.49611
13.3,11.8,0,-2.18966
13.3,11.9,0,-1.94322
13.3,12,0,-1.68706
13.3,12.1,0,-1.39985
13.3,12.2,0,-1.15888
13.3,12.3,0,-0.862499
13.3,12.4,0,-0.631513
13.3,12.5,0,-0.393986
13.3,12.6,0,-0.178
13.3,12.7,0,0
13.4,0,0,0
13.4,0.1,0,-0.158811
13.4,0.2,0,-0.331545
13.4,0.3,0,-0.614952
13.4,0.4,0,-0.906925
13.4,0.5,0,-0.956465
13.4,0.6,0,-1.39718
13.4,0.7,0,-1.56488
13.4,0.8,0,-1.91066
13.4,0.9,0,-2.37863
13.4,1,0,-2.42394
13.4,1.1,0,-3.17044
13.4,1.2,0,-3.39959
13.4,1.3,0,-3.89418
13.4,1.4,0,-4.56823
13.4,1.5,0,-4.54117
13.4,1.6,0,-5.58862
13.4,1.7,0,-5.74768
13.4,1.8,0,-6.24319
13.4,1.9,0,-6.98777
13.4,2,0,-6.74295
13.4,2.1,0,-7.89635
13.4,2.2,0,-7.89146
13.4,2.3,0,-8.28019
13.4,2.4,0,-8.97302
13.4,2.5,0,-8.43497
13.4,2.6,0,-9.52711
13.4,2.7,0,-9.27491
13.4,2.8,0,-9.42743
13.4,2.9,0,-9.93637
13.4,3,0,-9.08625
13.4,3.1,0,-9.92611
13.4,3.2,0,-9.4369
13.4,3.3,0,-9.28139
13.4,3.4,0,-9.53859
13.4,3.5,0,-8.61005
13.4,3.6,0,-9.1635
13.4,3.7,0,-8.69777
13.4,3.8,0,-8.52152
13.4,3.9,0,-8.7177
13.4,4,0,-7.94946
13.4,4.1,0,-8.39803
13.4,4.2,0,-8.02428
13.4,4.3,0,-7.8768
13.4,4.4,0,-8.03294
13.4,4.5,0,-7.44446
13.4,4.6,0,-7.81032
13.4,4.7,0,-7.53414
13.4,4.8,0,-7.45211
13.4,4.9,0,-7.57402
13.4,5,0,-7.05967
13.4,5.1,0,-7.28429
13.4,5.2,0,-7.16349
13.4,5.3,0,-6.70806
13.4,5.4,0,-6.84373
13.4,5.5,0,-6.69044
13.4,5.6,0,-6.26274
13.4,5.7,0,-6.3472
13.4,5.8,0,-6.19721
13.4,5.9,0,-5.82743
13.4,6,0,-5.90322
13.4,6.1,0,-5.78407
13.4,6.2,0,-5.48624
13.4,6.3,0,-5.58369
13.4,6.4,0,-5.5074
13.4,6.5,0,-5.27813
13.4,6.6,0,-5.40868
13.4,6.7,0,-5.37897
13.4,6.8,0,-5.21255
13.4,6.9,0,-5.38673
13.4,7,0,-5.40879
13.4,7.1,0,-5.30531
13.4,7.2,0,-5.52799
13.4,7.3,0,-5.59948
13.4,7.4,0,-5.55203
13.4,7.5,0,-5.82172
13.4,7.6,0,-5.93598
13.4,7.7,0,-5.93015
13.4,7.8,0,-6.24496
13.4,7.9,0,-6.3724
13.4,8,0,-6.34154
13.4,8.1,0,-6.7035
13.4,8.2,0,-6.70264
13.4,8.3,0,-6.89209
13.4,8.4,0,-6.99821
13.4,8.5,0,-6.98958
13.4,8.6,0,-7.19691
13.4,8.7,0,-7.04684
13.4,8.8,0,-7.26111
13.4,8.9,0,-7.15864
13.4,9,0,-7.16559
13.4,9.1,0,-7.15662
13.4,9.2,0,-7.04264
13.4,9.3,0,-7.04571
13.4,9.4,0,-6.92734
13.4,9.5,0,-6.87804
13.4,9.6,0,-6.77437
13.4,9.7,0,-6.66189
13.4,9.8,0,-6.53522
13.4,9.9,0,-6.44499
13.4,10,0,-6.26406
13.4,10.1,0,-6.18116
13.4,10.2,0,-5.98446
13.4,10.3,0,-5.85197
13.4,10.4,0,-5.69862
13.4,10.5,0,-5.51804
13.4,10.6,0,-5.34912
13.4,10.7,0,-5.16004
13.4,10.8,0,-4.93359
13.4,10.9,0,-4.73127
13.4,11,0,-4.49548
13.4,11.1,0,-4.23123
13.4,11.2,0,-4.019
13.4,11.3,0,-3.69309
13.4,11.4,0,-3.44839
13.4,11.5,0,-3.16237
13.4,11.6,0,-2.86623
13.4,11.7,0,-2.6116
13.4,11.8,0,-2.30514
13.4,11.9,0,-2.03091
13.4,12,0,-1.76289
13.4,12.1,0,-1.44863
13.4,12.2,0,-1.20424
13.4,12.3,0,-0.898603
13.4,12.4,0,-0.65232
13.4,12.5,0,-0.415711
13.4,12.6,0,-0.171107
13.4,12.7,0,0
13.5,0,0,0
13.5,0.1,0,-0.15862
13.5,0.2,0,-0.335281
13.5,0.3,0,-0.618688
13.5,0.4,0,-0.918628
13.5,0.5,0,-0.962805
13.5,0.6,0,-1.40959
13.5,0.7,0,-1.56929
13.5,0.8,0,-1.91507
13.5,0.9,0,-2.39477
13.5,1,0,-2.43066
13.5,1.1,0,-3.18893
13.5,1.2,0,-3.41081
13.5,1.3,0,-3.9054
13.5,1.4,0,-4.60638
13.5,1.5,0,-4.56394
13.5,1.6,0,-5.63199
13.5,1.7,0,-5.79
13.5,1.8,0,-6.28551
13.5,1.9,0,-7.07684
13.5,2,0,-6.81062
13.5,2.1,0,-7.99099
13.5,2.2,0,-7.98784
13.5,2.3,0,-8.37658
13.5,2.4,0,-9.12374
13.5,2.5,0,-8.55894
13.5,2.6,0,-9.68204
13.5,2.7,0,-9.42217
13.5,2.8,0,-9.57468
13.5,2.9,0,-10.1289
13.5,3,0,-9.2487
13.5,3.1,0,-10.1183
13.5,3.2,0,-9.59567
13.5,3.3,0,-9.44016
13.5,3.4,0,-9.70508
13.5,3.5,0,-8.74925
13.5,3.6,0,-9.32476
13.5,3.7,0,-8.81097
13.5,3.8,0,-8.63471
13.5,3.9,0,-8.82323
13.5,4,0,-8.03233
13.5,4.1,0,-8.49852
13.5,4.2,0,-8.08065
13.5,4.3,0,-7.93318
13.5,4.4,0,-8.08949
13.5,4.5,0,-7.48372
13.5,4.6,0,-7.86377
13.5,4.7,0,-7.56578
13.5,4.8,0,-7.48376
13.5,4.9,0,-7.62069
13.5,5,0,-7.09206
13.5,5.1,0,-7.31668
13.5,5.2,0,-7.20204
13.5,5.3,0,-6.74662
13.5,5.4,0,-6.88228
13.5,5.5,0,-6.73731
13.5,5.6,0,-6.3096
13.5,5.7,0,-6.39406
13.5,5.8,0,-6.25245
13.5,5.9,0,-5.88267
13.5,6,0,-5.95846
13.5,6.1,0,-5.8486
13.5,6.2,0,-5.55077
13.5,6.3,0,-5.64823
13.5,6.4,0,-5.5838
13.5,6.5,0,-5.35453
13.5,6.6,0,-5.48508
13.5,6.7,0,-5.46883
13.5,6.8,0,-5.30242
13.5,6.9,0,-5.47659
13.5,7,0,-5.51384
13.5,7.1,0,-5.41036
13.5,7.2,0,-5.63303
13.5,7.3,0,-5.72294
13.5,7.4,0,-5.67549
13.5,7.5,0,-5.94518
13.5,7.6,0,-6.07964
13.5,7.7,0,-6.07381
13.5,7.8,0,-6.38862
13.5,7.9,0,-6.53267
13.5,8,0,-6.50181
13.5,8.1,0,-6.88723
13.5,8.2,0,-6.87306
13.5,8.3,0,-7.06251
13.5,8.4,0,-7.17606
13.5,8.5,0,-7.16744
13.5,8.6,0,-7.41628
13.5,8.7,0,-7.23383
13.5,8.8,0,-7.45807
13.5,8.9,0,-7.36049
13.5,9,0,-7.36744
13.5,9.1,0,-7.38191
13.5,9.2,0,-7.26794
13.5,9.3,0,-7.30834
13.5,9.4,0,-7.18272
13.5,9.5,0,-7.13342
13.5,9.6,0,-7.06061
13.5,9.7,0,-6.94813
13.5,9.8,0,-6.84548
13.5,9.9,0,-6.75525
13.5,10,0,-6.56534
13.5,10.1,0,-6.50184
13.5,10.2,0,-6.30514
13.5,10.3,0,-6.16797
13.5,10.4,0,-6.01462
13.5,10.5,0,-5.81692
13.5,10.6,0,-5.64799
13.5,10.7,0,-5.45433
13.5,10.8,0,-5.20685
13.5,10.9,0,-5.00453
13.5,11,0,-4.73707
13.5,11.1,0,-4.47283
13.5,11.2,0,-4.22232
13.5,11.3,0,-3.89641
13.5,11.4,0,-3.64481
13.5,11.5,0,-3.32223
13.5,11.6,0,-3.02609
13.5,11.7,0,-2.72709
13.5,11.8,0,-2.42063
13.5,11.9,0,-2.10832
13.5,12,0,-1.83873
13.5,12.1,0,-1.51194
13.5,12.2,0,-1.24961
13.5,12.3,0,-0.943971
13.5,12.4,0,-0.674045
13.5,12.5,0,-0.437435
13.5,12.6,0,-0.169054
13.5,12.7,0,0
13.6,0,0,0
13.6,0.1,0,-0.160597
13.6,0.2,0,-0.339017
13.6,0.3,0,-0.622423
13.6,0.4,0,-0.905285
13.6,0.5,0,-0.969144
13.6,0.6,0,-1.39401
13.6,0.7,0,-1.5737
13.6,0.8,0,-1.91949
13.6,0.9,0,-2.36771
13.6,1,0,-2.43738
13.6,1.1,0,-3.15602
13.6,1.2,0,-3.42203
13.6,1.3,0,-3.91662
13.6,1.4,0,-4.57128
13.6,1.5,0,-4.58671
13.6,1.6,0,-5.5895
13.6,1.7,0,-5.83231
13.6,1.8,0,-6.32782
13.6,1.9,0,-7.06071
13.6,2,0,-6.87829
13.6,2.1,0,-7.97433
13.6,2.2,0,-8.08423
13.6,2.3,0,-8.47296
13.6,2.4,0,-9.14439
13.6,2.5,0,-8.6829
13.6,2.6,0,-9.70576
13.6,2.7,0,-9.56942
13.6,2.8,0,-9.72193
13.6,2.9,0,-10.1808
13.6,3,0,-9.41115
13.6,3.1,0,-10.1754
13.6,3.2,0,-9.75444
13.6,3.3,0,-9.59893
13.6,3.4,0,-9.75564
13.6,3.5,0,-8.88846
13.6,3.6,0,-9.37767
13.6,3.7,0,-8.92416
13.6,3.8,0,-8.7479
13.6,3.9,0,-8.83741
13.6,4,0,-8.11521
13.6,4.1,0,-8.51047
13.6,4.2,0,-8.13703
13.6,4.3,0,-7.98956
13.6,4.4,0,-8.07423
13.6,4.5,0,-7.52298
13.6,4.6,0,-7.85073
13.6,4.7,0,-7.59743
13.6,4.8,0,-7.51541
13.6,4.9,0,-7.60286
13.6,5,0,-7.12445
13.6,5.1,0,-7.34907
13.6,5.2,0,-7.2406
13.6,5.3,0,-6.78517
13.6,5.4,0,-6.92084
13.6,5.5,0,-6.78417
13.6,5.6,0,-6.35647
13.6,5.7,0,-6.44092
13.6,5.8,0,-6.30769
13.6,5.9,0,-5.93792
13.6,6,0,-6.0137
13.6,6.1,0,-5.91314
13.6,6.2,0,-5.61531
13.6,6.3,0,-5.71277
13.6,6.4,0,-5.66021
13.6,6.5,0,-5.43093
13.6,6.6,0,-5.56149
13.6,6.7,0,-5.55869
13.6,6.8,0,-5.39228
13.6,6.9,0,-5.56645
13.6,7,0,-5.61889
13.6,7.1,0,-5.5154
13.6,7.2,0,-5.73808
13.6,7.3,0,-5.8464
13.6,7.4,0,-5.79895
13.6,7.5,0,-6.06864
13.6,7.6,0,-6.22331
13.6,7.7,0,-6.21748
13.6,7.8,0,-6.53229
13.6,7.9,0,-6.69295
13.6,8,0,-6.66208
13.6,8.1,0,-7.00992
13.6,8.2,0,-7.04348
13.6,8.3,0,-7.23293
13.6,8.4,0,-7.35392
13.6,8.5,0,-7.34529
13.6,8.6,0,-7.54689
13.6,8.7,0,-7.42083
13.6,8.8,0,-7.62205
13.6,8.9,0,-7.56233
13.6,9,0,-7.56928
13.6,9.1,0,-7.6072
13.6,9.2,0,-7.49323
13.6,9.3,0,-7.52717
13.6,9.4,0,-7.43809
13.6,9.5,0,-7.39052
13.6,9.6,0,-7.34685
13.6,9.7,0,-7.23438
13.6,9.8,0,-7.15575
13.6,9.9,0,-7.06552
13.6,10,0,-6.90087
13.6,10.1,0,-6.82251
13.6,10.2,0,-6.62669
13.6,10.3,0,-6.48397
13.6,10.4,0,-6.33062
13.6,10.5,0,-6.11661
13.6,10.6,0,-5.94686
13.6,10.7,0,-5.73224
13.6,10.8,0,-5.48011
13.6,10.9,0,-5.27779
13.6,11,0,-4.97866
13.6,11.1,0,-4.71442
13.6,11.2,0,-4.42578
13.6,11.3,0,-4.09973
13.6,11.4,0,-3.81963
13.6,11.5,0,-3.48208
13.6,11.6,0,-3.18595
13.6,11.7,0,-2.84257
13.6,11.8,0,-2.53612
13.6,11.9,0,-2.1948
13.6,12,0,-1.91457
13.6,12.1,0,-1.58535
13.6,12.2,0,-1.29498
13.6,12.3,0,-0.989339
13.6,12.4,0,-0.695769
13.6,12.5,0,-0.45916
13.6,12.6,0,-0.184733
13.6,12.7,0,0
13.7,0,0,0
13.7,0.1,0,-0.166244
13.7,0.2,0,-0.342753
13.7,0.3,0,-0.626159
13.7,0.4,0,-0.85539
13.7,0.5,0,-0.975484
13.7,0.6,0,-1.33769
13.7,0.7,0,-1.57812
13.7,0.8,0,-1.9239
13.7,0.9,0,-2.27789
13.7,1,0,-2.4441
13.7,1.1,0,-3.04952
13.7,1.2,0,-3.43325
13.7,1.3,0,-3.92784
13.7,1.4,0,-4.42871
13.7,1.5,0,-4.60948
13.7,1.6,0,-5.42581
13.7,1.7,0,-5.87463
13.7,1.8,0,-6.37014
13.7,1.9,0,-6.88896
13.7,2,0,-6.94596
13.7,2.1,0,-7.80106
13.7,2.2,0,-8.18061
13.7,2.3,0,-8.56934
13.7,2.4,0,-8.97316
13.7,2.5,0,-8.80686
13.7,2.6,0,-9.54333
13.7,2.7,0,-9.71668
13.7,2.8,0,-9.86919
13.7,2.9,0,-10.0276
13.7,3,0,-9.5736
13.7,3.1,0,-10.0367
13.7,3.2,0,-9.91321
13.7,3.3,0,-9.7577
13.7,3.4,0,-9.64157
13.7,3.5,0,-9.02767
13.7,3.6,0,-9.27031
13.7,3.7,0,-9.03735
13.7,3.8,0,-8.86109
13.7,3.9,0,-8.724
13.7,4,0,-8.19808
13.7,4.1,0,-8.39069
13.7,4.2,0,-8.19341
13.7,4.3,0,-8.04594
13.7,4.4,0,-7.9577
13.7,4.5,0,-7.56225
13.7,4.6,0,-7.74058
13.7,4.7,0,-7.62908
13.7,4.8,0,-7.54705
13.7,4.9,0,-7.49177
13.7,5,0,-7.15684
13.7,5.1,0,-7.27435
13.7,5.2,0,-7.1669
13.7,5.3,0,-6.82372
13.7,5.4,0,-6.87199
13.7,5.5,0,-6.73671
13.7,5.6,0,-6.40333
13.7,5.7,0,-6.41802
13.7,5.8,0,-6.28618
13.7,5.9,0,-5.99316
13.7,6,0,-6.01256
13.7,6.1,0,-5.91354
13.7,6.2,0,-5.67985
13.7,6.3,0,-5.72955
13.7,6.4,0,-5.67897
13.7,6.5,0,-5.50734
13.7,6.6,0,-5.5956
13.7,6.7,0,-5.59505
13.7,6.8,0,-5.48214
13.7,6.9,0,-5.61786
13.7,7,0,-5.67282
13.7,7.1,0,-5.62045
13.7,7.2,0,-5.80723
13.7,7.3,0,-5.91862
13.7,7.4,0,-5.92241
13.7,7.5,0,-6.15608
13.7,7.6,0,-6.31412
13.7,7.7,0,-6.36115
13.7,7.8,0,-6.62712
13.7,7.9,0,-6.79055
13.7,8,0,-6.82236
13.7,8.1,0,-7.1016
13.7,8.2,0,-7.21391
13.7,8.3,0,-7.37555
13.7,8.4,0,-7.48817
13.7,8.5,0,-7.52314
13.7,8.6,0,-7.65478
13.7,8.7,0,-7.60782
13.7,8.8,0,-7.74896
13.7,8.9,0,-7.76418
13.7,9,0,-7.76295
13.7,9.1,0,-7.78966
13.7,9.2,0,-7.71852
13.7,9.3,0,-7.74091
13.7,9.4,0,-7.69347
13.7,9.5,0,-7.65384
13.7,9.6,0,-7.6331
13.7,9.7,0,-7.52203
13.7,9.8,0,-7.46432
13.7,9.9,0,-7.37578
13.7,10,0,-7.23639
13.7,10.1,0,-7.14319
13.7,10.2,0,-6.96383
13.7,10.3,0,-6.79996
13.7,10.4,0,-6.64662
13.7,10.5,0,-6.43097
13.7,10.6,0,-6.24573
13.7,10.7,0,-6.01016
13.7,10.8,0,-5.75337
13.7,10.9,0,-5.52142
13.7,11,0,-5.22015
13.7,11.1,0,-4.95601
13.7,11.2,0,-4.62974
13.7,11.3,0,-4.30305
13.7,11.4,0,-3.99048
13.7,11.5,0,-3.64194
13.7,11.6,0,-3.32859
13.7,11.7,0,-2.96277
13.7,11.8,0,-2.65161
13.7,11.9,0,-2.29844
13.7,12,0,-1.99041
13.7,12.1,0,-1.65778
13.7,12.2,0,-1.34035
13.7,12.3,0,-1.03827
13.7,12.4,0,-0.729314
13.7,12.5,0,-0.480885
13.7,12.6,0,-0.21335
13.7,12.7,0,0
13.8,0,0,0
13.8,0.1,0,-0.171891
13.8,0.2,0,-0.348018
13.8,0.3,0,-0.58699
13.8,0.4,0,-0.805495
13.8,0.5,0,-0.981823
13.8,0.6,0,-1.28138
13.8,0.7,0,-1.53395
13.8,0.8,0,-1.85293
13.8,0.9,0,-2.18808
13.8,1,0,-2.45082
13.8,1.1,0,-2.94302
13.8,1.2,0,-3.35029
13.8,1.3,0,-3.81603
13.8,1.4,0,-4.28614
13.8,1.5,0,-4.63225
13.8,1.6,0,-5.26212
13.8,1.7,0,-5.75214
13.8,1.8,0,-6.2412
13.8,1.9,0,-6.7172
13.8,2,0,-7.01363
13.8,2.1,0,-7.6278
13.8,2.2,0,-8.06127
13.8,2.3,0,-8.45163
13.8,2.4,0,-8.80193
13.8,2.5,0,-8.93083
13.8,2.6,0,-9.3809
13.8,2.7,0,-9.61618
13.8,2.8,0,-9.77608
13.8,2.9,0,-9.87443
13.8,3,0,-9.73604
13.8,3.1,0,-9.89795
13.8,3.2,0,-9.834
13.8,3.3,0,-9.6982
13.8,3.4,0,-9.52751
13.8,3.5,0,-9.16687
13.8,3.6,0,-9.16295
13.8,3.7,0,-8.9741
13.8,3.8,0,-8.793
13.8,3.9,0,-8.61059
13.8,4,0,-8.28096
13.8,4.1,0,-8.2709
13.8,4.2,0,-8.10886
13.8,4.3,0,-7.96399
13.8,4.4,0,-7.84117
13.8,4.5,0,-7.60151
13.8,4.6,0,-7.63043
13.8,4.7,0,-7.54729
13.8,4.8,0,-7.46451
13.8,4.9,0,-7.38068
13.8,5,0,-7.18924
13.8,5.1,0,-7.17819
13.8,5.2,0,-7.07075
13.8,5.3,0,-6.86227
13.8,5.4,0,-6.80565
13.8,5.5,0,-6.67037
13.8,5.6,0,-6.4502
13.8,5.7,0,-6.38115
13.8,5.8,0,-6.24932
13.8,5.9,0,-6.0484
13.8,6,0,-6.00014
13.8,6.1,0,-5.90112
13.8,6.2,0,-5.74439
13.8,6.3,0,-5.73678
13.8,6.4,0,-5.6862
13.8,6.5,0,-5.58374
13.8,6.6,0,-5.62125
13.8,6.7,0,-5.6207
13.8,6.8,0,-5.572
13.8,6.9,0,-5.66157
13.8,7,0,-5.71653
13.8,7.1,0,-5.7255
13.8,7.2,0,-5.8692
13.8,7.3,0,-5.98059
13.8,7.4,0,-6.04587
13.8,7.5,0,-6.23632
13.8,7.6,0,-6.39435
13.8,7.7,0,-6.50481
13.8,7.8,0,-6.71219
13.8,7.9,0,-6.87561
13.8,8,0,-6.98263
13.8,8.1,0,-7.19329
13.8,8.2,0,-7.3525
13.8,8.3,0,-7.47534
13.8,8.4,0,-7.58797
13.8,8.5,0,-7.68425
13.8,8.6,0,-7.76268
13.8,8.7,0,-7.79482
13.8,8.8,0,-7.87588
13.8,8.9,0,-7.92338
13.8,9,0,-7.92903
13.8,9.1,0,-7.95574
13.8,9.2,0,-7.94295
13.8,9.3,0,-7.95465
13.8,9.4,0,-7.94884
13.8,9.5,0,-7.91715
13.8,9.6,0,-7.90251
13.8,9.7,0,-7.83039
13.8,9.8,0,-7.77268
13.8,9.9,0,-7.68604
13.8,10,0,-7.57191
13.8,10.1,0,-7.46386
13.8,10.2,0,-7.30097
13.8,10.3,0,-7.13497
13.8,10.4,0,-6.96115
13.8,10.5,0,-6.74534
13.8,10.6,0,-6.5446
13.8,10.7,0,-6.28808
13.8,10.8,0,-6.02663
13.8,10.9,0,-5.76132
13.8,11,0,-5.46005
13.8,11.1,0,-5.16998
13.8,11.2,0,-4.8337
13.8,11.3,0,-4.50637
13.8,11.4,0,-4.16132
13.8,11.5,0,-3.80262
13.8,11.6,0,-3.46466
13.8,11.7,0,-3.09883
13.8,11.8,0,-2.76035
13.8,11.9,0,-2.40208
13.8,12,0,-2.06624
13.8,12.1,0,-1.73021
13.8,12.2,0,-1.39219
13.8,12.3,0,-1.09003
13.8,12.4,0,-0.781067
13.8,12.5,0,-0.505395
13.8,12.6,0,-0.241966
13.8,12.7,0,0
13.9,0,0,0
13.9,0.1,0,-0.167678
13.9,0.2,0,-0.343804
13.9,0.3,0,-0.54012
13.9,0.4,0,-0.758625
13.9,0.5,0,-0.97278
13.9,0.6,0,-1.21655
13.9,0.7,0,-1.46912
13.9,0.8,0,-1.75832
13.9,0.9,0,-2.09346
13.9,1,0,-2.42778
13.9,1.1,0,-2.82968
13.9,1.2,0,-3.23695
13.9,1.3,0,-3.67016
13.9,1.4,0,-4.14027
13.9,1.5,0,-4.60169
13.9,1.6,0,-5.09852
13.9,1.7,0,-5.58854
13.9,1.8,0,-6.07161
13.9,1.9,0,-6.54761
13.9,2,0,-6.9975
13.9,2.1,0,-7.45922
13.9,2.2,0,-7.8927
13.9,2.3,0,-8.28913
13.9,2.4,0,-8.63942
13.9,2.5,0,-8.94024
13.9,2.6,0,-9.22829
13.9,2.7,0,-9.46357
13.9,2.8,0,-9.63514
13.9,2.9,0,-9.73349
13.9,3,0,-9.76511
13.9,3.1,0,-9.77317
13.9,3.2,0,-9.70922
13.9,3.3,0,-9.58744
13.9,3.4,0,-9.41675
13.9,3.5,0,-9.18247
13.9,3.6,0,-9.05521
13.9,3.7,0,-8.86636
13.9,3.8,0,-8.67892
13.9,3.9,0,-8.49651
13.9,4,0,-8.2646
13.9,4.1,0,-8.1485
13.9,4.2,0,-7.98646
13.9,4.3,0,-7.84375
13.9,4.4,0,-7.72093
13.9,4.5,0,-7.56498
13.9,4.6,0,-7.51759
13.9,4.7,0,-7.43445
13.9,4.8,0,-7.35622
13.9,4.9,0,-7.27239
13.9,5,0,-7.15895
13.9,5.1,0,-7.08638
13.9,5.2,0,-6.97893
13.9,5.3,0,-6.84419
13.9,5.4,0,-6.74037
13.9,5.5,0,-6.60509
13.9,5.6,0,-6.44666
13.9,5.7,0,-6.34258
13.9,5.8,0,-6.21074
13.9,5.9,0,-6.05887
13.9,6,0,-5.98308
13.9,6.1,0,-5.88406
13.9,6.2,0,-5.76863
13.9,6.3,0,-5.73928
13.9,6.4,0,-5.6887
13.9,6.5,0,-5.62295
13.9,6.6,0,-5.64196
13.9,6.7,0,-5.64141
13.9,6.8,0,-5.62642
13.9,6.9,0,-5.69949
13.9,7,0,-5.75445
13.9,7.1,0,-5.79561
13.9,7.2,0,-5.92604
13.9,7.3,0,-6.03744
13.9,7.4,0,-6.13369
13.9,7.5,0,-6.31265
13.9,7.6,0,-6.47069
13.9,7.7,0,-6.61138
13.9,7.8,0,-6.80011
13.9,7.9,0,-6.96353
13.9,8,0,-7.10407
13.9,8.1,0,-7.2893
13.9,8.2,0,-7.44852
13.9,8.3,0,-7.57786
13.9,8.4,0,-7.69048
13.9,8.5,0,-7.7946
13.9,8.6,0,-7.87303
13.9,8.7,0,-7.94429
13.9,8.8,0,-8.00502
13.9,8.9,0,-8.05252
13.9,9,0,-8.09603
13.9,9.1,0,-8.12274
13.9,9.2,0,-8.15805
13.9,9.3,0,-8.16974
13.9,9.4,0,-8.18143
13.9,9.5,0,-8.1831
13.9,9.6,0,-8.16846
13.9,9.7,0,-8.14264
13.9,9.8,0,-8.08493
13.9,9.9,0,-8.0236
13.9,10,0,-7.91175
13.9,10.1,0,-7.79991
13.9,10.2,0,-7.64202
13.9,10.3,0,-7.47601
13.9,10.4,0,-7.27916
13.9,10.5,0,-7.06335
13.9,10.6,0,-6.8312
13.9,10.7,0,-6.56933
13.9,10.8,0,-6.30745
13.9,10.9,0,-6.00387
13.9,11,0,-5.7026
13.9,11.1,0,-5.37661
13.9,11.2,0,-5.04033
13.9,11.3,0,-4.6916
13.9,11.4,0,-4.3329
13.9,11.5,0,-3.9742
13.9,11.6,0,-3.60107
13.9,11.7,0,-3.23524
13.9,11.8,0,-2.8625
13.9,11.9,0,-2.50423
13.9,12,0,-2.13562
13.9,12.1,0,-1.80107
13.9,12.2,0,-1.46305
13.9,12.3,0,-1.13895
13.9,12.4,0,-0.829992
13.9,12.5,0,-0.529937
13.9,12.6,0,-0.266508
13.9,12.7,0,0
14,0,0,0
14,0.1,0,-0.133883
14,0.2,0,-0.31001
14,0.3,0,-0.502326
14,0.4,0,-0.720831
14,0.5,0,-0.91759
14,0.6,0,-1.12616
14,0.7,0,-1.37872
14,0.8,0,-1.6493
14,0.9,0,-1.98445
14,1,0,-2.31543
14,1.1,0,-2.69584
14,1.2,0,-3.10311
14,1.3,0,-3.51439
14,1.4,0,-3.9845
14,1.5,0,-4.41112
14,1.6,0,-4.93519
14,1.7,0,-5.42521
14,1.8,0,-5.90854
14,1.9,0,-6.38454
14,2,0,-6.72998
14,2.1,0,-7.30471
14,2.2,0,-7.73818
14,2.3,0,-8.15281
14,2.4,0,-8.5031
14,2.5,0,-8.60602
14,2.6,0,-9.10515
14,2.7,0,-9.34043
14,2.8,0,-9.53098
14,2.9,0,-9.62933
14,3,0,-9.39401
14,3.1,0,-9.69013
14,3.2,0,-9.62618
14,3.3,0,-9.48658
14,3.4,0,-9.31589
14,3.5,0,-8.82726
14,3.6,0,-8.94637
14,3.7,0,-8.75752
14,3.8,0,-8.56284
14,3.9,0,-8.38043
14,4,0,-7.95053
14,4.1,0,-8.01825
14,4.2,0,-7.85621
14,4.3,0,-7.71239
14,4.4,0,-7.58957
14,4.5,0,-7.30108
14,4.6,0,-7.39667
14,4.7,0,-7.31353
14,4.8,0,-7.25634
14,4.9,0,-7.17251
14,5,0,-6.94063
14,5.1,0,-7.00758
14,5.2,0,-6.90013
14,5.3,0,-6.65623
14,5.4,0,-6.67824
14,5.5,0,-6.54296
14,5.6,0,-6.29191
14,5.7,0,-6.29885
14,5.8,0,-6.16702
14,5.9,0,-5.93501
14,6,0,-5.9521
14,6.1,0,-5.85309
14,6.2,0,-5.67201
14,6.3,0,-5.72757
14,6.4,0,-5.67699
14,6.5,0,-5.55057
14,6.6,0,-5.64783
14,6.7,0,-5.64728
14,6.8,0,-5.57453
14,6.9,0,-5.72001
14,7,0,-5.77497
14,7.1,0,-5.76092
14,7.2,0,-5.96751
14,7.3,0,-6.0789
14,7.4,0,-6.11459
14,7.5,0,-6.37729
14,7.6,0,-6.53532
14,7.7,0,-6.60667
14,7.8,0,-6.8966
14,7.9,0,-7.06003
14,8,0,-7.10901
14,8.1,0,-7.39834
14,8.2,0,-7.5481
14,8.3,0,-7.68856
14,8.4,0,-7.80118
14,8.5,0,-7.88647
14,8.6,0,-7.99076
14,8.7,0,-7.97782
14,8.8,0,-8.14085
14,8.9,0,-8.18835
14,9,0,-8.26579
14,9.1,0,-8.29251
14,9.2,0,-8.32429
14,9.3,0,-8.3889
14,9.4,0,-8.3277
14,9.5,0,-8.45696
14,9.6,0,-8.44231
14,9.7,0,-8.46658
14,9.8,0,-8.40886
14,9.9,0,-8.29837
14,10,0,-8.26453
14,10.1,0,-8.06372
14,10.2,0,-7.99475
14,10.3,0,-7.82875
14,10.4,0,-7.60814
14,10.5,0,-7.39233
14,10.6,0,-7.05954
14,10.7,0,-6.86057
14,10.8,0,-6.5307
14,10.9,0,-6.25434
14,11,0,-5.95307
14,11.1,0,-5.59123
14,11.2,0,-5.25496
14,11.3,0,-4.80082
14,11.4,0,-4.50668
14,11.5,0,-4.10403
14,11.6,0,-3.73852
14,11.7,0,-3.37269
14,11.8,0,-2.96017
14,11.9,0,-2.60191
14,12,0,-2.16094
14,12.1,0,-1.86719
14,12.2,0,-1.51608
14,12.3,0,-1.17939
14,12.4,0,-0.870435
14,12.5,0,-0.541844
14,12.6,0,-0.278823
14,12.7,0,0
14.1,0,0,0
14.1,0.1,0,-0.100088
14.1,0.2,0,-0.27973
14.1,0.3,0,-0.470847
14.1,0.4,0,-0.683037
14.1,0.5,0,-0.8624
14.1,0.6,0,-1.03577
14.1,0.7,0,-1.29508
14.1,0.8,0,-1.56007
14.1,0.9,0,-1.87543
14.1,1,0,-2.20308
14.1,1.1,0,-2.562
14.1,1.2,0,-2.95845
14.1,1.3,0,-3.36314
14.1,1.4,0,-3.82873
14.1,1.5,0,-4.22056
14.1,1.6,0,-4.77186
14.1,1.7,0,-5.21524
14.1,1.8,0,-5.69865
14.1,1.9,0,-6.22147
14.1,2,0,-6.46245
14.1,2.1,0,-7.1502
14.1,2.2,0,-7.47971
14.1,2.3,0,-7.89979
14.1,2.4,0,-8.36678
14.1,2.5,0,-8.2718
14.1,2.6,0,-8.98201
14.1,2.7,0,-9.05254
14.1,2.8,0,-9.24879
14.1,2.9,0,-9.52518
14.1,3,0,-9.02292
14.1,3.1,0,-9.6071
14.1,3.2,0,-9.34338
14.1,3.3,0,-9.19842
14.1,3.4,0,-9.21502
14.1,3.5,0,-8.47206
14.1,3.6,0,-8.83752
14.1,3.7,0,-8.48907
14.1,3.8,0,-8.29222
14.1,3.9,0,-8.26435
14.1,4,0,-7.63647
14.1,4.1,0,-7.888
14.1,4.2,0,-7.61515
14.1,4.3,0,-7.47101
14.1,4.4,0,-7.45821
14.1,4.5,0,-7.03719
14.1,4.6,0,-7.27575
14.1,4.7,0,-7.10779
14.1,4.8,0,-7.05692
14.1,4.9,0,-7.07263
14.1,5,0,-6.72231
14.1,5.1,0,-6.92878
14.1,5.2,0,-6.82133
14.1,5.3,0,-6.46826
14.1,5.4,0,-6.6161
14.1,5.5,0,-6.48082
14.1,5.6,0,-6.13715
14.1,5.7,0,-6.25513
14.1,5.8,0,-6.12329
14.1,5.9,0,-5.81115
14.1,6,0,-5.92113
14.1,6.1,0,-5.82211
14.1,6.2,0,-5.57538
14.1,6.3,0,-5.71585
14.1,6.4,0,-5.66527
14.1,6.5,0,-5.4782
14.1,6.6,0,-5.65369
14.1,6.7,0,-5.65314
14.1,6.8,0,-5.52264
14.1,6.9,0,-5.74054
14.1,7,0,-5.7955
14.1,7.1,0,-5.72622
14.1,7.2,0,-6.00898
14.1,7.3,0,-6.12037
14.1,7.4,0,-6.09549
14.1,7.5,0,-6.44192
14.1,7.6,0,-6.59995
14.1,7.7,0,-6.60197
14.1,7.8,0,-6.9931
14.1,7.9,0,-7.15652
14.1,8,0,-7.11395
14.1,8.1,0,-7.50737
14.1,8.2,0,-7.55846
14.1,8.3,0,-7.78858
14.1,8.4,0,-7.91187
14.1,8.5,0,-7.90499
14.1,8.6,0,-8.10848
14.1,8.7,0,-8.01136
14.1,8.8,0,-8.27669
14.1,8.9,0,-8.25223
14.1,9,0,-8.40539
14.1,9.1,0,-8.46227
14.1,9.2,0,-8.41909
14.1,9.3,0,-8.60806
14.1,9.4,0,-8.46766
14.1,9.5,0,-8.73082
14.1,9.6,0,-8.649
14.1,9.7,0,-8.73041
14.1,9.8,0,-8.73279
14.1,9.9,0,-8.51902
14.1,10,0,-8.6173
14.1,10.1,0,-8.29872
14.1,10.2,0,-8.34749
14.1,10.3,0,-8.1073
14.1,10.4,0,-7.87722
14.1,10.5,0,-7.72131
14.1,10.6,0,-7.2675
14.1,10.7,0,-7.15181
14.1,10.8,0,-6.70679
14.1,10.9,0,-6.50481
14.1,11,0,-6.15523
14.1,11.1,0,-5.74848
14.1,11.2,0,-5.46958
14.1,11.3,0,-4.90444
14.1,11.4,0,-4.68046
14.1,11.5,0,-4.17453
14.1,11.6,0,-3.87596
14.1,11.7,0,-3.48463
14.1,11.8,0,-3.00733
14.1,11.9,0,-2.69958
14.1,12,0,-2.18627
14.1,12.1,0,-1.93331
14.1,12.2,0,-1.53198
14.1,12.3,0,-1.21984
14.1,12.4,0,-0.907432
14.1,12.5,0,-0.549902
14.1,12.6,0,-0.291138
14.1,12.7,0,0
14.2,0,0,0
14.2,0.1,0,-0.0713627
14.2,0.2,0,-0.250957
14.2,0.3,0,-0.442074
14.2,0.4,0,-0.642634
14.2,0.5,0,-0.807209
14.2,0.6,0,-0.950657
14.2,0.7,0,-1.21432
14.2,0.8,0,-1.47931
14.2,0.9,0,-1.76592
14.2,1,0,-2.09074
14.2,1.1,0,-2.43138
14.2,1.2,0,-2.80914
14.2,1.3,0,-3.21384
14.2,1.4,0,-3.66774
14.2,1.5,0,-4.02999
14.2,1.6,0,-4.60444
14.2,1.7,0,-4.98527
14.2,1.8,0,-5.46868
14.2,1.9,0,-6.04273
14.2,2,0,-6.19493
14.2,2.1,0,-6.97873
14.2,2.2,0,-7.17668
14.2,2.3,0,-7.59677
14.2,2.4,0,-8.20078
14.2,2.5,0,-7.93758
14.2,2.6,0,-8.82721
14.2,2.7,0,-8.69404
14.2,2.8,0,-8.89029
14.2,2.9,0,-9.38098
14.2,3,0,-8.65182
14.2,3.1,0,-9.48086
14.2,3.2,0,-8.97495
14.2,3.3,0,-8.83
14.2,3.4,0,-9.07601
14.2,3.5,0,-8.11685
14.2,3.6,0,-8.69173
14.2,3.7,0,-8.15221
14.2,3.8,0,-7.95536
14.2,3.9,0,-8.11857
14.2,4,0,-7.32241
14.2,4.1,0,-7.73017
14.2,4.2,0,-7.32662
14.2,4.3,0,-7.18247
14.2,4.4,0,-7.30697
14.2,4.5,0,-6.77329
14.2,4.6,0,-7.13338
14.2,4.7,0,-6.8657
14.2,4.8,0,-6.81483
14.2,4.9,0,-6.95499
14.2,5,0,-6.50399
14.2,5.1,0,-6.75697
14.2,5.2,0,-6.66976
14.2,5.3,0,-6.28029
14.2,5.4,0,-6.47008
14.2,5.5,0,-6.35694
14.2,5.6,0,-5.9824
14.2,5.7,0,-6.13739
14.2,5.8,0,-6.02615
14.2,5.9,0,-5.6873
14.2,6,0,-5.82823
14.2,6.1,0,-5.74737
14.2,6.2,0,-5.47876
14.2,6.3,0,-5.64753
14.2,6.4,0,-5.61312
14.2,6.5,0,-5.40582
14.2,6.6,0,-5.6074
14.2,6.7,0,-5.6205
14.2,6.8,0,-5.47075
14.2,6.9,0,-5.71279
14.2,7,0,-5.77921
14.2,7.1,0,-5.69153
14.2,7.2,0,-5.99967
14.2,7.3,0,-6.12146
14.2,7.4,0,-6.07638
14.2,7.5,0,-6.45073
14.2,7.6,0,-6.61835
14.2,7.7,0,-6.59726
14.2,7.8,0,-7.02212
14.2,7.9,0,-7.19198
14.2,8,0,-7.11889
14.2,8.1,0,-7.6164
14.2,8.2,0,-7.56883
14.2,8.3,0,-7.79894
14.2,8.4,0,-7.93578
14.2,8.5,0,-7.9235
14.2,8.6,0,-8.22621
14.2,8.7,0,-8.0449
14.2,8.8,0,-8.40055
14.2,8.9,0,-8.31077
14.2,9,0,-8.46392
14.2,9.1,0,-8.57382
14.2,9.2,0,-8.51388
14.2,9.3,0,-8.82722
14.2,9.4,0,-8.60761
14.2,9.5,0,-8.96692
14.2,9.6,0,-8.83515
14.2,9.7,0,-8.91657
14.2,9.8,0,-8.99355
14.2,9.9,0,-8.73968
14.2,10,0,-8.97008
14.2,10.1,0,-8.53373
14.2,10.2,0,-8.64762
14.2,10.3,0,-8.33663
14.2,10.4,0,-8.10654
14.2,10.5,0,-7.99621
14.2,10.6,0,-7.47546
14.2,10.7,0,-7.44305
14.2,10.8,0,-6.88287
14.2,10.9,0,-6.70978
14.2,11,0,-6.29494
14.2,11.1,0,-5.88819
14.2,11.2,0,-5.65291
14.2,11.3,0,-5.00807
14.2,11.4,0,-4.85424
14.2,11.5,0,-4.24503
14.2,11.6,0,-3.96142
14.2,11.7,0,-3.52804
14.2,11.8,0,-3.05074
14.2,11.9,0,-2.78879
14.2,12,0,-2.21159
14.2,12.1,0,-1.99943
14.2,12.2,0,-1.54789
14.2,12.3,0,-1.23718
14.2,12.4,0,-0.91549
14.2,12.5,0,-0.557961
14.2,12.6,0,-0.303454
14.2,12.7,0,0
14.3,0,0,0
14.3,0.1,0,-0.0713627
14.3,0.2,0,-0.222183
14.3,0.3,0,-0.4133
14.3,0.4,0,-0.587444
14.3,0.5,0,-0.752019
14.3,0.6,0,-0.895467
14.3,0.7,0,-1.13356
14.3,0.8,0,-1.39855
14.3,0.9,0,-1.65357
14.3,1,0,-1.97839
14.3,1.1,0,-2.31904
14.3,1.2,0,-2.65984
14.3,1.3,0,-3.06453
14.3,1.4,0,-3.47717
14.3,1.5,0,-3.83942
14.3,1.6,0,-4.41387
14.3,1.7,0,-4.75531
14.3,1.8,0,-5.23872
14.3,1.9,0,-5.77521
14.3,2,0,-5.92741
14.3,2.1,0,-6.71121
14.3,2.2,0,-6.87366
14.3,2.3,0,-7.29374
14.3,2.4,0,-7.86656
14.3,2.5,0,-7.60336
14.3,2.6,0,-8.49299
14.3,2.7,0,-8.33555
14.3,2.8,0,-8.53179
14.3,2.9,0,-9.00989
14.3,3,0,-8.28073
14.3,3.1,0,-9.10976
14.3,3.2,0,-8.60653
14.3,3.3,0,-8.46157
14.3,3.4,0,-8.7208
14.3,3.5,0,-7.76164
14.3,3.6,0,-8.33652
14.3,3.7,0,-7.81536
14.3,3.8,0,-7.61851
14.3,3.9,0,-7.80451
14.3,4,0,-7.00834
14.3,4.1,0,-7.41611
14.3,4.2,0,-7.03808
14.3,4.3,0,-6.89393
14.3,4.4,0,-7.04307
14.3,4.5,0,-6.50939
14.3,4.6,0,-6.86949
14.3,4.7,0,-6.62361
14.3,4.8,0,-6.57274
14.3,4.9,0,-6.73667
14.3,5,0,-6.28567
14.3,5.1,0,-6.53865
14.3,5.2,0,-6.48179
14.3,5.3,0,-6.09233
14.3,5.4,0,-6.28211
14.3,5.5,0,-6.20219
14.3,5.6,0,-5.82765
14.3,5.7,0,-5.98264
14.3,5.8,0,-5.90229
14.3,5.9,0,-5.56344
14.3,6,0,-5.70438
14.3,6.1,0,-5.65075
14.3,6.2,0,-5.38213
14.3,6.3,0,-5.55091
14.3,6.4,0,-5.54074
14.3,6.5,0,-5.33344
14.3,6.6,0,-5.53502
14.3,6.7,0,-5.56861
14.3,6.8,0,-5.41886
14.3,6.9,0,-5.6609
14.3,7,0,-5.74452
14.3,7.1,0,-5.65684
14.3,7.2,0,-5.96498
14.3,7.3,0,-6.10236
14.3,7.4,0,-6.05728
14.3,7.5,0,-6.43163
14.3,7.6,0,-6.61365
14.3,7.7,0,-6.59255
14.3,7.8,0,-7.01741
14.3,7.9,0,-7.19692
14.3,8,0,-7.12383
14.3,8.1,0,-7.62633
14.3,8.2,0,-7.57919
14.3,8.3,0,-7.8093
14.3,8.4,0,-7.9543
14.3,8.5,0,-7.94202
14.3,8.6,0,-8.27766
14.3,8.7,0,-8.07844
14.3,8.8,0,-8.43409
14.3,8.9,0,-8.3693
14.3,9,0,-8.52246
14.3,9.1,0,-8.66862
14.3,9.2,0,-8.60868
14.3,9.3,0,-8.98121
14.3,9.4,0,-8.74756
14.3,9.5,0,-9.10688
14.3,9.6,0,-9.02131
14.3,9.7,0,-9.10272
14.3,9.8,0,-9.21421
14.3,9.9,0,-8.96033
14.3,10,0,-9.23033
14.3,10.1,0,-8.76873
14.3,10.2,0,-8.88262
14.3,10.3,0,-8.56595
14.3,10.4,0,-8.33586
14.3,10.5,0,-8.20417
14.3,10.6,0,-7.68342
14.3,10.7,0,-7.66251
14.3,10.8,0,-7.05896
14.3,10.9,0,-6.88586
14.3,11,0,-6.43466
14.3,11.1,0,-6.0279
14.3,11.2,0,-5.75653
14.3,11.3,0,-5.11169
14.3,11.4,0,-4.97117
14.3,11.5,0,-4.31553
14.3,11.6,0,-4.03192
14.3,11.7,0,-3.57145
14.3,11.8,0,-3.09415
14.3,11.9,0,-2.81411
14.3,12,0,-2.23692
14.3,12.1,0,-2.03343
14.3,12.2,0,-1.56379
14.3,12.3,0,-1.25308
14.3,12.4,0,-0.923548
14.3,12.5,0,-0.566019
14.3,12.6,0,-0.304043
14.3,12.7,0,0
14.4,0,0,0
14.4,0.1,0,-0.0743756
14.4,0.2,0,-0.19341
14.4,0.3,0,-0.384527
14.4,0.4,0,-0.537666
14.4,0.5,0,-0.696829
14.4,0.6,0,-0.846056
14.4,0.7,0,-1.0528
14.4,0.8,0,-1.31779
14.4,0.9,0,-1.55818
14.4,1,0,-1.86604
14.4,1.1,0,-2.19741
14.4,1.2,0,-2.51053
14.4,1.3,0,-2.91523
14.4,1.4,0,-3.29048
14.4,1.5,0,-3.64886
14.4,1.6,0,-4.18333
14.4,1.7,0,-4.52535
14.4,1.8,0,-5.00876
14.4,1.9,0,-5.46755
14.4,2,0,-5.65989
14.4,2.1,0,-6.35458
14.4,2.2,0,-6.57063
14.4,2.3,0,-6.99071
14.4,2.4,0,-7.43231
14.4,2.5,0,-7.26914
14.4,2.6,0,-8.01755
14.4,2.7,0,-7.97705
14.4,2.8,0,-8.17329
14.4,2.9,0,-8.48619
14.4,3,0,-7.90964
14.4,3.1,0,-8.56743
14.4,3.2,0,-8.23811
14.4,3.3,0,-8.09315
14.4,3.4,0,-8.20505
14.4,3.5,0,-7.40643
14.4,3.6,0,-7.8445
14.4,3.7,0,-7.4785
14.4,3.8,0,-7.28165
14.4,3.9,0,-7.35798
14.4,4,0,-6.69428
14.4,4.1,0,-7.00707
14.4,4.2,0,-6.74955
14.4,4.3,0,-6.6054
14.4,4.4,0,-6.68487
14.4,4.5,0,-6.2455
14.4,4.6,0,-6.53289
14.4,4.7,0,-6.38153
14.4,4.8,0,-6.33065
14.4,4.9,0,-6.43302
14.4,5,0,-6.06735
14.4,5.1,0,-6.31123
14.4,5.2,0,-6.2822
14.4,5.3,0,-5.90436
14.4,5.4,0,-6.08643
14.4,5.5,0,-6.03695
14.4,5.6,0,-5.6729
14.4,5.7,0,-5.82121
14.4,5.8,0,-5.76918
14.4,5.9,0,-5.43958
14.4,6,0,-5.57505
14.4,6.1,0,-5.54638
14.4,6.2,0,-5.2855
14.4,6.3,0,-5.44923
14.4,6.4,0,-5.46129
14.4,6.5,0,-5.26107
14.4,6.6,0,-5.45783
14.4,6.7,0,-5.5102
14.4,6.8,0,-5.36697
14.4,6.9,0,-5.6044
14.4,7,0,-5.70379
14.4,7.1,0,-5.62215
14.4,7.2,0,-5.92524
14.4,7.3,0,-6.07691
14.4,7.4,0,-6.03818
14.4,7.5,0,-6.40675
14.4,7.6,0,-6.60196
14.4,7.7,0,-6.58784
14.4,7.8,0,-7.00507
14.4,7.9,0,-7.19342
14.4,8,0,-7.12877
14.4,8.1,0,-7.55254
14.4,8.2,0,-7.58955
14.4,8.3,0,-7.81966
14.4,8.4,0,-7.97281
14.4,8.5,0,-7.96053
14.4,8.6,0,-8.21568
14.4,8.7,0,-8.11198
14.4,8.8,0,-8.4187
14.4,8.9,0,-8.42783
14.4,9,0,-8.58099
14.4,9.1,0,-8.76342
14.4,9.2,0,-8.70348
14.4,9.3,0,-8.9968
14.4,9.4,0,-8.88751
14.4,9.5,0,-9.20578
14.4,9.6,0,-9.20746
14.4,9.7,0,-9.28888
14.4,9.8,0,-9.41581
14.4,9.9,0,-9.18098
14.4,10,0,-9.33321
14.4,10.1,0,-9.00373
14.4,10.2,0,-9.0802
14.4,10.3,0,-8.79527
14.4,10.4,0,-8.56519
14.4,10.5,0,-8.38192
14.4,10.6,0,-7.89138
14.4,10.7,0,-7.75531
14.4,10.8,0,-7.23504
14.4,10.9,0,-7.04663
14.4,11,0,-6.57437
14.4,11.1,0,-6.16762
14.4,11.2,0,-5.82509
14.4,11.3,0,-5.21532
14.4,11.4,0,-4.97152
14.4,11.5,0,-4.38603
14.4,11.6,0,-4.10242
14.4,11.7,0,-3.61486
14.4,11.8,0,-3.13756
14.4,11.9,0,-2.80509
14.4,12,0,-2.26224
14.4,12.1,0,-2.01041
14.4,12.2,0,-1.5797
14.4,12.3,0,-1.26899
14.4,12.4,0,-0.931606
14.4,12.5,0,-0.574077
14.4,12.6,0,-0.300647
14.4,12.7,0,0
14.5,0,0,0
14.5,0.1,0,-0.0793971
14.5,0.2,0,-0.166326
14.5,0.3,0,-0.354884
14.5,0.4,0,-0.491496
14.5,0.5,0,-0.641638
14.5,0.6,0,-0.800498
14.5,0.7,0,-0.973807
14.5,0.8,0,-1.23687
14.5,0.9,0,-1.47409
14.5,1,0,-1.7537
14.5,1.1,0,-2.0696
14.5,1.2,0,-2.3623
14.5,1.3,0,-2.76418
14.5,1.4,0,-3.10639
14.5,1.5,0,-3.45829
14.5,1.6,0,-3.92613
14.5,1.7,0,-4.29402
14.5,1.8,0,-4.77357
14.5,1.9,0,-5.13314
14.5,2,0,-5.39237
14.5,2.1,0,-5.93854
14.5,2.2,0,-6.26195
14.5,2.3,0,-6.67779
14.5,2.4,0,-6.93138
14.5,2.5,0,-6.93492
14.5,2.6,0,-7.44798
14.5,2.7,0,-7.608
14.5,2.8,0,-7.80145
14.5,2.9,0,-7.86075
14.5,3,0,-7.53854
14.5,3.1,0,-7.91095
14.5,3.2,0,-7.85528
14.5,3.3,0,-7.71201
14.5,3.4,0,-7.58229
14.5,3.5,0,-7.05122
14.5,3.6,0,-7.26128
14.5,3.7,0,-7.12933
14.5,3.8,0,-6.9349
14.5,3.9,0,-6.82314
14.5,4,0,-6.38022
14.5,4.1,0,-6.53473
14.5,4.2,0,-6.45182
14.5,4.3,0,-6.31023
14.5,4.4,0,-6.2638
14.5,4.5,0,-5.9816
14.5,4.6,0,-6.14782
14.5,4.7,0,-6.13229
14.5,4.8,0,-6.08264
14.5,4.9,0,-6.07249
14.5,5,0,-5.84902
14.5,5.1,0,-5.98374
14.5,5.2,0,-5.95471
14.5,5.3,0,-5.71639
14.5,5.4,0,-5.80584
14.5,5.5,0,-5.75637
14.5,5.6,0,-5.51815
14.5,5.7,0,-5.58632
14.5,5.8,0,-5.53429
14.5,5.9,0,-5.31572
14.5,6,0,-5.38554
14.5,6.1,0,-5.35687
14.5,6.2,0,-5.18888
14.5,6.3,0,-5.29194
14.5,6.4,0,-5.304
14.5,6.5,0,-5.18869
14.5,6.6,0,-5.3277
14.5,6.7,0,-5.38007
14.5,6.8,0,-5.31508
14.5,6.9,0,-5.4973
14.5,7,0,-5.59669
14.5,7.1,0,-5.58746
14.5,7.2,0,-5.82998
14.5,7.3,0,-5.98165
14.5,7.4,0,-6.01908
14.5,7.5,0,-6.3183
14.5,7.6,0,-6.51352
14.5,7.7,0,-6.58313
14.5,7.8,0,-6.90881
14.5,7.9,0,-7.09716
14.5,8,0,-7.13371
14.5,8.1,0,-7.45881
14.5,8.2,0,-7.59991
14.5,8.3,0,-7.7707
14.5,8.4,0,-7.91021
14.5,8.5,0,-7.97905
14.5,8.6,0,-8.15001
14.5,8.7,0,-8.14552
14.5,8.8,0,-8.37494
14.5,8.9,0,-8.48637
14.5,9,0,-8.60364
14.5,9.1,0,-8.74994
14.5,9.2,0,-8.79828
14.5,9.3,0,-9.01239
14.5,9.4,0,-9.02746
14.5,9.5,0,-9.25802
14.5,9.6,0,-9.39361
14.5,9.7,0,-9.44262
14.5,9.8,0,-9.49868
14.5,9.9,0,-9.40164
14.5,10,0,-9.43609
14.5,10.1,0,-9.23873
14.5,10.2,0,-9.19179
14.5,10.3,0,-9.00706
14.5,10.4,0,-8.77649
14.5,10.5,0,-8.49023
14.5,10.6,0,-8.09934
14.5,10.7,0,-7.84811
14.5,10.8,0,-7.41113
14.5,10.9,0,-7.11196
14.5,11,0,-6.69074
14.5,11.1,0,-6.30733
14.5,11.2,0,-5.85381
14.5,11.3,0,-5.31894
14.5,11.4,0,-4.97186
14.5,11.5,0,-4.45653
14.5,11.6,0,-4.08138
14.5,11.7,0,-3.62622
14.5,11.8,0,-3.18097
14.5,11.9,0,-2.77615
14.5,12,0,-2.28756
14.5,12.1,0,-1.98552
14.5,12.2,0,-1.5956
14.5,12.3,0,-1.25871
14.5,12.4,0,-0.923871
14.5,12.5,0,-0.582135
14.5,12.6,0,-0.296389
14.5,12.7,0,0
14.6,0,0,0
14.6,0.1,0,-0.0844185
14.6,0.2,0,-0.171348
14.6,0.3,0,-0.308714
14.6,0.4,0,-0.445326
14.6,0.5,0,-0.586448
14.6,0.6,0,-0.754941
14.6,0.7,0,-0.92825
14.6,0.8,0,-1.15278
14.6,0.9,0,-1.39
14.6,1,0,-1.64135
14.6,1.1,0,-1.94179
14.6,1.2,0,-2.23449
14.6,1.3,0,-2.58009
14.6,1.4,0,-2.92229
14.6,1.5,0,-3.26772
14.6,1.6,0,-3.66893
14.6,1.7,0,-4.03682
14.6,1.8,0,-4.43916
14.6,1.9,0,-4.79872
14.6,2,0,-5.12484
14.6,2.1,0,-5.52251
14.6,2.2,0,-5.84592
14.6,2.3,0,-6.17686
14.6,2.4,0,-6.43046
14.6,2.5,0,-6.6007
14.6,2.6,0,-6.8784
14.6,2.7,0,-7.03842
14.6,2.8,0,-7.17601
14.6,2.9,0,-7.23532
14.6,3,0,-7.16745
14.6,3.1,0,-7.25447
14.6,3.2,0,-7.1988
14.6,3.3,0,-7.08924
14.6,3.4,0,-6.95952
14.6,3.5,0,-6.69602
14.6,3.6,0,-6.67807
14.6,3.7,0,-6.54611
14.6,3.8,0,-6.40006
14.6,3.9,0,-6.2883
14.6,4,0,-6.06615
14.6,4.1,0,-6.06238
14.6,4.2,0,-5.97947
14.6,4.3,0,-5.88916
14.6,4.4,0,-5.84273
14.6,4.5,0,-5.7177
14.6,4.6,0,-5.76275
14.6,4.7,0,-5.74722
14.6,4.8,0,-5.72211
14.6,4.9,0,-5.71196
14.6,5,0,-5.6307
14.6,5.1,0,-5.65625
14.6,5.2,0,-5.62722
14.6,5.3,0,-5.52843
14.6,5.4,0,-5.52526
14.6,5.5,0,-5.47578
14.6,5.6,0,-5.36339
14.6,5.7,0,-5.35143
14.6,5.8,0,-5.29941
14.6,5.9,0,-5.19187
14.6,6,0,-5.19603
14.6,6.1,0,-5.16736
14.6,6.2,0,-5.09225
14.6,6.3,0,-5.13465
14.6,6.4,0,-5.14671
14.6,6.5,0,-5.11631
14.6,6.6,0,-5.19756
14.6,6.7,0,-5.24994
14.6,6.8,0,-5.26319
14.6,6.9,0,-5.39019
14.6,7,0,-5.48958
14.6,7.1,0,-5.55276
14.6,7.2,0,-5.73472
14.6,7.3,0,-5.88639
14.6,7.4,0,-5.99998
14.6,7.5,0,-6.22986
14.6,7.6,0,-6.42508
14.6,7.7,0,-6.57842
14.6,7.8,0,-6.81255
14.6,7.9,0,-7.0009
14.6,8,0,-7.13865
14.6,8.1,0,-7.36508
14.6,8.2,0,-7.54217
14.6,8.3,0,-7.68888
14.6,8.4,0,-7.82839
14.6,8.5,0,-7.95637
14.6,8.6,0,-8.08434
14.6,8.7,0,-8.17906
14.6,8.8,0,-8.33118
14.6,8.9,0,-8.46111
14.6,9,0,-8.5872
14.6,9.1,0,-8.73351
14.6,9.2,0,-8.86738
14.6,9.3,0,-9.02798
14.6,9.4,0,-9.16742
14.6,9.5,0,-9.31027
14.6,9.6,0,-9.448
14.6,9.7,0,-9.5255
14.6,9.8,0,-9.58156
14.6,9.9,0,-9.6035
14.6,10,0,-9.53897
14.6,10.1,0,-9.47373
14.6,10.2,0,-9.30338
14.6,10.3,0,-9.11865
14.6,10.4,0,-8.88479
14.6,10.5,0,-8.59853
14.6,10.6,0,-8.3073
14.6,10.7,0,-7.94092
14.6,10.8,0,-7.57392
14.6,10.9,0,-7.17728
14.6,11,0,-6.75606
14.6,11.1,0,-6.33781
14.6,11.2,0,-5.88252
14.6,11.3,0,-5.42256
14.6,11.4,0,-4.9722
14.6,11.5,0,-4.50427
14.6,11.6,0,-4.05785
14.6,11.7,0,-3.60268
14.6,11.8,0,-3.16512
14.6,11.9,0,-2.74721
14.6,12,0,-2.31289
14.6,12.1,0,-1.96063
14.6,12.2,0,-1.59154
14.6,12.3,0,-1.24223
14.6,12.4,0,-0.907391
14.6,12.5,0,-0.582135
14.6,12.6,0,-0.292132
14.6,12.7,0,0
14.7,0,0,0
14.7,0.1,0,-0.0738389
14.7,0.2,0,-0.160768
14.7,0.3,0,-0.262119
14.7,0.4,0,-0.398731
14.7,0.5,0,-0.543844
14.7,0.6,0,-0.697971
14.7,0.7,0,-0.87128
14.7,0.8,0,-1.05949
14.7,0.9,0,-1.29671
14.7,1,0,-1.53863
14.7,1.1,0,-1.80528
14.7,1.2,0,-2.09799
14.7,1.3,0,-2.38871
14.7,1.4,0,-2.73091
14.7,1.5,0,-3.0756
14.7,1.6,0,-3.41072
14.7,1.7,0,-3.77861
14.7,1.8,0,-4.10844
14.7,1.9,0,-4.46801
14.7,2,0,-4.8325
14.7,2.1,0,-5.11444
14.7,2.2,0,-5.43785
14.7,2.3,0,-5.69049
14.7,2.4,0,-5.94408
14.7,2.5,0,-6.21746
14.7,2.6,0,-6.32445
14.7,2.7,0,-6.48447
14.7,2.8,0,-6.56744
14.7,2.9,0,-6.62674
14.7,3,0,-6.73406
14.7,3.1,0,-6.61821
14.7,3.2,0,-6.56254
14.7,3.3,0,-6.47014
14.7,3.4,0,-6.34041
14.7,3.5,0,-6.28644
14.7,3.6,0,-6.09191
14.7,3.7,0,-5.95995
14.7,3.8,0,-5.86165
14.7,3.9,0,-5.74989
14.7,4,0,-5.70916
14.7,4.1,0,-5.5843
14.7,4.2,0,-5.5014
14.7,4.3,0,-5.46206
14.7,4.4,0,-5.41562
14.7,4.5,0,-5.41095
14.7,4.6,0,-5.37375
14.7,4.7,0,-5.35822
14.7,4.8,0,-5.36379
14.7,4.9,0,-5.35363
14.7,5,0,-5.35818
14.7,5.1,0,-5.33448
14.7,5.2,0,-5.30545
14.7,5.3,0,-5.28017
14.7,5.4,0,-5.24687
14.7,5.5,0,-5.1974
14.7,5.6,0,-5.14432
14.7,5.7,0,-5.11534
14.7,5.8,0,-5.06331
14.7,5.9,0,-5.00248
14.7,6,0,-4.99868
14.7,6.1,0,-4.97002
14.7,6.2,0,-4.93079
14.7,6.3,0,-4.96942
14.7,6.4,0,-4.98148
14.7,6.5,0,-4.97972
14.7,6.6,0,-5.05976
14.7,6.7,0,-5.11213
14.7,6.8,0,-5.14562
14.7,6.9,0,-5.27256
14.7,7,0,-5.37195
14.7,7.1,0,-5.44643
14.7,7.2,0,-5.62975
14.7,7.3,0,-5.78142
14.7,7.4,0,-5.89766
14.7,7.5,0,-6.13428
14.7,7.6,0,-6.32949
14.7,7.7,0,-6.47406
14.7,7.8,0,-6.72609
14.7,7.9,0,-6.91444
14.7,8,0,-7.02722
14.7,8.1,0,-7.2801
14.7,8.2,0,-7.45719
14.7,8.3,0,-7.6097
14.7,8.4,0,-7.74921
14.7,8.5,0,-7.89155
14.7,8.6,0,-8.01952
14.7,8.7,0,-8.07456
14.7,8.8,0,-8.28597
14.7,8.9,0,-8.4159
14.7,9,0,-8.56726
14.7,9.1,0,-8.71356
14.7,9.2,0,-8.88214
14.7,9.3,0,-9.04275
14.7,9.4,0,-9.15659
14.7,9.5,0,-9.37028
14.7,9.6,0,-9.50801
14.7,9.7,0,-9.62538
14.7,9.8,0,-9.68144
14.7,9.9,0,-9.72594
14.7,10,0,-9.66141
14.7,10.1,0,-9.59517
14.7,10.2,0,-9.43185
14.7,10.3,0,-9.24712
14.7,10.4,0,-9.00701
14.7,10.5,0,-8.72075
14.7,10.6,0,-8.40997
14.7,10.7,0,-8.0443
14.7,10.8,0,-7.6773
14.7,10.9,0,-7.24848
14.7,11,0,-6.82725
14.7,11.1,0,-6.37099
14.7,11.2,0,-5.9157
14.7,11.3,0,-5.4227
14.7,11.4,0,-4.97191
14.7,11.5,0,-4.50398
14.7,11.6,0,-4.03107
14.7,11.7,0,-3.5759
14.7,11.8,0,-3.12812
14.7,11.9,0,-2.71021
14.7,12,0,-2.28854
14.7,12.1,0,-1.92899
14.7,12.2,0,-1.5599
14.7,12.3,0,-1.22211
14.7,12.4,0,-0.887271
14.7,12.5,0,-0.567923
14.7,12.6,0,-0.27792
14.7,12.7,0,0
14.8,0,0,0
14.8,0.1,0,-0.0476582
14.8,0.2,0,-0.134587
14.8,0.3,0,-0.215098
14.8,0.4,0,-0.35171
14.8,0.5,0,-0.513827
14.8,0.6,0,-0.629589
14.8,0.7,0,-0.802898
14.8,0.8,0,-0.956987
14.8,0.9,0,-1.19421
14.8,1,0,-1.44552
14.8,1.1,0,-1.66009
14.8,1.2,0,-1.95279
14.8,1.3,0,-2.19006
14.8,1.4,0,-2.53226
14.8,1.5,0,-2.88191
14.8,1.6,0,-3.1515
14.8,1.7,0,-3.51939
14.8,1.8,0,-3.78142
14.8,1.9,0,-4.14099
14.8,2,0,-4.51533
14.8,2.1,0,-4.71433
14.8,2.2,0,-5.03774
14.8,2.3,0,-5.21867
14.8,2.4,0,-5.47227
14.8,2.5,0,-5.78521
14.8,2.6,0,-5.78613
14.8,2.7,0,-5.94615
14.8,2.8,0,-5.97572
14.8,2.9,0,-6.03503
14.8,3,0,-6.23838
14.8,3.1,0,-6.00219
14.8,3.2,0,-5.94651
14.8,3.3,0,-5.85469
14.8,3.4,0,-5.72497
14.8,3.5,0,-5.82251
14.8,3.6,0,-5.5028
14.8,3.7,0,-5.37085
14.8,3.8,0,-5.31966
14.8,3.9,0,-5.2079
14.8,4,0,-5.30925
14.8,4.1,0,-5.10049
14.8,4.2,0,-5.01758
14.8,4.3,0,-5.02893
14.8,4.4,0,-4.98249
14.8,4.5,0,-5.06136
14.8,4.6,0,-4.98081
14.8,4.7,0,-4.96527
14.8,4.8,0,-5.00767
14.8,4.9,0,-4.99751
14.8,5,0,-5.03147
14.8,5.1,0,-5.01842
14.8,5.2,0,-4.98939
14.8,5.3,0,-4.97162
14.8,5.4,0,-4.97069
14.8,5.5,0,-4.92121
14.8,5.6,0,-4.86092
14.8,5.7,0,-4.87803
14.8,5.8,0,-4.826
14.8,5.9,0,-4.74757
14.8,6,0,-4.79351
14.8,6.1,0,-4.76485
14.8,6.2,0,-4.70448
14.8,6.3,0,-4.79627
14.8,6.4,0,-4.80833
14.8,6.5,0,-4.77891
14.8,6.6,0,-4.91428
14.8,6.7,0,-4.96666
14.8,6.8,0,-4.96235
14.8,6.9,0,-5.1444
14.8,7,0,-5.24379
14.8,7.1,0,-5.26846
14.8,7.2,0,-5.51506
14.8,7.3,0,-5.66673
14.8,7.4,0,-5.71213
14.8,7.5,0,-6.03154
14.8,7.6,0,-6.22676
14.8,7.7,0,-6.27004
14.8,7.8,0,-6.64943
14.8,7.9,0,-6.83778
14.8,8,0,-6.79944
14.8,8.1,0,-7.20388
14.8,8.2,0,-7.32089
14.8,8.3,0,-7.53317
14.8,8.4,0,-7.67268
14.8,8.5,0,-7.72315
14.8,8.6,0,-7.95556
14.8,8.7,0,-7.79295
14.8,8.8,0,-8.23931
14.8,8.9,0,-8.32586
14.8,9,0,-8.54379
14.8,9.1,0,-8.6901
14.8,9.2,0,-8.6975
14.8,9.3,0,-9.05669
14.8,9.4,0,-8.8958
14.8,9.5,0,-9.43804
14.8,9.6,0,-9.57097
14.8,9.7,0,-9.74226
14.8,9.8,0,-9.79832
14.8,9.9,0,-9.57688
14.8,10,0,-9.80342
14.8,10.1,0,-9.41739
14.8,10.2,0,-9.5772
14.8,10.3,0,-9.39247
14.8,10.4,0,-9.14312
14.8,10.5,0,-8.85687
14.8,10.6,0,-8.27507
14.8,10.7,0,-8.15826
14.8,10.8,0,-7.59394
14.8,10.9,0,-7.32553
14.8,11,0,-6.90431
14.8,11.1,0,-6.40627
14.8,11.2,0,-5.95334
14.8,11.3,0,-5.32103
14.8,11.4,0,-4.97099
14.8,11.5,0,-4.44173
14.8,11.6,0,-4.00105
14.8,11.7,0,-3.54588
14.8,11.8,0,-3.07667
14.8,11.9,0,-2.66516
14.8,12,0,-2.22168
14.8,12.1,0,-1.89061
14.8,12.2,0,-1.51567
14.8,12.3,0,-1.19835
14.8,12.4,0,-0.863512
14.8,12.5,0,-0.542624
14.8,12.6,0,-0.253753
14.8,12.7,0,0
14.9,0,0,0
14.9,0.1,0,-0.0214775
14.9,0.2,0,-0.123495
14.9,0.3,0,-0.202964
14.9,0.4,0,-0.304689
14.9,0.5,0,-0.48381
14.9,0.6,0,-0.561207
14.9,0.7,0,-0.746432
14.9,0.8,0,-0.898816
14.9,0.9,0,-1.09171
14.9,1,0,-1.35241
14.9,1.1,0,-1.51489
14.9,1.2,0,-1.81376
14.9,1.3,0,-2.04836
14.9,1.4,0,-2.33361
14.9,1.5,0,-2.68822
14.9,1.6,0,-2.89228
14.9,1.7,0,-3.26454
14.9,1.8,0,-3.52318
14.9,1.9,0,-3.81397
14.9,2,0,-4.19816
14.9,2.1,0,-4.31423
14.9,2.2,0,-4.65813
14.9,2.3,0,-4.83547
14.9,2.4,0,-5.00045
14.9,2.5,0,-5.35296
14.9,2.6,0,-5.24781
14.9,2.7,0,-5.46989
14.9,2.8,0,-5.4968
14.9,2.9,0,-5.44331
14.9,3,0,-5.7427
14.9,3.1,0,-5.38616
14.9,3.2,0,-5.44998
14.9,3.3,0,-5.35819
14.9,3.4,0,-5.10953
14.9,3.5,0,-5.35857
14.9,3.6,0,-4.9137
14.9,3.7,0,-4.93025
14.9,3.8,0,-4.88142
14.9,3.9,0,-4.66592
14.9,4,0,-4.90933
14.9,4.1,0,-4.61668
14.9,4.2,0,-4.64177
14.9,4.3,0,-4.65565
14.9,4.4,0,-4.54936
14.9,4.5,0,-4.71176
14.9,4.6,0,-4.58786
14.9,4.7,0,-4.62481
14.9,4.8,0,-4.66904
14.9,4.9,0,-4.64139
14.9,5,0,-4.70475
14.9,5.1,0,-4.70236
14.9,5.2,0,-4.67333
14.9,5.3,0,-4.66308
14.9,5.4,0,-4.6945
14.9,5.5,0,-4.64503
14.9,5.6,0,-4.57752
14.9,5.7,0,-4.64072
14.9,5.8,0,-4.58869
14.9,5.9,0,-4.49265
14.9,6,0,-4.58834
14.9,6.1,0,-4.55967
14.9,6.2,0,-4.47818
14.9,6.3,0,-4.62311
14.9,6.4,0,-4.63517
14.9,6.5,0,-4.57811
14.9,6.6,0,-4.7688
14.9,6.7,0,-4.82118
14.9,6.8,0,-4.77909
14.9,6.9,0,-5.01624
14.9,7,0,-5.11563
14.9,7.1,0,-5.09049
14.9,7.2,0,-5.40038
14.9,7.3,0,-5.55205
14.9,7.4,0,-5.52661
14.9,7.5,0,-5.92881
14.9,7.6,0,-6.12402
14.9,7.7,0,-6.06602
14.9,7.8,0,-6.57278
14.9,7.9,0,-6.76113
14.9,8,0,-6.57165
14.9,8.1,0,-7.12765
14.9,8.2,0,-7.07089
14.9,8.3,0,-7.39481
14.9,8.4,0,-7.55938
14.9,8.5,0,-7.45465
14.9,8.6,0,-7.8916
14.9,8.7,0,-7.51135
14.9,8.8,0,-8.19265
14.9,8.9,0,-8.03935
14.9,9,0,-8.38321
14.9,9.1,0,-8.65982
14.9,9.2,0,-8.41748
14.9,9.3,0,-9.07064
14.9,9.4,0,-8.63502
14.9,9.5,0,-9.50581
14.9,9.6,0,-9.33768
14.9,9.7,0,-9.61887
14.9,9.8,0,-9.91521
14.9,9.9,0,-9.37254
14.9,10,0,-9.94543
14.9,10.1,0,-9.2396
14.9,10.2,0,-9.72255
14.9,10.3,0,-9.28281
14.9,10.4,0,-9.03209
14.9,10.5,0,-8.99298
14.9,10.6,0,-8.14017
14.9,10.7,0,-8.27221
14.9,10.8,0,-7.47311
14.9,10.9,0,-7.40259
14.9,11,0,-6.85242
14.9,11.1,0,-6.29539
14.9,11.2,0,-5.99098
14.9,11.3,0,-5.21936
14.9,11.4,0,-4.97007
14.9,11.5,0,-4.35003
14.9,11.6,0,-3.96939
14.9,11.7,0,-3.48961
14.9,11.8,0,-2.99628
14.9,11.9,0,-2.6201
14.9,12,0,-2.15483
14.9,12.1,0,-1.85222
14.9,12.2,0,-1.46583
14.9,12.3,0,-1.16959
14.9,12.4,0,-0.838441
14.9,12.5,0,-0.515183
14.9,12.6,0,-0.229586
14.9,12.7,0,0
15,0,0,0
15,0.1,0,-0.00576902
15,0.2,0,-0.113198
15,0.3,0,-0.192666
15,0.4,0,-0.264469
15,0.5,0,-0.453793
15,0.6,0,-0.508171
15,0.7,0,-0.690594
15,0.8,0,-0.842977
15,0.9,0,-0.992968
15,1,0,-1.25931
15,1.1,0,-1.39053
15,1.2,0,-1.67506
15,1.3,0,-1.90966
15,1.4,0,-2.13695
15,1.5,0,-2.49453
15,1.6,0,-2.65927
15,1.7,0,-3.00991
15,1.8,0,-3.26855
15,1.9,0,-3.49089
15,2,0,-3.88099
15,2.1,0,-3.9473
15,2.2,0,-4.27959
15,2.3,0,-4.45694
15,2.4,0,-4.54446
15,2.5,0,-4.92071
15,2.6,0,-4.75191
15,2.7,0,-4.99691
15,2.8,0,-5.02381
15,2.9,0,-4.89001
15,3,0,-5.24702
15,3.1,0,-4.81827
15,3.2,0,-4.95974
15,3.3,0,-4.86794
15,3.4,0,-4.55468
15,3.5,0,-4.89464
15,3.6,0,-4.37467
15,3.7,0,-4.49746
15,3.8,0,-4.44864
15,3.9,0,-4.18076
15,4,0,-4.50941
15,4.1,0,-4.16643
15,4.2,0,-4.27164
15,4.3,0,-4.28552
15,4.4,0,-4.14964
15,4.5,0,-4.36216
15,4.6,0,-4.21226
15,4.7,0,-4.2871
15,4.8,0,-4.33134
15,4.9,0,-4.29703
15,5,0,-4.37804
15,5.1,0,-4.37653
15,5.2,0,-4.36415
15,5.3,0,-4.35453
15,5.4,0,-4.38865
15,5.5,0,-4.36223
15,5.6,0,-4.29413
15,5.7,0,-4.36116
15,5.8,0,-4.33525
15,5.9,0,-4.23774
15,6,0,-4.33757
15,6.1,0,-4.33513
15,6.2,0,-4.25188
15,6.3,0,-4.40123
15,6.4,0,-4.43667
15,6.5,0,-4.3773
15,6.6,0,-4.57261
15,6.7,0,-4.64106
15,6.8,0,-4.59583
15,6.9,0,-4.83756
15,7,0,-4.94181
15,7.1,0,-4.91252
15,7.2,0,-5.22769
15,7.3,0,-5.37243
15,7.4,0,-5.34108
15,7.5,0,-5.75018
15,7.6,0,-5.92845
15,7.7,0,-5.862
15,7.8,0,-6.37937
15,7.9,0,-6.54594
15,8,0,-6.34387
15,8.1,0,-7.0208
15,8.2,0,-6.82089
15,8.3,0,-7.14481
15,8.4,0,-7.29089
15,8.5,0,-7.18616
15,8.6,0,-7.81954
15,8.7,0,-7.22974
15,8.8,0,-8.05976
15,8.9,0,-7.75284
15,9,0,-8.0967
15,9.1,0,-8.37979
15,9.2,0,-8.13746
15,9.3,0,-9.08459
15,9.4,0,-8.37423
15,9.5,0,-9.39881
15,9.6,0,-9.1044
15,9.7,0,-9.38559
15,9.8,0,-9.7553
15,9.9,0,-9.1682
15,10,0,-10.0874
15,10.1,0,-9.06181
15,10.2,0,-9.64273
15,10.3,0,-9.12852
15,10.4,0,-8.8778
15,10.5,0,-8.94025
15,10.6,0,-8.00527
15,10.7,0,-8.38617
15,10.8,0,-7.35227
15,10.9,0,-7.30913
15,11,0,-6.74154
15,11.1,0,-6.18451
15,11.2,0,-5.95452
15,11.3,0,-5.11768
15,11.4,0,-4.96915
15,11.5,0,-4.25833
15,11.6,0,-3.87769
15,11.7,0,-3.40922
15,11.8,0,-2.91589
15,11.9,0,-2.56704
15,12,0,-2.08797
15,12.1,0,-1.81278
15,12.2,0,-1.416
15,12.3,0,-1.11976
15,12.4,0,-0.810999
15,12.5,0,-0.487741
15,12.6,0,-0.210304
15,12.7,0,0
15.1,0,0,0
15.1,0.1,0,-0.00576902
15.1,0.2,0,-0.1029
15.1,0.3,0,-0.182368
15.1,0.4,0,-0.234452
15.1,0.5,0,-0.423776
15.1,0.6,0,-0.478154
15.1,0.7,0,-0.634755
15.1,0.8,0,-0.787139
15.1,0.9,0,-0.899862
15.1,1,0,-1.1662
15.1,1.1,0,-1.29742
15.1,1.2,0,-1.53636
15.1,1.3,0,-1.77096
15.1,1.4,0,-1.94326
15.1,1.5,0,-2.30084
15.1,1.6,0,-2.46558
15.1,1.7,0,-2.75528
15.1,1.8,0,-3.01393
15.1,1.9,0,-3.17372
15.1,2,0,-3.56382
15.1,2.1,0,-3.63013
15.1,2.2,0,-3.90106
15.1,2.3,0,-4.0784
15.1,2.4,0,-4.11221
15.1,2.5,0,-4.48846
15.1,2.6,0,-4.31966
15.1,2.7,0,-4.52392
15.1,2.8,0,-4.55082
15.1,2.9,0,-4.39433
15.1,3,0,-4.75134
15.1,3.1,0,-4.32259
15.1,3.2,0,-4.46949
15.1,3.3,0,-4.3777
15.1,3.4,0,-4.09075
15.1,3.5,0,-4.4307
15.1,3.6,0,-3.91073
15.1,3.7,0,-4.06468
15.1,3.8,0,-4.01585
15.1,3.9,0,-3.78085
15.1,4,0,-4.1095
15.1,4.1,0,-3.76651
15.1,4.2,0,-3.9015
15.1,4.3,0,-3.91538
15.1,4.4,0,-3.80004
15.1,4.5,0,-4.01257
15.1,4.6,0,-3.86266
15.1,4.7,0,-3.9494
15.1,4.8,0,-3.99363
15.1,4.9,0,-3.97031
15.1,5,0,-4.05132
15.1,5.1,0,-4.04981
15.1,5.2,0,-4.05561
15.1,5.3,0,-4.04598
15.1,5.4,0,-4.08011
15.1,5.5,0,-4.07883
15.1,5.6,0,-4.01073
15.1,5.7,0,-4.07777
15.1,5.8,0,-4.08033
15.1,5.9,0,-3.98282
15.1,6,0,-4.08265
15.1,6.1,0,-4.10882
15.1,6.2,0,-4.02557
15.1,6.3,0,-4.17493
15.1,6.4,0,-4.23586
15.1,6.5,0,-4.17649
15.1,6.6,0,-4.3718
15.1,6.7,0,-4.4578
15.1,6.8,0,-4.41256
15.1,6.9,0,-4.6543
15.1,7,0,-4.76383
15.1,7.1,0,-4.73455
15.1,7.2,0,-5.04971
15.1,7.3,0,-5.1869
15.1,7.4,0,-5.15555
15.1,7.5,0,-5.56465
15.1,7.6,0,-5.72443
15.1,7.7,0,-5.65798
15.1,7.8,0,-6.17535
15.1,7.9,0,-6.31815
15.1,8,0,-6.11608
15.1,8.1,0,-6.78469
15.1,8.2,0,-6.57089
15.1,8.3,0,-6.89481
15.1,8.4,0,-7.02239
15.1,8.5,0,-6.91766
15.1,8.6,0,-7.49442
15.1,8.7,0,-6.94814
15.1,8.8,0,-7.77815
15.1,8.9,0,-7.46633
15.1,9,0,-7.81019
15.1,9.1,0,-8.09977
15.1,9.2,0,-7.85743
15.1,9.3,0,-8.74785
15.1,9.4,0,-8.11344
15.1,9.5,0,-9.13803
15.1,9.6,0,-8.87112
15.1,9.7,0,-9.15231
15.1,9.8,0,-9.55096
15.1,9.9,0,-8.96387
15.1,10,0,-9.81529
15.1,10.1,0,-8.88402
15.1,10.2,0,-9.46495
15.1,10.3,0,-8.97423
15.1,10.4,0,-8.72351
15.1,10.5,0,-8.80535
15.1,10.6,0,-7.87037
15.1,10.7,0,-8.19669
15.1,10.8,0,-7.23144
15.1,10.9,0,-7.1883
15.1,11,0,-6.63066
15.1,11.1,0,-6.07363
15.1,11.2,0,-5.85285
15.1,11.3,0,-5.01601
15.1,11.4,0,-4.84606
15.1,11.5,0,-4.16663
15.1,11.6,0,-3.78599
15.1,11.7,0,-3.32882
15.1,11.8,0,-2.8355
15.1,11.9,0,-2.50019
15.1,12,0,-2.02112
15.1,12.1,0,-1.74349
15.1,12.2,0,-1.36616
15.1,12.3,0,-1.06992
15.1,12.4,0,-0.783558
15.1,12.5,0,-0.4603
15.1,12.6,0,-0.210147
15.1,12.7,0,0
15.2,0,0,0
15.2,0.1,0,-0.0192695
15.2,0.2,0,-0.092602
15.2,0.3,0,-0.17207
15.2,0.4,0,-0.23565
15.2,0.5,0,-0.393759
15.2,0.6,0,-0.458799
15.2,0.7,0,-0.578916
15.2,0.8,0,-0.7313
15.2,0.9,0,-0.846417
15.2,1,0,-1.0731
15.2,1.1,0,-1.20984
15.2,1.2,0,-1.39766
15.2,1.3,0,-1.63226
15.2,1.4,0,-1.80053
15.2,1.5,0,-2.10715
15.2,1.6,0,-2.2758
15.2,1.7,0,-2.50066
15.2,1.8,0,-2.7593
15.2,1.9,0,-2.91809
15.2,2,0,-3.24665
15.2,2.1,0,-3.33129
15.2,2.2,0,-3.52252
15.2,2.3,0,-3.69987
15.2,2.4,0,-3.75925
15.2,2.5,0,-4.05621
15.2,2.6,0,-3.94294
15.2,2.7,0,-4.05093
15.2,2.8,0,-4.07783
15.2,2.9,0,-3.99957
15.2,3,0,-4.25566
15.2,3.1,0,-3.93382
15.2,3.2,0,-3.97925
15.2,3.3,0,-3.88746
15.2,3.4,0,-3.73323
15.2,3.5,0,-3.96677
15.2,3.6,0,-3.57967
15.2,3.7,0,-3.6319
15.2,3.8,0,-3.58307
15.2,3.9,0,-3.47375
15.2,4,0,-3.70958
15.2,4.1,0,-3.46322
15.2,4.2,0,-3.53137
15.2,4.3,0,-3.54525
15.2,4.4,0,-3.504
15.2,4.5,0,-3.66297
15.2,4.6,0,-3.56002
15.2,4.7,0,-3.6117
15.2,4.8,0,-3.65593
15.2,4.9,0,-3.65925
15.2,5,0,-3.7246
15.2,5.1,0,-3.7256
15.2,5.2,0,-3.74351
15.2,5.3,0,-3.73744
15.2,5.4,0,-3.76916
15.2,5.5,0,-3.78465
15.2,5.6,0,-3.72733
15.2,5.7,0,-3.7885
15.2,5.8,0,-3.81005
15.2,5.9,0,-3.72791
15.2,6,0,-3.82069
15.2,6.1,0,-3.86594
15.2,6.2,0,-3.79927
15.2,6.3,0,-3.93941
15.2,6.4,0,-4.01734
15.2,6.5,0,-3.97569
15.2,6.6,0,-4.1584
15.2,6.7,0,-4.2561
15.2,6.8,0,-4.2293
15.2,6.9,0,-4.45444
15.2,7,0,-4.5675
15.2,7.1,0,-4.55658
15.2,7.2,0,-4.84813
15.2,7.3,0,-4.98027
15.2,7.4,0,-4.97002
15.2,7.5,0,-5.34536
15.2,7.6,0,-5.49281
15.2,7.7,0,-5.45397
15.2,7.8,0,-5.92096
15.2,7.9,0,-6.04791
15.2,8,0,-5.8883
15.2,8.1,0,-6.38313
15.2,8.2,0,-6.32089
15.2,8.3,0,-6.64481
15.2,8.4,0,-6.74375
15.2,8.5,0,-6.64917
15.2,8.6,0,-7.00828
15.2,8.7,0,-6.66654
15.2,8.8,0,-7.28477
15.2,8.9,0,-7.17982
15.2,9,0,-7.52368
15.2,9.1,0,-7.76098
15.2,9.2,0,-7.57741
15.2,9.3,0,-8.19309
15.2,9.4,0,-7.85266
15.2,9.5,0,-8.66106
15.2,9.6,0,-8.63784
15.2,9.7,0,-8.91902
15.2,9.8,0,-9.21065
15.2,9.9,0,-8.75953
15.2,10,0,-9.29116
15.2,10.1,0,-8.70624
15.2,10.2,0,-9.1214
15.2,10.3,0,-8.81994
15.2,10.4,0,-8.56922
15.2,10.5,0,-8.5098
15.2,10.6,0,-7.73546
15.2,10.7,0,-7.827
15.2,10.8,0,-7.11061
15.2,10.9,0,-6.99449
15.2,11,0,-6.51978
15.2,11.1,0,-5.96276
15.2,11.2,0,-5.64453
15.2,11.3,0,-4.91434
15.2,11.4,0,-4.6536
15.2,11.5,0,-4.07493
15.2,11.6,0,-3.68304
15.2,11.7,0,-3.24843
15.2,11.8,0,-2.75511
15.2,11.9,0,-2.40213
15.2,12,0,-1.95426
15.2,12.1,0,-1.66518
15.2,12.2,0,-1.31632
15.2,12.3,0,-1.01987
15.2,12.4,0,-0.756117
15.2,12.5,0,-0.432859
15.2,12.6,0,-0.206873
15.2,12.7,0,0
15.3,0,0,0
15.3,0.1,0,-0.0351524
15.3,0.2,0,-0.0901584
15.3,0.3,0,-0.166874
15.3,0.4,0,-0.242356
15.3,0.5,0,-0.363742
15.3,0.6,0,-0.441325
15.3,0.7,0,-0.534587
15.3,0.8,0,-0.678279
15.3,0.9,0,-0.799972
15.3,1,0,-0.97999
15.3,1.1,0,-1.12323
15.3,1.2,0,-1.27459
15.3,1.3,0,-1.49505
15.3,1.4,0,-1.66679
15.3,1.5,0,-1.91346
15.3,1.6,0,-2.0867
15.3,1.7,0,-2.26569
15.3,1.8,0,-2.50763
15.3,1.9,0,-2.67331
15.3,2,0,-2.92948
15.3,2.1,0,-3.03569
15.3,2.2,0,-3.16887
15.3,2.3,0,-3.3332
15.3,2.4,0,-3.42028
15.3,2.5,0,-3.62396
15.3,2.6,0,-3.57603
15.3,2.7,0,-3.60976
15.3,2.8,0,-3.63366
15.3,2.9,0,-3.62261
15.3,3,0,-3.75998
15.3,3.1,0,-3.56393
15.3,3.2,0,-3.52511
15.3,3.3,0,-3.44266
15.3,3.4,0,-3.3945
15.3,3.5,0,-3.50283
15.3,3.6,0,-3.27205
15.3,3.7,0,-3.23666
15.3,3.8,0,-3.1929
15.3,3.9,0,-3.18303
15.3,4,0,-3.30967
15.3,4.1,0,-3.17699
15.3,4.2,0,-3.18641
15.3,4.3,0,-3.20018
15.3,4.4,0,-3.2174
15.3,4.5,0,-3.31338
15.3,4.6,0,-3.26566
15.3,4.7,0,-3.287
15.3,4.8,0,-3.32705
15.3,4.9,0,-3.35095
15.3,5,0,-3.39789
15.3,5.1,0,-3.4064
15.3,5.2,0,-3.42431
15.3,5.3,0,-3.42889
15.3,5.4,0,-3.4534
15.3,5.5,0,-3.46889
15.3,5.6,0,-3.44393
15.3,5.7,0,-3.4875
15.3,5.8,0,-3.50905
15.3,5.9,0,-3.47299
15.3,6,0,-3.54465
15.3,6.1,0,-3.58989
15.3,6.2,0,-3.57296
15.3,6.3,0,-3.68546
15.3,6.4,0,-3.76339
15.3,6.5,0,-3.77488
15.3,6.6,0,-3.91981
15.3,6.7,0,-4.0175
15.3,6.8,0,-4.04604
15.3,6.9,0,-4.22136
15.3,7,0,-4.33442
15.3,7.1,0,-4.3786
15.3,7.2,0,-4.59931
15.3,7.3,0,-4.73146
15.3,7.4,0,-4.78449
15.3,7.5,0,-5.05855
15.3,7.6,0,-5.20599
15.3,7.7,0,-5.24995
15.3,7.8,0,-5.56581
15.3,7.9,0,-5.69276
15.3,8,0,-5.66051
15.3,8.1,0,-5.98157
15.3,8.2,0,-6.07089
15.3,8.3,0,-6.22327
15.3,8.4,0,-6.30179
15.3,8.5,0,-6.38067
15.3,8.6,0,-6.52214
15.3,8.7,0,-6.38493
15.3,8.8,0,-6.76331
15.3,8.9,0,-6.87706
15.3,9,0,-7.0502
15.3,9.1,0,-7.2179
15.3,9.2,0,-7.29738
15.3,9.3,0,-7.63834
15.3,9.4,0,-7.59187
15.3,9.5,0,-8.09923
15.3,9.6,0,-8.32766
15.3,9.7,0,-8.50463
15.3,9.8,0,-8.65615
15.3,9.9,0,-8.55519
15.3,10,0,-8.76703
15.3,10.1,0,-8.52845
15.3,10.2,0,-8.64397
15.3,10.3,0,-8.53674
15.3,10.4,0,-8.30681
15.3,10.5,0,-8.08449
15.3,10.6,0,-7.60056
15.3,10.7,0,-7.45731
15.3,10.8,0,-6.98978
15.3,10.9,0,-6.68572
15.3,11,0,-6.29733
15.3,11.1,0,-5.81927
15.3,11.2,0,-5.39433
15.3,11.3,0,-4.81266
15.3,11.4,0,-4.46115
15.3,11.5,0,-3.98323
15.3,11.6,0,-3.54096
15.3,11.7,0,-3.12309
15.3,11.8,0,-2.67321
15.3,11.9,0,-2.29994
15.3,12,0,-1.88741
15.3,12.1,0,-1.58687
15.3,12.2,0,-1.26648
15.3,12.3,0,-0.966345
15.3,12.4,0,-0.705371
15.3,12.5,0,-0.405417
15.3,12.6,0,-0.203598
15.3,12.7,0,0
15.4,0,0,0
15.4,0.1,0,-0.0510353
15.4,0.2,0,-0.106041
15.4,0.3,0,-0.17358
15.4,0.4,0,-0.249062
15.4,0.5,0,-0.333725
15.4,0.6,0,-0.423852
15.4,0.7,0,-0.517114
15.4,0.8,0,-0.631834
15.4,0.9,0,-0.753526
15.4,1,0,-0.886884
15.4,1.1,0,-1.03662
15.4,1.2,0,-1.18798
15.4,1.3,0,-1.36131
15.4,1.4,0,-1.53305
15.4,1.5,0,-1.71977
15.4,1.6,0,-1.89761
15.4,1.7,0,-2.0766
15.4,1.8,0,-2.26285
15.4,1.9,0,-2.42853
15.4,2,0,-2.61231
15.4,2.1,0,-2.74009
15.4,2.2,0,-2.87326
15.4,2.3,0,-2.99423
15.4,2.4,0,-3.08131
15.4,2.5,0,-3.19171
15.4,2.6,0,-3.20911
15.4,2.7,0,-3.24285
15.4,2.8,0,-3.2567
15.4,2.9,0,-3.24566
15.4,3,0,-3.2643
15.4,3.1,0,-3.19403
15.4,3.2,0,-3.15521
15.4,3.3,0,-3.10393
15.4,3.4,0,-3.05576
15.4,3.5,0,-3.0389
15.4,3.6,0,-2.96443
15.4,3.7,0,-2.92904
15.4,3.8,0,-2.90219
15.4,3.9,0,-2.89232
15.4,4,0,-2.90975
15.4,4.1,0,-2.89075
15.4,4.2,0,-2.90017
15.4,4.3,0,-2.91359
15.4,4.4,0,-2.93081
15.4,4.5,0,-2.96378
15.4,4.6,0,-2.9713
15.4,4.7,0,-2.99264
15.4,4.8,0,-3.01875
15.4,4.9,0,-3.04266
15.4,5,0,-3.07117
15.4,5.1,0,-3.0872
15.4,5.2,0,-3.1051
15.4,5.3,0,-3.12034
15.4,5.4,0,-3.13764
15.4,5.5,0,-3.15313
15.4,5.6,0,-3.16053
15.4,5.7,0,-3.18649
15.4,5.8,0,-3.20804
15.4,5.9,0,-3.21808
15.4,6,0,-3.2686
15.4,6.1,0,-3.31385
15.4,6.2,0,-3.34666
15.4,6.3,0,-3.4315
15.4,6.4,0,-3.50943
15.4,6.5,0,-3.57408
15.4,6.6,0,-3.68122
15.4,6.7,0,-3.77891
15.4,6.8,0,-3.86278
15.4,6.9,0,-3.98829
15.4,7,0,-4.10135
15.4,7.1,0,-4.20063
15.4,7.2,0,-4.35049
15.4,7.3,0,-4.48264
15.4,7.4,0,-4.59896
15.4,7.5,0,-4.77173
15.4,7.6,0,-4.91918
15.4,7.7,0,-5.04593
15.4,7.8,0,-5.21066
15.4,7.9,0,-5.33762
15.4,8,0,-5.43273
15.4,8.1,0,-5.58001
15.4,8.2,0,-5.68384
15.4,8.3,0,-5.78131
15.4,8.4,0,-5.85983
15.4,8.5,0,-5.95126
15.4,8.6,0,-6.036
15.4,8.7,0,-6.10333
15.4,8.8,0,-6.24186
15.4,8.9,0,-6.35561
15.4,9,0,-6.50713
15.4,9.1,0,-6.67483
15.4,9.2,0,-6.85954
15.4,9.3,0,-7.08358
15.4,9.4,0,-7.30763
15.4,9.5,0,-7.53739
15.4,9.6,0,-7.76583
15.4,9.7,0,-7.95013
15.4,9.8,0,-8.10165
15.4,9.9,0,-8.21988
15.4,10,0,-8.2429
15.4,10.1,0,-8.26592
15.4,10.2,0,-8.16655
15.4,10.3,0,-8.05931
15.4,10.4,0,-7.8815
15.4,10.5,0,-7.65918
15.4,10.6,0,-7.40821
15.4,10.7,0,-7.08762
15.4,10.8,0,-6.76702
15.4,10.9,0,-6.37696
15.4,11,0,-5.98856
15.4,11.1,0,-5.56908
15.4,11.2,0,-5.14414
15.4,11.3,0,-4.70375
15.4,11.4,0,-4.2687
15.4,11.5,0,-3.83365
15.4,11.6,0,-3.39889
15.4,11.7,0,-2.98102
15.4,11.8,0,-2.57102
15.4,11.9,0,-2.19775
15.4,12,0,-1.82055
15.4,12.1,0,-1.50856
15.4,12.2,0,-1.19559
15.4,12.3,0,-0.912825
15.4,12.4,0,-0.65185
15.4,12.5,0,-0.399829
15.4,12.6,0,-0.200324
15.4,12.7,0,0
15.5,0,0,0
15.5,0.1,0,-0.0604023
15.5,0.2,0,-0.115408
15.5,0.3,0,-0.176894
15.5,0.4,0,-0.252376
15.5,0.5,0,-0.316082
15.5,0.6,0,-0.401167
15.5,0.7,0,-0.494429
15.5,0.8,0,-0.576843
15.5,0.9,0,-0.698535
15.5,1,0,-0.82145
15.5,1.1,0,-0.944201
15.5,1.2,0,-1.09556
15.5,1.3,0,-1.22352
15.5,1.4,0,-1.39526
15.5,1.5,0,-1.58117
15.5,1.6,0,-1.70905
15.5,1.7,0,-1.88804
15.5,1.8,0,-2.02397
15.5,1.9,0,-2.18965
15.5,2,0,-2.3908
15.5,2.1,0,-2.45431
15.5,2.2,0,-2.58749
15.5,2.3,0,-2.66774
15.5,2.4,0,-2.75482
15.5,2.5,0,-2.90331
15.5,2.6,0,-2.85552
15.5,2.7,0,-2.88926
15.5,2.8,0,-2.88809
15.5,2.9,0,-2.87704
15.5,3,0,-2.94943
15.5,3.1,0,-2.82924
15.5,3.2,0,-2.79042
15.5,3.3,0,-2.76461
15.5,3.4,0,-2.71645
15.5,3.5,0,-2.74619
15.5,3.6,0,-2.65121
15.5,3.7,0,-2.61582
15.5,3.8,0,-2.60473
15.5,3.9,0,-2.59486
15.5,4,0,-2.63825
15.5,4.1,0,-2.60193
15.5,4.2,0,-2.61135
15.5,4.3,0,-2.62581
15.5,4.4,0,-2.64303
15.5,4.5,0,-2.69703
15.5,4.6,0,-2.67614
15.5,4.7,0,-2.69748
15.5,4.8,0,-2.71001
15.5,4.9,0,-2.73392
15.5,5,0,-2.79865
15.5,5.1,0,-2.76971
15.5,5.2,0,-2.78761
15.5,5.3,0,-2.84956
15.5,5.4,0,-2.82157
15.5,5.5,0,-2.83706
15.5,5.6,0,-2.89772
15.5,5.7,0,-2.88228
15.5,5.8,0,-2.90383
15.5,5.9,0,-2.9686
15.5,6,0,-2.98201
15.5,6.1,0,-3.02726
15.5,6.2,0,-3.11324
15.5,6.3,0,-3.16912
15.5,6.4,0,-3.24705
15.5,6.5,0,-3.35381
15.5,6.6,0,-3.43958
15.5,6.7,0,-3.53728
15.5,6.8,0,-3.64935
15.5,6.9,0,-3.74934
15.5,7,0,-3.8624
15.5,7.1,0,-3.98564
15.5,7.2,0,-4.09647
15.5,7.3,0,-4.22862
15.5,7.4,0,-4.3705
15.5,7.5,0,-4.48124
15.5,7.6,0,-4.62868
15.5,7.7,0,-4.79121
15.5,7.8,0,-4.8711
15.5,7.9,0,-4.99805
15.5,8,0,-5.14863
15.5,8.1,0,-5.18875
15.5,8.2,0,-5.29258
15.5,8.3,0,-5.34056
15.5,8.4,0,-5.41907
15.5,8.5,0,-5.46108
15.5,8.6,0,-5.54582
15.5,8.7,0,-5.69595
15.5,8.8,0,-5.71125
15.5,8.9,0,-5.825
15.5,9,0,-5.94867
15.5,9.1,0,-6.11637
15.5,9.2,0,-6.29453
15.5,9.3,0,-6.51858
15.5,9.4,0,-6.77882
15.5,9.5,0,-6.98381
15.5,9.6,0,-7.21224
15.5,9.7,0,-7.42235
15.5,9.8,0,-7.57388
15.5,9.9,0,-7.72486
15.5,10,0,-7.75048
15.5,10.1,0,-7.77022
15.5,10.2,0,-7.71665
15.5,10.3,0,-7.60941
15.5,10.4,0,-7.48101
15.5,10.5,0,-7.25869
15.5,10.6,0,-7.03979
15.5,10.7,0,-6.73781
15.5,10.8,0,-6.41556
15.5,10.9,0,-6.07914
15.5,11,0,-5.69075
15.5,11.1,0,-5.32456
15.5,11.2,0,-4.89961
15.5,11.3,0,-4.49055
15.5,11.4,0,-4.07517
15.5,11.5,0,-3.64012
15.5,11.6,0,-3.25008
15.5,11.7,0,-2.83221
15.5,11.8,0,-2.45528
15.5,11.9,0,-2.08201
15.5,12,0,-1.73676
15.5,12.1,0,-1.41637
15.5,12.2,0,-1.1034
15.5,12.3,0,-0.849539
15.5,12.4,0,-0.588564
15.5,12.5,0,-0.378362
15.5,12.6,0,-0.178856
15.5,12.7,0,0
15.6,0,0,0
15.6,0.1,0,-0.0675973
15.6,0.2,0,-0.121039
15.6,0.3,0,-0.178516
15.6,0.4,0,-0.25456
15.6,0.5,0,-0.302563
15.6,0.6,0,-0.376745
15.6,0.7,0,-0.468462
15.6,0.8,0,-0.524142
15.6,0.9,0,-0.640696
15.6,1,0,-0.765239
15.6,1.1,0,-0.849844
15.6,1.2,0,-1.00284
15.6,1.3,0,-1.09497
15.6,1.4,0,-1.25612
15.6,1.5,0,-1.46094
15.6,1.6,0,-1.52068
15.6,1.7,0,-1.70618
15.6,1.8,0,-1.80328
15.6,1.9,0,-1.95274
15.6,2,0,-2.20117
15.6,2.1,0,-2.17181
15.6,2.2,0,-2.31771
15.6,2.3,0,-2.3661
15.6,2.4,0,-2.43249
15.6,2.5,0,-2.66286
15.6,2.6,0,-2.50638
15.6,2.7,0,-2.55945
15.6,2.8,0,-2.54492
15.6,2.9,0,-2.5112
15.6,3,0,-2.69483
15.6,3.1,0,-2.46615
15.6,3.2,0,-2.45054
15.6,3.3,0,-2.4436
15.6,3.4,0,-2.37694
15.6,3.5,0,-2.51055
15.6,3.6,0,-2.33613
15.6,3.7,0,-2.318
15.6,3.8,0,-2.31921
15.6,3.9,0,-2.29515
15.6,4,0,-2.40956
15.6,4.1,0,-2.31224
15.6,4.2,0,-2.33304
15.6,4.3,0,-2.3487
15.6,4.4,0,-2.35485
15.6,4.5,0,-2.45789
15.6,4.6,0,-2.38071
15.6,4.7,0,-2.41175
15.6,4.8,0,-2.41352
15.6,4.9,0,-2.42504
15.6,5,0,-2.5442
15.6,5.1,0,-2.45279
15.6,5.2,0,-2.47069
15.6,5.3,0,-2.59137
15.6,5.4,0,-2.5054
15.6,5.5,0,-2.52089
15.6,5.6,0,-2.64177
15.6,5.7,0,-2.57699
15.6,5.8,0,-2.59855
15.6,5.9,0,-2.72094
15.6,6,0,-2.69191
15.6,6.1,0,-2.73715
15.6,6.2,0,-2.87744
15.6,6.3,0,-2.90392
15.6,6.4,0,-2.98185
15.6,6.5,0,-3.12706
15.6,6.6,0,-3.19693
15.6,6.7,0,-3.29463
15.6,6.8,0,-3.42587
15.6,6.9,0,-3.50843
15.6,7,0,-3.62149
15.6,7.1,0,-3.7583
15.6,7.2,0,-3.84071
15.6,7.3,0,-3.97286
15.6,7.4,0,-4.12773
15.6,7.5,0,-4.18951
15.6,7.6,0,-4.33696
15.6,7.7,0,-4.51958
15.6,7.8,0,-4.53672
15.6,7.9,0,-4.66367
15.6,8,0,-4.84575
15.6,8.1,0,-4.80093
15.6,8.2,0,-4.94064
15.6,8.3,0,-4.90021
15.6,8.4,0,-4.97872
15.6,8.5,0,-5.076
15.6,8.6,0,-5.0543
15.6,8.7,0,-5.3162
15.6,8.8,0,-5.17759
15.6,8.9,0,-5.3434
15.6,9,0,-5.38509
15.6,9.1,0,-5.55279
15.6,9.2,0,-5.8368
15.6,9.3,0,-5.95016
15.6,9.4,0,-6.29654
15.6,9.5,0,-6.43298
15.6,9.6,0,-6.67348
15.6,9.7,0,-6.90349
15.6,9.8,0,-7.05501
15.6,9.9,0,-7.21418
15.6,10,0,-7.26864
15.6,10.1,0,-7.2755
15.6,10.2,0,-7.27593
15.6,10.3,0,-7.1666
15.6,10.4,0,-7.0818
15.6,10.5,0,-6.86647
15.6,10.6,0,-6.62373
15.6,10.7,0,-6.39463
15.6,10.8,0,-6.05411
15.6,10.9,0,-5.78498
15.6,11,0,-5.39659
15.6,11.1,0,-5.06624
15.6,11.2,0,-4.65698
15.6,11.3,0,-4.24986
15.6,11.4,0,-3.88129
15.6,11.5,0,-3.458
15.6,11.6,0,-3.09902
15.6,11.7,0,-2.68115
15.6,11.8,0,-2.33206
15.6,11.9,0,-1.96176
15.6,12,0,-1.65264
15.6,12.1,0,-1.31955
15.6,12.2,0,-1.04022
15.6,12.3,0,-0.782997
15.6,12.4,0,-0.522023
15.6,12.5,0,-0.352976
15.6,12.6,0,-0.151325
15.6,12.7,0,0
15.7,0,0,0
15.7,0.1,0,-0.0747922
15.7,0.2,0,-0.120415
15.7,0.3,0,-0.177891
15.7,0.4,0,-0.256743
15.7,0.5,0,-0.289044
15.7,0.6,0,-0.352323
15.7,0.7,0,-0.436314
15.7,0.8,0,-0.491994
15.7,0.9,0,-0.582856
15.7,1,0,-0.709029
15.7,1.1,0,-0.755488
15.7,1.2,0,-0.916629
15.7,1.3,0,-1.00877
15.7,1.4,0,-1.11698
15.7,1.5,0,-1.34071
15.7,1.6,0,-1.3323
15.7,1.7,0,-1.55036
15.7,1.8,0,-1.64746
15.7,1.9,0,-1.71583
15.7,2,0,-2.01155
15.7,2.1,0,-1.88931
15.7,2.2,0,-2.09883
15.7,2.3,0,-2.14722
15.7,2.4,0,-2.11016
15.7,2.5,0,-2.42242
15.7,2.6,0,-2.15723
15.7,2.7,0,-2.30698
15.7,2.8,0,-2.29246
15.7,2.9,0,-2.14537
15.7,3,0,-2.44022
15.7,3.1,0,-2.10305
15.7,3.2,0,-2.20352
15.7,3.3,0,-2.19658
15.7,3.4,0,-2.03743
15.7,3.5,0,-2.27491
15.7,3.6,0,-2.02104
15.7,3.7,0,-2.08923
15.7,3.8,0,-2.09044
15.7,3.9,0,-1.99544
15.7,4,0,-2.18087
15.7,4.1,0,-2.02255
15.7,4.2,0,-2.10021
15.7,4.3,0,-2.11588
15.7,4.4,0,-2.06668
15.7,4.5,0,-2.21876
15.7,4.6,0,-2.08528
15.7,4.7,0,-2.16485
15.7,4.8,0,-2.16662
15.7,4.9,0,-2.11615
15.7,5,0,-2.28975
15.7,5.1,0,-2.14628
15.7,5.2,0,-2.16356
15.7,5.3,0,-2.33317
15.7,5.4,0,-2.19889
15.7,5.5,0,-2.21476
15.7,5.6,0,-2.38582
15.7,5.7,0,-2.27993
15.7,5.8,0,-2.30287
15.7,5.9,0,-2.47328
15.7,6,0,-2.40887
15.7,6.1,0,-2.4561
15.7,6.2,0,-2.64165
15.7,6.3,0,-2.64362
15.7,6.4,0,-2.72306
15.7,6.5,0,-2.90032
15.7,6.6,0,-2.95693
15.7,6.7,0,-3.05517
15.7,6.8,0,-3.20239
15.7,6.9,0,-3.27042
15.7,7,0,-3.38284
15.7,7.1,0,-3.53097
15.7,7.2,0,-3.58969
15.7,7.3,0,-3.71926
15.7,7.4,0,-3.88496
15.7,7.5,0,-3.90595
15.7,7.6,0,-4.04859
15.7,7.7,0,-4.24796
15.7,7.8,0,-4.2128
15.7,7.9,0,-4.33455
15.7,8,0,-4.54288
15.7,8.1,0,-4.41312
15.7,8.2,0,-4.61304
15.7,8.3,0,-4.52823
15.7,8.4,0,-4.57756
15.7,8.5,0,-4.72441
15.7,8.6,0,-4.56277
15.7,8.7,0,-4.93644
15.7,8.8,0,-4.64393
15.7,8.9,0,-4.93057
15.7,9,0,-4.93778
15.7,9.1,0,-5.02094
15.7,9.2,0,-5.38796
15.7,9.3,0,-5.38174
15.7,9.4,0,-5.81426
15.7,9.5,0,-5.88215
15.7,9.6,0,-6.16804
15.7,9.7,0,-6.39719
15.7,9.8,0,-6.53707
15.7,9.9,0,-6.70351
15.7,10,0,-6.7868
15.7,10.1,0,-6.78079
15.7,10.2,0,-6.8352
15.7,10.3,0,-6.70522
15.7,10.4,0,-6.62042
15.7,10.5,0,-6.47425
15.7,10.6,0,-6.20766
15.7,10.7,0,-6.05144
15.7,10.8,0,-5.69266
15.7,10.9,0,-5.4833
15.7,11,0,-5.09548
15.7,11.1,0,-4.76466
15.7,11.2,0,-4.41434
15.7,11.3,0,-4.00917
15.7,11.4,0,-3.68741
15.7,11.5,0,-3.27683
15.7,11.6,0,-2.93963
15.7,11.7,0,-2.54853
15.7,11.8,0,-2.20491
15.7,11.9,0,-1.84151
15.7,12,0,-1.56851
15.7,12.1,0,-1.22273
15.7,12.2,0,-0.987625
15.7,12.3,0,-0.722613
15.7,12.4,0,-0.48132
15.7,12.5,0,-0.329046
15.7,12.6,0,-0.123794
15.7,12.7,0,0
15.8,0,0,0
15.8,0.1,0,-0.0773105
15.8,0.2,0,-0.11979
15.8,0.3,0,-0.177266
15.8,0.4,0,-0.24872
15.8,0.5,0,-0.275525
15.8,0.6,0,-0.334988
15.8,0.7,0,-0.404166
15.8,0.8,0,-0.459846
15.8,0.9,0,-0.526076
15.8,1,0,-0.652819
15.8,1.1,0,-0.685926
15.8,1.2,0,-0.830423
15.8,1.3,0,-0.922561
15.8,1.4,0,-0.990136
15.8,1.5,0,-1.22048
15.8,1.6,0,-1.18822
15.8,1.7,0,-1.39454
15.8,1.8,0,-1.49164
15.8,1.9,0,-1.50966
15.8,2,0,-1.82193
15.8,2.1,0,-1.66718
15.8,2.2,0,-1.87994
15.8,2.3,0,-1.92833
15.8,2.4,0,-1.84105
15.8,2.5,0,-2.18197
15.8,2.6,0,-1.87874
15.8,2.7,0,-2.05452
15.8,2.8,0,-2.03999
15.8,2.9,0,-1.85183
15.8,3,0,-2.18562
15.8,3.1,0,-1.81048
15.8,3.2,0,-1.95651
15.8,3.3,0,-1.94957
15.8,3.4,0,-1.76543
15.8,3.5,0,-2.03927
15.8,3.6,0,-1.75759
15.8,3.7,0,-1.86047
15.8,3.8,0,-1.86167
15.8,3.9,0,-1.74189
15.8,4,0,-1.95218
15.8,4.1,0,-1.77251
15.8,4.2,0,-1.86738
15.8,4.3,0,-1.88305
15.8,4.4,0,-1.81038
15.8,4.5,0,-1.97962
15.8,4.6,0,-1.82644
15.8,4.7,0,-1.91795
15.8,4.8,0,-1.91972
15.8,4.9,0,-1.84265
15.8,5,0,-2.0353
15.8,5.1,0,-1.89183
15.8,5.2,0,-1.90536
15.8,5.3,0,-2.07498
15.8,5.4,0,-1.94069
15.8,5.5,0,-1.95881
15.8,5.6,0,-2.12987
15.8,5.7,0,-2.02398
15.8,5.8,0,-2.05521
15.8,5.9,0,-2.22562
15.8,6,0,-2.16121
15.8,6.1,0,-2.2203
15.8,6.2,0,-2.40586
15.8,6.3,0,-2.40783
15.8,6.4,0,-2.49631
15.8,6.5,0,-2.67357
15.8,6.6,0,-2.73018
15.8,6.7,0,-2.83169
15.8,6.8,0,-2.97891
15.8,6.9,0,-3.04694
15.8,7,0,-3.1555
15.8,7.1,0,-3.30363
15.8,7.2,0,-3.36236
15.8,7.3,0,-3.47649
15.8,7.4,0,-3.64219
15.8,7.5,0,-3.66318
15.8,7.6,0,-3.77697
15.8,7.7,0,-3.97634
15.8,7.8,0,-3.94118
15.8,7.9,0,-4.03168
15.8,8,0,-4.24001
15.8,8.1,0,-4.0637
15.8,8.2,0,-4.28545
15.8,8.3,0,-4.20063
15.8,8.4,0,-4.22598
15.8,8.5,0,-4.37283
15.8,8.6,0,-4.10336
15.8,8.7,0,-4.55669
15.8,8.8,0,-4.20523
15.8,8.9,0,-4.51775
15.8,9,0,-4.52496
15.8,9.1,0,-4.57211
15.8,9.2,0,-4.93913
15.8,9.3,0,-4.82386
15.8,9.4,0,-5.33198
15.8,9.5,0,-5.38492
15.8,9.6,0,-5.66259
15.8,9.7,0,-5.89174
15.8,9.8,0,-6.02639
15.8,9.9,0,-6.19283
15.8,10,0,-6.30496
15.8,10.1,0,-6.28608
15.8,10.2,0,-6.34336
15.8,10.3,0,-6.24383
15.8,10.4,0,-6.15903
15.8,10.5,0,-6.05945
15.8,10.6,0,-5.79159
15.8,10.7,0,-5.70826
15.8,10.8,0,-5.33121
15.8,10.9,0,-5.12185
15.8,11,0,-4.79389
15.8,11.1,0,-4.46307
15.8,11.2,0,-4.17323
15.8,11.3,0,-3.76848
15.8,11.4,0,-3.4878
15.8,11.5,0,-3.09565
15.8,11.6,0,-2.75845
15.8,11.7,0,-2.42138
15.8,11.8,0,-2.07777
15.8,11.9,0,-1.74355
15.8,12,0,-1.48439
15.8,12.1,0,-1.12956
15.8,12.2,0,-0.935029
15.8,12.3,0,-0.670017
15.8,12.4,0,-0.457391
15.8,12.5,0,-0.305116
15.8,12.6,0,-0.10871
15.8,12.7,0,0
15.9,0,0,0
15.9,0.1,0,-0.0765285
15.9,0.2,0,-0.119165
15.9,0.3,0,-0.176642
15.9,0.4,0,-0.23492
15.9,0.5,0,-0.262006
15.9,0.6,0,-0.320697
15.9,0.7,0,-0.372018
15.9,0.8,0,-0.427698
15.9,0.9,0,-0.472435
15.9,1,0,-0.596609
15.9,1.1,0,-0.630531
15.9,1.2,0,-0.744217
15.9,1.3,0,-0.836354
15.9,1.4,0,-0.875198
15.9,1.5,0,-1.10025
15.9,1.6,0,-1.07125
15.9,1.7,0,-1.23872
15.9,1.8,0,-1.33582
15.9,1.9,0,-1.32815
15.9,2,0,-1.6323
15.9,2.1,0,-1.48392
15.9,2.2,0,-1.66106
15.9,2.3,0,-1.70945
15.9,2.4,0,-1.61095
15.9,2.5,0,-1.94152
15.9,2.6,0,-1.64796
15.9,2.7,0,-1.80205
15.9,2.8,0,-1.78753
15.9,2.9,0,-1.60857
15.9,3,0,-1.93102
15.9,3.1,0,-1.56749
15.9,3.2,0,-1.70949
15.9,3.3,0,-1.70255
15.9,3.4,0,-1.53904
15.9,3.5,0,-1.80363
15.9,3.6,0,-1.53059
15.9,3.7,0,-1.6317
15.9,3.8,0,-1.6329
15.9,3.9,0,-1.52029
15.9,4,0,-1.72349
15.9,4.1,0,-1.54951
15.9,4.2,0,-1.63456
15.9,4.3,0,-1.65022
15.9,4.4,0,-1.57678
15.9,4.5,0,-1.74049
15.9,4.6,0,-1.59216
15.9,4.7,0,-1.67105
15.9,4.8,0,-1.67283
15.9,4.9,0,-1.5944
15.9,5,0,-1.78085
15.9,5.1,0,-1.63738
15.9,5.2,0,-1.64717
15.9,5.3,0,-1.81678
15.9,5.4,0,-1.6825
15.9,5.5,0,-1.70286
15.9,5.6,0,-1.87392
15.9,5.7,0,-1.76803
15.9,5.8,0,-1.80755
15.9,5.9,0,-1.97796
15.9,6,0,-1.91355
15.9,6.1,0,-1.98451
15.9,6.2,0,-2.17007
15.9,6.3,0,-2.17204
15.9,6.4,0,-2.26956
15.9,6.5,0,-2.44682
15.9,6.6,0,-2.50344
15.9,6.7,0,-2.60821
15.9,6.8,0,-2.75543
15.9,6.9,0,-2.82346
15.9,7,0,-2.92817
15.9,7.1,0,-3.0763
15.9,7.2,0,-3.13502
15.9,7.3,0,-3.23372
15.9,7.4,0,-3.39941
15.9,7.5,0,-3.42041
15.9,7.6,0,-3.50535
15.9,7.7,0,-3.70472
15.9,7.8,0,-3.66956
15.9,7.9,0,-3.7288
15.9,8,0,-3.93713
15.9,8.1,0,-3.77877
15.9,8.2,0,-3.95785
15.9,8.3,0,-3.87304
15.9,8.4,0,-3.87439
15.9,8.5,0,-4.02125
15.9,8.6,0,-3.78836
15.9,8.7,0,-4.17693
15.9,8.8,0,-3.84154
15.9,8.9,0,-4.10492
15.9,9,0,-4.11213
15.9,9.1,0,-4.12328
15.9,9.2,0,-4.4903
15.9,9.3,0,-4.41664
15.9,9.4,0,-4.84969
15.9,9.5,0,-4.90263
15.9,9.6,0,-5.15714
15.9,9.7,0,-5.38629
15.9,9.8,0,-5.51572
15.9,9.9,0,-5.68216
15.9,10,0,-5.78794
15.9,10.1,0,-5.79136
15.9,10.2,0,-5.84865
15.9,10.3,0,-5.78244
15.9,10.4,0,-5.69764
15.9,10.5,0,-5.64338
15.9,10.6,0,-5.37552
15.9,10.7,0,-5.28082
15.9,10.8,0,-4.96977
15.9,10.9,0,-4.76041
15.9,11,0,-4.4923
15.9,11.1,0,-4.16148
15.9,11.2,0,-3.93254
15.9,11.3,0,-3.52779
15.9,11.4,0,-3.25508
15.9,11.5,0,-2.91448
15.9,11.6,0,-2.57728
15.9,11.7,0,-2.29424
15.9,11.8,0,-1.95062
15.9,11.9,0,-1.65851
15.9,12,0,-1.40027
15.9,12.1,0,-1.0659
15.9,12.2,0,-0.882433
15.9,12.3,0,-0.61742
15.9,12.4,0,-0.433461
15.9,12.5,0,-0.281186
15.9,12.6,0,-0.109783
15.9,12.7,0,0
16,0,0,0
16,0.1,0,-0.0687089
16,0.2,0,-0.118541
16,0.3,0,-0.176017
16,0.4,0,-0.218593
16,0.5,0,-0.248487
16,0.6,0,-0.299452
16,0.7,0,-0.33987
16,0.8,0,-0.39555
16,0.9,0,-0.441916
16,1,0,-0.540399
16,1.1,0,-0.582472
16,1.2,0,-0.658011
16,1.3,0,-0.750148
16,1.4,0,-0.807899
16,1.5,0,-0.980019
16,1.6,0,-0.983573
16,1.7,0,-1.0829
16,1.8,0,-1.18001
16,1.9,0,-1.21961
16,2,0,-1.44268
16,2.1,0,-1.35791
16,2.2,0,-1.44218
16,2.3,0,-1.49057
16,2.4,0,-1.47395
16,2.5,0,-1.70108
16,2.6,0,-1.5042
16,2.7,0,-1.54959
16,2.8,0,-1.53506
16,2.9,0,-1.46734
16,3,0,-1.67642
16,3.1,0,-1.42896
16,3.2,0,-1.46247
16,3.3,0,-1.45553
16,3.4,0,-1.3959
16,3.5,0,-1.56799
16,3.6,0,-1.38127
16,3.7,0,-1.40293
16,3.8,0,-1.40414
16,3.9,0,-1.36255
16,4,0,-1.4948
16,4.1,0,-1.37768
16,4.2,0,-1.40173
16,4.3,0,-1.4174
16,4.4,0,-1.39299
16,4.5,0,-1.50135
16,4.6,0,-1.40155
16,4.7,0,-1.42415
16,4.8,0,-1.42593
16,4.9,0,-1.40193
16,5,0,-1.5264
16,5.1,0,-1.41718
16,5.2,0,-1.42541
16,5.3,0,-1.55859
16,5.4,0,-1.45943
16,5.5,0,-1.48072
16,5.6,0,-1.61797
16,5.7,0,-1.54569
16,5.8,0,-1.58867
16,5.9,0,-1.7303
16,6,0,-1.69758
16,6.1,0,-1.77348
16,6.2,0,-1.93427
16,6.3,0,-1.95867
16,6.4,0,-2.05997
16,6.5,0,-2.22007
16,6.6,0,-2.28787
16,6.7,0,-2.39401
16,6.8,0,-2.53195
16,6.9,0,-2.6079
16,7,0,-2.711
16,7.1,0,-2.84896
16,7.2,0,-2.91526
16,7.3,0,-3.00753
16,7.4,0,-3.15664
16,7.5,0,-3.18936
16,7.6,0,-3.26228
16,7.7,0,-3.43309
16,7.8,0,-3.41631
16,7.9,0,-3.46253
16,8,0,-3.63426
16,8.1,0,-3.53612
16,8.2,0,-3.63026
16,8.3,0,-3.55819
16,8.4,0,-3.55759
16,8.5,0,-3.66966
16,8.6,0,-3.54854
16,8.7,0,-3.79718
16,8.8,0,-3.58262
16,8.9,0,-3.6921
16,9,0,-3.69931
16,9.1,0,-3.74582
16,9.2,0,-4.04147
16,9.3,0,-4.05394
16,9.4,0,-4.36741
16,9.5,0,-4.46429
16,9.6,0,-4.65169
16,9.7,0,-4.88085
16,9.8,0,-5.01361
16,9.9,0,-5.17148
16,10,0,-5.26439
16,10.1,0,-5.29665
16,10.2,0,-5.33734
16,10.3,0,-5.32106
16,10.4,0,-5.23626
16,10.5,0,-5.17176
16,10.6,0,-4.95945
16,10.7,0,-4.84648
16,10.8,0,-4.60832
16,10.9,0,-4.39422
16,11,0,-4.19072
16,11.1,0,-3.8599
16,11.2,0,-3.63478
16,11.3,0,-3.2871
16,11.4,0,-3.0271
16,11.5,0,-2.7333
16,11.6,0,-2.40742
16,11.7,0,-2.16709
16,11.8,0,-1.82347
16,11.9,0,-1.56749
16,12,0,-1.31614
16,12.1,0,-1.026
16,12.2,0,-0.829837
16,12.3,0,-0.577971
16,12.4,0,-0.411534
16,12.5,0,-0.257256
16,12.6,0,-0.113384
16,12.7,0,0
16.1,0,0,0
16.1,0.1,0,-0.0608892
16.1,0.2,0,-0.113959
16.1,0.3,0,-0.166756
16.1,0.4,0,-0.202266
16.1,0.5,0,-0.234969
16.1,0.6,0,-0.278207
16.1,0.7,0,-0.313719
16.1,0.8,0,-0.364298
16.1,0.9,0,-0.411398
16.1,1,0,-0.484189
16.1,1.1,0,-0.534412
16.1,1.2,0,-0.592785
16.1,1.3,0,-0.674341
16.1,1.4,0,-0.740599
16.1,1.5,0,-0.859788
16.1,1.6,0,-0.895897
16.1,1.7,0,-0.964562
16.1,1.8,0,-1.05019
16.1,1.9,0,-1.11108
16.1,2,0,-1.25306
16.1,2.1,0,-1.23191
16.1,2.2,0,-1.27437
16.1,2.3,0,-1.31672
16.1,2.4,0,-1.33695
16.1,2.5,0,-1.46063
16.1,2.6,0,-1.36043
16.1,2.7,0,-1.35691
16.1,2.8,0,-1.34378
16.1,2.9,0,-1.32611
16.1,3,0,-1.42182
16.1,3.1,0,-1.29043
16.1,3.2,0,-1.27512
16.1,3.3,0,-1.26564
16.1,3.4,0,-1.25275
16.1,3.5,0,-1.33235
16.1,3.6,0,-1.23195
16.1,3.7,0,-1.21786
16.1,3.8,0,-1.21443
16.1,3.9,0,-1.2048
16.1,4,0,-1.26611
16.1,4.1,0,-1.20585
16.1,4.2,0,-1.20245
16.1,4.3,0,-1.21154
16.1,4.4,0,-1.2092
16.1,4.5,0,-1.26221
16.1,4.6,0,-1.21095
16.1,4.7,0,-1.20822
16.1,4.8,0,-1.20897
16.1,4.9,0,-1.20947
16.1,5,0,-1.27195
16.1,5.1,0,-1.22146
16.1,5.2,0,-1.22969
16.1,5.3,0,-1.30039
16.1,5.4,0,-1.26146
16.1,5.5,0,-1.28275
16.1,5.6,0,-1.36202
16.1,5.7,0,-1.34737
16.1,5.8,0,-1.39034
16.1,5.9,0,-1.48265
16.1,6,0,-1.50423
16.1,6.1,0,-1.58013
16.1,6.2,0,-1.69848
16.1,6.3,0,-1.76133
16.1,6.4,0,-1.86262
16.1,6.5,0,-1.99332
16.1,6.6,0,-2.08029
16.1,6.7,0,-2.18643
16.1,6.8,0,-2.30847
16.1,6.9,0,-2.398
16.1,7,0,-2.5011
16.1,7.1,0,-2.62163
16.1,7.2,0,-2.70091
16.1,7.3,0,-2.79318
16.1,7.4,0,-2.91387
16.1,7.5,0,-2.96669
16.1,7.6,0,-3.0396
16.1,7.7,0,-3.16147
16.1,7.8,0,-3.17619
16.1,7.9,0,-3.22241
16.1,8,0,-3.33139
16.1,8.1,0,-3.29346
16.1,8.2,0,-3.31576
16.1,8.3,0,-3.31936
16.1,8.4,0,-3.31876
16.1,8.5,0,-3.31808
16.1,8.6,0,-3.30872
16.1,8.7,0,-3.41742
16.1,8.8,0,-3.3237
16.1,8.9,0,-3.32839
16.1,9,0,-3.39879
16.1,9.1,0,-3.44774
16.1,9.2,0,-3.59263
16.1,9.3,0,-3.69125
16.1,9.4,0,-3.88513
16.1,9.5,0,-4.02739
16.1,9.6,0,-4.17943
16.1,9.7,0,-4.38206
16.1,9.8,0,-4.51635
16.1,9.9,0,-4.66081
16.1,10,0,-4.74085
16.1,10.1,0,-4.80193
16.1,10.2,0,-4.82196
16.1,10.3,0,-4.82463
16.1,10.4,0,-4.7594
16.1,10.5,0,-4.68653
16.1,10.6,0,-4.54338
16.1,10.7,0,-4.41215
16.1,10.8,0,-4.24687
16.1,10.9,0,-4.02535
16.1,11,0,-3.83437
16.1,11.1,0,-3.55925
16.1,11.2,0,-3.33513
16.1,11.3,0,-3.0464
16.1,11.4,0,-2.79912
16.1,11.5,0,-2.55213
16.1,11.6,0,-2.25016
16.1,11.7,0,-2.01047
16.1,11.8,0,-1.70785
16.1,11.9,0,-1.47647
16.1,12,0,-1.23202
16.1,12.1,0,-0.986097
16.1,12.2,0,-0.777241
16.1,12.3,0,-0.567986
16.1,12.4,0,-0.401549
16.1,12.5,0,-0.237573
16.1,12.6,0,-0.116986
16.1,12.7,0,0
16.2,0,0,0
16.2,0.1,0,-0.0530696
16.2,0.2,0,-0.106139
16.2,0.3,0,-0.150429
16.2,0.4,0,-0.185939
16.2,0.5,0,-0.22145
16.2,0.6,0,-0.256962
16.2,0.7,0,-0.292474
16.2,0.8,0,-0.333779
16.2,0.9,0,-0.380879
16.2,1,0,-0.427978
16.2,1.1,0,-0.486352
16.2,1.2,0,-0.544725
16.2,1.3,0,-0.607041
16.2,1.4,0,-0.673299
16.2,1.5,0,-0.739557
16.2,1.6,0,-0.808222
16.2,1.7,0,-0.876886
16.2,1.8,0,-0.941662
16.2,1.9,0,-1.00255
16.2,2,0,-1.06343
16.2,2.1,0,-1.1059
16.2,2.2,0,-1.14837
16.2,2.3,0,-1.17972
16.2,2.4,0,-1.19995
16.2,2.5,0,-1.22019
16.2,2.6,0,-1.21666
16.2,2.7,0,-1.21314
16.2,2.8,0,-1.20255
16.2,2.9,0,-1.18488
16.2,3,0,-1.16722
16.2,3.1,0,-1.15191
16.2,3.2,0,-1.1366
16.2,3.3,0,-1.1225
16.2,3.4,0,-1.10961
16.2,3.5,0,-1.09671
16.2,3.6,0,-1.08263
16.2,3.7,0,-1.06854
16.2,3.8,0,-1.05668
16.2,3.9,0,-1.04705
16.2,4,0,-1.03742
16.2,4.1,0,-1.03402
16.2,4.2,0,-1.03062
16.2,4.3,0,-1.02775
16.2,4.4,0,-1.02542
16.2,4.5,0,-1.02308
16.2,4.6,0,-1.02035
16.2,4.7,0,-1.01761
16.2,4.8,0,-1.0165
16.2,4.9,0,-1.017
16.2,5,0,-1.0175
16.2,5.1,0,-1.02573
16.2,5.2,0,-1.03396
16.2,5.3,0,-1.04219
16.2,5.4,0,-1.06349
16.2,5.5,0,-1.08478
16.2,5.6,0,-1.10607
16.2,5.7,0,-1.14904
16.2,5.8,0,-1.19201
16.2,5.9,0,-1.23499
16.2,6,0,-1.31089
16.2,6.1,0,-1.38679
16.2,6.2,0,-1.46269
16.2,6.3,0,-1.56398
16.2,6.4,0,-1.66528
16.2,6.5,0,-1.76657
16.2,6.6,0,-1.87271
16.2,6.7,0,-1.97885
16.2,6.8,0,-2.08499
16.2,6.9,0,-2.18809
16.2,7,0,-2.29119
16.2,7.1,0,-2.39429
16.2,7.2,0,-2.48656
16.2,7.3,0,-2.57883
16.2,7.4,0,-2.6711
16.2,7.5,0,-2.74401
16.2,7.6,0,-2.81693
16.2,7.7,0,-2.88985
16.2,7.8,0,-2.93607
16.2,7.9,0,-2.98229
16.2,8,0,-3.02851
16.2,8.1,0,-3.05081
16.2,8.2,0,-3.07311
16.2,8.3,0,-3.08053
16.2,8.4,0,-3.07993
16.2,8.5,0,-3.07707
16.2,8.6,0,-3.0689
16.2,8.7,0,-3.06074
16.2,8.8,0,-3.06478
16.2,8.9,0,-3.06947
16.2,9,0,-3.10072
16.2,9.1,0,-3.14967
16.2,9.2,0,-3.21482
16.2,9.3,0,-3.32855
16.2,9.4,0,-3.44229
16.2,9.5,0,-3.59049
16.2,9.6,0,-3.74253
16.2,9.7,0,-3.8848
16.2,9.8,0,-4.01909
16.2,9.9,0,-4.14165
16.2,10,0,-4.2173
16.2,10.1,0,-4.29296
16.2,10.2,0,-4.30658
16.2,10.3,0,-4.30926
16.2,10.4,0,-4.27416
16.2,10.5,0,-4.20129
16.2,10.6,0,-4.11828
16.2,10.7,0,-3.97781
16.2,10.8,0,-3.83735
16.2,10.9,0,-3.65648
16.2,11,0,-3.4655
16.2,11.1,0,-3.25961
16.2,11.2,0,-3.03549
16.2,11.3,0,-2.8099
16.2,11.4,0,-2.57113
16.2,11.5,0,-2.33236
16.2,11.6,0,-2.0929
16.2,11.7,0,-1.85321
16.2,11.8,0,-1.61684
16.2,11.9,0,-1.38545
16.2,12,0,-1.15519
16.2,12.1,0,-0.946195
16.2,12.2,0,-0.737204
16.2,12.3,0,-0.558001
16.2,12.4,0,-0.391565
16.2,12.5,0,-0.241175
16.2,12.6,0,-0.120588
16.2,12.7,0,0
16.3,0,0,0
16.3,0.1,0,-0.0532481
16.3,0.2,0,-0.106318
16.3,0.3,0,-0.137433
16.3,0.4,0,-0.172943
16.3,0.5,0,-0.206562
16.3,0.6,0,-0.232385
16.3,0.7,0,-0.267897
16.3,0.8,0,-0.299116
16.3,0.9,0,-0.346216
16.3,1,0,-0.400488
16.3,1.1,0,-0.435163
16.3,1.2,0,-0.493537
16.3,1.3,0,-0.537783
16.3,1.4,0,-0.604042
16.3,1.5,0,-0.687823
16.3,1.6,0,-0.720952
16.3,1.7,0,-0.789617
16.3,1.8,0,-0.837742
16.3,1.9,0,-0.898628
16.3,2,0,-0.982782
16.3,2.1,0,-0.987167
16.3,2.2,0,-1.02963
16.3,2.3,0,-1.04979
16.3,2.4,0,-1.07003
16.3,2.5,0,-1.11817
16.3,2.6,0,-1.08115
16.3,2.7,0,-1.07762
16.3,2.8,0,-1.06219
16.3,2.9,0,-1.04452
16.3,3,0,-1.05501
16.3,3.1,0,-1.01099
16.3,3.2,0,-0.995679
16.3,3.3,0,-0.980179
16.3,3.4,0,-0.967289
16.3,3.5,0,-0.975187
16.3,3.6,0,-0.933251
16.3,3.7,0,-0.919165
16.3,3.8,0,-0.896121
16.3,3.9,0,-0.88649
16.3,4,0,-0.897852
16.3,4.1,0,-0.860989
16.3,4.2,0,-0.857589
16.3,4.3,0,-0.844486
16.3,4.4,0,-0.842148
16.3,4.5,0,-0.866506
16.3,4.6,0,-0.829477
16.3,4.7,0,-0.826745
16.3,4.8,0,-0.822215
16.3,4.9,0,-0.822717
16.3,5,0,-0.855947
16.3,5.1,0,-0.825799
16.3,5.2,0,-0.834029
16.3,5.3,0,-0.877904
16.3,5.4,0,-0.859612
16.3,5.5,0,-0.880902
16.3,5.6,0,-0.937083
16.3,5.7,0,-0.939828
16.3,5.8,0,-0.982801
16.3,5.9,0,-1.05833
16.3,6,0,-1.10293
16.3,6.1,0,-1.17883
16.3,6.2,0,-1.27303
16.3,6.3,0,-1.36158
16.3,6.4,0,-1.46288
16.3,6.5,0,-1.55806
16.3,6.6,0,-1.66644
16.3,6.7,0,-1.77258
16.3,6.8,0,-1.86079
16.3,6.9,0,-1.97924
16.3,7,0,-2.08234
16.3,7.1,0,-2.16373
16.3,7.2,0,-2.27955
16.3,7.3,0,-2.37182
16.3,7.4,0,-2.44032
16.3,7.5,0,-2.52898
16.3,7.6,0,-2.6019
16.3,7.7,0,-2.66224
16.3,7.8,0,-2.70897
16.3,7.9,0,-2.75519
16.3,8,0,-2.80874
16.3,8.1,0,-2.81716
16.3,8.2,0,-2.83946
16.3,8.3,0,-2.84658
16.3,8.4,0,-2.84599
16.3,8.5,0,-2.83751
16.3,8.6,0,-2.82879
16.3,8.7,0,-2.87484
16.3,8.8,0,-2.79836
16.3,8.9,0,-2.80305
16.3,9,0,-2.78331
16.3,9.1,0,-2.83226
16.3,9.2,0,-2.86511
16.3,9.3,0,-2.94591
16.3,9.4,0,-3.16268
16.3,9.5,0,-3.15032
16.3,9.6,0,-3.30235
16.3,9.7,0,-3.40159
16.3,9.8,0,-3.53587
16.3,9.9,0,-3.71054
16.3,10,0,-3.71527
16.3,10.1,0,-3.88955
16.3,10.2,0,-3.81395
16.3,10.3,0,-3.81663
16.3,10.4,0,-3.81199
16.3,10.5,0,-3.73912
16.3,10.6,0,-3.76678
16.3,10.7,0,-3.56141
16.3,10.8,0,-3.47432
16.3,10.9,0,-3.30031
16.3,11,0,-3.10933
16.3,11.1,0,-2.96736
16.3,11.2,0,-2.74324
16.3,11.3,0,-2.6138
16.3,11.4,0,-2.34464
16.3,11.5,0,-2.12143
16.3,11.6,0,-1.93471
16.3,11.7,0,-1.69501
16.3,11.8,0,-1.52171
16.3,11.9,0,-1.29032
16.3,12,0,-1.09935
16.3,12.1,0,-0.896822
16.3,12.2,0,-0.688062
16.3,12.3,0,-0.531681
16.3,12.4,0,-0.365244
16.3,12.5,0,-0.233307
16.3,12.6,0,-0.11272
16.3,12.7,0,0
16.4,0,0,0
16.4,0.1,0,-0.0534266
16.4,0.2,0,-0.102091
16.4,0.3,0,-0.12596
16.4,0.4,0,-0.159946
16.4,0.5,0,-0.191675
16.4,0.6,0,-0.207809
16.4,0.7,0,-0.245511
16.4,0.8,0,-0.271182
16.4,0.9,0,-0.311552
16.4,1,0,-0.372998
16.4,1.1,0,-0.383974
16.4,1.2,0,-0.448005
16.4,1.3,0,-0.482314
16.4,1.4,0,-0.534784
16.4,1.5,0,-0.636089
16.4,1.6,0,-0.633683
16.4,1.7,0,-0.711806
16.4,1.8,0,-0.750773
16.4,1.9,0,-0.794708
16.4,2,0,-0.90213
16.4,2.1,0,-0.868432
16.4,2.2,0,-0.92259
16.4,2.3,0,-0.936594
16.4,2.4,0,-0.940101
16.4,2.5,0,-1.01615
16.4,2.6,0,-0.945631
16.4,2.7,0,-0.95432
16.4,2.8,0,-0.936222
16.4,2.9,0,-0.904168
16.4,3,0,-0.942809
16.4,3.1,0,-0.870072
16.4,3.2,0,-0.865978
16.4,3.3,0,-0.849709
16.4,3.4,0,-0.824972
16.4,3.5,0,-0.853659
16.4,3.6,0,-0.783874
16.4,3.7,0,-0.778775
16.4,3.8,0,-0.749579
16.4,3.9,0,-0.725927
16.4,4,0,-0.758283
16.4,4.1,0,-0.687955
16.4,4.2,0,-0.695112
16.4,4.3,0,-0.67638
16.4,4.4,0,-0.65888
16.4,4.5,0,-0.709934
16.4,4.6,0,-0.638607
16.4,4.7,0,-0.649853
16.4,4.8,0,-0.643444
16.4,4.9,0,-0.628432
16.4,5,0,-0.694391
16.4,5.1,0,-0.625863
16.4,5.2,0,-0.634094
16.4,5.3,0,-0.713613
16.4,5.4,0,-0.655737
16.4,5.5,0,-0.677028
16.4,5.6,0,-0.768098
16.4,5.7,0,-0.730616
16.4,5.8,0,-0.773589
16.4,5.9,0,-0.881666
16.4,6,0,-0.894982
16.4,6.1,0,-0.970883
16.4,6.2,0,-1.08337
16.4,6.3,0,-1.15918
16.4,6.4,0,-1.26048
16.4,6.5,0,-1.34955
16.4,6.6,0,-1.46016
16.4,6.7,0,-1.5663
16.4,6.8,0,-1.6366
16.4,6.9,0,-1.77038
16.4,7,0,-1.87348
16.4,7.1,0,-1.93317
16.4,7.2,0,-2.07254
16.4,7.3,0,-2.16481
16.4,7.4,0,-2.20954
16.4,7.5,0,-2.31395
16.4,7.6,0,-2.38687
16.4,7.7,0,-2.43464
16.4,7.8,0,-2.48188
16.4,7.9,0,-2.5281
16.4,8,0,-2.58897
16.4,8.1,0,-2.58351
16.4,8.2,0,-2.6293
16.4,8.3,0,-2.61263
16.4,8.4,0,-2.61204
16.4,8.5,0,-2.64889
16.4,8.6,0,-2.58868
16.4,8.7,0,-2.69965
16.4,8.8,0,-2.53194
16.4,8.9,0,-2.59851
16.4,9,0,-2.46892
16.4,9.1,0,-2.51485
16.4,9.2,0,-2.67008
16.4,9.3,0,-2.56326
16.4,9.4,0,-2.93377
16.4,9.5,0,-2.71014
16.4,9.6,0,-2.9523
16.4,9.7,0,-2.95891
16.4,9.8,0,-3.05266
16.4,9.9,0,-3.41687
16.4,10,0,-3.21323
16.4,10.1,0,-3.58271
16.4,10.2,0,-3.32132
16.4,10.3,0,-3.39011
16.4,10.4,0,-3.40524
16.4,10.5,0,-3.27695
16.4,10.6,0,-3.47882
16.4,10.7,0,-3.145
16.4,10.8,0,-3.21471
16.4,10.9,0,-2.94414
16.4,11,0,-2.77801
16.4,11.1,0,-2.71101
16.4,11.2,0,-2.451
16.4,11.3,0,-2.43266
16.4,11.4,0,-2.11814
16.4,11.5,0,-1.98361
16.4,11.6,0,-1.77652
16.4,11.7,0,-1.53816
16.4,11.8,0,-1.42646
16.4,11.9,0,-1.19519
16.4,12,0,-1.04223
16.4,12.1,0,-0.84745
16.4,12.2,0,-0.660342
16.4,12.3,0,-0.505361
16.4,12.4,0,-0.338924
16.4,12.5,0,-0.223771
16.4,12.6,0,-0.104852
16.4,12.7,0,0
16.5,0,0,0
16.5,0.1,0,-0.0536051
16.5,0.2,0,-0.0924812
16.5,0.3,0,-0.11635
16.5,0.4,0,-0.14695
16.5,0.5,0,-0.176787
16.5,0.6,0,-0.183232
16.5,0.7,0,-0.225801
16.5,0.8,0,-0.251472
16.5,0.9,0,-0.276889
16.5,1,0,-0.345507
16.5,1.1,0,-0.332786
16.5,1.2,0,-0.409388
16.5,1.3,0,-0.443697
16.5,1.4,0,-0.465526
16.5,1.5,0,-0.584355
16.5,1.6,0,-0.546413
16.5,1.7,0,-0.645556
16.5,1.8,0,-0.684523
16.5,1.9,0,-0.690788
16.5,2,0,-0.821478
16.5,2.1,0,-0.749697
16.5,2.2,0,-0.829834
16.5,2.3,0,-0.843838
16.5,2.4,0,-0.810175
16.5,2.5,0,-0.914128
16.5,2.6,0,-0.810116
16.5,2.7,0,-0.84594
16.5,2.8,0,-0.827843
16.5,2.9,0,-0.763811
16.5,3,0,-0.830605
16.5,3.1,0,-0.729154
16.5,3.2,0,-0.749987
16.5,3.3,0,-0.733718
16.5,3.4,0,-0.682655
16.5,3.5,0,-0.732131
16.5,3.6,0,-0.634496
16.5,3.7,0,-0.649371
16.5,3.8,0,-0.620175
16.5,3.9,0,-0.565364
16.5,4,0,-0.618713
16.5,4.1,0,-0.514921
16.5,4.2,0,-0.545537
16.5,4.3,0,-0.526805
16.5,4.4,0,-0.475612
16.5,4.5,0,-0.553362
16.5,4.6,0,-0.447738
16.5,4.7,0,-0.490043
16.5,4.8,0,-0.483634
16.5,4.9,0,-0.434147
16.5,5,0,-0.532835
16.5,5.1,0,-0.441919
16.5,5.2,0,-0.44901
16.5,5.3,0,-0.549321
16.5,5.4,0,-0.468356
16.5,5.5,0,-0.487691
16.5,5.6,0,-0.599113
16.5,5.7,0,-0.538165
16.5,5.8,0,-0.57794
16.5,5.9,0,-0.705005
16.5,6,0,-0.700069
16.5,6.1,0,-0.770552
16.5,6.2,0,-0.893705
16.5,6.3,0,-0.962092
16.5,6.4,0,-1.05553
16.5,6.5,0,-1.14104
16.5,6.6,0,-1.25296
16.5,6.7,0,-1.35256
16.5,6.8,0,-1.4124
16.5,6.9,0,-1.55514
16.5,7,0,-1.65558
16.5,7.1,0,-1.70261
16.5,7.2,0,-1.85572
16.5,7.3,0,-1.9479
16.5,7.4,0,-1.97877
16.5,7.5,0,-2.09236
16.5,7.6,0,-2.1666
16.5,7.7,0,-2.20704
16.5,7.8,0,-2.25457
16.5,7.9,0,-2.30405
16.5,8,0,-2.3692
16.5,8.1,0,-2.34986
16.5,8.2,0,-2.42343
16.5,8.3,0,-2.40273
16.5,8.4,0,-2.40943
16.5,8.5,0,-2.46027
16.5,8.6,0,-2.34858
16.5,8.7,0,-2.52446
16.5,8.8,0,-2.26552
16.5,8.9,0,-2.42298
16.5,9,0,-2.29339
16.5,9.1,0,-2.26188
16.5,9.2,0,-2.47505
16.5,9.3,0,-2.18062
16.5,9.4,0,-2.70486
16.5,9.5,0,-2.27671
16.5,9.6,0,-2.6868
16.5,9.7,0,-2.69341
16.5,9.8,0,-2.63801
16.5,9.9,0,-3.1232
16.5,10,0,-2.71119
16.5,10.1,0,-3.27586
16.5,10.2,0,-2.86525
16.5,10.3,0,-3.0858
16.5,10.4,0,-3.10093
16.5,10.5,0,-2.84907
16.5,10.6,0,-3.19086
16.5,10.7,0,-2.72859
16.5,10.8,0,-2.95509
16.5,10.9,0,-2.6229
16.5,11,0,-2.55532
16.5,11.1,0,-2.48831
16.5,11.2,0,-2.1623
16.5,11.3,0,-2.25151
16.5,11.4,0,-1.89164
16.5,11.5,0,-1.8458
16.5,11.6,0,-1.62905
16.5,11.7,0,-1.44286
16.5,11.8,0,-1.33115
16.5,11.9,0,-1.10007
16.5,12,0,-0.985115
16.5,12.1,0,-0.798077
16.5,12.2,0,-0.632623
16.5,12.3,0,-0.478073
16.5,12.4,0,-0.326717
16.5,12.5,0,-0.213932
16.5,12.6,0,-0.0969836
16.5,12.7,0,0
16.6,0,0,0
16.6,0.1,0,-0.053623
16.6,0.2,0,-0.0828711
16.6,0.3,0,-0.10674
16.6,0.4,0,-0.132251
16.6,0.5,0,-0.161899
16.6,0.6,0,-0.167376
16.6,0.7,0,-0.206092
16.6,0.8,0,-0.231763
16.6,0.9,0,-0.248682
16.6,1,0,-0.318017
16.6,1.1,0,-0.302926
16.6,1.2,0,-0.370771
16.6,1.3,0,-0.40508
16.6,1.4,0,-0.41204
16.6,1.5,0,-0.532621
16.6,1.6,0,-0.491125
16.6,1.7,0,-0.579306
16.6,1.8,0,-0.618273
16.6,1.9,0,-0.607809
16.6,2,0,-0.740825
16.6,2.1,0,-0.665237
16.6,2.2,0,-0.737078
16.6,2.3,0,-0.751082
16.6,2.4,0,-0.705365
16.6,2.5,0,-0.812108
16.6,2.6,0,-0.704747
16.6,2.7,0,-0.73756
16.6,2.8,0,-0.719463
16.6,2.9,0,-0.648792
16.6,3,0,-0.718401
16.6,3.1,0,-0.614079
16.6,3.2,0,-0.633996
16.6,3.3,0,-0.617727
16.6,3.4,0,-0.559049
16.6,3.5,0,-0.610603
16.6,3.6,0,-0.510183
16.6,3.7,0,-0.519967
16.6,3.8,0,-0.490771
16.6,3.9,0,-0.423695
16.6,4,0,-0.479144
16.6,4.1,0,-0.372005
16.6,4.2,0,-0.395962
16.6,4.3,0,-0.37723
16.6,4.4,0,-0.31637
16.6,4.5,0,-0.39679
16.6,4.6,0,-0.287736
16.6,4.7,0,-0.330233
16.6,4.8,0,-0.323825
16.6,4.9,0,-0.269318
16.6,5,0,-0.371279
16.6,5.1,0,-0.280363
16.6,5.2,0,-0.284719
16.6,5.3,0,-0.38503
16.6,5.4,0,-0.304065
16.6,5.5,0,-0.318707
16.6,5.6,0,-0.430129
16.6,5.7,0,-0.369181
16.6,5.8,0,-0.40128
16.6,5.9,0,-0.528345
16.6,6,0,-0.523409
16.6,6.1,0,-0.580892
16.6,6.2,0,-0.704044
16.6,6.3,0,-0.772431
16.6,6.4,0,-0.847023
16.6,6.5,0,-0.932533
16.6,6.6,0,-1.04445
16.6,6.7,0,-1.12836
16.6,6.8,0,-1.1882
16.6,6.9,0,-1.33094
16.6,7,0,-1.42502
16.6,7.1,0,-1.47204
16.6,7.2,0,-1.62515
16.6,7.3,0,-1.71712
16.6,7.4,0,-1.74799
16.6,7.5,0,-1.86158
16.6,7.6,0,-1.939
16.6,7.7,0,-1.97943
16.6,7.8,0,-2.02696
16.6,7.9,0,-2.08428
16.6,8,0,-2.14943
16.6,8.1,0,-2.12596
16.6,8.2,0,-2.21756
16.6,8.3,0,-2.19686
16.6,8.4,0,-2.22082
16.6,8.5,0,-2.27165
16.6,8.6,0,-2.14334
16.6,8.7,0,-2.34927
16.6,8.8,0,-2.07819
16.6,8.9,0,-2.24745
16.6,9,0,-2.11786
16.6,9.1,0,-2.06686
16.6,9.2,0,-2.28002
16.6,9.3,0,-1.85521
16.6,9.4,0,-2.47596
16.6,9.5,0,-2.0478
16.6,9.6,0,-2.4213
16.6,9.7,0,-2.4279
16.6,9.8,0,-2.34433
16.6,9.9,0,-2.82953
16.6,10,0,-2.25851
16.6,10.1,0,-2.96901
16.6,10.2,0,-2.55841
16.6,10.3,0,-2.78149
16.6,10.4,0,-2.79662
16.6,10.5,0,-2.56111
16.6,10.6,0,-2.9029
16.6,10.7,0,-2.3455
16.6,10.8,0,-2.69548
16.6,10.9,0,-2.36329
16.6,11,0,-2.33263
16.6,11.1,0,-2.26562
16.6,11.2,0,-1.98115
16.6,11.3,0,-2.07037
16.6,11.4,0,-1.68203
16.6,11.5,0,-1.70798
16.6,11.6,0,-1.49124
16.6,11.7,0,-1.34755
16.6,11.8,0,-1.23585
16.6,11.9,0,-1.03789
16.6,12,0,-0.927998
16.6,12.1,0,-0.744544
16.6,12.2,0,-0.604903
16.6,12.3,0,-0.450353
16.6,12.4,0,-0.316878
16.6,12.5,0,-0.204092
16.6,12.6,0,-0.09464
16.6,12.7,0,0
16.7,0,0,0
16.7,0.1,0,-0.050197
16.7,0.2,0,-0.0732611
16.7,0.3,0,-0.0971296
16.7,0.4,0,-0.118549
16.7,0.5,0,-0.147012
16.7,0.6,0,-0.154192
16.7,0.7,0,-0.186382
16.7,0.8,0,-0.212053
16.7,0.9,0,-0.226425
16.7,1,0,-0.290526
16.7,1.1,0,-0.279835
16.7,1.2,0,-0.332154
16.7,1.3,0,-0.366463
16.7,1.4,0,-0.37103
16.7,1.5,0,-0.480887
16.7,1.6,0,-0.446748
16.7,1.7,0,-0.513056
16.7,1.8,0,-0.552023
16.7,1.9,0,-0.540341
16.7,2,0,-0.660173
16.7,2.1,0,-0.593677
16.7,2.2,0,-0.644321
16.7,2.3,0,-0.658326
16.7,2.4,0,-0.616355
16.7,2.5,0,-0.710089
16.7,2.6,0,-0.612225
16.7,2.7,0,-0.629181
16.7,2.8,0,-0.611083
16.7,2.9,0,-0.54778
16.7,3,0,-0.606196
16.7,3.1,0,-0.510599
16.7,3.2,0,-0.518005
16.7,3.3,0,-0.501735
16.7,3.4,0,-0.446735
16.7,3.5,0,-0.489075
16.7,3.6,0,-0.395646
16.7,3.7,0,-0.390562
16.7,3.8,0,-0.361366
16.7,3.9,0,-0.295031
16.7,4,0,-0.339575
16.7,4.1,0,-0.240647
16.7,4.2,0,-0.246386
16.7,4.3,0,-0.227654
16.7,4.4,0,-0.171591
16.7,4.5,0,-0.240218
16.7,4.6,0,-0.142035
16.7,4.7,0,-0.170424
16.7,4.8,0,-0.164015
16.7,4.9,0,-0.119828
16.7,5,0,-0.209723
16.7,5.1,0,-0.118807
16.7,5.2,0,-0.120428
16.7,5.3,0,-0.220739
16.7,5.4,0,-0.139774
16.7,5.5,0,-0.149722
16.7,5.6,0,-0.261144
16.7,5.7,0,-0.200196
16.7,5.8,0,-0.22462
16.7,5.9,0,-0.351685
16.7,6,0,-0.346749
16.7,6.1,0,-0.391231
16.7,6.2,0,-0.514384
16.7,6.3,0,-0.58277
16.7,6.4,0,-0.638513
16.7,6.5,0,-0.724023
16.7,6.6,0,-0.835939
16.7,6.7,0,-0.904166
16.7,6.8,0,-0.964003
16.7,6.9,0,-1.10674
16.7,7,0,-1.19446
16.7,7.1,0,-1.24148
16.7,7.2,0,-1.39459
16.7,7.3,0,-1.48634
16.7,7.4,0,-1.51721
16.7,7.5,0,-1.63081
16.7,7.6,0,-1.71139
16.7,7.7,0,-1.75183
16.7,7.8,0,-1.79936
16.7,7.9,0,-1.86451
16.7,8,0,-1.92966
16.7,8.1,0,-1.92141
16.7,8.2,0,-2.01169
16.7,8.3,0,-1.99099
16.7,8.4,0,-2.0322
16.7,8.5,0,-2.08303
16.7,8.6,0,-2.00485
16.7,8.7,0,-2.17408
16.7,8.8,0,-1.93781
16.7,8.9,0,-2.07192
16.7,9,0,-1.94233
16.7,9.1,0,-1.87183
16.7,9.2,0,-2.08499
16.7,9.3,0,-1.79097
16.7,9.4,0,-2.24705
16.7,9.5,0,-1.85699
16.7,9.6,0,-2.15579
16.7,9.7,0,-2.1624
16.7,9.8,0,-2.05066
16.7,9.9,0,-2.53585
16.7,10,0,-2.16003
16.7,10.1,0,-2.66216
16.7,10.2,0,-2.26158
16.7,10.3,0,-2.47718
16.7,10.4,0,-2.49231
16.7,10.5,0,-2.28155
16.7,10.6,0,-2.61494
16.7,10.7,0,-2.21434
16.7,10.8,0,-2.43587
16.7,10.9,0,-2.10367
16.7,11,0,-2.10994
16.7,11.1,0,-2.04293
16.7,11.2,0,-1.81518
16.7,11.3,0,-1.88923
16.7,11.4,0,-1.57872
16.7,11.5,0,-1.57016
16.7,11.6,0,-1.35342
16.7,11.7,0,-1.25224
16.7,11.8,0,-1.14054
16.7,11.9,0,-0.980711
16.7,12,0,-0.870882
16.7,12.1,0,-0.702862
16.7,12.2,0,-0.577183
16.7,12.3,0,-0.422634
16.7,12.4,0,-0.307038
16.7,12.5,0,-0.194252
16.7,12.6,0,-0.0935596
16.7,12.7,0,0
16.8,0,0,0
16.8,0.1,0,-0.0404084
16.8,0.2,0,-0.063651
16.8,0.3,0,-0.0875195
16.8,0.4,0,-0.107048
16.8,0.5,0,-0.132124
16.8,0.6,0,-0.144171
16.8,0.7,0,-0.166673
16.8,0.8,0,-0.192344
16.8,0.9,0,-0.213888
16.8,1,0,-0.263036
16.8,1.1,0,-0.264916
16.8,1.2,0,-0.293537
16.8,1.3,0,-0.327846
16.8,1.4,0,-0.349936
16.8,1.5,0,-0.429152
16.8,1.6,0,-0.416033
16.8,1.7,0,-0.446806
16.8,1.8,0,-0.485774
16.8,1.9,0,-0.497359
16.8,2,0,-0.579521
16.8,2.1,0,-0.539003
16.8,2.2,0,-0.551565
16.8,2.3,0,-0.56557
16.8,2.4,0,-0.551506
16.8,2.5,0,-0.60807
16.8,2.6,0,-0.537342
16.8,2.7,0,-0.520801
16.8,2.8,0,-0.502703
16.8,2.9,0,-0.467553
16.8,3,0,-0.493992
16.8,3.1,0,-0.423321
16.8,3.2,0,-0.402013
16.8,3.3,0,-0.385744
16.8,3.4,0,-0.351532
16.8,3.5,0,-0.367547
16.8,3.6,0,-0.294091
16.8,3.7,0,-0.261158
16.8,3.8,0,-0.231962
16.8,3.9,0,-0.18662
16.8,4,0,-0.200005
16.8,4.1,0,-0.124536
16.8,4.2,0,-0.096811
16.8,4.3,0,-0.078079
16.8,4.4,0,-0.0487119
16.8,4.5,0,-0.0836463
16.8,4.6,0,-0.0165231
16.8,4.7,0,-0.0106141
16.8,4.8,0,-0.00420528
16.8,4.9,0,0.00725249
16.8,5,0,-0.0481673
16.8,5.1,0,0.0130451
16.8,5.2,0,0.0118803
16.8,5.3,0,-0.0564482
16.8,5.4,0,-0.00455749
16.8,5.5,0,-0.0137232
16.8,5.6,0,-0.0921592
16.8,5.7,0,-0.058338
16.8,5.8,0,-0.0814827
16.8,5.9,0,-0.175025
16.8,6,0,-0.185331
16.8,6.1,0,-0.227647
16.8,6.2,0,-0.324723
16.8,6.3,0,-0.388018
16.8,6.4,0,-0.440619
16.8,6.5,0,-0.515513
16.8,6.6,0,-0.612492
16.8,6.7,0,-0.678105
16.8,6.8,0,-0.739805
16.8,6.9,0,-0.864452
16.8,7,0,-0.95111
16.8,7.1,0,-1.01092
16.8,7.2,0,-1.14422
16.8,7.3,0,-1.23594
16.8,7.4,0,-1.28644
16.8,7.5,0,-1.38955
16.8,7.6,0,-1.47067
16.8,7.7,0,-1.52422
16.8,7.8,0,-1.57786
16.8,7.9,0,-1.64432
16.8,8,0,-1.70989
16.8,8.1,0,-1.72942
16.8,8.2,0,-1.80582
16.8,8.3,0,-1.80296
16.8,8.4,0,-1.85926
16.8,8.5,0,-1.89441
16.8,8.6,0,-1.88115
16.8,8.7,0,-1.99889
16.8,8.8,0,-1.85352
16.8,8.9,0,-1.89639
16.8,9,0,-1.79479
16.8,9.1,0,-1.77944
16.8,9.2,0,-1.88996
16.8,9.3,0,-1.74968
16.8,9.4,0,-2.01814
16.8,9.5,0,-1.80275
16.8,9.6,0,-1.89029
16.8,9.7,0,-1.90899
16.8,9.8,0,-1.95038
16.8,9.9,0,-2.24218
16.8,10,0,-2.06155
16.8,10.1,0,-2.35531
16.8,10.2,0,-2.14305
16.8,10.3,0,-2.17286
16.8,10.4,0,-2.188
16.8,10.5,0,-2.15145
16.8,10.6,0,-2.32698
16.8,10.7,0,-2.08317
16.8,10.8,0,-2.17626
16.8,10.9,0,-1.96263
16.8,11,0,-1.89341
16.8,11.1,0,-1.82024
16.8,11.2,0,-1.70359
16.8,11.3,0,-1.70808
16.8,11.4,0,-1.48625
16.8,11.5,0,-1.43234
16.8,11.6,0,-1.26109
16.8,11.7,0,-1.1616
16.8,11.8,0,-1.04523
16.8,11.9,0,-0.923417
16.8,12,0,-0.813766
16.8,12.1,0,-0.667399
16.8,12.2,0,-0.549464
16.8,12.3,0,-0.404118
16.8,12.4,0,-0.296647
16.8,12.5,0,-0.184412
16.8,12.6,0,-0.0915877
16.8,12.7,0,0
16.9,0,0,0
16.9,0.1,0,-0.0306198
16.9,0.2,0,-0.0538981
16.9,0.3,0,-0.0763966
16.9,0.4,0,-0.0955468
16.9,0.5,0,-0.117237
16.9,0.6,0,-0.13415
16.9,0.7,0,-0.154714
16.9,0.8,0,-0.178373
16.9,0.9,0,-0.201351
16.9,1,0,-0.235546
16.9,1.1,0,-0.249998
16.9,1.2,0,-0.273879
16.9,1.3,0,-0.303248
16.9,1.4,0,-0.328843
16.9,1.5,0,-0.377418
16.9,1.6,0,-0.385319
16.9,1.7,0,-0.408985
16.9,1.8,0,-0.438138
16.9,1.9,0,-0.454377
16.9,2,0,-0.498869
16.9,2.1,0,-0.48433
16.9,2.2,0,-0.489275
16.9,2.3,0,-0.495139
16.9,2.4,0,-0.486656
16.9,2.5,0,-0.506051
16.9,2.6,0,-0.462459
16.9,2.7,0,-0.439218
16.9,2.8,0,-0.416846
16.9,2.9,0,-0.387326
16.9,3,0,-0.381788
16.9,3.1,0,-0.336043
16.9,3.2,0,-0.308993
16.9,3.3,0,-0.286384
16.9,3.4,0,-0.25633
16.9,3.5,0,-0.246019
16.9,3.6,0,-0.192536
16.9,3.7,0,-0.154033
16.9,3.8,0,-0.119352
16.9,3.9,0,-0.0782096
16.9,4,0,-0.0604358
16.9,4.1,0,-0.00842458
16.9,4.2,0,0.0259928
16.9,4.3,0,0.0501394
16.9,4.4,0,0.0741673
16.9,4.5,0,0.0729256
16.9,4.6,0,0.108989
16.9,4.7,0,0.121757
16.9,4.8,0,0.129421
16.9,4.9,0,0.134333
16.9,5,0,0.113389
16.9,5.1,0,0.138957
16.9,5.2,0,0.137792
16.9,5.3,0,0.107843
16.9,5.4,0,0.124844
16.9,5.5,0,0.115678
16.9,5.6,0,0.0768255
16.9,5.7,0,0.0780948
16.9,5.8,0,0.0549501
16.9,5.9,0,0.00163493
16.9,6,0,-0.0269623
16.9,6.1,0,-0.069278
16.9,6.2,0,-0.135062
16.9,6.3,0,-0.192247
16.9,6.4,0,-0.244848
16.9,6.5,0,-0.307003
16.9,6.6,0,-0.386059
16.9,6.7,0,-0.451672
16.9,6.8,0,-0.515608
16.9,6.9,0,-0.618546
16.9,7,0,-0.705204
16.9,7.1,0,-0.780355
16.9,7.2,0,-0.889894
16.9,7.3,0,-0.981608
16.9,7.4,0,-1.05566
16.9,7.5,0,-1.1462
16.9,7.6,0,-1.22732
16.9,7.7,0,-1.29662
16.9,7.8,0,-1.35758
16.9,7.9,0,-1.42404
16.9,8,0,-1.49012
16.9,8.1,0,-1.53742
16.9,8.2,0,-1.60556
16.9,8.3,0,-1.64241
16.9,8.4,0,-1.69871
16.9,8.5,0,-1.72133
16.9,8.6,0,-1.75745
16.9,8.7,0,-1.8237
16.9,8.8,0,-1.76922
16.9,8.9,0,-1.77279
16.9,9,0,-1.74164
16.9,9.1,0,-1.72629
16.9,9.2,0,-1.70638
16.9,9.3,0,-1.70839
16.9,9.4,0,-1.78923
16.9,9.5,0,-1.74852
16.9,9.6,0,-1.77987
16.9,9.7,0,-1.83303
16.9,9.8,0,-1.87442
16.9,9.9,0,-1.94851
16.9,10,0,-1.96306
16.9,10.1,0,-2.04847
16.9,10.2,0,-2.02452
16.9,10.3,0,-2.03556
16.9,10.4,0,-2.04029
16.9,10.5,0,-2.02134
16.9,10.6,0,-2.03902
16.9,10.7,0,-1.95201
16.9,10.8,0,-1.91665
16.9,10.9,0,-1.83649
16.9,11,0,-1.76727
16.9,11.1,0,-1.6791
16.9,11.2,0,-1.592
16.9,11.3,0,-1.52694
16.9,11.4,0,-1.39379
16.9,11.5,0,-1.2979
16.9,11.6,0,-1.18616
16.9,11.7,0,-1.08666
16.9,11.8,0,-0.971562
16.9,11.9,0,-0.866123
16.9,12,0,-0.75665
16.9,12.1,0,-0.631936
16.9,12.2,0,-0.519891
16.9,12.3,0,-0.392879
16.9,12.4,0,-0.285408
16.9,12.5,0,-0.177753
16.9,12.6,0,-0.0896158
16.9,12.7,0,0
17,0,0,0
17,0.1,0,-0.0212452
17,0.2,0,-0.0445235
17,0.3,0,-0.0651474
17,0.4,0,-0.0842976
17,0.5,0,-0.103267
17,0.6,0,-0.12365
17,0.7,0,-0.144214
17,0.8,0,-0.165926
17,0.9,0,-0.188905
17,1,0,-0.210288
17,1.1,0,-0.234843
17,1.2,0,-0.258724
17,1.3,0,-0.282113
17,1.4,0,-0.307708
17,1.5,0,-0.330601
17,1.6,0,-0.354957
17,1.7,0,-0.378622
17,1.8,0,-0.396002
17,1.9,0,-0.412241
17,2,0,-0.42546
17,2.1,0,-0.430632
17,2.2,0,-0.435577
17,2.3,0,-0.431479
17,2.4,0,-0.422997
17,2.5,0,-0.411718
17,2.6,0,-0.388765
17,2.7,0,-0.365525
17,2.8,0,-0.336442
17,2.9,0,-0.306921
17,3,0,-0.274995
17,3.1,0,-0.248544
17,3.2,0,-0.221494
17,3.3,0,-0.191887
17,3.4,0,-0.161833
17,3.5,0,-0.126916
17,3.6,0,-0.0916384
17,3.7,0,-0.0531353
17,3.8,0,-0.0107103
17,3.9,0,0.0304324
17,4,0,0.0766934
17,4.1,0,0.10854
17,4.2,0,0.142957
17,4.3,0,0.173841
17,4.4,0,0.197869
17,4.5,0,0.225939
17,4.6,0,0.235495
17,4.7,0,0.248263
17,4.8,0,0.256775
17,4.9,0,0.261687
17,5,0,0.272124
17,5.1,0,0.265617
17,5.2,0,0.264453
17,5.3,0,0.269336
17,5.4,0,0.255046
17,5.5,0,0.24588
17,5.6,0,0.242674
17,5.7,0,0.216433
17,5.8,0,0.193289
17,5.9,0,0.174855
17,6,0,0.133211
17,6.1,0,0.0908957
17,6.2,0,0.0508881
17,6.3,0,0.00371045
17,6.4,0,-0.0488908
17,6.5,0,-0.102941
17,6.6,0,-0.157293
17,6.7,0,-0.222906
17,6.8,0,-0.295877
17,6.9,0,-0.3709
17,7,0,-0.457558
17,7.1,0,-0.553098
17,7.2,0,-0.636326
17,7.3,0,-0.728041
17,7.4,0,-0.826958
17,7.5,0,-0.904141
17,7.6,0,-0.985255
17,7.7,0,-1.07051
17,7.8,0,-1.13885
17,7.9,0,-1.20531
17,8,0,-1.27172
17,8.1,0,-1.3463
17,8.2,0,-1.41444
17,8.3,0,-1.4828
17,8.4,0,-1.53909
17,8.5,0,-1.59976
17,8.6,0,-1.63588
17,8.7,0,-1.66993
17,8.8,0,-1.68772
17,8.9,0,-1.69129
17,9,0,-1.68856
17,9.1,0,-1.67321
17,9.2,0,-1.66239
17,9.3,0,-1.6644
17,9.4,0,-1.66641
17,9.5,0,-1.69253
17,9.6,0,-1.72388
17,9.7,0,-1.7573
17,9.8,0,-1.79869
17,9.9,0,-1.83354
17,10,0,-1.86574
17,10.1,0,-1.89795
17,10.2,0,-1.90803
17,10.3,0,-1.91907
17,10.4,0,-1.91269
17,10.5,0,-1.89374
17,10.6,0,-1.86958
17,10.7,0,-1.8226
17,10.8,0,-1.77562
17,10.9,0,-1.71198
17,11,0,-1.64276
17,11.1,0,-1.5686
17,11.2,0,-1.4815
17,11.3,0,-1.39745
17,11.4,0,-1.30157
17,11.5,0,-1.20568
17,11.6,0,-1.11153
17,11.7,0,-1.01204
17,11.8,0,-0.914865
17,11.9,0,-0.809426
17,12,0,-0.709598
17,12.1,0,-0.596877
17,12.2,0,-0.484832
17,12.3,0,-0.380542
17,12.4,0,-0.27307
17,12.5,0,-0.173947
17,12.6,0,-0.0858106
17,12.7,0,0
17.1,0,0,0
17.1,0.1,0,-0.0131126
17.1,0.2,0,-0.0363909
17.1,0.3,0,-0.0546537
17.1,0.4,0,-0.0738039
17.1,0.5,0,-0.092049
17.1,0.6,0,-0.11171
17.1,0.7,0,-0.132274
17.1,0.8,0,-0.153751
17.1,0.9,0,-0.176729
17.1,1,0,-0.191729
17.1,1.1,0,-0.218981
17.1,1.2,0,-0.242862
17.1,1.3,0,-0.260857
17.1,1.4,0,-0.286452
17.1,1.5,0,-0.298537
17.1,1.6,0,-0.32565
17.1,1.7,0,-0.349315
17.1,1.8,0,-0.356404
17.1,1.9,0,-0.372643
17.1,2,0,-0.37378
17.1,2.1,0,-0.379861
17.1,2.2,0,-0.384806
17.1,2.3,0,-0.37139
17.1,2.4,0,-0.362908
17.1,2.5,0,-0.340443
17.1,2.6,0,-0.318642
17.1,2.7,0,-0.295402
17.1,2.8,0,-0.255506
17.1,2.9,0,-0.225986
17.1,3,0,-0.184434
17.1,3.1,0,-0.160381
17.1,3.2,0,-0.133331
17.1,3.3,0,-0.0995077
17.1,3.4,0,-0.0694534
17.1,3.5,0,-0.0150857
17.1,3.6,0,0.00728868
17.1,3.7,0,0.0457918
17.1,3.8,0,0.0986252
17.1,3.9,0,0.139768
17.1,4,0,0.206502
17.1,4.1,0,0.228065
17.1,4.2,0,0.262483
17.1,4.3,0,0.300008
17.1,4.4,0,0.324036
17.1,4.5,0,0.368276
17.1,4.6,0,0.364982
17.1,4.7,0,0.377751
17.1,4.8,0,0.384949
17.1,4.9,0,0.389861
17.1,5,0,0.422397
17.1,5.1,0,0.394524
17.1,5.2,0,0.393359
17.1,5.3,0,0.422437
17.1,5.4,0,0.387647
17.1,5.5,0,0.378481
17.1,5.6,0,0.399114
17.1,5.7,0,0.360489
17.1,5.8,0,0.337344
17.1,5.9,0,0.337754
17.1,6,0,0.2988
17.1,6.1,0,0.256484
17.1,6.2,0,0.225709
17.1,6.3,0,0.200225
17.1,6.4,0,0.147624
17.1,6.5,0,0.0877777
17.1,6.6,0,0.0784706
17.1,6.7,0,0.0128578
17.1,6.8,0,-0.0895472
17.1,6.9,0,-0.118031
17.1,7,0,-0.204689
17.1,7.1,0,-0.335758
17.1,7.2,0,-0.385045
17.1,7.3,0,-0.47676
17.1,7.4,0,-0.604489
17.1,7.5,0,-0.665949
17.1,7.6,0,-0.747062
17.1,7.7,0,-0.848867
17.1,7.8,0,-0.924763
17.1,7.9,0,-0.991223
17.1,8,0,-1.0574
17.1,8.1,0,-1.15779
17.1,8.2,0,-1.22491
17.1,8.3,0,-1.32595
17.1,8.4,0,-1.38225
17.1,8.5,0,-1.46938
17.1,8.6,0,-1.52072
17.1,8.7,0,-1.53038
17.1,8.8,0,-1.61463
17.1,8.9,0,-1.6182
17.1,9,0,-1.63568
17.1,9.1,0,-1.62033
17.1,9.2,0,-1.59667
17.1,9.3,0,-1.61231
17.1,9.4,0,-1.59192
17.1,9.5,0,-1.6313
17.1,9.6,0,-1.66265
17.1,9.7,0,-1.68225
17.1,9.8,0,-1.72364
17.1,9.9,0,-1.74439
17.1,10,0,-1.77192
17.1,10.1,0,-1.80513
17.1,10.2,0,-1.79768
17.1,10.3,0,-1.80872
17.1,10.4,0,-1.79259
17.1,10.5,0,-1.77365
17.1,10.6,0,-1.76836
17.1,10.7,0,-1.69843
17.1,10.8,0,-1.67321
17.1,10.9,0,-1.59234
17.1,11,0,-1.52312
17.1,11.1,0,-1.46136
17.1,11.2,0,-1.37426
17.1,11.3,0,-1.33175
17.1,11.4,0,-1.21008
17.1,11.5,0,-1.13226
17.1,11.6,0,-1.03781
17.1,11.7,0,-0.938318
17.1,11.8,0,-0.859959
17.1,11.9,0,-0.75452
17.1,12,0,-0.683692
17.1,12.1,0,-0.563033
17.1,12.2,0,-0.455832
17.1,12.3,0,-0.36491
17.1,12.4,0,-0.257439
17.1,12.5,0,-0.164896
17.1,12.6,0,-0.0765054
17.1,12.7,0,0
17.2,0,0,0
17.2,0.1,0,-0.00497994
17.2,0.2,0,-0.0279805
17.2,0.3,0,-0.045535
17.2,0.4,0,-0.0633102
17.2,0.5,0,-0.0808313
17.2,0.6,0,-0.0997697
17.2,0.7,0,-0.118856
17.2,0.8,0,-0.140262
17.2,0.9,0,-0.164554
17.2,1,0,-0.173169
17.2,1.1,0,-0.203119
17.2,1.2,0,-0.221049
17.2,1.3,0,-0.237426
17.2,1.4,0,-0.265196
17.2,1.5,0,-0.266472
17.2,1.6,0,-0.296342
17.2,1.7,0,-0.311466
17.2,1.8,0,-0.315468
17.2,1.9,0,-0.333045
17.2,2,0,-0.322101
17.2,2.1,0,-0.329089
17.2,2.2,0,-0.32649
17.2,2.3,0,-0.310279
17.2,2.4,0,-0.302819
17.2,2.5,0,-0.269168
17.2,2.6,0,-0.248519
17.2,2.7,0,-0.217779
17.2,2.8,0,-0.174639
17.2,2.9,0,-0.14505
17.2,3,0,-0.0938725
17.2,3.1,0,-0.072218
17.2,3.2,0,-0.0360615
17.2,3.3,0,-0.000973671
17.2,3.4,0,0.0229261
17.2,3.5,0,0.0967442
17.2,3.6,0,0.106216
17.2,3.7,0,0.160499
17.2,3.8,0,0.216455
17.2,3.9,0,0.249103
17.2,4,0,0.336311
17.2,4.1,0,0.34759
17.2,4.2,0,0.394107
17.2,4.3,0,0.433625
17.2,4.4,0,0.450204
17.2,4.5,0,0.510613
17.2,4.6,0,0.49447
17.2,4.7,0,0.519354
17.2,4.8,0,0.526158
17.2,4.9,0,0.518035
17.2,5,0,0.572669
17.2,5.1,0,0.52343
17.2,5.2,0,0.522266
17.2,5.3,0,0.575537
17.2,5.4,0,0.520249
17.2,5.5,0,0.511083
17.2,5.6,0,0.555554
17.2,5.7,0,0.504544
17.2,5.8,0,0.4814
17.2,5.9,0,0.500652
17.2,6,0,0.464388
17.2,6.1,0,0.422072
17.2,6.2,0,0.400529
17.2,6.3,0,0.39674
17.2,6.4,0,0.344139
17.2,6.5,0,0.278496
17.2,6.6,0,0.314234
17.2,6.7,0,0.248621
17.2,6.8,0,0.116783
17.2,6.9,0,0.134837
17.2,7,0,0.0481796
17.2,7.1,0,-0.118418
17.2,7.2,0,-0.133764
17.2,7.3,0,-0.225479
17.2,7.4,0,-0.382021
17.2,7.5,0,-0.427756
17.2,7.6,0,-0.50887
17.2,7.7,0,-0.627227
17.2,7.8,0,-0.710672
17.2,7.9,0,-0.777133
17.2,8,0,-0.843091
17.2,8.1,0,-0.969278
17.2,8.2,0,-1.02576
17.2,8.3,0,-1.16461
17.2,8.4,0,-1.22541
17.2,8.5,0,-1.29582
17.2,8.6,0,-1.40555
17.2,8.7,0,-1.39083
17.2,8.8,0,-1.54155
17.2,8.9,0,-1.51411
17.2,9,0,-1.56828
17.2,9.1,0,-1.56745
17.2,9.2,0,-1.51255
17.2,9.3,0,-1.56023
17.2,9.4,0,-1.5155
17.2,9.5,0,-1.57006
17.2,9.6,0,-1.58765
17.2,9.7,0,-1.60539
17.2,9.8,0,-1.64859
17.2,9.9,0,-1.65848
17.2,10,0,-1.67809
17.2,10.1,0,-1.71265
17.2,10.2,0,-1.68733
17.2,10.3,0,-1.70713
17.2,10.4,0,-1.68711
17.2,10.5,0,-1.65356
17.2,10.6,0,-1.67459
17.2,10.7,0,-1.57426
17.2,10.8,0,-1.58589
17.2,10.9,0,-1.4727
17.2,11,0,-1.42202
17.2,11.1,0,-1.37718
17.2,11.2,0,-1.26702
17.2,11.3,0,-1.26829
17.2,11.4,0,-1.11859
17.2,11.5,0,-1.08323
17.2,11.6,0,-0.964098
17.2,11.7,0,-0.874666
17.2,11.8,0,-0.822078
17.2,11.9,0,-0.699614
17.2,12,0,-0.657786
17.2,12.1,0,-0.529189
17.2,12.2,0,-0.440571
17.2,12.3,0,-0.349278
17.2,12.4,0,-0.242762
17.2,12.5,0,-0.158243
17.2,12.6,0,-0.0672002
17.2,12.7,0,0
17.3,0,0,0
17.3,0.1,0,0.00193278
17.3,0.2,0,-0.0194511
17.3,0.3,0,-0.0370056
17.3,0.4,0,-0.0527079
17.3,0.5,0,-0.0696135
17.3,0.6,0,-0.087938
17.3,0.7,0,-0.104805
17.3,0.8,0,-0.126211
17.3,0.9,0,-0.151421
17.3,1,0,-0.15461
17.3,1.1,0,-0.186853
17.3,1.2,0,-0.196685
17.3,1.3,0,-0.213062
17.3,1.4,0,-0.242319
17.3,1.5,0,-0.234407
17.3,1.6,0,-0.266622
17.3,1.7,0,-0.269957
17.3,1.8,0,-0.273958
17.3,1.9,0,-0.291635
17.3,2,0,-0.270422
17.3,2.1,0,-0.278182
17.3,2.2,0,-0.264941
17.3,2.3,0,-0.248731
17.3,2.4,0,-0.241052
17.3,2.5,0,-0.197894
17.3,2.6,0,-0.178223
17.3,2.7,0,-0.136941
17.3,2.8,0,-0.0938017
17.3,2.9,0,-0.0626712
17.3,3,0,-0.00331144
17.3,3.1,0,0.0163047
17.3,3.2,0,0.0651102
17.3,3.3,0,0.100198
17.3,3.4,0,0.118223
17.3,3.5,0,0.208574
17.3,3.6,0,0.207078
17.3,3.7,0,0.281969
17.3,3.8,0,0.337925
17.3,3.9,0,0.36151
17.3,4,0,0.466119
17.3,4.1,0,0.468658
17.3,4.2,0,0.530916
17.3,4.3,0,0.570435
17.3,4.4,0,0.578797
17.3,4.5,0,0.65295
17.3,4.6,0,0.625885
17.3,4.7,0,0.666149
17.3,4.8,0,0.672954
17.3,4.9,0,0.649524
17.3,5,0,0.722942
17.3,5.1,0,0.666581
17.3,5.2,0,0.667301
17.3,5.3,0,0.728637
17.3,5.4,0,0.666516
17.3,5.5,0,0.659577
17.3,5.6,0,0.711994
17.3,5.7,0,0.656856
17.3,5.8,0,0.638017
17.3,5.9,0,0.663551
17.3,6,0,0.628183
17.3,6.1,0,0.593815
17.3,6.2,0,0.57535
17.3,6.3,0,0.578792
17.3,6.4,0,0.53679
17.3,6.5,0,0.469215
17.3,6.6,0,0.519968
17.3,6.7,0,0.464762
17.3,6.8,0,0.323112
17.3,6.9,0,0.35668
17.3,7,0,0.277362
17.3,7.1,0,0.0989215
17.3,7.2,0,0.094889
17.3,7.3,0,0.00659406
17.3,7.4,0,-0.159552
17.3,7.5,0,-0.200047
17.3,7.6,0,-0.281713
17.3,7.7,0,-0.405588
17.3,7.8,0,-0.491549
17.3,7.9,0,-0.562893
17.3,8,0,-0.628777
17.3,8.1,0,-0.780766
17.3,8.2,0,-0.826617
17.3,8.3,0,-0.965462
17.3,8.4,0,-1.05283
17.3,8.5,0,-1.12227
17.3,8.6,0,-1.29038
17.3,8.7,0,-1.25128
17.3,8.8,0,-1.46068
17.3,8.9,0,-1.40772
17.3,9,0,-1.46189
17.3,9.1,0,-1.4903
17.3,9.2,0,-1.42843
17.3,9.3,0,-1.50814
17.3,9.4,0,-1.43907
17.3,9.5,0,-1.50455
17.3,9.6,0,-1.50844
17.3,9.7,0,-1.52618
17.3,9.8,0,-1.56689
17.3,9.9,0,-1.57257
17.3,10,0,-1.58427
17.3,10.1,0,-1.62016
17.3,10.2,0,-1.58496
17.3,10.3,0,-1.61135
17.3,10.4,0,-1.59133
17.3,10.5,0,-1.54522
17.3,10.6,0,-1.58081
17.3,10.7,0,-1.45009
17.3,10.8,0,-1.49857
17.3,10.9,0,-1.37283
17.3,11,0,-1.34488
17.3,11.1,0,-1.30004
17.3,11.2,0,-1.17212
17.3,11.3,0,-1.20483
17.3,11.4,0,-1.0271
17.3,11.5,0,-1.0342
17.3,11.6,0,-0.909554
17.3,11.7,0,-0.838051
17.3,11.8,0,-0.785463
17.3,11.9,0,-0.648101
17.3,12,0,-0.63188
17.3,12.1,0,-0.495344
17.3,12.2,0,-0.425311
17.3,12.3,0,-0.333997
17.3,12.4,0,-0.236109
17.3,12.5,0,-0.15159
17.3,12.6,0,-0.0578951
17.3,12.7,0,0
17.4,0,0,0
17.4,0.1,0,0.00193278
17.4,0.2,0,-0.0109217
17.4,0.3,0,-0.0284762
17.4,0.4,0,-0.0414902
17.4,0.5,0,-0.0583958
17.4,0.6,0,-0.0767203
17.4,0.7,0,-0.0907541
17.4,0.8,0,-0.112161
17.4,0.9,0,-0.132862
17.4,1,0,-0.136051
17.4,1.1,0,-0.168294
17.4,1.2,0,-0.172321
17.4,1.3,0,-0.188698
17.4,1.4,0,-0.210254
17.4,1.5,0,-0.202343
17.4,1.6,0,-0.234557
17.4,1.7,0,-0.228447
17.4,1.8,0,-0.232448
17.4,1.9,0,-0.239956
17.4,2,0,-0.218743
17.4,2.1,0,-0.226502
17.4,2.2,0,-0.203393
17.4,2.3,0,-0.187182
17.4,2.4,0,-0.169777
17.4,2.5,0,-0.126619
17.4,2.6,0,-0.106949
17.4,2.7,0,-0.0561035
17.4,2.8,0,-0.012964
17.4,2.9,0,0.0278899
17.4,3,0,0.0872497
17.4,3.1,0,0.106866
17.4,3.2,0,0.166282
17.4,3.3,0,0.20137
17.4,3.4,0,0.230053
17.4,3.5,0,0.320404
17.4,3.6,0,0.318908
17.4,3.7,0,0.40344
17.4,3.8,0,0.459396
17.4,3.9,0,0.491319
17.4,4,0,0.595928
17.4,4.1,0,0.598467
17.4,4.2,0,0.667726
17.4,4.3,0,0.707244
17.4,4.4,0,0.721135
17.4,4.5,0,0.795287
17.4,4.6,0,0.768222
17.4,4.7,0,0.812945
17.4,4.8,0,0.819749
17.4,4.9,0,0.799797
17.4,5,0,0.873215
17.4,5.1,0,0.816854
17.4,5.2,0,0.820402
17.4,5.3,0,0.881737
17.4,5.4,0,0.819616
17.4,5.5,0,0.816017
17.4,5.6,0,0.868434
17.4,5.7,0,0.813296
17.4,5.8,0,0.800916
17.4,5.9,0,0.82645
17.4,6,0,0.791082
17.4,6.1,0,0.768636
17.4,6.2,0,0.75017
17.4,6.3,0,0.753612
17.4,6.4,0,0.727508
17.4,6.5,0,0.659934
17.4,6.6,0,0.710686
17.4,6.7,0,0.671092
17.4,6.8,0,0.529442
17.4,6.9,0,0.56301
17.4,7,0,0.494702
17.4,7.1,0,0.316261
17.4,7.2,0,0.312229
17.4,7.3,0,0.229063
17.4,7.4,0,0.0629168
17.4,7.5,0,0.0224221
17.4,7.6,0,-0.0600734
17.4,7.7,0,-0.183948
17.4,7.8,0,-0.269909
17.4,7.9,0,-0.348579
17.4,8,0,-0.414464
17.4,8.1,0,-0.567687
17.4,8.2,0,-0.627472
17.4,8.3,0,-0.766317
17.4,8.4,0,-0.879281
17.4,8.5,0,-0.948722
17.4,8.6,0,-1.15602
17.4,8.7,0,-1.11173
17.4,8.8,0,-1.32113
17.4,8.9,0,-1.30132
17.4,9,0,-1.35549
17.4,9.1,0,-1.40618
17.4,9.2,0,-1.3443
17.4,9.3,0,-1.43682
17.4,9.4,0,-1.36265
17.4,9.5,0,-1.42812
17.4,9.6,0,-1.42924
17.4,9.7,0,-1.44698
17.4,9.8,0,-1.48098
17.4,9.9,0,-1.48666
17.4,10,0,-1.49337
17.4,10.1,0,-1.52767
17.4,10.2,0,-1.49247
17.4,10.3,0,-1.51557
17.4,10.4,0,-1.49555
17.4,10.5,0,-1.45145
17.4,10.6,0,-1.48704
17.4,10.7,0,-1.35061
17.4,10.8,0,-1.41126
17.4,10.9,0,-1.28551
17.4,11,0,-1.26774
17.4,11.1,0,-1.2229
17.4,11.2,0,-1.10866
17.4,11.3,0,-1.14137
17.4,11.4,0,-0.958469
17.4,11.5,0,-0.985177
17.4,11.6,0,-0.860527
17.4,11.7,0,-0.801435
17.4,11.8,0,-0.748848
17.4,11.9,0,-0.622195
17.4,12,0,-0.605973
17.4,12.1,0,-0.467749
17.4,12.2,0,-0.410051
17.4,12.3,0,-0.318736
17.4,12.4,0,-0.229456
17.4,12.5,0,-0.144937
17.4,12.6,0,-0.0574496
17.4,12.7,0,0
17.5,0,0,0
17.5,0.1,0,0.00217086
17.5,0.2,0,-0.00239225
17.5,0.3,0,-0.0199468
17.5,0.4,0,-0.031451
17.5,0.5,0,-0.0471781
17.5,0.6,0,-0.0642361
17.5,0.7,0,-0.0767032
17.5,0.8,0,-0.0981096
17.5,0.9,0,-0.113177
17.5,1,0,-0.117492
17.5,1.1,0,-0.144633
17.5,1.2,0,-0.147957
17.5,1.3,0,-0.164334
17.5,1.4,0,-0.176325
17.5,1.5,0,-0.170278
17.5,1.6,0,-0.195171
17.5,1.7,0,-0.186937
17.5,1.8,0,-0.190939
17.5,1.9,0,-0.18713
17.5,2,0,-0.167064
17.5,2.1,0,-0.168357
17.5,2.2,0,-0.141844
17.5,2.3,0,-0.125633
17.5,2.4,0,-0.097627
17.5,2.5,0,-0.0553447
17.5,2.6,0,-0.0292454
17.5,2.7,0,0.0247342
17.5,2.8,0,0.0678736
17.5,2.9,0,0.118392
17.5,3,0,0.177811
17.5,3.1,0,0.205232
17.5,3.2,0,0.267454
17.5,3.3,0,0.302542
17.5,3.4,0,0.347158
17.5,3.5,0,0.432234
17.5,3.6,0,0.444264
17.5,3.7,0,0.52491
17.5,3.8,0,0.580866
17.5,3.9,0,0.628408
17.5,4,0,0.725736
17.5,4.1,0,0.738646
17.5,4.2,0,0.804535
17.5,4.3,0,0.844054
17.5,4.4,0,0.869857
17.5,4.5,0,0.937624
17.5,4.6,0,0.920944
17.5,4.7,0,0.95974
17.5,4.8,0,0.966544
17.5,4.9,0,0.961242
17.5,5,0,1.02349
17.5,5.1,0,0.969142
17.5,5.2,0,0.975282
17.5,5.3,0,1.03484
17.5,5.4,0,0.974703
17.5,5.5,0,0.974165
17.5,5.6,0,1.02487
17.5,5.7,0,0.971306
17.5,5.8,0,0.964847
17.5,5.9,0,0.989349
17.5,6,0,0.95475
17.5,6.1,0,0.943232
17.5,6.2,0,0.924991
17.5,6.3,0,0.92795
17.5,6.4,0,0.916419
17.5,6.5,0,0.850653
17.5,6.6,0,0.898952
17.5,6.7,0,0.873668
17.5,6.8,0,0.735772
17.5,6.9,0,0.766379
17.5,7,0,0.708163
17.5,7.1,0,0.533601
17.5,7.2,0,0.527167
17.5,7.3,0,0.448703
17.5,7.4,0,0.285385
17.5,7.5,0,0.243511
17.5,7.6,0,0.160256
17.5,7.7,0,0.0376918
17.5,7.8,0,-0.0482511
17.5,7.9,0,-0.133637
17.5,8,0,-0.20015
17.5,8.1,0,-0.34489
17.5,8.2,0,-0.428327
17.5,8.3,0,-0.567172
17.5,8.4,0,-0.70573
17.5,8.5,0,-0.775171
17.5,8.6,0,-0.96026
17.5,8.7,0,-0.972177
17.5,8.8,0,-1.1605
17.5,8.9,0,-1.19493
17.5,9,0,-1.2491
17.5,9.1,0,-1.32206
17.5,9.2,0,-1.26018
17.5,9.3,0,-1.32836
17.5,9.4,0,-1.28622
17.5,9.5,0,-1.34329
17.5,9.6,0,-1.35004
17.5,9.7,0,-1.36777
17.5,9.8,0,-1.3945
17.5,9.9,0,-1.40075
17.5,10,0,-1.4088
17.5,10.1,0,-1.43518
17.5,10.2,0,-1.4044
17.5,10.3,0,-1.41979
17.5,10.4,0,-1.39977
17.5,10.5,0,-1.36504
17.5,10.6,0,-1.39326
17.5,10.7,0,-1.29368
17.5,10.8,0,-1.32394
17.5,10.9,0,-1.20407
17.5,11,0,-1.1906
17.5,11.1,0,-1.14576
17.5,11.2,0,-1.05929
17.5,11.3,0,-1.07791
17.5,11.4,0,-0.937472
17.5,11.5,0,-0.936149
17.5,11.6,0,-0.811499
17.5,11.7,0,-0.76482
17.5,11.8,0,-0.712232
17.5,11.9,0,-0.607867
17.5,12,0,-0.580067
17.5,12.1,0,-0.459735
17.5,12.2,0,-0.394791
17.5,12.3,0,-0.303476
17.5,12.4,0,-0.222803
17.5,12.5,0,-0.138284
17.5,12.6,0,-0.0595658
17.5,12.7,0,0
17.6,0,0,0
17.6,0.1,0,0.00256766
17.6,0.2,0,0.00573053
17.6,0.3,0,-0.0113812
17.6,0.4,0,-0.0221976
17.6,0.5,0,-0.0359604
17.6,0.6,0,-0.0509075
17.6,0.7,0,-0.0626885
17.6,0.8,0,-0.0837396
17.6,0.9,0,-0.0927424
17.6,1,0,-0.0989322
17.6,1.1,0,-0.117572
17.6,1.2,0,-0.123458
17.6,1.3,0,-0.139429
17.6,1.4,0,-0.141152
17.6,1.5,0,-0.138213
17.6,1.6,0,-0.150903
17.6,1.7,0,-0.145289
17.6,1.8,0,-0.148825
17.6,1.9,0,-0.133538
17.6,2,0,-0.115384
17.6,2.1,0,-0.1059
17.6,2.2,0,-0.08025
17.6,2.3,0,-0.0635253
17.6,2.4,0,-0.0248926
17.6,2.5,0,0.0159299
17.6,2.6,0,0.0527437
17.6,2.7,0,0.105629
17.6,2.8,0,0.149193
17.6,2.9,0,0.208856
17.6,3,0,0.268372
17.6,3.1,0,0.308802
17.6,3.2,0,0.368745
17.6,3.3,0,0.404686
17.6,3.4,0,0.467781
17.6,3.5,0,0.544064
17.6,3.6,0,0.578637
17.6,3.7,0,0.647025
17.6,3.8,0,0.70336
17.6,3.9,0,0.770351
17.6,4,0,0.855545
17.6,4.1,0,0.885739
17.6,4.2,0,0.941859
17.6,4.3,0,0.981672
17.6,4.4,0,1.02284
17.6,4.5,0,1.07996
17.6,4.6,0,1.08059
17.6,4.7,0,1.10718
17.6,4.8,0,1.11444
17.6,4.9,0,1.13014
17.6,5,0,1.17376
17.6,5.1,0,1.14361
17.6,5.2,0,1.14975
17.6,5.3,0,1.18794
17.6,5.4,0,1.15164
17.6,5.5,0,1.1511
17.6,5.6,0,1.18131
17.6,5.7,0,1.14659
17.6,5.8,0,1.14013
17.6,5.9,0,1.15225
17.6,6,0,1.12688
17.6,6.1,0,1.11536
17.6,6.2,0,1.09981
17.6,6.3,0,1.09697
17.6,6.4,0,1.08544
17.6,6.5,0,1.04137
17.6,6.6,0,1.06024
17.6,6.7,0,1.03495
17.6,6.8,0,0.942101
17.6,6.9,0,0.937179
17.6,7,0,0.878964
17.6,7.1,0,0.75094
17.6,7.2,0,0.715695
17.6,7.3,0,0.63723
17.6,7.4,0,0.507854
17.6,7.5,0,0.449428
17.6,7.6,0,0.366172
17.6,7.7,0,0.259331
17.6,7.8,0,0.173612
17.6,7.9,0,0.088226
17.6,8,0,0.0141638
17.6,8.1,0,-0.119944
17.6,8.2,0,-0.229182
17.6,8.3,0,-0.357274
17.6,8.4,0,-0.497978
17.6,8.5,0,-0.60162
17.6,8.6,0,-0.762324
17.6,8.7,0,-0.832626
17.6,8.8,0,-0.987638
17.6,8.9,0,-1.08853
17.6,9,0,-1.12774
17.6,9.1,0,-1.18584
17.6,9.2,0,-1.17606
17.6,9.3,0,-1.2199
17.6,9.4,0,-1.2098
17.6,9.5,0,-1.24889
17.6,9.6,0,-1.27083
17.6,9.7,0,-1.28516
17.6,9.8,0,-1.30444
17.6,9.9,0,-1.31484
17.6,10,0,-1.32423
17.6,10.1,0,-1.3427
17.6,10.2,0,-1.32648
17.6,10.3,0,-1.32667
17.6,10.4,0,-1.30791
17.6,10.5,0,-1.29558
17.6,10.6,0,-1.29949
17.6,10.7,0,-1.23676
17.6,10.8,0,-1.23663
17.6,10.9,0,-1.15926
17.6,11,0,-1.12361
17.6,11.1,0,-1.06862
17.6,11.2,0,-1.02593
17.6,11.3,0,-1.01445
17.6,11.4,0,-0.916474
17.6,11.5,0,-0.887121
17.6,11.6,0,-0.798586
17.6,11.7,0,-0.740024
17.6,11.8,0,-0.675617
17.6,11.9,0,-0.600251
17.6,12,0,-0.554161
17.6,12.1,0,-0.452413
17.6,12.2,0,-0.379531
17.6,12.3,0,-0.295475
17.6,12.4,0,-0.216389
17.6,12.5,0,-0.131632
17.6,12.6,0,-0.062218
17.6,12.7,0,0
17.7,0,0,0
17.7,0.1,0,0.00296447
17.7,0.2,0,0.00612733
17.7,0.3,0,-0.00212775
17.7,0.4,0,-0.0129442
17.7,0.5,0,-0.0247427
17.7,0.6,0,-0.037579
17.7,0.7,0,-0.0493599
17.7,0.8,0,-0.0633049
17.7,0.9,0,-0.0723078
17.7,1,0,-0.0803729
17.7,1.1,0,-0.0905102
17.7,1.2,0,-0.0963964
17.7,1.3,0,-0.104257
17.7,1.4,0,-0.10598
17.7,1.5,0,-0.106149
17.7,1.6,0,-0.106636
17.7,1.7,0,-0.101022
17.7,1.8,0,-0.0952335
17.7,1.9,0,-0.0799473
17.7,2,0,-0.0637051
17.7,2.1,0,-0.0434436
17.7,2.2,0,-0.0177934
17.7,2.3,0,0.00920914
17.7,2.4,0,0.0478418
17.7,2.5,0,0.0872045
17.7,2.6,0,0.134733
17.7,2.7,0,0.187619
17.7,2.8,0,0.239656
17.7,2.9,0,0.299319
17.7,3,0,0.358933
17.7,3.1,0,0.412372
17.7,3.2,0,0.472315
17.7,3.3,0,0.525308
17.7,3.4,0,0.588403
17.7,3.5,0,0.655894
17.7,3.6,0,0.713011
17.7,3.7,0,0.781398
17.7,3.8,0,0.845303
17.7,3.9,0,0.912295
17.7,4,0,0.985353
17.7,4.1,0,1.03283
17.7,4.2,0,1.08895
17.7,4.3,0,1.13465
17.7,4.4,0,1.17581
17.7,4.5,0,1.2223
17.7,4.6,0,1.24023
17.7,4.7,0,1.26682
17.7,4.8,0,1.28334
17.7,4.9,0,1.29903
17.7,5,0,1.32403
17.7,5.1,0,1.31808
17.7,5.2,0,1.32422
17.7,5.3,0,1.34104
17.7,5.4,0,1.32858
17.7,5.5,0,1.32804
17.7,5.6,0,1.33775
17.7,5.7,0,1.32187
17.7,5.8,0,1.31541
17.7,5.9,0,1.31515
17.7,6,0,1.29901
17.7,6.1,0,1.28749
17.7,6.2,0,1.27463
17.7,6.3,0,1.266
17.7,6.4,0,1.25447
17.7,6.5,0,1.23209
17.7,6.6,0,1.22152
17.7,6.7,0,1.19624
17.7,6.8,0,1.14843
17.7,6.9,0,1.10798
17.7,7,0,1.04976
17.7,7.1,0,0.96828
17.7,7.2,0,0.904222
17.7,7.3,0,0.825758
17.7,7.4,0,0.730323
17.7,7.5,0,0.655344
17.7,7.6,0,0.572088
17.7,7.7,0,0.480971
17.7,7.8,0,0.395474
17.7,7.9,0,0.310089
17.7,8,0,0.228478
17.7,8.1,0,0.105003
17.7,8.2,0,-0.0131559
17.7,8.3,0,-0.141422
17.7,8.4,0,-0.282126
17.7,8.5,0,-0.416136
17.7,8.6,0,-0.564388
17.7,8.7,0,-0.693074
17.7,8.8,0,-0.81478
17.7,8.9,0,-0.927694
17.7,9,0,-0.990107
17.7,9.1,0,-1.0482
17.7,9.2,0,-1.08404
17.7,9.3,0,-1.11143
17.7,9.4,0,-1.13338
17.7,9.5,0,-1.1545
17.7,9.6,0,-1.17668
17.7,9.7,0,-1.1951
17.7,9.8,0,-1.21437
17.7,9.9,0,-1.22915
17.7,10,0,-1.23966
17.7,10.1,0,-1.25021
17.7,10.2,0,-1.24857
17.7,10.3,0,-1.24875
17.7,10.4,0,-1.23845
17.7,10.5,0,-1.22612
17.7,10.6,0,-1.20571
17.7,10.7,0,-1.17984
17.7,10.8,0,-1.15416
17.7,10.9,0,-1.11445
17.7,11,0,-1.07879
17.7,11.1,0,-1.03456
17.7,11.2,0,-0.992569
17.7,11.3,0,-0.950992
17.7,11.4,0,-0.895476
17.7,11.5,0,-0.847188
17.7,11.6,0,-0.786659
17.7,11.7,0,-0.728097
17.7,11.8,0,-0.662757
17.7,11.9,0,-0.592636
17.7,12,0,-0.528255
17.7,12.1,0,-0.445091
17.7,12.2,0,-0.368155
17.7,12.3,0,-0.289194
17.7,12.4,0,-0.210108
17.7,12.5,0,-0.131067
17.7,12.6,0,-0.0648702
17.7,12.7,0,0
17.8,0,0,0
17.8,0.1,0,0.00728957
17.8,0.2,0,0.0104524
17.8,0.3,0,0.00770683
17.8,0.4,0,-0.00310958
17.8,0.5,0,-0.0132438
17.8,0.6,0,-0.0245205
17.8,0.7,0,-0.0363014
17.8,0.8,0,-0.0434964
17.8,0.9,0,-0.0524992
17.8,1,0,-0.0574492
17.8,1.1,0,-0.063828
17.8,1.2,0,-0.0697143
17.8,1.3,0,-0.0700478
17.8,1.4,0,-0.0717708
17.8,1.5,0,-0.068655
17.8,1.6,0,-0.0637716
17.8,1.7,0,-0.0581575
17.8,1.8,0,-0.0433593
17.8,1.9,0,-0.0280731
17.8,2,0,-0.00917247
17.8,2.1,0,0.0173867
17.8,2.2,0,0.0430369
17.8,2.3,0,0.0793819
17.8,2.4,0,0.118015
17.8,2.5,0,0.158429
17.8,2.6,0,0.214686
17.8,2.7,0,0.267572
17.8,2.8,0,0.329969
17.8,2.9,0,0.389632
17.8,3,0,0.44729
17.8,3.1,0,0.516002
17.8,3.2,0,0.575945
17.8,3.3,0,0.644854
17.8,3.4,0,0.707949
17.8,3.5,0,0.764143
17.8,3.6,0,0.846753
17.8,3.7,0,0.915141
17.8,3.8,0,0.988328
17.8,3.9,0,1.05532
17.8,4,0,1.10737
17.8,4.1,0,1.18235
17.8,4.2,0,1.23847
17.8,4.3,0,1.29003
17.8,4.4,0,1.33119
17.8,4.5,0,1.35367
17.8,4.6,0,1.40218
17.8,4.7,0,1.42877
17.8,4.8,0,1.45345
17.8,4.9,0,1.46914
17.8,5,0,1.46411
17.8,5.1,0,1.49405
17.8,5.2,0,1.50019
17.8,5.3,0,1.48501
17.8,5.4,0,1.5066
17.8,5.5,0,1.50606
17.8,5.6,0,1.48472
17.8,5.7,0,1.49837
17.8,5.8,0,1.49191
17.8,5.9,0,1.46435
17.8,6,0,1.47189
17.8,6.1,0,1.46037
17.8,6.2,0,1.42711
17.8,6.3,0,1.43428
17.8,6.4,0,1.42275
17.8,6.5,0,1.38942
17.8,6.6,0,1.38887
17.8,6.7,0,1.36359
17.8,6.8,0,1.31314
17.8,6.9,0,1.28546
17.8,7,0,1.22725
17.8,7.1,0,1.14263
17.8,7.2,0,1.09391
17.8,7.3,0,1.01544
17.8,7.4,0,0.914416
17.8,7.5,0,0.861957
17.8,7.6,0,0.778701
17.8,7.7,0,0.673696
17.8,7.8,0,0.617464
17.8,7.9,0,0.532079
17.8,8,0,0.426222
17.8,8.1,0,0.332941
17.8,8.2,0,0.214782
17.8,8.3,0,0.0782748
17.8,8.4,0,-0.0624293
17.8,8.5,0,-0.219757
17.8,8.6,0,-0.368008
17.8,8.7,0,-0.516679
17.8,8.8,0,-0.651082
17.8,8.9,0,-0.763995
17.8,9,0,-0.859932
17.8,9.1,0,-0.918029
17.8,9.2,0,-0.977422
17.8,9.3,0,-1.00482
17.8,9.4,0,-1.02635
17.8,9.5,0,-1.05984
17.8,9.6,0,-1.08202
17.8,9.7,0,-1.10618
17.8,9.8,0,-1.12546
17.8,9.9,0,-1.14609
17.8,10,0,-1.1566
17.8,10.1,0,-1.167
17.8,10.2,0,-1.17228
17.8,10.3,0,-1.17246
17.8,10.4,0,-1.17116
17.8,10.5,0,-1.15883
17.8,10.6,0,-1.15034
17.8,10.7,0,-1.12479
17.8,10.8,0,-1.09911
17.8,10.9,0,-1.07078
17.8,11,0,-1.03513
17.8,11.1,0,-1.00197
17.8,11.2,0,-0.959981
17.8,11.3,0,-0.919912
17.8,11.4,0,-0.875614
17.8,11.5,0,-0.827326
17.8,11.6,0,-0.776713
17.8,11.7,0,-0.718151
17.8,11.8,0,-0.656666
17.8,11.9,0,-0.586546
17.8,12,0,-0.51526
17.8,12.1,0,-0.438311
17.8,12.2,0,-0.361374
17.8,12.3,0,-0.283023
17.8,12.4,0,-0.203937
17.8,12.5,0,-0.1297
17.8,12.6,0,-0.0635035
17.8,12.7,0,0
17.9,0,0,0
17.9,0.1,0,0.015543
17.9,0.2,0,0.0187058
17.9,0.3,0,0.0181226
17.9,0.4,0,0.00730615
17.9,0.5,0,-0.00146363
17.9,0.6,0,-0.011732
17.9,0.7,0,-0.023513
17.9,0.8,0,-0.024314
17.9,0.9,0,-0.0333169
17.9,1,0,-0.0301609
17.9,1.1,0,-0.0375251
17.9,1.2,0,-0.0434113
17.9,1.3,0,-0.0368028
17.9,1.4,0,-0.0385258
17.9,1.5,0,-0.0257323
17.9,1.6,0,-0.0223103
17.9,1.7,0,-0.0166962
17.9,1.8,0,0.00679791
17.9,1.9,0,0.0220841
17.9,2,0,0.0482136
17.9,2.1,0,0.0765908
17.9,2.2,0,0.102241
17.9,2.3,0,0.146993
17.9,2.4,0,0.185626
17.9,2.5,0,0.229603
17.9,2.6,0,0.292603
17.9,2.7,0,0.345488
17.9,2.8,0,0.420132
17.9,2.9,0,0.479795
17.9,3,0,0.533443
17.9,3.1,0,0.619691
17.9,3.2,0,0.679634
17.9,3.3,0,0.763324
17.9,3.4,0,0.826419
17.9,3.5,0,0.868812
17.9,3.6,0,0.979864
17.9,3.7,0,1.04825
17.9,3.8,0,1.13243
17.9,3.9,0,1.19943
17.9,4,0,1.22161
17.9,4.1,0,1.33429
17.9,4.2,0,1.39041
17.9,4.3,0,1.44781
17.9,4.4,0,1.48897
17.9,4.5,0,1.47407
17.9,4.6,0,1.56643
17.9,4.7,0,1.59302
17.9,4.8,0,1.62477
17.9,4.9,0,1.64046
17.9,5,0,1.59399
17.9,5.1,0,1.67152
17.9,5.2,0,1.67766
17.9,5.3,0,1.61986
17.9,5.4,0,1.6857
17.9,5.5,0,1.68516
17.9,5.6,0,1.62222
17.9,5.7,0,1.67607
17.9,5.8,0,1.66961
17.9,5.9,0,1.59985
17.9,6,0,1.64552
17.9,6.1,0,1.634
17.9,6.2,0,1.55725
17.9,6.3,0,1.60182
17.9,6.4,0,1.59029
17.9,6.5,0,1.51336
17.9,6.6,0,1.56229
17.9,6.7,0,1.53701
17.9,6.8,0,1.43623
17.9,6.9,0,1.46962
17.9,7,0,1.41141
17.9,7.1,0,1.27399
17.9,7.2,0,1.28475
17.9,7.3,0,1.20629
17.9,7.4,0,1.06013
17.9,7.5,0,1.06927
17.9,7.6,0,0.986011
17.9,7.7,0,0.837507
17.9,7.8,0,0.839582
17.9,7.9,0,0.754197
17.9,8,0,0.607398
17.9,8.1,0,0.56387
17.9,8.2,0,0.432625
17.9,8.3,0,0.301816
17.9,8.4,0,0.161112
17.9,8.5,0,-0.0233697
17.9,8.6,0,-0.173185
17.9,8.7,0,-0.323107
17.9,8.8,0,-0.496543
17.9,8.9,0,-0.604982
17.9,9,0,-0.737219
17.9,9.1,0,-0.795316
17.9,9.2,0,-0.836228
17.9,9.3,0,-0.900049
17.9,9.4,0,-0.887148
17.9,9.5,0,-0.964909
17.9,9.6,0,-0.986613
17.9,9.7,0,-1.01841
17.9,9.8,0,-1.03769
17.9,9.9,0,-1.03756
17.9,10,0,-1.07505
17.9,10.1,0,-1.06402
17.9,10.2,0,-1.0976
17.9,10.3,0,-1.09778
17.9,10.4,0,-1.10605
17.9,10.5,0,-1.09372
17.9,10.6,0,-1.07207
17.9,10.7,0,-1.07162
17.9,10.8,0,-1.03586
17.9,10.9,0,-1.02827
17.9,11,0,-0.992616
17.9,11.1,0,-0.969811
17.9,11.2,0,-0.928167
17.9,11.3,0,-0.877746
17.9,11.4,0,-0.856887
17.9,11.5,0,-0.801755
17.9,11.6,0,-0.768746
17.9,11.7,0,-0.710184
17.9,11.8,0,-0.650112
17.9,11.9,0,-0.581981
17.9,12,0,-0.509062
17.9,12.1,0,-0.432071
17.9,12.2,0,-0.357396
17.9,12.3,0,-0.276962
17.9,12.4,0,-0.197876
17.9,12.5,0,-0.126341
17.9,12.6,0,-0.0581178
17.9,12.7,0,0
18,0,0,0
18,0.1,0,0.0237964
18,0.2,0,0.0243539
18,0.3,0,0.0238788
18,0.4,0,0.0177219
18,0.5,0,0.0103165
18,0.6,0,0.00105646
18,0.7,0,-0.00462948
18,0.8,0,-0.00511084
18,0.9,0,-0.0141345
18,1,0,-0.00287265
18,1.1,0,-0.0112222
18,1.2,0,-0.00878292
18,1.3,0,-0.00182728
18,1.4,0,-0.00528076
18,1.5,0,0.0171904
18,1.6,0,0.019151
18,1.7,0,0.0333482
18,1.8,0,0.057277
18,1.9,0,0.0722414
18,2,0,0.1056
18,2.1,0,0.135795
18,2.2,0,0.16614
18,2.3,0,0.211313
18,2.4,0,0.253237
18,2.5,0,0.300777
18,2.6,0,0.37052
18,2.7,0,0.423676
18,2.8,0,0.498931
18,2.9,0,0.569958
18,3,0,0.619597
18,3.1,0,0.72338
18,3.2,0,0.775729
18,3.3,0,0.860158
18,3.4,0,0.944888
18,3.5,0,0.97348
18,3.6,0,1.11298
18,3.7,0,1.1601
18,3.8,0,1.24483
18,3.9,0,1.34353
18,4,0,1.33584
18,4.1,0,1.48624
18,4.2,0,1.50923
18,4.3,0,1.56691
18,4.4,0,1.64675
18,4.5,0,1.59447
18,4.6,0,1.73068
18,4.7,0,1.71983
18,4.8,0,1.75193
18,4.9,0,1.81178
18,5,0,1.72387
18,5.1,0,1.84899
18,5.2,0,1.85513
18,5.3,0,1.75472
18,5.4,0,1.8648
18,5.5,0,1.86427
18,5.6,0,1.75971
18,5.7,0,1.85378
18,5.8,0,1.84732
18,5.9,0,1.73535
18,6,0,1.81914
18,6.1,0,1.80763
18,6.2,0,1.68739
18,6.3,0,1.76936
18,6.4,0,1.75783
18,6.5,0,1.6373
18,6.6,0,1.73571
18,6.7,0,1.71043
18,6.8,0,1.55932
18,6.9,0,1.65379
18,7,0,1.59557
18,7.1,0,1.40536
18,7.2,0,1.47559
18,7.3,0,1.39713
18,7.4,0,1.20585
18,7.5,0,1.27658
18,7.6,0,1.19332
18,7.7,0,1.00132
18,7.8,0,1.0617
18,7.9,0,0.976315
18,8,0,0.788573
18,8.1,0,0.7948
18,8.2,0,0.625705
18,8.3,0,0.514502
18,8.4,0,0.379741
18,8.5,0,0.174516
18,8.6,0,0.0216384
18,8.7,0,-0.129535
18,8.8,0,-0.342005
18,8.9,0,-0.425699
18,9,0,-0.585017
18,9.1,0,-0.671646
18,9.2,0,-0.677538
18,9.3,0,-0.795281
18,9.4,0,-0.747945
18,9.5,0,-0.869982
18,9.6,0,-0.861806
18,9.7,0,-0.905225
18,9.8,0,-0.949916
18,9.9,0,-0.923901
18,10,0,-0.993506
18,10.1,0,-0.961034
18,10.2,0,-1.02293
18,10.3,0,-1.00881
18,10.4,0,-1.0185
18,10.5,0,-1.0286
18,10.6,0,-0.993801
18,10.7,0,-1.01844
18,10.8,0,-0.970693
18,10.9,0,-0.985754
18,11,0,-0.942409
18,11.1,0,-0.916084
18,11.2,0,-0.896353
18,11.3,0,-0.835579
18,11.4,0,-0.83816
18,11.5,0,-0.772896
18,11.6,0,-0.760223
18,11.7,0,-0.698257
18,11.8,0,-0.634547
18,11.9,0,-0.577416
18,12,0,-0.502863
18,12.1,0,-0.425832
18,12.2,0,-0.355585
18,12.3,0,-0.271716
18,12.4,0,-0.194145
18,12.5,0,-0.126816
18,12.6,0,-0.0527321
18,12.7,0,0
18.1,0,0,0
18.1,0.1,0,0.0287484
18.1,0.2,0,0.0298649
18.1,0.3,0,0.0293898
18.1,0.4,0,0.0286834
18.1,0.5,0,0.0220967
18.1,0.6,0,0.0134416
18.1,0.7,0,0.0145748
18.1,0.8,0,0.0140934
18.1,0.9,0,0.00829024
18.1,1,0,0.0244156
18.1,1.1,0,0.0154749
18.1,1.2,0,0.0262837
18.1,1.3,0,0.0332393
18.1,1.4,0,0.0318353
18.1,1.5,0,0.0601132
18.1,1.6,0,0.0611969
18.1,1.7,0,0.0838442
18.1,1.8,0,0.107773
18.1,1.9,0,0.12529
18.1,2,0,0.162986
18.1,2.1,0,0.194272
18.1,2.2,0,0.230287
18.1,2.3,0,0.275459
18.1,2.4,0,0.322273
18.1,2.5,0,0.371951
18.1,2.6,0,0.44574
18.1,2.7,0,0.501877
18.1,2.8,0,0.577132
18.1,2.9,0,0.658517
18.1,3,0,0.70575
18.1,3.1,0,0.820055
18.1,3.2,0,0.871424
18.1,3.3,0,0.955853
18.1,3.4,0,1.05784
18.1,3.5,0,1.07815
18.1,3.6,0,1.23471
18.1,3.7,0,1.27083
18.1,3.8,0,1.35556
18.1,3.9,0,1.47569
18.1,4,0,1.45008
18.1,4.1,0,1.6231
18.1,4.2,0,1.62629
18.1,4.3,0,1.68398
18.1,4.4,0,1.78957
18.1,4.5,0,1.71487
18.1,4.6,0,1.87739
18.1,4.7,0,1.84467
18.1,4.8,0,1.87677
18.1,4.9,0,1.96652
18.1,5,0,1.85375
18.1,5.1,0,1.98284
18.1,5.2,0,1.99354
18.1,5.3,0,1.88957
18.1,5.4,0,2.00334
18.1,5.5,0,2.00523
18.1,5.6,0,1.8972
18.1,5.7,0,1.99462
18.1,5.8,0,1.98634
18.1,5.9,0,1.87085
18.1,6,0,1.95782
18.1,6.1,0,1.94139
18.1,6.2,0,1.81753
18.1,6.3,0,1.90261
18.1,6.4,0,1.8854
18.1,6.5,0,1.76124
18.1,6.6,0,1.86377
18.1,6.7,0,1.83771
18.1,6.8,0,1.68241
18.1,6.9,0,1.78196
18.1,7,0,1.73133
18.1,7.1,0,1.53672
18.1,7.2,0,1.61191
18.1,7.3,0,1.54661
18.1,7.4,0,1.35157
18.1,7.5,0,1.42743
18.1,7.6,0,1.36076
18.1,7.7,0,1.16513
18.1,7.8,0,1.23037
18.1,7.9,0,1.1609
18.1,8,0,0.969749
18.1,8.1,0,1.01567
18.1,8.2,0,0.818785
18.1,8.3,0,0.707582
18.1,8.4,0,0.577627
18.1,8.5,0,0.372401
18.1,8.6,0,0.216415
18.1,8.7,0,0.0640365
18.1,8.8,0,-0.17314
18.1,8.9,0,-0.246416
18.1,9,0,-0.405735
18.1,9.1,0,-0.512956
18.1,9.2,0,-0.518849
18.1,9.3,0,-0.690513
18.1,9.4,0,-0.608742
18.1,9.5,0,-0.751504
18.1,9.6,0,-0.736999
18.1,9.7,0,-0.780418
18.1,9.8,0,-0.839839
18.1,9.9,0,-0.810244
18.1,10,0,-0.911959
18.1,10.1,0,-0.858054
18.1,10.2,0,-0.928532
18.1,10.3,0,-0.917334
18.1,10.4,0,-0.927022
18.1,10.5,0,-0.954324
18.1,10.6,0,-0.915533
18.1,10.7,0,-0.96527
18.1,10.8,0,-0.905527
18.1,10.9,0,-0.923721
18.1,11,0,-0.888682
18.1,11.1,0,-0.862358
18.1,11.2,0,-0.859032
18.1,11.3,0,-0.793412
18.1,11.4,0,-0.819433
18.1,11.5,0,-0.744038
18.1,11.6,0,-0.731365
18.1,11.7,0,-0.682691
18.1,11.8,0,-0.618982
18.1,11.9,0,-0.572251
18.1,12,0,-0.496664
18.1,12.1,0,-0.419594
18.1,12.2,0,-0.353774
18.1,12.3,0,-0.269904
18.1,12.4,0,-0.194621
18.1,12.5,0,-0.127292
18.1,12.6,0,-0.048435
18.1,12.7,0,0
18.2,0,0,0
18.2,0.1,0,0.0287484
18.2,0.2,0,0.0353759
18.2,0.3,0,0.0349008
18.2,0.4,0,0.0404635
18.2,0.5,0,0.0338768
18.2,0.6,0,0.0252218
18.2,0.7,0,0.033779
18.2,0.8,0,0.0332977
18.2,0.9,0,0.0355785
18.2,1,0,0.0517039
18.2,1.1,0,0.0427631
18.2,1.2,0,0.0613502
18.2,1.3,0,0.0683059
18.2,1.4,0,0.074758
18.2,1.5,0,0.103036
18.2,1.6,0,0.10412
18.2,1.7,0,0.13434
18.2,1.8,0,0.158269
18.2,1.9,0,0.182676
18.2,2,0,0.220372
18.2,2.1,0,0.251658
18.2,2.2,0,0.294434
18.2,2.3,0,0.339606
18.2,2.4,0,0.393447
18.2,2.5,0,0.443125
18.2,2.6,0,0.516914
18.2,2.7,0,0.580078
18.2,2.8,0,0.655334
18.2,2.9,0,0.74467
18.2,3,0,0.791903
18.2,3.1,0,0.906208
18.2,3.2,0,0.96712
18.2,3.3,0,1.05155
18.2,3.4,0,1.16251
18.2,3.5,0,1.18282
18.2,3.6,0,1.33938
18.2,3.7,0,1.38156
18.2,3.8,0,1.46629
18.2,3.9,0,1.58992
18.2,4,0,1.56431
18.2,4.1,0,1.73733
18.2,4.2,0,1.74336
18.2,4.3,0,1.80105
18.2,4.4,0,1.90997
18.2,4.5,0,1.83527
18.2,4.6,0,1.99779
18.2,4.7,0,1.96951
18.2,4.8,0,2.00161
18.2,4.9,0,2.0964
18.2,5,0,1.98363
18.2,5.1,0,2.11272
18.2,5.2,0,2.12839
18.2,5.3,0,2.02442
18.2,5.4,0,2.13819
18.2,5.5,0,2.14272
18.2,5.6,0,2.0347
18.2,5.7,0,2.13212
18.2,5.8,0,2.12184
18.2,5.9,0,2.00636
18.2,6,0,2.09333
18.2,6.1,0,2.07153
18.2,6.2,0,1.94767
18.2,6.3,0,2.03275
18.2,6.4,0,2.00934
18.2,6.5,0,1.88518
18.2,6.6,0,1.98771
18.2,6.7,0,1.9608
18.2,6.8,0,1.8055
18.2,6.9,0,1.90506
18.2,7,0,1.8627
18.2,7.1,0,1.66808
18.2,7.2,0,1.74328
18.2,7.3,0,1.69233
18.2,7.4,0,1.49729
18.2,7.5,0,1.57315
18.2,7.6,0,1.52457
18.2,7.7,0,1.32894
18.2,7.8,0,1.39418
18.2,7.9,0,1.34208
18.2,8,0,1.15092
18.2,8.1,0,1.19504
18.2,8.2,0,1.01187
18.2,8.3,0,0.900662
18.2,8.4,0,0.775512
18.2,8.5,0,0.570287
18.2,8.6,0,0.410639
18.2,8.7,0,0.257608
18.2,8.8,0,0.0204323
18.2,8.9,0,-0.0671338
18.2,9,0,-0.226452
18.2,9.1,0,-0.354266
18.2,9.2,0,-0.360159
18.2,9.3,0,-0.535341
18.2,9.4,0,-0.469538
18.2,9.5,0,-0.6123
18.2,9.6,0,-0.612192
18.2,9.7,0,-0.655611
18.2,9.8,0,-0.726182
18.2,9.9,0,-0.696587
18.2,10,0,-0.797827
18.2,10.1,0,-0.755073
18.2,10.2,0,-0.825551
18.2,10.3,0,-0.825858
18.2,10.4,0,-0.835545
18.2,10.5,0,-0.876056
18.2,10.6,0,-0.837265
18.2,10.7,0,-0.887837
18.2,10.8,0,-0.840361
18.2,10.9,0,-0.858556
18.2,11,0,-0.834955
18.2,11.1,0,-0.808631
18.2,11.2,0,-0.816866
18.2,11.3,0,-0.751245
18.2,11.4,0,-0.776432
18.2,11.5,0,-0.715179
18.2,11.6,0,-0.702507
18.2,11.7,0,-0.667126
18.2,11.8,0,-0.603417
18.2,11.9,0,-0.566052
18.2,12,0,-0.490465
18.2,12.1,0,-0.414338
18.2,12.2,0,-0.351962
18.2,12.3,0,-0.268093
18.2,12.4,0,-0.195097
18.2,12.5,0,-0.127768
18.2,12.6,0,-0.0487156
18.2,12.7,0,0
18.3,0,0,0
18.3,0.1,0,0.0264174
18.3,0.2,0,0.0408869
18.3,0.3,0,0.0404118
18.3,0.4,0,0.0480746
18.3,0.5,0,0.045657
18.3,0.6,0,0.0424553
18.3,0.7,0,0.0529833
18.3,0.8,0,0.0525019
18.3,0.9,0,0.0628854
18.3,1,0,0.0789921
18.3,1.1,0,0.0775005
18.3,1.2,0,0.0964168
18.3,1.3,0,0.103372
18.3,1.4,0,0.119229
18.3,1.5,0,0.145959
18.3,1.6,0,0.154722
18.3,1.7,0,0.184836
18.3,1.8,0,0.208765
18.3,1.9,0,0.24035
18.3,2,0,0.277758
18.3,2.1,0,0.313245
18.3,2.2,0,0.35858
18.3,2.3,0,0.403752
18.3,2.4,0,0.461676
18.3,2.5,0,0.514299
18.3,2.6,0,0.588329
18.3,2.7,0,0.658279
18.3,2.8,0,0.733535
18.3,2.9,0,0.820656
18.3,3,0,0.878056
18.3,3.1,0,0.985567
18.3,3.2,0,1.06281
18.3,3.3,0,1.14724
18.3,3.4,0,1.24782
18.3,3.5,0,1.28749
18.3,3.6,0,1.42502
18.3,3.7,0,1.49229
18.3,3.8,0,1.57702
18.3,3.9,0,1.67579
18.3,4,0,1.67854
18.3,4.1,0,1.82192
18.3,4.2,0,1.86043
18.3,4.3,0,1.91812
18.3,4.4,0,1.99577
18.3,4.5,0,1.95567
18.3,4.6,0,2.08469
18.3,4.7,0,2.09434
18.3,4.8,0,2.12644
18.3,4.9,0,2.18678
18.3,5,0,2.11352
18.3,5.1,0,2.2284
18.3,5.2,0,2.24737
18.3,5.3,0,2.15927
18.3,5.4,0,2.25918
18.3,5.5,0,2.26547
18.3,5.6,0,2.17219
18.3,5.7,0,2.25554
18.3,5.8,0,2.24394
18.3,5.9,0,2.14186
18.3,6,0,2.21433
18.3,6.1,0,2.18896
18.3,6.2,0,2.07781
18.3,6.3,0,2.14836
18.3,6.4,0,2.12082
18.3,6.5,0,2.00912
18.3,6.6,0,2.09488
18.3,6.7,0,2.0674
18.3,6.8,0,1.92859
18.3,6.9,0,2.01055
18.3,7,0,1.9737
18.3,7.1,0,1.79945
18.3,7.2,0,1.8596
18.3,7.3,0,1.81822
18.3,7.4,0,1.64301
18.3,7.5,0,1.70436
18.3,7.6,0,1.66785
18.3,7.7,0,1.49275
18.3,7.8,0,1.54434
18.3,7.9,0,1.50382
18.3,8,0,1.3321
18.3,8.1,0,1.33836
18.3,8.2,0,1.20495
18.3,8.3,0,1.09374
18.3,8.4,0,0.971615
18.3,8.5,0,0.768172
18.3,8.6,0,0.607273
18.3,8.7,0,0.45118
18.3,8.8,0,0.235852
18.3,8.9,0,0.112149
18.3,9,0,-0.0471695
18.3,9.1,0,-0.182938
18.3,9.2,0,-0.201469
18.3,9.3,0,-0.342216
18.3,9.4,0,-0.330335
18.3,9.5,0,-0.45164
18.3,9.6,0,-0.487385
18.3,9.7,0,-0.530804
18.3,9.8,0,-0.598143
18.3,9.9,0,-0.58293
18.3,10,0,-0.662737
18.3,10.1,0,-0.652092
18.3,10.2,0,-0.713275
18.3,10.3,0,-0.734381
18.3,10.4,0,-0.744069
18.3,10.5,0,-0.783205
18.3,10.6,0,-0.758997
18.3,10.7,0,-0.797577
18.3,10.8,0,-0.775196
18.3,10.9,0,-0.789036
18.3,11,0,-0.781229
18.3,11.1,0,-0.754905
18.3,11.2,0,-0.758964
18.3,11.3,0,-0.709078
18.3,11.4,0,-0.724134
18.3,11.5,0,-0.686321
18.3,11.6,0,-0.671951
18.3,11.7,0,-0.651561
18.3,11.8,0,-0.587852
18.3,11.9,0,-0.550141
18.3,12,0,-0.484266
18.3,12.1,0,-0.412567
18.3,12.2,0,-0.350151
18.3,12.3,0,-0.266664
18.3,12.4,0,-0.195572
18.3,12.5,0,-0.128243
18.3,12.6,0,-0.0545769
18.3,12.7,0,0
18.4,0,0,0
18.4,0.1,0,0.023675
18.4,0.2,0,0.0439219
18.4,0.3,0,0.0463321
18.4,0.4,0,0.0549501
18.4,0.5,0,0.0574371
18.4,0.6,0,0.0606512
18.4,0.7,0,0.071885
18.4,0.8,0,0.074138
18.4,0.9,0,0.0901955
18.4,1,0,0.10628
18.4,1.1,0,0.113552
18.4,1.2,0,0.131779
18.4,1.3,0,0.141342
18.4,1.4,0,0.163973
18.4,1.5,0,0.188881
18.4,1.6,0,0.206679
18.4,1.7,0,0.235771
18.4,1.8,0,0.26143
18.4,1.9,0,0.298075
18.4,2,0,0.335144
18.4,2.1,0,0.375574
18.4,2.2,0,0.422181
18.4,2.3,0,0.468968
18.4,2.4,0,0.529386
18.4,2.5,0,0.585473
18.4,2.6,0,0.659788
18.4,2.7,0,0.734458
18.4,2.8,0,0.810533
18.4,2.9,0,0.894848
18.4,3,0,0.96421
18.4,3.1,0,1.06373
18.4,3.2,0,1.15325
18.4,3.3,0,1.2388
18.4,3.4,0,1.32971
18.4,3.5,0,1.39215
18.4,3.6,0,1.50731
18.4,3.7,0,1.59448
18.4,3.8,0,1.67879
18.4,3.9,0,1.75664
18.4,4,0,1.79278
18.4,4.1,0,1.90128
18.4,4.2,0,1.96619
18.4,4.3,0,2.02397
18.4,4.4,0,2.07546
18.4,4.5,0,2.07607
18.4,4.6,0,2.16568
18.4,4.7,0,2.20603
18.4,4.8,0,2.23885
18.4,4.9,0,2.27018
18.4,5,0,2.2434
18.4,5.1,0,2.31565
18.4,5.2,0,2.33463
18.4,5.3,0,2.29412
18.4,5.4,0,2.35242
18.4,5.5,0,2.35871
18.4,5.6,0,2.30969
18.4,5.7,0,2.35083
18.4,5.8,0,2.33923
18.4,5.9,0,2.27736
18.4,6,0,2.30635
18.4,6.1,0,2.28097
18.4,6.2,0,2.20795
18.4,6.3,0,2.2349
18.4,6.4,0,2.20735
18.4,6.5,0,2.13306
18.4,6.6,0,2.16849
18.4,6.7,0,2.14101
18.4,6.8,0,2.05168
18.4,6.9,0,2.08084
18.4,7,0,2.04399
18.4,7.1,0,1.93081
18.4,7.2,0,1.94584
18.4,7.3,0,1.90446
18.4,7.4,0,1.78873
18.4,7.5,0,1.80658
18.4,7.6,0,1.77007
18.4,7.7,0,1.65656
18.4,7.8,0,1.66721
18.4,7.9,0,1.62669
18.4,8,0,1.51328
18.4,8.1,0,1.48169
18.4,8.2,0,1.39803
18.4,8.3,0,1.2639
18.4,8.4,0,1.13904
18.4,8.5,0,0.966058
18.4,8.6,0,0.803907
18.4,8.7,0,0.644752
18.4,8.8,0,0.454168
18.4,8.9,0,0.29413
18.4,9,0,0.15833
18.4,9.1,0,0.0323212
18.4,9.2,0,-0.042779
18.4,9.3,0,-0.149091
18.4,9.4,0,-0.191131
18.4,9.5,0,-0.282557
18.4,9.6,0,-0.352215
18.4,9.7,0,-0.391401
18.4,9.8,0,-0.447449
18.4,9.9,0,-0.469273
18.4,10,0,-0.527646
18.4,10.1,0,-0.549112
18.4,10.2,0,-0.593492
18.4,10.3,0,-0.631612
18.4,10.4,0,-0.647345
18.4,10.5,0,-0.678575
18.4,10.6,0,-0.680729
18.4,10.7,0,-0.707317
18.4,10.8,0,-0.71003
18.4,10.9,0,-0.712658
18.4,11,0,-0.71473
18.4,11.1,0,-0.698755
18.4,11.2,0,-0.694884
18.4,11.3,0,-0.666911
18.4,11.4,0,-0.671836
18.4,11.5,0,-0.657463
18.4,11.6,0,-0.635494
18.4,11.7,0,-0.620772
18.4,11.8,0,-0.572174
18.4,11.9,0,-0.532942
18.4,12,0,-0.478068
18.4,12.1,0,-0.410796
18.4,12.2,0,-0.34834
18.4,12.3,0,-0.271389
18.4,12.4,0,-0.199845
18.4,12.5,0,-0.128719
18.4,12.6,0,-0.0604383
18.4,12.7,0,0
18.5,0,0,0
18.5,0.1,0,0.0209326
18.5,0.2,0,0.0411795
18.5,0.3,0,0.0532075
18.5,0.4,0,0.0618255
18.5,0.5,0,0.0692173
18.5,0.6,0,0.0788471
18.5,0.7,0,0.090081
18.5,0.8,0,0.101448
18.5,0.9,0,0.117506
18.5,1,0,0.133569
18.5,1.1,0,0.149604
18.5,1.2,0,0.167831
18.5,1.3,0,0.186087
18.5,1.4,0,0.208718
18.5,1.5,0,0.231804
18.5,1.6,0,0.258637
18.5,1.7,0,0.287728
18.5,1.8,0,0.319155
18.5,1.9,0,0.3558
18.5,2,0,0.39253
18.5,2.1,0,0.437902
18.5,2.2,0,0.48451
18.5,2.3,0,0.536677
18.5,2.4,0,0.597095
18.5,2.5,0,0.656647
18.5,2.6,0,0.731246
18.5,2.7,0,0.805916
18.5,2.8,0,0.884725
18.5,2.9,0,0.969039
18.5,3,0,1.05036
18.5,3.1,0,1.14188
18.5,3.2,0,1.23141
18.5,3.3,0,1.32069
18.5,3.4,0,1.4116
18.5,3.5,0,1.49682
18.5,3.6,0,1.58959
18.5,3.7,0,1.67677
18.5,3.8,0,1.75964
18.5,3.9,0,1.8375
18.5,4,0,1.90701
18.5,4.1,0,1.98064
18.5,4.2,0,2.04555
18.5,4.3,0,2.10366
18.5,4.4,0,2.15516
18.5,4.5,0,2.19647
18.5,4.6,0,2.24667
18.5,4.7,0,2.28702
18.5,4.8,0,2.32225
18.5,4.9,0,2.35357
18.5,5,0,2.37328
18.5,5.1,0,2.40291
18.5,5.2,0,2.42189
18.5,5.3,0,2.42897
18.5,5.4,0,2.44566
18.5,5.5,0,2.45195
18.5,5.6,0,2.44718
18.5,5.7,0,2.44613
18.5,5.8,0,2.43452
18.5,5.9,0,2.41286
18.5,6,0,2.39836
18.5,6.1,0,2.37299
18.5,6.2,0,2.33809
18.5,6.3,0,2.32144
18.5,6.4,0,2.2939
18.5,6.5,0,2.257
18.5,6.6,0,2.2421
18.5,6.7,0,2.21462
18.5,6.8,0,2.17477
18.5,6.9,0,2.15113
18.5,7,0,2.11428
18.5,7.1,0,2.06217
18.5,7.2,0,2.03207
18.5,7.3,0,1.99069
18.5,7.4,0,1.93445
18.5,7.5,0,1.9088
18.5,7.6,0,1.87229
18.5,7.7,0,1.82037
18.5,7.8,0,1.79008
18.5,7.9,0,1.74955
18.5,8,0,1.69445
18.5,8.1,0,1.62501
18.5,8.2,0,1.54612
18.5,8.3,0,1.43132
18.5,8.4,0,1.30646
18.5,8.5,0,1.16302
18.5,8.6,0,1.00054
18.5,8.7,0,0.838324
18.5,8.8,0,0.672484
18.5,8.9,0,0.512446
18.5,9,0,0.37359
18.5,9.1,0,0.247581
18.5,9.2,0,0.135693
18.5,9.3,0,0.0440334
18.5,9.4,0,-0.0476258
18.5,9.5,0,-0.113473
18.5,9.6,0,-0.183131
18.5,9.7,0,-0.240707
18.5,9.8,0,-0.296755
18.5,9.9,0,-0.346837
18.5,10,0,-0.392556
18.5,10.1,0,-0.438274
18.5,10.2,0,-0.473708
18.5,10.3,0,-0.511828
18.5,10.4,0,-0.542715
18.5,10.5,0,-0.573945
18.5,10.6,0,-0.599527
18.5,10.7,0,-0.617057
18.5,10.8,0,-0.634586
18.5,10.9,0,-0.63628
18.5,11,0,-0.638352
18.5,11.1,0,-0.634676
18.5,11.2,0,-0.630805
18.5,11.3,0,-0.623936
18.5,11.4,0,-0.619537
18.5,11.5,0,-0.615139
18.5,11.6,0,-0.599037
18.5,11.7,0,-0.584315
18.5,11.8,0,-0.554975
18.5,11.9,0,-0.515743
18.5,12,0,-0.471869
18.5,12.1,0,-0.409025
18.5,12.2,0,-0.346558
18.5,12.3,0,-0.276114
18.5,12.4,0,-0.20457
18.5,12.5,0,-0.134065
18.5,12.6,0,-0.0662996
18.5,12.7,0,0
18.6,0,0,0
18.6,0.1,0,0.0232039
18.6,0.2,0,0.0434508
18.6,0.3,0,0.0606961
18.6,0.4,0,0.0693141
18.6,0.5,0,0.0797988
18.6,0.6,0,0.0951641
18.6,0.7,0,0.106398
18.6,0.8,0,0.128303
18.6,0.9,0,0.144361
18.6,1,0,0.159016
18.6,1.1,0,0.185062
18.6,1.2,0,0.203288
18.6,1.3,0,0.229294
18.6,1.4,0,0.251925
18.6,1.5,0,0.269048
18.6,1.6,0,0.309005
18.6,1.7,0,0.338097
18.6,1.8,0,0.374814
18.6,1.9,0,0.411459
18.6,2,0,0.438018
18.6,2.1,0,0.497476
18.6,2.2,0,0.544083
18.6,2.3,0,0.600459
18.6,2.4,0,0.660877
18.6,2.5,0,0.710689
18.6,2.6,0,0.799735
18.6,2.7,0,0.874406
18.6,2.8,0,0.957219
18.6,2.9,0,1.04153
18.6,3,0,1.11256
18.6,3.1,0,1.21922
18.6,3.2,0,1.30874
18.6,3.3,0,1.40274
18.6,3.4,0,1.49365
18.6,3.5,0,1.56514
18.6,3.6,0,1.67354
18.6,3.7,0,1.76071
18.6,3.8,0,1.84335
18.6,3.9,0,1.92121
18.6,4,0,1.97553
18.6,4.1,0,2.06341
18.6,4.2,0,2.12832
18.6,4.3,0,2.18644
18.6,4.4,0,2.23793
18.6,4.5,0,2.26609
18.6,4.6,0,2.32997
18.6,4.7,0,2.37032
18.6,4.8,0,2.40771
18.6,4.9,0,2.43903
18.6,5,0,2.44897
18.6,5.1,0,2.49236
18.6,5.2,0,2.51134
18.6,5.3,0,2.50973
18.6,5.4,0,2.54408
18.6,5.5,0,2.55037
18.6,5.6,0,2.53317
18.6,5.7,0,2.54663
18.6,5.8,0,2.53503
18.6,5.9,0,2.50222
18.6,6,0,2.49316
18.6,6.1,0,2.46779
18.6,6.2,0,2.42878
18.6,6.3,0,2.40646
18.6,6.4,0,2.37891
18.6,6.5,0,2.34704
18.6,6.6,0,2.3172
18.6,6.7,0,2.28972
18.6,6.8,0,2.26438
18.6,6.9,0,2.22538
18.6,7,0,2.18853
18.6,7.1,0,2.15614
18.6,7.2,0,2.11699
18.6,7.3,0,2.07561
18.6,7.4,0,2.03649
18.6,7.5,0,2.00952
18.6,7.6,0,1.97301
18.6,7.7,0,1.93196
18.6,7.8,0,1.91678
18.6,7.9,0,1.87625
18.6,8,0,1.81619
18.6,8.1,0,1.77715
18.6,8.2,0,1.69825
18.6,8.3,0,1.61084
18.6,8.4,0,1.48598
18.6,8.5,0,1.36467
18.6,8.6,0,1.20219
18.6,8.7,0,1.00644
18.6,8.8,0,0.884672
18.6,8.9,0,0.724635
18.6,9,0,0.579499
18.6,9.1,0,0.45349
18.6,9.2,0,0.322544
18.6,9.3,0,0.230885
18.6,9.4,0,0.122635
18.6,9.5,0,0.0518763
18.6,9.6,0,-0.0177816
18.6,9.7,0,-0.092469
18.6,9.8,0,-0.148517
18.6,9.9,0,-0.214852
18.6,10,0,-0.259707
18.6,10.1,0,-0.310427
18.6,10.2,0,-0.355138
18.6,10.3,0,-0.393258
18.6,10.4,0,-0.440005
18.6,10.5,0,-0.471235
18.6,10.6,0,-0.510907
18.6,10.7,0,-0.531108
18.6,10.8,0,-0.548432
18.6,10.9,0,-0.562621
18.6,11,0,-0.564693
18.6,11.1,0,-0.57058
18.6,11.2,0,-0.566709
18.6,11.3,0,-0.563676
18.6,11.4,0,-0.567495
18.6,11.5,0,-0.563097
18.6,11.6,0,-0.56702
18.6,11.7,0,-0.552298
18.6,11.8,0,-0.544485
18.6,11.9,0,-0.505253
18.6,12,0,-0.452658
18.6,12.1,0,-0.411113
18.6,12.2,0,-0.348647
18.6,12.3,0,-0.281108
18.6,12.4,0,-0.209564
18.6,12.5,0,-0.137937
18.6,12.6,0,-0.0701726
18.6,12.7,0,0
18.7,0,0,0
18.7,0.1,0,0.0271465
18.7,0.2,0,0.0472663
18.7,0.3,0,0.0675119
18.7,0.4,0,0.0770071
18.7,0.5,0,0.0899809
18.7,0.6,0,0.110855
18.7,0.7,0,0.122556
18.7,0.8,0,0.153272
18.7,0.9,0,0.171064
18.7,1,0,0.18385
18.7,1.1,0,0.220321
18.7,1.2,0,0.237614
18.7,1.3,0,0.269568
18.7,1.4,0,0.29462
18.7,1.5,0,0.304399
18.7,1.6,0,0.358843
18.7,1.7,0,0.385736
18.7,1.8,0,0.426559
18.7,1.9,0,0.46643
18.7,2,0,0.47954
18.7,2.1,0,0.556131
18.7,2.2,0,0.599938
18.7,2.3,0,0.659367
18.7,2.4,0,0.72335
18.7,2.5,0,0.759021
18.7,2.6,0,0.867235
18.7,2.7,0,0.93872
18.7,2.8,0,1.02508
18.7,2.9,0,1.11346
18.7,3,0,1.16677
18.7,3.1,0,1.29628
18.7,3.2,0,1.38161
18.7,3.3,0,1.47963
18.7,3.4,0,1.57575
18.7,3.5,0,1.62133
18.7,3.6,0,1.75803
18.7,3.7,0,1.83929
18.7,3.8,0,1.92206
18.7,3.9,0,2.00587
18.7,4,0,2.02882
18.7,4.1,0,2.14731
18.7,4.2,0,2.20592
18.7,4.3,0,2.26395
18.7,4.4,0,2.32173
18.7,4.5,0,2.31879
18.7,4.6,0,2.41404
18.7,4.7,0,2.44844
18.7,4.8,0,2.48748
18.7,4.9,0,2.52517
18.7,5,0,2.5066
18.7,5.1,0,2.58254
18.7,5.2,0,2.60151
18.7,5.3,0,2.57246
18.7,5.4,0,2.64423
18.7,5.5,0,2.65052
18.7,5.6,0,2.60199
18.7,5.7,0,2.64888
18.7,5.8,0,2.63727
18.7,5.9,0,2.5762
18.7,6,0,2.58888
18.7,6.1,0,2.56351
18.7,6.2,0,2.50632
18.7,6.3,0,2.49097
18.7,6.4,0,2.46343
18.7,6.5,0,2.42579
18.7,6.6,0,2.39278
18.7,6.7,0,2.36531
18.7,6.8,0,2.34282
18.7,6.9,0,2.30094
18.7,7,0,2.2641
18.7,7.1,0,2.23765
18.7,7.2,0,2.20146
18.7,7.3,0,2.16008
18.7,7.4,0,2.12399
18.7,7.5,0,2.10974
18.7,7.6,0,2.07323
18.7,7.7,0,2.02614
18.7,7.8,0,2.04475
18.7,7.9,0,2.00422
18.7,8,0,1.91812
18.7,8.1,0,1.93222
18.7,8.2,0,1.828
18.7,8.3,0,1.79439
18.7,8.4,0,1.66953
18.7,8.5,0,1.5112
18.7,8.6,0,1.40552
18.7,8.7,0,1.15289
18.7,8.8,0,1.09482
18.7,8.9,0,0.911933
18.7,9,0,0.782291
18.7,9.1,0,0.656282
18.7,9.2,0,0.480211
18.7,9.3,0,0.415646
18.7,9.4,0,0.267914
18.7,9.5,0,0.215981
18.7,9.6,0,0.138151
18.7,9.7,0,0.05495
18.7,9.8,0,-0.0010985
18.7,9.9,0,-0.0923059
18.7,10,0,-0.127606
18.7,10.1,0,-0.197916
18.7,10.2,0,-0.236973
18.7,10.3,0,-0.276587
18.7,10.4,0,-0.337802
18.7,10.5,0,-0.369165
18.7,10.6,0,-0.415935
18.7,10.7,0,-0.446596
18.7,10.8,0,-0.46165
18.7,10.9,0,-0.489868
18.7,11,0,-0.491941
18.7,11.1,0,-0.502533
18.7,11.2,0,-0.502609
18.7,11.3,0,-0.492161
18.7,11.4,0,-0.515539
18.7,11.5,0,-0.501019
18.7,11.6,0,-0.536482
18.7,11.7,0,-0.52176
18.7,11.8,0,-0.518244
18.7,11.9,0,-0.496999
18.7,12,0,-0.420274
18.7,12.1,0,-0.414488
18.7,12.2,0,-0.338038
18.7,12.3,0,-0.286192
18.7,12.4,0,-0.214648
18.7,12.5,0,-0.137097
18.7,12.6,0,-0.0733827
18.7,12.7,0,0
18.8,0,0,0
18.8,0.1,0,0.0310891
18.8,0.2,0,0.050573
18.8,0.3,0,0.0708186
18.8,0.4,0,0.0847001
18.8,0.5,0,0.100163
18.8,0.6,0,0.126546
18.8,0.7,0,0.140585
18.8,0.8,0,0.171301
18.8,0.9,0,0.197767
18.8,1,0,0.208684
18.8,1.1,0,0.255581
18.8,1.2,0,0.268203
18.8,1.3,0,0.300157
18.8,1.4,0,0.337316
18.8,1.5,0,0.33975
18.8,1.6,0,0.408682
18.8,1.7,0,0.424578
18.8,1.8,0,0.465401
18.8,1.9,0,0.5214
18.8,2,0,0.521062
18.8,2.1,0,0.614787
18.8,2.2,0,0.644587
18.8,2.3,0,0.704016
18.8,2.4,0,0.785823
18.8,2.5,0,0.807352
18.8,2.6,0,0.934735
18.8,2.7,0,0.990292
18.8,2.8,0,1.07665
18.8,2.9,0,1.18539
18.8,3,0,1.22099
18.8,3.1,0,1.37334
18.8,3.2,0,1.43767
18.8,3.3,0,1.53569
18.8,3.4,0,1.65784
18.8,3.5,0,1.67753
18.8,3.6,0,1.84253
18.8,3.7,0,1.89418
18.8,3.8,0,1.97695
18.8,3.9,0,2.09053
18.8,4,0,2.0821
18.8,4.1,0,2.23122
18.8,4.2,0,2.2583
18.8,4.3,0,2.31633
18.8,4.4,0,2.40553
18.8,4.5,0,2.37149
18.8,4.6,0,2.49811
18.8,4.7,0,2.50274
18.8,4.8,0,2.54179
18.8,4.9,0,2.61131
18.8,5,0,2.56423
18.8,5.1,0,2.66729
18.8,5.2,0,2.68712
18.8,5.3,0,2.63519
18.8,5.4,0,2.73814
18.8,5.5,0,2.74545
18.8,5.6,0,2.67081
18.8,5.7,0,2.74555
18.8,5.8,0,2.7348
18.8,5.9,0,2.65018
18.8,6,0,2.68098
18.8,6.1,0,2.6562
18.8,6.2,0,2.58386
18.8,6.3,0,2.57432
18.8,6.4,0,2.54698
18.8,6.5,0,2.50453
18.8,6.6,0,2.4689
18.8,6.7,0,2.44137
18.8,6.8,0,2.42126
18.8,6.9,0,2.37699
18.8,7,0,2.34066
18.8,7.1,0,2.31916
18.8,7.2,0,2.28544
18.8,7.3,0,2.24506
18.8,7.4,0,2.21148
18.8,7.5,0,2.20784
18.8,7.6,0,2.17244
18.8,7.7,0,2.12031
18.8,7.8,0,2.16709
18.8,7.9,0,2.12786
18.8,8,0,2.02004
18.8,8.1,0,2.08729
18.8,8.2,0,1.94057
18.8,8.3,0,1.9349
18.8,8.4,0,1.82884
18.8,8.5,0,1.63985
18.8,8.6,0,1.60884
18.8,8.7,0,1.29934
18.8,8.8,0,1.30496
18.8,8.9,0,1.06905
18.8,9,0,0.949856
18.8,9.1,0,0.84599
18.8,9.2,0,0.635698
18.8,9.3,0,0.600406
18.8,9.4,0,0.413193
18.8,9.5,0,0.380087
18.8,9.6,0,0.271527
18.8,9.7,0,0.189223
18.8,9.8,0,0.143542
18.8,9.9,0,0.0302406
18.8,10,0,0.00449522
18.8,10.1,0,-0.0854046
18.8,10.2,0,-0.118808
18.8,10.3,0,-0.1732
18.8,10.4,0,-0.234416
18.8,10.5,0,-0.267095
18.8,10.6,0,-0.320963
18.8,10.7,0,-0.362084
18.8,10.8,0,-0.374867
18.8,10.9,0,-0.415548
18.8,11,0,-0.413397
18.8,11.1,0,-0.423594
18.8,11.2,0,-0.438508
18.8,11.3,0,-0.420646
18.8,11.4,0,-0.463582
18.8,11.5,0,-0.438127
18.8,11.6,0,-0.496995
18.8,11.7,0,-0.476211
18.8,11.8,0,-0.468244
18.8,11.9,0,-0.488745
18.8,12,0,-0.387891
18.8,12.1,0,-0.417863
18.8,12.2,0,-0.323028
18.8,12.3,0,-0.282405
18.8,12.4,0,-0.214473
18.8,12.5,0,-0.133507
18.8,12.6,0,-0.0765929
18.8,12.7,0,0
18.9,0,0,0
18.9,0.1,0,0.032469
18.9,0.2,0,0.0538798
18.9,0.3,0,0.0741254
18.9,0.4,0,0.094011
18.9,0.5,0,0.110345
18.9,0.6,0,0.138656
18.9,0.7,0,0.158615
18.9,0.8,0,0.18933
18.9,0.9,0,0.223255
18.9,1,0,0.233518
18.9,1.1,0,0.284063
18.9,1.2,0,0.298792
18.9,1.3,0,0.330747
18.9,1.4,0,0.375237
18.9,1.5,0,0.375101
18.9,1.6,0,0.449103
18.9,1.7,0,0.46342
18.9,1.8,0,0.504243
18.9,1.9,0,0.56763
18.9,2,0,0.562585
18.9,2.1,0,0.662306
18.9,2.2,0,0.689236
18.9,2.3,0,0.748665
18.9,2.4,0,0.839104
18.9,2.5,0,0.855684
18.9,2.6,0,0.989776
18.9,2.7,0,1.04186
18.9,2.8,0,1.12822
18.9,2.9,0,1.2458
18.9,3,0,1.2752
18.9,3.1,0,1.43555
18.9,3.2,0,1.49373
18.9,3.3,0,1.59175
18.9,3.4,0,1.7231
18.9,3.5,0,1.73373
18.9,3.6,0,1.90863
18.9,3.7,0,1.94906
18.9,3.8,0,2.03184
18.9,3.9,0,2.1548
18.9,4,0,2.13539
18.9,4.1,0,2.29522
18.9,4.2,0,2.31068
18.9,4.3,0,2.36872
18.9,4.4,0,2.46911
18.9,4.5,0,2.42419
18.9,4.6,0,2.56179
18.9,4.7,0,2.55705
18.9,4.8,0,2.59609
18.9,4.9,0,2.67892
18.9,5,0,2.62186
18.9,5.1,0,2.72492
18.9,5.2,0,2.74984
18.9,5.3,0,2.69791
18.9,5.4,0,2.80087
18.9,5.5,0,2.81427
18.9,5.6,0,2.73962
18.9,5.7,0,2.81437
18.9,5.8,0,2.80878
18.9,5.9,0,2.72416
18.9,6,0,2.75496
18.9,6.1,0,2.73374
18.9,6.2,0,2.6614
18.9,6.3,0,2.65186
18.9,6.4,0,2.62572
18.9,6.5,0,2.58328
18.9,6.6,0,2.54764
18.9,6.7,0,2.51981
18.9,6.8,0,2.4997
18.9,6.9,0,2.45543
18.9,7,0,2.42217
18.9,7.1,0,2.40067
18.9,7.2,0,2.36695
18.9,7.3,0,2.33255
18.9,7.4,0,2.29897
18.9,7.5,0,2.29533
18.9,7.6,0,2.26662
18.9,7.7,0,2.21449
18.9,7.8,0,2.26127
18.9,7.9,0,2.22978
18.9,8,0,2.12197
18.9,8.1,0,2.21833
18.9,8.2,0,2.05314
18.9,8.3,0,2.04747
18.9,8.4,0,1.9575
18.9,8.5,0,1.7685
18.9,8.6,0,1.79583
18.9,8.7,0,1.44579
18.9,8.8,0,1.47581
18.9,8.9,0,1.22617
18.9,9,0,1.10697
18.9,9.1,0,1.00148
18.9,9.2,0,0.791185
18.9,9.3,0,0.780336
18.9,9.4,0,0.558472
18.9,9.5,0,0.529471
18.9,9.6,0,0.404904
18.9,9.7,0,0.322599
18.9,9.8,0,0.266089
18.9,9.9,0,0.152787
18.9,10,0,0.136596
18.9,10.1,0,0.0271069
18.9,10.2,0,-0.00599551
18.9,10.3,0,-0.0698137
18.9,10.4,0,-0.131029
18.9,10.5,0,-0.171745
18.9,10.6,0,-0.22599
18.9,10.7,0,-0.277572
18.9,10.8,0,-0.288085
18.9,10.9,0,-0.328766
18.9,11,0,-0.334458
18.9,11.1,0,-0.344655
18.9,11.2,0,-0.36861
18.9,11.3,0,-0.349132
18.9,11.4,0,-0.409233
18.9,11.5,0,-0.375235
18.9,11.6,0,-0.434103
18.9,11.7,0,-0.426211
18.9,11.8,0,-0.418244
18.9,11.9,0,-0.465603
18.9,12,0,-0.355507
18.9,12.1,0,-0.410967
18.9,12.2,0,-0.308018
18.9,12.3,0,-0.267396
18.9,12.4,0,-0.210883
18.9,12.5,0,-0.129917
18.9,12.6,0,-0.0783517
18.9,12.7,0,0
19,0,0,0
19,0.1,0,0.0324054
19,0.2,0,0.0571865
19,0.3,0,0.0774321
19,0.4,0,0.103754
19,0.5,0,0.120527
19,0.6,0,0.149072
19,0.7,0,0.176644
19,0.8,0,0.207359
19,0.9,0,0.247222
19,1,0,0.258352
19,1.1,0,0.30843
19,1.2,0,0.329381
19,1.3,0,0.361336
19,1.4,0,0.409378
19,1.5,0,0.410452
19,1.6,0,0.483355
19,1.7,0,0.502262
19,1.8,0,0.543085
19,1.9,0,0.607539
19,2,0,0.604107
19,2.1,0,0.702427
19,2.2,0,0.733885
19,2.3,0,0.793315
19,2.4,0,0.885653
19,2.5,0,0.904015
19,2.6,0,1.03651
19,2.7,0,1.09344
19,2.8,0,1.17979
19,2.9,0,1.29798
19,3,0,1.32941
19,3.1,0,1.48767
19,3.2,0,1.54978
19,3.3,0,1.6478
19,3.4,0,1.7767
19,3.5,0,1.78993
19,3.6,0,1.96187
19,3.7,0,2.00395
19,3.8,0,2.08672
19,3.9,0,2.20511
19,4,0,2.18868
19,4.1,0,2.34535
19,4.2,0,2.36306
19,4.3,0,2.4211
19,4.4,0,2.51867
19,4.5,0,2.47689
19,4.6,0,2.61152
19,4.7,0,2.61135
19,4.8,0,2.6504
19,4.9,0,2.73337
19,5,0,2.67949
19,5.1,0,2.78255
19,5.2,0,2.81257
19,5.3,0,2.76064
19,5.4,0,2.8636
19,5.5,0,2.88308
19,5.6,0,2.80844
19,5.7,0,2.88318
19,5.8,0,2.88276
19,5.9,0,2.79814
19,6,0,2.82894
19,6.1,0,2.81128
19,6.2,0,2.73894
19,6.3,0,2.7294
19,6.4,0,2.70447
19,6.5,0,2.66202
19,6.6,0,2.62639
19,6.7,0,2.59825
19,6.8,0,2.57814
19,6.9,0,2.53387
19,7,0,2.50367
19,7.1,0,2.48218
19,7.2,0,2.44846
19,7.3,0,2.42004
19,7.4,0,2.38646
19,7.5,0,2.38282
19,7.6,0,2.36079
19,7.7,0,2.30867
19,7.8,0,2.35545
19,7.9,0,2.33171
19,8,0,2.22389
19,8.1,0,2.3076
19,8.2,0,2.16571
19,8.3,0,2.16004
19,8.4,0,2.08615
19,8.5,0,1.89716
19,8.6,0,1.90772
19,8.7,0,1.59224
19,8.8,0,1.61521
19,8.9,0,1.38329
19,9,0,1.26409
19,9.1,0,1.15696
19,9.2,0,0.946671
19,9.3,0,0.907241
19,9.4,0,0.703751
19,9.5,0,0.67475
19,9.6,0,0.53828
19,9.7,0,0.455976
19,9.8,0,0.388635
19,9.9,0,0.275334
19,10,0,0.242369
19,10.1,0,0.139618
19,10.2,0,0.106516
19,10.3,0,0.0335729
19,10.4,0,-0.0276424
19,10.5,0,-0.076773
19,10.6,0,-0.131018
19,10.7,0,-0.181245
19,10.8,0,-0.201303
19,10.9,0,-0.241984
19,11,0,-0.255519
19,11.1,0,-0.265717
19,11.2,0,-0.297096
19,11.3,0,-0.277617
19,11.4,0,-0.330854
19,11.5,0,-0.312343
19,11.6,0,-0.371211
19,11.7,0,-0.376211
19,11.8,0,-0.368244
19,11.9,0,-0.427668
19,12,0,-0.323124
19,12.1,0,-0.370075
19,12.2,0,-0.293008
19,12.3,0,-0.252386
19,12.4,0,-0.207294
19,12.5,0,-0.126328
19,12.6,0,-0.0763262
19,12.7,0,0
19.1,0,0,0
19.1,0.1,0,0.0317695
19.1,0.2,0,0.0604932
19.1,0.3,0,0.0807388
19.1,0.4,0,0.10955
19.1,0.5,0,0.130709
19.1,0.6,0,0.161592
19.1,0.7,0,0.194673
19.1,0.8,0,0.225388
19.1,0.9,0,0.263382
19.1,1,0,0.283186
19.1,1.1,0,0.328594
19.1,1.2,0,0.359971
19.1,1.3,0,0.391925
19.1,1.4,0,0.432623
19.1,1.5,0,0.445803
19.1,1.6,0,0.50771
19.1,1.7,0,0.541104
19.1,1.8,0,0.581927
19.1,1.9,0,0.632933
19.1,2,0,0.645629
19.1,2.1,0,0.729943
19.1,2.2,0,0.778534
19.1,2.3,0,0.837964
19.1,2.4,0,0.916161
19.1,2.5,0,0.952347
19.1,2.6,0,1.06892
19.1,2.7,0,1.14501
19.1,2.8,0,1.23136
19.1,2.9,0,1.33184
19.1,3,0,1.38363
19.1,3.1,0,1.52088
19.1,3.2,0,1.60584
19.1,3.3,0,1.70386
19.1,3.4,0,1.80686
19.1,3.5,0,1.84612
19.1,3.6,0,1.98846
19.1,3.7,0,2.05884
19.1,3.8,0,2.14161
19.1,3.9,0,2.22862
19.1,4,0,2.24196
19.1,4.1,0,2.36712
19.1,4.2,0,2.41544
19.1,4.3,0,2.47348
19.1,4.4,0,2.53995
19.1,4.5,0,2.52959
19.1,4.6,0,2.63445
19.1,4.7,0,2.66566
19.1,4.8,0,2.7047
19.1,4.9,0,2.75916
19.1,5,0,2.73712
19.1,5.1,0,2.82416
19.1,5.2,0,2.85631
19.1,5.3,0,2.82337
19.1,5.4,0,2.90805
19.1,5.5,0,2.93008
19.1,5.6,0,2.87726
19.1,5.7,0,2.93552
19.1,5.8,0,2.93724
19.1,5.9,0,2.87212
19.1,6,0,2.89231
19.1,6.1,0,2.87614
19.1,6.2,0,2.81648
19.1,6.3,0,2.80358
19.1,6.4,0,2.77915
19.1,6.5,0,2.74077
19.1,6.6,0,2.7068
19.1,6.7,0,2.67853
19.1,6.8,0,2.65658
19.1,6.9,0,2.61578
19.1,7,0,2.58686
19.1,7.1,0,2.56369
19.1,7.2,0,2.53173
19.1,7.3,0,2.50581
19.1,7.4,0,2.47395
19.1,7.5,0,2.46679
19.1,7.6,0,2.44755
19.1,7.7,0,2.40285
19.1,7.8,0,2.43443
19.1,7.9,0,2.41392
19.1,8,0,2.32582
19.1,8.1,0,2.36703
19.1,8.2,0,2.27828
19.1,8.3,0,2.26472
19.1,8.4,0,2.19291
19.1,8.5,0,2.02581
19.1,8.6,0,1.9795
19.1,8.7,0,1.73869
19.1,8.8,0,1.70863
19.1,8.9,0,1.5404
19.1,9,0,1.42121
19.1,9.1,0,1.29083
19.1,9.2,0,1.10216
19.1,9.3,0,1.02325
19.1,9.4,0,0.84903
19.1,9.5,0,0.790281
19.1,9.6,0,0.671657
19.1,9.7,0,0.589352
19.1,9.8,0,0.502218
19.1,9.9,0,0.39788
19.1,10,0,0.345326
19.1,10.1,0,0.25213
19.1,10.2,0,0.207157
19.1,10.3,0,0.136959
19.1,10.4,0,0.0757442
19.1,10.5,0,0.019257
19.1,10.6,0,-0.0360455
19.1,10.7,0,-0.0840024
19.1,10.8,0,-0.11452
19.1,10.9,0,-0.151253
19.1,11,0,-0.17658
19.1,11.1,0,-0.186778
19.1,11.2,0,-0.211217
19.1,11.3,0,-0.206103
19.1,11.4,0,-0.248404
19.1,11.5,0,-0.249451
19.1,11.6,0,-0.299105
19.1,11.7,0,-0.326211
19.1,11.8,0,-0.318244
19.1,11.9,0,-0.353538
19.1,12,0,-0.29074
19.1,12.1,0,-0.319307
19.1,12.2,0,-0.277999
19.1,12.3,0,-0.2347
19.1,12.4,0,-0.200818
19.1,12.5,0,-0.122738
19.1,12.6,0,-0.0695263
19.1,12.7,0,0
19.2,0,0,0
19.2,0.1,0,0.0311337
19.2,0.2,0,0.0616316
19.2,0.3,0,0.0854146
19.2,0.4,0,0.115346
19.2,0.5,0,0.140891
19.2,0.6,0,0.174113
19.2,0.7,0,0.209672
19.2,0.8,0,0.242389
19.2,0.9,0,0.279542
19.2,1,0,0.30802
19.2,1.1,0,0.348758
19.2,1.2,0,0.384826
19.2,1.3,0,0.418475
19.2,1.4,0,0.455867
19.2,1.5,0,0.481154
19.2,1.6,0,0.532064
19.2,1.7,0,0.571978
19.2,1.8,0,0.613373
19.2,1.9,0,0.658326
19.2,2,0,0.687151
19.2,2.1,0,0.757459
19.2,2.2,0,0.81376
19.2,2.3,0,0.874835
19.2,2.4,0,0.946669
19.2,2.5,0,1.00068
19.2,2.6,0,1.10132
19.2,2.7,0,1.18604
19.2,2.8,0,1.27319
19.2,2.9,0,1.3657
19.2,3,0,1.43784
19.2,3.1,0,1.55409
19.2,3.2,0,1.64934
19.2,3.3,0,1.74568
19.2,3.4,0,1.83702
19.2,3.5,0,1.90232
19.2,3.6,0,2.01505
19.2,3.7,0,2.09816
19.2,3.8,0,2.17924
19.2,3.9,0,2.25213
19.2,4,0,2.29525
19.2,4.1,0,2.38888
19.2,4.2,0,2.45098
19.2,4.3,0,2.50876
19.2,4.4,0,2.56123
19.2,4.5,0,2.58229
19.2,4.6,0,2.65738
19.2,4.7,0,2.70271
19.2,4.8,0,2.74333
19.2,4.9,0,2.78495
19.2,5,0,2.79475
19.2,5.1,0,2.85434
19.2,5.2,0,2.8865
19.2,5.3,0,2.8861
19.2,5.4,0,2.93945
19.2,5.5,0,2.96147
19.2,5.6,0,2.94608
19.2,5.7,0,2.97607
19.2,5.8,0,2.9778
19.2,5.9,0,2.9461
19.2,6,0,2.94811
19.2,6.1,0,2.93194
19.2,6.2,0,2.89402
19.2,6.3,0,2.87535
19.2,6.4,0,2.85092
19.2,6.5,0,2.81951
19.2,6.6,0,2.78839
19.2,6.7,0,2.76013
19.2,6.8,0,2.73502
19.2,6.9,0,2.70016
19.2,7,0,2.67124
19.2,7.1,0,2.6452
19.2,7.2,0,2.61626
19.2,7.3,0,2.59033
19.2,7.4,0,2.56145
19.2,7.5,0,2.54824
19.2,7.6,0,2.529
19.2,7.7,0,2.49703
19.2,7.8,0,2.50256
19.2,7.9,0,2.48205
19.2,8,0,2.42775
19.2,8.1,0,2.42645
19.2,8.2,0,2.38265
19.2,8.3,0,2.3224
19.2,8.4,0,2.25058
19.2,8.5,0,2.15446
19.2,8.6,0,2.05128
19.2,8.7,0,1.88514
19.2,8.8,0,1.80205
19.2,8.9,0,1.67719
19.2,9,0,1.53203
19.2,9.1,0,1.40064
19.2,9.2,0,1.25765
19.2,9.3,0,1.13925
19.2,9.4,0,0.994309
19.2,9.5,0,0.904831
19.2,9.6,0,0.795921
19.2,9.7,0,0.702487
19.2,9.8,0,0.610722
19.2,9.9,0,0.520427
19.2,10,0,0.448282
19.2,10.1,0,0.364641
19.2,10.2,0,0.30489
19.2,10.3,0,0.236677
19.2,10.4,0,0.174525
19.2,10.5,0,0.115546
19.2,10.6,0,0.0589269
19.2,10.7,0,0.0132403
19.2,10.8,0,-0.0277381
19.2,10.9,0,-0.0582843
19.2,11,0,-0.0862236
19.2,11.1,0,-0.10425
19.2,11.2,0,-0.124864
19.2,11.3,0,-0.134588
19.2,11.4,0,-0.165954
19.2,11.5,0,-0.186559
19.2,11.6,0,-0.216751
19.2,11.7,0,-0.244545
19.2,11.8,0,-0.260543
19.2,11.9,0,-0.279408
19.2,12,0,-0.258357
19.2,12.1,0,-0.26854
19.2,12.2,0,-0.262989
19.2,12.3,0,-0.211017
19.2,12.4,0,-0.177134
19.2,12.5,0,-0.118653
19.2,12.6,0,-0.0627264
19.2,12.7,0,0
19.3,0,0,0
19.3,0.1,0,0.0304979
19.3,0.2,0,0.0609957
19.3,0.3,0,0.0912104
19.3,0.4,0,0.121142
19.3,0.5,0,0.151073
19.3,0.6,0,0.186633
19.3,0.7,0,0.222193
19.3,0.8,0,0.258549
19.3,0.9,0,0.295702
19.3,1,0,0.332855
19.3,1.1,0,0.368922
19.3,1.2,0,0.40499
19.3,1.3,0,0.44172
19.3,1.4,0,0.479113
19.3,1.5,0,0.516505
19.3,1.6,0,0.556419
19.3,1.7,0,0.596333
19.3,1.8,0,0.638767
19.3,1.9,0,0.68372
19.3,2,0,0.728673
19.3,2.1,0,0.784974
19.3,2.2,0,0.841276
19.3,2.3,0,0.905343
19.3,2.4,0,0.977177
19.3,2.5,0,1.04901
19.3,2.6,0,1.13373
19.3,2.7,0,1.21844
19.3,2.8,0,1.30705
19.3,2.9,0,1.39955
19.3,3,0,1.49206
19.3,3.1,0,1.5873
19.3,3.2,0,1.68255
19.3,3.3,0,1.77584
19.3,3.4,0,1.86718
19.3,3.5,0,1.95852
19.3,3.6,0,2.04164
19.3,3.7,0,2.12475
19.3,3.8,0,2.20276
19.3,3.9,0,2.27564
19.3,4,0,2.34853
19.3,4.1,0,2.41064
19.3,4.2,0,2.47274
19.3,4.3,0,2.53004
19.3,4.4,0,2.58251
19.3,4.5,0,2.63499
19.3,4.6,0,2.68032
19.3,4.7,0,2.72565
19.3,4.8,0,2.76912
19.3,4.9,0,2.81075
19.3,5,0,2.85237
19.3,5.1,0,2.88453
19.3,5.2,0,2.91668
19.3,5.3,0,2.94883
19.3,5.4,0,2.97085
19.3,5.5,0,2.99287
19.3,5.6,0,3.0149
19.3,5.7,0,3.01662
19.3,5.8,0,3.01835
19.3,5.9,0,3.02008
19.3,6,0,3.00391
19.3,6.1,0,2.98773
19.3,6.2,0,2.97156
19.3,6.3,0,2.94712
19.3,6.4,0,2.92269
19.3,6.5,0,2.89826
19.3,6.6,0,2.86999
19.3,6.7,0,2.84172
19.3,6.8,0,2.81346
19.3,6.9,0,2.78454
19.3,7,0,2.75563
19.3,7.1,0,2.72671
19.3,7.2,0,2.70079
19.3,7.3,0,2.67486
19.3,7.4,0,2.64894
19.3,7.5,0,2.62969
19.3,7.6,0,2.61045
19.3,7.7,0,2.59121
19.3,7.8,0,2.57069
19.3,7.9,0,2.55018
19.3,8,0,2.52967
19.3,8.1,0,2.48587
19.3,8.2,0,2.44208
19.3,8.3,0,2.38007
19.3,8.4,0,2.30826
19.3,8.5,0,2.22685
19.3,8.6,0,2.12306
19.3,8.7,0,2.01927
19.3,8.8,0,1.89547
19.3,8.9,0,1.77061
19.3,9,0,1.64184
19.3,9.1,0,1.51045
19.3,9.2,0,1.38058
19.3,9.3,0,1.25526
19.3,9.4,0,1.12993
19.3,9.5,0,1.01938
19.3,9.6,0,0.910471
19.3,9.7,0,0.810991
19.3,9.8,0,0.719226
19.3,9.9,0,0.630052
19.3,10,0,0.551239
19.3,10.1,0,0.472426
19.3,10.2,0,0.402623
19.3,10.3,0,0.33441
19.3,10.4,0,0.270814
19.3,10.5,0,0.211835
19.3,10.6,0,0.155022
19.3,10.7,0,0.110483
19.3,10.8,0,0.0659436
19.3,10.9,0,0.0346843
19.3,11,0,0.0067449
19.3,11.1,0,-0.0178978
19.3,11.2,0,-0.0385113
19.3,11.3,0,-0.0594672
19.3,11.4,0,-0.0835045
19.3,11.5,0,-0.107542
19.3,11.6,0,-0.134396
19.3,11.7,0,-0.16219
19.3,11.8,0,-0.186413
19.3,11.9,0,-0.205278
19.3,12,0,-0.222942
19.3,12.1,0,-0.217772
19.3,12.2,0,-0.212601
19.3,12.3,0,-0.187333
19.3,12.4,0,-0.153451
19.3,12.5,0,-0.111853
19.3,12.6,0,-0.0559265
19.3,12.7,0,0
19.4,0,0,0
19.4,0.1,0,0.0321022
19.4,0.2,0,0.0626001
19.4,0.3,0,0.0951314
19.4,0.4,0,0.125063
19.4,0.5,0,0.157778
19.4,0.6,0,0.197397
19.4,0.7,0,0.232957
19.4,0.8,0,0.275438
19.4,0.9,0,0.31259
19.4,1,0,0.347053
19.4,1.1,0,0.389057
19.4,1.2,0,0.425125
19.4,1.3,0,0.464139
19.4,1.4,0,0.501531
19.4,1.5,0,0.533888
19.4,1.6,0,0.579973
19.4,1.7,0,0.619887
19.4,1.8,0,0.66171
19.4,1.9,0,0.706663
19.4,2,0,0.745548
19.4,2.1,0,0.807619
19.4,2.2,0,0.863921
19.4,2.3,0,0.930701
19.4,2.4,0,1.00253
19.4,2.5,0,1.06452
19.4,2.6,0,1.16297
19.4,2.7,0,1.24768
19.4,2.8,0,1.33905
19.4,2.9,0,1.43155
19.4,3,0,1.50383
19.4,3.1,0,1.6206
19.4,3.2,0,1.71585
19.4,3.3,0,1.80843
19.4,3.4,0,1.89977
19.4,3.5,0,1.96237
19.4,3.6,0,2.0711
19.4,3.7,0,2.15422
19.4,3.8,0,2.23
19.4,3.9,0,2.30289
19.4,4,0,2.34638
19.4,4.1,0,2.43563
19.4,4.2,0,2.49773
19.4,4.3,0,2.5543
19.4,4.4,0,2.60678
19.4,4.5,0,2.63388
19.4,4.6,0,2.70488
19.4,4.7,0,2.75021
19.4,4.8,0,2.79567
19.4,4.9,0,2.8373
19.4,5,0,2.85785
19.4,5.1,0,2.91613
19.4,5.2,0,2.94828
19.4,5.3,0,2.95713
19.4,5.4,0,3.00867
19.4,5.5,0,3.03069
19.4,5.6,0,3.02539
19.4,5.7,0,3.06647
19.4,5.8,0,3.0682
19.4,5.9,0,3.03368
19.4,6,0,3.06426
19.4,6.1,0,3.04809
19.4,6.2,0,2.98767
19.4,6.3,0,3.02073
19.4,6.4,0,2.9963
19.4,6.5,0,2.91395
19.4,6.6,0,2.95272
19.4,6.7,0,2.92445
19.4,6.8,0,2.82469
19.4,6.9,0,2.8683
19.4,7,0,2.83938
19.4,7.1,0,2.72937
19.4,7.2,0,2.78363
19.4,7.3,0,2.7577
19.4,7.4,0,2.64076
19.4,7.5,0,2.70766
19.4,7.6,0,2.68842
19.4,7.7,0,2.57236
19.4,7.8,0,2.64329
19.4,7.9,0,2.62278
19.4,8,0,2.50493
19.4,8.1,0,2.55173
19.4,8.2,0,2.50793
19.4,8.3,0,2.44831
19.4,8.4,0,2.3765
19.4,8.5,0,2.30645
19.4,8.6,0,2.20366
19.4,8.7,0,2.03419
19.4,8.8,0,1.99284
19.4,8.9,0,1.86799
19.4,9,0,1.75166
19.4,9.1,0,1.62027
19.4,9.2,0,1.4792
19.4,9.3,0,1.36758
19.4,9.4,0,1.1973
19.4,9.5,0,1.12766
19.4,9.6,0,1.01875
19.4,9.7,0,0.915365
19.4,9.8,0,0.823601
19.4,9.9,0,0.715035
19.4,10,0,0.650471
19.4,10.1,0,0.552065
19.4,10.2,0,0.497653
19.4,10.3,0,0.42944
19.4,10.4,0,0.364206
19.4,10.5,0,0.305227
19.4,10.6,0,0.23319
19.4,10.7,0,0.201866
19.4,10.8,0,0.148737
19.4,10.9,0,0.123446
19.4,11,0,0.0955062
19.4,11.1,0,0.0682192
19.4,11.2,0,0.0476057
19.4,11.3,0,0.0102964
19.4,11.4,0,0.00125741
19.4,11.5,0,-0.0269957
19.4,11.6,0,-0.0520757
19.4,11.7,0,-0.0798695
19.4,11.8,0,-0.117664
19.4,11.9,0,-0.136529
19.4,12,0,-0.173486
19.4,12.1,0,-0.176199
19.4,12.2,0,-0.171077
19.4,12.3,0,-0.171866
19.4,12.4,0,-0.137984
19.4,12.5,0,-0.110205
19.4,12.6,0,-0.0542786
19.4,12.7,0,0
19.5,0,0,0
19.5,0.1,0,0.0337066
19.5,0.2,0,0.0644248
19.5,0.3,0,0.0982303
19.5,0.4,0,0.128984
19.5,0.5,0,0.164483
19.5,0.6,0,0.208161
19.5,0.7,0,0.243917
19.5,0.8,0,0.289766
19.5,0.9,0,0.329479
19.5,1,0,0.361252
19.5,1.1,0,0.409193
19.5,1.2,0,0.443531
19.5,1.3,0,0.483801
19.5,1.4,0,0.52395
19.5,1.5,0,0.551271
19.5,1.6,0,0.603527
19.5,1.7,0,0.640674
19.5,1.8,0,0.682161
19.5,1.9,0,0.729607
19.5,2,0,0.762422
19.5,2.1,0,0.830264
19.5,2.2,0,0.883721
19.5,2.3,0,0.951993
19.5,2.4,0,1.02789
19.5,2.5,0,1.08004
19.5,2.6,0,1.19221
19.5,2.7,0,1.27012
19.5,2.8,0,1.363
19.5,2.9,0,1.46354
19.5,3,0,1.51561
19.5,3.1,0,1.65391
19.5,3.2,0,1.73784
19.5,3.3,0,1.83004
19.5,3.4,0,1.93236
19.5,3.5,0,1.96622
19.5,3.6,0,2.10056
19.5,3.7,0,2.17046
19.5,3.8,0,2.24502
19.5,3.9,0,2.33013
19.5,4,0,2.34422
19.5,4.1,0,2.46062
19.5,4.2,0,2.51029
19.5,4.3,0,2.56646
19.5,4.4,0,2.63104
19.5,4.5,0,2.63277
19.5,4.6,0,2.72945
19.5,4.7,0,2.76456
19.5,4.8,0,2.81112
19.5,4.9,0,2.86385
19.5,5,0,2.86332
19.5,5.1,0,2.94773
19.5,5.2,0,2.97988
19.5,5.3,0,2.96543
19.5,5.4,0,3.04649
19.5,5.5,0,3.06851
19.5,5.6,0,3.03589
19.5,5.7,0,3.11632
19.5,5.8,0,3.11805
19.5,5.9,0,3.04727
19.5,6,0,3.12462
19.5,6.1,0,3.10845
19.5,6.2,0,3.00379
19.5,6.3,0,3.09434
19.5,6.4,0,3.0699
19.5,6.5,0,2.92964
19.5,6.6,0,3.03545
19.5,6.7,0,3.00718
19.5,6.8,0,2.83592
19.5,6.9,0,2.95205
19.5,7,0,2.92313
19.5,7.1,0,2.73204
19.5,7.2,0,2.86647
19.5,7.3,0,2.84054
19.5,7.4,0,2.63259
19.5,7.5,0,2.78563
19.5,7.6,0,2.76638
19.5,7.7,0,2.55352
19.5,7.8,0,2.71589
19.5,7.9,0,2.69538
19.5,8,0,2.48018
19.5,8.1,0,2.61758
19.5,8.2,0,2.49876
19.5,8.3,0,2.51655
19.5,8.4,0,2.44474
19.5,8.5,0,2.29294
19.5,8.6,0,2.28427
19.5,8.7,0,2.03614
19.5,8.8,0,2.09022
19.5,8.9,0,1.91215
19.5,9,0,1.85955
19.5,9.1,0,1.73009
19.5,9.2,0,1.51346
19.5,9.3,0,1.4799
19.5,9.4,0,1.24256
19.5,9.5,0,1.23594
19.5,9.6,0,1.09827
19.5,9.7,0,1.01009
19.5,9.8,0,0.927976
19.5,9.9,0,0.772409
19.5,10,0,0.749702
19.5,10.1,0,0.612525
19.5,10.2,0,0.592683
19.5,10.3,0,0.513164
19.5,10.4,0,0.446868
19.5,10.5,0,0.39862
19.5,10.6,0,0.298421
19.5,10.7,0,0.293249
19.5,10.8,0,0.21489
19.5,10.9,0,0.212207
19.5,11,0,0.179789
19.5,11.1,0,0.143288
19.5,11.2,0,0.133723
19.5,11.3,0,0.07268
19.5,11.4,0,0.0860193
19.5,11.5,0,0.0337483
19.5,11.6,0,0.030245
19.5,11.7,0,0.00194248
19.5,11.8,0,-0.055954
19.5,11.9,0,-0.0677802
19.5,12,0,-0.122474
19.5,12.1,0,-0.134627
19.5,12.2,0,-0.133965
19.5,12.3,0,-0.156399
19.5,12.4,0,-0.122517
19.5,12.5,0,-0.0932625
19.5,12.6,0,-0.0526307
19.5,12.7,0,0
19.6,0,0,0
19.6,0.1,0,0.035311
19.6,0.2,0,0.0665189
19.6,0.3,0,0.100324
19.6,0.4,0,0.132905
19.6,0.5,0,0.171188
19.6,0.6,0,0.218925
19.6,0.7,0,0.255117
19.6,0.8,0,0.300966
19.6,0.9,0,0.346368
19.6,1,0,0.375451
19.6,1.1,0,0.429328
19.6,1.2,0,0.459824
19.6,1.3,0,0.500094
19.6,1.4,0,0.54637
19.6,1.5,0,0.568654
19.6,1.6,0,0.627081
19.6,1.7,0,0.658078
19.6,1.8,0,0.699565
19.6,1.9,0,0.75255
19.6,2,0,0.779297
19.6,2.1,0,0.852909
19.6,2.2,0,0.900044
19.6,2.3,0,0.968317
19.6,2.4,0,1.05325
19.6,2.5,0,1.09555
19.6,2.6,0,1.22145
19.6,2.7,0,1.28424
19.6,2.8,0,1.37712
19.6,2.9,0,1.49554
19.6,3,0,1.52739
19.6,3.1,0,1.68721
19.6,3.2,0,1.74602
19.6,3.3,0,1.83821
19.6,3.4,0,1.96496
19.6,3.5,0,1.97007
19.6,3.6,0,2.13002
19.6,3.7,0,2.17055
19.6,3.8,0,2.24511
19.6,3.9,0,2.35737
19.6,4,0,2.34207
19.6,4.1,0,2.48561
19.6,4.2,0,2.50765
19.6,4.3,0,2.56382
19.6,4.4,0,2.65531
19.6,4.5,0,2.63165
19.6,4.6,0,2.75401
19.6,4.7,0,2.76644
19.6,4.8,0,2.81299
19.6,4.9,0,2.8904
19.6,5,0,2.8688
19.6,5.1,0,2.96845
19.6,5.2,0,3.00177
19.6,5.3,0,2.97373
19.6,5.4,0,3.07201
19.6,5.5,0,3.09495
19.6,5.6,0,3.04639
19.6,5.7,0,3.14977
19.6,5.8,0,3.15279
19.6,5.9,0,3.06087
19.6,6,0,3.1655
19.6,6.1,0,3.15037
19.6,6.2,0,3.0199
19.6,6.3,0,3.14399
19.6,6.4,0,3.11938
19.6,6.5,0,2.94533
19.6,6.6,0,3.09024
19.6,6.7,0,3.06012
19.6,6.8,0,2.84716
19.6,6.9,0,3.00559
19.6,7,0,2.9731
19.6,7.1,0,2.7347
19.6,7.2,0,2.9159
19.6,7.3,0,2.88546
19.6,7.4,0,2.62441
19.6,7.5,0,2.8277
19.6,7.6,0,2.80401
19.6,7.7,0,2.53468
19.6,7.8,0,2.75038
19.6,7.9,0,2.72741
19.6,8,0,2.45544
19.6,8.1,0,2.68343
19.6,8.2,0,2.47591
19.6,8.3,0,2.50678
19.6,8.4,0,2.45645
19.6,8.5,0,2.27943
19.6,8.6,0,2.36487
19.6,8.7,0,2.03809
19.6,8.8,0,2.18759
19.6,8.9,0,1.93138
19.6,9,0,1.87877
19.6,9.1,0,1.80012
19.6,9.2,0,1.54773
19.6,9.3,0,1.59222
19.6,9.4,0,1.28781
19.6,9.5,0,1.34221
19.6,9.6,0,1.15081
19.6,9.7,0,1.06263
19.6,9.8,0,1.01535
19.6,9.9,0,0.829784
19.6,10,0,0.848934
19.6,10.1,0,0.672984
19.6,10.2,0,0.680909
19.6,10.3,0,0.575992
19.6,10.4,0,0.509695
19.6,10.5,0,0.486469
19.6,10.6,0,0.363651
19.6,10.7,0,0.384632
19.6,10.8,0,0.281042
19.6,10.9,0,0.29279
19.6,11,0,0.244493
19.6,11.1,0,0.207993
19.6,11.2,0,0.219082
19.6,11.3,0,0.135064
19.6,11.4,0,0.170781
19.6,11.5,0,0.0944923
19.6,11.6,0,0.101204
19.6,11.7,0,0.0603524
19.6,11.8,0,0.00245596
19.6,11.9,0,0.000968868
19.6,12,0,-0.071461
19.6,12.1,0,-0.0930548
19.6,12.2,0,-0.0968539
19.6,12.3,0,-0.125965
19.6,12.4,0,-0.103397
19.6,12.5,0,-0.0735303
19.6,12.6,0,-0.0509829
19.6,12.7,0,0
19.7,0,0,0
19.7,0.1,0,0.0354714
19.7,0.2,0,0.0686129
19.7,0.3,0,0.102418
19.7,0.4,0,0.139331
19.7,0.5,0,0.177892
19.7,0.6,0,0.226036
19.7,0.7,0,0.266316
19.7,0.8,0,0.312166
19.7,0.9,0,0.360836
19.7,1,0,0.38965
19.7,1.1,0,0.44412
19.7,1.2,0,0.476118
19.7,1.3,0,0.516388
19.7,1.4,0,0.564256
19.7,1.5,0,0.586038
19.7,1.6,0,0.645081
19.7,1.7,0,0.675482
19.7,1.8,0,0.716969
19.7,1.9,0,0.770031
19.7,2,0,0.796171
19.7,2.1,0,0.870361
19.7,2.2,0,0.916367
19.7,2.3,0,0.98464
19.7,2.4,0,1.06975
19.7,2.5,0,1.11107
19.7,2.6,0,1.23834
19.7,2.7,0,1.29837
19.7,2.8,0,1.39124
19.7,2.9,0,1.50934
19.7,3,0,1.53916
19.7,3.1,0,1.70114
19.7,3.2,0,1.75419
19.7,3.3,0,1.84638
19.7,3.4,0,1.97168
19.7,3.5,0,1.97392
19.7,3.6,0,2.13643
19.7,3.7,0,2.17063
19.7,3.8,0,2.24519
19.7,3.9,0,2.35815
19.7,4,0,2.33991
19.7,4.1,0,2.48617
19.7,4.2,0,2.50502
19.7,4.3,0,2.56118
19.7,4.4,0,2.65673
19.7,4.5,0,2.63054
19.7,4.6,0,2.75547
19.7,4.7,0,2.76831
19.7,4.8,0,2.81486
19.7,4.9,0,2.89799
19.7,5,0,2.87427
19.7,5.1,0,2.97392
19.7,5.2,0,3.01007
19.7,5.3,0,2.98203
19.7,5.4,0,3.08031
19.7,5.5,0,3.10544
19.7,5.6,0,3.05688
19.7,5.7,0,3.16027
19.7,5.8,0,3.16639
19.7,5.9,0,3.07447
19.7,6,0,3.1791
19.7,6.1,0,3.16649
19.7,6.2,0,3.03601
19.7,6.3,0,3.1601
19.7,6.4,0,3.13507
19.7,6.5,0,2.96102
19.7,6.6,0,3.10594
19.7,6.7,0,3.07135
19.7,6.8,0,2.85839
19.7,6.9,0,3.01682
19.7,7,0,2.97576
19.7,7.1,0,2.73737
19.7,7.2,0,2.91856
19.7,7.3,0,2.87729
19.7,7.4,0,2.61624
19.7,7.5,0,2.81953
19.7,7.6,0,2.78517
19.7,7.7,0,2.51583
19.7,7.8,0,2.73154
19.7,7.9,0,2.70267
19.7,8,0,2.43069
19.7,8.1,0,2.68567
19.7,8.2,0,2.45305
19.7,8.3,0,2.48393
19.7,8.4,0,2.44293
19.7,8.5,0,2.26591
19.7,8.6,0,2.40322
19.7,8.7,0,2.04004
19.7,8.8,0,2.20223
19.7,8.9,0,1.9506
19.7,9,0,1.898
19.7,9.1,0,1.83439
19.7,9.2,0,1.58199
19.7,9.3,0,1.67957
19.7,9.4,0,1.33306
19.7,9.5,0,1.38747
19.7,9.6,0,1.20335
19.7,9.7,0,1.11516
19.7,9.8,0,1.07273
19.7,9.9,0,0.887158
19.7,10,0,0.938341
19.7,10.1,0,0.733444
19.7,10.2,0,0.741368
19.7,10.3,0,0.638819
19.7,10.4,0,0.572523
19.7,10.5,0,0.5517
19.7,10.6,0,0.428882
19.7,10.7,0,0.469515
19.7,10.8,0,0.347194
19.7,10.9,0,0.358943
19.7,11,0,0.309198
19.7,11.1,0,0.272697
19.7,11.2,0,0.281466
19.7,11.3,0,0.197447
19.7,11.4,0,0.247211
19.7,11.5,0,0.155236
19.7,11.6,0,0.161948
19.7,11.7,0,0.118762
19.7,11.8,0,0.0608659
19.7,11.9,0,0.05434
19.7,12,0,-0.0204485
19.7,12.1,0,-0.0464108
19.7,12.2,0,-0.0597425
19.7,12.3,0,-0.0888541
19.7,12.4,0,-0.0836653
19.7,12.5,0,-0.0537981
19.7,12.6,0,-0.050492
19.7,12.7,0,0
19.8,0,0,0
19.8,0.1,0,0.0356428
19.8,0.2,0,0.0707069
19.8,0.3,0,0.104512
19.8,0.4,0,0.145397
19.8,0.5,0,0.184597
19.8,0.6,0,0.232893
19.8,0.7,0,0.277516
19.8,0.8,0,0.323365
19.8,0.9,0,0.373043
19.8,1,0,0.403849
19.8,1.1,0,0.456975
19.8,1.2,0,0.492411
19.8,1.3,0,0.532681
19.8,1.4,0,0.579495
19.8,1.5,0,0.603421
19.8,1.6,0,0.660312
19.8,1.7,0,0.692886
19.8,1.8,0,0.734373
19.8,1.9,0,0.784967
19.8,2,0,0.813046
19.8,2.1,0,0.885023
19.8,2.2,0,0.932691
19.8,2.3,0,1.00096
19.8,2.4,0,1.0821
19.8,2.5,0,1.12658
19.8,2.6,0,1.24856
19.8,2.7,0,1.31249
19.8,2.8,0,1.40536
19.8,2.9,0,1.51486
19.8,3,0,1.55094
19.8,3.1,0,1.70412
19.8,3.2,0,1.76236
19.8,3.3,0,1.85455
19.8,3.4,0,1.96699
19.8,3.5,0,1.97777
19.8,3.6,0,2.13
19.8,3.7,0,2.17072
19.8,3.8,0,2.24528
19.8,3.9,0,2.34649
19.8,4,0,2.33776
19.8,4.1,0,2.47434
19.8,4.2,0,2.50238
19.8,4.3,0,2.55855
19.8,4.4,0,2.6462
19.8,4.5,0,2.62942
19.8,4.6,0,2.74641
19.8,4.7,0,2.77018
19.8,4.8,0,2.81673
19.8,4.9,0,2.89482
19.8,5,0,2.87975
19.8,5.1,0,2.97939
19.8,5.2,0,3.01837
19.8,5.3,0,2.99033
19.8,5.4,0,3.08861
19.8,5.5,0,3.11594
19.8,5.6,0,3.06738
19.8,5.7,0,3.17077
19.8,5.8,0,3.17999
19.8,5.9,0,3.08807
19.8,6,0,3.1927
19.8,6.1,0,3.1826
19.8,6.2,0,3.05212
19.8,6.3,0,3.17621
19.8,6.4,0,3.15076
19.8,6.5,0,2.97672
19.8,6.6,0,3.12163
19.8,6.7,0,3.08259
19.8,6.8,0,2.86963
19.8,6.9,0,3.02805
19.8,7,0,2.97843
19.8,7.1,0,2.74003
19.8,7.2,0,2.92123
19.8,7.3,0,2.86911
19.8,7.4,0,2.60807
19.8,7.5,0,2.81135
19.8,7.6,0,2.76632
19.8,7.7,0,2.49699
19.8,7.8,0,2.7127
19.8,7.9,0,2.67792
19.8,8,0,2.40595
19.8,8.1,0,2.61232
19.8,8.2,0,2.4302
19.8,8.3,0,2.46108
19.8,8.4,0,2.42942
19.8,8.5,0,2.2524
19.8,8.6,0,2.33808
19.8,8.7,0,2.04199
19.8,8.8,0,2.17425
19.8,8.9,0,1.96983
19.8,9,0,1.91723
19.8,9.1,0,1.86865
19.8,9.2,0,1.61625
19.8,9.3,0,1.65631
19.8,9.4,0,1.37831
19.8,9.5,0,1.42056
19.8,9.6,0,1.25588
19.8,9.7,0,1.1677
19.8,9.8,0,1.1301
19.8,9.9,0,0.944533
19.8,10,0,0.956944
19.8,10.1,0,0.793903
19.8,10.2,0,0.800114
19.8,10.3,0,0.701646
19.8,10.4,0,0.63535
19.8,10.5,0,0.615305
19.8,10.6,0,0.494112
19.8,10.7,0,0.509516
19.8,10.8,0,0.413347
19.8,10.9,0,0.425095
19.8,11,0,0.373902
19.8,11.1,0,0.337402
19.8,11.2,0,0.33918
19.8,11.3,0,0.259831
19.8,11.4,0,0.288515
19.8,11.5,0,0.21598
19.8,11.6,0,0.222692
19.8,11.7,0,0.177172
19.8,11.8,0,0.119276
19.8,11.9,0,0.101393
19.8,12,0,0.030564
19.8,12.1,0,0.00142208
19.8,12.2,0,-0.0226311
19.8,12.3,0,-0.0517427
19.8,12.4,0,-0.0639331
19.8,12.5,0,-0.0340659
19.8,12.6,0,-0.0405841
19.8,12.7,0,0
19.9,0,0,0
19.9,0.1,0,0.0361325
19.9,0.2,0,0.072801
19.9,0.3,0,0.106606
19.9,0.4,0,0.150274
19.9,0.5,0,0.191302
19.9,0.6,0,0.240034
19.9,0.7,0,0.288716
19.9,0.8,0,0.334565
19.9,0.9,0,0.381553
19.9,1,0,0.418048
19.9,1.1,0,0.467331
19.9,1.2,0,0.508704
19.9,1.3,0,0.548974
19.9,1.4,0,0.590753
19.9,1.5,0,0.620804
19.9,1.6,0,0.671545
19.9,1.7,0,0.71029
19.9,1.8,0,0.751778
19.9,1.9,0,0.796302
19.9,2,0,0.82992
19.9,2.1,0,0.895576
19.9,2.2,0,0.949014
19.9,2.3,0,1.01729
19.9,2.4,0,1.08858
19.9,2.5,0,1.14209
19.9,2.6,0,1.24896
19.9,2.7,0,1.32661
19.9,2.8,0,1.41949
19.9,2.9,0,1.50876
19.9,3,0,1.56272
19.9,3.1,0,1.69077
19.9,3.2,0,1.77053
19.9,3.3,0,1.86272
19.9,3.4,0,1.94642
19.9,3.5,0,1.98163
19.9,3.6,0,2.10448
19.9,3.7,0,2.17081
19.9,3.8,0,2.24537
19.9,3.9,0,2.31718
19.9,4,0,2.3356
19.9,4.1,0,2.44456
19.9,4.2,0,2.49974
19.9,4.3,0,2.55591
19.9,4.4,0,2.61819
19.9,4.5,0,2.62831
19.9,4.6,0,2.7226
19.9,4.7,0,2.77205
19.9,4.8,0,2.81861
19.9,4.9,0,2.87562
19.9,5,0,2.88522
19.9,5.1,0,2.96545
19.9,5.2,0,3.0049
19.9,5.3,0,2.99863
19.9,5.4,0,3.07414
19.9,5.5,0,3.10184
19.9,5.6,0,3.07788
19.9,5.7,0,3.15106
19.9,5.8,0,3.1608
19.9,5.9,0,3.10167
19.9,6,0,3.16942
19.9,6.1,0,3.15974
19.9,6.2,0,3.06824
19.9,6.3,0,3.14406
19.9,6.4,0,3.11854
19.9,6.5,0,2.99241
19.9,6.6,0,3.07774
19.9,6.7,0,3.03796
19.9,6.8,0,2.88086
19.9,6.9,0,2.97171
19.9,7,0,2.92066
19.9,7.1,0,2.7427
19.9,7.2,0,2.84805
19.9,7.3,0,2.79412
19.9,7.4,0,2.59989
19.9,7.5,0,2.7225
19.9,7.6,0,2.6757
19.9,7.7,0,2.47815
19.9,7.8,0,2.61274
19.9,7.9,0,2.57698
19.9,8,0,2.3812
19.9,8.1,0,2.49888
19.9,8.2,0,2.40735
19.9,8.3,0,2.40605
19.9,8.4,0,2.36503
19.9,8.5,0,2.23889
19.9,8.6,0,2.24592
19.9,8.7,0,2.04394
19.9,8.8,0,2.09805
19.9,8.9,0,1.98906
19.9,9,0,1.91917
19.9,9.1,0,1.83738
19.9,9.2,0,1.65052
19.9,9.3,0,1.62351
19.9,9.4,0,1.42357
19.9,9.5,0,1.41007
19.9,9.6,0,1.30842
19.9,9.7,0,1.21724
19.9,9.8,0,1.14143
19.9,9.9,0,1.00191
19.9,10,0,0.975546
19.9,10.1,0,0.854362
19.9,10.2,0,0.828371
19.9,10.3,0,0.764473
19.9,10.4,0,0.698177
19.9,10.5,0,0.64997
19.9,10.6,0,0.559343
19.9,10.7,0,0.549516
19.9,10.8,0,0.479499
19.9,10.9,0,0.469878
19.9,11,0,0.437164
19.9,11.1,0,0.402107
19.9,11.2,0,0.380151
19.9,11.3,0,0.322214
19.9,11.4,0,0.32688
19.9,11.5,0,0.276724
19.9,11.6,0,0.266139
19.9,11.7,0,0.230647
19.9,11.8,0,0.177686
19.9,11.9,0,0.142066
19.9,12,0,0.0815766
19.9,12.1,0,0.0479737
19.9,12.2,0,0.0144803
19.9,12.3,0,-0.012249
19.9,12.4,0,-0.0356812
19.9,12.5,0,-0.0143337
19.9,12.6,0,-0.0224998
19.9,12.7,0,0
20,0,0,0
20,0.1,0,0.0366221
20,0.2,0,0.0736115
20,0.3,0,0.110927
20,0.4,0,0.155152
20,0.5,0,0.198006
20,0.6,0,0.247174
20,0.7,0,0.296668
20,0.8,0,0.343613
20,0.9,0,0.390063
20,1,0,0.432247
20,1.1,0,0.477688
20,1.2,0,0.520248
20,1.3,0,0.561238
20,1.4,0,0.60201
20,1.5,0,0.638187
20,1.6,0,0.682779
20,1.7,0,0.722758
20,1.8,0,0.764327
20,1.9,0,0.807638
20,2,0,0.846795
20,2.1,0,0.906128
20,2.2,0,0.960721
20,2.3,0,1.02573
20,2.4,0,1.09506
20,2.5,0,1.15761
20,2.6,0,1.24935
20,2.7,0,1.32975
20,2.8,0,1.41743
20,2.9,0,1.50267
20,3,0,1.5745
20,3.1,0,1.67741
20,3.2,0,1.76148
20,3.3,0,1.8479
20,3.4,0,1.92585
20,3.5,0,1.98548
20,3.6,0,2.07896
20,3.7,0,2.15041
20,3.8,0,2.22194
20,3.9,0,2.28788
20,4,0,2.33345
20,4.1,0,2.41478
20,4.2,0,2.47539
20,4.3,0,2.53297
20,4.4,0,2.59017
20,4.5,0,2.6272
20,4.6,0,2.6988
20,4.7,0,2.75338
20,4.8,0,2.80361
20,4.9,0,2.85641
20,5,0,2.89069
20,5.1,0,2.94762
20,5.2,0,2.98707
20,5.3,0,3.00693
20,5.4,0,3.05512
20,5.5,0,3.08282
20,5.6,0,3.08837
20,5.7,0,3.1253
20,5.8,0,3.13504
20,5.9,0,3.11527
20,6,0,3.13877
20,6.1,0,3.1291
20,6.2,0,3.08435
20,6.3,0,3.10226
20,6.4,0,3.07674
20,6.5,0,3.0081
20,6.6,0,3.02194
20,6.7,0,2.98215
20,6.8,0,2.89209
20,6.9,0,2.90186
20,7,0,2.8508
20,7.1,0,2.74536
20,7.2,0,2.7597
20,7.3,0,2.70577
20,7.4,0,2.59172
20,7.5,0,2.61752
20,7.6,0,2.57071
20,7.7,0,2.4593
20,7.8,0,2.49655
20,7.9,0,2.46079
20,8,0,2.35646
20,8.1,0,2.38543
20,8.2,0,2.34787
20,8.3,0,2.30144
20,8.4,0,2.26043
20,8.5,0,2.20655
20,8.6,0,2.15375
20,8.7,0,2.04588
20,8.8,0,2.02185
20,8.9,0,1.95397
20,9,0,1.86284
20,9.1,0,1.78105
20,9.2,0,1.67979
20,9.3,0,1.5907
20,9.4,0,1.46882
20,9.5,0,1.39958
20,9.6,0,1.31469
20,9.7,0,1.22278
20,9.8,0,1.14696
20,9.9,0,1.05928
20,10,0,0.994148
20,10.1,0,0.914822
20,10.2,0,0.856628
20,10.3,0,0.796224
20,10.4,0,0.735689
20,10.5,0,0.684636
20,10.6,0,0.624573
20,10.7,0,0.589516
20,10.8,0,0.545651
20,10.9,0,0.511974
20,11,0,0.47926
20,11.1,0,0.44939
20,11.2,0,0.421122
20,11.3,0,0.384598
20,11.4,0,0.365246
20,11.5,0,0.335802
20,11.6,0,0.302972
20,11.7,0,0.267481
20,11.8,0,0.226001
20,11.9,0,0.18274
20,12,0,0.132589
20,12.1,0,0.0945253
20,12.2,0,0.0538513
20,12.3,0,0.0291278
20,12.4,0,0.00569564
20,12.5,0,0.00473239
20,12.6,0,-0.00441543
20,12.7,0,0
20.1,0,0,0
20.1,0.1,0,0.0368652
20.1,0.2,0,0.0738546
20.1,0.3,0,0.114885
20.1,0.4,0,0.159109
20.1,0.5,0,0.20423
20.1,0.6,0,0.254385
20.1,0.7,0,0.303879
20.1,0.8,0,0.352543
20.1,0.9,0,0.398994
20.1,1,0,0.444714
20.1,1.1,0,0.488252
20.1,1.2,0,0.530812
20.1,1.3,0,0.572577
20.1,1.4,0,0.613349
20.1,1.5,0,0.652324
20.1,1.6,0,0.694059
20.1,1.7,0,0.734038
20.1,1.8,0,0.775078
20.1,1.9,0,0.818389
20.1,2,0,0.859622
20.1,2.1,0,0.915446
20.1,2.2,0,0.970038
20.1,2.3,0,1.03107
20.1,2.4,0,1.1004
20.1,2.5,0,1.16831
20.1,2.6,0,1.2491
20.1,2.7,0,1.3295
20.1,2.8,0,1.4112
20.1,2.9,0,1.49644
20.1,3,0,1.58037
20.1,3.1,0,1.66438
20.1,3.2,0,1.74845
20.1,3.3,0,1.82799
20.1,3.4,0,1.90594
20.1,3.5,0,1.9832
20.1,3.6,0,2.05382
20.1,3.7,0,2.12527
20.1,3.8,0,2.19314
20.1,3.9,0,2.25908
20.1,4,0,2.32606
20.1,4.1,0,2.38535
20.1,4.2,0,2.44596
20.1,4.3,0,2.50515
20.1,4.4,0,2.56235
20.1,4.5,0,2.62216
20.1,4.6,0,2.67522
20.1,4.7,0,2.7298
20.1,4.8,0,2.78447
20.1,4.9,0,2.83727
20.1,5,0,2.89312
20.1,5.1,0,2.93068
20.1,5.2,0,2.97013
20.1,5.3,0,3.0125
20.1,5.4,0,3.03748
20.1,5.5,0,3.06518
20.1,5.6,0,3.09604
20.1,5.7,0,3.10164
20.1,5.8,0,3.11138
20.1,5.9,0,3.12508
20.1,6,0,3.1098
20.1,6.1,0,3.10012
20.1,6.2,0,3.09517
20.1,6.3,0,3.06186
20.1,6.4,0,3.03634
20.1,6.5,0,3.0168
20.1,6.6,0,2.9675
20.1,6.7,0,2.92772
20.1,6.8,0,2.89487
20.1,6.9,0,2.83282
20.1,7,0,2.78176
20.1,7.1,0,2.73828
20.1,7.2,0,2.67109
20.1,7.3,0,2.61716
20.1,7.4,0,2.57231
20.1,7.5,0,2.51142
20.1,7.6,0,2.46461
20.1,7.7,0,2.42778
20.1,7.8,0,2.37935
20.1,7.9,0,2.34359
20.1,8,0,2.31808
20.1,8.1,0,2.27184
20.1,8.2,0,2.23428
20.1,8.3,0,2.19751
20.1,8.4,0,2.15649
20.1,8.5,0,2.1155
20.1,8.6,0,2.0627
20.1,8.7,0,2.01162
20.1,8.8,0,1.94682
20.1,8.9,0,1.87894
20.1,9,0,1.80745
20.1,9.1,0,1.72566
20.1,9.2,0,1.64715
20.1,9.3,0,1.55806
20.1,9.4,0,1.46898
20.1,9.5,0,1.38829
20.1,9.6,0,1.3034
20.1,9.7,0,1.22774
20.1,9.8,0,1.15193
20.1,9.9,0,1.08088
20.1,10,0,1.01224
20.1,10.1,0,0.943599
20.1,10.2,0,0.884148
20.1,10.3,0,0.823744
20.1,10.4,0,0.769674
20.1,10.5,0,0.718621
20.1,10.6,0,0.670248
20.1,10.7,0,0.628748
20.1,10.8,0,0.587249
20.1,10.9,0,0.553505
20.1,11,0,0.520791
20.1,11.1,0,0.490251
20.1,11.2,0,0.461983
20.1,11.3,0,0.433344
20.1,11.4,0,0.4039
20.1,11.5,0,0.374456
20.1,11.6,0,0.340434
20.1,11.7,0,0.304943
20.1,11.8,0,0.267224
20.1,11.9,0,0.223963
20.1,12,0,0.17832
20.1,12.1,0,0.140135
20.1,12.2,0,0.0994613
20.1,12.3,0,0.0688321
20.1,12.4,0,0.0454
20.1,12.5,0,0.0223235
20.1,12.6,0,0.0131757
20.1,12.7,0,0
20.2,0,0,0
20.2,0.1,0,0.0363683
20.2,0.2,0,0.0733577
20.2,0.3,0,0.116081
20.2,0.4,0,0.160306
20.2,0.5,0,0.209011
20.2,0.6,0,0.261807
20.2,0.7,0,0.311301
20.2,0.8,0,0.362735
20.2,0.9,0,0.409186
20.2,1,0,0.451983
20.2,1.1,0,0.499437
20.2,1.2,0,0.541997
20.2,1.3,0,0.58416
20.2,1.4,0,0.624931
20.2,1.5,0,0.656721
20.2,1.6,0,0.705478
20.2,1.7,0,0.745457
20.2,1.8,0,0.784078
20.2,1.9,0,0.82739
20.2,2,0,0.860308
20.2,2.1,0,0.921055
20.2,2.2,0,0.975648
20.2,2.3,0,1.03299
20.2,2.4,0,1.10232
20.2,2.5,0,1.16459
20.2,2.6,0,1.2469
20.2,2.7,0,1.3273
20.2,2.8,0,1.40458
20.2,2.9,0,1.48981
20.2,3,0,1.56851
20.2,3.1,0,1.65231
20.2,3.2,0,1.73638
20.2,3.3,0,1.81009
20.2,3.4,0,1.88803
20.2,3.5,0,1.96254
20.2,3.6,0,2.02982
20.2,3.7,0,2.10127
20.2,3.8,0,2.16586
20.2,3.9,0,2.2318
20.2,4,0,2.30297
20.2,4.1,0,2.35698
20.2,4.2,0,2.41758
20.2,4.3,0,2.47792
20.2,4.4,0,2.53512
20.2,4.5,0,2.60533
20.2,4.6,0,2.65231
20.2,4.7,0,2.70689
20.2,4.8,0,2.76551
20.2,4.9,0,2.81831
20.2,5,0,2.88641
20.2,5.1,0,2.9164
20.2,5.2,0,2.95586
20.2,5.3,0,3.0099
20.2,5.4,0,3.02401
20.2,5.5,0,3.05171
20.2,5.6,0,3.0952
20.2,5.7,0,3.08424
20.2,5.8,0,3.09398
20.2,5.9,0,3.12354
20.2,6,0,3.08583
20.2,6.1,0,3.07615
20.2,6.2,0,3.0901
20.2,6.3,0,3.02564
20.2,6.4,0,3.00012
20.2,6.5,0,3.0045
20.2,6.6,0,2.91716
20.2,6.7,0,2.87737
20.2,6.8,0,2.87228
20.2,6.9,0,2.76623
20.2,7,0,2.71517
20.2,7.1,0,2.70195
20.2,7.2,0,2.5817
20.2,7.3,0,2.52777
20.2,7.4,0,2.5192
20.2,7.5,0,2.40197
20.2,7.6,0,2.35516
20.2,7.7,0,2.35822
20.2,7.8,0,2.25908
20.2,7.9,0,2.22332
20.2,8,0,2.23883
20.2,8.1,0,2.15781
20.2,8.2,0,2.1235
20.2,8.3,0,2.09558
20.2,8.4,0,2.05456
20.2,8.5,0,2.03094
20.2,8.6,0,1.97501
20.2,8.7,0,1.9441
20.2,8.8,0,1.87529
20.2,8.9,0,1.80741
20.2,9,0,1.75489
20.2,9.1,0,1.6731
20.2,9.2,0,1.61068
20.2,9.3,0,1.52591
20.2,9.4,0,1.44093
20.2,9.5,0,1.3746
20.2,9.6,0,1.28971
20.2,9.7,0,1.23097
20.2,9.8,0,1.15516
20.2,9.9,0,1.085
20.2,10,0,1.0288
20.2,10.1,0,0.950388
20.2,10.2,0,0.909457
20.2,10.3,0,0.849053
20.2,10.4,0,0.801616
20.2,10.5,0,0.750564
20.2,10.6,0,0.689199
20.2,10.7,0,0.665678
20.2,10.8,0,0.611116
20.2,10.9,0,0.593343
20.2,11,0,0.560629
20.2,11.1,0,0.530783
20.2,11.2,0,0.502515
20.2,11.3,0,0.449117
20.2,11.4,0,0.443418
20.2,11.5,0,0.40248
20.2,11.6,0,0.379782
20.2,11.7,0,0.344291
20.2,11.8,0,0.310095
20.2,11.9,0,0.266833
20.2,12,0,0.191857
20.2,12.1,0,0.18292
20.2,12.2,0,0.134697
20.2,12.3,0,0.103519
20.2,12.4,0,0.0800869
20.2,12.5,0,0.0378259
20.2,12.6,0,0.0292871
20.2,12.7,0,0
20.3,0,0,0
20.3,0.1,0,0.0358715
20.3,0.2,0,0.0737595
20.3,0.3,0,0.116991
20.3,0.4,0,0.161502
20.3,0.5,0,0.213791
20.3,0.6,0,0.269229
20.3,0.7,0,0.318517
20.3,0.8,0,0.370783
20.3,0.9,0,0.419378
20.3,1,0,0.459252
20.3,1.1,0,0.510622
20.3,1.2,0,0.549705
20.3,1.3,0,0.591987
20.3,1.4,0,0.636514
20.3,1.5,0,0.661119
20.3,1.6,0,0.716897
20.3,1.7,0,0.750542
20.3,1.8,0,0.788438
20.3,1.9,0,0.83639
20.3,2,0,0.860995
20.3,2.1,0,0.926665
20.3,2.2,0,0.976556
20.3,2.3,0,1.03279
20.3,2.4,0,1.10423
20.3,2.5,0,1.16086
20.3,2.6,0,1.24471
20.3,2.7,0,1.32151
20.3,2.8,0,1.39745
20.3,2.9,0,1.48318
20.3,3,0,1.55665
20.3,3.1,0,1.64024
20.3,3.2,0,1.72106
20.3,3.3,0,1.79302
20.3,3.4,0,1.87013
20.3,3.5,0,1.94187
20.3,3.6,0,2.00583
20.3,3.7,0,2.078
20.3,3.8,0,2.1416
20.3,3.9,0,2.20451
20.3,4,0,2.27988
20.3,4.1,0,2.3286
20.3,4.2,0,2.39443
20.3,4.3,0,2.45511
20.3,4.4,0,2.5079
20.3,4.5,0,2.5885
20.3,4.6,0,2.62941
20.3,4.7,0,2.69183
20.3,4.8,0,2.75163
20.3,4.9,0,2.79935
20.3,5,0,2.87969
20.3,5.1,0,2.90213
20.3,5.2,0,2.94158
20.3,5.3,0,3.00729
20.3,5.4,0,3.01054
20.3,5.5,0,3.03824
20.3,5.6,0,3.09436
20.3,5.7,0,3.06684
20.3,5.8,0,3.07658
20.3,5.9,0,3.122
20.3,6,0,3.06186
20.3,6.1,0,3.05219
20.3,6.2,0,3.08503
20.3,6.3,0,2.98942
20.3,6.4,0,2.9639
20.3,6.5,0,2.9922
20.3,6.6,0,2.86681
20.3,6.7,0,2.82703
20.3,6.8,0,2.84969
20.3,6.9,0,2.69964
20.3,7,0,2.64858
20.3,7.1,0,2.66562
20.3,7.2,0,2.4923
20.3,7.3,0,2.43838
20.3,7.4,0,2.4661
20.3,7.5,0,2.29251
20.3,7.6,0,2.24571
20.3,7.7,0,2.28867
20.3,7.8,0,2.13881
20.3,7.9,0,2.10305
20.3,8,0,2.15957
20.3,8.1,0,2.04378
20.3,8.2,0,2.04337
20.3,8.3,0,1.99597
20.3,8.4,0,1.95263
20.3,8.5,0,1.95524
20.3,8.6,0,1.88732
20.3,8.7,0,1.87658
20.3,8.8,0,1.80377
20.3,8.9,0,1.75021
20.3,9,0,1.70136
20.3,9.1,0,1.62053
20.3,9.2,0,1.5684
20.3,9.3,0,1.49376
20.3,9.4,0,1.41324
20.3,9.5,0,1.3609
20.3,9.6,0,1.27515
20.3,9.7,0,1.22633
20.3,9.8,0,1.15839
20.3,9.9,0,1.08049
20.3,10,0,1.04535
20.3,10.1,0,0.954011
20.3,10.2,0,0.934766
20.3,10.3,0,0.864842
20.3,10.4,0,0.820052
20.3,10.5,0,0.782506
20.3,10.6,0,0.702326
20.3,10.7,0,0.702607
20.3,10.8,0,0.625923
20.3,10.9,0,0.633181
20.3,11,0,0.589534
20.3,11.1,0,0.551584
20.3,11.2,0,0.543047
20.3,11.3,0,0.462831
20.3,11.4,0,0.482936
20.3,11.5,0,0.414988
20.3,11.6,0,0.41913
20.3,11.7,0,0.376294
20.3,11.8,0,0.324484
20.3,11.9,0,0.309704
20.3,12,0,0.205394
20.3,12.1,0,0.225705
20.3,12.2,0,0.148516
20.3,12.3,0,0.138206
20.3,12.4,0,0.112121
20.3,12.5,0,0.0475759
20.3,12.6,0,0.0453986
20.3,12.7,0,0
20.4,0,0,0
20.4,0.1,0,0.0354492
20.4,0.2,0,0.0745465
20.4,0.3,0,0.117778
20.4,0.4,0,0.163236
20.4,0.5,0,0.218572
20.4,0.6,0,0.276254
20.4,0.7,0,0.325646
20.4,0.8,0,0.377911
20.4,0.9,0,0.429131
20.4,1,0,0.466521
20.4,1.1,0,0.52122
20.4,1.2,0,0.555924
20.4,1.3,0,0.598206
20.4,1.4,0,0.647019
20.4,1.5,0,0.665516
20.4,1.6,0,0.727263
20.4,1.7,0,0.752913
20.4,1.8,0,0.790809
20.4,1.9,0,0.844143
20.4,2,0,0.861681
20.4,2.1,0,0.931536
20.4,2.2,0,0.975449
20.4,2.3,0,1.03169
20.4,2.4,0,1.10531
20.4,2.5,0,1.15714
20.4,2.6,0,1.24229
20.4,2.7,0,1.31416
20.4,2.8,0,1.3901
20.4,2.9,0,1.47577
20.4,3,0,1.54479
20.4,3.1,0,1.62821
20.4,3.2,0,1.70435
20.4,3.3,0,1.77631
20.4,3.4,0,1.85181
20.4,3.5,0,1.92121
20.4,3.6,0,1.98233
20.4,3.7,0,2.05505
20.4,3.8,0,2.11865
20.4,3.9,0,2.17786
20.4,4,0,2.2568
20.4,4.1,0,2.30102
20.4,4.2,0,2.37352
20.4,4.3,0,2.4342
20.4,4.4,0,2.48223
20.4,4.5,0,2.57168
20.4,4.6,0,2.60742
20.4,4.7,0,2.68012
20.4,4.8,0,2.73992
20.4,4.9,0,2.78222
20.4,5,0,2.87298
20.4,5.1,0,2.89289
20.4,5.2,0,2.93508
20.4,5.3,0,3.00469
20.4,5.4,0,3.00431
20.4,5.5,0,3.03319
20.4,5.6,0,3.09352
20.4,5.7,0,3.06048
20.4,5.8,0,3.06975
20.4,5.9,0,3.12047
20.4,6,0,3.05285
20.4,6.1,0,3.04082
20.4,6.2,0,3.07997
20.4,6.3,0,2.97397
20.4,6.4,0,2.94363
20.4,6.5,0,2.9799
20.4,6.6,0,2.84183
20.4,6.7,0,2.79519
20.4,6.8,0,2.8271
20.4,6.9,0,2.66238
20.4,7,0,2.60217
20.4,7.1,0,2.62928
20.4,7.2,0,2.43829
20.4,7.3,0,2.37318
20.4,7.4,0,2.41299
20.4,7.5,0,2.22062
20.4,7.6,0,2.16285
20.4,7.7,0,2.21911
20.4,7.8,0,2.05235
20.4,7.9,0,2.01012
20.4,8,0,2.08031
20.4,8.1,0,1.92976
20.4,8.2,0,1.96324
20.4,8.3,0,1.91583
20.4,8.4,0,1.8754
20.4,8.5,0,1.87955
20.4,8.6,0,1.79963
20.4,8.7,0,1.80906
20.4,8.8,0,1.73271
20.4,8.9,0,1.69406
20.4,9,0,1.64521
20.4,9.1,0,1.57595
20.4,9.2,0,1.52612
20.4,9.3,0,1.46161
20.4,9.4,0,1.38555
20.4,9.5,0,1.34326
20.4,9.6,0,1.26032
20.4,9.7,0,1.2115
20.4,9.8,0,1.15689
20.4,9.9,0,1.07598
20.4,10,0,1.06191
20.4,10.1,0,0.957635
20.4,10.2,0,0.950386
20.4,10.3,0,0.874313
20.4,10.4,0,0.829522
20.4,10.5,0,0.806042
20.4,10.6,0,0.715453
20.4,10.7,0,0.739537
20.4,10.8,0,0.640729
20.4,10.9,0,0.657708
20.4,11,0,0.604307
20.4,11.1,0,0.566356
20.4,11.2,0,0.576018
20.4,11.3,0,0.476544
20.4,11.4,0,0.522454
20.4,11.5,0,0.427495
20.4,11.6,0,0.437634
20.4,11.7,0,0.388568
20.4,11.8,0,0.336758
20.4,11.9,0,0.349142
20.4,12,0,0.218932
20.4,12.1,0,0.268491
20.4,12.2,0,0.162335
20.4,12.3,0,0.153246
20.4,12.4,0,0.121871
20.4,12.5,0,0.0573258
20.4,12.6,0,0.0615101
20.4,12.7,0,0
20.5,0,0,0
20.5,0.1,0,0.0354492
20.5,0.2,0,0.0753335
20.5,0.3,0,0.118565
20.5,0.4,0,0.168017
20.5,0.5,0,0.223352
20.5,0.6,0,0.281035
20.5,0.7,0,0.332774
20.5,0.8,0,0.38504
20.5,0.9,0,0.4364
20.5,1,0,0.473791
20.5,1.1,0,0.528489
20.5,1.2,0,0.562142
20.5,1.3,0,0.604424
20.5,1.4,0,0.651416
20.5,1.5,0,0.669913
20.5,1.6,0,0.73166
20.5,1.7,0,0.755284
20.5,1.8,0,0.793179
20.5,1.9,0,0.844829
20.5,2,0,0.862368
20.5,2.1,0,0.932223
20.5,2.2,0,0.974342
20.5,2.3,0,1.03058
20.5,2.4,0,1.10158
20.5,2.5,0,1.15341
20.5,2.6,0,1.23857
20.5,2.7,0,1.30682
20.5,2.8,0,1.38276
20.5,2.9,0,1.46391
20.5,3,0,1.53293
20.5,3.1,0,1.61635
20.5,3.2,0,1.68765
20.5,3.3,0,1.7596
20.5,3.4,0,1.83114
20.5,3.5,0,1.90055
20.5,3.6,0,1.96167
20.5,3.7,0,2.03209
20.5,3.8,0,2.09569
20.5,3.9,0,2.15478
20.5,4,0,2.23371
20.5,4.1,0,2.27794
20.5,4.2,0,2.35261
20.5,4.3,0,2.41329
20.5,4.4,0,2.4654
20.5,4.5,0,2.55485
20.5,4.6,0,2.59059
20.5,4.7,0,2.66842
20.5,4.8,0,2.72822
20.5,4.9,0,2.77551
20.5,5,0,2.86626
20.5,5.1,0,2.88618
20.5,5.2,0,2.93248
20.5,5.3,0,3.00208
20.5,5.4,0,3.00171
20.5,5.5,0,3.03235
20.5,5.6,0,3.09268
20.5,5.7,0,3.05964
20.5,5.8,0,3.06821
20.5,5.9,0,3.11893
20.5,6,0,3.05131
20.5,6.1,0,3.03575
20.5,6.2,0,3.0749
20.5,6.3,0,2.96891
20.5,6.4,0,2.93133
20.5,6.5,0,2.9676
20.5,6.6,0,2.82953
20.5,6.7,0,2.7726
20.5,6.8,0,2.80451
20.5,6.9,0,2.63979
20.5,7,0,2.56584
20.5,7.1,0,2.59295
20.5,7.2,0,2.40196
20.5,7.3,0,2.32007
20.5,7.4,0,2.35988
20.5,7.5,0,2.16752
20.5,7.6,0,2.0933
20.5,7.7,0,2.14956
20.5,7.8,0,1.98279
20.5,7.9,0,1.93087
20.5,8,0,2.00106
20.5,8.1,0,1.84884
20.5,8.2,0,1.8831
20.5,8.3,0,1.8357
20.5,8.4,0,1.79971
20.5,8.5,0,1.80385
20.5,8.6,0,1.72782
20.5,8.7,0,1.74154
20.5,8.8,0,1.66519
20.5,8.9,0,1.63792
20.5,9,0,1.58907
20.5,9.1,0,1.53367
20.5,9.2,0,1.48384
20.5,9.3,0,1.43094
20.5,9.4,0,1.35786
20.5,9.5,0,1.31557
20.5,9.6,0,1.2455
20.5,9.7,0,1.19668
20.5,9.8,0,1.15239
20.5,9.9,0,1.07148
20.5,10,0,1.06638
20.5,10.1,0,0.961259
20.5,10.2,0,0.95401
20.5,10.3,0,0.883783
20.5,10.4,0,0.838993
20.5,10.5,0,0.819169
20.5,10.6,0,0.72858
20.5,10.7,0,0.759106
20.5,10.8,0,0.655535
20.5,10.9,0,0.672514
20.5,11,0,0.619079
20.5,11.1,0,0.581129
20.5,11.2,0,0.589732
20.5,11.3,0,0.490258
20.5,11.4,0,0.542465
20.5,11.5,0,0.440003
20.5,11.6,0,0.450141
20.5,11.7,0,0.400842
20.5,11.8,0,0.349032
20.5,11.9,0,0.36268
20.5,12,0,0.232469
20.5,12.1,0,0.288251
20.5,12.2,0,0.176155
20.5,12.3,0,0.167065
20.5,12.4,0,0.131621
20.5,12.5,0,0.0670758
20.5,12.6,0,0.0622814
20.5,12.7,0,0
20.6,0,0,0
20.6,0.1,0,0.0362195
20.6,0.2,0,0.0761204
20.6,0.3,0,0.119352
20.6,0.4,0,0.172551
20.6,0.5,0,0.228133
20.6,0.6,0,0.285639
20.6,0.7,0,0.339903
20.6,0.8,0,0.392168
20.6,0.9,0,0.441832
20.6,1,0,0.48106
20.6,1.1,0,0.532779
20.6,1.2,0,0.56836
20.6,1.3,0,0.610642
20.6,1.4,0,0.652595
20.6,1.5,0,0.674311
20.6,1.6,0,0.730628
20.6,1.7,0,0.757654
20.6,1.8,0,0.79555
20.6,1.9,0,0.841538
20.6,2,0,0.863054
20.6,2.1,0,0.928879
20.6,2.2,0,0.973235
20.6,2.3,0,1.02947
20.6,2.4,0,1.09604
20.6,2.5,0,1.14969
20.6,2.6,0,1.23175
20.6,2.7,0,1.29948
20.6,2.8,0,1.37542
20.6,2.9,0,1.45162
20.6,3,0,1.52107
20.6,3.1,0,1.6017
20.6,3.2,0,1.67094
20.6,3.3,0,1.74289
20.6,3.4,0,1.8112
20.6,3.5,0,1.87989
20.6,3.6,0,1.94163
20.6,3.7,0,2.00914
20.6,3.8,0,2.07274
20.6,3.9,0,2.13428
20.6,4,0,2.21062
20.6,4.1,0,2.25932
20.6,4.2,0,2.33169
20.6,4.3,0,2.39237
20.6,4.4,0,2.45236
20.6,4.5,0,2.53803
20.6,4.6,0,2.58049
20.6,4.7,0,2.65671
20.6,4.8,0,2.71651
20.6,4.9,0,2.77315
20.6,5,0,2.85955
20.6,5.1,0,2.88043
20.6,5.2,0,2.9305
20.6,5.3,0,2.99947
20.6,5.4,0,3.00016
20.6,5.5,0,3.03242
20.6,5.6,0,3.09184
20.6,5.7,0,3.06012
20.6,5.8,0,3.06805
20.6,5.9,0,3.11739
20.6,6,0,3.05135
20.6,6.1,0,3.03256
20.6,6.2,0,3.06984
20.6,6.3,0,2.96583
20.6,6.4,0,2.92163
20.6,6.5,0,2.9553
20.6,6.6,0,2.81954
20.6,6.7,0,2.75318
20.6,6.8,0,2.78192
20.6,6.9,0,2.61972
20.6,7,0,2.53317
20.6,7.1,0,2.55662
20.6,7.2,0,2.36865
20.6,7.3,0,2.27139
20.6,7.4,0,2.30678
20.6,7.5,0,2.11774
20.6,7.6,0,2.02843
20.6,7.7,0,2.08
20.6,7.8,0,1.91665
20.6,7.9,0,1.85583
20.6,8,0,1.9218
20.6,8.1,0,1.79662
20.6,8.2,0,1.80297
20.6,8.3,0,1.75557
20.6,8.4,0,1.72401
20.6,8.5,0,1.72815
20.6,8.6,0,1.67185
20.6,8.7,0,1.67402
20.6,8.8,0,1.6074
20.6,8.9,0,1.58178
20.6,9,0,1.53293
20.6,9.1,0,1.49139
20.6,9.2,0,1.44155
20.6,9.3,0,1.39312
20.6,9.4,0,1.33016
20.6,9.5,0,1.28735
20.6,9.6,0,1.23067
20.6,9.7,0,1.18185
20.6,9.8,0,1.14538
20.6,9.9,0,1.06697
20.6,10,0,1.04895
20.6,10.1,0,0.964883
20.6,10.2,0,0.952832
20.6,10.3,0,0.893254
20.6,10.4,0,0.848463
20.6,10.5,0,0.825482
20.6,10.6,0,0.741707
20.6,10.7,0,0.750109
20.6,10.8,0,0.670342
20.6,10.9,0,0.683854
20.6,11,0,0.633851
20.6,11.1,0,0.595901
20.6,11.2,0,0.591388
20.6,11.3,0,0.503972
20.6,11.4,0,0.529169
20.6,11.5,0,0.45251
20.6,11.6,0,0.462649
20.6,11.7,0,0.413116
20.6,11.8,0,0.361306
20.6,11.9,0,0.35685
20.6,12,0,0.246006
20.6,12.1,0,0.273901
20.6,12.2,0,0.189974
20.6,12.3,0,0.180885
20.6,12.4,0,0.141371
20.6,12.5,0,0.0768258
20.6,12.6,0,0.0572057
20.6,12.7,0,0
20.7,0,0,0
20.7,0.1,0,0.0375033
20.7,0.2,0,0.0769322
20.7,0.3,0,0.120318
20.7,0.4,0,0.176923
20.7,0.5,0,0.232913
20.7,0.6,0,0.290126
20.7,0.7,0,0.346899
20.7,0.8,0,0.399151
20.7,0.9,0,0.446038
20.7,1,0,0.488329
20.7,1.1,0,0.535081
20.7,1.2,0,0.574383
20.7,1.3,0,0.616502
20.7,1.4,0,0.651628
20.7,1.5,0,0.678708
20.7,1.6,0,0.725977
20.7,1.7,0,0.759674
20.7,1.8,0,0.797505
20.7,1.9,0,0.835595
20.7,2,0,0.86374
20.7,2.1,0,0.922849
20.7,2.2,0,0.971882
20.7,2.3,0,1.02808
20.7,2.4,0,1.08929
20.7,2.5,0,1.14596
20.7,2.6,0,1.22287
20.7,2.7,0,1.29206
20.7,2.8,0,1.36781
20.7,2.9,0,1.43905
20.7,3,0,1.50921
20.7,3.1,0,1.58521
20.7,3.2,0,1.65424
20.7,3.3,0,1.72605
20.7,3.4,0,1.79174
20.7,3.5,0,1.85923
20.7,3.6,0,1.92201
20.7,3.7,0,1.98635
20.7,3.8,0,2.04999
20.7,3.9,0,2.11552
20.7,4,0,2.18753
20.7,4.1,0,2.24369
20.7,4.2,0,2.31104
20.7,4.3,0,2.37198
20.7,4.4,0,2.44185
20.7,4.5,0,2.5212
20.7,4.6,0,2.57486
20.7,4.7,0,2.64531
20.7,4.8,0,2.70542
20.7,4.9,0,2.77369
20.7,5,0,2.85283
20.7,5.1,0,2.88539
20.7,5.2,0,2.93546
20.7,5.3,0,2.99687
20.7,5.4,0,3.01018
20.7,5.5,0,3.04244
20.7,5.6,0,3.091
20.7,5.7,0,3.07514
20.7,5.8,0,3.08307
20.7,5.9,0,3.11585
20.7,6,0,3.06871
20.7,6.1,0,3.04992
20.7,6.2,0,3.06477
20.7,6.3,0,2.98469
20.7,6.4,0,2.94048
20.7,6.5,0,2.943
20.7,6.6,0,2.835
20.7,6.7,0,2.76863
20.7,6.8,0,2.75933
20.7,6.9,0,2.62739
20.7,7,0,2.54084
20.7,7.1,0,2.52029
20.7,7.2,0,2.3686
20.7,7.3,0,2.27134
20.7,7.4,0,2.25367
20.7,7.5,0,2.10453
20.7,7.6,0,2.01522
20.7,7.7,0,2.01044
20.7,7.8,0,1.88811
20.7,7.9,0,1.82729
20.7,8,0,1.84254
20.7,8.1,0,1.75126
20.7,8.2,0,1.72284
20.7,8.3,0,1.69232
20.7,8.4,0,1.66594
20.7,8.5,0,1.65246
20.7,8.6,0,1.61632
20.7,8.7,0,1.6065
20.7,8.8,0,1.55527
20.7,8.9,0,1.52563
20.7,9,0,1.48171
20.7,9.1,0,1.44562
20.7,9.2,0,1.39927
20.7,9.3,0,1.3553
20.7,9.4,0,1.30247
20.7,9.5,0,1.25852
20.7,9.6,0,1.21584
20.7,9.7,0,1.16459
20.7,9.8,0,1.12281
20.7,9.9,0,1.06246
20.7,10,0,1.03151
20.7,10.1,0,0.968507
20.7,10.2,0,0.940617
20.7,10.3,0,0.899494
20.7,10.4,0,0.855132
20.7,10.5,0,0.816137
20.7,10.6,0,0.754834
20.7,10.7,0,0.741113
20.7,10.8,0,0.685148
20.7,10.9,0,0.673594
20.7,11,0,0.640768
20.7,11.1,0,0.610673
20.7,11.2,0,0.579343
20.7,11.3,0,0.517686
20.7,11.4,0,0.515872
20.7,11.5,0,0.465018
20.7,11.6,0,0.448802
20.7,11.7,0,0.412541
20.7,11.8,0,0.37358
20.7,11.9,0,0.33979
20.7,12,0,0.259543
20.7,12.1,0,0.258472
20.7,12.2,0,0.203793
20.7,12.3,0,0.174542
20.7,12.4,0,0.13769
20.7,12.5,0,0.0865758
20.7,12.6,0,0.0508442
20.7,12.7,0,0
20.8,0,0,0
20.8,0.1,0,0.0387871
20.8,0.2,0,0.078216
20.8,0.3,0,0.124689
20.8,0.4,0,0.181294
20.8,0.5,0,0.237694
20.8,0.6,0,0.294613
20.8,0.7,0,0.351386
20.8,0.8,0,0.403357
20.8,0.9,0,0.450243
20.8,1,0,0.495598
20.8,1.1,0,0.537384
20.8,1.2,0,0.576686
20.8,1.3,0,0.615535
20.8,1.4,0,0.650661
20.8,1.5,0,0.683105
20.8,1.6,0,0.721326
20.8,1.7,0,0.755023
20.8,1.8,0,0.791562
20.8,1.9,0,0.829651
20.8,2,0,0.864427
20.8,2.1,0,0.916818
20.8,2.2,0,0.965852
20.8,2.3,0,1.02133
20.8,2.4,0,1.08254
20.8,2.5,0,1.14224
20.8,2.6,0,1.214
20.8,2.7,0,1.28318
20.8,2.8,0,1.35524
20.8,2.9,0,1.42647
20.8,3,0,1.49735
20.8,3.1,0,1.56871
20.8,3.2,0,1.63774
20.8,3.3,0,1.70658
20.8,3.4,0,1.77227
20.8,3.5,0,1.83856
20.8,3.6,0,1.90238
20.8,3.7,0,1.96672
20.8,3.8,0,2.03123
20.8,3.9,0,2.09675
20.8,4,0,2.16444
20.8,4.1,0,2.22806
20.8,4.2,0,2.29541
20.8,4.3,0,2.36147
20.8,4.4,0,2.43134
20.8,4.5,0,2.50437
20.8,4.6,0,2.56923
20.8,4.7,0,2.63968
20.8,4.8,0,2.70596
20.8,4.9,0,2.77422
20.8,5,0,2.84612
20.8,5.1,0,2.89035
20.8,5.2,0,2.94041
20.8,5.3,0,2.99426
20.8,5.4,0,3.02021
20.8,5.5,0,3.05247
20.8,5.6,0,3.09016
20.8,5.7,0,3.09016
20.8,5.8,0,3.0981
20.8,5.9,0,3.11431
20.8,6,0,3.08607
20.8,6.1,0,3.06728
20.8,6.2,0,3.0597
20.8,6.3,0,3.00354
20.8,6.4,0,2.95933
20.8,6.5,0,2.9307
20.8,6.6,0,2.85045
20.8,6.7,0,2.78409
20.8,6.8,0,2.73674
20.8,6.9,0,2.63506
20.8,7,0,2.54851
20.8,7.1,0,2.48396
20.8,7.2,0,2.36856
20.8,7.3,0,2.27129
20.8,7.4,0,2.20056
20.8,7.5,0,2.09131
20.8,7.6,0,2.00201
20.8,7.7,0,1.94089
20.8,7.8,0,1.85956
20.8,7.9,0,1.79875
20.8,8,0,1.76329
20.8,8.1,0,1.7059
20.8,8.2,0,1.66545
20.8,8.3,0,1.63842
20.8,8.4,0,1.61204
20.8,8.5,0,1.58663
20.8,8.6,0,1.5608
20.8,8.7,0,1.53898
20.8,8.8,0,1.50313
20.8,8.9,0,1.47277
20.8,9,0,1.43584
20.8,9.1,0,1.39976
20.8,9.2,0,1.35844
20.8,9.3,0,1.31747
20.8,9.4,0,1.27478
20.8,9.5,0,1.2297
20.8,9.6,0,1.18724
20.8,9.7,0,1.14203
20.8,9.8,0,1.10024
20.8,9.9,0,1.05589
20.8,10,0,1.01407
20.8,10.1,0,0.972131
20.8,10.2,0,0.928403
20.8,10.3,0,0.88728
20.8,10.4,0,0.845786
20.8,10.5,0,0.806792
20.8,10.6,0,0.767961
20.8,10.7,0,0.732117
20.8,10.8,0,0.696156
20.8,10.9,0,0.663335
20.8,11,0,0.630508
20.8,11.1,0,0.599056
20.8,11.2,0,0.567297
20.8,11.3,0,0.5314
20.8,11.4,0,0.502575
20.8,11.5,0,0.469153
20.8,11.6,0,0.434236
20.8,11.7,0,0.397974
20.8,11.8,0,0.361826
20.8,11.9,0,0.32273
20.8,12,0,0.273081
20.8,12.1,0,0.243043
20.8,12.2,0,0.2033
20.8,12.3,0,0.163425
20.8,12.4,0,0.126572
20.8,12.5,0,0.0857847
20.8,12.6,0,0.0444827
20.8,12.7,0,0
20.9,0,0,0
20.9,0.1,0,0.0361668
20.9,0.2,0,0.0755957
20.9,0.3,0,0.127424
20.9,0.4,0,0.184028
20.9,0.5,0,0.240505
20.9,0.6,0,0.300683
20.9,0.7,0,0.357455
20.9,0.8,0,0.409169
20.9,0.9,0,0.456056
20.9,1,0,0.498107
20.9,1.1,0,0.540526
20.9,1.2,0,0.579828
20.9,1.3,0,0.615075
20.9,1.4,0,0.650201
20.9,1.5,0,0.681585
20.9,1.6,0,0.716629
20.9,1.7,0,0.750326
20.9,1.8,0,0.784247
20.9,1.9,0,0.822337
20.9,2,0,0.859275
20.9,2.1,0,0.908629
20.9,2.2,0,0.957662
20.9,2.3,0,1.01281
20.9,2.4,0,1.07402
20.9,2.5,0,1.13382
20.9,2.6,0,1.20432
20.9,2.7,0,1.2735
20.9,2.8,0,1.34281
20.9,2.9,0,1.41404
20.9,3,0,1.48221
20.9,3.1,0,1.55277
20.9,3.2,0,1.62181
20.9,3.3,0,1.68763
20.9,3.4,0,1.75332
20.9,3.5,0,1.81695
20.9,3.6,0,1.88268
20.9,3.7,0,1.94702
20.9,3.8,0,2.01215
20.9,3.9,0,2.07768
20.9,4,0,2.14223
20.9,4.1,0,2.21216
20.9,4.2,0,2.2795
20.9,4.3,0,2.35042
20.9,4.4,0,2.42029
20.9,4.5,0,2.48815
20.9,4.6,0,2.56395
20.9,4.7,0,2.6344
20.9,4.8,0,2.70685
20.9,4.9,0,2.77512
20.9,5,0,2.83751
20.9,5.1,0,2.89777
20.9,5.2,0,2.94784
20.9,5.3,0,2.98897
20.9,5.4,0,3.03466
20.9,5.5,0,3.06692
20.9,5.6,0,3.08713
20.9,5.7,0,3.11017
20.9,5.8,0,3.11811
20.9,5.9,0,3.11234
20.9,6,0,3.10879
20.9,6.1,0,3.09
20.9,6.2,0,3.05765
20.9,6.3,0,3.02687
20.9,6.4,0,2.98266
20.9,6.5,0,2.92679
20.9,6.6,0,2.87
20.9,6.7,0,2.80364
20.9,6.8,0,2.72901
20.9,6.9,0,2.64645
20.9,7,0,2.5599
20.9,7.1,0,2.4702
20.9,7.2,0,2.36894
20.9,7.3,0,2.27168
20.9,7.4,0,2.17804
20.9,7.5,0,2.07459
20.9,7.6,0,1.98529
20.9,7.7,0,1.90754
20.9,7.8,0,1.8235
20.9,7.9,0,1.76269
20.9,8,0,1.72089
20.9,8.1,0,1.65694
20.9,8.2,0,1.61649
20.9,8.3,0,1.58385
20.9,8.4,0,1.55747
20.9,8.5,0,1.53161
20.9,8.6,0,1.50578
20.9,8.7,0,1.49026
20.9,8.8,0,1.45187
20.9,8.9,0,1.42151
20.9,9,0,1.39085
20.9,9.1,0,1.35477
20.9,9.2,0,1.32122
20.9,9.3,0,1.28026
20.9,9.4,0,1.24216
20.9,9.5,0,1.20071
20.9,9.6,0,1.15826
20.9,9.7,0,1.11941
20.9,9.8,0,1.07763
20.9,9.9,0,1.03851
20.9,10,0,0.996685
20.9,10.1,0,0.954898
20.9,10.2,0,0.915917
20.9,10.3,0,0.874794
20.9,10.4,0,0.836067
20.9,10.5,0,0.797072
20.9,10.6,0,0.758554
20.9,10.7,0,0.722576
20.9,10.8,0,0.686615
20.9,10.9,0,0.65267
20.9,11,0,0.619843
20.9,11.1,0,0.587092
20.9,11.2,0,0.555333
20.9,11.3,0,0.523928
20.9,11.4,0,0.489701
20.9,11.5,0,0.456279
20.9,11.6,0,0.420107
20.9,11.7,0,0.383846
20.9,11.8,0,0.345187
20.9,11.9,0,0.306092
20.9,12,0,0.269712
20.9,12.1,0,0.227391
20.9,12.2,0,0.187647
20.9,12.3,0,0.151654
20.9,12.4,0,0.114802
20.9,12.5,0,0.0814251
20.9,12.6,0,0.0401231
20.9,12.7,0,0
21,0,0,0
21,0.1,0,0.0296423
21,0.2,0,0.0690713
21,0.3,0,0.128522
21,0.4,0,0.185127
21,0.5,0,0.241348
21,0.6,0,0.308334
21,0.7,0,0.365107
21,0.8,0,0.416589
21,0.9,0,0.463476
21,1,0,0.495855
21,1.1,0,0.544508
21,1.2,0,0.58381
21,1.3,0,0.615122
21,1.4,0,0.650248
21,1.5,0,0.674147
21,1.6,0,0.711886
21,1.7,0,0.745583
21,1.8,0,0.775561
21,1.9,0,0.813651
21,2,0,0.848286
21,2.1,0,0.898281
21,2.2,0,0.947314
21,2.3,0,1.00253
21,2.4,0,1.06374
21,2.5,0,1.12072
21,2.6,0,1.19384
21,2.7,0,1.26302
21,2.8,0,1.33052
21,2.9,0,1.40175
21,3,0,1.46378
21,3.1,0,1.53741
21,3.2,0,1.60644
21,3.3,0,1.66919
21,3.4,0,1.73488
21,3.5,0,1.79439
21,3.6,0,1.86291
21,3.7,0,1.92725
21,3.8,0,1.99277
21,3.9,0,2.0583
21,4,0,2.1209
21,4.1,0,2.19597
21,4.2,0,2.26332
21,4.3,0,2.33883
21,4.4,0,2.40871
21,4.5,0,2.47253
21,4.6,0,2.55902
21,4.7,0,2.62947
21,4.8,0,2.7081
21,4.9,0,2.77637
21,5,0,2.82702
21,5.1,0,2.90765
21,5.2,0,2.95772
21,5.3,0,2.98098
21,5.4,0,3.05355
21,5.5,0,3.08581
21,5.6,0,3.08189
21,5.7,0,3.13517
21,5.8,0,3.14311
21,5.9,0,3.10995
21,6,0,3.13686
21,6.1,0,3.11807
21,6.2,0,3.0586
21,6.3,0,3.05469
21,6.4,0,3.01048
21,6.5,0,2.93126
21,6.6,0,2.89365
21,6.7,0,2.82728
21,6.8,0,2.73614
21,6.9,0,2.66156
21,7,0,2.57501
21,7.1,0,2.479
21,7.2,0,2.36975
21,7.3,0,2.27249
21,7.4,0,2.18609
21,7.5,0,2.05437
21,7.6,0,1.96506
21,7.7,0,1.91041
21,7.8,0,1.77992
21,7.9,0,1.71911
21,8,0,1.71537
21,8.1,0,1.60438
21,8.2,0,1.57733
21,8.3,0,1.52861
21,8.4,0,1.50223
21,8.5,0,1.49462
21,8.6,0,1.45126
21,8.7,0,1.46652
21,8.8,0,1.40146
21,8.9,0,1.37582
21,9,0,1.34672
21,9.1,0,1.31064
21,9.2,0,1.29396
21,9.3,0,1.24366
21,9.4,0,1.22239
21,9.5,0,1.17157
21,9.6,0,1.12932
21,9.7,0,1.09675
21,9.8,0,1.05497
21,9.9,0,1.02446
21,10,0,0.979363
21,10.1,0,0.944306
21,10.2,0,0.903161
21,10.3,0,0.862038
21,10.4,0,0.825972
21,10.5,0,0.786978
21,10.6,0,0.7516
21,10.7,0,0.71249
21,10.8,0,0.679279
21,10.9,0,0.641599
21,11,0,0.608773
21,11.1,0,0.575282
21,11.2,0,0.543451
21,11.3,0,0.516206
21,11.4,0,0.47725
21,11.5,0,0.447166
21,11.6,0,0.406417
21,11.7,0,0.370156
21,11.8,0,0.330547
21,11.9,0,0.289874
21,12,0,0.261526
21,12.1,0,0.211513
21,12.2,0,0.175133
21,12.3,0,0.139232
21,12.4,0,0.102379
21,12.5,0,0.0771045
21,12.6,0,0.0377653
21,12.7,0,0
21.1,0,0,0
21.1,0.1,0,0.0231179
21.1,0.2,0,0.0692283
21.1,0.3,0,0.12906
21.1,0.4,0,0.186225
21.1,0.5,0,0.24219
21.1,0.6,0,0.315985
21.1,0.7,0,0.365107
21.1,0.8,0,0.416578
21.1,0.9,0,0.470896
21.1,1,0,0.493603
21.1,1.1,0,0.54849
21.1,1.2,0,0.579588
21.1,1.3,0,0.610703
21.1,1.4,0,0.650296
21.1,1.5,0,0.666709
21.1,1.6,0,0.707143
21.1,1.7,0,0.736066
21.1,1.8,0,0.765848
21.1,1.9,0,0.804965
21.1,2,0,0.837297
21.1,2.1,0,0.887933
21.1,2.2,0,0.935606
21.1,2.3,0,0.990821
21.1,2.4,0,1.05345
21.1,2.5,0,1.10761
21.1,2.6,0,1.18336
21.1,2.7,0,1.24784
21.1,2.8,0,1.31525
21.1,2.9,0,1.38947
21.1,3,0,1.44536
21.1,3.1,0,1.52205
21.1,3.2,0,1.58561
21.1,3.3,0,1.6482
21.1,3.4,0,1.71644
21.1,3.5,0,1.77182
21.1,3.6,0,1.84314
21.1,3.7,0,1.90477
21.1,3.8,0,1.97031
21.1,3.9,0,2.03892
21.1,4,0,2.09956
21.1,4.1,0,2.17978
21.1,4.2,0,2.24476
21.1,4.3,0,2.3205
21.1,4.4,0,2.39713
21.1,4.5,0,2.4569
21.1,4.6,0,2.55409
21.1,4.7,0,2.61697
21.1,4.8,0,2.69591
21.1,4.9,0,2.77762
21.1,5,0,2.81652
21.1,5.1,0,2.91754
21.1,5.2,0,2.9676
21.1,5.3,0,2.973
21.1,5.4,0,3.07243
21.1,5.5,0,3.10469
21.1,5.6,0,3.07666
21.1,5.7,0,3.16017
21.1,5.8,0,3.1681
21.1,5.9,0,3.10756
21.1,6,0,3.16493
21.1,6.1,0,3.14614
21.1,6.2,0,3.05956
21.1,6.3,0,3.08251
21.1,6.4,0,3.0383
21.1,6.5,0,2.93574
21.1,6.6,0,2.91729
21.1,6.7,0,2.85093
21.1,6.8,0,2.74327
21.1,6.9,0,2.67666
21.1,7,0,2.59011
21.1,7.1,0,2.4878
21.1,7.2,0,2.37056
21.1,7.3,0,2.2733
21.1,7.4,0,2.19414
21.1,7.5,0,2.03414
21.1,7.6,0,1.94483
21.1,7.7,0,1.91328
21.1,7.8,0,1.73635
21.1,7.9,0,1.67553
21.1,8,0,1.70984
21.1,8.1,0,1.55183
21.1,8.2,0,1.56349
21.1,8.3,0,1.48813
21.1,8.4,0,1.4537
21.1,8.5,0,1.4744
21.1,8.6,0,1.39675
21.1,8.7,0,1.44278
21.1,8.8,0,1.35106
21.1,8.9,0,1.35152
21.1,9,0,1.31293
21.1,9.1,0,1.26708
21.1,9.2,0,1.27119
21.1,9.3,0,1.20705
21.1,9.4,0,1.20262
21.1,9.5,0,1.14243
21.1,9.6,0,1.1129
21.1,9.7,0,1.07837
21.1,9.8,0,1.03231
21.1,9.9,0,1.01103
21.1,10,0,0.96204
21.1,10.1,0,0.933715
21.1,10.2,0,0.890405
21.1,10.3,0,0.853142
21.1,10.4,0,0.817472
21.1,10.5,0,0.776884
21.1,10.6,0,0.744646
21.1,10.7,0,0.702404
21.1,10.8,0,0.672465
21.1,10.9,0,0.630529
21.1,11,0,0.600268
21.1,11.1,0,0.56795
21.1,11.2,0,0.531568
21.1,11.3,0,0.508483
21.1,11.4,0,0.464798
21.1,11.5,0,0.439657
21.1,11.6,0,0.392892
21.1,11.7,0,0.359695
21.1,11.8,0,0.323051
21.1,11.9,0,0.273657
21.1,12,0,0.253339
21.1,12.1,0,0.195636
21.1,12.2,0,0.165843
21.1,12.3,0,0.127409
21.1,12.4,0,0.0915204
21.1,12.5,0,0.0690696
21.1,12.6,0,0.0354075
21.1,12.7,0,0
21.2,0,0,0
21.2,0.1,0,0.0192033
21.2,0.2,0,0.069737
21.2,0.3,0,0.129569
21.2,0.4,0,0.187221
21.2,0.5,0,0.243033
21.2,0.6,0,0.320913
21.2,0.7,0,0.364705
21.2,0.8,0,0.416175
21.2,0.9,0,0.474447
21.2,1,0,0.49135
21.2,1.1,0,0.549979
21.2,1.2,0,0.574934
21.2,1.3,0,0.606049
21.2,1.4,0,0.647349
21.2,1.5,0,0.659271
21.2,1.6,0,0.701322
21.2,1.7,0,0.726298
21.2,1.8,0,0.75608
21.2,1.9,0,0.795358
21.2,2,0,0.826309
21.2,2.1,0,0.877329
21.2,2.2,0,0.923826
21.2,2.3,0,0.979041
21.2,2.4,0,1.04203
21.2,2.5,0,1.09451
21.2,2.6,0,1.17183
21.2,2.7,0,1.23241
21.2,2.8,0,1.29982
21.2,2.9,0,1.37472
21.2,3,0,1.42693
21.2,3.1,0,1.50546
21.2,3.2,0,1.56448
21.2,3.3,0,1.62707
21.2,3.4,0,1.69635
21.2,3.5,0,1.74926
21.2,3.6,0,1.82225
21.2,3.7,0,1.88214
21.2,3.8,0,1.94769
21.2,3.9,0,2.01876
21.2,4,0,2.07823
21.2,4.1,0,2.16153
21.2,4.2,0,2.22607
21.2,4.3,0,2.30182
21.2,4.4,0,2.38393
21.2,4.5,0,2.44128
21.2,4.6,0,2.54488
21.2,4.7,0,2.60408
21.2,4.8,0,2.68302
21.2,4.9,0,2.77417
21.2,5,0,2.80603
21.2,5.1,0,2.90874
21.2,5.2,0,2.96111
21.2,5.3,0,2.96501
21.2,5.4,0,3.06669
21.2,5.5,0,3.10147
21.2,5.6,0,3.07143
21.2,5.7,0,3.15746
21.2,5.8,0,3.16799
21.2,5.9,0,3.10516
21.2,6,0,3.16508
21.2,6.1,0,3.14936
21.2,6.2,0,3.06051
21.2,6.3,0,3.0857
21.2,6.4,0,3.04472
21.2,6.5,0,2.94022
21.2,6.6,0,2.92337
21.2,6.7,0,2.85943
21.2,6.8,0,2.7504
21.2,6.9,0,2.68446
21.2,7,0,2.59944
21.2,7.1,0,2.4966
21.2,7.2,0,2.37869
21.2,7.3,0,2.28074
21.2,7.4,0,2.20219
21.2,7.5,0,2.03983
21.2,7.6,0,1.94578
21.2,7.7,0,1.91615
21.2,7.8,0,1.73535
21.2,7.9,0,1.66683
21.2,8,0,1.70431
21.2,8.1,0,1.50878
21.2,8.2,0,1.54966
21.2,8.3,0,1.47429
21.2,8.4,0,1.43349
21.2,8.5,0,1.45419
21.2,8.6,0,1.34338
21.2,8.7,0,1.41905
21.2,8.8,0,1.31045
21.2,8.9,0,1.32721
21.2,9,0,1.28862
21.2,9.1,0,1.24431
21.2,9.2,0,1.24841
21.2,9.3,0,1.17045
21.2,9.4,0,1.18284
21.2,9.5,0,1.11827
21.2,9.6,0,1.09648
21.2,9.7,0,1.06195
21.2,9.8,0,1.0176
21.2,9.9,0,0.997597
21.2,10,0,0.944717
21.2,10.1,0,0.923124
21.2,10.2,0,0.879157
21.2,10.3,0,0.844921
21.2,10.4,0,0.809252
21.2,10.5,0,0.768978
21.2,10.6,0,0.737693
21.2,10.7,0,0.692317
21.2,10.8,0,0.665652
21.2,10.9,0,0.623126
21.2,11,0,0.592936
21.2,11.1,0,0.560619
21.2,11.2,0,0.521899
21.2,11.3,0,0.500761
21.2,11.4,0,0.452347
21.2,11.5,0,0.432148
21.2,11.6,0,0.385382
21.2,11.7,0,0.352199
21.2,11.8,0,0.315555
21.2,11.9,0,0.260387
21.2,12,0,0.245153
21.2,12.1,0,0.180045
21.2,12.2,0,0.156554
21.2,12.3,0,0.118119
21.2,12.4,0,0.0834855
21.2,12.5,0,0.0610347
21.2,12.6,0,0.0335263
21.2,12.7,0,0
21.3,0,0,0
21.3,0.1,0,0.0192033
21.3,0.2,0,0.0702457
21.3,0.3,0,0.130078
21.3,0.4,0,0.188064
21.3,0.5,0,0.243875
21.3,0.6,0,0.321756
21.3,0.7,0,0.364302
21.3,0.8,0,0.415773
21.3,0.9,0,0.472194
21.3,1,0,0.489098
21.3,1.1,0,0.547726
21.3,1.2,0,0.57028
21.3,1.3,0,0.601395
21.3,1.4,0,0.639911
21.3,1.5,0,0.651834
21.3,1.6,0,0.693885
21.3,1.7,0,0.71653
21.3,1.8,0,0.746312
21.3,1.9,0,0.784369
21.3,2,0,0.81532
21.3,2.1,0,0.86634
21.3,2.2,0,0.912046
21.3,2.3,0,0.967261
21.3,2.4,0,1.02893
21.3,2.5,0,1.0814
21.3,2.6,0,1.15872
21.3,2.7,0,1.21698
21.3,2.8,0,1.28439
21.3,2.9,0,1.3563
21.3,3,0,1.4085
21.3,3.1,0,1.48703
21.3,3.2,0,1.54336
21.3,3.3,0,1.60595
21.3,3.4,0,1.67379
21.3,3.5,0,1.7267
21.3,3.6,0,1.79968
21.3,3.7,0,1.85952
21.3,3.8,0,1.92506
21.3,3.9,0,1.99742
21.3,4,0,2.05689
21.3,4.1,0,2.1402
21.3,4.2,0,2.20738
21.3,4.3,0,2.28313
21.3,4.4,0,2.3683
21.3,4.5,0,2.42566
21.3,4.6,0,2.52926
21.3,4.7,0,2.59118
21.3,4.8,0,2.67012
21.3,4.9,0,2.76368
21.3,5,0,2.79554
21.3,5.1,0,2.89825
21.3,5.2,0,2.95312
21.3,5.3,0,2.95703
21.3,5.4,0,3.0587
21.3,5.5,0,3.09624
21.3,5.6,0,3.06619
21.3,5.7,0,3.15222
21.3,5.8,0,3.1656
21.3,5.9,0,3.10277
21.3,6,0,3.16269
21.3,6.1,0,3.15031
21.3,6.2,0,3.06147
21.3,6.3,0,3.08665
21.3,6.4,0,3.0492
21.3,6.5,0,2.94469
21.3,6.6,0,2.92784
21.3,6.7,0,2.86656
21.3,6.8,0,2.75753
21.3,6.9,0,2.69159
21.3,7,0,2.60824
21.3,7.1,0,2.5054
21.3,7.2,0,2.3875
21.3,7.3,0,2.28879
21.3,7.4,0,2.21024
21.3,7.5,0,2.04788
21.3,7.6,0,1.94865
21.3,7.7,0,1.91902
21.3,7.8,0,1.73822
21.3,7.9,0,1.6613
21.3,8,0,1.69878
21.3,8.1,0,1.50511
21.3,8.2,0,1.53582
21.3,8.3,0,1.46046
21.3,8.4,0,1.41328
21.3,8.5,0,1.43398
21.3,8.6,0,1.32694
21.3,8.7,0,1.39531
21.3,8.8,0,1.28671
21.3,8.9,0,1.3029
21.3,9,0,1.26432
21.3,9.1,0,1.22153
21.3,9.2,0,1.22564
21.3,9.3,0,1.15376
21.3,9.4,0,1.16307
21.3,9.5,0,1.0985
21.3,9.6,0,1.08006
21.3,9.7,0,1.04554
21.3,9.8,0,1.00417
21.3,9.9,0,0.984168
21.3,10,0,0.934269
21.3,10.1,0,0.912532
21.3,10.2,0,0.868566
21.3,10.3,0,0.8367
21.3,10.4,0,0.801031
21.3,10.5,0,0.762024
21.3,10.6,0,0.730739
21.3,10.7,0,0.686223
21.3,10.8,0,0.658838
21.3,10.9,0,0.616313
21.3,11,0,0.585605
21.3,11.1,0,0.553287
21.3,11.2,0,0.514176
21.3,11.3,0,0.493038
21.3,11.4,0,0.445887
21.3,11.5,0,0.424639
21.3,11.6,0,0.377873
21.3,11.7,0,0.344703
21.3,11.8,0,0.30806
21.3,11.9,0,0.252201
21.3,12,0,0.236967
21.3,12.1,0,0.173261
21.3,12.2,0,0.147264
21.3,12.3,0,0.108829
21.3,12.4,0,0.0754506
21.3,12.5,0,0.0529998
21.3,12.6,0,0.0332545
21.3,12.7,0,0
21.4,0,0,0
21.4,0.1,0,0.0251814
21.4,0.2,0,0.0707544
21.4,0.3,0,0.130586
21.4,0.4,0,0.188405
21.4,0.5,0,0.244718
21.4,0.6,0,0.315752
21.4,0.7,0,0.3639
21.4,0.8,0,0.41537
21.4,0.9,0,0.463293
21.4,1,0,0.486846
21.4,1.1,0,0.538133
21.4,1.2,0,0.565625
21.4,1.3,0,0.596741
21.4,1.4,0,0.628477
21.4,1.5,0,0.644396
21.4,1.6,0,0.682175
21.4,1.7,0,0.706762
21.4,1.8,0,0.736544
21.4,1.9,0,0.772461
21.4,2,0,0.804331
21.4,2.1,0,0.854134
21.4,2.2,0,0.900266
21.4,2.3,0,0.955481
21.4,2.4,0,1.01455
21.4,2.5,0,1.06829
21.4,2.6,0,1.14141
21.4,2.7,0,1.20155
21.4,2.8,0,1.26895
21.4,2.9,0,1.3352
21.4,3,0,1.39008
21.4,3.1,0,1.46371
21.4,3.2,0,1.52223
21.4,3.3,0,1.58482
21.4,3.4,0,1.64894
21.4,3.5,0,1.70413
21.4,3.6,0,1.7747
21.4,3.7,0,1.83689
21.4,3.8,0,1.90244
21.4,3.9,0,1.97333
21.4,4,0,2.03556
21.4,4.1,0,2.11674
21.4,4.2,0,2.1887
21.4,4.3,0,2.26444
21.4,4.4,0,2.34664
21.4,4.5,0,2.41004
21.4,4.6,0,2.50686
21.4,4.7,0,2.57829
21.4,4.8,0,2.65723
21.4,4.9,0,2.74116
21.4,5,0,2.78504
21.4,5.1,0,2.8818
21.4,5.2,0,2.93834
21.4,5.3,0,2.94904
21.4,5.4,0,3.04268
21.4,5.5,0,3.08205
21.4,5.6,0,3.06096
21.4,5.7,0,3.13786
21.4,5.8,0,3.15313
21.4,5.9,0,3.10038
21.4,6,0,3.15125
21.4,6.1,0,3.14111
21.4,6.2,0,3.06242
21.4,6.3,0,3.07983
21.4,6.4,0,3.04472
21.4,6.5,0,2.94917
21.4,6.6,0,2.92682
21.4,6.7,0,2.8673
21.4,6.8,0,2.76466
21.4,6.9,0,2.69661
21.4,7,0,2.61438
21.4,7.1,0,2.51421
21.4,7.2,0,2.39871
21.4,7.3,0,2.29951
21.4,7.4,0,2.21829
21.4,7.5,0,2.06363
21.4,7.6,0,1.96094
21.4,7.7,0,1.92189
21.4,7.8,0,1.75377
21.4,7.9,0,1.67126
21.4,8,0,1.69325
21.4,8.1,0,1.5383
21.4,8.2,0,1.52199
21.4,8.3,0,1.44662
21.4,8.4,0,1.39549
21.4,8.5,0,1.41377
21.4,8.6,0,1.33751
21.4,8.7,0,1.37158
21.4,8.8,0,1.28602
21.4,8.9,0,1.2786
21.4,9,0,1.24001
21.4,9.1,0,1.20319
21.4,9.2,0,1.20286
21.4,9.3,0,1.14781
21.4,9.4,0,1.1433
21.4,9.5,0,1.08786
21.4,9.6,0,1.06364
21.4,9.7,0,1.02912
21.4,9.8,0,0.993167
21.4,9.9,0,0.970738
21.4,10,0,0.92757
21.4,10.1,0,0.901941
21.4,10.2,0,0.860483
21.4,10.3,0,0.828479
21.4,10.4,0,0.79281
21.4,10.5,0,0.756107
21.4,10.6,0,0.723785
21.4,10.7,0,0.682541
21.4,10.8,0,0.652024
21.4,10.9,0,0.610951
21.4,11,0,0.578273
21.4,11.1,0,0.545955
21.4,11.2,0,0.509721
21.4,11.3,0,0.485315
21.4,11.4,0,0.443107
21.4,11.5,0,0.417129
21.4,11.6,0,0.371748
21.4,11.7,0,0.337207
21.4,11.8,0,0.300564
21.4,11.9,0,0.251716
21.4,12,0,0.228781
21.4,12.1,0,0.171662
21.4,12.2,0,0.137974
21.4,12.3,0,0.0997959
21.4,12.4,0,0.0674157
21.4,12.5,0,0.0449649
21.4,12.6,0,0.0275774
21.4,12.7,0,0
21.5,0,0,0
21.5,0.1,0,0.0322145
21.5,0.2,0,0.0732204
21.5,0.3,0,0.131018
21.5,0.4,0,0.188658
21.5,0.5,0,0.245561
21.5,0.6,0,0.308541
21.5,0.7,0,0.361455
21.5,0.8,0,0.412066
21.5,0.9,0,0.453219
21.5,1,0,0.484594
21.5,1.1,0,0.527245
21.5,1.2,0,0.559101
21.5,1.3,0,0.589841
21.5,1.4,0,0.616338
21.5,1.5,0,0.636958
21.5,1.6,0,0.669713
21.5,1.7,0,0.696186
21.5,1.8,0,0.726085
21.5,1.9,0,0.76039
21.5,2,0,0.793342
21.5,2.1,0,0.841713
21.5,2.2,0,0.888294
21.5,2.3,0,0.942856
21.5,2.4,0,0.999955
21.5,2.5,0,1.05519
21.5,2.6,0,1.12335
21.5,2.7,0,1.18533
21.5,2.8,0,1.25168
21.5,2.9,0,1.31363
21.5,3,0,1.37165
21.5,3.1,0,1.43952
21.5,3.2,0,1.50019
21.5,3.3,0,1.56246
21.5,3.4,0,1.62369
21.5,3.5,0,1.68157
21.5,3.6,0,1.74928
21.5,3.7,0,1.81343
21.5,3.8,0,1.87922
21.5,3.9,0,1.94875
21.5,4,0,2.01423
21.5,4.1,0,2.09291
21.5,4.2,0,2.16847
21.5,4.3,0,2.24455
21.5,4.4,0,2.32392
21.5,4.5,0,2.39441
21.5,4.6,0,2.48328
21.5,4.7,0,2.56218
21.5,4.8,0,2.64081
21.5,4.9,0,2.71652
21.5,5,0,2.77455
21.5,5.1,0,2.85343
21.5,5.2,0,2.90998
21.5,5.3,0,2.94105
21.5,5.4,0,3.01057
21.5,5.5,0,3.04994
21.5,5.6,0,3.05572
21.5,5.7,0,3.10523
21.5,5.8,0,3.1205
21.5,5.9,0,3.09798
21.5,6,0,3.12174
21.5,6.1,0,3.1116
21.5,6.2,0,3.06338
21.5,6.3,0,3.05744
21.5,6.4,0,3.02233
21.5,6.5,0,2.95365
21.5,6.6,0,2.91478
21.5,6.7,0,2.85526
21.5,6.8,0,2.77178
21.5,6.9,0,2.69744
21.5,7,0,2.61521
21.5,7.1,0,2.52301
21.5,7.2,0,2.41475
21.5,7.3,0,2.31555
21.5,7.4,0,2.22634
21.5,7.5,0,2.09478
21.5,7.6,0,1.99209
21.5,7.7,0,1.92476
21.5,7.8,0,1.79469
21.5,7.9,0,1.71218
21.5,8,0,1.68772
21.5,8.1,0,1.57149
21.5,8.2,0,1.50815
21.5,8.3,0,1.46409
21.5,8.4,0,1.41668
21.5,8.5,0,1.39356
21.5,8.6,0,1.34808
21.5,8.7,0,1.34784
21.5,8.8,0,1.28838
21.5,8.9,0,1.25613
21.5,9,0,1.23126
21.5,9.1,0,1.20023
21.5,9.2,0,1.18009
21.5,9.3,0,1.14187
21.5,9.4,0,1.12353
21.5,9.5,0,1.08082
21.5,9.6,0,1.04941
21.5,9.7,0,1.0179
21.5,9.8,0,0.985978
21.5,9.9,0,0.957308
21.5,10,0,0.920871
21.5,10.1,0,0.891349
21.5,10.2,0,0.854427
21.5,10.3,0,0.821122
21.5,10.4,0,0.785842
21.5,10.5,0,0.751026
21.5,10.6,0,0.716831
21.5,10.7,0,0.67886
21.5,10.8,0,0.64521
21.5,10.9,0,0.607876
21.5,11,0,0.573341
21.5,11.1,0,0.539597
21.5,11.2,0,0.506549
21.5,11.3,0,0.477593
21.5,11.4,0,0.440327
21.5,11.5,0,0.40962
21.5,11.6,0,0.370433
21.5,11.7,0,0.334216
21.5,11.8,0,0.293624
21.5,11.9,0,0.252251
21.5,12,0,0.220595
21.5,12.1,0,0.170063
21.5,12.2,0,0.128684
21.5,12.3,0,0.094894
21.5,12.4,0,0.0621804
21.5,12.5,0,0.03693
21.5,12.6,0,0.0219003
21.5,12.7,0,0
21.6,0,0,0
21.6,0.1,0,0.0392476
21.6,0.2,0,0.0802535
21.6,0.3,0,0.131271
21.6,0.4,0,0.188911
21.6,0.5,0,0.246403
21.6,0.6,0,0.30133
21.6,0.7,0,0.354243
21.6,0.8,0,0.401992
21.6,0.9,0,0.443145
21.6,1,0,0.482342
21.6,1.1,0,0.516357
21.6,1.2,0,0.548213
21.6,1.3,0,0.577702
21.6,1.4,0,0.604199
21.6,1.5,0,0.62952
21.6,1.6,0,0.65725
21.6,1.7,0,0.683723
21.6,1.8,0,0.714014
21.6,1.9,0,0.748319
21.6,2,0,0.782353
21.6,2.1,0,0.829292
21.6,2.2,0,0.875873
21.6,2.3,0,0.928258
21.6,2.4,0,0.985356
21.6,2.5,0,1.04208
21.6,2.6,0,1.1053
21.6,2.7,0,1.16727
21.6,2.8,0,1.23011
21.6,2.9,0,1.29206
21.6,3,0,1.35323
21.6,3.1,0,1.41533
21.6,3.2,0,1.476
21.6,3.3,0,1.53721
21.6,3.4,0,1.59844
21.6,3.5,0,1.65901
21.6,3.6,0,1.72387
21.6,3.7,0,1.78802
21.6,3.8,0,1.85465
21.6,3.9,0,1.92417
21.6,4,0,1.99289
21.6,4.1,0,2.06907
21.6,4.2,0,2.14463
21.6,4.3,0,2.22182
21.6,4.4,0,2.30119
21.6,4.5,0,2.37879
21.6,4.6,0,2.45969
21.6,4.7,0,2.5386
21.6,4.8,0,2.61617
21.6,4.9,0,2.69188
21.6,5,0,2.76405
21.6,5.1,0,2.82507
21.6,5.2,0,2.88162
21.6,5.3,0,2.93307
21.6,5.4,0,2.97847
21.6,5.5,0,3.01784
21.6,5.6,0,3.05049
21.6,5.7,0,3.07261
21.6,5.8,0,3.08788
21.6,5.9,0,3.09559
21.6,6,0,3.09223
21.6,6.1,0,3.08209
21.6,6.2,0,3.06433
21.6,6.3,0,3.03506
21.6,6.4,0,2.99995
21.6,6.5,0,2.95813
21.6,6.6,0,2.90274
21.6,6.7,0,2.84322
21.6,6.8,0,2.77891
21.6,6.9,0,2.69826
21.6,7,0,2.61603
21.6,7.1,0,2.53181
21.6,7.2,0,2.4308
21.6,7.3,0,2.33159
21.6,7.4,0,2.23439
21.6,7.5,0,2.12593
21.6,7.6,0,2.02324
21.6,7.7,0,1.92763
21.6,7.8,0,1.8356
21.6,7.9,0,1.75309
21.6,8,0,1.68219
21.6,8.1,0,1.60468
21.6,8.2,0,1.53684
21.6,8.3,0,1.48528
21.6,8.4,0,1.43787
21.6,8.5,0,1.3961
21.6,8.6,0,1.35864
21.6,8.7,0,1.3241
21.6,8.8,0,1.29073
21.6,8.9,0,1.25849
21.6,9,0,1.22831
21.6,9.1,0,1.19727
21.6,9.2,0,1.16698
21.6,9.3,0,1.13592
21.6,9.4,0,1.10486
21.6,9.5,0,1.07377
21.6,9.6,0,1.04237
21.6,9.7,0,1.01071
21.6,9.8,0,0.978789
21.6,9.9,0,0.946635
21.6,10,0,0.914173
21.6,10.1,0,0.88171
21.6,10.2,0,0.848371
21.6,10.3,0,0.815066
21.6,10.4,0,0.780762
21.6,10.5,0,0.745946
21.6,10.6,0,0.710678
21.6,10.7,0,0.675179
21.6,10.8,0,0.639679
21.6,10.9,0,0.604801
21.6,11,0,0.570266
21.6,11.1,0,0.536425
21.6,11.2,0,0.503377
21.6,11.3,0,0.470265
21.6,11.4,0,0.437546
21.6,11.5,0,0.404828
21.6,11.6,0,0.369119
21.6,11.7,0,0.332901
21.6,11.8,0,0.294159
21.6,11.9,0,0.252787
21.6,12,0,0.212409
21.6,12.1,0,0.168464
21.6,12.2,0,0.125081
21.6,12.3,0,0.089992
21.6,12.4,0,0.0572785
21.6,12.5,0,0.0310271
21.6,12.6,0,0.0162232
21.6,12.7,0,0
21.7,0,0,0
21.7,0.1,0,0.0387637
21.7,0.2,0,0.0797696
21.7,0.3,0,0.130993
21.7,0.4,0,0.188632
21.7,0.5,0,0.243041
21.7,0.6,0,0.296937
21.7,0.7,0,0.349851
21.7,0.8,0,0.39479
21.7,0.9,0,0.435943
21.7,1,0,0.473733
21.7,1.1,0,0.507095
21.7,1.2,0,0.538951
21.7,1.3,0,0.56653
21.7,1.4,0,0.593027
21.7,1.5,0,0.619418
21.7,1.6,0,0.643831
21.7,1.7,0,0.670304
21.7,1.8,0,0.69911
21.7,1.9,0,0.733414
21.7,2,0,0.771498
21.7,2.1,0,0.813765
21.7,2.2,0,0.860346
21.7,2.3,0,0.911677
21.7,2.4,0,0.968776
21.7,2.5,0,1.02589
21.7,2.6,0,1.08686
21.7,2.7,0,1.14884
21.7,2.8,0,1.20894
21.7,2.9,0,1.27089
21.7,3,0,1.32801
21.7,3.1,0,1.39137
21.7,3.2,0,1.45204
21.7,3.3,0,1.51146
21.7,3.4,0,1.57269
21.7,3.5,0,1.62851
21.7,3.6,0,1.69755
21.7,3.7,0,1.76169
21.7,3.8,0,1.82837
21.7,3.9,0,1.8979
21.7,4,0,1.96219
21.7,4.1,0,2.04402
21.7,4.2,0,2.11958
21.7,4.3,0,2.19847
21.7,4.4,0,2.27785
21.7,4.5,0,2.35124
21.7,4.6,0,2.43695
21.7,4.7,0,2.51586
21.7,4.8,0,2.59223
21.7,4.9,0,2.66794
21.7,5,0,2.73843
21.7,5.1,0,2.8001
21.7,5.2,0,2.85665
21.7,5.3,0,2.9083
21.7,5.4,0,2.95294
21.7,5.5,0,2.99231
21.7,5.6,0,3.02703
21.7,5.7,0,3.0474
21.7,5.8,0,3.06267
21.7,5.9,0,3.07432
21.7,6,0,3.07005
21.7,6.1,0,3.05991
21.7,6.2,0,3.04653
21.7,6.3,0,3.01983
21.7,6.4,0,2.98472
21.7,6.5,0,2.94485
21.7,6.6,0,2.89771
21.7,6.7,0,2.83819
21.7,6.8,0,2.77072
21.7,6.9,0,2.70526
21.7,7,0,2.62303
21.7,7.1,0,2.5288
21.7,7.2,0,2.45052
21.7,7.3,0,2.35132
21.7,7.4,0,2.23546
21.7,7.5,0,2.15542
21.7,7.6,0,2.05273
21.7,7.7,0,1.93012
21.7,7.8,0,1.86647
21.7,7.9,0,1.78396
21.7,8,0,1.68264
21.7,8.1,0,1.63126
21.7,8.2,0,1.56342
21.7,8.3,0,1.50379
21.7,8.4,0,1.45638
21.7,8.5,0,1.40482
21.7,8.6,0,1.36737
21.7,8.7,0,1.32084
21.7,8.8,0,1.29256
21.7,8.9,0,1.26032
21.7,9,0,1.22533
21.7,9.1,0,1.1943
21.7,9.2,0,1.16107
21.7,9.3,0,1.13001
21.7,9.4,0,1.09721
21.7,9.5,0,1.06684
21.7,9.6,0,1.03544
21.7,9.7,0,1.00364
21.7,9.8,0,0.971715
21.7,9.9,0,0.939836
21.7,10,0,0.907604
21.7,10.1,0,0.874677
21.7,10.2,0,0.842569
21.7,10.3,0,0.809264
21.7,10.4,0,0.776115
21.7,10.5,0,0.741299
21.7,10.6,0,0.706085
21.7,10.7,0,0.671375
21.7,10.8,0,0.635673
21.7,10.9,0,0.601409
21.7,11,0,0.566875
21.7,11.1,0,0.532894
21.7,11.2,0,0.499846
21.7,11.3,0,0.466999
21.7,11.4,0,0.434976
21.7,11.5,0,0.402257
21.7,11.6,0,0.369186
21.7,11.7,0,0.332968
21.7,11.8,0,0.295658
21.7,11.9,0,0.254286
21.7,12,0,0.211653
21.7,12.1,0,0.166818
21.7,12.2,0,0.123434
21.7,12.3,0,0.0802849
21.7,12.4,0,0.0475714
21.7,12.5,0,0.0220091
21.7,12.6,0,0.00720521
21.7,12.7,0,0
21.8,0,0,0
21.8,0.1,0,0.0357742
21.8,0.2,0,0.0772746
21.8,0.3,0,0.130525
21.8,0.4,0,0.188176
21.8,0.5,0,0.238277
21.8,0.6,0,0.293484
21.8,0.7,0,0.345338
21.8,0.8,0,0.388044
21.8,0.9,0,0.429698
21.8,1,0,0.463006
21.8,1.1,0,0.498374
21.8,1.2,0,0.529737
21.8,1.3,0,0.555613
21.8,1.4,0,0.582177
21.8,1.5,0,0.608429
21.8,1.6,0,0.630094
21.8,1.7,0,0.657217
21.8,1.8,0,0.684333
21.8,1.9,0,0.717565
21.8,2,0,0.760689
21.8,2.1,0,0.797201
21.8,2.2,0,0.844493
21.8,2.3,0,0.895282
21.8,2.4,0,0.951534
21.8,2.5,0,1.00868
21.8,2.6,0,1.0683
21.8,2.7,0,1.12949
21.8,2.8,0,1.1876
21.8,2.9,0,1.24984
21.8,3,0,1.30054
21.8,3.1,0,1.36749
21.8,3.2,0,1.42673
21.8,3.3,0,1.48452
21.8,3.4,0,1.54678
21.8,3.5,0,1.59536
21.8,3.6,0,1.67092
21.8,3.7,0,1.73359
21.8,3.8,0,1.8001
21.8,3.9,0,1.87106
21.8,4,0,1.92837
21.8,4.1,0,2.01855
21.8,4.2,0,2.09265
21.8,4.3,0,2.17308
21.8,4.4,0,2.25429
21.8,4.5,0,2.3197
21.8,4.6,0,2.41449
21.8,4.7,0,2.49171
21.8,4.8,0,2.56708
21.8,4.9,0,2.64423
21.8,5,0,2.70777
21.8,5.1,0,2.77627
21.8,5.2,0,2.83282
21.8,5.3,0,2.87794
21.8,5.4,0,2.9296
21.8,5.5,0,2.96897
21.8,5.6,0,2.99749
21.8,5.7,0,3.02467
21.8,5.8,0,3.03994
21.8,5.9,0,3.04676
21.8,6,0,3.05033
21.8,6.1,0,3.04018
21.8,6.2,0,3.02249
21.8,6.3,0,3.007
21.8,6.4,0,2.97189
21.8,6.5,0,2.92567
21.8,6.6,0,2.89502
21.8,6.7,0,2.83551
21.8,6.8,0,2.75743
21.8,6.9,0,2.71432
21.8,7,0,2.63209
21.8,7.1,0,2.52184
21.8,7.2,0,2.47147
21.8,7.3,0,2.37227
21.8,7.4,0,2.2342
21.8,7.5,0,2.18435
21.8,7.6,0,2.08167
21.8,7.7,0,1.93249
21.8,7.8,0,1.89398
21.8,7.9,0,1.81147
21.8,8,0,1.68507
21.8,8.1,0,1.65564
21.8,8.2,0,1.57294
21.8,8.3,0,1.5214
21.8,8.4,0,1.47399
21.8,8.5,0,1.40348
21.8,8.6,0,1.37548
21.8,8.7,0,1.31346
21.8,8.8,0,1.29421
21.8,8.9,0,1.25728
21.8,9,0,1.22234
21.8,9.1,0,1.19131
21.8,9.2,0,1.15136
21.8,9.3,0,1.12411
21.8,9.4,0,1.08718
21.8,9.5,0,1.05996
21.8,9.6,0,1.02782
21.8,9.7,0,0.996603
21.8,9.8,0,0.96468
21.8,9.9,0,0.930768
21.8,10,0,0.901078
21.8,10.1,0,0.866331
21.8,10.2,0,0.836851
21.8,10.3,0,0.803352
21.8,10.4,0,0.771296
21.8,10.5,0,0.736797
21.8,10.6,0,0.699148
21.8,10.7,0,0.667531
21.8,10.8,0,0.629582
21.8,10.9,0,0.597912
21.8,11,0,0.563378
21.8,11.1,0,0.528855
21.8,11.2,0,0.496195
21.8,11.3,0,0.462844
21.8,11.4,0,0.432475
21.8,11.5,0,0.399152
21.8,11.6,0,0.369713
21.8,11.7,0,0.333496
21.8,11.8,0,0.296093
21.8,11.9,0,0.256106
21.8,12,0,0.212472
21.8,12.1,0,0.165155
21.8,12.2,0,0.124345
21.8,12.3,0,0.0689761
21.8,12.4,0,0.0362626
21.8,12.5,0,0.0182744
21.8,12.6,0,-0.00292641
21.8,12.7,0,0
21.9,0,0,0
21.9,0.1,0,0.0327847
21.9,0.2,0,0.0767575
21.9,0.3,0,0.130008
21.9,0.4,0,0.187721
21.9,0.5,0,0.233513
21.9,0.6,0,0.290031
21.9,0.7,0,0.336586
21.9,0.8,0,0.379292
21.9,0.9,0,0.423453
21.9,1,0,0.452278
21.9,1.1,0,0.489654
21.9,1.2,0,0.518551
21.9,1.3,0,0.544426
21.9,1.4,0,0.571327
21.9,1.5,0,0.597439
21.9,1.6,0,0.616356
21.9,1.7,0,0.646732
21.9,1.8,0,0.673848
21.9,1.9,0,0.701716
21.9,2,0,0.749879
21.9,2.1,0,0.780638
21.9,2.2,0,0.831483
21.9,2.3,0,0.882272
21.9,2.4,0,0.934293
21.9,2.5,0,0.991459
21.9,2.6,0,1.04974
21.9,2.7,0,1.10697
21.9,2.8,0,1.16508
21.9,2.9,0,1.22879
21.9,3,0,1.27306
21.9,3.1,0,1.34361
21.9,3.2,0,1.39568
21.9,3.3,0,1.45347
21.9,3.4,0,1.52086
21.9,3.5,0,1.56222
21.9,3.6,0,1.6443
21.9,3.7,0,1.69957
21.9,3.8,0,1.76608
21.9,3.9,0,1.84422
21.9,4,0,1.89455
21.9,4.1,0,1.99309
21.9,4.2,0,2.05991
21.9,4.3,0,2.14033
21.9,4.4,0,2.23073
21.9,4.5,0,2.28817
21.9,4.6,0,2.39204
21.9,4.7,0,2.46083
21.9,4.8,0,2.53619
21.9,4.9,0,2.62052
21.9,5,0,2.67711
21.9,5.1,0,2.7513
21.9,5.2,0,2.8079
21.9,5.3,0,2.84758
21.9,5.4,0,2.9051
21.9,5.5,0,2.9446
21.9,5.6,0,2.96795
21.9,5.7,0,3.0008
21.9,5.8,0,3.0164
21.9,5.9,0,3.01921
21.9,6,0,3.02929
21.9,6.1,0,3.01974
21.9,6.2,0,2.99844
21.9,6.3,0,2.99229
21.9,6.4,0,2.95799
21.9,6.5,0,2.90648
21.9,6.6,0,2.88958
21.9,6.7,0,2.83105
21.9,6.8,0,2.74413
21.9,6.9,0,2.71965
21.9,7,0,2.63848
21.9,7.1,0,2.51489
21.9,7.2,0,2.48777
21.9,7.3,0,2.38952
21.9,7.4,0,2.23294
21.9,7.5,0,2.20826
21.9,7.6,0,2.10618
21.9,7.7,0,1.93486
21.9,7.8,0,1.9173
21.9,7.9,0,1.8348
21.9,8,0,1.6875
21.9,8.1,0,1.68002
21.9,8.2,0,1.57239
21.9,8.3,0,1.528
21.9,8.4,0,1.48192
21.9,8.5,0,1.39915
21.9,8.6,0,1.38358
21.9,8.7,0,1.30608
21.9,8.8,0,1.29587
21.9,8.9,0,1.24803
21.9,9,0,1.21453
21.9,9.1,0,1.18638
21.9,9.2,0,1.14133
21.9,9.3,0,1.11822
21.9,9.4,0,1.07714
21.9,9.5,0,1.05307
21.9,9.6,0,1.01816
21.9,9.7,0,0.987112
21.9,9.8,0,0.957417
21.9,9.9,0,0.9217
21.9,10,0,0.894552
21.9,10.1,0,0.857985
21.9,10.2,0,0.831134
21.9,10.3,0,0.795717
21.9,10.4,0,0.76366
21.9,10.5,0,0.732294
21.9,10.6,0,0.692212
21.9,10.7,0,0.663686
21.9,10.8,0,0.623491
21.9,10.9,0,0.594125
21.9,11,0,0.558374
21.9,11.1,0,0.523749
21.9,11.2,0,0.492544
21.9,11.3,0,0.45869
21.9,11.4,0,0.429974
21.9,11.5,0,0.395998
21.9,11.6,0,0.369223
21.9,11.7,0,0.33254
21.9,11.8,0,0.294697
21.9,11.9,0,0.257925
21.9,12,0,0.213292
21.9,12.1,0,0.163492
21.9,12.2,0,0.126067
21.9,12.3,0,0.0634201
21.9,12.4,0,0.0321788
21.9,12.5,0,0.0188805
21.9,12.6,0,-0.013058
21.9,12.7,0,0
22,0,0,0
22,0.1,0,0.0317383
22,0.2,0,0.0762405
22,0.3,0,0.129491
22,0.4,0,0.184465
22,0.5,0,0.228749
22,0.6,0,0.285725
22,0.7,0,0.327834
22,0.8,0,0.370541
22,0.9,0,0.414295
22,1,0,0.441551
22,1.1,0,0.479629
22,1.2,0,0.507364
22,1.3,0,0.53324
22,1.4,0,0.560386
22,1.5,0,0.586449
22,1.6,0,0.604405
22,1.7,0,0.636246
22,1.8,0,0.663362
22,1.9,0,0.689143
22,2,0,0.739069
22,2.1,0,0.767815
22,2.2,0,0.818473
22,2.3,0,0.869262
22,2.4,0,0.917068
22,2.5,0,0.974242
22,2.6,0,1.03206
22,2.7,0,1.08445
22,2.8,0,1.14255
22,2.9,0,1.20357
22,3,0,1.24559
22,3.1,0,1.31739
22,3.2,0,1.36464
22,3.3,0,1.42243
22,3.4,0,1.49024
22,3.5,0,1.52908
22,3.6,0,1.61343
22,3.7,0,1.66555
22,3.8,0,1.73206
22,3.9,0,1.81285
22,4,0,1.86073
22,4.1,0,1.96219
22,4.2,0,2.02716
22,4.3,0,2.10758
22,4.4,0,2.20199
22,4.5,0,2.25664
22,4.6,0,2.36368
22,4.7,0,2.42994
22,4.8,0,2.50531
22,4.9,0,2.59229
22,5,0,2.64644
22,5.1,0,2.72064
22,5.2,0,2.77754
22,5.3,0,2.81722
22,5.4,0,2.87474
22,5.5,0,2.91507
22,5.6,0,2.93842
22,5.7,0,2.97126
22,5.8,0,2.98884
22,5.9,0,2.99165
22,6,0,3.00173
22,6.1,0,2.99569
22,6.2,0,2.97439
22,6.3,0,2.96824
22,6.4,0,2.9388
22,6.5,0,2.88729
22,6.6,0,2.8704
22,6.7,0,2.81775
22,6.8,0,2.73083
22,6.9,0,2.70635
22,7,0,2.63152
22,7.1,0,2.50794
22,7.2,0,2.48082
22,7.3,0,2.38826
22,7.4,0,2.23168
22,7.5,0,2.207
22,7.6,0,2.10855
22,7.7,0,1.93723
22,7.8,0,1.91967
22,7.9,0,1.83723
22,8,0,1.68993
22,8.1,0,1.69447
22,8.2,0,1.57183
22,8.3,0,1.52744
22,8.4,0,1.4776
22,8.5,0,1.39483
22,8.6,0,1.38724
22,8.7,0,1.2987
22,8.8,0,1.29194
22,8.9,0,1.23878
22,9,0,1.20528
22,9.1,0,1.17636
22,9.2,0,1.1313
22,9.3,0,1.11181
22,9.4,0,1.0671
22,9.5,0,1.04372
22,9.6,0,1.0085
22,9.7,0,0.977454
22,9.8,0,0.948349
22,9.9,0,0.912632
22,10,0,0.888026
22,10.1,0,0.849639
22,10.2,0,0.822927
22,10.3,0,0.788081
22,10.4,0,0.756024
22,10.5,0,0.725487
22,10.6,0,0.685275
22,10.7,0,0.659842
22,10.8,0,0.6174
22,10.9,0,0.588034
22,11,0,0.553267
22,11.1,0,0.518642
22,11.2,0,0.488499
22,11.3,0,0.454535
22,11.4,0,0.427271
22,11.5,0,0.392844
22,11.6,0,0.366068
22,11.7,0,0.331145
22,11.8,0,0.293302
22,11.9,0,0.259127
22,12,0,0.214111
22,12.1,0,0.162542
22,12.2,0,0.127788
22,12.3,0,0.0651415
22,12.4,0,0.0327849
22,12.5,0,0.0194865
22,12.6,0,-0.0186089
22,12.7,0,0
22.1,0,0,0
22.1,0.1,0,0.0319856
22.1,0.2,0,0.0757234
22.1,0.3,0,0.128973
22.1,0.4,0,0.179695
22.1,0.5,0,0.223985
22.1,0.6,0,0.280432
22.1,0.7,0,0.319083
22.1,0.8,0,0.361789
22.1,0.9,0,0.403317
22.1,1,0,0.430824
22.1,1.1,0,0.468655
22.1,1.2,0,0.496177
22.1,1.3,0,0.522053
22.1,1.4,0,0.549363
22.1,1.5,0,0.57546
22.1,1.6,0,0.59374
22.1,1.7,0,0.625761
22.1,1.8,0,0.652877
22.1,1.9,0,0.678869
22.1,2,0,0.728259
22.1,2.1,0,0.75736
22.1,2.2,0,0.805463
22.1,2.3,0,0.856252
22.1,2.4,0,0.900274
22.1,2.5,0,0.957025
22.1,2.6,0,1.01445
22.1,2.7,0,1.06192
22.1,2.8,0,1.12003
22.1,2.9,0,1.17595
22.1,3,0,1.21811
22.1,3.1,0,1.2892
22.1,3.2,0,1.3336
22.1,3.3,0,1.39139
22.1,3.4,0,1.45659
22.1,3.5,0,1.49593
22.1,3.6,0,1.57955
22.1,3.7,0,1.63153
22.1,3.8,0,1.69804
22.1,3.9,0,1.77831
22.1,4,0,1.82692
22.1,4.1,0,1.92765
22.1,4.2,0,1.99441
22.1,4.3,0,2.07484
22.1,4.4,0,2.16954
22.1,4.5,0,2.22511
22.1,4.6,0,2.33131
22.1,4.7,0,2.39905
22.1,4.8,0,2.47442
22.1,4.9,0,2.56091
22.1,5,0,2.61578
22.1,5.1,0,2.68997
22.1,5.2,0,2.74717
22.1,5.3,0,2.78686
22.1,5.4,0,2.84437
22.1,5.5,0,2.88553
22.1,5.6,0,2.90888
22.1,5.7,0,2.94172
22.1,5.8,0,2.96128
22.1,5.9,0,2.96409
22.1,6,0,2.97417
22.1,6.1,0,2.97164
22.1,6.2,0,2.95035
22.1,6.3,0,2.9442
22.1,6.4,0,2.91962
22.1,6.5,0,2.8681
22.1,6.6,0,2.85121
22.1,6.7,0,2.80446
22.1,6.8,0,2.71754
22.1,6.9,0,2.69306
22.1,7,0,2.62457
22.1,7.1,0,2.50098
22.1,7.2,0,2.47386
22.1,7.3,0,2.387
22.1,7.4,0,2.23042
22.1,7.5,0,2.20574
22.1,7.6,0,2.11091
22.1,7.7,0,1.9396
22.1,7.8,0,1.92204
22.1,7.9,0,1.83967
22.1,8,0,1.69236
22.1,8.1,0,1.68948
22.1,8.2,0,1.57128
22.1,8.3,0,1.52688
22.1,8.4,0,1.47327
22.1,8.5,0,1.39051
22.1,8.6,0,1.37411
22.1,8.7,0,1.29132
22.1,8.8,0,1.28311
22.1,8.9,0,1.22953
22.1,9,0,1.19603
22.1,9.1,0,1.16633
22.1,9.2,0,1.12128
22.1,9.3,0,1.09918
22.1,9.4,0,1.05706
22.1,9.5,0,1.03368
22.1,9.6,0,0.998842
22.1,9.7,0,0.967795
22.1,9.8,0,0.939282
22.1,9.9,0,0.903564
22.1,10,0,0.877743
22.1,10.1,0,0.841293
22.1,10.2,0,0.814582
22.1,10.3,0,0.780445
22.1,10.4,0,0.748389
22.1,10.5,0,0.71855
22.1,10.6,0,0.678338
22.1,10.7,0,0.651256
22.1,10.8,0,0.611309
22.1,10.9,0,0.581943
22.1,11,0,0.548161
22.1,11.1,0,0.513536
22.1,11.2,0,0.484344
22.1,11.3,0,0.45038
22.1,11.4,0,0.422706
22.1,11.5,0,0.38969
22.1,11.6,0,0.362914
22.1,11.7,0,0.32975
22.1,11.8,0,0.291906
22.1,11.9,0,0.259519
22.1,12,0,0.21493
22.1,12.1,0,0.164927
22.1,12.2,0,0.129509
22.1,12.3,0,0.0668629
22.1,12.4,0,0.0333909
22.1,12.5,0,0.0200926
22.1,12.6,0,-0.0154104
22.1,12.7,0,0
22.2,0,0,0
22.2,0.1,0,0.034458
22.2,0.2,0,0.0752064
22.2,0.3,0,0.128456
22.2,0.4,0,0.174869
22.2,0.5,0,0.219221
22.2,0.6,0,0.270369
22.2,0.7,0,0.310331
22.2,0.8,0,0.353038
22.2,0.9,0,0.390083
22.2,1,0,0.420096
22.2,1.1,0,0.455462
22.2,1.2,0,0.484991
22.2,1.3,0,0.510866
22.2,1.4,0,0.538037
22.2,1.5,0,0.56447
22.2,1.6,0,0.586003
22.2,1.7,0,0.615275
22.2,1.8,0,0.642391
22.2,1.9,0,0.673423
22.2,2,0,0.717449
22.2,2.1,0,0.750104
22.2,2.2,0,0.792454
22.2,2.3,0,0.843242
22.2,2.4,0,0.887288
22.2,2.5,0,0.939808
22.2,2.6,0,0.993266
22.2,2.7,0,1.0394
22.2,2.8,0,1.09751
22.2,2.9,0,1.147
22.2,3,0,1.19064
22.2,3.1,0,1.25457
22.2,3.2,0,1.30255
22.2,3.3,0,1.36034
22.2,3.4,0,1.41832
22.2,3.5,0,1.46279
22.2,3.6,0,1.53901
22.2,3.7,0,1.59751
22.2,3.8,0,1.66402
22.2,3.9,0,1.73731
22.2,4,0,1.7931
22.2,4.1,0,1.88654
22.2,4.2,0,1.96166
22.2,4.3,0,2.04209
22.2,4.4,0,2.12882
22.2,4.5,0,2.19357
22.2,4.6,0,2.29134
22.2,4.7,0,2.36816
22.2,4.8,0,2.44353
22.2,4.9,0,2.52307
22.2,5,0,2.58512
22.2,5.1,0,2.6555
22.2,5.2,0,2.71283
22.2,5.3,0,2.7565
22.2,5.4,0,2.8104
22.2,5.5,0,2.85189
22.2,5.6,0,2.87934
22.2,5.7,0,2.90937
22.2,5.8,0,2.92975
22.2,5.9,0,2.93653
22.2,6,0,2.9441
22.2,6.1,0,2.94303
22.2,6.2,0,2.9263
22.2,6.3,0,2.91644
22.2,6.4,0,2.89389
22.2,6.5,0,2.84892
22.2,6.6,0,2.82583
22.2,6.7,0,2.78154
22.2,6.8,0,2.70424
22.2,6.9,0,2.67042
22.2,7,0,2.60458
22.2,7.1,0,2.49403
22.2,7.2,0,2.45396
22.2,7.3,0,2.36946
22.2,7.4,0,2.22916
22.2,7.5,0,2.18898
22.2,7.6,0,2.09567
22.2,7.7,0,1.94197
22.2,7.8,0,1.90978
22.2,7.9,0,1.82743
22.2,8,0,1.69479
22.2,8.1,0,1.66697
22.2,8.2,0,1.57072
22.2,8.3,0,1.52318
22.2,8.4,0,1.46334
22.2,8.5,0,1.38618
22.2,8.6,0,1.3543
22.2,8.7,0,1.28394
22.2,8.8,0,1.26483
22.2,8.9,0,1.22028
22.2,9,0,1.18678
22.2,9.1,0,1.15334
22.2,9.2,0,1.11125
22.2,9.3,0,1.08502
22.2,9.4,0,1.04703
22.2,9.5,0,1.02096
22.2,9.6,0,0.989183
22.2,9.7,0,0.958137
22.2,9.8,0,0.928539
22.2,9.9,0,0.894496
22.2,10,0,0.866855
22.2,10.1,0,0.832947
22.2,10.2,0,0.804695
22.2,10.3,0,0.77281
22.2,10.4,0,0.740753
22.2,10.5,0,0.709097
22.2,10.6,0,0.671401
22.2,10.7,0,0.642073
22.2,10.8,0,0.605218
22.2,10.9,0,0.574825
22.2,11,0,0.543054
22.2,11.1,0,0.508429
22.2,11.2,0,0.47878
22.2,11.3,0,0.446225
22.2,11.4,0,0.417898
22.2,11.5,0,0.386536
22.2,11.6,0,0.35885
22.2,11.7,0,0.328354
22.2,11.8,0,0.290511
22.2,11.9,0,0.257123
22.2,12,0,0.215749
22.2,12.1,0,0.16913
22.2,12.2,0,0.131231
22.2,12.3,0,0.0722601
22.2,12.4,0,0.0358684
22.2,12.5,0,0.0206987
22.2,12.6,0,-0.00467272
22.2,12.7,0,0
22.3,0,0,0
22.3,0.1,0,0.0369305
22.3,0.2,0,0.0763335
22.3,0.3,0,0.12557
22.3,0.4,0,0.170044
22.3,0.5,0,0.214457
22.3,0.6,0,0.260307
22.3,0.7,0,0.300859
22.3,0.8,0,0.341821
22.3,0.9,0,0.376848
22.3,1,0,0.409369
22.3,1.1,0,0.442268
22.3,1.2,0,0.4727
22.3,1.3,0,0.499603
22.3,1.4,0,0.52671
22.3,1.5,0,0.553481
22.3,1.6,0,0.578265
22.3,1.7,0,0.606301
22.3,1.8,0,0.634677
22.3,1.9,0,0.667977
22.3,2,0,0.70664
22.3,2.1,0,0.742847
22.3,2.2,0,0.782608
22.3,2.3,0,0.830246
22.3,2.4,0,0.874303
22.3,2.5,0,0.922591
22.3,2.6,0,0.972087
22.3,2.7,0,1.01762
22.3,2.8,0,1.07145
22.3,2.9,0,1.11805
22.3,3,0,1.16316
22.3,3.1,0,1.21993
22.3,3.2,0,1.26953
22.3,3.3,0,1.32533
22.3,3.4,0,1.38005
22.3,3.5,0,1.42965
22.3,3.6,0,1.49848
22.3,3.7,0,1.55991
22.3,3.8,0,1.62616
22.3,3.9,0,1.69631
22.3,4,0,1.75928
22.3,4.1,0,1.84544
22.3,4.2,0,1.92432
22.3,4.3,0,2.00495
22.3,4.4,0,2.08809
22.3,4.5,0,2.16204
22.3,4.6,0,2.25138
22.3,4.7,0,2.33228
22.3,4.8,0,2.40882
22.3,4.9,0,2.48523
22.3,5,0,2.55446
22.3,5.1,0,2.61831
22.3,5.2,0,2.67564
22.3,5.3,0,2.72613
22.3,5.4,0,2.77383
22.3,5.5,0,2.81533
22.3,5.6,0,2.8498
22.3,5.7,0,2.87501
22.3,5.8,0,2.89539
22.3,5.9,0,2.90897
22.3,6,0,2.91222
22.3,6.1,0,2.91115
22.3,6.2,0,2.90225
22.3,6.3,0,2.88605
22.3,6.4,0,2.86349
22.3,6.5,0,2.82973
22.3,6.6,0,2.79604
22.3,6.7,0,2.75174
22.3,6.8,0,2.69094
22.3,6.9,0,2.64111
22.3,7,0,2.57527
22.3,7.1,0,2.48708
22.3,7.2,0,2.42479
22.3,7.3,0,2.3403
22.3,7.4,0,2.2279
22.3,7.5,0,2.16115
22.3,7.6,0,2.06784
22.3,7.7,0,1.94434
22.3,7.8,0,1.88707
22.3,7.9,0,1.80472
22.3,8,0,1.69722
22.3,8.1,0,1.64447
22.3,8.2,0,1.56678
22.3,8.3,0,1.50068
22.3,8.4,0,1.44085
22.3,8.5,0,1.38186
22.3,8.6,0,1.33448
22.3,8.7,0,1.27656
22.3,8.8,0,1.24655
22.3,8.9,0,1.20814
22.3,9,0,1.17064
22.3,9.1,0,1.13705
22.3,9.2,0,1.10123
22.3,9.3,0,1.07085
22.3,9.4,0,1.03699
22.3,9.5,0,1.00815
22.3,9.6,0,0.977999
22.3,9.7,0,0.946824
22.3,9.8,0,0.916848
22.3,9.9,0,0.885429
22.3,10,0,0.855967
22.3,10.1,0,0.824601
22.3,10.2,0,0.794431
22.3,10.3,0,0.763469
22.3,10.4,0,0.731538
22.3,10.5,0,0.699027
22.3,10.6,0,0.664465
22.3,10.7,0,0.63289
22.3,10.8,0,0.599126
22.3,10.9,0,0.567124
22.3,11,0,0.535836
22.3,11.1,0,0.503079
22.3,11.2,0,0.47317
22.3,11.3,0,0.442071
22.3,11.4,0,0.41309
22.3,11.5,0,0.383382
22.3,11.6,0,0.353773
22.3,11.7,0,0.323356
22.3,11.8,0,0.288796
22.3,11.9,0,0.254727
22.3,12,0,0.216568
22.3,12.1,0,0.173334
22.3,12.2,0,0.132952
22.3,12.3,0,0.0858963
22.3,12.4,0,0.0495046
22.3,12.5,0,0.0228676
22.3,12.6,0,0.00606495
22.3,12.7,0,0
22.4,0,0,0
22.4,0.1,0,0.039403
22.4,0.2,0,0.078806
22.4,0.3,0,0.120745
22.4,0.4,0,0.165219
22.4,0.5,0,0.209693
22.4,0.6,0,0.250245
22.4,0.7,0,0.290797
22.4,0.8,0,0.328586
22.4,0.9,0,0.363614
22.4,1,0,0.398641
22.4,1.1,0,0.429074
22.4,1.2,0,0.459507
22.4,1.3,0,0.488276
22.4,1.4,0,0.515384
22.4,1.5,0,0.542491
22.4,1.6,0,0.570527
22.4,1.7,0,0.598563
22.4,1.8,0,0.629231
22.4,1.9,0,0.66253
22.4,2,0,0.69583
22.4,2.1,0,0.735591
22.4,2.2,0,0.775351
22.4,2.3,0,0.81726
22.4,2.4,0,0.861317
22.4,2.5,0,0.905375
22.4,2.6,0,0.950908
22.4,2.7,0,0.996442
22.4,2.8,0,1.0425
22.4,2.9,0,1.0891
22.4,3,0,1.13569
22.4,3.1,0,1.18529
22.4,3.2,0,1.2349
22.4,3.3,0,1.28706
22.4,3.4,0,1.34178
22.4,3.5,0,1.39651
22.4,3.6,0,1.45794
22.4,3.7,0,1.51937
22.4,3.8,0,1.58516
22.4,3.9,0,1.65531
22.4,4,0,1.72546
22.4,4.1,0,1.80434
22.4,4.2,0,1.88322
22.4,4.3,0,1.96423
22.4,4.4,0,2.04737
22.4,4.5,0,2.13051
22.4,4.6,0,2.21141
22.4,4.7,0,2.29232
22.4,4.8,0,2.37098
22.4,4.9,0,2.44738
22.4,5,0,2.52379
22.4,5.1,0,2.58112
22.4,5.2,0,2.63845
22.4,5.3,0,2.69577
22.4,5.4,0,2.73727
22.4,5.5,0,2.77877
22.4,5.6,0,2.82027
22.4,5.7,0,2.84065
22.4,5.8,0,2.86103
22.4,5.9,0,2.88141
22.4,6,0,2.88034
22.4,6.1,0,2.87928
22.4,6.2,0,2.87821
22.4,6.3,0,2.85565
22.4,6.4,0,2.8331
22.4,6.5,0,2.81054
22.4,6.6,0,2.76624
22.4,6.7,0,2.72195
22.4,6.8,0,2.67765
22.4,6.9,0,2.61181
22.4,7,0,2.54596
22.4,7.1,0,2.48012
22.4,7.2,0,2.39563
22.4,7.3,0,2.31113
22.4,7.4,0,2.22664
22.4,7.5,0,2.13333
22.4,7.6,0,2.04002
22.4,7.7,0,1.9467
22.4,7.8,0,1.86435
22.4,7.9,0,1.782
22.4,8,0,1.69965
22.4,8.1,0,1.62196
22.4,8.2,0,1.54427
22.4,8.3,0,1.47819
22.4,8.4,0,1.41836
22.4,8.5,0,1.36221
22.4,8.6,0,1.31467
22.4,8.7,0,1.26713
22.4,8.8,0,1.22827
22.4,8.9,0,1.18986
22.4,9,0,1.15435
22.4,9.1,0,1.12076
22.4,9.2,0,1.08779
22.4,9.3,0,1.05669
22.4,9.4,0,1.02559
22.4,9.5,0,0.995341
22.4,9.6,0,0.965188
22.4,9.7,0,0.935133
22.4,9.8,0,0.905157
22.4,9.9,0,0.87516
22.4,10,0,0.845079
22.4,10.1,0,0.814998
22.4,10.2,0,0.784167
22.4,10.3,0,0.753205
22.4,10.4,0,0.721468
22.4,10.5,0,0.688957
22.4,10.6,0,0.656416
22.4,10.7,0,0.623706
22.4,10.8,0,0.590996
22.4,10.9,0,0.559424
22.4,11,0,0.528136
22.4,11.1,0,0.497469
22.4,11.2,0,0.46756
22.4,11.3,0,0.4377
22.4,11.4,0,0.408282
22.4,11.5,0,0.378864
22.4,11.6,0,0.348696
22.4,11.7,0,0.318279
22.4,11.8,0,0.286401
22.4,11.9,0,0.252331
22.4,12,0,0.217945
22.4,12.1,0,0.177537
22.4,12.2,0,0.137129
22.4,12.3,0,0.0995326
22.4,12.4,0,0.0631408
22.4,12.5,0,0.0336053
22.4,12.6,0,0.0168026
22.4,12.7,0,0
22.5,0,0,0
22.5,0.1,0,0.0383033
22.5,0.2,0,0.0777063
22.5,0.3,0,0.11622
22.5,0.4,0,0.160694
22.5,0.5,0,0.20309
22.5,0.6,0,0.242413
22.5,0.7,0,0.282965
22.5,0.8,0,0.316685
22.5,0.9,0,0.351713
22.5,1,0,0.386956
22.5,1.1,0,0.417511
22.5,1.2,0,0.447944
22.5,1.3,0,0.477464
22.5,1.4,0,0.504571
22.5,1.5,0,0.530779
22.5,1.6,0,0.561676
22.5,1.7,0,0.589712
22.5,1.8,0,0.621503
22.5,1.9,0,0.654802
22.5,2,0,0.683408
22.5,2.1,0,0.726447
22.5,2.2,0,0.766208
22.5,2.3,0,0.80339
22.5,2.4,0,0.847447
22.5,2.5,0,0.885416
22.5,2.6,0,0.929662
22.5,2.7,0,0.975196
22.5,2.8,0,1.01294
22.5,2.9,0,1.05953
22.5,3,0,1.10679
22.5,3.1,0,1.14933
22.5,3.2,0,1.19893
22.5,3.3,0,1.24682
22.5,3.4,0,1.30154
22.5,3.5,0,1.36276
22.5,3.6,0,1.41505
22.5,3.7,0,1.47648
22.5,3.8,0,1.54089
22.5,3.9,0,1.61104
22.5,4,0,1.68839
22.5,4.1,0,1.76087
22.5,4.2,0,1.83975
22.5,4.3,0,1.92312
22.5,4.4,0,2.00626
22.5,4.5,0,2.08846
22.5,4.6,0,2.17327
22.5,4.7,0,2.25418
22.5,4.8,0,2.33421
22.5,4.9,0,2.41062
22.5,5,0,2.47815
22.5,5.1,0,2.54816
22.5,5.2,0,2.60549
22.5,5.3,0,2.64948
22.5,5.4,0,2.70873
22.5,5.5,0,2.75023
22.5,5.6,0,2.77392
22.5,5.7,0,2.81462
22.5,5.8,0,2.835
22.5,5.9,0,2.83628
22.5,6,0,2.85675
22.5,6.1,0,2.85568
22.5,6.2,0,2.83578
22.5,6.3,0,2.83361
22.5,6.4,0,2.81106
22.5,6.5,0,2.7719
22.5,6.6,0,2.74493
22.5,6.7,0,2.70063
22.5,6.8,0,2.64383
22.5,6.9,0,2.5907
22.5,7,0,2.52486
22.5,7.1,0,2.45254
22.5,7.2,0,2.3727
22.5,7.3,0,2.28821
22.5,7.4,0,2.20668
22.5,7.5,0,2.10609
22.5,7.6,0,2.01278
22.5,7.7,0,1.93432
22.5,7.8,0,1.83257
22.5,7.9,0,1.75022
22.5,8,0,1.69158
22.5,8.1,0,1.59246
22.5,8.2,0,1.51477
22.5,8.3,0,1.45187
22.5,8.4,0,1.39203
22.5,8.5,0,1.33893
22.5,8.6,0,1.29123
22.5,8.7,0,1.25499
22.5,8.8,0,1.20807
22.5,8.9,0,1.16966
22.5,9,0,1.13705
22.5,9.1,0,1.10346
22.5,9.2,0,1.0733
22.5,9.3,0,1.04202
22.5,9.4,0,1.01079
22.5,9.5,0,0.98246
22.5,9.6,0,0.952308
22.5,9.7,0,0.923405
22.5,9.8,0,0.893429
22.5,9.9,0,0.862621
22.5,10,0,0.834292
22.5,10.1,0,0.801749
22.5,10.2,0,0.774337
22.5,10.3,0,0.743374
22.5,10.4,0,0.711903
22.5,10.5,0,0.679392
22.5,10.6,0,0.644552
22.5,10.7,0,0.614139
22.5,10.8,0,0.580174
22.5,10.9,0,0.551245
22.5,11,0,0.519957
22.5,11.1,0,0.491501
22.5,11.2,0,0.461592
22.5,11.3,0,0.429252
22.5,11.4,0,0.403534
22.5,11.5,0,0.373376
22.5,11.6,0,0.344165
22.5,11.7,0,0.313747
22.5,11.8,0,0.285674
22.5,11.9,0,0.251604
22.5,12,0,0.213722
22.5,12.1,0,0.183916
22.5,12.2,0,0.143418
22.5,12.3,0,0.108558
22.5,12.4,0,0.0721662
22.5,12.5,0,0.0370739
22.5,12.6,0,0.0202713
22.5,12.7,0,0
22.6,0,0,0
22.6,0.1,0,0.0372035
22.6,0.2,0,0.0760155
22.6,0.3,0,0.112645
22.6,0.4,0,0.15617
22.6,0.5,0,0.196486
22.6,0.6,0,0.234582
22.6,0.7,0,0.274101
22.6,0.8,0,0.305584
22.6,0.9,0,0.339812
22.6,1,0,0.375271
22.6,1.1,0,0.405949
22.6,1.2,0,0.436236
22.6,1.3,0,0.466169
22.6,1.4,0,0.493759
22.6,1.5,0,0.519067
22.6,1.6,0,0.552825
22.6,1.7,0,0.579696
22.6,1.8,0,0.612104
22.6,1.9,0,0.647074
22.6,2,0,0.670986
22.6,2.1,0,0.717304
22.6,2.2,0,0.754232
22.6,2.3,0,0.788813
22.6,2.4,0,0.833576
22.6,2.5,0,0.865458
22.6,2.6,0,0.908416
22.6,2.7,0,0.952328
22.6,2.8,0,0.985497
22.6,2.9,0,1.02997
22.6,3,0,1.07788
22.6,3.1,0,1.11336
22.6,3.2,0,1.16486
22.6,3.3,0,1.21039
22.6,3.4,0,1.2613
22.6,3.5,0,1.32901
22.6,3.6,0,1.37215
22.6,3.7,0,1.43699
22.6,3.8,0,1.50064
22.6,3.9,0,1.56677
22.6,4,0,1.65132
22.6,4.1,0,1.71741
22.6,4.2,0,1.79812
22.6,4.3,0,1.88278
22.6,4.4,0,1.96515
22.6,4.5,0,2.04641
22.6,4.6,0,2.13513
22.6,4.7,0,2.21326
22.6,4.8,0,2.29405
22.6,4.9,0,2.37386
22.6,5,0,2.4325
22.6,5.1,0,2.5152
22.6,5.2,0,2.57253
22.6,5.3,0,2.60319
22.6,5.4,0,2.68019
22.6,5.5,0,2.72169
22.6,5.6,0,2.72756
22.6,5.7,0,2.78858
22.6,5.8,0,2.80896
22.6,5.9,0,2.79115
22.6,6,0,2.83315
22.6,6.1,0,2.83208
22.6,6.2,0,2.79336
22.6,6.3,0,2.81157
22.6,6.4,0,2.78902
22.6,6.5,0,2.73325
22.6,6.6,0,2.72361
22.6,6.7,0,2.67931
22.6,6.8,0,2.61001
22.6,6.9,0,2.56959
22.6,7,0,2.50375
22.6,7.1,0,2.42496
22.6,7.2,0,2.34978
22.6,7.3,0,2.26529
22.6,7.4,0,2.18672
22.6,7.5,0,2.07885
22.6,7.6,0,1.98554
22.6,7.7,0,1.92194
22.6,7.8,0,1.80078
22.6,7.9,0,1.71843
22.6,8,0,1.6835
22.6,8.1,0,1.56296
22.6,8.2,0,1.50386
22.6,8.3,0,1.42555
22.6,8.4,0,1.36571
22.6,8.5,0,1.33065
22.6,8.6,0,1.26779
22.6,8.7,0,1.24509
22.6,8.8,0,1.18787
22.6,8.9,0,1.15504
22.6,9,0,1.11987
22.6,9.1,0,1.08616
22.6,9.2,0,1.05964
22.6,9.3,0,1.02735
22.6,9.4,0,0.99592
22.6,9.5,0,0.96958
22.6,9.6,0,0.937997
22.6,9.7,0,0.910946
22.6,9.8,0,0.881701
22.6,9.9,0,0.846687
22.6,10,0,0.823505
22.6,10.1,0,0.786091
22.6,10.2,0,0.764507
22.6,10.3,0,0.731753
22.6,10.4,0,0.700454
22.6,10.5,0,0.669828
22.6,10.6,0,0.63044
22.6,10.7,0,0.604571
22.6,10.8,0,0.566924
22.6,10.9,0,0.543066
22.6,11,0,0.511067
22.6,11.1,0,0.482423
22.6,11.2,0,0.455625
22.6,11.3,0,0.418984
22.6,11.4,0,0.398787
22.6,11.5,0,0.36441
22.6,11.6,0,0.339634
22.6,11.7,0,0.309138
22.6,11.8,0,0.279861
22.6,11.9,0,0.250877
22.6,12,0,0.207405
22.6,12.1,0,0.190294
22.6,12.2,0,0.141377
22.6,12.3,0,0.117583
22.6,12.4,0,0.0811917
22.6,12.5,0,0.0389406
22.6,12.6,0,0.0237399
22.6,12.7,0,0
22.7,0,0,0
22.7,0.1,0,0.0361037
22.7,0.2,0,0.0736023
22.7,0.3,0,0.110232
22.7,0.4,0,0.151645
22.7,0.5,0,0.189882
22.7,0.6,0,0.22675
22.7,0.7,0,0.263976
22.7,0.8,0,0.295459
22.7,0.9,0,0.327911
22.7,1,0,0.363585
22.7,1.1,0,0.394386
22.7,1.2,0,0.424351
22.7,1.3,0,0.454283
22.7,1.4,0,0.482947
22.7,1.5,0,0.507356
22.7,1.6,0,0.543974
22.7,1.7,0,0.568255
22.7,1.8,0,0.600663
22.7,1.9,0,0.639345
22.7,2,0,0.658564
22.7,2.1,0,0.708161
22.7,2.2,0,0.738794
22.7,2.3,0,0.773375
22.7,2.4,0,0.819705
22.7,2.5,0,0.845499
22.7,2.6,0,0.887169
22.7,2.7,0,0.92748
22.7,2.8,0,0.960649
22.7,2.9,0,1.0004
22.7,3,0,1.04898
22.7,3.1,0,1.0774
22.7,3.2,0,1.13309
22.7,3.3,0,1.17863
22.7,3.4,0,1.22105
22.7,3.5,0,1.29526
22.7,3.6,0,1.32926
22.7,3.7,0,1.40166
22.7,3.8,0,1.46531
22.7,3.9,0,1.52249
22.7,4,0,1.61426
22.7,4.1,0,1.67394
22.7,4.2,0,1.75871
22.7,4.3,0,1.84338
22.7,4.4,0,1.92404
22.7,4.5,0,2.00436
22.7,4.6,0,2.097
22.7,4.7,0,2.16895
22.7,4.8,0,2.24974
22.7,4.9,0,2.33709
22.7,5,0,2.38686
22.7,5.1,0,2.47696
22.7,5.2,0,2.53402
22.7,5.3,0,2.5569
22.7,5.4,0,2.64425
22.7,5.5,0,2.68572
22.7,5.6,0,2.68121
22.7,5.7,0,2.75408
22.7,5.8,0,2.77497
22.7,5.9,0,2.74601
22.7,6,0,2.80058
22.7,6.1,0,2.80064
22.7,6.2,0,2.75094
22.7,6.3,0,2.78104
22.7,6.4,0,2.76006
22.7,6.5,0,2.69461
22.7,6.6,0,2.69507
22.7,6.7,0,2.65278
22.7,6.8,0,2.57619
22.7,6.9,0,2.54319
22.7,7,0,2.47995
22.7,7.1,0,2.39738
22.7,7.2,0,2.32492
22.7,7.3,0,2.2436
22.7,7.4,0,2.16676
22.7,7.5,0,2.05464
22.7,7.6,0,1.96449
22.7,7.7,0,1.90955
22.7,7.8,0,1.77708
22.7,7.9,0,1.69653
22.7,8,0,1.67543
22.7,8.1,0,1.53345
22.7,8.2,0,1.49634
22.7,8.3,0,1.41533
22.7,8.4,0,1.35187
22.7,8.5,0,1.32237
22.7,8.6,0,1.24435
22.7,8.7,0,1.23518
22.7,8.8,0,1.16767
22.7,8.9,0,1.14303
22.7,9,0,1.10786
22.7,9.1,0,1.07079
22.7,9.2,0,1.04599
22.7,9.3,0,1.01268
22.7,9.4,0,0.981053
22.7,9.5,0,0.956635
22.7,9.6,0,0.922344
22.7,9.7,0,0.895293
22.7,9.8,0,0.868451
22.7,9.9,0,0.830753
22.7,10,0,0.812718
22.7,10.1,0,0.770433
22.7,10.2,0,0.753529
22.7,10.3,0,0.716821
22.7,10.4,0,0.685523
22.7,10.5,0,0.659368
22.7,10.6,0,0.616328
22.7,10.7,0,0.595003
22.7,10.8,0,0.553674
22.7,10.9,0,0.533052
22.7,11,0,0.499072
22.7,11.1,0,0.470428
22.7,11.2,0,0.44952
22.7,11.3,0,0.408715
22.7,11.4,0,0.394039
22.7,11.5,0,0.355445
22.7,11.6,0,0.332767
22.7,11.7,0,0.300942
22.7,11.8,0,0.271665
22.7,11.9,0,0.25015
22.7,12,0,0.201089
22.7,12.1,0,0.196673
22.7,12.2,0,0.139336
22.7,12.3,0,0.118956
22.7,12.4,0,0.0838363
22.7,12.5,0,0.0405152
22.7,12.6,0,0.0272085
22.7,12.7,0,0
22.8,0,0,0
22.8,0.1,0,0.0359938
22.8,0.2,0,0.0711891
22.8,0.3,0,0.107819
22.8,0.4,0,0.145249
22.8,0.5,0,0.183279
22.8,0.6,0,0.220023
22.8,0.7,0,0.253851
22.8,0.8,0,0.285334
22.8,0.9,0,0.316204
22.8,1,0,0.3519
22.8,1.1,0,0.382713
22.8,1.2,0,0.412465
22.8,1.3,0,0.442398
22.8,1.4,0,0.471325
22.8,1.5,0,0.495644
22.8,1.6,0,0.532548
22.8,1.7,0,0.556814
22.8,1.8,0,0.589222
22.8,1.9,0,0.627393
22.8,2,0,0.646142
22.8,2.1,0,0.696067
22.8,2.2,0,0.723355
22.8,2.3,0,0.757936
22.8,2.4,0,0.800356
22.8,2.5,0,0.825541
22.8,2.6,0,0.867082
22.8,2.7,0,0.902632
22.8,2.8,0,0.935801
22.8,2.9,0,0.971433
22.8,3,0,1.02008
22.8,3.1,0,1.04779
22.8,3.2,0,1.10133
22.8,3.3,0,1.14686
22.8,3.4,0,1.18665
22.8,3.5,0,1.26151
22.8,3.6,0,1.2946
22.8,3.7,0,1.36633
22.8,3.8,0,1.42998
22.8,3.9,0,1.48471
22.8,4,0,1.57719
22.8,4.1,0,1.63624
22.8,4.2,0,1.71931
22.8,4.3,0,1.80397
22.8,4.4,0,1.88209
22.8,4.5,0,1.96231
22.8,4.6,0,2.05534
22.8,4.7,0,2.12464
22.8,4.8,0,2.20543
22.8,4.9,0,2.29233
22.8,5,0,2.34121
22.8,5.1,0,2.43131
22.8,5.2,0,2.48773
22.8,5.3,0,2.51061
22.8,5.4,0,2.59796
22.8,5.5,0,2.63937
22.8,5.6,0,2.63486
22.8,5.7,0,2.70773
22.8,5.8,0,2.72984
22.8,5.9,0,2.70088
22.8,6,0,2.75545
22.8,6.1,0,2.75822
22.8,6.2,0,2.70852
22.8,6.3,0,2.73862
22.8,6.4,0,2.72142
22.8,6.5,0,2.65597
22.8,6.6,0,2.65643
22.8,6.7,0,2.61896
22.8,6.8,0,2.54237
22.8,6.9,0,2.50937
22.8,7,0,2.45237
22.8,7.1,0,2.36981
22.8,7.2,0,2.29734
22.8,7.3,0,2.22363
22.8,7.4,0,2.14679
22.8,7.5,0,2.03468
22.8,7.6,0,1.9521
22.8,7.7,0,1.89717
22.8,7.8,0,1.7647
22.8,7.9,0,1.68845
22.8,8,0,1.66735
22.8,8.1,0,1.51899
22.8,8.2,0,1.48883
22.8,8.3,0,1.40781
22.8,8.4,0,1.34358
22.8,8.5,0,1.31409
22.8,8.6,0,1.22818
22.8,8.7,0,1.22528
22.8,8.8,0,1.1564
22.8,8.9,0,1.13102
22.8,9,0,1.09585
22.8,9.1,0,1.05713
22.8,9.2,0,1.03233
22.8,9.3,0,0.99794
22.8,9.4,0,0.966185
22.8,9.5,0,0.941768
22.8,9.6,0,0.906692
22.8,9.7,0,0.879641
22.8,9.8,0,0.852517
22.8,9.9,0,0.814819
22.8,10,0,0.800702
22.8,10.1,0,0.754774
22.8,10.2,0,0.737871
22.8,10.3,0,0.70189
22.8,10.4,0,0.670591
22.8,10.5,0,0.645256
22.8,10.6,0,0.602216
22.8,10.7,0,0.584336
22.8,10.8,0,0.540423
22.8,10.9,0,0.519802
22.8,11,0,0.487077
22.8,11.1,0,0.458433
22.8,11.2,0,0.439251
22.8,11.3,0,0.398446
22.8,11.4,0,0.387235
22.8,11.5,0,0.346479
22.8,11.6,0,0.323802
22.8,11.7,0,0.292746
22.8,11.8,0,0.263468
22.8,11.9,0,0.244577
22.8,12,0,0.194772
22.8,12.1,0,0.196231
22.8,12.2,0,0.137295
22.8,12.3,0,0.116915
22.8,12.4,0,0.0854109
22.8,12.5,0,0.0420898
22.8,12.6,0,0.0282417
22.8,12.7,0,0
22.9,0,0,0
22.9,0.1,0,0.0355341
22.9,0.2,0,0.0687759
22.9,0.3,0,0.105406
22.9,0.4,0,0.139384
22.9,0.5,0,0.176675
22.9,0.6,0,0.212617
22.9,0.7,0,0.243727
22.9,0.8,0,0.275209
22.9,0.9,0,0.305141
22.9,1,0,0.340215
22.9,1.1,0,0.370915
22.9,1.2,0,0.40058
22.9,1.3,0,0.430513
22.9,1.4,0,0.459237
22.9,1.5,0,0.483932
22.9,1.6,0,0.51993
22.9,1.7,0,0.545374
22.9,1.8,0,0.577782
22.9,1.9,0,0.613672
22.9,2,0,0.633721
22.9,2.1,0,0.681442
22.9,2.2,0,0.707916
22.9,2.3,0,0.742498
22.9,2.4,0,0.779848
22.9,2.5,0,0.805583
22.9,2.6,0,0.845863
22.9,2.7,0,0.877784
22.9,2.8,0,0.910952
22.9,2.9,0,0.944181
22.9,3,0,0.991176
22.9,3.1,0,1.02036
22.9,3.2,0,1.06957
22.9,3.3,0,1.1151
22.9,3.4,0,1.15587
22.9,3.5,0,1.22776
22.9,3.6,0,1.26349
22.9,3.7,0,1.331
22.9,3.8,0,1.39465
22.9,3.9,0,1.45077
22.9,4,0,1.54013
22.9,4.1,0,1.60059
22.9,4.2,0,1.6799
22.9,4.3,0,1.76457
22.9,4.4,0,1.84064
22.9,4.5,0,1.92026
22.9,4.6,0,2.01113
22.9,4.7,0,2.08033
22.9,4.8,0,2.16112
22.9,4.9,0,2.24405
22.9,5,0,2.29557
22.9,5.1,0,2.38567
22.9,5.2,0,2.44144
22.9,5.3,0,2.46432
22.9,5.4,0,2.55167
22.9,5.5,0,2.59302
22.9,5.6,0,2.58851
22.9,5.7,0,2.66138
22.9,5.8,0,2.68471
22.9,5.9,0,2.65575
22.9,6,0,2.71031
22.9,6.1,0,2.71579
22.9,6.2,0,2.66609
22.9,6.3,0,2.69619
22.9,6.4,0,2.68277
22.9,6.5,0,2.61732
22.9,6.6,0,2.61778
22.9,6.7,0,2.58514
22.9,6.8,0,2.50855
22.9,6.9,0,2.47555
22.9,7,0,2.42479
22.9,7.1,0,2.34223
22.9,7.2,0,2.26976
22.9,7.3,0,2.20367
22.9,7.4,0,2.12683
22.9,7.5,0,2.01472
22.9,7.6,0,1.93972
22.9,7.7,0,1.88478
22.9,7.8,0,1.75231
22.9,7.9,0,1.68038
22.9,8,0,1.65928
22.9,8.1,0,1.52297
22.9,8.2,0,1.48131
22.9,8.3,0,1.4003
22.9,8.4,0,1.3353
22.9,8.5,0,1.30581
22.9,8.6,0,1.22908
22.9,8.7,0,1.21537
22.9,8.8,0,1.14963
22.9,8.9,0,1.11901
22.9,9,0,1.08384
22.9,9.1,0,1.04348
22.9,9.2,0,1.01868
22.9,9.3,0,0.983963
22.9,9.4,0,0.951318
22.9,9.5,0,0.926296
22.9,9.6,0,0.891039
22.9,9.7,0,0.863989
22.9,9.8,0,0.836583
22.9,9.9,0,0.798885
22.9,10,0,0.779897
22.9,10.1,0,0.739116
22.9,10.2,0,0.721941
22.9,10.3,0,0.686958
22.9,10.4,0,0.655659
22.9,10.5,0,0.630859
22.9,10.6,0,0.588104
22.9,10.7,0,0.566541
22.9,10.8,0,0.527173
22.9,10.9,0,0.506551
22.9,11,0,0.475081
22.9,11.1,0,0.446437
22.9,11.2,0,0.427667
22.9,11.3,0,0.388177
22.9,11.4,0,0.373265
22.9,11.5,0,0.337514
22.9,11.6,0,0.314836
22.9,11.7,0,0.284549
22.9,11.8,0,0.255272
22.9,11.9,0,0.2354
22.9,12,0,0.188456
22.9,12.1,0,0.183913
22.9,12.2,0,0.135254
22.9,12.3,0,0.114874
22.9,12.4,0,0.0869855
22.9,12.5,0,0.0436644
22.9,12.6,0,0.027204
22.9,12.7,0,0
23,0,0,0
23,0.1,0,0.0342206
23,0.2,0,0.0663628
23,0.3,0,0.102993
23,0.4,0,0.134892
23,0.5,0,0.170071
23,0.6,0,0.20372
23,0.7,0,0.233602
23,0.8,0,0.265084
23,0.9,0,0.295231
23,1,0,0.328529
23,1.1,0,0.358907
23,1.2,0,0.388694
23,1.3,0,0.418627
23,1.4,0,0.446453
23,1.5,0,0.47222
23,1.6,0,0.505628
23,1.7,0,0.533933
23,1.8,0,0.566341
23,1.9,0,0.597537
23,2,0,0.621299
23,2.1,0,0.662725
23,2.2,0,0.692478
23,2.3,0,0.727059
23,2.4,0,0.758322
23,2.5,0,0.785624
23,2.6,0,0.822303
23,2.7,0,0.852935
23,2.8,0,0.886104
23,2.9,0,0.919995
23,3,0,0.962273
23,3.1,0,0.995656
23,3.2,0,1.0378
23,3.3,0,1.08333
23,3.4,0,1.1306
23,3.5,0,1.19401
23,3.6,0,1.23731
23,3.7,0,1.29566
23,3.8,0,1.35932
23,3.9,0,1.42264
23,4,0,1.50306
23,4.1,0,1.56759
23,4.2,0,1.6405
23,4.3,0,1.72516
23,4.4,0,1.80029
23,4.5,0,1.87821
23,4.6,0,1.96291
23,4.7,0,2.03602
23,4.8,0,2.11681
23,4.9,0,2.19086
23,5,0,2.24992
23,5.1,0,2.32891
23,5.2,0,2.38457
23,5.3,0,2.41803
23,5.4,0,2.49054
23,5.5,0,2.53188
23,5.6,0,2.54216
23,5.7,0,2.59911
23,5.8,0,2.62264
23,5.9,0,2.61062
23,6,0,2.64949
23,6.1,0,2.65543
23,6.2,0,2.62367
23,6.3,0,2.63994
23,6.4,0,2.62714
23,6.5,0,2.57868
23,6.6,0,2.56872
23,6.7,0,2.53688
23,6.8,0,2.47473
23,6.9,0,2.43634
23,7,0,2.38662
23,7.1,0,2.31465
23,7.2,0,2.24465
23,7.3,0,2.17983
23,7.4,0,2.10687
23,7.5,0,2.00714
23,7.6,0,1.9334
23,7.7,0,1.8724
23,7.8,0,1.75969
23,7.9,0,1.68847
23,8,0,1.6512
23,8.1,0,1.53688
23,8.2,0,1.47379
23,8.3,0,1.39988
23,8.4,0,1.33753
23,8.5,0,1.29753
23,8.6,0,1.23433
23,8.7,0,1.20547
23,8.8,0,1.14791
23,8.9,0,1.107
23,9,0,1.07266
23,9.1,0,1.03365
23,9.2,0,1.00502
23,9.3,0,0.970109
23,9.4,0,0.936451
23,9.5,0,0.908657
23,9.6,0,0.875387
23,9.7,0,0.848068
23,9.8,0,0.817163
23,9.9,0,0.782951
23,10,0,0.759091
23,10.1,0,0.723458
23,10.2,0,0.701182
23,10.3,0,0.672026
23,10.4,0,0.640727
23,10.5,0,0.61138
23,10.6,0,0.573992
23,10.7,0,0.548747
23,10.8,0,0.513922
23,10.9,0,0.489911
23,11,0,0.462762
23,11.1,0,0.434442
23,11.2,0,0.411371
23,11.3,0,0.377908
23,11.4,0,0.358778
23,11.5,0,0.328548
23,11.6,0,0.30322
23,11.7,0,0.275339
23,11.8,0,0.247076
23,11.9,0,0.221614
23,12,0,0.182139
23,12.1,0,0.169177
23,12.2,0,0.133213
23,12.3,0,0.108672
23,12.4,0,0.0842041
23,12.5,0,0.0452389
23,12.6,0,0.02531
23,12.7,0,0
23.1,0,0,0
23.1,0.1,0,0.0329072
23.1,0.2,0,0.0648294
23.1,0.3,0,0.0989164
23.1,0.4,0,0.1304
23.1,0.5,0,0.163468
23.1,0.6,0,0.194823
23.1,0.7,0,0.224459
23.1,0.8,0,0.255132
23.1,0.9,0,0.285322
23.1,1,0,0.316844
23.1,1.1,0,0.346898
23.1,1.2,0,0.376711
23.1,1.3,0,0.406022
23.1,1.4,0,0.433668
23.1,1.5,0,0.460508
23.1,1.6,0,0.491327
23.1,1.7,0,0.520204
23.1,1.8,0,0.551145
23.1,1.9,0,0.581403
23.1,2,0,0.608877
23.1,2.1,0,0.644007
23.1,2.2,0,0.674416
23.1,2.3,0,0.70675
23.1,2.4,0,0.736796
23.1,2.5,0,0.765666
23.1,2.6,0,0.798742
23.1,2.7,0,0.829117
23.1,2.8,0,0.861786
23.1,2.9,0,0.895809
23.1,3,0,0.93337
23.1,3.1,0,0.970954
23.1,3.2,0,1.01169
23.1,3.3,0,1.05677
23.1,3.4,0,1.10533
23.1,3.5,0,1.16026
23.1,3.6,0,1.21112
23.1,3.7,0,1.26765
23.1,3.8,0,1.32975
23.1,3.9,0,1.39452
23.1,4,0,1.46599
23.1,4.1,0,1.53458
23.1,4.2,0,1.60622
23.1,4.3,0,1.68501
23.1,4.4,0,1.75995
23.1,4.5,0,1.83616
23.1,4.6,0,1.91469
23.1,4.7,0,1.98858
23.1,4.8,0,2.0654
23.1,4.9,0,2.13766
23.1,5,0,2.20427
23.1,5.1,0,2.26994
23.1,5.2,0,2.3256
23.1,5.3,0,2.37174
23.1,5.4,0,2.42644
23.1,5.5,0,2.46778
23.1,5.6,0,2.49581
23.1,5.7,0,2.53366
23.1,5.8,0,2.55719
23.1,5.9,0,2.56548
23.1,6,0,2.58554
23.1,6.1,0,2.59147
23.1,6.2,0,2.58125
23.1,6.3,0,2.58091
23.1,6.4,0,2.56812
23.1,6.5,0,2.54004
23.1,6.6,0,2.51758
23.1,6.7,0,2.48574
23.1,6.8,0,2.44091
23.1,6.9,0,2.39604
23.1,7,0,2.34632
23.1,7.1,0,2.28707
23.1,7.2,0,2.22003
23.1,7.3,0,2.15522
23.1,7.4,0,2.08691
23.1,7.5,0,2.00203
23.1,7.6,0,1.92829
23.1,7.7,0,1.86002
23.1,7.8,0,1.77101
23.1,7.9,0,1.6998
23.1,8,0,1.64313
23.1,8.1,0,1.55079
23.1,8.2,0,1.47494
23.1,8.3,0,1.4104
23.1,8.4,0,1.34805
23.1,8.5,0,1.29249
23.1,8.6,0,1.23959
23.1,8.7,0,1.19556
23.1,8.8,0,1.1462
23.1,8.9,0,1.10085
23.1,9,0,1.06429
23.1,9.1,0,1.02528
23.1,9.2,0,0.991355
23.1,9.3,0,0.956256
23.1,9.4,0,0.921583
23.1,9.5,0,0.891019
23.1,9.6,0,0.858276
23.1,9.7,0,0.828209
23.1,9.8,0,0.797305
23.1,9.9,0,0.767017
23.1,10,0,0.738286
23.1,10.1,0,0.707799
23.1,10.2,0,0.680422
23.1,10.3,0,0.651855
23.1,10.4,0,0.621708
23.1,10.5,0,0.5919
23.1,10.6,0,0.55988
23.1,10.7,0,0.530952
23.1,10.8,0,0.500672
23.1,10.9,0,0.472844
23.1,11,0,0.445695
23.1,11.1,0,0.419289
23.1,11.2,0,0.395075
23.1,11.3,0,0.36764
23.1,11.4,0,0.344292
23.1,11.5,0,0.319172
23.1,11.6,0,0.290589
23.1,11.7,0,0.262708
23.1,11.8,0,0.235698
23.1,11.9,0,0.207828
23.1,12,0,0.175823
23.1,12.1,0,0.154441
23.1,12.2,0,0.128133
23.1,12.3,0,0.0991799
23.1,12.4,0,0.0747122
23.1,12.5,0,0.0454113
23.1,12.6,0,0.0234159
23.1,12.7,0,0
23.2,0,0,0
23.2,0.1,0,0.0315399
23.2,0.2,0,0.063462
23.2,0.3,0,0.0945489
23.2,0.4,0,0.126033
23.2,0.5,0,0.157202
23.2,0.6,0,0.1861
23.2,0.7,0,0.215736
23.2,0.8,0,0.244959
23.2,0.9,0,0.27515
23.2,1,0,0.305601
23.2,1.1,0,0.335214
23.2,1.2,0,0.365026
23.2,1.3,0,0.393263
23.2,1.4,0,0.420908
23.2,1.5,0,0.448116
23.2,1.6,0,0.476802
23.2,1.7,0,0.505678
23.2,1.8,0,0.535013
23.2,1.9,0,0.565271
23.2,2,0,0.594533
23.2,2.1,0,0.625264
23.2,2.2,0,0.655673
23.2,2.3,0,0.685308
23.2,2.4,0,0.715354
23.2,2.5,0,0.743995
23.2,2.6,0,0.775044
23.2,2.7,0,0.80542
23.2,2.8,0,0.837149
23.2,2.9,0,0.871173
23.2,3,0,0.9035
23.2,3.1,0,0.945621
23.2,3.2,0,0.986356
23.2,3.3,0,1.03086
23.2,3.4,0,1.07943
23.2,3.5,0,1.1253
23.2,3.6,0,1.18427
23.2,3.7,0,1.2408
23.2,3.8,0,1.30095
23.2,3.9,0,1.36572
23.2,4,0,1.42666
23.2,4.1,0,1.50114
23.2,4.2,0,1.57278
23.2,4.3,0,1.64456
23.2,4.4,0,1.7195
23.2,4.5,0,1.79043
23.2,4.6,0,1.86674
23.2,4.7,0,1.94063
23.2,4.8,0,2.0122
23.2,4.9,0,2.08447
23.2,5,0,2.15353
23.2,5.1,0,2.21194
23.2,5.2,0,2.26761
23.2,5.3,0,2.31948
23.2,5.4,0,2.36413
23.2,5.5,0,2.40547
23.2,5.6,0,2.44259
23.2,5.7,0,2.46987
23.2,5.8,0,2.4934
23.2,5.9,0,2.51275
23.2,6,0,2.52332
23.2,6.1,0,2.52926
23.2,6.2,0,2.5307
23.2,6.3,0,2.52376
23.2,6.4,0,2.51097
23.2,6.5,0,2.49302
23.2,6.6,0,2.46824
23.2,6.7,0,2.4364
23.2,6.8,0,2.3987
23.2,6.9,0,2.3574
23.2,7,0,2.30768
23.2,7.1,0,2.25141
23.2,7.2,0,2.19668
23.2,7.3,0,2.13187
23.2,7.4,0,2.05961
23.2,7.5,0,1.99739
23.2,7.6,0,1.92365
23.2,7.7,0,1.84126
23.2,7.8,0,1.78139
23.2,7.9,0,1.71018
23.2,8,0,1.62974
23.2,8.1,0,1.5635
23.2,8.2,0,1.48765
23.2,8.3,0,1.42009
23.2,8.4,0,1.35773
23.2,8.5,0,1.29715
23.2,8.6,0,1.24425
23.2,8.7,0,1.18929
23.2,8.8,0,1.14393
23.2,8.9,0,1.09858
23.2,9,0,1.05551
23.2,9.1,0,1.0165
23.2,9.2,0,0.977317
23.2,9.3,0,0.942218
23.2,9.4,0,0.907119
23.2,9.5,0,0.873207
23.2,9.6,0,0.840465
23.2,9.7,0,0.808245
23.2,9.8,0,0.777341
23.2,9.9,0,0.746495
23.2,10,0,0.717324
23.2,10.1,0,0.688152
23.2,10.2,0,0.659727
23.2,10.3,0,0.63116
23.2,10.4,0,0.602352
23.2,10.5,0,0.572545
23.2,10.6,0,0.542912
23.2,10.7,0,0.513043
23.2,10.8,0,0.483174
23.2,10.9,0,0.455478
23.2,11,0,0.42833
23.2,11.1,0,0.402847
23.2,11.2,0,0.378632
23.2,11.3,0,0.355209
23.2,11.4,0,0.330089
23.2,11.5,0,0.304969
23.2,11.6,0,0.278094
23.2,11.7,0,0.250213
23.2,11.8,0,0.221775
23.2,11.9,0,0.193905
23.2,12,0,0.166408
23.2,12.1,0,0.139605
23.2,12.2,0,0.113297
23.2,12.3,0,0.089509
23.2,12.4,0,0.0650412
23.2,12.5,0,0.0433215
23.2,12.6,0,0.0213261
23.2,12.7,0,0
23.3,0,0,0
23.3,0.1,0,0.0300108
23.3,0.2,0,0.0619329
23.3,0.3,0,0.0905553
23.3,0.4,0,0.122039
23.3,0.5,0,0.151948
23.3,0.6,0,0.177897
23.3,0.7,0,0.207533
23.3,0.8,0,0.233999
23.3,0.9,0,0.264189
23.3,1,0,0.295687
23.3,1.1,0,0.324501
23.3,1.2,0,0.354314
23.3,1.3,0,0.380581
23.3,1.4,0,0.408226
23.3,1.5,0,0.43368
23.3,1.6,0,0.461603
23.3,1.7,0,0.49048
23.3,1.8,0,0.518884
23.3,1.9,0,0.549142
23.3,2,0,0.574421
23.3,2.1,0,0.606444
23.3,2.2,0,0.636853
23.3,2.3,0,0.66412
23.3,2.4,0,0.694166
23.3,2.5,0,0.717187
23.3,2.6,0,0.750934
23.3,2.7,0,0.781309
23.3,2.8,0,0.81116
23.3,2.9,0,0.845183
23.3,3,0,0.870725
23.3,3.1,0,0.918394
23.3,3.2,0,0.959128
23.3,3.3,0,1.00307
23.3,3.4,0,1.05163
23.3,3.5,0,1.08671
23.3,3.6,0,1.15547
23.3,3.7,0,1.212
23.3,3.8,0,1.27012
23.3,3.9,0,1.33489
23.3,4,0,1.38051
23.3,4.1,0,1.46641
23.3,4.2,0,1.53805
23.3,4.3,0,1.60381
23.3,4.4,0,1.67875
23.3,4.5,0,1.73365
23.3,4.6,0,1.8196
23.3,4.7,0,1.89349
23.3,4.8,0,1.95898
23.3,4.9,0,2.03125
23.3,5,0,2.08751
23.3,5.1,0,2.15691
23.3,5.2,0,2.21257
23.3,5.3,0,2.24928
23.3,5.4,0,2.30717
23.3,5.5,0,2.34851
23.3,5.6,0,2.36879
23.3,5.7,0,2.41107
23.3,5.8,0,2.4346
23.3,5.9,0,2.43721
23.3,6,0,2.46635
23.3,6.1,0,2.47228
23.3,6.2,0,2.45578
23.3,6.3,0,2.47225
23.3,6.4,0,2.45946
23.3,6.5,0,2.42088
23.3,6.6,0,2.42432
23.3,6.7,0,2.39248
23.3,6.8,0,2.33134
23.3,6.9,0,2.32372
23.3,7,0,2.274
23.3,7.1,0,2.1915
23.3,7.2,0,2.17714
23.3,7.3,0,2.11232
23.3,7.4,0,2.01028
23.3,7.5,0,1.99412
23.3,7.6,0,1.92038
23.3,7.7,0,1.80338
23.3,7.8,0,1.78893
23.3,7.9,0,1.71771
23.3,8,0,1.6004
23.3,8.1,0,1.57259
23.3,8.2,0,1.49352
23.3,8.3,0,1.42725
23.3,8.4,0,1.36489
23.3,8.5,0,1.2935
23.3,8.6,0,1.24714
23.3,8.7,0,1.16792
23.3,8.8,0,1.14
23.3,8.9,0,1.09466
23.3,9,0,1.04551
23.3,9.1,0,1.0065
23.3,9.2,0,0.959502
23.3,9.3,0,0.927625
23.3,9.4,0,0.885159
23.3,9.5,0,0.854878
23.3,9.6,0,0.822136
23.3,9.7,0,0.787962
23.3,9.8,0,0.757058
23.3,9.9,0,0.724428
23.3,10,0,0.695892
23.3,10.1,0,0.666348
23.3,10.2,0,0.639226
23.3,10.3,0,0.61066
23.3,10.4,0,0.583366
23.3,10.5,0,0.553559
23.3,10.6,0,0.524167
23.3,10.7,0,0.494792
23.3,10.8,0,0.465499
23.3,10.9,0,0.437217
23.3,11,0,0.410069
23.3,11.1,0,0.385966
23.3,11.2,0,0.361751
23.3,11.3,0,0.340549
23.3,11.4,0,0.316736
23.3,11.5,0,0.292048
23.3,11.6,0,0.266004
23.3,11.7,0,0.238123
23.3,11.8,0,0.207442
23.3,11.9,0,0.179572
23.3,12,0,0.157089
23.3,12.1,0,0.124469
23.3,12.2,0,0.0998018
23.3,12.3,0,0.0793009
23.3,12.4,0,0.0548332
23.3,12.5,0,0.040369
23.3,12.6,0,0.0186488
23.3,12.7,0,0
23.4,0,0,0
23.4,0.1,0,0.0284817
23.4,0.2,0,0.0600885
23.4,0.3,0,0.0879715
23.4,0.4,0,0.118046
23.4,0.5,0,0.146695
23.4,0.6,0,0.169694
23.4,0.7,0,0.199686
23.4,0.8,0,0.225324
23.4,0.9,0,0.253228
23.4,1,0,0.285773
23.4,1.1,0,0.313788
23.4,1.2,0,0.34259
23.4,1.3,0,0.368266
23.4,1.4,0,0.395544
23.4,1.5,0,0.419244
23.4,1.6,0,0.446405
23.4,1.7,0,0.473973
23.4,1.8,0,0.502098
23.4,1.9,0,0.533014
23.4,2,0,0.55431
23.4,2.1,0,0.587623
23.4,2.2,0,0.614793
23.4,2.3,0,0.641349
23.4,2.4,0,0.672977
23.4,2.5,0,0.69038
23.4,2.6,0,0.726824
23.4,2.7,0,0.753132
23.4,2.8,0,0.782419
23.4,2.9,0,0.819194
23.4,3,0,0.83795
23.4,3.1,0,0.891166
23.4,3.2,0,0.926038
23.4,3.3,0,0.969806
23.4,3.4,0,1.02384
23.4,3.5,0,1.04813
23.4,3.6,0,1.12667
23.4,3.7,0,1.17398
23.4,3.8,0,1.23149
23.4,3.9,0,1.30406
23.4,4,0,1.33437
23.4,4.1,0,1.43168
23.4,4.2,0,1.49175
23.4,4.3,0,1.55571
23.4,4.4,0,1.638
23.4,4.5,0,1.67687
23.4,4.6,0,1.77245
23.4,4.7,0,1.8361
23.4,4.8,0,1.89976
23.4,4.9,0,1.97803
23.4,5,0,2.02149
23.4,5.1,0,2.10188
23.4,5.2,0,2.15754
23.4,5.3,0,2.17909
23.4,5.4,0,2.25022
23.4,5.5,0,2.29156
23.4,5.6,0,2.29499
23.4,5.7,0,2.35226
23.4,5.8,0,2.37579
23.4,5.9,0,2.36168
23.4,6,0,2.40937
23.4,6.1,0,2.4153
23.4,6.2,0,2.38086
23.4,6.3,0,2.42074
23.4,6.4,0,2.40795
23.4,6.5,0,2.34874
23.4,6.6,0,2.3804
23.4,6.7,0,2.34856
23.4,6.8,0,2.26398
23.4,6.9,0,2.29005
23.4,7,0,2.24033
23.4,7.1,0,2.13159
23.4,7.2,0,2.15759
23.4,7.3,0,2.09278
23.4,7.4,0,1.96094
23.4,7.5,0,1.99085
23.4,7.6,0,1.91711
23.4,7.7,0,1.76551
23.4,7.8,0,1.79647
23.4,7.9,0,1.72525
23.4,8,0,1.57107
23.4,8.1,0,1.58169
23.4,8.2,0,1.46892
23.4,8.3,0,1.43103
23.4,8.4,0,1.37205
23.4,8.5,0,1.27132
23.4,8.6,0,1.25002
23.4,8.7,0,1.14655
23.4,8.8,0,1.13608
23.4,8.9,0,1.07426
23.4,9,0,1.03236
23.4,9.1,0,0.996493
23.4,9.2,0,0.937337
23.4,9.3,0,0.913033
23.4,9.4,0,0.86256
23.4,9.5,0,0.836549
23.4,9.6,0,0.800437
23.4,9.7,0,0.766613
23.4,9.8,0,0.736775
23.4,9.9,0,0.70192
23.4,10,0,0.67446
23.4,10.1,0,0.644424
23.4,10.2,0,0.618726
23.4,10.3,0,0.590042
23.4,10.4,0,0.563353
23.4,10.5,0,0.534573
23.4,10.6,0,0.505261
23.4,10.7,0,0.476542
23.4,10.8,0,0.448224
23.4,10.9,0,0.418956
23.4,11,0,0.392716
23.4,11.1,0,0.369623
23.4,11.2,0,0.34487
23.4,11.3,0,0.325776
23.4,11.4,0,0.303383
23.4,11.5,0,0.279711
23.4,11.6,0,0.253914
23.4,11.7,0,0.226595
23.4,11.8,0,0.197124
23.4,11.9,0,0.165239
23.4,12,0,0.147771
23.4,12.1,0,0.109333
23.4,12.2,0,0.0909621
23.4,12.3,0,0.0690929
23.4,12.4,0,0.0451205
23.4,12.5,0,0.034818
23.4,12.6,0,0.0159715
23.4,12.7,0,0
23.5,0,0,0
23.5,0.1,0,0.0271819
23.5,0.2,0,0.0581088
23.5,0.3,0,0.0859919
23.5,0.4,0,0.113863
23.5,0.5,0,0.141442
23.5,0.6,0,0.161933
23.5,0.7,0,0.191991
23.5,0.8,0,0.21763
23.5,0.9,0,0.242424
23.5,1,0,0.275859
23.5,1.1,0,0.303195
23.5,1.2,0,0.330432
23.5,1.3,0,0.356109
23.5,1.4,0,0.382599
23.5,1.5,0,0.404808
23.5,1.6,0,0.431321
23.5,1.7,0,0.456904
23.5,1.8,0,0.48503
23.5,1.9,0,0.516288
23.5,2,0,0.534198
23.5,2.1,0,0.568609
23.5,2.2,0,0.591344
23.5,2.3,0,0.617901
23.5,2.4,0,0.650945
23.5,2.5,0,0.663572
23.5,2.6,0,0.702309
23.5,2.7,0,0.723211
23.5,2.8,0,0.752498
23.5,2.9,0,0.792186
23.5,3,0,0.805175
23.5,3.1,0,0.863106
23.5,3.2,0,0.890436
23.5,3.3,0,0.934204
23.5,3.4,0,0.99442
23.5,3.5,0,1.00955
23.5,3.6,0,1.0964
23.5,3.7,0,1.13201
23.5,3.8,0,1.18952
23.5,3.9,0,1.27093
23.5,4,0,1.28823
23.5,4.1,0,1.39524
23.5,4.2,0,1.44049
23.5,4.3,0,1.50445
23.5,4.4,0,1.59485
23.5,4.5,0,1.62009
23.5,4.6,0,1.72386
23.5,4.7,0,1.77431
23.5,4.8,0,1.83798
23.5,4.9,0,1.92289
23.5,5,0,1.95547
23.5,5.1,0,2.03952
23.5,5.2,0,2.0924
23.5,5.3,0,2.10889
23.5,5.4,0,2.18444
23.5,5.5,0,2.22337
23.5,5.6,0,2.22119
23.5,5.7,0,2.28345
23.5,5.8,0,2.30583
23.5,5.9,0,2.28614
23.5,6,0,2.34002
23.5,6.1,0,2.34636
23.5,6.2,0,2.30593
23.5,6.3,0,2.35362
23.5,6.4,0,2.34269
23.5,6.5,0,2.27661
23.5,6.6,0,2.31767
23.5,6.7,0,2.28901
23.5,6.8,0,2.19663
23.5,6.9,0,2.23391
23.5,7,0,2.18916
23.5,7.1,0,2.07168
23.5,7.2,0,2.11114
23.5,7.3,0,2.05337
23.5,7.4,0,1.91161
23.5,7.5,0,1.95687
23.5,7.6,0,1.89077
23.5,7.7,0,1.72763
23.5,7.8,0,1.77373
23.5,7.9,0,1.70821
23.5,8,0,1.54173
23.5,8.1,0,1.59078
23.5,8.2,0,1.44432
23.5,8.3,0,1.40643
23.5,8.4,0,1.35159
23.5,8.5,0,1.24915
23.5,8.6,0,1.25291
23.5,8.7,0,1.12518
23.5,8.8,0,1.13011
23.5,8.9,0,1.05265
23.5,9,0,1.01074
23.5,9.1,0,0.977045
23.5,9.2,0,0.915172
23.5,9.3,0,0.89844
23.5,9.4,0,0.839961
23.5,9.5,0,0.817017
23.5,9.6,0,0.777709
23.5,9.7,0,0.743884
23.5,9.8,0,0.715131
23.5,9.9,0,0.679411
23.5,10,0,0.653029
23.5,10.1,0,0.6225
23.5,10.2,0,0.597589
23.5,10.3,0,0.569347
23.5,10.4,0,0.542658
23.5,10.5,0,0.515623
23.5,10.6,0,0.486355
23.5,10.7,0,0.458291
23.5,10.8,0,0.43095
23.5,10.9,0,0.401298
23.5,11,0,0.376538
23.5,11.1,0,0.353445
23.5,11.2,0,0.328583
23.5,11.3,0,0.311003
23.5,11.4,0,0.29003
23.5,11.5,0,0.267374
23.5,11.6,0,0.241632
23.5,11.7,0,0.216575
23.5,11.8,0,0.187105
23.5,11.9,0,0.151492
23.5,12,0,0.138452
23.5,12.1,0,0.0941966
23.5,12.2,0,0.0821225
23.5,12.3,0,0.0601731
23.5,12.4,0,0.0395695
23.5,12.5,0,0.0292669
23.5,12.6,0,0.0132942
23.5,12.7,0,0
23.6,0,0,0
23.6,0.1,0,0.0271819
23.6,0.2,0,0.0561292
23.6,0.3,0,0.0840122
23.6,0.4,0,0.10861
23.6,0.5,0,0.136188
23.6,0.6,0,0.15668
23.6,0.7,0,0.184297
23.6,0.8,0,0.209935
23.6,0.9,0,0.23251
23.6,1,0,0.265945
23.6,1.1,0,0.293281
23.6,1.2,0,0.318275
23.6,1.3,0,0.343951
23.6,1.4,0,0.368163
23.6,1.5,0,0.390372
23.6,1.6,0,0.416885
23.6,1.7,0,0.439836
23.6,1.8,0,0.467962
23.6,1.9,0,0.496177
23.6,2,0,0.514086
23.6,2.1,0,0.548497
23.6,2.2,0,0.567896
23.6,2.3,0,0.594452
23.6,2.4,0,0.624138
23.6,2.5,0,0.636765
23.6,2.6,0,0.675501
23.6,2.7,0,0.693291
23.6,2.8,0,0.722578
23.6,2.9,0,0.759412
23.6,3,0,0.7724
23.6,3.1,0,0.830332
23.6,3.2,0,0.854834
23.6,3.3,0,0.898602
23.6,3.4,0,0.955837
23.6,3.5,0,0.970964
23.6,3.6,0,1.05782
23.6,3.7,0,1.09004
23.6,3.8,0,1.14755
23.6,3.9,0,1.22479
23.6,4,0,1.24209
23.6,4.1,0,1.34909
23.6,4.2,0,1.38923
23.6,4.3,0,1.45319
23.6,4.4,0,1.53807
23.6,4.5,0,1.56331
23.6,4.6,0,1.66708
23.6,4.7,0,1.71253
23.6,4.8,0,1.77619
23.6,4.9,0,1.85687
23.6,5,0,1.88944
23.6,5.1,0,1.97349
23.6,5.2,0,2.0222
23.6,5.3,0,2.0387
23.6,5.4,0,2.11424
23.6,5.5,0,2.14957
23.6,5.6,0,2.14739
23.6,5.7,0,2.20965
23.6,5.8,0,2.23029
23.6,5.9,0,2.2106
23.6,6,0,2.26448
23.6,6.1,0,2.27144
23.6,6.2,0,2.23101
23.6,6.3,0,2.2787
23.6,6.4,0,2.27055
23.6,6.5,0,2.20447
23.6,6.6,0,2.24553
23.6,6.7,0,2.22166
23.6,6.8,0,2.12927
23.6,6.9,0,2.16656
23.6,7,0,2.12925
23.6,7.1,0,2.01177
23.6,7.2,0,2.05123
23.6,7.3,0,2.00404
23.6,7.4,0,1.86228
23.6,7.5,0,1.90754
23.6,7.6,0,1.8529
23.6,7.7,0,1.68976
23.6,7.8,0,1.73586
23.6,7.9,0,1.67887
23.6,8,0,1.51239
23.6,8.1,0,1.56328
23.6,8.2,0,1.41973
23.6,8.3,0,1.38183
23.6,8.4,0,1.32941
23.6,8.5,0,1.22697
23.6,8.6,0,1.23669
23.6,8.7,0,1.1038
23.6,8.8,0,1.10874
23.6,8.9,0,1.03103
23.6,9,0,0.989122
23.6,9.1,0,0.95488
23.6,9.2,0,0.893007
23.6,9.3,0,0.877898
23.6,9.4,0,0.817362
23.6,9.5,0,0.794418
23.6,9.6,0,0.75498
23.6,9.7,0,0.721156
23.6,9.8,0,0.692623
23.6,9.9,0,0.656903
23.6,10,0,0.631057
23.6,10.1,0,0.600576
23.6,10.2,0,0.575665
23.6,10.3,0,0.548652
23.6,10.4,0,0.521963
23.6,10.5,0,0.496717
23.6,10.6,0,0.46745
23.6,10.7,0,0.440027
23.6,10.8,0,0.413675
23.6,10.9,0,0.384023
23.6,11,0,0.36036
23.6,11.1,0,0.337267
23.6,11.2,0,0.31381
23.6,11.3,0,0.29623
23.6,11.4,0,0.275923
23.6,11.5,0,0.255036
23.6,11.6,0,0.229295
23.6,11.7,0,0.206556
23.6,11.8,0,0.177085
23.6,11.9,0,0.142174
23.6,12,0,0.129133
23.6,12.1,0,0.0836401
23.6,12.2,0,0.0732828
23.6,12.3,0,0.0513335
23.6,12.4,0,0.0340184
23.6,12.5,0,0.0237159
23.6,12.6,0,0.013166
23.6,12.7,0,0
23.7,0,0,0
23.7,0.1,0,0.0269116
23.7,0.2,0,0.0541495
23.7,0.3,0,0.0820326
23.7,0.4,0,0.104565
23.7,0.5,0,0.130935
23.7,0.6,0,0.151732
23.7,0.7,0,0.176602
23.7,0.8,0,0.202241
23.7,0.9,0,0.224556
23.7,1,0,0.256031
23.7,1.1,0,0.2825
23.7,1.2,0,0.306117
23.7,1.3,0,0.331794
23.7,1.4,0,0.354042
23.7,1.5,0,0.375936
23.7,1.6,0,0.401327
23.7,1.7,0,0.422768
23.7,1.8,0,0.450894
23.7,1.9,0,0.475501
23.7,2,0,0.493975
23.7,2.1,0,0.525609
23.7,2.2,0,0.544447
23.7,2.3,0,0.571004
23.7,2.4,0,0.595974
23.7,2.5,0,0.609957
23.7,2.6,0,0.645207
23.7,2.7,0,0.66337
23.7,2.8,0,0.692657
23.7,2.9,0,0.724278
23.7,3,0,0.739626
23.7,3.1,0,0.792532
23.7,3.2,0,0.819232
23.7,3.3,0,0.863
23.7,3.4,0,0.912571
23.7,3.5,0,0.932381
23.7,3.6,0,1.01133
23.7,3.7,0,1.04807
23.7,3.8,0,1.10558
23.7,3.9,0,1.17196
23.7,4,0,1.19594
23.7,4.1,0,1.29304
23.7,4.2,0,1.33798
23.7,4.3,0,1.40194
23.7,4.4,0,1.47498
23.7,4.5,0,1.50653
23.7,4.6,0,1.60152
23.7,4.7,0,1.65074
23.7,4.8,0,1.71441
23.7,4.9,0,1.7857
23.7,5,0,1.82342
23.7,5.1,0,1.90621
23.7,5.2,0,1.95109
23.7,5.3,0,1.9685
23.7,5.4,0,2.04265
23.7,5.5,0,2.07467
23.7,5.6,0,2.07359
23.7,5.7,0,2.13446
23.7,5.8,0,2.1535
23.7,5.9,0,2.13507
23.7,6,0,2.18745
23.7,6.1,0,2.19497
23.7,6.2,0,2.15609
23.7,6.3,0,2.20206
23.7,6.4,0,2.19646
23.7,6.5,0,2.13233
23.7,6.6,0,2.17144
23.7,6.7,0,2.15195
23.7,6.8,0,2.06191
23.7,6.9,0,2.09701
23.7,7,0,2.06654
23.7,7.1,0,1.95186
23.7,7.2,0,1.98884
23.7,7.3,0,1.95135
23.7,7.4,0,1.81295
23.7,7.5,0,1.85533
23.7,7.6,0,1.81118
23.7,7.7,0,1.65188
23.7,7.8,0,1.69491
23.7,7.9,0,1.64575
23.7,8,0,1.48306
23.7,8.1,0,1.50707
23.7,8.2,0,1.39513
23.7,8.3,0,1.35724
23.7,8.4,0,1.30724
23.7,8.5,0,1.20479
23.7,8.6,0,1.19119
23.7,8.7,0,1.08243
23.7,8.8,0,1.07617
23.7,8.9,0,1.00941
23.7,9,0,0.967505
23.7,9.1,0,0.932715
23.7,9.2,0,0.870842
23.7,9.3,0,0.847727
23.7,9.4,0,0.794763
23.7,9.5,0,0.769759
23.7,9.6,0,0.732251
23.7,9.7,0,0.698427
23.7,9.8,0,0.669776
23.7,9.9,0,0.634394
23.7,10,0,0.608056
23.7,10.1,0,0.578652
23.7,10.2,0,0.553682
23.7,10.3,0,0.527957
23.7,10.4,0,0.501268
23.7,10.5,0,0.477293
23.7,10.6,0,0.448544
23.7,10.7,0,0.422097
23.7,10.8,0,0.3964
23.7,10.9,0,0.367037
23.7,11,0,0.344182
23.7,11.1,0,0.321089
23.7,11.2,0,0.299366
23.7,11.3,0,0.281456
23.7,11.4,0,0.262166
23.7,11.5,0,0.242699
23.7,11.6,0,0.216958
23.7,11.7,0,0.196536
23.7,11.8,0,0.167066
23.7,11.9,0,0.135585
23.7,12,0,0.119814
23.7,12.1,0,0.0803834
23.7,12.2,0,0.0644432
23.7,12.3,0,0.0424938
23.7,12.4,0,0.0284674
23.7,12.5,0,0.0181649
23.7,12.6,0,0.0108732
23.7,12.7,0,0
23.8,0,0,0
23.8,0.1,0,0.0264611
23.8,0.2,0,0.0522464
23.8,0.3,0,0.07999
23.8,0.4,0,0.101325
23.8,0.5,0,0.125681
23.8,0.6,0,0.146987
23.8,0.7,0,0.169055
23.8,0.8,0,0.194598
23.8,0.9,0,0.217908
23.8,1,0,0.246117
23.8,1.1,0,0.271142
23.8,1.2,0,0.294
23.8,1.3,0,0.319549
23.8,1.4,0,0.340131
23.8,1.5,0,0.3615
23.8,1.6,0,0.385021
23.8,1.7,0,0.405738
23.8,1.8,0,0.433626
23.8,1.9,0,0.45445
23.8,2,0,0.473863
23.8,2.1,0,0.50087
23.8,2.2,0,0.520934
23.8,2.3,0,0.547274
23.8,2.4,0,0.566907
23.8,2.5,0,0.583149
23.8,2.6,0,0.61259
23.8,2.7,0,0.633315
23.8,2.8,0,0.662397
23.8,2.9,0,0.687572
23.8,3,0,0.706851
23.8,3.1,0,0.751383
23.8,3.2,0,0.783353
23.8,3.3,0,0.826858
23.8,3.4,0,0.866182
23.8,3.5,0,0.893798
23.8,3.6,0,0.959582
23.8,3.7,0,1.00561
23.8,3.8,0,1.06285
23.8,3.9,0,1.11468
23.8,4,0,1.1498
23.8,4.1,0,1.23037
23.8,4.2,0,1.28615
23.8,4.3,0,1.34988
23.8,4.4,0,1.40769
23.8,4.5,0,1.44975
23.8,4.6,0,1.5301
23.8,4.7,0,1.58848
23.8,4.8,0,1.65198
23.8,4.9,0,1.71111
23.8,5,0,1.7574
23.8,5.1,0,1.82502
23.8,5.2,0,1.86991
23.8,5.3,0,1.89831
23.8,5.4,0,1.9556
23.8,5.5,0,1.98763
23.8,5.6,0,1.99979
23.8,5.7,0,2.04393
23.8,5.8,0,2.06297
23.8,5.9,0,2.05953
23.8,6,0,2.09397
23.8,6.1,0,2.10149
23.8,6.2,0,2.08117
23.8,6.3,0,2.10651
23.8,6.4,0,2.10091
23.8,6.5,0,2.0602
23.8,6.6,0,2.07586
23.8,6.7,0,2.05637
23.8,6.8,0,1.99455
23.8,6.9,0,2.00342
23.8,7,0,1.97295
23.8,7.1,0,1.89196
23.8,7.2,0,1.89914
23.8,7.3,0,1.86165
23.8,7.4,0,1.76362
23.8,7.5,0,1.77139
23.8,7.6,0,1.72724
23.8,7.7,0,1.61401
23.8,7.8,0,1.62016
23.8,7.9,0,1.571
23.8,8,0,1.45372
23.8,8.1,0,1.44404
23.8,8.2,0,1.37054
23.8,8.3,0,1.31376
23.8,8.4,0,1.25938
23.8,8.5,0,1.18262
23.8,8.6,0,1.14476
23.8,8.7,0,1.06106
23.8,8.8,0,1.03711
23.8,8.9,0,0.987794
23.8,9,0,0.940066
23.8,9.1,0,0.899245
23.8,9.2,0,0.848677
23.8,9.3,0,0.817555
23.8,9.4,0,0.772164
23.8,9.5,0,0.74276
23.8,9.6,0,0.709523
23.8,9.7,0,0.675
23.8,9.8,0,0.644821
23.8,9.9,0,0.611886
23.8,10,0,0.585055
23.8,10.1,0,0.556728
23.8,10.2,0,0.531564
23.8,10.3,0,0.50705
23.8,10.4,0,0.480585
23.8,10.5,0,0.456679
23.8,10.6,0,0.429638
23.8,10.7,0,0.404167
23.8,10.8,0,0.379125
23.8,10.9,0,0.351845
23.8,11,0,0.328313
23.8,11.1,0,0.304911
23.8,11.2,0,0.285296
23.8,11.3,0,0.266683
23.8,11.4,0,0.248408
23.8,11.5,0,0.230362
23.8,11.6,0,0.206636
23.8,11.7,0,0.186398
23.8,11.8,0,0.157046
23.8,11.9,0,0.13058
23.8,12,0,0.110496
23.8,12.1,0,0.0773611
23.8,12.2,0,0.0556035
23.8,12.3,0,0.0374194
23.8,12.4,0,0.0237971
23.8,12.5,0,0.0126138
23.8,12.6,0,0.0079994
23.8,12.7,0,0
23.9,0,0,0
23.9,0.1,0,0.0260106
23.9,0.2,0,0.0517958
23.9,0.3,0,0.0767505
23.9,0.4,0,0.0980858
23.9,0.5,0,0.120428
23.9,0.6,0,0.142242
23.9,0.7,0,0.16431
23.9,0.8,0,0.187951
23.9,0.9,0,0.21126
23.9,1,0,0.236203
23.9,1.1,0,0.259783
23.9,1.2,0,0.282641
23.9,1.3,0,0.305638
23.9,1.4,0,0.32622
23.9,1.5,0,0.347064
23.9,1.6,0,0.368715
23.9,1.7,0,0.389432
23.9,1.8,0,0.412575
23.9,1.9,0,0.433398
23.9,2,0,0.453752
23.9,2.1,0,0.47613
23.9,2.2,0,0.496195
23.9,2.3,0,0.518207
23.9,2.4,0,0.537839
23.9,2.5,0,0.556342
23.9,2.6,0,0.579972
23.9,2.7,0,0.600697
23.9,2.8,0,0.625691
23.9,2.9,0,0.650866
23.9,3,0,0.674076
23.9,3.1,0,0.710233
23.9,3.2,0,0.742203
23.9,3.3,0,0.78047
23.9,3.4,0,0.819793
23.9,3.5,0,0.855214
23.9,3.6,0,0.907831
23.9,3.7,0,0.953863
23.9,3.8,0,1.00556
23.9,3.9,0,1.0574
23.9,4,0,1.10366
23.9,4.1,0,1.1677
23.9,4.2,0,1.22348
23.9,4.3,0,1.28259
23.9,4.4,0,1.34041
23.9,4.5,0,1.39297
23.9,4.6,0,1.45867
23.9,4.7,0,1.51706
23.9,4.8,0,1.57739
23.9,4.9,0,1.63653
23.9,5,0,1.69137
23.9,5.1,0,1.74384
23.9,5.2,0,1.78872
23.9,5.3,0,1.82811
23.9,5.4,0,1.86856
23.9,5.5,0,1.90058
23.9,5.6,0,1.92599
23.9,5.7,0,1.9534
23.9,5.8,0,1.97244
23.9,5.9,0,1.98399
23.9,6,0,2.00049
23.9,6.1,0,2.008
23.9,6.2,0,2.00624
23.9,6.3,0,2.01096
23.9,6.4,0,2.00536
23.9,6.5,0,1.98806
23.9,6.6,0,1.98029
23.9,6.7,0,1.96079
23.9,6.8,0,1.92719
23.9,6.9,0,1.90984
23.9,7,0,1.87936
23.9,7.1,0,1.83205
23.9,7.2,0,1.80945
23.9,7.3,0,1.77196
23.9,7.4,0,1.71429
23.9,7.5,0,1.68745
23.9,7.6,0,1.64331
23.9,7.7,0,1.57613
23.9,7.8,0,1.54541
23.9,7.9,0,1.49625
23.9,8,0,1.42439
23.9,8.1,0,1.38101
23.9,8.2,0,1.3208
23.9,8.3,0,1.25983
23.9,8.4,0,1.20545
23.9,8.5,0,1.14857
23.9,8.6,0,1.09833
23.9,8.7,0,1.03969
23.9,8.8,0,0.998041
23.9,8.9,0,0.951885
23.9,9,0,0.906287
23.9,9.1,0,0.865466
23.9,9.2,0,0.823914
23.9,9.3,0,0.787384
23.9,9.4,0,0.749565
23.9,9.5,0,0.715762
23.9,9.6,0,0.682592
23.9,9.7,0,0.650045
23.9,9.8,0,0.619867
23.9,9.9,0,0.589299
23.9,10,0,0.562054
23.9,10.1,0,0.534805
23.9,10.2,0,0.509446
23.9,10.3,0,0.484932
23.9,10.4,0,0.45997
23.9,10.5,0,0.436064
23.9,10.6,0,0.410733
23.9,10.7,0,0.386237
23.9,10.8,0,0.361746
23.9,10.9,0,0.336653
23.9,11,0,0.313122
23.9,11.1,0,0.290807
23.9,11.2,0,0.271226
23.9,11.3,0,0.25191
23.9,11.4,0,0.234651
23.9,11.5,0,0.217564
23.9,11.6,0,0.196369
23.9,11.7,0,0.176131
23.9,11.8,0,0.151134
23.9,11.9,0,0.125575
23.9,12,0,0.101177
23.9,12.1,0,0.0743388
23.9,12.2,0,0.0496107
23.9,12.3,0,0.0332368
23.9,12.4,0,0.0196144
23.9,12.5,0,0.00881441
23.9,12.6,0,0.00512564
23.9,12.7,0,0
24,0,0,0
24,0.1,0,0.0271756
24,0.2,0,0.0529609
24,0.3,0,0.0733311
24,0.4,0,0.0946663
24,0.5,0,0.114813
24,0.6,0,0.137441
24,0.7,0,0.159509
24,0.8,0,0.180959
24,0.9,0,0.204268
24,1,0,0.225019
24,1.1,0,0.248914
24,1.2,0,0.271772
24,1.3,0,0.291971
24,1.4,0,0.312553
24,1.5,0,0.330142
24,1.6,0,0.352121
24,1.7,0,0.372838
24,1.8,0,0.391777
24,1.9,0,0.4126
24,2,0,0.430353
24,2.1,0,0.451382
24,2.2,0,0.471446
24,2.3,0,0.489288
24,2.4,0,0.50892
24,2.5,0,0.526042
24,2.6,0,0.546853
24,2.7,0,0.567579
24,2.8,0,0.588051
24,2.9,0,0.613226
24,3,0,0.63696
24,3.1,0,0.667827
24,3.2,0,0.699797
24,3.3,0,0.732966
24,3.4,0,0.77229
24,3.5,0,0.810063
24,3.6,0,0.85503
24,3.7,0,0.901062
24,3.8,0,0.947455
24,3.9,0,0.999289
24,4,0,1.04834
24,4.1,0,1.10458
24,4.2,0,1.16036
24,4.3,0,1.21509
24,4.4,0,1.27291
24,4.5,0,1.32548
24,4.6,0,1.38728
24,4.7,0,1.44566
24,4.8,0,1.50254
24,4.9,0,1.56167
24,5,0,1.61222
24,5.1,0,1.66478
24,5.2,0,1.70967
24,5.3,0,1.7433
24,5.4,0,1.78437
24,5.5,0,1.8164
24,5.6,0,1.83655
24,5.7,0,1.86504
24,5.8,0,1.88408
24,5.9,0,1.89202
24,6,0,1.9093
24,6.1,0,1.91682
24,6.2,0,1.91397
24,6.3,0,1.91819
24,6.4,0,1.9126
24,6.5,0,1.89754
24,6.6,0,1.8873
24,6.7,0,1.86781
24,6.8,0,1.84042
24,6.9,0,1.8179
24,7,0,1.78743
24,7.1,0,1.75124
24,7.2,0,1.72081
24,7.3,0,1.68332
24,7.4,0,1.64164
24,7.5,0,1.60503
24,7.6,0,1.56088
24,7.7,0,1.51274
24,7.8,0,1.47108
24,7.9,0,1.42193
24,8,0,1.36957
24,8.1,0,1.31699
24,8.2,0,1.25678
24,8.3,0,1.20512
24,8.4,0,1.15074
24,8.5,0,1.10166
24,8.6,0,1.05142
24,8.7,0,0.99813
24,8.8,0,0.958212
24,8.9,0,0.912056
24,9,0,0.871654
24,9.1,0,0.830833
24,9.2,0,0.793296
24,9.3,0,0.756765
24,9.4,0,0.718691
24,9.5,0,0.688191
24,9.6,0,0.655021
24,9.7,0,0.624756
24,9.8,0,0.594578
24,9.9,0,0.565743
24,10,0,0.538499
24,10.1,0,0.511227
24,10.2,0,0.487054
24,10.3,0,0.462541
24,10.4,0,0.439445
24,10.5,0,0.415538
24,10.6,0,0.392855
24,10.7,0,0.368395
24,10.8,0,0.343904
24,10.9,0,0.321083
24,11,0,0.297551
24,11.1,0,0.275918
24,11.2,0,0.256337
24,11.3,0,0.237822
24,11.4,0,0.220955
24,11.5,0,0.203869
24,11.6,0,0.186995
24,11.7,0,0.166757
24,11.8,0,0.14685
24,11.9,0,0.121291
24,12,0,0.0953243
24,12.1,0,0.0703443
24,12.2,0,0.0456161
24,12.3,0,0.0266589
24,12.4,0,0.0130365
24,12.5,0,0.0053238
24,12.6,0,0.00163504
24,12.7,0,0
24.1,0,0,0
24.1,0.1,0,0.0299562
24.1,0.2,0,0.0557415
24.1,0.3,0,0.0697316
24.1,0.4,0,0.0910668
24.1,0.5,0,0.108838
24.1,0.6,0,0.132583
24.1,0.7,0,0.154651
24.1,0.8,0,0.173623
24.1,0.9,0,0.196933
24.1,1,0,0.212565
24.1,1.1,0,0.238535
24.1,1.2,0,0.261393
24.1,1.3,0,0.27855
24.1,1.4,0,0.299132
24.1,1.5,0,0.310734
24.1,1.6,0,0.335239
24.1,1.7,0,0.355956
24.1,1.8,0,0.371233
24.1,1.9,0,0.392056
24.1,2,0,0.403668
24.1,2.1,0,0.426625
24.1,2.2,0,0.446689
24.1,2.3,0,0.460516
24.1,2.4,0,0.480149
24.1,2.5,0,0.492251
24.1,2.6,0,0.513234
24.1,2.7,0,0.53396
24.1,2.8,0,0.549476
24.1,2.9,0,0.574651
24.1,3,0,0.595502
24.1,3.1,0,0.624163
24.1,3.2,0,0.656133
24.1,3.3,0,0.684348
24.1,3.4,0,0.723672
24.1,3.5,0,0.758344
24.1,3.6,0,0.80118
24.1,3.7,0,0.847212
24.1,3.8,0,0.888527
24.1,3.9,0,0.940361
24.1,4,0,0.983833
24.1,4.1,0,1.04101
24.1,4.2,0,1.09679
24.1,4.3,0,1.14739
24.1,4.4,0,1.20521
24.1,4.5,0,1.24729
24.1,4.6,0,1.3159
24.1,4.7,0,1.37429
24.1,4.8,0,1.42742
24.1,4.9,0,1.48655
24.1,5,0,1.51994
24.1,5.1,0,1.58785
24.1,5.2,0,1.63273
24.1,5.3,0,1.64386
24.1,5.4,0,1.70304
24.1,5.5,0,1.73506
24.1,5.6,0,1.73148
24.1,5.7,0,1.77884
24.1,5.8,0,1.79789
24.1,5.9,0,1.7836
24.1,6,0,1.8204
24.1,6.1,0,1.82792
24.1,6.2,0,1.80435
24.1,6.3,0,1.82821
24.1,6.4,0,1.82262
24.1,6.5,0,1.78864
24.1,6.6,0,1.79692
24.1,6.7,0,1.77743
24.1,6.8,0,1.73424
24.1,6.9,0,1.72763
24.1,7,0,1.69715
24.1,7.1,0,1.64953
24.1,7.2,0,1.63324
24.1,7.3,0,1.59575
24.1,7.4,0,1.54568
24.1,7.5,0,1.52412
24.1,7.6,0,1.47998
24.1,7.7,0,1.42385
24.1,7.8,0,1.39718
24.1,7.9,0,1.34803
24.1,8,0,1.28929
24.1,8.1,0,1.25198
24.1,8.2,0,1.18954
24.1,8.3,0,1.14963
24.1,8.4,0,1.09525
24.1,8.5,0,1.046
24.1,8.6,0,1.00403
24.1,8.7,0,0.941654
24.1,8.8,0,0.91762
24.1,8.9,0,0.869743
24.1,9,0,0.836166
24.1,9.1,0,0.795345
24.1,9.2,0,0.752974
24.1,9.3,0,0.7257
24.1,9.4,0,0.678552
24.1,9.5,0,0.660047
24.1,9.6,0,0.626751
24.1,9.7,0,0.599132
24.1,9.8,0,0.568954
24.1,9.9,0,0.534574
24.1,10,0,0.514389
24.1,10.1,0,0.481819
24.1,10.2,0,0.46439
24.1,10.3,0,0.439876
24.1,10.4,0,0.419008
24.1,10.5,0,0.395102
24.1,10.6,0,0.369371
24.1,10.7,0,0.350641
24.1,10.8,0,0.324158
24.1,10.9,0,0.305133
24.1,11,0,0.281601
24.1,11.1,0,0.260187
24.1,11.2,0,0.240629
24.1,11.3,0,0.222894
24.1,11.4,0,0.207323
24.1,11.5,0,0.191083
24.1,11.6,0,0.178513
24.1,11.7,0,0.158276
24.1,11.8,0,0.1424
24.1,11.9,0,0.117727
24.1,12,0,0.0911091
24.1,12.1,0,0.0653774
24.1,12.2,0,0.0423138
24.1,12.3,0,0.0176857
24.1,12.4,0,0.00406336
24.1,12.5,0,0.00229082
24.1,12.6,0,-0.00247242
24.1,12.7,0,0
24.2,0,0,0
24.2,0.1,0,0.0327368
24.2,0.2,0,0.0533116
24.2,0.3,0,0.0669826
24.2,0.4,0,0.0874672
24.2,0.5,0,0.102862
24.2,0.6,0,0.127725
24.2,0.7,0,0.145939
24.2,0.8,0,0.164787
24.2,0.9,0,0.189597
24.2,1,0,0.200112
24.2,1.1,0,0.228155
24.2,1.2,0,0.245567
24.2,1.3,0,0.262572
24.2,1.4,0,0.28571
24.2,1.5,0,0.291325
24.2,1.6,0,0.318357
24.2,1.7,0,0.333292
24.2,1.8,0,0.348386
24.2,1.9,0,0.371512
24.2,2,0,0.376983
24.2,2.1,0,0.401868
24.2,2.2,0,0.416697
24.2,2.3,0,0.430323
24.2,2.4,0,0.451377
24.2,2.5,0,0.45846
24.2,2.6,0,0.479615
24.2,2.7,0,0.496748
24.2,2.8,0,0.512017
24.2,2.9,0,0.536076
24.2,3,0,0.554045
24.2,3.1,0,0.580499
24.2,3.2,0,0.61005
24.2,3.3,0,0.638018
24.2,3.4,0,0.675054
24.2,3.5,0,0.706626
24.2,3.6,0,0.74733
24.2,3.7,0,0.789542
24.2,3.8,0,0.830603
24.2,3.9,0,0.881432
24.2,4,0,0.91933
24.2,4.1,0,0.977444
24.2,4.2,0,1.02584
24.2,4.3,0,1.07624
24.2,4.4,0,1.13751
24.2,4.5,0,1.1691
24.2,4.6,0,1.24453
24.2,4.7,0,1.2899
24.2,4.8,0,1.34284
24.2,4.9,0,1.41143
24.2,5,0,1.42767
24.2,5.1,0,1.51091
24.2,5.2,0,1.5558
24.2,5.3,0,1.54442
24.2,5.4,0,1.6217
24.2,5.5,0,1.65373
24.2,5.6,0,1.62641
24.2,5.7,0,1.69265
24.2,5.8,0,1.7117
24.2,5.9,0,1.67519
24.2,6,0,1.7315
24.2,6.1,0,1.73902
24.2,6.2,0,1.69472
24.2,6.3,0,1.73823
24.2,6.4,0,1.73264
24.2,6.5,0,1.67974
24.2,6.6,0,1.70653
24.2,6.7,0,1.68704
24.2,6.8,0,1.62806
24.2,6.9,0,1.63735
24.2,7,0,1.60688
24.2,7.1,0,1.54782
24.2,7.2,0,1.54566
24.2,7.3,0,1.50817
24.2,7.4,0,1.44972
24.2,7.5,0,1.44322
24.2,7.6,0,1.39907
24.2,7.7,0,1.33495
24.2,7.8,0,1.32328
24.2,7.9,0,1.27412
24.2,8,0,1.209
24.2,8.1,0,1.18697
24.2,8.2,0,1.1181
24.2,8.3,0,1.08846
24.2,8.4,0,1.03821
24.2,8.5,0,0.982397
24.2,8.6,0,0.95665
24.2,8.7,0,0.885177
24.2,8.8,0,0.877028
24.2,8.9,0,0.819631
24.2,9,0,0.793056
24.2,9.1,0,0.759611
24.2,9.2,0,0.708206
24.2,9.3,0,0.694635
24.2,9.4,0,0.638413
24.2,9.5,0,0.631904
24.2,9.6,0,0.59066
24.2,9.7,0,0.566326
24.2,9.8,0,0.543329
24.2,9.9,0,0.502064
24.2,10,0,0.490278
24.2,10.1,0,0.452412
24.2,10.2,0,0.441725
24.2,10.3,0,0.413883
24.2,10.4,0,0.393347
24.2,10.5,0,0.374666
24.2,10.6,0,0.345886
24.2,10.7,0,0.332888
24.2,10.8,0,0.304035
24.2,10.9,0,0.289183
24.2,11,0,0.264825
24.2,11.1,0,0.243033
24.2,11.2,0,0.224921
24.2,11.3,0,0.207967
24.2,11.4,0,0.19369
24.2,11.5,0,0.178704
24.2,11.6,0,0.169929
24.2,11.7,0,0.149805
24.2,11.8,0,0.133939
24.2,11.9,0,0.114163
24.2,12,0,0.0868939
24.2,12.1,0,0.0604105
24.2,12.2,0,0.0406066
24.2,12.3,0,0.0101039
24.2,12.4,0,-0.00206822
24.2,12.5,0,0.00129108
24.2,12.6,0,-0.00657988
24.2,12.7,0,0
24.3,0,0,0
24.3,0.1,0,0.0344051
24.3,0.2,0,0.0506074
24.3,0.3,0,0.0642785
24.3,0.4,0,0.0829173
24.3,0.5,0,0.0968866
24.3,0.6,0,0.12242
24.3,0.7,0,0.137024
24.3,0.8,0,0.155872
24.3,0.9,0,0.180214
24.3,1,0,0.187658
24.3,1.1,0,0.216946
24.3,1.2,0,0.229455
24.3,1.3,0,0.24646
24.3,1.4,0,0.269894
24.3,1.5,0,0.271917
24.3,1.6,0,0.300464
24.3,1.7,0,0.310324
24.3,1.8,0,0.325418
24.3,1.9,0,0.348512
24.3,2,0,0.350298
24.3,2.1,0,0.37634
24.3,2.2,0,0.386428
24.3,2.3,0,0.400055
24.3,2.4,0,0.420598
24.3,2.5,0,0.424669
24.3,2.6,0,0.445927
24.3,2.7,0,0.459348
24.3,2.8,0,0.474616
24.3,2.9,0,0.496347
24.3,3,0,0.512587
24.3,3.1,0,0.537717
24.3,3.2,0,0.563841
24.3,3.3,0,0.591809
24.3,3.4,0,0.625195
24.3,3.5,0,0.654907
24.3,3.6,0,0.694332
24.3,3.7,0,0.731671
24.3,3.8,0,0.772732
24.3,3.9,0,0.820274
24.3,4,0,0.854827
24.3,4.1,0,0.913502
24.3,4.2,0,0.954509
24.3,4.3,0,1.0049
24.3,4.4,0,1.06561
24.3,4.5,0,1.09091
24.3,4.6,0,1.17043
24.3,4.7,0,1.20483
24.3,4.8,0,1.25778
24.3,4.9,0,1.32944
24.3,5,0,1.33539
24.3,5.1,0,1.41991
24.3,5.2,0,1.45823
24.3,5.3,0,1.44498
24.3,5.4,0,1.52377
24.3,5.5,0,1.55063
24.3,5.6,0,1.52134
24.3,5.7,0,1.58915
24.3,5.8,0,1.60513
24.3,5.9,0,1.56677
24.3,6,0,1.62471
24.3,6.1,0,1.63112
24.3,6.2,0,1.5851
24.3,6.3,0,1.63024
24.3,6.4,0,1.62531
24.3,6.5,0,1.57083
24.3,6.6,0,1.59917
24.3,6.7,0,1.58217
24.3,6.8,0,1.52188
24.3,6.9,0,1.5325
24.3,7,0,1.50612
24.3,7.1,0,1.44611
24.3,7.2,0,1.44513
24.3,7.3,0,1.41291
24.3,7.4,0,1.35376
24.3,7.5,0,1.34851
24.3,7.6,0,1.31084
24.3,7.7,0,1.24605
24.3,7.8,0,1.23564
24.3,7.9,0,1.19437
24.3,8,0,1.12872
24.3,8.1,0,1.11887
24.3,8.2,0,1.04665
24.3,8.3,0,1.01701
24.3,8.4,0,0.974615
24.3,8.5,0,0.918799
24.3,8.6,0,0.908927
24.3,8.7,0,0.828701
24.3,8.8,0,0.830606
24.3,8.9,0,0.76952
24.3,9,0,0.742945
24.3,9.1,0,0.714844
24.3,9.2,0,0.663439
24.3,9.3,0,0.66357
24.3,9.4,0,0.598275
24.3,9.5,0,0.597381
24.3,9.6,0,0.55457
24.3,9.7,0,0.530235
24.3,9.8,0,0.511772
24.3,9.9,0,0.469555
24.3,10,0,0.466168
24.3,10.1,0,0.423005
24.3,10.2,0,0.414362
24.3,10.3,0,0.387308
24.3,10.4,0,0.366772
24.3,10.5,0,0.352105
24.3,10.6,0,0.322402
24.3,10.7,0,0.315134
24.3,10.8,0,0.283911
24.3,10.9,0,0.269637
24.3,11,0,0.247672
24.3,11.1,0,0.22588
24.3,11.2,0,0.209629
24.3,11.3,0,0.193039
24.3,11.4,0,0.180057
24.3,11.5,0,0.166325
24.3,11.6,0,0.15755
24.3,11.7,0,0.141344
24.3,11.8,0,0.125477
24.3,11.9,0,0.11036
24.3,12,0,0.0826787
24.3,12.1,0,0.0554716
24.3,12.2,0,0.0388995
24.3,12.3,0,0.00839674
24.3,12.4,0,-0.00306796
24.3,12.5,0,0.00029133
24.3,12.6,0,-0.00985711
24.3,12.7,0,0
24.4,0,0,0
24.4,0.1,0,0.0344051
24.4,0.2,0,0.0479033
24.4,0.3,0,0.0615744
24.4,0.4,0,0.0769417
24.4,0.5,0,0.0909109
24.4,0.6,0,0.116445
24.4,0.7,0,0.128109
24.4,0.8,0,0.146957
24.4,0.9,0,0.167761
24.4,1,0,0.175205
24.4,1.1,0,0.204493
24.4,1.2,0,0.213343
24.4,1.3,0,0.230348
24.4,1.4,0,0.250486
24.4,1.5,0,0.252509
24.4,1.6,0,0.281056
24.4,1.7,0,0.287355
24.4,1.8,0,0.302449
24.4,1.9,0,0.321826
24.4,2,0,0.323612
24.4,2.1,0,0.349654
24.4,2.2,0,0.35616
24.4,2.3,0,0.369787
24.4,2.4,0,0.386807
24.4,2.5,0,0.390878
24.4,2.6,0,0.412136
24.4,2.7,0,0.421948
24.4,2.8,0,0.437216
24.4,2.9,0,0.45489
24.4,3,0,0.471129
24.4,3.1,0,0.496259
24.4,3.2,0,0.517631
24.4,3.3,0,0.545599
24.4,3.4,0,0.573477
24.4,3.5,0,0.603188
24.4,3.6,0,0.642613
24.4,3.7,0,0.6738
24.4,3.8,0,0.714862
24.4,3.9,0,0.755771
24.4,4,0,0.790324
24.4,4.1,0,0.848999
24.4,4.2,0,0.883173
24.4,4.3,0,0.933564
24.4,4.4,0,0.987414
24.4,4.5,0,1.01271
24.4,4.6,0,1.09224
24.4,4.7,0,1.11976
24.4,4.8,0,1.17271
24.4,4.9,0,1.23716
24.4,5,0,1.24311
24.4,5.1,0,1.32763
24.4,5.2,0,1.35879
24.4,5.3,0,1.34554
24.4,5.4,0,1.42433
24.4,5.5,0,1.44556
24.4,5.6,0,1.41627
24.4,5.7,0,1.48408
24.4,5.8,0,1.49672
24.4,5.9,0,1.45836
24.4,6,0,1.5163
24.4,6.1,0,1.5215
24.4,6.2,0,1.47547
24.4,6.3,0,1.52062
24.4,6.4,0,1.51641
24.4,6.5,0,1.46193
24.4,6.6,0,1.49027
24.4,6.7,0,1.47599
24.4,6.8,0,1.4157
24.4,6.9,0,1.42632
24.4,7,0,1.40442
24.4,7.1,0,1.3444
24.4,7.2,0,1.34342
24.4,7.3,0,1.31695
24.4,7.4,0,1.2578
24.4,7.5,0,1.25255
24.4,7.6,0,1.22195
24.4,7.7,0,1.15716
24.4,7.8,0,1.14674
24.4,7.9,0,1.11408
24.4,8,0,1.04843
24.4,8.1,0,1.03828
24.4,8.2,0,0.975207
24.4,8.3,0,0.945567
24.4,8.4,0,0.911017
24.4,8.5,0,0.8552
24.4,8.6,0,0.849001
24.4,8.7,0,0.772225
24.4,8.8,0,0.77413
24.4,8.9,0,0.719409
24.4,9,0,0.692833
24.4,9.1,0,0.670076
24.4,9.2,0,0.618671
24.4,9.3,0,0.619415
24.4,9.4,0,0.558136
24.4,9.5,0,0.557242
24.4,9.6,0,0.518479
24.4,9.7,0,0.494145
24.4,9.8,0,0.479262
24.4,9.9,0,0.437045
24.4,10,0,0.433754
24.4,10.1,0,0.393598
24.4,10.2,0,0.384955
24.4,10.3,0,0.360733
24.4,10.4,0,0.340197
24.4,10.5,0,0.328621
24.4,10.6,0,0.298917
24.4,10.7,0,0.29204
24.4,10.8,0,0.263787
24.4,10.9,0,0.249513
24.4,11,0,0.230518
24.4,11.1,0,0.208726
24.4,11.2,0,0.194701
24.4,11.3,0,0.178112
24.4,11.4,0,0.165768
24.4,11.5,0,0.153946
24.4,11.6,0,0.145171
24.4,11.7,0,0.132883
24.4,11.8,0,0.117016
24.4,11.9,0,0.106145
24.4,12,0,0.0784635
24.4,12.1,0,0.05195
24.4,12.2,0,0.0371923
24.4,12.3,0,0.00668958
24.4,12.4,0,-0.00406771
24.4,12.5,0,-0.000708414
24.4,12.6,0,-0.00970833
24.4,12.7,0,0
24.5,0,0,0
24.5,0.1,0,0.0297431
24.5,0.2,0,0.0451992
24.5,0.3,0,0.0588703
24.5,0.4,0,0.0717271
24.5,0.5,0,0.0849353
24.5,0.6,0,0.10702
24.5,0.7,0,0.119193
24.5,0.8,0,0.138041
24.5,0.9,0,0.153964
24.5,1,0,0.162751
24.5,1.1,0,0.187166
24.5,1.2,0,0.197231
24.5,1.3,0,0.214236
24.5,1.4,0,0.22879
24.5,1.5,0,0.233101
24.5,1.6,0,0.256475
24.5,1.7,0,0.264387
24.5,1.8,0,0.279481
24.5,1.9,0,0.293081
24.5,2,0,0.296927
24.5,2.1,0,0.318285
24.5,2.2,0,0.325892
24.5,2.3,0,0.339519
24.5,2.4,0,0.351744
24.5,2.5,0,0.357087
24.5,2.6,0,0.375131
24.5,2.7,0,0.384548
24.5,2.8,0,0.399816
24.5,2.9,0,0.414431
24.5,3,0,0.429672
24.5,3.1,0,0.452638
24.5,3.2,0,0.471421
24.5,3.3,0,0.499389
24.5,3.4,0,0.523805
24.5,3.5,0,0.551469
24.5,3.6,0,0.587477
24.5,3.7,0,0.61593
24.5,3.8,0,0.656991
24.5,3.9,0,0.692167
24.5,4,0,0.725822
24.5,4.1,0,0.777894
24.5,4.2,0,0.811837
24.5,4.3,0,0.862228
24.5,4.4,0,0.906133
24.5,4.5,0,0.93452
24.5,4.6,0,1.0024
24.5,4.7,0,1.03469
24.5,4.8,0,1.08764
24.5,4.9,0,1.13643
24.5,5,0,1.15083
24.5,5.1,0,1.22786
24.5,5.2,0,1.25424
24.5,5.3,0,1.2461
24.5,5.4,0,1.31698
24.5,5.5,0,1.33446
24.5,5.6,0,1.3112
24.5,5.7,0,1.37161
24.5,5.8,0,1.38201
24.5,5.9,0,1.34994
24.5,6,0,1.40098
24.5,6.1,0,1.40537
24.5,6.2,0,1.36585
24.5,6.3,0,1.40469
24.5,6.4,0,1.40096
24.5,6.5,0,1.35303
24.5,6.6,0,1.3761
24.5,6.7,0,1.36364
24.5,6.8,0,1.30952
24.5,6.9,0,1.31632
24.5,7,0,1.2974
24.5,7.1,0,1.24269
24.5,7.2,0,1.23892
24.5,7.3,0,1.21628
24.5,7.4,0,1.16184
24.5,7.5,0,1.15393
24.5,7.6,0,1.12803
24.5,7.7,0,1.06826
24.5,7.8,0,1.05571
24.5,7.9,0,1.0288
24.5,8,0,0.968145
24.5,8.1,0,0.951558
24.5,8.2,0,0.903762
24.5,8.3,0,0.874122
24.5,8.4,0,0.846484
24.5,8.5,0,0.791602
24.5,8.6,0,0.776311
24.5,8.7,0,0.715749
24.5,8.8,0,0.709249
24.5,8.9,0,0.669297
24.5,9,0,0.642722
24.5,9.1,0,0.622042
24.5,9.2,0,0.573904
24.5,9.3,0,0.565574
24.5,9.4,0,0.517998
24.5,9.5,0,0.511396
24.5,9.6,0,0.482388
24.5,9.7,0,0.458054
24.5,9.8,0,0.442689
24.5,9.9,0,0.404535
24.5,10,0,0.395947
24.5,10.1,0,0.364191
24.5,10.2,0,0.353384
24.5,10.3,0,0.334157
24.5,10.4,0,0.313622
24.5,10.5,0,0.30174
24.5,10.6,0,0.275433
24.5,10.7,0,0.266185
24.5,10.8,0,0.243663
24.5,10.9,0,0.228921
24.5,11,0,0.213364
24.5,11.1,0,0.191572
24.5,11.2,0,0.178735
24.5,11.3,0,0.163185
24.5,11.4,0,0.152095
24.5,11.5,0,0.141567
24.5,11.6,0,0.132796
24.5,11.7,0,0.124421
24.5,11.8,0,0.108555
24.5,11.9,0,0.0976053
24.5,12,0,0.0742483
24.5,12.1,0,0.0509945
24.5,12.2,0,0.0354851
24.5,12.3,0,0.00544896
24.5,12.4,0,-0.00506745
24.5,12.5,0,-0.00170816
24.5,12.6,0,-0.00660062
24.5,12.7,0,0
24.6,0,0,0
24.6,0.1,0,0.0242584
24.6,0.2,0,0.0416609
24.6,0.3,0,0.0554533
24.6,0.4,0,0.0666469
24.6,0.5,0,0.0789597
24.6,0.6,0,0.0969872
24.6,0.7,0,0.109943
24.6,0.8,0,0.127591
24.6,0.9,0,0.139931
24.6,1,0,0.150298
24.6,1.1,0,0.16898
24.6,1.2,0,0.180496
24.6,1.3,0,0.196327
24.6,1.4,0,0.206692
24.6,1.5,0,0.213693
24.6,1.6,0,0.230981
24.6,1.7,0,0.240661
24.6,1.8,0,0.254671
24.6,1.9,0,0.263971
24.6,2,0,0.270242
24.6,2.1,0,0.286088
24.6,2.2,0,0.295046
24.6,2.3,0,0.307744
24.6,2.4,0,0.316456
24.6,2.5,0,0.323295
24.6,2.6,0,0.337559
24.6,2.7,0,0.347096
24.6,2.8,0,0.361551
24.6,2.9,0,0.374148
24.6,3,0,0.388214
24.6,3.1,0,0.408635
24.6,3.2,0,0.425873
24.6,3.3,0,0.452249
24.6,3.4,0,0.474495
24.6,3.5,0,0.49975
24.6,3.6,0,0.531737
24.6,3.7,0,0.558698
24.6,3.8,0,0.597448
24.6,3.9,0,0.628722
24.6,4,0,0.661319
24.6,4.1,0,0.705624
24.6,4.2,0,0.740221
24.6,4.3,0,0.787745
24.6,4.4,0,0.824307
24.6,4.5,0,0.856327
24.6,4.6,0,0.910513
24.6,4.7,0,0.947577
24.6,4.8,0,0.99742
24.6,4.9,0,1.03421
24.6,5,0,1.05856
24.6,5.1,0,1.11307
24.6,5.2,0,1.13946
24.6,5.3,0,1.14666
24.6,5.4,0,1.19381
24.6,5.5,0,1.21128
24.6,5.6,0,1.20613
24.6,5.7,0,1.24431
24.6,5.8,0,1.25472
24.6,5.9,0,1.24153
24.6,6,0,1.27183
24.6,6.1,0,1.27623
24.6,6.2,0,1.25622
24.6,6.3,0,1.27614
24.6,6.4,0,1.27241
24.6,6.5,0,1.24413
24.6,6.6,0,1.25141
24.6,6.7,0,1.23894
24.6,6.8,0,1.20333
24.6,6.9,0,1.19871
24.6,7,0,1.17979
24.6,7.1,0,1.14098
24.6,7.2,0,1.12882
24.6,7.3,0,1.10619
24.6,7.4,0,1.06588
24.6,7.5,0,1.04997
24.6,7.6,0,1.02408
24.6,7.7,0,0.979366
24.6,7.8,0,0.960433
24.6,7.9,0,0.933518
24.6,8,0,0.887859
24.6,8.1,0,0.86484
24.6,8.2,0,0.832318
24.6,8.3,0,0.79543
24.6,8.4,0,0.766929
24.6,8.5,0,0.728003
24.6,8.6,0,0.70362
24.6,8.7,0,0.659273
24.6,8.8,0,0.643253
24.6,8.9,0,0.618088
24.6,9,0,0.585848
24.6,9.1,0,0.56265
24.6,9.2,0,0.529136
24.6,9.3,0,0.511733
24.6,9.4,0,0.477859
24.6,9.5,0,0.46331
24.6,9.6,0,0.44349
24.6,9.7,0,0.418081
24.6,9.8,0,0.399712
24.6,9.9,0,0.372026
24.6,10,0,0.35814
24.6,10.1,0,0.334784
24.6,10.2,0,0.320067
24.6,10.3,0,0.304892
24.6,10.4,0,0.28583
24.6,10.5,0,0.272117
24.6,10.6,0,0.251949
24.6,10.7,0,0.240331
24.6,10.8,0,0.223539
24.6,10.9,0,0.207593
24.6,11,0,0.193857
24.6,11.1,0,0.174601
24.6,11.2,0,0.162362
24.6,11.3,0,0.148257
24.6,11.4,0,0.138421
24.6,11.5,0,0.129188
24.6,11.6,0,0.120437
24.6,11.7,0,0.11312
24.6,11.8,0,0.100049
24.6,11.9,0,0.0884929
24.6,12,0,0.0700331
24.6,12.1,0,0.050039
24.6,12.2,0,0.033778
24.6,12.3,0,0.0117152
24.6,12.4,0,0.00042584
24.6,12.5,0,-0.0027079
24.6,12.6,0,-0.00349291
24.6,12.7,0,0
24.7,0,0,0
24.7,0.1,0,0.0187737
24.7,0.2,0,0.0361761
24.7,0.3,0,0.050373
24.7,0.4,0,0.0615666
24.7,0.5,0,0.0729841
24.7,0.6,0,0.086954
24.7,0.7,0,0.0999096
24.7,0.8,0,0.113558
24.7,0.9,0,0.125898
24.7,1,0,0.137844
24.7,1.1,0,0.150794
24.7,1.2,0,0.16231
24.7,1.3,0,0.174229
24.7,1.4,0,0.184593
24.7,1.5,0,0.194284
24.7,1.6,0,0.205486
24.7,1.7,0,0.215167
24.7,1.8,0,0.225561
24.7,1.9,0,0.234862
24.7,2,0,0.243557
24.7,2.1,0,0.253892
24.7,2.2,0,0.262849
24.7,2.3,0,0.272456
24.7,2.4,0,0.281167
24.7,2.5,0,0.289504
24.7,2.6,0,0.299987
24.7,2.7,0,0.309524
24.7,2.8,0,0.321268
24.7,2.9,0,0.333866
24.7,3,0,0.346757
24.7,3.1,0,0.364632
24.7,3.2,0,0.38187
24.7,3.3,0,0.402939
24.7,3.4,0,0.425184
24.7,3.5,0,0.448031
24.7,3.6,0,0.475998
24.7,3.7,0,0.502959
24.7,3.8,0,0.534003
24.7,3.9,0,0.565277
24.7,4,0,0.596816
24.7,4.1,0,0.633354
24.7,4.2,0,0.667951
24.7,4.3,0,0.705919
24.7,4.4,0,0.742481
24.7,4.5,0,0.778134
24.7,4.6,0,0.818622
24.7,4.7,0,0.855687
24.7,4.8,0,0.895195
24.7,4.9,0,0.93198
24.7,5,0,0.966278
24.7,5.1,0,0.998288
24.7,5.2,0,1.02467
24.7,5.3,0,1.04722
24.7,5.4,0,1.07063
24.7,5.5,0,1.08811
24.7,5.6,0,1.10106
24.7,5.7,0,1.11702
24.7,5.8,0,1.12743
24.7,5.9,0,1.13312
24.7,6,0,1.14269
24.7,6.1,0,1.14708
24.7,6.2,0,1.1466
24.7,6.3,0,1.1476
24.7,6.4,0,1.14387
24.7,6.5,0,1.13523
24.7,6.6,0,1.12671
24.7,6.7,0,1.11425
24.7,6.8,0,1.09715
24.7,6.9,0,1.08109
24.7,7,0,1.06217
24.7,7.1,0,1.03927
24.7,7.2,0,1.01873
24.7,7.3,0,0.996092
24.7,7.4,0,0.969919
24.7,7.5,0,0.946022
24.7,7.6,0,0.920128
24.7,7.7,0,0.890469
24.7,7.8,0,0.865151
24.7,7.9,0,0.838237
24.7,8,0,0.807573
24.7,8.1,0,0.778122
24.7,8.2,0,0.747062
24.7,8.3,0,0.715875
24.7,8.4,0,0.687374
24.7,8.5,0,0.657682
24.7,8.6,0,0.630929
24.7,8.7,0,0.602797
24.7,8.8,0,0.577258
24.7,8.9,0,0.552092
24.7,9,0,0.526456
24.7,9.1,0,0.503259
24.7,9.2,0,0.479156
24.7,9.3,0,0.457892
24.7,9.4,0,0.436627
24.7,9.5,0,0.415224
24.7,9.6,0,0.395404
24.7,9.7,0,0.375105
24.7,9.8,0,0.356736
24.7,9.9,0,0.337346
24.7,10,0,0.320334
24.7,10.1,0,0.303321
24.7,10.2,0,0.286749
24.7,10.3,0,0.271575
24.7,10.4,0,0.256207
24.7,10.5,0,0.242494
24.7,10.6,0,0.227884
24.7,10.7,0,0.214476
24.7,10.8,0,0.201068
24.7,10.9,0,0.186265
24.7,11,0,0.172529
24.7,11.1,0,0.158227
24.7,11.2,0,0.145988
24.7,11.3,0,0.13343
24.7,11.4,0,0.124748
24.7,11.5,0,0.116065
24.7,11.6,0,0.108078
24.7,11.7,0,0.100761
24.7,11.8,0,0.0909361
24.7,11.9,0,0.0793805
24.7,12,0,0.0658179
24.7,12.1,0,0.0490836
24.7,12.2,0,0.0326266
24.7,12.3,0,0.0179815
24.7,12.4,0,0.00669211
24.7,12.5,0,6.54191e-06
24.7,12.6,0,-0.000385193
24.7,12.7,0,0
24.8,0,0,0
24.8,0.1,0,0.017303
24.8,0.2,0,0.0347055
24.8,0.3,0,0.0442831
24.8,0.4,0,0.0554767
24.8,0.5,0,0.0645717
24.8,0.6,0,0.0770781
24.8,0.7,0,0.0900337
24.8,0.8,0,0.0996652
24.8,0.9,0,0.112006
24.8,1,0,0.121692
24.8,1.1,0,0.132866
24.8,1.2,0,0.144382
24.8,1.3,0,0.152429
24.8,1.4,0,0.162793
24.8,1.5,0,0.1711
24.8,1.6,0,0.180024
24.8,1.7,0,0.189704
24.8,1.8,0,0.196604
24.8,1.9,0,0.205905
24.8,2,0,0.213961
24.8,2.1,0,0.22171
24.8,2.2,0,0.230667
24.8,2.3,0,0.237273
24.8,2.4,0,0.245984
24.8,2.5,0,0.253857
24.8,2.6,0,0.26191
24.8,2.7,0,0.271447
24.8,2.8,0,0.280009
24.8,2.9,0,0.292607
24.8,3,0,0.303838
24.8,3.1,0,0.319359
24.8,3.2,0,0.336598
24.8,3.3,0,0.352475
24.8,3.4,0,0.374721
24.8,3.5,0,0.392995
24.8,3.6,0,0.419129
24.8,3.7,0,0.44609
24.8,3.8,0,0.469599
24.8,3.9,0,0.500874
24.8,4,0,0.524494
24.8,4.1,0,0.560435
24.8,4.2,0,0.595032
24.8,4.3,0,0.623791
24.8,4.4,0,0.660353
24.8,4.5,0,0.685174
24.8,4.6,0,0.726791
24.8,4.7,0,0.763855
24.8,4.8,0,0.793046
24.8,4.9,0,0.829831
24.8,5,0,0.851931
24.8,5.1,0,0.886054
24.8,5.2,0,0.912438
24.8,5.3,0,0.923421
24.8,5.4,0,0.950077
24.8,5.5,0,0.967554
24.8,5.6,0,0.970779
24.8,5.7,0,0.991212
24.8,5.8,0,1.00162
24.8,5.9,0,0.998978
24.8,6,0,1.01556
24.8,6.1,0,1.01995
24.8,6.2,0,1.01088
24.8,6.3,0,1.02176
24.8,6.4,0,1.01803
24.8,6.5,0,1.00077
24.8,6.6,0,1.00438
24.8,6.7,0,0.991912
24.8,6.8,0,0.967001
24.8,6.9,0,0.964862
24.8,7,0,0.945942
24.8,7.1,0,0.915733
24.8,7.2,0,0.90941
24.8,7.3,0,0.886771
24.8,7.4,0,0.854387
24.8,7.5,0,0.843188
24.8,7.6,0,0.817294
24.8,7.7,0,0.784221
24.8,7.8,0,0.769344
24.8,7.9,0,0.742429
24.8,8,0,0.711292
24.8,8.1,0,0.690585
24.8,8.2,0,0.659525
24.8,8.3,0,0.635974
24.8,8.4,0,0.607474
24.8,8.5,0,0.584542
24.8,8.6,0,0.557789
24.8,8.7,0,0.529778
24.8,8.8,0,0.51099
24.8,8.9,0,0.485824
24.8,9,0,0.466442
24.8,9.1,0,0.443244
24.8,9.2,0,0.425059
24.8,9.3,0,0.403794
24.8,9.4,0,0.382469
24.8,9.5,0,0.366737
24.8,9.6,0,0.346917
24.8,9.7,0,0.331869
24.8,9.8,0,0.3135
24.8,9.9,0,0.298779
24.8,10,0,0.28217
24.8,10.1,0,0.265335
24.8,10.2,0,0.252952
24.8,10.3,0,0.237778
24.8,10.4,0,0.226398
24.8,10.5,0,0.212685
24.8,10.6,0,0.201301
24.8,10.7,0,0.188668
24.8,10.8,0,0.175353
24.8,10.9,0,0.16504
24.8,11,0,0.151304
24.8,11.1,0,0.14107
24.8,11.2,0,0.128831
24.8,11.3,0,0.118039
24.8,11.4,0,0.11024
24.8,11.5,0,0.101558
24.8,11.6,0,0.0959322
24.8,11.7,0,0.0886147
24.8,11.8,0,0.0835381
24.8,11.9,0,0.0719825
24.8,12,0,0.0602651
24.8,12.1,0,0.048643
24.8,12.2,0,0.032186
24.8,12.3,0,0.0213825
24.8,12.4,0,0.0100931
24.8,12.5,0,0.00102289
24.8,12.6,0,0.000631159
24.8,12.7,0,0
24.9,0,0,0
24.9,0.1,0,0.0171703
24.9,0.2,0,0.0334766
24.9,0.3,0,0.0380191
24.9,0.4,0,0.0490501
24.9,0.5,0,0.0553472
24.9,0.6,0,0.0672545
24.9,0.7,0,0.079494
24.9,0.8,0,0.0859078
24.9,0.9,0,0.09816
24.9,1,0,0.104308
24.9,1.1,0,0.115024
24.9,1.2,0,0.125889
24.9,1.3,0,0.130849
24.9,1.4,0,0.141093
24.9,1.5,0,0.146657
24.9,1.6,0,0.154572
24.9,1.7,0,0.16383
24.9,1.8,0,0.167965
24.9,1.9,0,0.176998
24.9,2,0,0.183395
24.9,2.1,0,0.189532
24.9,2.2,0,0.198234
24.9,2.3,0,0.202463
24.9,2.4,0,0.210836
24.9,2.5,0,0.217592
24.9,2.6,0,0.223665
24.9,2.7,0,0.232983
24.9,2.8,0,0.238873
24.9,2.9,0,0.251022
24.9,3,0,0.260433
24.9,3.1,0,0.273663
24.9,3.2,0,0.290248
24.9,3.3,0,0.302004
24.9,3.4,0,0.323873
24.9,3.5,0,0.336853
24.9,3.6,0,0.361885
24.9,3.7,0,0.387327
24.9,3.8,0,0.404853
24.9,3.9,0,0.436151
24.9,4,0,0.449567
24.9,4.1,0,0.4873
24.9,4.2,0,0.519306
24.9,4.3,0,0.540791
24.9,4.4,0,0.578124
24.9,4.5,0,0.587292
24.9,4.6,0,0.634979
24.9,4.7,0,0.668438
24.9,4.8,0,0.68938
24.9,4.9,0,0.727708
24.9,5,0,0.730226
24.9,5.1,0,0.77467
24.9,5.2,0,0.801053
24.9,5.3,0,0.791504
24.9,5.4,0,0.830397
24.9,5.5,0,0.847875
24.9,5.6,0,0.832096
24.9,5.7,0,0.865898
24.9,5.8,0,0.876305
24.9,5.9,0,0.856267
24.9,6,0,0.88909
24.9,6.1,0,0.893484
24.9,6.2,0,0.866471
24.9,6.3,0,0.896828
24.9,6.4,0,0.893097
24.9,6.5,0,0.857806
24.9,6.6,0,0.882829
24.9,6.7,0,0.870365
24.9,6.8,0,0.828858
24.9,6.9,0,0.849096
24.9,7,0,0.830175
24.9,7.1,0,0.784914
24.9,7.2,0,0.800347
24.9,7.3,0,0.777707
24.9,7.4,0,0.732332
24.9,7.5,0,0.740727
24.9,7.6,0,0.714832
24.9,7.7,0,0.67219
24.9,7.8,0,0.673361
24.9,7.9,0,0.646447
24.9,8,0,0.609679
24.9,8.1,0,0.602775
24.9,8.2,0,0.569102
24.9,8.3,0,0.555959
24.9,8.4,0,0.527458
24.9,8.5,0,0.503446
24.9,8.6,0,0.484499
24.9,8.7,0,0.454337
24.9,8.8,0,0.444631
24.9,8.9,0,0.418841
24.9,9,0,0.406221
24.9,9.1,0,0.383023
24.9,9.2,0,0.364774
24.9,9.3,0,0.349611
24.9,9.4,0,0.328141
24.9,9.5,0,0.318117
24.9,9.6,0,0.298378
24.9,9.7,0,0.288547
24.9,9.8,0,0.270178
24.9,9.9,0,0.256031
24.9,10,0,0.243887
24.9,10.1,0,0.227745
24.9,10.2,0,0.218996
24.9,10.3,0,0.203919
24.9,10.4,0,0.196213
24.9,10.5,0,0.182814
24.9,10.6,0,0.172471
24.9,10.7,0,0.162876
24.9,10.8,0,0.150589
24.9,10.9,0,0.143849
24.9,11,0,0.130113
24.9,11.1,0,0.122806
24.9,11.2,0,0.111412
24.9,11.3,0,0.101151
24.9,11.4,0,0.0954545
24.9,11.5,0,0.0872633
24.9,11.6,0,0.0838574
24.9,11.7,0,0.0765399
24.9,11.8,0,0.074467
24.9,11.9,0,0.0651559
24.9,12,0,0.0517329
24.9,12.1,0,0.0483741
24.9,12.2,0,0.0294275
24.9,12.3,0,0.0238283
24.9,12.4,0,0.0125389
24.9,12.5,0,0.00108118
24.9,12.6,0,0.00095039
24.9,12.7,0,0
25,0,0,0
25,0.1,0,0.0170376
25,0.2,0,0.0278629
25,0.3,0,0.0324054
25,0.4,0,0.0426236
25,0.5,0,0.0461227
25,0.6,0,0.0574309
25,0.7,0,0.0660903
25,0.8,0,0.072504
25,0.9,0,0.0843142
25,1,0,0.0869231
25,1.1,0,0.0971826
25,1.2,0,0.104789
25,1.3,0,0.109749
25,1.4,0,0.119393
25,1.5,0,0.122214
25,1.6,0,0.12912
25,1.7,0,0.136264
25,1.8,0,0.1404
25,1.9,0,0.148091
25,2,0,0.152829
25,2.1,0,0.157355
25,2.2,0,0.164779
25,2.3,0,0.169008
25,2.4,0,0.175688
25,2.5,0,0.181327
25,2.6,0,0.18542
25,2.7,0,0.193641
25,2.8,0,0.199532
25,2.9,0,0.209438
25,3,0,0.217027
25,3.1,0,0.227967
25,3.2,0,0.241281
25,3.3,0,0.253038
25,3.4,0,0.273025
25,3.5,0,0.280711
25,3.6,0,0.30464
25,3.7,0,0.322487
25,3.8,0,0.340014
25,3.9,0,0.371428
25,4,0,0.374639
25,4.1,0,0.414164
25,4.2,0,0.433218
25,4.3,0,0.454703
25,4.4,0,0.495896
25,4.5,0,0.48941
25,4.6,0,0.543167
25,4.7,0,0.5586
25,4.8,0,0.579542
25,4.9,0,0.625585
25,5,0,0.608522
25,5.1,0,0.661566
25,5.2,0,0.686247
25,5.3,0,0.659587
25,5.4,0,0.708678
25,5.5,0,0.725028
25,5.6,0,0.693414
25,5.7,0,0.738355
25,5.8,0,0.748091
25,5.9,0,0.713556
25,6,0,0.759917
25,6.1,0,0.764027
25,6.2,0,0.722059
25,6.3,0,0.768648
25,6.4,0,0.765158
25,6.5,0,0.714839
25,6.6,0,0.757712
25,6.7,0,0.746052
25,6.8,0,0.690715
25,6.9,0,0.729599
25,7,0,0.7119
25,7.1,0,0.654095
25,7.2,0,0.687657
25,7.3,0,0.666478
25,7.4,0,0.610277
25,7.5,0,0.635
25,7.6,0,0.610776
25,7.7,0,0.560158
25,7.8,0,0.574704
25,7.9,0,0.549526
25,8,0,0.508066
25,8.1,0,0.514965
25,8.2,0,0.476907
25,8.3,0,0.468558
25,8.4,0,0.445881
25,8.5,0,0.419893
25,8.6,0,0.411209
25,8.7,0,0.378896
25,8.8,0,0.378273
25,8.9,0,0.351031
25,9,0,0.340146
25,9.1,0,0.322648
25,9.2,0,0.303998
25,9.3,0,0.295427
25,9.4,0,0.273813
25,9.5,0,0.269497
25,9.6,0,0.25006
25,9.7,0,0.240548
25,9.8,0,0.22692
25,9.9,0,0.213283
25,10,0,0.205605
25,10.1,0,0.190156
25,10.2,0,0.18504
25,10.3,0,0.170931
25,10.4,0,0.163224
25,10.5,0,0.152944
25,10.6,0,0.143641
25,10.7,0,0.137084
25,10.8,0,0.125825
25,10.9,0,0.122259
25,11,0,0.109476
25,11.1,0,0.102207
25,11.2,0,0.0939937
25,11.3,0,0.0842635
25,11.4,0,0.0806689
25,11.5,0,0.0730082
25,11.6,0,0.0711796
25,11.7,0,0.0644949
25,11.8,0,0.0624308
25,11.9,0,0.0583293
25,12,0,0.0432007
25,12.1,0,0.0481052
25,12.2,0,0.0258855
25,12.3,0,0.0236306
25,12.4,0,0.0134296
25,12.5,0,0.000962395
25,12.6,0,0.00126962
25,12.7,0,0
25.1,0,0,0
25.1,0.1,0,0.0169912
25.1,0.2,0,0.0222492
25.1,0.3,0,0.0267917
25.1,0.4,0,0.0343783
25.1,0.5,0,0.0368981
25.1,0.6,0,0.0479966
25.1,0.7,0,0.0526865
25.1,0.8,0,0.0591002
25.1,0.9,0,0.0681682
25.1,1,0,0.0695385
25.1,1.1,0,0.079638
25.1,1.2,0,0.0836899
25.1,1.3,0,0.0886497
25.1,1.4,0,0.0959099
25.1,1.5,0,0.0977715
25.1,1.6,0,0.104324
25.1,1.7,0,0.108699
25.1,1.8,0,0.112834
25.1,1.9,0,0.118106
25.1,2,0,0.122263
25.1,2.1,0,0.126225
25.1,2.2,0,0.131324
25.1,2.3,0,0.135553
25.1,2.4,0,0.139813
25.1,2.5,0,0.145061
25.1,2.6,0,0.148462
25.1,2.7,0,0.154299
25.1,2.8,0,0.16019
25.1,2.9,0,0.16667
25.1,3,0,0.173622
25.1,3.1,0,0.18376
25.1,3.2,0,0.192315
25.1,3.3,0,0.204071
25.1,3.4,0,0.218736
25.1,3.5,0,0.224569
25.1,3.6,0,0.248112
25.1,3.7,0,0.257648
25.1,3.8,0,0.275175
25.1,3.9,0,0.300072
25.1,4,0,0.299711
25.1,4.1,0,0.339864
25.1,4.2,0,0.34713
25.1,4.3,0,0.368615
25.1,4.4,0,0.403492
25.1,4.5,0,0.391528
25.1,4.6,0,0.44741
25.1,4.7,0,0.448762
25.1,4.8,0,0.469704
25.1,4.9,0,0.510734
25.1,5,0,0.486818
25.1,5.1,0,0.539861
25.1,5.2,0,0.55433
25.1,5.3,0,0.527669
25.1,5.4,0,0.576761
25.1,5.5,0,0.586345
25.1,5.6,0,0.554731
25.1,5.7,0,0.599673
25.1,5.8,0,0.605379
25.1,5.9,0,0.570845
25.1,6,0,0.617206
25.1,6.1,0,0.619615
25.1,6.2,0,0.577647
25.1,6.3,0,0.624236
25.1,6.4,0,0.62219
25.1,6.5,0,0.571871
25.1,6.6,0,0.614744
25.1,6.7,0,0.607909
25.1,6.8,0,0.552572
25.1,6.9,0,0.591456
25.1,7,0,0.581081
25.1,7.1,0,0.523276
25.1,7.2,0,0.556838
25.1,7.3,0,0.544423
25.1,7.4,0,0.488221
25.1,7.5,0,0.512944
25.1,7.6,0,0.498744
25.1,7.7,0,0.448126
25.1,7.8,0,0.462672
25.1,7.9,0,0.447913
25.1,8,0,0.406453
25.1,8.1,0,0.420914
25.1,8.2,0,0.384712
25.1,8.3,0,0.376363
25.1,8.4,0,0.362328
25.1,8.5,0,0.33634
25.1,8.6,0,0.337301
25.1,8.7,0,0.303456
25.1,8.8,0,0.30631
25.1,8.9,0,0.283221
25.1,9,0,0.272336
25.1,9.1,0,0.261872
25.1,9.2,0,0.243222
25.1,9.3,0,0.241226
25.1,9.4,0,0.219485
25.1,9.5,0,0.216414
25.1,9.6,0,0.201742
25.1,9.7,0,0.19223
25.1,9.8,0,0.184172
25.1,9.9,0,0.170535
25.1,10,0,0.167322
25.1,10.1,0,0.152566
25.1,10.2,0,0.147643
25.1,10.3,0,0.137943
25.1,10.4,0,0.130236
25.1,10.5,0,0.124058
25.1,10.6,0,0.114811
25.1,10.7,0,0.111291
25.1,10.8,0,0.10106
25.1,10.9,0,0.0974948
25.1,11,0,0.0888769
25.1,11.1,0,0.0816078
25.1,11.2,0,0.0769902
25.1,11.3,0,0.0673758
25.1,11.4,0,0.0656262
25.1,11.5,0,0.0587532
25.1,11.6,0,0.0569246
25.1,11.7,0,0.0524588
25.1,11.8,0,0.0503947
25.1,11.9,0,0.0504504
25.1,12,0,0.0346685
25.1,12.1,0,0.0454627
25.1,12.2,0,0.0223434
25.1,12.3,0,0.0200886
25.1,12.4,0,0.0133108
25.1,12.5,0,0.000843611
25.1,12.6,0,0.00144452
25.1,12.7,0,0
25.2,0,0,0
25.2,0.1,0,0.0164431
25.2,0.2,0,0.0166355
25.2,0.3,0,0.021178
25.2,0.4,0,0.0252351
25.2,0.5,0,0.0276736
25.2,0.6,0,0.0384141
25.2,0.7,0,0.0392827
25.2,0.8,0,0.0456965
25.2,0.9,0,0.0508277
25.2,1,0,0.0521539
25.2,1.1,0,0.0619276
25.2,1.2,0,0.0625903
25.2,1.3,0,0.0675501
25.2,1.4,0,0.0715271
25.2,1.5,0,0.0733286
25.2,1.6,0,0.0796699
25.2,1.7,0,0.0811329
25.2,1.8,0,0.0852685
25.2,1.9,0,0.0876743
25.2,2,0,0.0916976
25.2,2.1,0,0.0955316
25.2,2.2,0,0.0978682
25.2,2.3,0,0.102097
25.2,2.4,0,0.103717
25.2,2.5,0,0.108796
25.2,2.6,0,0.112087
25.2,2.7,0,0.114957
25.2,2.8,0,0.120848
25.2,2.9,0,0.123489
25.2,3,0,0.130216
25.2,3.1,0,0.140028
25.2,3.2,0,0.143349
25.2,3.3,0,0.155105
25.2,3.4,0,0.162782
25.2,3.5,0,0.168426
25.2,3.6,0,0.19121
25.2,3.7,0,0.192809
25.2,3.8,0,0.210335
25.2,3.9,0,0.225132
25.2,4,0,0.224783
25.2,4.1,0,0.263641
25.2,4.2,0,0.261042
25.2,4.3,0,0.282527
25.2,4.4,0,0.305224
25.2,4.5,0,0.293646
25.2,4.6,0,0.347725
25.2,4.7,0,0.338923
25.2,4.8,0,0.359865
25.2,4.9,0,0.388258
25.2,5,0,0.365113
25.2,5.1,0,0.418157
25.2,5.2,0,0.422412
25.2,5.3,0,0.395752
25.2,5.4,0,0.444844
25.2,5.5,0,0.447662
25.2,5.6,0,0.416048
25.2,5.7,0,0.46099
25.2,5.8,0,0.462668
25.2,5.9,0,0.428133
25.2,6,0,0.474495
25.2,6.1,0,0.475204
25.2,6.2,0,0.433236
25.2,6.3,0,0.479824
25.2,6.4,0,0.479223
25.2,6.5,0,0.428903
25.2,6.6,0,0.471777
25.2,6.7,0,0.469766
25.2,6.8,0,0.414429
25.2,6.9,0,0.453314
25.2,7,0,0.450262
25.2,7.1,0,0.392457
25.2,7.2,0,0.426019
25.2,7.3,0,0.422368
25.2,7.4,0,0.366166
25.2,7.5,0,0.390889
25.2,7.6,0,0.386713
25.2,7.7,0,0.336095
25.2,7.8,0,0.350641
25.2,7.9,0,0.346299
25.2,8,0,0.304839
25.2,8.1,0,0.317995
25.2,8.2,0,0.292517
25.2,8.3,0,0.284168
25.2,8.4,0,0.278775
25.2,8.5,0,0.252787
25.2,8.6,0,0.257111
25.2,8.7,0,0.228015
25.2,8.8,0,0.230676
25.2,8.9,0,0.215411
25.2,9,0,0.204526
25.2,9.1,0,0.201096
25.2,9.2,0,0.182446
25.2,9.3,0,0.182761
25.2,9.4,0,0.165157
25.2,9.5,0,0.162086
25.2,9.6,0,0.153424
25.2,9.7,0,0.143912
25.2,9.8,0,0.141424
25.2,9.9,0,0.127787
25.2,10,0,0.126164
25.2,10.1,0,0.114977
25.2,10.2,0,0.110054
25.2,10.3,0,0.104955
25.2,10.4,0,0.0972482
25.2,10.5,0,0.0952285
25.2,10.6,0,0.0859811
25.2,10.7,0,0.0834054
25.2,10.8,0,0.0762962
25.2,10.9,0,0.0727305
25.2,11,0,0.068278
25.2,11.1,0,0.0610089
25.2,11.2,0,0.0601025
25.2,11.3,0,0.0504881
25.2,11.4,0,0.0490715
25.2,11.5,0,0.0444982
25.2,11.6,0,0.0426696
25.2,11.7,0,0.0404226
25.2,11.8,0,0.0383585
25.2,11.9,0,0.0412254
25.2,12,0,0.0261363
25.2,12.1,0,0.0354159
25.2,12.2,0,0.0188014
25.2,12.3,0,0.0165466
25.2,12.4,0,0.0131921
25.2,12.5,0,0.000724827
25.2,12.6,0,0.00131405
25.2,12.7,0,0
25.3,0,0,0
25.3,0.1,0,0.0109621
25.3,0.2,0,0.0110218
25.3,0.3,0,0.0155643
25.3,0.4,0,0.0168234
25.3,0.5,0,0.0184491
25.3,0.6,0,0.0256094
25.3,0.7,0,0.025879
25.3,0.8,0,0.0322927
25.3,0.9,0,0.0338852
25.3,1,0,0.0347692
25.3,1.1,0,0.0412851
25.3,1.2,0,0.0414907
25.3,1.3,0,0.0464505
25.3,1.4,0,0.0476847
25.3,1.5,0,0.0488858
25.3,1.6,0,0.0531133
25.3,1.7,0,0.0535673
25.3,1.8,0,0.0577029
25.3,1.9,0,0.0584495
25.3,2,0,0.0611317
25.3,2.1,0,0.0636877
25.3,2.2,0,0.0644129
25.3,2.3,0,0.0686421
25.3,2.4,0,0.0691448
25.3,2.5,0,0.0725307
25.3,2.6,0,0.0747246
25.3,2.7,0,0.0756154
25.3,2.8,0,0.0815062
25.3,2.9,0,0.0823257
25.3,3,0,0.0868109
25.3,3.1,0,0.0933517
25.3,3.2,0,0.0943824
25.3,3.3,0,0.106139
25.3,3.4,0,0.108521
25.3,3.5,0,0.112284
25.3,3.6,0,0.127474
25.3,3.7,0,0.12797
25.3,3.8,0,0.145496
25.3,3.9,0,0.150088
25.3,4,0,0.149856
25.3,4.1,0,0.175761
25.3,4.2,0,0.174954
25.3,4.3,0,0.196439
25.3,4.4,0,0.203483
25.3,4.5,0,0.195764
25.3,4.6,0,0.231817
25.3,4.7,0,0.229085
25.3,4.8,0,0.250027
25.3,4.9,0,0.258839
25.3,5,0,0.243409
25.3,5.1,0,0.284475
25.3,5.2,0,0.284475
25.3,5.3,0,0.263835
25.3,5.4,0,0.301841
25.3,5.5,0,0.301841
25.3,5.6,0,0.277365
25.3,5.7,0,0.312159
25.3,5.8,0,0.312159
25.3,5.9,0,0.285422
25.3,6,0,0.321315
25.3,6.1,0,0.321315
25.3,6.2,0,0.288824
25.3,6.3,0,0.324892
25.3,6.4,0,0.324892
25.3,6.5,0,0.285935
25.3,6.6,0,0.319128
25.3,6.7,0,0.319128
25.3,6.8,0,0.276286
25.3,6.9,0,0.30639
25.3,7,0,0.30639
25.3,7.1,0,0.261638
25.3,7.2,0,0.287622
25.3,7.3,0,0.287622
25.3,7.4,0,0.244111
25.3,7.5,0,0.263251
25.3,7.6,0,0.263251
25.3,7.7,0,0.224063
25.3,7.8,0,0.235324
25.3,7.9,0,0.235324
25.3,8,0,0.203226
25.3,8.1,0,0.211996
25.3,8.2,0,0.200322
25.3,8.3,0,0.191465
25.3,8.4,0,0.191465
25.3,8.5,0,0.169234
25.3,8.6,0,0.171407
25.3,8.7,0,0.152574
25.3,8.8,0,0.153784
25.3,8.9,0,0.147601
25.3,9,0,0.136716
25.3,9.1,0,0.136728
25.3,9.2,0,0.121671
25.3,9.3,0,0.121841
25.3,9.4,0,0.11083
25.3,9.5,0,0.108051
25.3,9.6,0,0.105106
25.3,9.7,0,0.0955939
25.3,9.8,0,0.095487
25.3,9.9,0,0.0850388
25.3,10,0,0.0841094
25.3,10.1,0,0.0773877
25.3,10.2,0,0.0732423
25.3,10.3,0,0.0719669
25.3,10.4,0,0.0642601
25.3,10.5,0,0.0638947
25.3,10.6,0,0.0571512
25.3,10.7,0,0.0556036
25.3,10.8,0,0.051532
25.3,10.9,0,0.0483443
25.3,11,0,0.047679
25.3,11.1,0,0.0404099
25.3,11.2,0,0.040136
25.3,11.3,0,0.0336004
25.3,11.4,0,0.0327143
25.3,11.5,0,0.0302432
25.3,11.6,0,0.0284328
25.3,11.7,0,0.0283864
25.3,11.8,0,0.0263223
25.3,11.9,0,0.0274836
25.3,12,0,0.0176041
25.3,12.1,0,0.0236106
25.3,12.2,0,0.0152594
25.3,12.3,0,0.0122133
25.3,12.4,0,0.0122133
25.3,12.5,0,0.000606043
25.3,12.6,0,0.000876031
25.3,12.7,0,0
25.4,0,0,0
25.4,0.1,0,0.00548103
25.4,0.2,0,0.00548103
25.4,0.3,0,0.00841169
25.4,0.4,0,0.00841169
25.4,0.5,0,0.00922454
25.4,0.6,0,0.0128047
25.4,0.7,0,0.0128047
25.4,0.8,0,0.0169426
25.4,0.9,0,0.0169426
25.4,1,0,0.0173846
25.4,1.1,0,0.0206425
25.4,1.2,0,0.0206425
25.4,1.3,0,0.0238424
25.4,1.4,0,0.0238424
25.4,1.5,0,0.0244429
25.4,1.6,0,0.0265566
25.4,1.7,0,0.0265566
25.4,1.8,0,0.0292248
25.4,1.9,0,0.0292248
25.4,2,0,0.0305659
25.4,2.1,0,0.0318439
25.4,2.2,0,0.0318439
25.4,2.3,0,0.0345724
25.4,2.4,0,0.0345724
25.4,2.5,0,0.0362654
25.4,2.6,0,0.0373623
25.4,2.7,0,0.0373623
25.4,2.8,0,0.0411628
25.4,2.9,0,0.0411628
25.4,3,0,0.0434055
25.4,3.1,0,0.0466759
25.4,3.2,0,0.0466759
25.4,3.3,0,0.0542606
25.4,3.4,0,0.0542606
25.4,3.5,0,0.0561422
25.4,3.6,0,0.0637368
25.4,3.7,0,0.0637368
25.4,3.8,0,0.0750441
25.4,3.9,0,0.0750441
25.4,4,0,0.0749278
25.4,4.1,0,0.0878803
25.4,4.2,0,0.0878803
25.4,4.3,0,0.101741
25.4,4.4,0,0.101741
25.4,4.5,0,0.097882
25.4,4.6,0,0.115908
25.4,4.7,0,0.115908
25.4,4.8,0,0.129419
25.4,4.9,0,0.129419
25.4,5,0,0.121704
25.4,5.1,0,0.142237
25.4,5.2,0,0.142237
25.4,5.3,0,0.131917
25.4,5.4,0,0.150921
25.4,5.5,0,0.150921
25.4,5.6,0,0.138683
25.4,5.7,0,0.156079
25.4,5.8,0,0.156079
25.4,5.9,0,0.142711
25.4,6,0,0.160658
25.4,6.1,0,0.160658
25.4,6.2,0,0.144412
25.4,6.3,0,0.162446
25.4,6.4,0,0.162446
25.4,6.5,0,0.142968
25.4,6.6,0,0.159564
25.4,6.7,0,0.159564
25.4,6.8,0,0.138143
25.4,6.9,0,0.153195
25.4,7,0,0.153195
25.4,7.1,0,0.130819
25.4,7.2,0,0.143811
25.4,7.3,0,0.143811
25.4,7.4,0,0.122055
25.4,7.5,0,0.131626
25.4,7.6,0,0.131626
25.4,7.7,0,0.112032
25.4,7.8,0,0.117662
25.4,7.9,0,0.117662
25.4,8,0,0.101613
25.4,8.1,0,0.105998
25.4,8.2,0,0.105998
25.4,8.3,0,0.0957324
25.4,8.4,0,0.0957324
25.4,8.5,0,0.0856809
25.4,8.6,0,0.0857037
25.4,8.7,0,0.0771331
25.4,8.8,0,0.0768921
25.4,8.9,0,0.0768921
25.4,9,0,0.0683641
25.4,9.1,0,0.0683641
25.4,9.2,0,0.0608949
25.4,9.3,0,0.0609203
25.4,9.4,0,0.0565019
25.4,9.5,0,0.0540255
25.4,9.6,0,0.0540255
25.4,9.7,0,0.0477435
25.4,9.8,0,0.0477435
25.4,9.9,0,0.0422907
25.4,10,0,0.0420547
25.4,10.1,0,0.0397983
25.4,10.2,0,0.0366212
25.4,10.3,0,0.0366212
25.4,10.4,0,0.0319474
25.4,10.5,0,0.0319474
25.4,10.6,0,0.0283213
25.4,10.7,0,0.0278018
25.4,10.8,0,0.0267677
25.4,10.9,0,0.0241721
25.4,11,0,0.0241721
25.4,11.1,0,0.020068
25.4,11.2,0,0.020068
25.4,11.3,0,0.0167127
25.4,11.4,0,0.0163572
25.4,11.5,0,0.0159882
25.4,11.6,0,0.0142164
25.4,11.7,0,0.0142164
25.4,11.8,0,0.0137418
25.4,11.9,0,0.0137418
25.4,12,0,0.00907191
25.4,12.1,0,0.0118053
25.4,12.2,0,0.0117174
25.4,12.3,0,0.00610666
25.4,12.4,0,0.00610666
25.4,12.5,0,0.000438015
25.4,12.6,0,0.000438015
25.4,12.7,0,0
25.5,0,0,0
25.5,0.1,0,0
25.5,0.2,0,0
25.5,0.3,0,0
25.5,0.4,0,0
25.5,0.5,0,0
25.5,0.6,0,0
25.5,0.7,0,0
25.5,0.8,0,0
25.5,0.9,0,0
25.5,1,0,0
25.5,1.1,0,0
25.5,1.2,0,0
25.5,1.3,0,0
25.5,1.4,0,0
25.5,1.5,0,0
25.5,1.6,0,0
25.5,1.7,0,0
25.5,1.8,0,0
25.5,1.9,0,0
25.5,2,0,0
25.5,2.1,0,0
25.5,2.2,0,0
25.5,2.3,0,0
25.5,2.4,0,0
25.5,2.5,0,0
25.5,2.6,0,0
25.5,2.7,0,0
25.5,2.8,0,0
25.5,2.9,0,0
25.5,3,0,0
25.5,3.1,0,0
25.5,3.2,0,0
25.5,3.3,0,0
25.5,3.4,0,0
25.5,3.5,0,0
25.5,3.6,0,0
25.5,3.7,0,0
25.5,3.8,0,0
25.5,3.9,0,0
25.5,4,0,0
25.5,4.1,0,0
25.5,4.2,0,0
25.5,4.3,0,0
25.5,4.4,0,0
25.5,4.5,0,0
25.5,4.6,0,0
25.5,4.7,0,0
25.5,4.8,0,0
25.5,4.9,0,0
25.5,5,0,0
25.5,5.1,0,0
25.5,5.2,0,0
25.5,5.3,0,0
25.5,5.4,0,0
25.5,5.5,0,0
25.5,5.6,0,0
25.5,5.7,0,0
25.5,5.8,0,0
25.5,5.9,0,0
25.5,6,0,0
25.5,6.1,0,0
25.5,6.2,0,0
25.5,6.3,0,0
25.5,6.4,0,0
25.5,6.5,0,0
25.5,6.6,0,0
25.5,6.7,0,0
25.5,6.8,0,0
25.5,6.9,0,0
25.5,7,0,0
25.5,7.1,0,0
25.5,7.2,0,0
25.5,7.3,0,0
25.5,7.4,0,0
25.5,7.5,0,0
25.5,7.6,0,0
25.5,7.7,0,0
25.5,7.8,0,0
25.5,7.9,0,0
25.5,8,0,0
25.5,8.1,0,0
25.5,8.2,0,0
25.5,8.3,0,0
25.5,8.4,0,0
25.5,8.5,0,0
25.5,8.6,0,0
25.5,8.7,0,0
25.5,8.8,0,0
25.5,8.9,0,0
25.5,9,0,0
25.5,9.1,0,0
25.5,9.2,0,0
25.5,9.3,0,0
25.5,9.4,0,0
25.5,9.5,0,0
25.5,9.6,0,0
25.5,9.7,0,0
25.5,9.8,0,0
25.5,9.9,0,0
25.5,10,0,0
25.5,10.1,0,0
25.5,10.2,0,0
25.5,10.3,0,0
25.5,10.4,0,0
25.5,10.5,0,0
25.5,10.6,0,0
25.5,10.7,0,0
25.5,10.8,0,0
25.5,10.9,0,0
25.5,11,0,0
25.5,11.1,0,0
25.5,11.2,0,0
25.5,11.3,0,0
25.5,11.4,0,0
25.5,11.5,0,0
25.5,11.6,0,0
25.5,11.7,0,0
25.5,11.8,0,0
25.5,11.9,0,0
25.5,12,0,0
25.5,12.1,0,0
25.5,12.2,0,0
25.5,12.3,0,0
25.5,12.4,0,0
25.5,12.5,0,0
25.5,12.6,0,0
25.5,12.7,0,0
