x,y,z,U_0,U_1,U_2
0,0,0,1.5,0,0
0,0.1,0,2.1,0,0
0,0.2,0,2.7,0,0
0,0.3,0,3,0,0
0,0.4,0,3,0,0
0,0.5,0,3,0,0
0,0.6,0,3,0,0
0,0.7,0,3,0,0
0,0.8,0,3,0,0
0,0.9,0,3,0,0
0,1,0,3,0,0
0,1.1,0,3,0,0
0,1.2,0,3,0,0
0,1.3,0,3,0,0
0,1.4,0,3,0,0
0,1.5,0,3,0,0
0,1.6,0,3,0,0
0,1.7,0,3,0,0
0,1.8,0,3,0,0
0,1.9,0,3,0,0
0,2,0,3,0,0
0,2.1,0,3,0,0
0,2.2,0,3,0,0
0,2.3,0,3,0,0
0,2.4,0,3,0,0
0,2.5,0,3,0,0
0,2.6,0,3,0,0
0,2.7,0,3,0,0
0,2.8,0,3,0,0
0,2.9,0,3,0,0
0,3,0,3,0,0
0,3.1,0,3,0,0
0,3.2,0,3,0,0
0,3.3,0,3,0,0
0,3.4,0,3,0,0
0,3.5,0,3,0,0
0,3.6,0,3,0,0
0,3.7,0,3,0,0
0,3.8,0,3,0,0
0,3.9,0,3,0,0
0,4,0,3,0,0
0,4.1,0,3,0,0
0,4.2,0,3,0,0
0,4.3,0,3,0,0
0,4.4,0,3,0,0
0,4.5,0,3,0,0
0,4.6,0,3,0,0
0,4.7,0,3,0,0
0,4.8,0,3,0,0
0,4.9,0,3,0,0
0,5,0,3,0,0
0,5.1,0,3,0,0
0,5.2,0,3,0,0
0,5.3,0,3,0,0
0,5.4,0,3,0,0
0,5.5,0,3,0,0
0,5.6,0,3,0,0
0,5.7,0,3,0,0
0,5.8,0,3,0,0
0,5.9,0,3,0,0
0,6,0,3,0,0
0,6.1,0,3,0,0
0,6.2,0,3,0,0
0,6.3,0,3,0,0
0,6.4,0,3,0,0
0,6.5,0,3,0,0
0,6.6,0,3,0,0
0,6.7,0,3,0,0
0,6.8,0,3,0,0
0,6.9,0,3,0,0
0,7,0,3,0,0
0,7.1,0,3,0,0
0,7.2,0,3,0,0
0,7.3,0,3,0,0
0,7.4,0,3,0,0
0,7.5,0,3,0,0
0,7.6,0,3,0,0
0,7.7,0,3,0,0
0,7.8,0,3,0,0
0,7.9,0,3,0,0
0,8,0,3,0,0
0,8.1,0,3,0,0
0,8.2,0,3,0,0
0,8.3,0,3,0,0
0,8.4,0,3,0,0
0,8.5,0,3,0,0
0,8.6,0,3,0,0
0,8.7,0,3,0,0
0,8.8,0,3,0,0
0,8.9,0,3,0,0
0,9,0,3,0,0
0,9.1,0,3,0,0
0,9.2,0,3,0,0
0,9.3,0,3,0,0
0,9.4,0,3,0,0
0,9.5,0,3,0,0
0,9.6,0,3,0,0
0,9.7,0,3,0,0
0,9.8,0,3,0,0
0,9.9,0,3,0,0
0,10,0,3,0,0
0,10.1,0,3,0,0
0,10.2,0,3,0,0
0,10.3,0,3,0,0
0,10.4,0,3,0,0
0,10.5,0,3,0,0
0,10.6,0,3,0,0
0,10.7,0,3,0,0
0,10.8,0,3,0,0
0,10.9,0,3,0,0
0,11,0,3,0,0
0,11.1,0,3,0,0
0,11.2,0,3,0,0
0,11.3,0,3,0,0
0,11.4,0,3,0,0
0,11.5,0,3,0,0
0,11.6,0,3,0,0
0,11.7,0,3,0,0
0,11.8,0,3,0,0
0,11.9,0,3,0,0
0,12,0,3,0,0
0,12.1,0,3,0,0
0,12.2,0,3,0,0
0,12.3,0,3,0,0
0,12.4,0,2.82294,0,0
0,12.5,0,2.31704,0,0
0,12.6,0,1.81115,0,0
0,12.7,0,1.30525,0,0
0.1,0,0,0.9,0,0
0.1,0.1,0,2.10879,0.0139256,-6.5e-08
0.1,0.2,0,2.70879,0.0139256,-6.5e-08
0.1,0.3,0,3.01393,0.0123864,-5e-08
0.1,0.4,0,3.01906,0.0108472,-3.5e-08
0.1,0.5,0,3.01906,0.0108472,-3.5e-08
0.1,0.6,0,3.01791,0.00568218,-8.67371e-19
0.1,0.7,0,3.01791,0.00568218,-8.67362e-19
0.1,0.8,0,3.01754,0.00477259,-5e-09
0.1,0.9,0,3.01718,0.00386301,-1e-08
0.1,1,0,3.01718,0.00386301,-1e-08
0.1,1.1,0,3.01681,0.00208523,1.5e-08
0.1,1.2,0,3.01681,0.00208523,1.5e-08
0.1,1.3,0,3.01672,0.0015362,1.25e-08
0.1,1.4,0,3.01663,0.000987172,1e-08
0.1,1.5,0,3.01663,0.000987172,1e-08
0.1,1.6,0,3.01652,9.84522e-05,1e-08
0.1,1.7,0,3.01652,9.84522e-05,1e-08
0.1,1.8,0,3.01648,-0.000244861,2e-08
0.1,1.9,0,3.01645,-0.000588175,3e-08
0.1,2,0,3.01645,-0.000588175,3e-08
0.1,2.1,0,3.01638,-0.00113607,5e-09
0.1,2.2,0,3.01638,-0.00113607,5e-09
0.1,2.3,0,3.01636,-0.0013558,1e-08
0.1,2.4,0,3.01633,-0.00157552,1.5e-08
0.1,2.5,0,3.01633,-0.00157552,1.5e-08
0.1,2.6,0,3.01628,-0.00191142,1e-08
0.1,2.7,0,3.01628,-0.00191142,1e-08
0.1,2.8,0,3.01626,-0.00203032,-1e-08
0.1,2.9,0,3.01624,-0.00214923,-3e-08
0.1,3,0,3.01624,-0.00214923,-3e-08
0.1,3.1,0,3.01622,-0.00228713,-2.5e-08
0.1,3.2,0,3.01622,-0.00228713,-2.5e-08
0.1,3.3,0,3.01621,-0.00230084,-1.5e-08
0.1,3.4,0,3.01621,-0.00231456,-5e-09
0.1,3.5,0,3.01621,-0.00231456,-5e-09
0.1,3.6,0,3.01621,-0.0022083,1.5e-08
0.1,3.7,0,3.01621,-0.0022083,1.5e-08
0.1,3.8,0,3.0162,-0.0020662,3e-08
0.1,3.9,0,3.0162,-0.00192409,4.5e-08
0.1,4,0,3.0162,-0.00192409,4.5e-08
0.1,4.1,0,3.01605,-0.00147935,5e-08
0.1,4.2,0,3.01605,-0.00147935,5e-08
0.1,4.3,0,3.01584,-0.00118131,3.75e-08
0.1,4.4,0,3.01563,-0.000883272,2.5e-08
0.1,4.5,0,3.01563,-0.000883272,2.5e-08
0.1,4.6,0,3.01485,-0.000616135,-2e-08
0.1,4.7,0,3.01485,-0.000616135,-2e-08
0.1,4.8,0,3.01481,-0.000663424,-2.65812e-08
0.1,4.9,0,3.01478,-0.000710713,-3.31625e-08
0.1,5,0,3.01478,-0.000710713,-3.31625e-08
0.1,5.1,0,3.01528,-0.000558343,-2e-08
0.1,5.2,0,3.01557,-0.000234414,-1.5e-08
0.1,5.3,0,3.01576,0.000100425,-1e-08
0.1,5.4,0,3.01589,0.000465997,-1e-08
0.1,5.5,0,3.01594,0.000846838,-1e-08
0.1,5.6,0,3.01594,0.0012318,-2e-08
0.1,5.7,0,3.01586,0.00161346,-3.5e-08
0.1,5.8,0,3.01571,0.00199145,-4e-08
0.1,5.9,0,3.01545,0.00237215,-4e-08
0.1,6,0,3.01494,0.00260393,-3.9475e-09
0.1,6.1,0,3.01499,0.00267139,2.88491e-08
0.1,6.2,0,3.015,0.00269432,4e-08
0.1,6.3,0,3.015,0.00269432,4e-08
0.1,6.4,0,3.01539,0.00292878,4e-08
0.1,6.5,0,3.0158,0.00317767,4e-08
0.1,6.6,0,3.0158,0.00317767,4e-08
0.1,6.7,0,3.01586,0.00333247,4.78358e-08
0.1,6.8,0,3.01604,0.00384848,7.39552e-08
0.1,6.9,0,3.01605,0.00386912,7.5e-08
0.1,7,0,3.01605,0.00386912,7.5e-08
0.1,7.1,0,3.01608,0.00413513,7.85448e-08
0.1,7.2,0,3.0161,0.00424434,8e-08
0.1,7.3,0,3.0161,0.00424434,8e-08
0.1,7.4,0,3.0161,0.0043192,7.10448e-08
0.1,7.5,0,3.01611,0.00441153,6e-08
0.1,7.6,0,3.01611,0.00441153,6e-08
0.1,7.7,0,3.01611,0.0044084,6.18657e-08
0.1,7.8,0,3.01613,0.00439587,6.93284e-08
0.1,7.9,0,3.01613,0.00439475,7e-08
0.1,8,0,3.01613,0.00439475,7e-08
0.1,8.1,0,3.01615,0.00429191,7e-08
0.1,8.2,0,3.01616,0.00424163,7e-08
0.1,8.3,0,3.01616,0.00424163,7e-08
0.1,8.4,0,3.01617,0.00413265,7.61567e-08
0.1,8.5,0,3.0162,0.00397612,8.5e-08
0.1,8.6,0,3.0162,0.00397612,8.5e-08
0.1,8.7,0,3.0162,0.0039224,8.57463e-08
0.1,8.8,0,3.01623,0.00365379,8.94776e-08
0.1,8.9,0,3.01623,0.00361619,9e-08
0.1,9,0,3.01623,0.00361619,9e-08
0.1,9.1,0,3.01625,0.00333738,9.31716e-08
0.1,9.2,0,3.01626,0.00317666,9.5e-08
0.1,9.3,0,3.01626,0.00317666,9.5e-08
0.1,9.4,0,3.01627,0.00298702,9.87313e-08
0.1,9.5,0,3.01628,0.00266844,1.05e-07
0.1,9.6,0,3.01628,0.00266844,1.05e-07
0.1,9.7,0,3.01628,0.00260454,1.01082e-07
0.1,9.8,0,3.0163,0.00217854,7.49627e-08
0.1,9.9,0,3.01631,0.00209761,7e-08
0.1,10,0,3.01631,0.00209761,7e-08
0.1,10.1,0,3.01632,0.00172314,6.40299e-08
0.1,10.2,0,3.01633,0.00147037,6e-08
0.1,10.3,0,3.01633,0.00147037,6e-08
0.1,10.4,0,3.01635,0.001218,7.34328e-08
0.1,10.5,0,3.01638,0.000718867,1e-07
0.1,10.6,0,3.01638,0.000718867,1e-07
0.1,10.7,0,3.01638,0.000658022,1.05597e-07
0.1,10.8,0,3.01643,4.95786e-05,1.61567e-07
0.1,10.9,0,3.01644,-9.64478e-05,1.75e-07
0.1,11,0,3.01644,-9.64478e-05,1.75e-07
0.1,11.1,0,3.01652,-0.000766973,1.83396e-07
0.1,11.2,0,3.01658,-0.00129445,1.9e-07
0.1,11.3,0,3.01658,-0.00129445,1.9e-07
0.1,11.4,0,3.01669,-0.00166265,2.0194e-07
0.1,11.5,0,3.01693,-0.0025279,2.3e-07
0.1,11.6,0,3.01693,-0.0025279,2.3e-07
0.1,11.7,0,3.01695,-0.00265704,2.33172e-07
0.1,11.8,0,3.01739,-0.0052399,2.96604e-07
0.1,11.9,0,3.01752,-0.00598893,3.15e-07
0.1,12,0,3.01752,-0.00598893,3.15e-07
0.1,12.1,0,3.01481,-0.00725478,3.12388e-07
0.1,12.2,0,3.01233,-0.00841212,3.1e-07
0.1,12.3,0,3.01233,-0.00841212,3.1e-07
0.1,12.4,0,2.69568,-0.00621493,2.2903e-07
0.1,12.5,0,1.79494,0,0
0.1,12.6,0,1.28905,0,0
0.1,12.7,0,0.783151,0,0
0.2,0,0,0.3,0,0
0.2,0.1,0,1.50879,0.0139256,-6.5e-08
0.2,0.2,0,2.71759,0.0278512,-1.3e-07
0.2,0.3,0,3.02272,0.026312,-1.15e-07
0.2,0.4,0,3.03299,0.0232336,-8.5e-08
0.2,0.5,0,3.03812,0.0216944,-7e-08
0.2,0.6,0,3.03697,0.0165294,-3.5e-08
0.2,0.7,0,3.03582,0.0113644,-1.73474e-18
0.2,0.8,0,3.03546,0.0104548,-5e-09
0.2,0.9,0,3.03472,0.0086356,-1.5e-08
0.2,1,0,3.03435,0.00772601,-2e-08
0.2,1.1,0,3.03399,0.00594824,5e-09
0.2,1.2,0,3.03363,0.00417046,3e-08
0.2,1.3,0,3.03354,0.00362143,2.75e-08
0.2,1.4,0,3.03335,0.00252337,2.25e-08
0.2,1.5,0,3.03326,0.00197434,2e-08
0.2,1.6,0,3.03315,0.00108562,2e-08
0.2,1.7,0,3.03304,0.000196905,2e-08
0.2,1.8,0,3.033,-0.000146409,3e-08
0.2,1.9,0,3.03293,-0.000833036,5e-08
0.2,2,0,3.03289,-0.00117635,6e-08
0.2,2.1,0,3.03283,-0.00172425,3.5e-08
0.2,2.2,0,3.03277,-0.00227215,1e-08
0.2,2.3,0,3.03274,-0.00249187,1.5e-08
0.2,2.4,0,3.03269,-0.00293131,2.5e-08
0.2,2.5,0,3.03266,-0.00315103,3e-08
0.2,2.6,0,3.03261,-0.00348694,2.5e-08
0.2,2.7,0,3.03256,-0.00382284,2e-08
0.2,2.8,0,3.03254,-0.00394174,1.0409e-18
0.2,2.9,0,3.03251,-0.00417955,-4e-08
0.2,3,0,3.03249,-0.00429846,-6e-08
0.2,3.1,0,3.03246,-0.00443635,-5.5e-08
0.2,3.2,0,3.03243,-0.00457425,-5e-08
0.2,3.3,0,3.03243,-0.00458797,-4e-08
0.2,3.4,0,3.03242,-0.0046154,-2e-08
0.2,3.5,0,3.03241,-0.00462912,-1e-08
0.2,3.6,0,3.03242,-0.00452286,1e-08
0.2,3.7,0,3.03243,-0.00441661,3e-08
0.2,3.8,0,3.03242,-0.0042745,4.5e-08
0.2,3.9,0,3.0324,-0.00399028,7.5e-08
0.2,4,0,3.03239,-0.00384817,9e-08
0.2,4.1,0,3.03225,-0.00340344,9.5e-08
0.2,4.2,0,3.0321,-0.0029587,1e-07
0.2,4.3,0,3.03189,-0.00266066,8.75e-08
0.2,4.4,0,3.03147,-0.00206458,6.25e-08
0.2,4.5,0,3.03126,-0.00176654,5e-08
0.2,4.6,0,3.03048,-0.00149941,5e-09
0.2,4.7,0,3.02969,-0.00123227,-4e-08
0.2,4.8,0,3.02966,-0.00127956,-4.65812e-08
0.2,4.9,0,3.02959,-0.00137414,-5.97437e-08
0.2,5,0,3.02955,-0.00142143,-6.6325e-08
0.2,5.1,0,3.03055,-0.00111669,-4e-08
0.2,5.2,0,3.03113,-0.000468829,-3e-08
0.2,5.3,0,3.03152,0.00020085,-2e-08
0.2,5.4,0,3.03178,0.000931994,-2e-08
0.2,5.5,0,3.03189,0.00169368,-2e-08
0.2,5.6,0,3.03187,0.0024636,-4e-08
0.2,5.7,0,3.03172,0.00322692,-7e-08
0.2,5.8,0,3.03141,0.00398291,-8e-08
0.2,5.9,0,3.03091,0.0047443,-8e-08
0.2,6,0,3.02988,0.00520787,-7.89499e-09
0.2,6.1,0,3.02993,0.00527532,2.49016e-08
0.2,6.2,0,3.02997,0.00534277,5.76983e-08
0.2,6.3,0,3.03001,0.00538864,8e-08
0.2,6.4,0,3.03039,0.0056231,8e-08
0.2,6.5,0,3.03099,0.0059838,8e-08
0.2,6.6,0,3.03158,0.00634451,8e-08
0.2,6.7,0,3.03166,0.00651013,8.78358e-08
0.2,6.8,0,3.03184,0.00702615,1.13955e-07
0.2,6.9,0,3.03202,0.00754216,1.40075e-07
0.2,7,0,3.03209,0.00773824,1.5e-07
0.2,7.1,0,3.03213,0.00800425,1.53545e-07
0.2,7.2,0,3.03217,0.00828427,1.57276e-07
0.2,7.3,0,3.03219,0.00848867,1.6e-07
0.2,7.4,0,3.0322,0.00856354,1.51045e-07
0.2,7.5,0,3.0322,0.00868831,1.36119e-07
0.2,7.6,0,3.03221,0.00881309,1.21194e-07
0.2,7.7,0,3.03222,0.00881994,1.21866e-07
0.2,7.8,0,3.03223,0.00880741,1.29328e-07
0.2,7.9,0,3.03225,0.00879488,1.36791e-07
0.2,8,0,3.03225,0.00878949,1.4e-07
0.2,8.1,0,3.03228,0.00868665,1.4e-07
0.2,8.2,0,3.0323,0.00857238,1.4e-07
0.2,8.3,0,3.03232,0.00848326,1.4e-07
0.2,8.4,0,3.03233,0.00837428,1.46157e-07
0.2,8.5,0,3.03236,0.00817614,1.57351e-07
0.2,8.6,0,3.03239,0.00797799,1.68545e-07
0.2,8.7,0,3.0324,0.00789852,1.70746e-07
0.2,8.8,0,3.03242,0.00762991,1.74478e-07
0.2,8.9,0,3.03245,0.00736131,1.78209e-07
0.2,9,0,3.03246,0.00723237,1.8e-07
0.2,9.1,0,3.03248,0.00695357,1.83172e-07
0.2,9.2,0,3.0325,0.00662556,1.86903e-07
0.2,9.3,0,3.03251,0.00635331,1.9e-07
0.2,9.4,0,3.03252,0.00616368,1.93731e-07
0.2,9.5,0,3.03254,0.00578441,2.01194e-07
0.2,9.6,0,3.03256,0.00540515,2.08657e-07
0.2,9.7,0,3.03257,0.00527298,2.06082e-07
0.2,9.8,0,3.03258,0.00484698,1.79963e-07
0.2,9.9,0,3.0326,0.00442099,1.53843e-07
0.2,10,0,3.03261,0.00419521,1.4e-07
0.2,10.1,0,3.03263,0.00382074,1.3403e-07
0.2,10.2,0,3.03265,0.00335266,1.26567e-07
0.2,10.3,0,3.03267,0.00294075,1.2e-07
0.2,10.4,0,3.03268,0.00268838,1.33433e-07
0.2,10.5,0,3.03271,0.00212755,1.63284e-07
0.2,10.6,0,3.03275,0.00156672,1.93134e-07
0.2,10.7,0,3.03276,0.00137689,2.05597e-07
0.2,10.8,0,3.03281,0.000768445,2.61567e-07
0.2,10.9,0,3.03285,0.000160002,3.17537e-07
0.2,11,0,3.03288,-0.000192896,3.5e-07
0.2,11.1,0,3.03296,-0.000863421,3.58396e-07
0.2,11.2,0,3.03307,-0.00175746,3.6959e-07
0.2,11.3,0,3.03317,-0.00258891,3.8e-07
0.2,11.4,0,3.03327,-0.0029571,3.9194e-07
0.2,11.5,0,3.03353,-0.00387758,4.21791e-07
0.2,11.6,0,3.03378,-0.00479807,4.51642e-07
0.2,11.7,0,3.03388,-0.00518494,4.63172e-07
0.2,11.8,0,3.03432,-0.0077678,5.26604e-07
0.2,11.9,0,3.03477,-0.0103507,5.90037e-07
0.2,12,0,3.03505,-0.0119779,6.3e-07
0.2,12.1,0,3.03234,-0.0132437,6.27388e-07
0.2,12.2,0,3.02846,-0.0150521,6.23657e-07
0.2,12.3,0,3.02467,-0.0168242,6.2e-07
0.2,12.4,0,2.70801,-0.0146271,5.3903e-07
0.2,12.5,0,1.80329,-0.00834935,3.07687e-07
0.2,12.6,0,0.89856,-0.00207164,7.63433e-08
0.2,12.7,0,0.26105,0,0
0.3,0,0,0,0,0
0.3,0.1,0,1.22788,0.0164029,-4.5e-08
0.3,0.2,0,2.43668,0.0303284,-1.1e-07
0.3,0.3,0,3.05018,0.0356905,-1.5e-07
0.3,0.4,0,3.06045,0.0326121,-1.2e-07
0.3,0.5,0,3.07072,0.0295337,-9e-08
0.3,0.6,0,3.0687,0.0238811,-5.5e-08
0.3,0.7,0,3.06755,0.0187161,-2e-08
0.3,0.8,0,3.06594,0.0147582,1.5e-08
0.3,0.9,0,3.0652,0.012939,5e-09
0.3,1,0,3.06447,0.0111198,-5e-09
0.3,1.1,0,3.06375,0.00875514,-5e-09
0.3,1.2,0,3.06339,0.00697737,2e-08
0.3,1.3,0,3.06292,0.00513548,3.5e-08
0.3,1.4,0,3.06274,0.00403742,3e-08
0.3,1.5,0,3.06256,0.00293936,2.5e-08
0.3,1.6,0,3.06231,0.00168164,3e-08
0.3,1.7,0,3.0622,0.000792918,3e-08
0.3,1.8,0,3.06201,-0.000294438,-2.5e-09
0.3,1.9,0,3.06194,-0.000981066,1.75e-08
0.3,2,0,3.06186,-0.00166769,3.75e-08
0.3,2.1,0,3.06172,-0.00246003,2e-08
0.3,2.2,0,3.06166,-0.00300793,-5e-09
0.3,2.3,0,3.06153,-0.00369605,-2.60264e-19
0.3,2.4,0,3.06148,-0.00413549,1e-08
0.3,2.5,0,3.06142,-0.00457493,2e-08
0.3,2.6,0,3.0613,-0.00505423,-5e-09
0.3,2.7,0,3.06125,-0.00539014,-1e-08
0.3,2.8,0,3.06113,-0.005767,-1e-08
0.3,2.9,0,3.06109,-0.00600481,-5e-08
0.3,3,0,3.06105,-0.00624262,-9e-08
0.3,3.1,0,3.06092,-0.00641648,-6.75e-08
0.3,3.2,0,3.06089,-0.00655438,-6.25e-08
0.3,3.3,0,3.06075,-0.00662624,-7e-08
0.3,3.4,0,3.06074,-0.00665367,-5e-08
0.3,3.5,0,3.06073,-0.0066811,-3e-08
0.3,3.6,0,3.0606,-0.00654277,-2.5e-08
0.3,3.7,0,3.06061,-0.00643651,-5e-09
0.3,3.8,0,3.06051,-0.00624306,1.5e-08
0.3,3.9,0,3.06049,-0.00595884,4.5e-08
0.3,4,0,3.06048,-0.00567462,7.5e-08
0.3,4.1,0,3.06045,-0.00527005,7.75e-08
0.3,4.2,0,3.0603,-0.00482531,8.25e-08
0.3,4.3,0,3.06057,-0.00438085,7.75e-08
0.3,4.4,0,3.06015,-0.00378478,5.25e-08
0.3,4.5,0,3.05972,-0.0031887,2.75e-08
0.3,4.6,0,3.06005,-0.00247514,-2e-08
0.3,4.7,0,3.05927,-0.002208,-6.5e-08
0.3,4.8,0,3.05919,-0.0012786,-1.21225e-07
0.3,4.9,0,3.05912,-0.00137317,-1.34387e-07
0.3,5,0,3.05905,-0.00146775,-1.4755e-07
0.3,5.1,0,3.05987,-0.000810321,-1.35e-07
0.3,5.2,0,3.06032,7.5481e-06,-1.325e-07
0.3,5.3,0,3.06062,0.000828241,-1.3e-07
0.3,5.4,0,3.0608,0.00169562,-1.325e-07
0.3,5.5,0,3.06087,0.00258488,-1.275e-07
0.3,5.6,0,3.06085,0.00347826,-1.45e-07
0.3,5.7,0,3.06072,0.00436307,-1.65e-07
0.3,5.8,0,3.06046,0.0052512,-1.575e-07
0.3,5.9,0,3.06002,0.00616442,-1.475e-07
0.3,6,0,3.05914,0.00695602,-6.68862e-08
0.3,6.1,0,3.05878,0.00787771,-3.45721e-08
0.3,6.2,0,3.05882,0.00794517,-1.77546e-09
0.3,6.3,0,3.05887,0.00801262,3.10212e-08
0.3,6.4,0,3.05822,0.00869017,5.22015e-08
0.3,6.5,0,3.05878,0.00906378,5.25e-08
0.3,6.6,0,3.05938,0.00942449,5.25e-08
0.3,6.7,0,3.05973,0.00981349,5.13806e-08
0.3,6.8,0,3.05977,0.0103069,6.64552e-08
0.3,6.9,0,3.05995,0.010823,9.25746e-08
0.3,7,0,3.06014,0.011339,1.18694e-07
0.3,7.1,0,3.06024,0.0117055,1.21045e-07
0.3,7.2,0,3.06028,0.0119856,1.24776e-07
0.3,7.3,0,3.06031,0.0122656,1.28507e-07
0.3,7.4,0,3.06045,0.0125015,1.18806e-07
0.3,7.5,0,3.06048,0.0126319,1.03619e-07
0.3,7.6,0,3.06048,0.0127567,8.8694e-08
0.3,7.7,0,3.06053,0.0128515,7.56343e-08
0.3,7.8,0,3.06062,0.0128462,7.68284e-08
0.3,7.9,0,3.06064,0.0128337,8.4291e-08
0.3,8,0,3.06065,0.0128212,9.17537e-08
0.3,8.1,0,3.06076,0.0126616,1.05e-07
0.3,8.2,0,3.06078,0.0125473,1.05e-07
0.3,8.3,0,3.06081,0.012433,1.05e-07
0.3,8.4,0,3.06088,0.0121773,1.09104e-07
0.3,8.5,0,3.06092,0.0119584,1.19851e-07
0.3,8.6,0,3.06095,0.0117602,1.31045e-07
0.3,8.7,0,3.06099,0.011499,1.35522e-07
0.3,8.8,0,3.06104,0.0111154,1.26978e-07
0.3,8.9,0,3.06107,0.0108468,1.30709e-07
0.3,9,0,3.06109,0.0105782,1.3444e-07
0.3,9.1,0,3.06115,0.0100581,1.28172e-07
0.3,9.2,0,3.06117,0.00973011,1.31903e-07
0.3,9.3,0,3.06119,0.0094021,1.35634e-07
0.3,9.4,0,3.06123,0.0088765,1.375e-07
0.3,9.5,0,3.06126,0.00843876,1.43694e-07
0.3,9.6,0,3.06128,0.0080595,1.51157e-07
0.3,9.7,0,3.0613,0.00761593,1.59179e-07
0.3,9.8,0,3.06134,0.00699132,1.52463e-07
0.3,9.9,0,3.06136,0.00656533,1.26343e-07
0.3,10,0,3.06138,0.00613933,1.00224e-07
0.3,10.1,0,3.06143,0.00540456,1.1653e-07
0.3,10.2,0,3.06145,0.00493648,1.09067e-07
0.3,10.3,0,3.06147,0.00446839,1.01604e-07
0.3,10.4,0,3.06153,0.00373942,8.23881e-08
0.3,10.5,0,3.06158,0.00307145,9.82836e-08
0.3,10.6,0,3.06161,0.00251062,1.28134e-07
0.3,10.7,0,3.06166,0.00189498,1.4791e-07
0.3,10.8,0,3.06177,0.00100124,1.31567e-07
0.3,10.9,0,3.06181,0.000392798,1.87537e-07
0.3,11,0,3.06186,-0.000215646,2.43507e-07
0.3,11.1,0,3.06211,-0.0014968,3.03396e-07
0.3,11.2,0,3.06221,-0.00239083,3.1459e-07
0.3,11.3,0,3.06232,-0.00328487,3.25784e-07
0.3,11.4,0,3.06269,-0.00443409,3.41455e-07
0.3,11.5,0,3.06308,-0.00551968,3.69291e-07
0.3,11.6,0,3.06334,-0.00644016,3.99142e-07
0.3,11.7,0,3.06364,-0.00748784,4.27313e-07
0.3,11.8,0,3.06455,-0.0106172,4.49104e-07
0.3,11.9,0,3.065,-0.0132001,5.12537e-07
0.3,12,0,3.06544,-0.015783,5.7597e-07
0.3,12.1,0,3.06116,-0.0181403,5.77388e-07
0.3,12.2,0,3.05729,-0.0199487,5.73657e-07
0.3,12.3,0,3.05342,-0.0217571,5.69925e-07
0.3,12.4,0,2.72376,-0.0197416,5.94925e-07
0.3,12.5,0,1.80945,-0.0125554,4.62687e-07
0.3,12.6,0,0.904727,-0.00627771,2.31343e-07
0.3,12.7,0,0,0,0
0.4,0,0,0,0,0
0.4,0.1,0,1.24697,0.0188801,-2.5e-08
0.4,0.2,0,2.47486,0.035283,-7e-08
0.4,0.3,0,3.08836,0.040645,-1.1e-07
0.4,0.4,0,3.10659,0.0374435,-1.25e-07
0.4,0.5,0,3.11686,0.0343651,-9.5e-08
0.4,0.6,0,3.11396,0.0282249,-6e-08
0.4,0.7,0,3.11193,0.0225723,-2.5e-08
0.4,0.8,0,3.11032,0.0186144,1e-08
0.4,0.9,0,3.10825,0.0158636,4.5e-08
0.4,1,0,3.10751,0.0140444,3.5e-08
0.4,1.1,0,3.10644,0.0110929,1e-08
0.4,1.2,0,3.10573,0.00872817,1e-08
0.4,1.3,0,3.10526,0.00688628,2.5e-08
0.4,1.4,0,3.10469,0.00498029,3e-08
0.4,1.5,0,3.10451,0.00388223,2.5e-08
0.4,1.6,0,3.10413,0.0022555,3.5e-08
0.4,1.7,0,3.10389,0.000997773,4e-08
0.4,1.8,0,3.1037,-8.95834e-05,7.5e-09
0.4,1.9,0,3.10344,-0.00137558,-5.75e-08
0.4,2,0,3.10336,-0.0020622,-3.75e-08
0.4,2.1,0,3.10314,-0.00309899,-4.75e-08
0.4,2.2,0,3.103,-0.00389133,-6.5e-08
0.4,2.3,0,3.10287,-0.00457944,-6e-08
0.4,2.4,0,3.10267,-0.00540777,-2.5e-08
0.4,2.5,0,3.10262,-0.00584722,-1.5e-08
0.4,2.6,0,3.10242,-0.00646992,-6e-08
0.4,2.7,0,3.1023,-0.00694922,-8.5e-08
0.4,2.8,0,3.10218,-0.00732608,-8.5e-08
0.4,2.9,0,3.10197,-0.00774391,-8e-08
0.4,3,0,3.10193,-0.00798172,-1.2e-07
0.4,3.1,0,3.1017,-0.00819154,-8e-08
0.4,3.2,0,3.10157,-0.0083654,-5.75e-08
0.4,3.3,0,3.10143,-0.00843726,-6.5e-08
0.4,3.4,0,3.10118,-0.00844308,-8.5e-08
0.4,3.5,0,3.10117,-0.00847052,-6.5e-08
0.4,3.6,0,3.1009,-0.0083001,-7.5e-08
0.4,3.7,0,3.10077,-0.00816177,-7e-08
0.4,3.8,0,3.10067,-0.00796831,-5e-08
0.4,3.9,0,3.10046,-0.00768765,-3e-08
0.4,4,0,3.10045,-0.00740343,-1.03216e-17
0.4,4.1,0,3.10054,-0.00703902,8.67216e-20
0.4,4.2,0,3.10051,-0.00663445,2.5e-09
0.4,4.3,0,3.10078,-0.00618999,-2.5e-09
0.4,4.4,0,3.10145,-0.00574582,-1.75e-08
0.4,4.5,0,3.10103,-0.00514974,-4.25e-08
0.4,4.6,0,3.10246,-0.00398975,-9.25e-08
0.4,4.7,0,3.10279,-0.00327619,-1.4e-07
0.4,4.8,0,3.10271,-0.00234678,-1.96225e-07
0.4,4.9,0,3.10334,-0.000755115,-2.63675e-07
0.4,5,0,3.10327,-0.000849693,-2.76838e-07
0.4,5.1,0,3.10323,0.000360752,-3.05e-07
0.4,5.2,0,3.10314,0.00119472,-3.225e-07
0.4,5.3,0,3.10304,0.0019826,-3.4e-07
0.4,5.4,0,3.10296,0.00275689,-3.475e-07
0.4,5.5,0,3.1029,0.00352044,-3.325e-07
0.4,5.6,0,3.10287,0.00427579,-3.35e-07
0.4,5.7,0,3.10286,0.00502193,-3.2e-07
0.4,5.8,0,3.10285,0.00579633,-2.725e-07
0.4,5.9,0,3.1028,0.0066325,-2.425e-07
0.4,6,0,3.10272,0.00784839,-1.80921e-07
0.4,6.1,0,3.10216,0.00919083,-1.48845e-07
0.4,6.2,0,3.10159,0.0105333,-1.16768e-07
0.4,6.3,0,3.10164,0.0106135,-8.39788e-08
0.4,6.4,0,3.10098,0.011291,-6.27985e-08
0.4,6.5,0,3.09996,0.0122971,-4.78731e-08
0.4,6.6,0,3.09997,0.0128901,-4.25e-08
0.4,6.7,0,3.10032,0.0132791,-4.36194e-08
0.4,6.8,0,3.10011,0.0137342,-4.73507e-08
0.4,6.9,0,3.10002,0.0142069,-4.24254e-08
0.4,7,0,3.1002,0.0147229,-1.6306e-08
0.4,7.1,0,3.10033,0.0151207,-1.5e-08
0.4,7.2,0,3.10045,0.0155123,-1.5e-08
0.4,7.3,0,3.10049,0.015799,-1.14925e-08
0.4,7.4,0,3.10063,0.0160349,-2.1194e-08
0.4,7.5,0,3.10084,0.0162414,-3.98507e-08
0.4,7.6,0,3.10093,0.0163997,-5.6306e-08
0.4,7.7,0,3.10098,0.0164944,-6.93657e-08
0.4,7.8,0,3.10116,0.0164992,-7.68284e-08
0.4,7.9,0,3.10131,0.0164998,-8.0709e-08
0.4,8,0,3.10133,0.0164873,-7.32463e-08
0.4,8.1,0,3.10146,0.0163086,-5.5709e-08
0.4,8.2,0,3.10161,0.0161115,-3.70522e-08
0.4,8.3,0,3.10164,0.0159881,-3.5e-08
0.4,8.4,0,3.10172,0.0157324,-3.08955e-08
0.4,8.5,0,3.10183,0.0153609,-2.34328e-08
0.4,8.6,0,3.1019,0.015083,-1.39552e-08
0.4,8.7,0,3.10194,0.0148218,-9.47761e-09
0.4,8.8,0,3.10203,0.0143084,-3.18657e-08
0.4,8.9,0,3.10211,0.0138416,-4.9291e-08
0.4,9,0,3.10214,0.0135729,-4.55597e-08
0.4,9.1,0,3.1022,0.0129989,-5.45149e-08
0.4,9.2,0,3.10228,0.012371,-6.5709e-08
0.4,9.3,0,3.10231,0.011995,-6.43657e-08
0.4,9.4,0,3.10235,0.0114694,-6.25e-08
0.4,9.5,0,3.10241,0.0107462,-6.25e-08
0.4,9.6,0,3.10245,0.0101915,-5.88433e-08
0.4,9.7,0,3.10248,0.00974797,-5.08209e-08
0.4,9.8,0,3.10254,0.00894003,-3.96269e-08
0.4,9.9,0,3.10259,0.00818556,-3.36567e-08
0.4,10,0,3.10261,0.00775956,-5.97761e-08
0.4,10.1,0,3.10267,0.00697141,-3.81343e-08
0.4,10.2,0,3.10274,0.00609273,-4.55224e-09
0.4,10.3,0,3.10277,0.00553842,-3.39552e-09
0.4,10.4,0,3.10283,0.00480944,-2.26119e-08
0.4,10.5,0,3.10294,0.0037616,-5.6194e-08
0.4,10.6,0,3.10302,0.00292804,-6.18657e-08
0.4,10.7,0,3.10306,0.0023124,-4.20896e-08
0.4,10.8,0,3.10322,0.00120344,-1.12985e-07
0.4,10.9,0,3.10336,0.000139524,-1.72463e-07
0.4,11,0,3.10341,-0.000468919,-1.16493e-07
0.4,11.1,0,3.10367,-0.00180482,-5.21269e-08
0.4,11.2,0,3.104,-0.00338321,1.50373e-08
0.4,11.3,0,3.10417,-0.00445517,4.07836e-08
0.4,11.4,0,3.10454,-0.00560439,5.64552e-08
0.4,11.5,0,3.1053,-0.0071364,7.88433e-08
0.4,11.6,0,3.10586,-0.00842991,1.04142e-07
0.4,11.7,0,3.10616,-0.00947758,1.32313e-07
0.4,11.8,0,3.10736,-0.012942,1.28582e-07
0.4,11.9,0,3.10854,-0.0163711,1.27537e-07
0.4,12,0,3.10898,-0.0189539,1.9097e-07
0.4,12.1,0,3.10462,-0.0213255,1.91716e-07
0.4,12.2,0,3.09821,-0.0236065,1.65597e-07
0.4,12.3,0,3.09355,-0.0255614,1.54925e-07
0.4,12.4,0,2.76389,-0.023546,1.79925e-07
0.4,12.5,0,1.82922,-0.0144292,2.58284e-07
0.4,12.6,0,0.904727,-0.00627771,2.31343e-07
0.4,12.7,0,0,0,0
0.5,0,0,0,0,0
0.5,0.1,0,1.24697,0.0188801,-2.5e-08
0.5,0.2,0,2.49395,0.0377602,-5e-08
0.5,0.3,0,3.12654,0.0455995,-7e-08
0.5,0.4,0,3.14477,0.042398,-8.5e-08
0.5,0.5,0,3.16299,0.0391964,-1e-07
0.5,0.6,0,3.16009,0.0330563,-6.5e-08
0.5,0.7,0,3.15719,0.0269161,-3e-08
0.5,0.8,0,3.1547,0.0224707,5e-09
0.5,0.9,0,3.15263,0.0197199,4e-08
0.5,1,0,3.15056,0.0169691,7.5e-08
0.5,1.1,0,3.14949,0.0140175,5e-08
0.5,1.2,0,3.14842,0.0110659,2.5e-08
0.5,1.3,0,3.1476,0.00863708,1.5e-08
0.5,1.4,0,3.14703,0.00673109,2e-08
0.5,1.5,0,3.14646,0.00482509,2.5e-08
0.5,1.6,0,3.14608,0.00319836,3.5e-08
0.5,1.7,0,3.14571,0.00157163,4.5e-08
0.5,1.8,0,3.14539,0.000115272,1.75e-08
0.5,1.9,0,3.14512,-0.00117072,-4.75e-08
0.5,2,0,3.14486,-0.00245671,-1.125e-07
0.5,2.1,0,3.14464,-0.0034935,-1.225e-07
0.5,2.2,0,3.14442,-0.00453028,-1.325e-07
0.5,2.3,0,3.14421,-0.00546284,-1.2e-07
0.5,2.4,0,3.14402,-0.00629117,-8.5e-08
0.5,2.5,0,3.14382,-0.0071195,-5e-08
0.5,2.6,0,3.14362,-0.0077422,-9.5e-08
0.5,2.7,0,3.14343,-0.0083649,-1.4e-07
0.5,2.8,0,3.14322,-0.00888516,-1.6e-07
0.5,2.9,0,3.14302,-0.00930299,-1.55e-07
0.5,3,0,3.14281,-0.00972081,-1.5e-07
0.5,3.1,0,3.14258,-0.00993064,-1.1e-07
0.5,3.2,0,3.14236,-0.0101405,-7e-08
0.5,3.3,0,3.14211,-0.0102483,-6e-08
0.5,3.4,0,3.14186,-0.0102541,-8e-08
0.5,3.5,0,3.1416,-0.0102599,-1e-07
0.5,3.6,0,3.14133,-0.0100895,-1.1e-07
0.5,3.7,0,3.14106,-0.0099191,-1.2e-07
0.5,3.8,0,3.14082,-0.00969356,-1.15e-07
0.5,3.9,0,3.14062,-0.0094129,-9.5e-08
0.5,4,0,3.14042,-0.00913224,-7.5e-08
0.5,4.1,0,3.14051,-0.00876783,-7.5e-08
0.5,4.2,0,3.1406,-0.00840342,-7.5e-08
0.5,4.3,0,3.14098,-0.00799913,-8.25e-08
0.5,4.4,0,3.14166,-0.00755495,-9.75e-08
0.5,4.5,0,3.14234,-0.00711078,-1.125e-07
0.5,4.6,0,3.14377,-0.00595079,-1.625e-07
0.5,4.7,0,3.1452,-0.0047908,-2.125e-07
0.5,4.8,0,3.14623,-0.00341497,-2.71225e-07
0.5,4.9,0,3.14686,-0.0018233,-3.38675e-07
0.5,5,0,3.14749,-0.000231634,-4.06125e-07
0.5,5.1,0,3.14659,0.00153183,-4.75e-07
0.5,5.2,0,3.14595,0.00238189,-5.125e-07
0.5,5.3,0,3.14546,0.00313696,-5.5e-07
0.5,5.4,0,3.14511,0.00381815,-5.625e-07
0.5,5.5,0,3.14492,0.004456,-5.375e-07
0.5,5.6,0,3.14488,0.00507331,-5.25e-07
0.5,5.7,0,3.145,0.00568079,-4.75e-07
0.5,5.8,0,3.14524,0.00634146,-3.875e-07
0.5,5.9,0,3.14558,0.00710057,-3.375e-07
0.5,6,0,3.14631,0.00874075,-2.94956e-07
0.5,6.1,0,3.14574,0.0100832,-2.6288e-07
0.5,6.2,0,3.14518,0.0114256,-2.30803e-07
0.5,6.3,0,3.14461,0.0127681,-1.98727e-07
0.5,6.4,0,3.14375,0.0138919,-1.77799e-07
0.5,6.5,0,3.14272,0.014898,-1.62873e-07
0.5,6.6,0,3.14169,0.015904,-1.47948e-07
0.5,6.7,0,3.14091,0.0167448,-1.38619e-07
0.5,6.8,0,3.1407,0.0171998,-1.42351e-07
0.5,6.9,0,3.14049,0.0176548,-1.46082e-07
0.5,7,0,3.14028,0.0181099,-1.49813e-07
0.5,7.1,0,3.14039,0.0185047,-1.5e-07
0.5,7.2,0,3.14051,0.0188963,-1.5e-07
0.5,7.3,0,3.14063,0.0192879,-1.5e-07
0.5,7.4,0,3.1408,0.0195684,-1.61194e-07
0.5,7.5,0,3.14101,0.0197749,-1.79851e-07
0.5,7.6,0,3.14122,0.0199813,-1.98507e-07
0.5,7.7,0,3.14142,0.0201374,-2.14366e-07
0.5,7.8,0,3.14161,0.0201421,-2.21828e-07
0.5,7.9,0,3.1418,0.0201469,-2.29291e-07
0.5,8,0,3.14198,0.0201517,-2.36754e-07
0.5,8.1,0,3.14213,0.0199747,-2.20709e-07
0.5,8.2,0,3.14228,0.0197776,-2.02052e-07
0.5,8.3,0,3.14243,0.0195805,-1.83396e-07
0.5,8.4,0,3.14256,0.0192874,-1.70896e-07
0.5,8.5,0,3.14267,0.018916,-1.63433e-07
0.5,8.6,0,3.14279,0.0185445,-1.5597e-07
0.5,8.7,0,3.1429,0.0181447,-1.54478e-07
0.5,8.8,0,3.14299,0.0176313,-1.76866e-07
0.5,8.9,0,3.14308,0.0171179,-1.99254e-07
0.5,9,0,3.14317,0.0166045,-2.21642e-07
0.5,9.1,0,3.14325,0.0159937,-2.34515e-07
0.5,9.2,0,3.14332,0.0153658,-2.45709e-07
0.5,9.3,0,3.1434,0.0147379,-2.56903e-07
0.5,9.4,0,3.14347,0.0140623,-2.625e-07
0.5,9.5,0,3.14353,0.0133391,-2.625e-07
0.5,9.6,0,3.14359,0.0126159,-2.625e-07
0.5,9.7,0,3.14366,0.01188,-2.60821e-07
0.5,9.8,0,3.14372,0.0110721,-2.49627e-07
0.5,9.9,0,3.14378,0.0102641,-2.38433e-07
0.5,10,0,3.14384,0.00945619,-2.27239e-07
0.5,10.1,0,3.14391,0.00859165,-1.98134e-07
0.5,10.2,0,3.14397,0.00771296,-1.64552e-07
0.5,10.3,0,3.14404,0.00683428,-1.3097e-07
0.5,10.4,0,3.14413,0.00587947,-1.27612e-07
0.5,10.5,0,3.14424,0.00483162,-1.61194e-07
0.5,10.6,0,3.14435,0.00378378,-1.94776e-07
0.5,10.7,0,3.14447,0.00272982,-2.3209e-07
0.5,10.8,0,3.14462,0.00162086,-3.02985e-07
0.5,10.9,0,3.14477,0.000511897,-3.73881e-07
0.5,11,0,3.14492,-0.000597064,-4.44776e-07
0.5,11.1,0,3.14521,-0.00205809,-4.12127e-07
0.5,11.2,0,3.14555,-0.00363648,-3.44963e-07
0.5,11.3,0,3.14588,-0.00521487,-2.77799e-07
0.5,11.4,0,3.14639,-0.0067747,-2.28545e-07
0.5,11.5,0,3.14715,-0.0083067,-2.06157e-07
0.5,11.6,0,3.1479,-0.0098387,-1.83769e-07
0.5,11.7,0,3.14869,-0.0114673,-1.62687e-07
0.5,11.8,0,3.14989,-0.0149317,-1.66418e-07
0.5,11.9,0,3.15109,-0.0183961,-1.70149e-07
0.5,12,0,3.15229,-0.0218605,-1.73881e-07
0.5,12.1,0,3.14816,-0.0244965,-1.93284e-07
0.5,12.2,0,3.14175,-0.0267775,-2.19403e-07
0.5,12.3,0,3.13533,-0.0290585,-2.45522e-07
0.5,12.4,0,2.80402,-0.0273503,-2.35075e-07
0.5,12.5,0,1.86935,-0.0182335,-1.56716e-07
0.5,12.6,0,0.934675,-0.00911676,-7.83582e-08
0.5,12.7,0,0,0,0
0.6,0,0,0,0,0
0.6,0.1,0,1.2848,0.0203653,9e-08
0.6,0.2,0,2.53177,0.0392454,6.5e-08
0.6,0.3,0,3.17085,0.047379,3.75e-08
0.6,0.4,0,3.19556,0.0444718,1.5e-08
0.6,0.5,0,3.21378,0.0412702,9.54077e-19
0.6,0.6,0,3.21025,0.0353283,-5e-08
0.6,0.7,0,3.20735,0.0291882,-1.5e-08
0.6,0.8,0,3.2043,0.0245023,-5e-09
0.6,0.9,0,3.20165,0.0215111,5e-09
0.6,1,0,3.19958,0.0187603,4e-08
0.6,1.1,0,3.1978,0.0150879,-5e-09
0.6,1.2,0,3.19673,0.0121363,-3e-08
0.6,1.3,0,3.19567,0.00940226,-4.75e-08
0.6,1.4,0,3.19486,0.00719099,-5e-08
0.6,1.5,0,3.19429,0.005285,-4.5e-08
0.6,1.6,0,3.19355,0.00302315,-8.5e-08
0.6,1.7,0,3.19318,0.00139642,-7.5e-08
0.6,1.8,0,3.19272,-0.000331768,-7.5e-08
0.6,1.9,0,3.19233,-0.00188959,-1.125e-07
0.6,2,0,3.19207,-0.00317558,-1.775e-07
0.6,2.1,0,3.19162,-0.00469439,-1.325e-07
0.6,2.2,0,3.19141,-0.00573117,-1.425e-07
0.6,2.3,0,3.1911,-0.00687162,-1.65e-07
0.6,2.4,0,3.1908,-0.00790783,-1.65e-07
0.6,2.5,0,3.1906,-0.00873616,-1.3e-07
0.6,2.6,0,3.19024,-0.00971336,-1e-07
0.6,2.7,0,3.19004,-0.0103361,-1.45e-07
0.6,2.8,0,3.18977,-0.0110076,-1.425e-07
0.6,2.9,0,3.18949,-0.0115766,-1.15e-07
0.6,3,0,3.18929,-0.0119944,-1.1e-07
0.6,3.1,0,3.18897,-0.012455,-1.05e-07
0.6,3.2,0,3.18874,-0.0126648,-6.5e-08
0.6,3.3,0,3.1885,-0.0128597,-4.5e-08
0.6,3.4,0,3.18823,-0.0129525,-5.5e-08
0.6,3.5,0,3.18798,-0.0129583,-7.5e-08
0.6,3.6,0,3.18775,-0.0127918,-9e-08
0.6,3.7,0,3.18748,-0.0126214,-1e-07
0.6,3.8,0,3.18718,-0.0122166,-1.2e-07
0.6,3.9,0,3.18692,-0.0117567,-1.25e-07
0.6,4,0,3.18672,-0.011476,-1.05e-07
0.6,4.1,0,3.18593,-0.0103521,-1.25e-07
0.6,4.2,0,3.18602,-0.00998768,-1.25e-07
0.6,4.3,0,3.18515,-0.00898341,-1.05e-07
0.6,4.4,0,3.18457,-0.00793925,-9.25e-08
0.6,4.5,0,3.18525,-0.00749508,-1.075e-07
0.6,4.6,0,3.18224,-0.00644629,-1.75e-08
0.6,4.7,0,3.18367,-0.0052863,-6.75e-08
0.6,4.8,0,3.18416,-0.0045074,-7.59188e-08
0.6,4.9,0,3.18425,-0.00351267,-9.30625e-08
0.6,5,0,3.18488,-0.001921,-1.60513e-07
0.6,5.1,0,3.18583,-0.000292148,-2.2e-07
0.6,5.2,0,3.18624,0.00091503,-2.425e-07
0.6,5.3,0,3.18645,0.00220265,-2.6e-07
0.6,5.4,0,3.18657,0.00356267,-2.625e-07
0.6,5.5,0,3.1866,0.00494547,-2.325e-07
0.6,5.6,0,3.18657,0.00633335,-2.05e-07
0.6,5.7,0,3.18647,0.00768237,-1.5e-07
0.6,5.8,0,3.18628,0.00896996,-8.25e-08
0.6,5.9,0,3.18589,0.010248,-6.75e-08
0.6,6,0,3.18489,0.0121309,-1.21067e-07
0.6,6.1,0,3.1853,0.0129423,-2.11296e-07
0.6,6.2,0,3.18507,0.0141042,-2.20803e-07
0.6,6.3,0,3.18451,0.0154466,-1.88727e-07
0.6,6.4,0,3.18579,0.01666,-1.75075e-07
0.6,6.5,0,3.18704,0.0177611,-1.67873e-07
0.6,6.6,0,3.18601,0.0187672,-1.52948e-07
0.6,6.7,0,3.18557,0.0198683,-1.49216e-07
0.6,6.8,0,3.18652,0.0211913,-1.71604e-07
0.6,6.9,0,3.18636,0.021681,-1.76082e-07
0.6,7,0,3.18615,0.0221361,-1.79813e-07
0.6,7.1,0,3.1865,0.0227764,-2.11903e-07
0.6,7.2,0,3.18672,0.0232688,-2.25e-07
0.6,7.3,0,3.18684,0.0236604,-2.25e-07
0.6,7.4,0,3.18703,0.0239536,-2.04851e-07
0.6,7.5,0,3.18726,0.0241755,-1.84851e-07
0.6,7.6,0,3.18747,0.024382,-2.03507e-07
0.6,7.7,0,3.18768,0.0245056,-2.21231e-07
0.6,7.8,0,3.18791,0.0243805,-2.36157e-07
0.6,7.9,0,3.1881,0.0243736,-2.44291e-07
0.6,8,0,3.18829,0.0243784,-2.51754e-07
0.6,8.1,0,3.18851,0.0240257,-2.59216e-07
0.6,8.2,0,3.1887,0.0237427,-2.52052e-07
0.6,8.3,0,3.18885,0.0235456,-2.33396e-07
0.6,8.4,0,3.18903,0.0231196,-2.29104e-07
0.6,8.5,0,3.18921,0.0225571,-2.33433e-07
0.6,8.6,0,3.18933,0.0221857,-2.2597e-07
0.6,8.7,0,3.18946,0.0217287,-2.19254e-07
0.6,8.8,0,3.18964,0.0209299,-2.15522e-07
0.6,8.9,0,3.18974,0.0203766,-2.34254e-07
0.6,9,0,3.18983,0.0198632,-2.56642e-07
0.6,9.1,0,3.18997,0.0189764,-2.37799e-07
0.6,9.2,0,3.19008,0.0181894,-2.30709e-07
0.6,9.3,0,3.19016,0.0175614,-2.41903e-07
0.6,9.4,0,3.19026,0.016706,-2.53097e-07
0.6,9.5,0,3.19037,0.0156806,-2.625e-07
0.6,9.6,0,3.19044,0.0149574,-2.625e-07
0.6,9.7,0,3.19051,0.014163,-2.67537e-07
0.6,9.8,0,3.19063,0.012965,-3.01119e-07
0.6,9.9,0,3.19071,0.012083,-2.98433e-07
0.6,10,0,3.19077,0.0112751,-2.87239e-07
0.6,10.1,0,3.19089,0.0100857,-3.23806e-07
0.6,10.2,0,3.191,0.00898775,-3.34552e-07
0.6,10.3,0,3.19107,0.00810907,-3.0097e-07
0.6,10.4,0,3.1912,0.00694208,-2.62351e-07
0.6,10.5,0,3.1914,0.00547458,-2.26194e-07
0.6,10.6,0,3.19151,0.00442673,-2.59776e-07
0.6,10.7,0,3.19163,0.00332738,-2.87761e-07
0.6,10.8,0,3.19193,0.00176444,-2.65373e-07
0.6,10.9,0,3.19212,0.000546519,-3.13881e-07
0.6,11,0,3.19228,-0.000562442,-3.84776e-07
0.6,11.1,0,3.19276,-0.00242336,-4.41679e-07
0.6,11.2,0,3.19324,-0.00431632,-4.44963e-07
0.6,11.3,0,3.19358,-0.0058947,-3.77799e-07
0.6,11.4,0,3.19428,-0.00763076,-3.4944e-07
0.6,11.5,0,3.19552,-0.00957687,-3.76157e-07
0.6,11.6,0,3.19628,-0.0111089,-3.53769e-07
0.6,11.7,0,3.19708,-0.012749,-3.35485e-07
0.6,11.8,0,3.19877,-0.0164443,-3.95187e-07
0.6,11.9,0,3.20011,-0.0199757,-4.15149e-07
0.6,12,0,3.20131,-0.02344,-4.18881e-07
0.6,12.1,0,3.19381,-0.0260808,-3.75597e-07
0.6,12.2,0,3.18432,-0.0283661,-3.44403e-07
0.6,12.3,0,3.1779,-0.0306471,-3.70522e-07
0.6,12.4,0,2.83548,-0.028524,-3.27425e-07
0.6,12.5,0,1.86935,-0.0182335,-1.56716e-07
0.6,12.6,0,0.934675,-0.00911676,-7.83582e-08
0.6,12.7,0,0,0,0
0.7,0,0,0,0,0
0.7,0.1,0,1.2848,0.0203653,9e-08
0.7,0.2,0,2.56959,0.0407305,1.8e-07
0.7,0.3,0,3.20867,0.0488641,1.525e-07
0.7,0.4,0,3.23986,0.0462513,1.225e-07
0.7,0.5,0,3.26457,0.043344,1e-07
0.7,0.6,0,3.26104,0.0374021,5e-08
0.7,0.7,0,3.25752,0.0314602,1.30102e-18
0.7,0.8,0,3.25446,0.0267743,1e-08
0.7,0.9,0,3.25124,0.0235427,-5e-09
0.7,1,0,3.2486,0.0205515,5e-09
0.7,1.1,0,3.24682,0.0168791,-4e-08
0.7,1.2,0,3.24504,0.0132068,-8.5e-08
0.7,1.3,0,3.24398,0.0104727,-1.025e-07
0.7,1.4,0,3.24293,0.00795617,-1.125e-07
0.7,1.5,0,3.24213,0.0057449,-1.15e-07
0.7,1.6,0,3.24139,0.00348305,-1.55e-07
0.7,1.7,0,3.24065,0.00122121,-1.95e-07
0.7,1.8,0,3.24019,-0.000506981,-1.95e-07
0.7,1.9,0,3.23967,-0.00233663,-2.05e-07
0.7,2,0,3.23927,-0.00389444,-2.425e-07
0.7,2.1,0,3.23883,-0.00541326,-1.975e-07
0.7,2.2,0,3.23839,-0.00693207,-1.525e-07
0.7,2.3,0,3.23808,-0.00807251,-1.75e-07
0.7,2.4,0,3.23769,-0.00931661,-2.1e-07
0.7,2.5,0,3.23739,-0.0103528,-2.1e-07
0.7,2.6,0,3.23702,-0.01133,-1.8e-07
0.7,2.7,0,3.23665,-0.0123072,-1.5e-07
0.7,2.8,0,3.23638,-0.0129787,-1.475e-07
0.7,2.9,0,3.23604,-0.013699,-9.75e-08
0.7,3,0,3.23576,-0.0142681,-7e-08
0.7,3.1,0,3.23544,-0.0147286,-6.5e-08
0.7,3.2,0,3.23513,-0.0151892,-6e-08
0.7,3.3,0,3.23488,-0.015384,-4e-08
0.7,3.4,0,3.23461,-0.0155639,-4e-08
0.7,3.5,0,3.23435,-0.0156567,-5e-08
0.7,3.6,0,3.23412,-0.0154902,-6.5e-08
0.7,3.7,0,3.23389,-0.0153236,-8e-08
0.7,3.8,0,3.2336,-0.0149188,-1e-07
0.7,3.9,0,3.23328,-0.0142797,-1.3e-07
0.7,4,0,3.23302,-0.0138198,-1.35e-07
0.7,4.1,0,3.23223,-0.0126959,-1.55e-07
0.7,4.2,0,3.23144,-0.0115719,-1.75e-07
0.7,4.3,0,3.23057,-0.0105677,-1.55e-07
0.7,4.4,0,3.22873,-0.00892353,-1.15e-07
0.7,4.5,0,3.22816,-0.00787938,-1.025e-07
0.7,4.6,0,3.22515,-0.00683059,-1.25e-08
0.7,4.7,0,3.22214,-0.00578179,7.75e-08
0.7,4.8,0,3.22263,-0.0050029,6.90812e-08
0.7,4.9,0,3.22218,-0.0046051,1.02244e-07
0.7,5,0,3.22226,-0.00361037,8.51e-08
0.7,5.1,0,3.22508,-0.00211612,3.5e-08
0.7,5.2,0,3.22652,-0.000551825,2.75e-08
0.7,5.3,0,3.22744,0.00126834,3e-08
0.7,5.4,0,3.22802,0.00330718,3.75e-08
0.7,5.5,0,3.22828,0.00543494,7.25e-08
0.7,5.6,0,3.22826,0.00759339,1.15e-07
0.7,5.7,0,3.22793,0.00968395,1.75e-07
0.7,5.8,0,3.22731,0.0115985,2.225e-07
0.7,5.9,0,3.2262,0.0133954,2.025e-07
0.7,6,0,3.22347,0.015521,5.28221e-08
0.7,6.1,0,3.22389,0.0163324,-3.74068e-08
0.7,6.2,0,3.2243,0.0171438,-1.27636e-07
0.7,6.3,0,3.2244,0.0181252,-1.78727e-07
0.7,6.4,0,3.22568,0.0193385,-1.65075e-07
0.7,6.5,0,3.22795,0.0204824,-1.61343e-07
0.7,6.6,0,3.23022,0.0216262,-1.57612e-07
0.7,6.7,0,3.22989,0.0227315,-1.54216e-07
0.7,6.8,0,3.23084,0.0240544,-1.76604e-07
0.7,6.9,0,3.23179,0.0253774,-1.98993e-07
0.7,7,0,3.23202,0.0261623,-2.09813e-07
0.7,7.1,0,3.23237,0.0268026,-2.41903e-07
0.7,7.2,0,3.23274,0.0274527,-2.75485e-07
0.7,7.3,0,3.23305,0.028033,-3e-07
0.7,7.4,0,3.23324,0.0283261,-2.79851e-07
0.7,7.5,0,3.23348,0.0285536,-2.46269e-07
0.7,7.6,0,3.23372,0.028781,-2.12687e-07
0.7,7.7,0,3.23393,0.0289063,-2.26231e-07
0.7,7.8,0,3.23416,0.0287812,-2.41157e-07
0.7,7.9,0,3.23439,0.0286561,-2.56082e-07
0.7,8,0,3.2346,0.0286051,-2.66754e-07
0.7,8.1,0,3.23482,0.0282524,-2.74216e-07
0.7,8.2,0,3.23505,0.0278601,-2.81679e-07
0.7,8.3,0,3.23526,0.0275107,-2.83396e-07
0.7,8.4,0,3.23545,0.0270847,-2.79104e-07
0.7,8.5,0,3.23565,0.0264715,-2.86567e-07
0.7,8.6,0,3.23586,0.0258582,-2.9403e-07
0.7,8.7,0,3.236,0.0253699,-2.89254e-07
0.7,8.8,0,3.23618,0.0245711,-2.85522e-07
0.7,8.9,0,3.23636,0.0237723,-2.81791e-07
0.7,9,0,3.23649,0.0231219,-2.91642e-07
0.7,9.1,0,3.23663,0.0222351,-2.72799e-07
0.7,9.2,0,3.23678,0.0212824,-2.46679e-07
0.7,9.3,0,3.23691,0.020385,-2.26903e-07
0.7,9.4,0,3.23701,0.0195296,-2.38097e-07
0.7,9.5,0,3.23714,0.0184466,-2.49291e-07
0.7,9.6,0,3.23727,0.0173637,-2.60485e-07
0.7,9.7,0,3.23735,0.0165045,-2.67537e-07
0.7,9.8,0,3.23748,0.0153065,-3.01119e-07
0.7,9.9,0,3.2376,0.0141086,-3.34701e-07
0.7,10,0,3.23769,0.0130939,-3.47239e-07
0.7,10.1,0,3.23782,0.0119046,-3.83806e-07
0.7,10.2,0,3.23796,0.0106199,-4.32313e-07
0.7,10.3,0,3.23809,0.00938386,-4.7097e-07
0.7,10.4,0,3.23822,0.00821687,-4.32351e-07
0.7,10.5,0,3.23843,0.0066975,-3.87575e-07
0.7,10.6,0,3.23864,0.00517814,-3.42799e-07
0.7,10.7,0,3.23879,0.00397034,-3.52761e-07
0.7,10.8,0,3.23909,0.00240739,-3.30373e-07
0.7,10.9,0,3.23939,0.00084445,-3.07985e-07
0.7,11,0,3.23963,-0.00052782,-3.24776e-07
0.7,11.1,0,3.24011,-0.00238873,-3.81679e-07
0.7,11.2,0,3.2407,-0.0045003,-4.33918e-07
0.7,11.3,0,3.24128,-0.00657454,-4.77799e-07
0.7,11.4,0,3.24198,-0.00831059,-4.4944e-07
0.7,11.5,0,3.24324,-0.0102831,-4.79291e-07
0.7,11.6,0,3.24451,-0.0122557,-5.09142e-07
0.7,11.7,0,3.24545,-0.0140192,-5.05485e-07
0.7,11.8,0,3.24714,-0.0177145,-5.65187e-07
0.7,11.9,0,3.24883,-0.0214098,-6.24888e-07
0.7,12,0,3.25034,-0.0250196,-6.63881e-07
0.7,12.1,0,3.24284,-0.0276604,-6.20597e-07
0.7,12.2,0,3.23161,-0.0299481,-5.57164e-07
0.7,12.3,0,3.22047,-0.0322357,-4.95522e-07
0.7,12.4,0,2.87805,-0.0301126,-4.52425e-07
0.7,12.5,0,1.9116,-0.0198103,-2.80784e-07
0.7,12.6,0,0.945159,-0.00950799,-1.09142e-07
0.7,12.7,0,0,0,0
0.8,0,0,0,0,0
0.8,0.1,0,1.29879,0.0204644,2.75e-08
0.8,0.2,0,2.58359,0.0408297,1.175e-07
0.8,0.3,0,3.24905,0.0499403,1.975e-07
0.8,0.4,0,3.28024,0.0473274,1.675e-07
0.8,0.5,0,3.31143,0.0447146,1.375e-07
0.8,0.6,0,3.30806,0.0388643,1.25e-07
0.8,0.7,0,3.30453,0.0329224,7.5e-08
0.8,0.8,0,3.30077,0.0281707,3e-08
0.8,0.9,0,3.29756,0.0249391,1.5e-08
0.8,1,0,3.29434,0.0217074,1.47811e-18
0.8,1.1,0,3.29226,0.017792,-1.25e-08
0.8,1.2,0,3.29048,0.0141196,-5.75e-08
0.8,1.3,0,3.28883,0.0107674,-7.75e-08
0.8,1.4,0,3.28778,0.00825082,-8.75e-08
0.8,1.5,0,3.28673,0.00573428,-9.75e-08
0.8,1.6,0,3.28579,0.0031867,-1.175e-07
0.8,1.7,0,3.28505,0.000924856,-1.575e-07
0.8,1.8,0,3.28426,-0.00137084,-1.425e-07
0.8,1.9,0,3.28373,-0.00320048,-1.525e-07
0.8,2,0,3.2832,-0.00503013,-1.625e-07
0.8,2.1,0,3.28261,-0.00677535,-1.2e-07
0.8,2.2,0,3.28217,-0.00829416,-7.5e-08
0.8,2.3,0,3.2816,-0.00985537,-4e-08
0.8,2.4,0,3.2812,-0.0110995,-7.5e-08
0.8,2.5,0,3.28081,-0.0123436,-1.1e-07
0.8,2.6,0,3.28028,-0.0134374,-7.5e-08
0.8,2.7,0,3.27991,-0.0144146,-4.5e-08
0.8,2.8,0,3.27936,-0.0152972,-4.75e-08
0.8,2.9,0,3.27901,-0.0160175,2.5e-09
0.8,3,0,3.27866,-0.0167378,5.25e-08
0.8,3.1,0,3.2781,-0.0171326,2.25e-08
0.8,3.2,0,3.27778,-0.0175932,2.75e-08
0.8,3.3,0,3.27716,-0.0177494,3.25e-08
0.8,3.4,0,3.27689,-0.0179292,3.25e-08
0.8,3.5,0,3.27662,-0.0181091,3.25e-08
0.8,3.6,0,3.276,-0.017744,3.5e-08
0.8,3.7,0,3.27577,-0.0175774,2e-08
0.8,3.8,0,3.27522,-0.0170836,1e-08
0.8,3.9,0,3.2749,-0.0164444,-2e-08
0.8,4,0,3.27458,-0.0158053,-5e-08
0.8,4.1,0,3.27418,-0.0147586,-7.25e-08
0.8,4.2,0,3.27339,-0.0136346,-9.25e-08
0.8,4.3,0,3.27398,-0.0125792,-1.225e-07
0.8,4.4,0,3.27215,-0.0109351,-8.25e-08
0.8,4.5,0,3.27032,-0.00929094,-4.25e-08
0.8,4.6,0,3.27076,-0.00735821,1.25e-08
0.8,4.7,0,3.26775,-0.00630942,1.025e-07
0.8,4.8,0,3.26623,-0.0039712,1.65e-07
0.8,4.9,0,3.26577,-0.00357341,1.98162e-07
0.8,5,0,3.26531,-0.00317561,2.31325e-07
0.8,5.1,0,3.26698,-0.00140009,1.925e-07
0.8,5.2,0,3.26784,0.000256811,1.875e-07
0.8,5.3,0,3.2684,0.00216856,2e-07
0.8,5.4,0,3.26876,0.00426744,2.125e-07
0.8,5.5,0,3.26891,0.00644311,2.4e-07
0.8,5.6,0,3.2689,0.0086534,2.75e-07
0.8,5.7,0,3.2687,0.010808,3.125e-07
0.8,5.8,0,3.26834,0.0127936,3.225e-07
0.8,5.9,0,3.26767,0.0146328,2.8e-07
0.8,6,0,3.26602,0.016935,1.23816e-07
0.8,6.1,0,3.26617,0.0191622,9.70378e-08
0.8,6.2,0,3.26658,0.0199736,6.80895e-09
0.8,6.3,0,3.26699,0.020785,-8.34199e-08
0.8,6.4,0,3.26544,0.0226777,-7.13433e-08
0.8,6.5,0,3.26762,0.0238482,-6.63433e-08
0.8,6.6,0,3.26989,0.0249921,-6.26119e-08
0.8,6.7,0,3.27133,0.0261194,-5.32836e-08
0.8,6.8,0,3.27175,0.0273558,-5.91045e-08
0.8,6.9,0,3.27269,0.0286788,-8.14925e-08
0.8,7,0,3.27364,0.0300017,-1.03881e-07
0.8,7.1,0,3.27419,0.0309395,-1.34403e-07
0.8,7.2,0,3.27457,0.0315896,-1.67985e-07
0.8,7.3,0,3.27494,0.0322397,-2.01567e-07
0.8,7.4,0,3.27556,0.032837,-1.88134e-07
0.8,7.5,0,3.27584,0.0330879,-1.53769e-07
0.8,7.6,0,3.27608,0.0333153,-1.20187e-07
0.8,7.7,0,3.27642,0.0335009,-1.0806e-07
0.8,7.8,0,3.27684,0.0334534,-1.38657e-07
0.8,7.9,0,3.27707,0.0333284,-1.53582e-07
0.8,8,0,3.2773,0.0332033,-1.68507e-07
0.8,8.1,0,3.27773,0.0328283,-1.79216e-07
0.8,8.2,0,3.27796,0.032436,-1.86679e-07
0.8,8.3,0,3.27819,0.0320437,-1.94142e-07
0.8,8.4,0,3.27852,0.0314326,-1.70821e-07
0.8,8.5,0,3.27875,0.0307982,-1.71567e-07
0.8,8.6,0,3.27896,0.0301849,-1.7903e-07
0.8,8.7,0,3.27919,0.0294775,-1.85746e-07
0.8,8.8,0,3.27943,0.0285445,-1.85522e-07
0.8,8.9,0,3.27961,0.0277456,-1.81791e-07
0.8,9,0,3.27979,0.0269468,-1.7806e-07
0.8,9.1,0,3.28002,0.0257786,-1.40299e-07
0.8,9.2,0,3.28016,0.024826,-1.14179e-07
0.8,9.3,0,3.28031,0.0238733,-8.80597e-08
0.8,9.4,0,3.28049,0.0226536,-5.63433e-08
0.8,9.5,0,3.28064,0.021502,-5.9291e-08
0.8,9.6,0,3.28077,0.020419,-7.04851e-08
0.8,9.7,0,3.2809,0.0192531,-8.05597e-08
0.8,9.8,0,3.28107,0.0178273,-9.86194e-08
0.8,9.9,0,3.2812,0.0166293,-1.32201e-07
0.8,10,0,3.28132,0.0154313,-1.65784e-07
0.8,10.1,0,3.28152,0.0138622,-1.86306e-07
0.8,10.2,0,3.28166,0.0125775,-2.34813e-07
0.8,10.3,0,3.2818,0.0112928,-2.83321e-07
0.8,10.4,0,3.28202,0.0096774,-3.1e-07
0.8,10.5,0,3.28225,0.00804801,-2.75075e-07
0.8,10.6,0,3.28246,0.00652865,-2.30299e-07
0.8,10.7,0,3.28269,0.00495879,-1.88881e-07
0.8,10.8,0,3.28309,0.00313287,-1.72873e-07
0.8,10.9,0,3.28339,0.00156992,-1.50485e-07
0.8,11,0,3.28369,6.97933e-06,-1.28097e-07
0.8,11.1,0,3.28437,-0.00228468,-1.34179e-07
0.8,11.2,0,3.28496,-0.00439624,-1.86418e-07
0.8,11.3,0,3.28555,-0.00650781,-2.38657e-07
0.8,11.4,0,3.28657,-0.00872326,-2.44627e-07
0.8,11.5,0,3.28794,-0.0108035,-2.49291e-07
0.8,11.6,0,3.2892,-0.012776,-2.79142e-07
0.8,11.7,0,3.2905,-0.0148414,-3.03582e-07
0.8,11.8,0,3.2923,-0.0186195,-2.77687e-07
0.8,11.9,0,3.29399,-0.0223148,-3.37388e-07
0.8,12,0,3.29568,-0.02601,-3.9709e-07
0.8,12.1,0,3.28429,-0.0287052,-4.45597e-07
0.8,12.2,0,3.27306,-0.0309929,-3.82164e-07
0.8,12.3,0,3.26183,-0.0332807,-3.18731e-07
0.8,12.4,0,2.90742,-0.0310287,-3.72836e-07
0.8,12.5,0,1.93289,-0.0206046,-3.43284e-07
0.8,12.6,0,0.966444,-0.0103023,-1.71642e-07
0.8,12.7,0,0,0,0
0.9,0,0,0,0,0
0.9,0.1,0,1.31279,0.0205636,-3.5e-08
0.9,0.2,0,2.61158,0.041028,-7.5e-09
0.9,0.3,0,3.27704,0.0501386,7.25e-08
0.9,0.4,0,3.32316,0.0479947,1.425e-07
0.9,0.5,0,3.35435,0.0453818,1.125e-07
0.9,0.6,0,3.35114,0.0396231,1.375e-07
0.9,0.7,0,3.34777,0.0337728,1.25e-07
0.9,0.8,0,3.34401,0.0290212,8e-08
0.9,0.9,0,3.34002,0.0254597,4e-08
0.9,1,0,3.3368,0.0222281,2.5e-08
0.9,1.1,0,3.33443,0.0180696,4.5e-08
0.9,1.2,0,3.33235,0.0141541,3.25e-08
0.9,1.3,0,3.33069,0.0108018,1.25e-08
0.9,1.4,0,3.32916,0.00776967,1.75e-08
0.9,1.5,0,3.32812,0.00525313,7.5e-09
0.9,1.6,0,3.32698,0.00241983,7.5e-09
0.9,1.7,0,3.32603,-0.000127748,-1.25e-08
0.9,1.8,0,3.32524,-0.00242344,2.5e-09
0.9,1.9,0,3.32438,-0.00475299,7.25e-08
0.9,2,0,3.32385,-0.00658263,6.25e-08
0.9,2.1,0,3.32311,-0.00855427,1.025e-07
0.9,2.2,0,3.32252,-0.0102995,1.45e-07
0.9,2.3,0,3.32195,-0.0118607,1.8e-07
0.9,2.4,0,3.32125,-0.0134643,2.05e-07
0.9,2.5,0,3.32086,-0.0147084,1.7e-07
0.9,2.6,0,3.32016,-0.0159189,2.1e-07
0.9,2.7,0,3.31963,-0.0170128,2.45e-07
0.9,2.8,0,3.31908,-0.0178953,2.425e-07
0.9,2.9,0,3.31834,-0.0186832,2.075e-07
0.9,3,0,3.318,-0.0194035,2.575e-07
0.9,3.1,0,3.31718,-0.0197327,1.925e-07
0.9,3.2,0,3.31662,-0.0201276,1.625e-07
0.9,3.3,0,3.31599,-0.0202838,1.675e-07
0.9,3.4,0,3.31506,-0.0201356,1.725e-07
0.9,3.5,0,3.31479,-0.0203154,1.725e-07
0.9,3.6,0,3.31377,-0.0197517,1.925e-07
0.9,3.7,0,3.31314,-0.0193866,1.95e-07
0.9,3.8,0,3.31259,-0.0188928,1.85e-07
0.9,3.9,0,3.31172,-0.0180717,1.8e-07
0.9,4,0,3.3114,-0.0174325,1.5e-07
0.9,4.1,0,3.31138,-0.016463,1.25e-07
0.9,4.2,0,3.31098,-0.0154163,1.025e-07
0.9,4.3,0,3.31158,-0.0143608,7.25e-08
0.9,4.4,0,3.31356,-0.0133739,3.25e-08
0.9,4.5,0,3.31173,-0.0117298,7.25e-08
0.9,4.6,0,3.31561,-0.0089131,9.25e-08
0.9,4.7,0,3.31605,-0.00698036,1.475e-07
0.9,4.8,0,3.31453,-0.00464215,2.1e-07
0.9,4.9,0,3.31449,-0.00101452,2.45e-07
0.9,5,0,3.31403,-0.000616718,2.78162e-07
0.9,5.1,0,3.31154,0.00185593,2.525e-07
0.9,5.2,0,3.31021,0.00334094,2.375e-07
0.9,5.3,0,3.30935,0.00490331,2.5e-07
0.9,5.4,0,3.30877,0.00644345,2.625e-07
0.9,5.5,0,3.30849,0.00797,2.7e-07
0.9,5.6,0,3.30849,0.00951339,2.75e-07
0.9,5.7,0,3.30879,0.0110546,2.625e-07
0.9,5.8,0,3.30935,0.0125553,2.175e-07
0.9,5.9,0,3.31032,0.0139602,1.65e-07
0.9,6,0,3.31252,0.0163728,9.19154e-08
0.9,6.1,0,3.31254,0.0192974,9.63887e-08
0.9,6.2,0,3.31256,0.0222219,1.00862e-07
0.9,6.3,0,3.31297,0.0230545,1.15801e-08
0.9,6.4,0,3.31142,0.0249472,2.36567e-08
0.9,6.5,0,3.30881,0.0274222,9.08209e-08
0.9,6.6,0,3.30933,0.0290452,1.17388e-07
0.9,6.7,0,3.31077,0.0301726,1.26716e-07
0.9,6.8,0,3.31027,0.0312615,1.49104e-07
0.9,6.9,0,3.31019,0.0324183,1.58507e-07
0.9,7,0,3.31114,0.0337413,1.36119e-07
0.9,7.1,0,3.31175,0.0347852,1.06642e-07
0.9,7.2,0,3.31233,0.0358144,7.6791e-08
0.9,7.3,0,3.31272,0.0364872,4.34328e-08
0.9,7.4,0,3.31334,0.0370846,5.68657e-08
0.9,7.5,0,3.31412,0.0376467,1.01642e-07
0.9,7.6,0,3.31458,0.0380114,1.39813e-07
0.9,7.7,0,3.31493,0.0381969,1.5194e-07
0.9,7.8,0,3.3156,0.0382567,9.97015e-08
0.9,7.9,0,3.31617,0.0382721,5.64179e-08
0.9,8,0,3.3164,0.038147,4.14925e-08
0.9,8.1,0,3.3169,0.0377689,2.99254e-08
0.9,8.2,0,3.31742,0.0373626,1.87313e-08
0.9,8.3,0,3.31769,0.0369687,1.08582e-08
0.9,8.4,0,3.31802,0.0363577,3.41791e-08
0.9,8.5,0,3.31843,0.0355677,8.26866e-08
0.9,8.6,0,3.31873,0.0348731,1.0097e-07
0.9,8.7,0,3.31896,0.0341657,9.42537e-08
0.9,8.8,0,3.31928,0.0330814,9.05224e-08
0.9,8.9,0,3.31958,0.0320513,8.8209e-08
0.9,9,0,3.31976,0.0312525,9.19403e-08
0.9,9.1,0,3.32,0.0300201,1.33731e-07
0.9,9.2,0,3.32026,0.0287113,1.82239e-07
0.9,9.3,0,3.32043,0.0277016,2.1194e-07
0.9,9.4,0,3.32061,0.0264819,2.43657e-07
0.9,9.5,0,3.32083,0.0249951,2.8097e-07
0.9,9.6,0,3.321,0.0237062,2.94515e-07
0.9,9.7,0,3.32114,0.0225403,2.8444e-07
0.9,9.8,0,3.32135,0.0209041,2.80709e-07
0.9,9.9,0,3.32155,0.0193293,2.72799e-07
0.9,10,0,3.32167,0.0181313,2.39216e-07
0.9,10.1,0,3.32188,0.0165036,2.23545e-07
0.9,10.2,0,3.3221,0.0147685,2.12351e-07
0.9,10.3,0,3.32226,0.0133892,1.71679e-07
0.9,10.4,0,3.32248,0.0117738,1.45e-07
0.9,10.5,0,3.3228,0.0097543,1.45e-07
0.9,10.6,0,3.32307,0.00795486,1.64701e-07
0.9,10.7,0,3.3233,0.00638501,2.06119e-07
0.9,10.8,0,3.32377,0.0043607,2.17313e-07
0.9,10.9,0,3.32423,0.00237791,2.29515e-07
0.9,11,0,3.32453,0.000814965,2.51903e-07
0.9,11.1,0,3.32523,-0.00151457,2.49104e-07
0.9,11.2,0,3.32606,-0.00409964,2.3791e-07
0.9,11.3,0,3.32672,-0.00633432,1.96343e-07
0.9,11.4,0,3.32774,-0.00854977,1.90373e-07
0.9,11.5,0,3.3294,-0.0109211,2.53806e-07
0.9,11.6,0,3.33091,-0.0131368,2.80858e-07
0.9,11.7,0,3.3322,-0.0152022,2.56418e-07
0.9,11.8,0,3.33407,-0.0190311,3.34776e-07
0.9,11.9,0,3.33594,-0.0228546,4.07612e-07
0.9,12,0,3.33763,-0.0265498,3.4791e-07
0.9,12.1,0,3.32606,-0.0292443,2.96045e-07
0.9,12.2,0,3.3088,-0.0315099,2.47537e-07
0.9,12.3,0,3.2957,-0.0337908,2.76269e-07
0.9,12.4,0,2.9413,-0.0315388,2.22164e-07
0.9,12.5,0,1.94957,-0.0208558,-5.02239e-08
0.9,12.6,0,0.966444,-0.0103023,-1.71642e-07
0.9,12.7,0,0,0,0
1,0,0,0,0,0
1,0.1,0,1.31279,0.0205636,-3.5e-08
1,0.2,0,2.62558,0.0411271,-7e-08
1,0.3,0,3.30503,0.0503369,-5.25e-08
1,0.4,0,3.35115,0.048193,1.75e-08
1,0.5,0,3.39728,0.046049,8.75e-08
1,0.6,0,3.39406,0.0402903,1.125e-07
1,0.7,0,3.39085,0.0345317,1.375e-07
1,0.8,0,3.38725,0.0298716,1.3e-07
1,0.9,0,3.38326,0.0263102,9e-08
1,1,0,3.37927,0.0227488,5e-08
1,1.1,0,3.37689,0.0185903,7e-08
1,1.2,0,3.37452,0.0144317,9e-08
1,1.3,0,3.37256,0.0108363,1.025e-07
1,1.4,0,3.37103,0.00780416,1.075e-07
1,1.5,0,3.3695,0.00477198,1.125e-07
1,1.6,0,3.36836,0.00193868,1.125e-07
1,1.7,0,3.36722,-0.000894626,1.125e-07
1,1.8,0,3.36622,-0.00347605,1.475e-07
1,1.9,0,3.36536,-0.00580559,2.175e-07
1,2,0,3.36451,-0.00813513,2.875e-07
1,2.1,0,3.36376,-0.0101068,3.275e-07
1,2.2,0,3.36302,-0.0120784,3.675e-07
1,2.3,0,3.3623,-0.013866,4e-07
1,2.4,0,3.36161,-0.0154696,4.25e-07
1,2.5,0,3.36091,-0.0170732,4.5e-07
1,2.6,0,3.36022,-0.0182838,4.9e-07
1,2.7,0,3.35952,-0.0194943,5.3e-07
1,2.8,0,3.3588,-0.0204935,5.325e-07
1,2.9,0,3.35807,-0.0212814,4.975e-07
1,3,0,3.35733,-0.0220693,4.625e-07
1,3.1,0,3.35652,-0.0223985,3.975e-07
1,3.2,0,3.3557,-0.0227277,3.325e-07
1,3.3,0,3.35483,-0.0228182,3.025e-07
1,3.4,0,3.3539,-0.02267,3.075e-07
1,3.5,0,3.35297,-0.0225218,3.125e-07
1,3.6,0,3.35194,-0.0219581,3.325e-07
1,3.7,0,3.35091,-0.0213944,3.525e-07
1,3.8,0,3.34996,-0.020702,3.6e-07
1,3.9,0,3.34909,-0.0198809,3.55e-07
1,4,0,3.34822,-0.0190597,3.5e-07
1,4.1,0,3.3482,-0.0180902,3.25e-07
1,4.2,0,3.34819,-0.0171207,3e-07
1,4.3,0,3.34917,-0.0161425,2.675e-07
1,4.4,0,3.35115,-0.0151555,2.275e-07
1,4.5,0,3.35313,-0.0141686,1.875e-07
1,4.6,0,3.35702,-0.0113519,2.075e-07
1,4.7,0,3.3609,-0.00853525,2.275e-07
1,4.8,0,3.36282,-0.00531309,2.55e-07
1,4.9,0,3.36279,-0.00168546,2.9e-07
1,5,0,3.36275,0.00194217,3.25e-07
1,5.1,0,3.3561,0.00511196,3.125e-07
1,5.2,0,3.35258,0.00642506,2.875e-07
1,5.3,0,3.3503,0.00763806,3e-07
1,5.4,0,3.34878,0.00861946,3.125e-07
1,5.5,0,3.34807,0.00949689,3e-07
1,5.6,0,3.34808,0.0103734,2.75e-07
1,5.7,0,3.34888,0.0113011,2.125e-07
1,5.8,0,3.35037,0.012317,1.125e-07
1,5.9,0,3.35297,0.0132877,5e-08
1,6,0,3.35903,0.0158107,6.00146e-08
1,6.1,0,3.35905,0.0187352,6.44878e-08
1,6.2,0,3.35907,0.0216598,6.89611e-08
1,6.3,0,3.35909,0.0245843,7.34344e-08
1,6.4,0,3.3574,0.0272166,1.18657e-07
1,6.5,0,3.35479,0.0296916,1.85821e-07
1,6.6,0,3.35218,0.0321666,2.52985e-07
1,6.7,0,3.35021,0.0342258,3.06716e-07
1,6.8,0,3.34971,0.0353147,3.29104e-07
1,6.9,0,3.34921,0.0364036,3.51493e-07
1,7,0,3.34871,0.0374926,3.73881e-07
1,7.1,0,3.34925,0.0385247,3.46642e-07
1,7.2,0,3.34983,0.0395539,3.16791e-07
1,7.3,0,3.35042,0.0405831,2.8694e-07
1,7.4,0,3.35112,0.0413321,3.01866e-07
1,7.5,0,3.3519,0.0418942,3.46642e-07
1,7.6,0,3.35268,0.0424564,3.91418e-07
1,7.7,0,3.35344,0.042893,4.1194e-07
1,7.8,0,3.35411,0.0429527,3.59701e-07
1,7.9,0,3.35478,0.0430125,3.07463e-07
1,8,0,3.35546,0.0430723,2.55224e-07
1,8.1,0,3.356,0.0427126,2.39925e-07
1,8.2,0,3.35653,0.0423064,2.28731e-07
1,8.3,0,3.35705,0.0419001,2.17537e-07
1,8.4,0,3.35752,0.0412828,2.39179e-07
1,8.5,0,3.35793,0.0404928,2.87687e-07
1,8.6,0,3.35834,0.0397028,3.36194e-07
1,8.7,0,3.35873,0.0388539,3.74254e-07
1,8.8,0,3.35906,0.0377696,3.70522e-07
1,8.9,0,3.35938,0.0366853,3.66791e-07
1,9,0,3.3597,0.035601,3.6306e-07
1,9.1,0,3.35997,0.0343258,4.03731e-07
1,9.2,0,3.36023,0.0330169,4.52239e-07
1,9.3,0,3.36049,0.0317081,5.00746e-07
1,9.4,0,3.36072,0.0303102,5.43657e-07
1,9.5,0,3.36094,0.0288234,5.8097e-07
1,9.6,0,3.36116,0.0273367,6.18284e-07
1,9.7,0,3.36138,0.0258274,6.4944e-07
1,9.8,0,3.36159,0.0241913,6.45709e-07
1,9.9,0,3.3618,0.0225551,6.41978e-07
1,10,0,3.362,0.0209189,6.38246e-07
1,10.1,0,3.36223,0.0192036,6.28545e-07
1,10.2,0,3.36245,0.0174684,6.17351e-07
1,10.3,0,3.36268,0.0157333,6.06157e-07
1,10.4,0,3.36295,0.0138702,6e-07
1,10.5,0,3.36326,0.0118507,6e-07
1,10.6,0,3.36358,0.00983121,6e-07
1,10.7,0,3.36391,0.00781122,6.01119e-07
1,10.8,0,3.36438,0.00578691,6.12313e-07
1,10.9,0,3.36486,0.0037626,6.23507e-07
1,11,0,3.36533,0.00173829,6.34701e-07
1,11.1,0,3.36607,-0.000706588,6.29104e-07
1,11.2,0,3.3669,-0.00329166,6.1791e-07
1,11.3,0,3.36774,-0.00587673,6.06716e-07
1,11.4,0,3.3689,-0.00837629,6.25373e-07
1,11.5,0,3.37056,-0.0107476,6.88806e-07
1,11.6,0,3.37223,-0.0131189,7.52239e-07
1,11.7,0,3.3739,-0.015563,8.16418e-07
1,11.8,0,3.37578,-0.0193919,8.94776e-07
1,11.9,0,3.37765,-0.0232207,9.73134e-07
1,12,0,3.37953,-0.0270496,1.05149e-06
1,12.1,0,3.36801,-0.0297841,1.04104e-06
1,12.2,0,3.35075,-0.0320497,9.92537e-07
1,12.3,0,3.33349,-0.0343152,9.4403e-07
1,12.4,0,2.97517,-0.0320488,8.17164e-07
1,12.5,0,1.98345,-0.0213659,5.44776e-07
1,12.6,0,0.991725,-0.0106829,2.72388e-07
1,12.7,0,0,0,0
1.1,0,0,0,0,0
1.1,0.1,0,1.33481,0.0198462,1e-08
1.1,0.2,0,2.6476,0.0404098,-2.5e-08
1.1,0.3,0,3.3338,0.0497788,-4e-08
1.1,0.4,0,3.38666,0.0477941,-2.5e-09
1.1,0.5,0,3.43278,0.0456501,6.75e-08
1.1,0.6,0,3.43031,0.0401284,5.75e-08
1.1,0.7,0,3.4271,0.0343697,8.25e-08
1.1,0.8,0,3.42332,0.0295952,1.125e-07
1.1,0.9,0,3.41915,0.0259192,1.1e-07
1.1,1,0,3.41516,0.0223578,7e-08
1.1,1.1,0,3.41243,0.0178653,9e-08
1.1,1.2,0,3.41006,0.0137068,1.1e-07
1.1,1.3,0,3.40791,0.00989621,1.25e-07
1.1,1.4,0,3.40619,0.0066488,1.325e-07
1.1,1.5,0,3.40466,0.00361662,1.375e-07
1.1,1.6,0,3.40317,0.000300298,1.875e-07
1.1,1.7,0,3.40203,-0.002533,1.875e-07
1.1,1.8,0,3.40087,-0.00534092,1.7e-07
1.1,1.9,0,3.39985,-0.00789696,1.875e-07
1.1,2,0,3.39899,-0.0102265,2.575e-07
1.1,2.1,0,3.39793,-0.0126587,2.425e-07
1.1,2.2,0,3.39719,-0.0146303,2.825e-07
1.1,2.3,0,3.39631,-0.0166377,3.175e-07
1.1,2.4,0,3.39546,-0.0184611,3.45e-07
1.1,2.5,0,3.39476,-0.0200647,3.7e-07
1.1,2.6,0,3.39377,-0.0217187,3.2e-07
1.1,2.7,0,3.39308,-0.0229292,3.6e-07
1.1,2.8,0,3.39224,-0.0241752,3.975e-07
1.1,2.9,0,3.39139,-0.0252098,3.975e-07
1.1,3,0,3.39065,-0.0259977,3.625e-07
1.1,3.1,0,3.38973,-0.0269235,3.625e-07
1.1,3.2,0,3.38891,-0.0272527,2.975e-07
1.1,3.3,0,3.38809,-0.0277026,2.45e-07
1.1,3.4,0,3.38721,-0.0279138,2.275e-07
1.1,3.5,0,3.38628,-0.0277656,2.325e-07
1.1,3.6,0,3.38555,-0.027869,2.425e-07
1.1,3.7,0,3.38452,-0.0273054,2.625e-07
1.1,3.8,0,3.3835,-0.0267338,2.725e-07
1.1,3.9,0,3.38257,-0.0260336,2.7e-07
1.1,4,0,3.3817,-0.0252125,2.65e-07
1.1,4.1,0,3.37944,-0.0237539,2.7e-07
1.1,4.2,0,3.37943,-0.0227843,2.45e-07
1.1,4.3,0,3.37681,-0.0209833,2.2e-07
1.1,4.4,0,3.37518,-0.0191736,1.875e-07
1.1,4.5,0,3.37716,-0.0181867,1.475e-07
1.1,4.6,0,3.36945,-0.0166218,9.25e-08
1.1,4.7,0,3.37333,-0.0138051,1.125e-07
1.1,4.8,0,3.37513,-0.011842,1.01275e-07
1.1,4.9,0,3.37496,-0.00947336,9.755e-08
1.1,5,0,3.37492,-0.00584573,1.3255e-07
1.1,5.1,0,3.37518,-0.00200652,9.75e-08
1.1,5.2,0,3.37493,0.000868248,5.25e-08
1.1,5.3,0,3.3746,0.00379354,4e-08
1.1,5.4,0,3.37437,0.00668929,4.25e-08
1.1,5.5,0,3.37424,0.00958253,3e-08
1.1,5.6,0,3.37426,0.0124954,-5e-09
1.1,5.7,0,3.37441,0.0154238,-6.75e-08
1.1,5.8,0,3.37471,0.0183686,-1.425e-07
1.1,5.9,0,3.37506,0.021201,-1.7e-07
1.1,6,0,3.37506,0.0253653,-1.1595e-07
1.1,6.1,0,3.37556,0.0273195,-4.73242e-08
1.1,6.2,0,3.37574,0.0299141,-2.10389e-08
1.1,6.3,0,3.37576,0.0328387,-1.65656e-08
1.1,6.4,0,3.37943,0.0348508,1.97761e-09
1.1,6.5,0,3.3825,0.0366675,4.08209e-08
1.1,6.6,0,3.37989,0.0391425,1.07985e-07
1.1,6.7,0,3.37891,0.0414283,1.55e-07
1.1,6.8,0,3.38173,0.0432729,1.55e-07
1.1,6.9,0,3.38137,0.0443921,1.76493e-07
1.1,7,0,3.38087,0.045481,1.98881e-07
1.1,7.1,0,3.38197,0.0461559,2.14179e-07
1.1,7.2,0,3.3828,0.0470384,2.01791e-07
1.1,7.3,0,3.38338,0.0480676,1.7194e-07
1.1,7.4,0,3.38409,0.0485019,1.53284e-07
1.1,7.5,0,3.38486,0.0486759,1.56642e-07
1.1,7.6,0,3.38564,0.0492381,2.01418e-07
1.1,7.7,0,3.38641,0.0495533,2.31269e-07
1.1,7.8,0,3.38712,0.0491279,2.16343e-07
1.1,7.9,0,3.3878,0.049144,1.67463e-07
1.1,8,0,3.38847,0.0492038,1.15224e-07
1.1,8.1,0,3.38915,0.0484809,1.13358e-07
1.1,8.2,0,3.38974,0.0478971,1.08731e-07
1.1,8.3,0,3.39027,0.0474908,9.75373e-08
1.1,8.4,0,3.39083,0.0466753,8.83955e-08
1.1,8.5,0,3.39138,0.0456005,9.26866e-08
1.1,8.6,0,3.39179,0.0448105,1.41194e-07
1.1,8.7,0,3.39221,0.0438884,1.7403e-07
1.1,8.8,0,3.3927,0.0424376,1.44179e-07
1.1,8.9,0,3.39304,0.041302,1.36791e-07
1.1,9,0,3.39336,0.0402177,1.3306e-07
1.1,9.1,0,3.39374,0.0386118,8.49254e-08
1.1,9.2,0,3.39406,0.0371124,8.22388e-08
1.1,9.3,0,3.39432,0.0358035,1.30746e-07
1.1,9.4,0,3.39461,0.0341991,1.40075e-07
1.1,9.5,0,3.39492,0.0323651,1.2097e-07
1.1,9.6,0,3.39514,0.0308784,1.58284e-07
1.1,9.7,0,3.39537,0.0293038,1.98396e-07
1.1,9.8,0,3.39567,0.0272323,2.54366e-07
1.1,9.9,0,3.3959,0.0255134,2.61978e-07
1.1,10,0,3.39611,0.0238772,2.58246e-07
1.1,10.1,0,3.3964,0.0218124,3.02276e-07
1.1,10.2,0,3.39668,0.0198413,3.27351e-07
1.1,10.3,0,3.39691,0.0181062,3.16157e-07
1.1,10.4,0,3.39722,0.0160368,2.71381e-07
1.1,10.5,0,3.39763,0.0136092,1.95e-07
1.1,10.6,0,3.39794,0.0115897,1.95e-07
1.1,10.7,0,3.39829,0.0095287,1.86791e-07
1.1,10.8,0,3.39891,0.00709389,1.04701e-07
1.1,10.9,0,3.39942,0.00497106,9.35075e-08
1.1,11,0,3.39989,0.00294675,1.04701e-07
1.1,11.1,0,3.40075,0.000211184,1.66269e-07
1.1,11.2,0,3.40167,-0.00260256,2.0791e-07
1.1,11.3,0,3.40251,-0.00518763,1.96716e-07
1.1,11.4,0,3.40376,-0.0078198,1.63134e-07
1.1,11.5,0,3.40564,-0.0105027,1.03806e-07
1.1,11.6,0,3.40731,-0.012874,1.67239e-07
1.1,11.7,0,3.40898,-0.0153211,2.23582e-07
1.1,11.8,0,3.41081,-0.0192083,1.45224e-07
1.1,11.9,0,3.41267,-0.0230541,1.78134e-07
1.1,12,0,3.41455,-0.0268829,2.56493e-07
1.1,12.1,0,3.39903,-0.0296016,2.87836e-07
1.1,12.2,0,3.37812,-0.0318526,2.77537e-07
1.1,12.3,0,3.36086,-0.0341182,2.2903e-07
1.1,12.4,0,2.99539,-0.0319033,2.88918e-07
1.1,12.5,0,1.98345,-0.0213659,5.44776e-07
1.1,12.6,0,0.991725,-0.0106829,2.72388e-07
1.1,12.7,0,0,0,0
1.2,0,0,0,0,0
1.2,0.1,0,1.33481,0.0198462,1e-08
1.2,0.2,0,2.66962,0.0396924,2e-08
1.2,0.3,0,3.35582,0.0490615,5e-09
1.2,0.4,0,3.41542,0.047236,1e-08
1.2,0.5,0,3.46828,0.0452513,4.75e-08
1.2,0.6,0,3.46581,0.0397295,3.75e-08
1.2,0.7,0,3.46334,0.0342078,2.75e-08
1.2,0.8,0,3.45957,0.0294332,5.75e-08
1.2,0.9,0,3.45522,0.0256427,9.25e-08
1.2,1,0,3.45106,0.0219668,9e-08
1.2,1.1,0,3.44833,0.0174743,1.1e-07
1.2,1.2,0,3.4456,0.0129819,1.3e-07
1.2,1.3,0,3.44345,0.00917129,1.45e-07
1.2,1.4,0,3.44154,0.00570867,1.55e-07
1.2,1.5,0,3.43982,0.00246126,1.625e-07
1.2,1.6,0,3.43833,-0.000855059,2.125e-07
1.2,1.7,0,3.43685,-0.00417138,2.625e-07
1.2,1.8,0,3.43568,-0.0069793,2.45e-07
1.2,1.9,0,3.4345,-0.00976183,2.1e-07
1.2,2,0,3.43348,-0.0123179,2.275e-07
1.2,2.1,0,3.43242,-0.01475,2.125e-07
1.2,2.2,0,3.43135,-0.0171822,1.975e-07
1.2,2.3,0,3.43048,-0.0191896,2.325e-07
1.2,2.4,0,3.42947,-0.0212328,2.625e-07
1.2,2.5,0,3.42862,-0.0230563,2.9e-07
1.2,2.6,0,3.42763,-0.0247102,2.4e-07
1.2,2.7,0,3.42664,-0.0263641,1.9e-07
1.2,2.8,0,3.4258,-0.0276101,2.275e-07
1.2,2.9,0,3.42483,-0.0288915,2.625e-07
1.2,3,0,3.42397,-0.0299262,2.625e-07
1.2,3.1,0,3.42305,-0.0308519,2.625e-07
1.2,3.2,0,3.42213,-0.0317777,2.625e-07
1.2,3.3,0,3.42131,-0.0322276,2.1e-07
1.2,3.4,0,3.42048,-0.0327982,1.7e-07
1.2,3.5,0,3.4196,-0.0330094,1.525e-07
1.2,3.6,0,3.41886,-0.0331129,1.625e-07
1.2,3.7,0,3.41813,-0.0332163,1.725e-07
1.2,3.8,0,3.41711,-0.0326448,1.825e-07
1.2,3.9,0,3.41611,-0.0320654,1.825e-07
1.2,4,0,3.41518,-0.0313652,1.8e-07
1.2,4.1,0,3.41292,-0.0299066,1.85e-07
1.2,4.2,0,3.41067,-0.028448,1.9e-07
1.2,4.3,0,3.40805,-0.026647,1.65e-07
1.2,4.4,0,3.40282,-0.0240144,1.4e-07
1.2,4.5,0,3.40119,-0.0222047,1.075e-07
1.2,4.6,0,3.39348,-0.0206398,5.25e-08
1.2,4.7,0,3.38576,-0.0190749,-2.5e-09
1.2,4.8,0,3.38756,-0.0171118,-1.3725e-08
1.2,4.9,0,3.38726,-0.0160022,-5.6175e-08
1.2,5,0,3.3871,-0.0136336,-5.99e-08
1.2,5.1,0,3.39425,-0.00912501,-1.175e-07
1.2,5.2,0,3.39727,-0.00468857,-1.825e-07
1.2,5.3,0,3.39892,-5.0969e-05,-2.2e-07
1.2,5.4,0,3.39996,0.00475913,-2.275e-07
1.2,5.5,0,3.4004,0.00966817,-2.4e-07
1.2,5.6,0,3.40043,0.0146175,-2.85e-07
1.2,5.7,0,3.39994,0.0195464,-3.475e-07
1.2,5.8,0,3.39904,0.0244203,-3.975e-07
1.2,5.9,0,3.39715,0.0291144,-3.9e-07
1.2,6,0,3.3911,0.0349199,-2.91915e-07
1.2,6.1,0,3.39159,0.0368741,-2.23289e-07
1.2,6.2,0,3.39209,0.0388283,-1.54663e-07
1.2,6.3,0,3.39243,0.041093,-1.06566e-07
1.2,6.4,0,3.3961,0.0431052,-8.80224e-08
1.2,6.5,0,3.40173,0.0446261,-6.1903e-08
1.2,6.6,0,3.40736,0.046147,-3.57836e-08
1.2,6.7,0,3.40663,0.0484042,1e-08
1.2,6.8,0,3.40945,0.0502488,1e-08
1.2,6.9,0,3.41227,0.0520934,1e-08
1.2,7,0,3.41303,0.0534695,2.38806e-08
1.2,7.1,0,3.41413,0.0541444,3.91791e-08
1.2,7.2,0,3.41532,0.0547975,5.41045e-08
1.2,7.3,0,3.41635,0.0555521,5.69403e-08
1.2,7.4,0,3.41705,0.0559864,3.82836e-08
1.2,7.5,0,3.41783,0.056024,2.70896e-08
1.2,7.6,0,3.4186,0.0560617,1.58955e-08
1.2,7.7,0,3.41937,0.056335,4.12687e-08
1.2,7.8,0,3.42008,0.0559096,2.63433e-08
1.2,7.9,0,3.42079,0.0554841,1.14179e-08
1.2,8,0,3.42148,0.0553353,-2.47761e-08
1.2,8.1,0,3.42216,0.0546124,-2.66418e-08
1.2,8.2,0,3.42284,0.0538026,-2.29104e-08
1.2,8.3,0,3.42348,0.0530816,-2.24627e-08
1.2,8.4,0,3.42404,0.052266,-3.16045e-08
1.2,8.5,0,3.42463,0.0511156,-3.90672e-08
1.2,8.6,0,3.42522,0.0499651,-4.65299e-08
1.2,8.7,0,3.42566,0.0489961,-2.09701e-08
1.2,8.8,0,3.42615,0.0475454,-5.08209e-08
1.2,8.9,0,3.42663,0.0460946,-8.06716e-08
1.2,9,0,3.42703,0.0448344,-9.69403e-08
1.2,9.1,0,3.4274,0.0432286,-1.45075e-07
1.2,9.2,0,3.42779,0.0415307,-2.01045e-07
1.2,9.3,0,3.42816,0.039899,-2.39254e-07
1.2,9.4,0,3.42845,0.0382945,-2.29925e-07
1.2,9.5,0,3.42877,0.0363945,-2.59776e-07
1.2,9.6,0,3.4291,0.0344944,-2.89627e-07
1.2,9.7,0,3.42935,0.0328455,-2.61604e-07
1.2,9.8,0,3.42965,0.030774,-2.05634e-07
1.2,9.9,0,3.42995,0.0287024,-1.49664e-07
1.2,10,0,3.43021,0.0268355,-1.21754e-07
1.2,10.1,0,3.43051,0.0247706,-7.77239e-08
1.2,10.2,0,3.43082,0.0225987,-2.17537e-08
1.2,10.3,0,3.43113,0.0204791,2.61567e-08
1.2,10.4,0,3.43144,0.0184097,-1.86194e-08
1.2,10.5,0,3.43186,0.0159317,-1.0444e-07
1.2,10.6,0,3.43228,0.0134537,-1.90261e-07
1.2,10.7,0,3.43265,0.0112872,-2.18209e-07
1.2,10.8,0,3.43327,0.00885242,-3.00299e-07
1.2,10.9,0,3.43389,0.00641761,-3.82388e-07
1.2,11,0,3.43445,0.00415521,-4.25299e-07
1.2,11.1,0,3.43531,0.00141964,-3.63731e-07
1.2,11.2,0,3.4363,-0.00155301,-2.85373e-07
1.2,11.3,0,3.43728,-0.00449853,-2.13284e-07
1.2,11.4,0,3.43854,-0.0071307,-2.46866e-07
1.2,11.5,0,3.44043,-0.00983351,-3.1403e-07
1.2,11.6,0,3.44232,-0.0125363,-3.81194e-07
1.2,11.7,0,3.44406,-0.0150762,-3.61418e-07
1.2,11.8,0,3.44589,-0.0189635,-4.39776e-07
1.2,11.9,0,3.44772,-0.0228507,-5.18134e-07
1.2,12,0,3.44957,-0.0267163,-5.38507e-07
1.2,12.1,0,3.43405,-0.029435,-5.07164e-07
1.2,12.2,0,3.41108,-0.0316779,-4.9597e-07
1.2,12.3,0,3.38823,-0.0339212,-4.8597e-07
1.2,12.4,0,3.02276,-0.0317062,-4.26082e-07
1.2,12.5,0,2.01061,-0.0211703,-1.64888e-07
1.2,12.6,0,0.998464,-0.0106344,9.6306e-08
1.2,12.7,0,0,0,0
1.3,0,0,0,0,0
1.3,0.1,0,1.34563,0.0193351,-3e-08
1.3,0.2,0,2.68044,0.0391813,-2e-08
1.3,0.3,0,3.38364,0.0483352,-2.25e-08
1.3,0.4,0,3.44324,0.0465097,-1.75e-08
1.3,0.5,0,3.50285,0.0446843,-1.25e-08
1.3,0.6,0,3.50086,0.0393771,-2.25e-08
1.3,0.7,0,3.49839,0.0338553,-3.25e-08
1.3,0.8,0,3.49498,0.0291185,-4e-08
1.3,0.9,0,3.49063,0.0253281,-5e-09
1.3,1,0,3.48629,0.0215376,3e-08
1.3,1.1,0,3.48348,0.0169352,3.25e-08
1.3,1.2,0,3.48075,0.0124427,5.25e-08
1.3,1.3,0,3.47831,0.008301,6.75e-08
1.3,1.4,0,3.4764,0.00483838,7.75e-08
1.3,1.5,0,3.47449,0.00137576,8.75e-08
1.3,1.6,0,3.47287,-0.00212251,9e-08
1.3,1.7,0,3.47138,-0.00543884,1.4e-07
1.3,1.8,0,3.46989,-0.0086613,1.45e-07
1.3,1.9,0,3.46871,-0.0114438,1.1e-07
1.3,2,0,3.46753,-0.0142264,7.5e-08
1.3,2.1,0,3.4663,-0.016824,7.25e-08
1.3,2.2,0,3.46523,-0.0192562,5.75e-08
1.3,2.3,0,3.46402,-0.0216157,-2.12497e-18
1.3,2.4,0,3.46301,-0.0236589,3e-08
1.3,2.5,0,3.462,-0.0257021,6e-08
1.3,2.6,0,3.4608,-0.0273948,1.75e-08
1.3,2.7,0,3.4598,-0.0290488,-3.25e-08
1.3,2.8,0,3.45855,-0.0304067,-5e-08
1.3,2.9,0,3.45758,-0.0316881,-1.5e-08
1.3,3,0,3.45661,-0.0329695,2e-08
1.3,3.1,0,3.4553,-0.0335553,2.5e-08
1.3,3.2,0,3.45438,-0.0344811,2.5e-08
1.3,3.3,0,3.45296,-0.0345853,3.75e-08
1.3,3.4,0,3.45214,-0.0351559,-2.5e-09
1.3,3.5,0,3.45131,-0.0357265,-4.25e-08
1.3,3.6,0,3.44987,-0.0349365,-3e-08
1.3,3.7,0,3.44914,-0.0350399,-2e-08
1.3,3.8,0,3.44786,-0.0338469,-5e-09
1.3,3.9,0,3.44686,-0.0332675,-5e-09
1.3,4,0,3.44586,-0.0326881,-5e-09
1.3,4.1,0,3.44471,-0.0305282,1.5e-08
1.3,4.2,0,3.44245,-0.0290696,2e-08
1.3,4.3,0,3.44346,-0.0271023,5e-08
1.3,4.4,0,3.43823,-0.0244698,2.5e-08
1.3,4.5,0,3.433,-0.0218373,1.30033e-19
1.3,4.6,0,3.43281,-0.0189882,5e-09
1.3,4.7,0,3.4251,-0.0174233,-5e-08
1.3,4.8,0,3.42045,-0.0146144,-3.53562e-08
1.3,4.9,0,3.42016,-0.0135048,-7.78063e-08
1.3,5,0,3.41987,-0.0123952,-1.20256e-07
1.3,5.1,0,3.42532,-0.00806924,-1.575e-07
1.3,5.2,0,3.42759,-0.00375641,-2.15e-07
1.3,5.3,0,3.42876,0.000831645,-2.55e-07
1.3,5.4,0,3.42948,0.00566419,-2.675e-07
1.3,5.5,0,3.42978,0.0106311,-2.775e-07
1.3,5.6,0,3.42981,0.0156375,-3.2e-07
1.3,5.7,0,3.42949,0.0206096,-3.7e-07
1.3,5.8,0,3.42886,0.0254773,-3.9e-07
1.3,5.9,0,3.42746,0.0301066,-3.6e-07
1.3,6,0,3.42287,0.0355752,-2.68933e-07
1.3,6.1,0,3.42384,0.0382922,-2.73772e-07
1.3,6.2,0,3.42434,0.0402464,-2.05145e-07
1.3,6.3,0,3.42483,0.0422006,-1.36519e-07
1.3,6.4,0,3.42195,0.0455961,-1.68284e-07
1.3,6.5,0,3.42737,0.04717,-1.44403e-07
1.3,6.6,0,3.43301,0.0486909,-1.18284e-07
1.3,6.7,0,3.43662,0.0506047,-1.06716e-07
1.3,6.8,0,3.43798,0.0528142,-1.15e-07
1.3,6.9,0,3.4408,0.0546588,-1.15e-07
1.3,7,0,3.44362,0.0565034,-1.15e-07
1.3,7.1,0,3.44494,0.0585,-1.00821e-07
1.3,7.2,0,3.44612,0.0591531,-8.58955e-08
1.3,7.3,0,3.44731,0.0598062,-7.09701e-08
1.3,7.4,0,3.44875,0.0609147,-8.96269e-08
1.3,7.5,0,3.44958,0.0610486,-1.0291e-07
1.3,7.6,0,3.45036,0.0610863,-1.14104e-07
1.3,7.7,0,3.45129,0.0611839,-1.01978e-07
1.3,7.8,0,3.4523,0.0610536,-7.61567e-08
1.3,7.9,0,3.45301,0.0606282,-9.10821e-08
1.3,8,0,3.45372,0.0602027,-1.06007e-07
1.3,8.1,0,3.4547,0.0595691,-9.16418e-08
1.3,8.2,0,3.45537,0.0587593,-8.79104e-08
1.3,8.3,0,3.45605,0.0579495,-8.41791e-08
1.3,8.4,0,3.45684,0.0568948,-1.17388e-07
1.3,8.5,0,3.45746,0.0557318,-1.31567e-07
1.3,8.6,0,3.45804,0.0545814,-1.3903e-07
1.3,8.7,0,3.45865,0.0533205,-1.47985e-07
1.3,8.8,0,3.45923,0.0517513,-1.70821e-07
1.3,8.9,0,3.45971,0.0503006,-2.00672e-07
1.3,9,0,3.46019,0.0488498,-2.30522e-07
1.3,9.1,0,3.46069,0.0469778,-2.45075e-07
1.3,9.2,0,3.46108,0.04528,-3.01045e-07
1.3,9.3,0,3.46146,0.0435821,-3.57015e-07
1.3,9.4,0,3.46188,0.0416148,-3.81269e-07
1.3,9.5,0,3.46222,0.0396575,-4.04776e-07
1.3,9.6,0,3.46255,0.0377574,-4.34627e-07
1.3,9.7,0,3.46288,0.03578,-4.68955e-07
1.3,9.8,0,3.46323,0.0335291,-4.73134e-07
1.3,9.9,0,3.46353,0.0314576,-4.17164e-07
1.3,10,0,3.46384,0.029386,-3.61194e-07
1.3,10.1,0,3.46421,0.0270133,-3.80224e-07
1.3,10.2,0,3.46452,0.0248413,-3.24254e-07
1.3,10.3,0,3.46484,0.0226693,-2.68284e-07
1.3,10.4,0,3.46524,0.0202126,-2.02239e-07
1.3,10.5,0,3.46568,0.0176627,-2.5194e-07
1.3,10.6,0,3.4661,0.0151847,-3.37761e-07
1.3,10.7,0,3.46655,0.012683,-4.06418e-07
1.3,10.8,0,3.46722,0.0100888,-3.92799e-07
1.3,10.9,0,3.46784,0.00765398,-4.74888e-07
1.3,11,0,3.46846,0.00521917,-5.56978e-07
1.3,11.1,0,3.46941,0.00222021,-5.83731e-07
1.3,11.2,0,3.4704,-0.000752444,-5.05373e-07
1.3,11.3,0,3.47139,-0.0037251,-4.27015e-07
1.3,11.4,0,3.47277,-0.00666929,-3.71045e-07
1.3,11.5,0,3.47468,-0.00942574,-4.1403e-07
1.3,11.6,0,3.47657,-0.0121286,-4.81194e-07
1.3,11.7,0,3.47845,-0.0148846,-5.45933e-07
1.3,11.8,0,3.48016,-0.0186971,-5.87276e-07
1.3,11.9,0,3.48199,-0.0225844,-6.65634e-07
1.3,12,0,3.48382,-0.0264716,-7.43993e-07
1.3,12.1,0,3.46485,-0.0291292,-7.54664e-07
1.3,12.2,0,3.44188,-0.031372,-7.4347e-07
1.3,12.3,0,3.41891,-0.0336149,-7.32276e-07
1.3,12.4,0,3.04279,-0.0315014,-7.1194e-07
1.3,12.5,0,2.0243,-0.0210718,-5.22388e-07
1.3,12.6,0,1.01215,-0.0105359,-2.61194e-07
1.3,12.7,0,0,0,0
1.4,0,0,0,0,0
1.4,0.1,0,1.35645,0.0188239,-7e-08
1.4,0.2,0,2.70208,0.038159,-1e-07
1.4,0.3,0,3.40528,0.0473129,-1.025e-07
1.4,0.4,0,3.47687,0.0457746,-1.175e-07
1.4,0.5,0,3.53647,0.0439491,-1.125e-07
1.4,0.6,0,3.53497,0.0388565,-1.225e-07
1.4,0.7,0,3.53299,0.0335493,-1.325e-07
1.4,0.8,0,3.52957,0.0288125,-1.4e-07
1.4,0.9,0,3.52521,0.0248607,-1.45e-07
1.4,1,0,3.52087,0.0210702,-1.1e-07
1.4,1.1,0,3.51798,0.0163578,-1.25e-07
1.4,1.2,0,3.51517,0.0117553,-1.225e-07
1.4,1.3,0,3.51272,0.00761365,-1.075e-07
1.4,1.4,0,3.51057,0.00382273,-9.75e-08
1.4,1.5,0,3.50866,0.000360105,-8.75e-08
1.4,1.6,0,3.5069,-0.00332012,-1.325e-07
1.4,1.7,0,3.50528,-0.00681839,-1.3e-07
1.4,1.8,0,3.5038,-0.0100409,-1.25e-07
1.4,1.9,0,3.50231,-0.0131695,-1.65e-07
1.4,2,0,3.50113,-0.015952,-2e-07
1.4,2.1,0,3.49973,-0.0187152,-1.9e-07
1.4,2.2,0,3.49851,-0.0213129,-1.925e-07
1.4,2.3,0,3.49729,-0.0236723,-2.5e-07
1.4,2.4,0,3.49592,-0.0259591,-3.5e-07
1.4,2.5,0,3.49491,-0.0280023,-3.2e-07
1.4,2.6,0,3.49349,-0.0297339,-3.55e-07
1.4,2.7,0,3.49229,-0.0314266,-3.975e-07
1.4,2.8,0,3.49104,-0.0327845,-4.15e-07
1.4,2.9,0,3.48952,-0.0338464,-4e-07
1.4,3,0,3.48855,-0.0351278,-3.65e-07
1.4,3.1,0,3.48687,-0.0353736,-3.55e-07
1.4,3.2,0,3.48557,-0.0359594,-3.5e-07
1.4,3.3,0,3.48415,-0.0360636,-3.375e-07
1.4,3.4,0,3.48223,-0.0353463,-3.125e-07
1.4,3.5,0,3.48141,-0.0359169,-3.525e-07
1.4,3.6,0,3.47928,-0.0342333,-3.375e-07
1.4,3.7,0,3.47784,-0.0334433,-3.25e-07
1.4,3.8,0,3.47656,-0.0322502,-3.1e-07
1.4,3.9,0,3.47475,-0.0297607,-2.9e-07
1.4,4,0,3.47375,-0.0291814,-2.9e-07
1.4,4.1,0,3.4737,-0.0263201,-2.55e-07
1.4,4.2,0,3.47254,-0.0241601,-2.35e-07
1.4,4.3,0,3.47355,-0.0221928,-2.05e-07
1.4,4.4,0,3.47783,-0.0197169,-1.5e-07
1.4,4.5,0,3.4726,-0.0170844,-1.75e-07
1.4,4.6,0,3.47993,-0.0129511,-1.1e-07
1.4,4.7,0,3.47974,-0.0101021,-1.05e-07
1.4,4.8,0,3.47509,-0.00729312,-9.03562e-08
1.4,4.9,0,3.47351,-0.00324008,-6.06871e-09
1.4,5,0,3.47322,-0.00213051,-4.85187e-08
1.4,5.1,0,3.46839,0.00116077,-2.25e-08
1.4,5.2,0,3.46587,0.00366473,-4.5e-08
1.4,5.3,0,3.46415,0.00644139,-6.5e-08
1.4,5.4,0,3.46293,0.00940448,-7.75e-08
1.4,5.5,0,3.46237,0.0124712,-8.25e-08
1.4,5.6,0,3.46239,0.0155556,-1.1e-07
1.4,5.7,0,3.46305,0.0186133,-1.35e-07
1.4,5.8,0,3.46416,0.0215396,-1.2e-07
1.4,5.9,0,3.466,0.0241777,-8e-08
1.4,6,0,3.47038,0.027331,-4.70029e-08
1.4,6.1,0,3.47159,0.0304238,-8.80259e-08
1.4,6.2,0,3.4728,0.0335166,-1.29049e-07
1.4,6.3,0,3.4733,0.0354822,-6.15192e-08
1.4,6.4,0,3.47042,0.0388777,-9.32836e-08
1.4,6.5,0,3.46571,0.0430492,-1.79104e-07
1.4,6.6,0,3.46762,0.0455244,-1.93284e-07
1.4,6.7,0,3.47123,0.0474382,-1.81716e-07
1.4,6.8,0,3.47013,0.0502689,-2.04104e-07
1.4,6.9,0,3.47016,0.0528137,-2.2e-07
1.4,7,0,3.47298,0.0546583,-2.2e-07
1.4,7.1,0,3.47431,0.0571915,-2.05821e-07
1.4,7.2,0,3.47557,0.0597609,-1.90896e-07
1.4,7.3,0,3.47676,0.060529,-1.7597e-07
1.4,7.4,0,3.4782,0.0616376,-1.94627e-07
1.4,7.5,0,3.47979,0.0630498,-2.35672e-07
1.4,7.6,0,3.48091,0.063651,-2.59104e-07
1.4,7.7,0,3.48184,0.0637486,-2.46978e-07
1.4,7.8,0,3.48324,0.0640259,-1.64888e-07
1.4,7.9,0,3.48448,0.0641345,-1.06082e-07
1.4,8,0,3.48519,0.0637091,-1.21007e-07
1.4,8.1,0,3.48627,0.0631228,-1.02351e-07
1.4,8.2,0,3.48738,0.0625186,-7.99627e-08
1.4,8.3,0,3.48811,0.0617314,-7.41791e-08
1.4,8.4,0,3.48889,0.0606767,-1.07388e-07
1.4,8.5,0,3.48977,0.0594216,-1.70821e-07
1.4,8.6,0,3.49049,0.0582231,-2.0403e-07
1.4,8.7,0,3.49109,0.0569622,-2.12985e-07
1.4,8.8,0,3.49178,0.0552596,-2.2791e-07
1.4,8.9,0,3.49242,0.0536048,-2.45672e-07
1.4,9,0,3.4929,0.052154,-2.75522e-07
1.4,9.1,0,3.49343,0.0502253,-2.8e-07
1.4,9.2,0,3.49396,0.0482122,-2.8e-07
1.4,9.3,0,3.49437,0.0464639,-3.27015e-07
1.4,9.4,0,3.49478,0.0444966,-3.51269e-07
1.4,9.5,0,3.49522,0.0422598,-3.43806e-07
1.4,9.6,0,3.4956,0.040188,-3.54627e-07
1.4,9.7,0,3.49594,0.0382105,-3.88955e-07
1.4,9.8,0,3.49633,0.0357942,-4.48657e-07
1.4,9.9,0,3.49671,0.0334261,-4.92164e-07
1.4,10,0,3.49702,0.0313546,-4.36194e-07
1.4,10.1,0,3.4974,0.028939,-4.69776e-07
1.4,10.2,0,3.4978,0.0264375,-5.25746e-07
1.4,10.3,0,3.49813,0.0241963,-4.93284e-07
1.4,10.4,0,3.49853,0.0217396,-4.27239e-07
1.4,10.5,0,3.49904,0.0189347,-3.48881e-07
1.4,10.6,0,3.49951,0.0162737,-3.42761e-07
1.4,10.7,0,3.49996,0.013772,-4.11418e-07
1.4,10.8,0,3.50067,0.0110575,-3.25597e-07
1.4,10.9,0,3.50138,0.0083682,-2.54888e-07
1.4,11,0,3.502,0.00593339,-3.36978e-07
1.4,11.1,0,3.50295,0.00291523,-3.71493e-07
1.4,11.2,0,3.50401,-0.000297381,-3.90149e-07
1.4,11.3,0,3.50502,-0.00333242,-3.37015e-07
1.4,11.4,0,3.5064,-0.00627661,-2.81045e-07
1.4,11.5,0,3.50836,-0.0091781,-2.58657e-07
1.4,11.6,0,3.5103,-0.0120021,-2.71194e-07
1.4,11.7,0,3.51218,-0.0147581,-3.35933e-07
1.4,11.8,0,3.51382,-0.0185249,-3.5459e-07
1.4,11.9,0,3.51546,-0.0222965,-3.75634e-07
1.4,12,0,3.51729,-0.0261837,-4.53993e-07
1.4,12.1,0,3.49816,-0.0288378,-4.6444e-07
1.4,12.2,0,3.47005,-0.0309633,-4.45784e-07
1.4,12.3,0,3.44548,-0.0331698,-4.32276e-07
1.4,12.4,0,3.06936,-0.0310563,-4.1194e-07
1.4,12.5,0,2.03738,-0.0208526,-3.74627e-07
1.4,12.6,0,1.01215,-0.0105359,-2.61194e-07
1.4,12.7,0,0,0,0
1.5,0,0,0,0,0
1.5,0.1,0,1.35645,0.0188239,-7e-08
1.5,0.2,0,2.7129,0.0376478,-1.4e-07
1.5,0.3,0,3.42691,0.0462906,-1.825e-07
1.5,0.4,0,3.4985,0.0447523,-1.975e-07
1.5,0.5,0,3.57009,0.0432139,-2.125e-07
1.5,0.6,0,3.5686,0.0381213,-2.225e-07
1.5,0.7,0,3.5671,0.0330286,-2.325e-07
1.5,0.8,0,3.56417,0.0285064,-2.4e-07
1.5,0.9,0,3.55981,0.0245546,-2.45e-07
1.5,1,0,3.55544,0.0206028,-2.5e-07
1.5,1.1,0,3.55255,0.0158904,-2.65e-07
1.5,1.2,0,3.54966,0.011178,-2.8e-07
1.5,1.3,0,3.54714,0.0069263,-2.825e-07
1.5,1.4,0,3.54498,0.00313538,-2.725e-07
1.5,1.5,0,3.54283,-0.000655548,-2.625e-07
1.5,1.6,0,3.54107,-0.00433577,-3.075e-07
1.5,1.7,0,3.53932,-0.00801599,-3.525e-07
1.5,1.8,0,3.5377,-0.0114204,-3.95e-07
1.5,1.9,0,3.53621,-0.014549,-4.35e-07
1.5,2,0,3.53473,-0.0176776,-4.75e-07
1.5,2.1,0,3.53334,-0.0204408,-4.65e-07
1.5,2.2,0,3.53194,-0.023204,-4.55e-07
1.5,2.3,0,3.53056,-0.025729,-5e-07
1.5,2.4,0,3.52919,-0.0280157,-6e-07
1.5,2.5,0,3.52782,-0.0303025,-7e-07
1.5,2.6,0,3.5264,-0.0320341,-7.35e-07
1.5,2.7,0,3.52499,-0.0337656,-7.7e-07
1.5,2.8,0,3.52352,-0.0351623,-7.8e-07
1.5,2.9,0,3.522,-0.0362242,-7.65e-07
1.5,3,0,3.52049,-0.0372862,-7.5e-07
1.5,3.1,0,3.51881,-0.037532,-7.4e-07
1.5,3.2,0,3.51713,-0.0377777,-7.3e-07
1.5,3.3,0,3.51533,-0.037542,-7.125e-07
1.5,3.4,0,3.51342,-0.0368246,-6.875e-07
1.5,3.5,0,3.51151,-0.0361073,-6.625e-07
1.5,3.6,0,3.50937,-0.0344237,-6.475e-07
1.5,3.7,0,3.50724,-0.0327401,-6.325e-07
1.5,3.8,0,3.50527,-0.0306536,-6.15e-07
1.5,3.9,0,3.50345,-0.0281641,-5.95e-07
1.5,4,0,3.50164,-0.0256746,-5.75e-07
1.5,4.1,0,3.50158,-0.0228133,-5.4e-07
1.5,4.2,0,3.50153,-0.019952,-5.05e-07
1.5,4.3,0,3.50364,-0.0172833,-4.6e-07
1.5,4.4,0,3.50792,-0.0148074,-4.05e-07
1.5,4.5,0,3.5122,-0.0123314,-3.5e-07
1.5,4.6,0,3.51953,-0.00819822,-2.85e-07
1.5,4.7,0,3.52686,-0.004065,-2.2e-07
1.5,4.8,0,3.52974,2.81227e-05,-1.45356e-07
1.5,4.9,0,3.52815,0.00408116,-6.10687e-08
1.5,5,0,3.52657,0.0081342,2.32188e-08
1.5,5.1,0,3.51145,0.0103908,1.125e-07
1.5,5.2,0,3.50415,0.0110859,1.25e-07
1.5,5.3,0,3.49953,0.0120511,1.25e-07
1.5,5.4,0,3.49638,0.0131448,1.125e-07
1.5,5.5,0,3.49496,0.0143113,1.125e-07
1.5,5.6,0,3.49497,0.0154736,1e-07
1.5,5.7,0,3.49662,0.016617,1e-07
1.5,5.8,0,3.49946,0.0176019,1.5e-07
1.5,5.9,0,3.50454,0.0182488,2e-07
1.5,6,0,3.51789,0.0190869,1.74927e-07
1.5,6.1,0,3.5191,0.0221797,1.33904e-07
1.5,6.2,0,3.52031,0.0252724,9.28811e-08
1.5,6.3,0,3.52152,0.0283652,5.18581e-08
1.5,6.4,0,3.51888,0.0321592,-1.82836e-08
1.5,6.5,0,3.51418,0.0363308,-1.04104e-07
1.5,6.6,0,3.50948,0.0405024,-1.89925e-07
1.5,6.7,0,3.50585,0.0442717,-2.56716e-07
1.5,6.8,0,3.50475,0.0471024,-2.79104e-07
1.5,6.9,0,3.50364,0.0499332,-3.01493e-07
1.5,7,0,3.50254,0.0527639,-3.23881e-07
1.5,7.1,0,3.50368,0.0553464,-3.10821e-07
1.5,7.2,0,3.50493,0.0579158,-2.95896e-07
1.5,7.3,0,3.50618,0.0604853,-2.8097e-07
1.5,7.4,0,3.50764,0.0623604,-2.99627e-07
1.5,7.5,0,3.50924,0.0637726,-3.40672e-07
1.5,7.6,0,3.51084,0.0651848,-3.81716e-07
1.5,7.7,0,3.51239,0.0663133,-3.91978e-07
1.5,7.8,0,3.51379,0.0665906,-3.09888e-07
1.5,7.9,0,3.5152,0.0668679,-2.27799e-07
1.5,8,0,3.5166,0.0671452,-1.45709e-07
1.5,8.1,0,3.51774,0.0666291,-1.17351e-07
1.5,8.2,0,3.51885,0.0660249,-9.49627e-08
1.5,8.3,0,3.51997,0.0654207,-7.25746e-08
1.5,8.4,0,3.52095,0.0644586,-9.73881e-08
1.5,8.5,0,3.52183,0.0632035,-1.60821e-07
1.5,8.6,0,3.5227,0.0619485,-2.24254e-07
1.5,8.7,0,3.52354,0.0606039,-2.77985e-07
1.5,8.8,0,3.52422,0.0589013,-2.9291e-07
1.5,8.9,0,3.5249,0.0571986,-3.07836e-07
1.5,9,0,3.52558,0.055496,-3.22761e-07
1.5,9.1,0,3.52614,0.0535295,-3.25e-07
1.5,9.2,0,3.52667,0.0515164,-3.25e-07
1.5,9.3,0,3.52721,0.0495034,-3.25e-07
1.5,9.4,0,3.52769,0.0473784,-3.21269e-07
1.5,9.5,0,3.52813,0.0451416,-3.13806e-07
1.5,9.6,0,3.52856,0.0429048,-3.06343e-07
1.5,9.7,0,3.52899,0.0406411,-3.08955e-07
1.5,9.8,0,3.52939,0.0382247,-3.68657e-07
1.5,9.9,0,3.52978,0.0358084,-4.28358e-07
1.5,10,0,3.53018,0.0333921,-4.8806e-07
1.5,10.1,0,3.53058,0.0309076,-5.44776e-07
1.5,10.2,0,3.53098,0.0284061,-6.00746e-07
1.5,10.3,0,3.53138,0.0259046,-6.56716e-07
1.5,10.4,0,3.53182,0.0232665,-6.52239e-07
1.5,10.5,0,3.53233,0.0204617,-5.73881e-07
1.5,10.6,0,3.53284,0.0176569,-4.95522e-07
1.5,10.7,0,3.53337,0.0148611,-4.16418e-07
1.5,10.8,0,3.53408,0.0121465,-3.30597e-07
1.5,10.9,0,3.5348,0.00943203,-2.44776e-07
1.5,11,0,3.53551,0.00671753,-1.58955e-07
1.5,11.1,0,3.53649,0.00362944,-1.51493e-07
1.5,11.2,0,3.53755,0.000416835,-1.70149e-07
1.5,11.3,0,3.53861,-0.00279577,-1.88806e-07
1.5,11.4,0,3.54003,-0.00588394,-1.91045e-07
1.5,11.5,0,3.542,-0.00878543,-1.68657e-07
1.5,11.6,0,3.54396,-0.0116869,-1.46269e-07
1.5,11.7,0,3.5459,-0.0146317,-1.25933e-07
1.5,11.8,0,3.54754,-0.0183985,-1.4459e-07
1.5,11.9,0,3.54918,-0.0221652,-1.63246e-07
1.5,12,0,3.55082,-0.025932,-1.81903e-07
1.5,12.1,0,3.53163,-0.0285499,-1.7444e-07
1.5,12.2,0,3.50352,-0.0306755,-1.55784e-07
1.5,12.3,0,3.4754,-0.032801,-1.37127e-07
1.5,12.4,0,3.09594,-0.0306113,-1.1194e-07
1.5,12.5,0,2.06396,-0.0204075,-7.46269e-08
1.5,12.6,0,1.03198,-0.0102038,-3.73134e-08
1.5,12.7,0,0,0,0
1.6,0,0,0,0,0
1.6,0.1,0,1.3759,0.0189324,-1.1e-07
1.6,0.2,0,2.73235,0.0377563,-1.8e-07
1.6,0.3,0,3.45278,0.0464757,-2.325e-07
1.6,0.4,0,3.53079,0.045014,-2.575e-07
1.6,0.5,0,3.60238,0.0434757,-2.725e-07
1.6,0.6,0,3.60213,0.0384805,-1.975e-07
1.6,0.7,0,3.60063,0.0333879,-2.075e-07
1.6,0.8,0,3.59772,0.0287133,-2.05e-07
1.6,0.9,0,3.59337,0.0246092,-2e-07
1.6,1,0,3.58901,0.0206574,-2.05e-07
1.6,1.1,0,3.58594,0.0157196,-1.9e-07
1.6,1.2,0,3.58305,0.0110072,-2.05e-07
1.6,1.3,0,3.58041,0.00661306,-2.05e-07
1.6,1.4,0,3.57814,0.00267964,-1.925e-07
1.6,1.5,0,3.57598,-0.00111129,-1.825e-07
1.6,1.6,0,3.57396,-0.00510713,-2.125e-07
1.6,1.7,0,3.57221,-0.00878735,-2.575e-07
1.6,1.8,0,3.57043,-0.0123578,-2.475e-07
1.6,1.9,0,3.56879,-0.0156524,-2.35e-07
1.6,2,0,3.5673,-0.018781,-2.75e-07
1.6,2.1,0,3.56556,-0.0219213,-2.6e-07
1.6,2.2,0,3.56417,-0.0246845,-2.5e-07
1.6,2.3,0,3.5626,-0.0274315,-2.475e-07
1.6,2.4,0,3.56103,-0.0299404,-3e-07
1.6,2.5,0,3.55966,-0.0322271,-4e-07
1.6,2.6,0,3.55783,-0.0345626,-3.75e-07
1.6,2.7,0,3.55641,-0.0362941,-4.1e-07
1.6,2.8,0,3.55474,-0.0381594,-4.725e-07
1.6,2.9,0,3.55301,-0.0396897,-5.1e-07
1.6,3,0,3.5515,-0.0407516,-4.95e-07
1.6,3.1,0,3.5495,-0.0425421,-5.2e-07
1.6,3.2,0,3.54782,-0.0427879,-5.1e-07
1.6,3.3,0,3.54599,-0.0437962,-5.0125e-07
1.6,3.4,0,3.54405,-0.0443229,-4.85e-07
1.6,3.5,0,3.54213,-0.0436055,-4.6e-07
1.6,3.6,0,3.54012,-0.0453604,-4.9e-07
1.6,3.7,0,3.53799,-0.0436769,-4.75e-07
1.6,3.8,0,3.53557,-0.0436199,-4.6125e-07
1.6,3.9,0,3.53331,-0.04316,-4.45e-07
1.6,4,0,3.5315,-0.0406705,-4.25e-07
1.6,4.1,0,3.52678,-0.0410055,-4e-07
1.6,4.2,0,3.52673,-0.0381442,-3.65e-07
1.6,4.3,0,3.52202,-0.0355044,-3.275e-07
1.6,4.4,0,3.51947,-0.0330572,-2.8e-07
1.6,4.5,0,3.52374,-0.0305813,-2.25e-07
1.6,4.6,0,3.51227,-0.0268753,-2.3e-07
1.6,4.7,0,3.5196,-0.0227421,-1.65e-07
1.6,4.8,0,3.5249,-0.017985,-1.46887e-07
1.6,4.9,0,3.52575,-0.0132681,-1.19131e-07
1.6,5,0,3.52416,-0.00921507,-3.48437e-08
1.6,5.1,0,3.5234,-0.00338624,4.25e-08
1.6,5.2,0,3.52121,0.000389157,8e-08
1.6,5.3,0,3.51943,0.00443677,1.05e-07
1.6,5.4,0,3.51824,0.00867755,9.75e-08
1.6,5.5,0,3.51762,0.01302,8.75e-08
1.6,5.6,0,3.51768,0.0173795,8e-08
1.6,5.7,0,3.51834,0.0216582,8.5e-08
1.6,5.8,0,3.51965,0.0258769,1.25e-07
1.6,5.9,0,3.52172,0.0297022,1.6e-07
1.6,6,0,3.52333,0.0356299,1.72997e-07
1.6,6.1,0,3.52146,0.0413876,2.26698e-07
1.6,6.2,0,3.52162,0.0453865,2.17881e-07
1.6,6.3,0,3.52283,0.0484793,1.76858e-07
1.6,6.4,0,3.52852,0.0510473,1.45522e-07
1.6,6.5,0,3.53266,0.0539176,1.00896e-07
1.6,6.6,0,3.52795,0.0580892,1.50746e-08
1.6,6.7,0,3.52636,0.0612048,-4.8694e-08
1.6,6.8,0,3.53202,0.0618565,-6.10075e-08
1.6,6.9,0,3.53118,0.0646001,-8.29925e-08
1.6,7,0,3.53008,0.0674308,-1.05381e-07
1.6,7.1,0,3.53279,0.0666515,-5.33284e-08
1.6,7.2,0,3.53469,0.0678408,-2.23955e-08
1.6,7.3,0,3.53595,0.0704102,-7.47015e-09
1.6,7.4,0,3.53764,0.0706554,-1.87388e-08
1.6,7.5,0,3.53953,0.0700573,-5.06716e-08
1.6,7.6,0,3.54113,0.0714695,-9.17164e-08
1.6,7.7,0,3.54275,0.072205,-1.21567e-07
1.6,7.8,0,3.5444,0.0709101,-1.17836e-07
1.6,7.9,0,3.54583,0.0710459,-4.27985e-08
1.6,8,0,3.54723,0.0713232,3.9291e-08
1.6,8.1,0,3.54864,0.0700028,7.77239e-08
1.6,8.2,0,3.54989,0.0690054,1.05037e-07
1.6,8.3,0,3.551,0.0684012,1.27425e-07
1.6,8.4,0,3.55214,0.0671452,1.375e-07
1.6,8.5,0,3.55323,0.0654681,1.24179e-07
1.6,8.6,0,3.5541,0.064213,6.07463e-08
1.6,8.7,0,3.55498,0.0627909,1.52239e-08
1.6,8.8,0,3.55587,0.0607006,4.13433e-08
1.6,8.9,0,3.55659,0.0589437,3.21642e-08
1.6,9,0,3.55727,0.057241,1.72388e-08
1.6,9.1,0,3.55795,0.0549999,4.98881e-08
1.6,9.2,0,3.55856,0.0528286,7e-08
1.6,9.3,0,3.55909,0.0508155,7e-08
1.6,9.4,0,3.55963,0.0485489,6.06716e-08
1.6,9.5,0,3.56016,0.0460741,4.6194e-08
1.6,9.6,0,3.56059,0.0438373,5.36567e-08
1.6,9.7,0,3.56104,0.041535,6.78358e-08
1.6,9.8,0,3.56151,0.038862,1.20075e-07
1.6,9.9,0,3.56193,0.0363969,8.16418e-08
1.6,10,0,3.56232,0.0339806,2.19403e-08
1.6,10.1,0,3.56278,0.0313205,8.76119e-08
1.6,10.2,0,3.56322,0.0287004,1.14254e-07
1.6,10.3,0,3.56362,0.0261989,5.82836e-08
1.6,10.4,0,3.5641,0.023471,1.40672e-08
1.6,10.5,0,3.56467,0.0204884,-3.8806e-09
1.6,10.6,0,3.56518,0.0176835,7.44776e-08
1.6,10.7,0,3.56571,0.0148722,1.39403e-07
1.6,10.8,0,3.5665,0.0120029,8.34328e-08
1.6,10.9,0,3.56723,0.00925118,1.35224e-07
1.6,11,0,3.56795,0.00653667,2.21045e-07
1.6,11.1,0,3.56897,0.00335591,2.00522e-07
1.6,11.2,0,3.57008,7.03897e-05,1.59851e-07
1.6,11.3,0,3.57114,-0.00314222,1.41194e-07
1.6,11.4,0,3.57257,-0.00627458,1.64328e-07
1.6,11.5,0,3.57456,-0.00927995,2.46343e-07
1.6,11.6,0,3.57652,-0.0121814,2.68731e-07
1.6,11.7,0,3.57845,-0.0151213,2.95784e-07
1.6,11.8,0,3.57983,-0.0187901,4.11455e-07
1.6,11.9,0,3.58139,-0.0225285,4.31754e-07
1.6,12,0,3.58303,-0.0262952,4.13097e-07
1.6,12.1,0,3.56004,-0.0288421,2.97276e-07
1.6,12.2,0,3.52845,-0.0309027,2.03216e-07
1.6,12.3,0,3.50033,-0.0330282,2.21873e-07
1.6,12.4,0,3.11435,-0.0307792,1.53291e-07
1.6,12.5,0,2.06396,-0.0204075,-7.46269e-08
1.6,12.6,0,1.03198,-0.0102038,-3.73134e-08
1.6,12.7,0,0,0,0
1.7,0,0,0,0,0
1.7,0.1,0,1.3759,0.0189324,-1.1e-07
1.7,0.2,0,2.7518,0.0378648,-2.2e-07
1.7,0.3,0,3.47224,0.0465842,-2.725e-07
1.7,0.4,0,3.55666,0.0451992,-3.075e-07
1.7,0.5,0,3.63467,0.0437375,-3.325e-07
1.7,0.6,0,3.63442,0.0387423,-2.575e-07
1.7,0.7,0,3.63417,0.0337472,-1.825e-07
1.7,0.8,0,3.63125,0.0290726,-1.8e-07
1.7,0.9,0,3.62692,0.0248161,-1.65e-07
1.7,1,0,3.62258,0.020712,-1.6e-07
1.7,1.1,0,3.61951,0.0157742,-1.45e-07
1.7,1.2,0,3.61644,0.0108365,-1.3e-07
1.7,1.3,0,3.6138,0.00644232,-1.3e-07
1.7,1.4,0,3.61141,0.0023664,-1.15e-07
1.7,1.5,0,3.60914,-0.00156703,-1.025e-07
1.7,1.6,0,3.60712,-0.00556287,-1.325e-07
1.7,1.7,0,3.6051,-0.0095587,-1.625e-07
1.7,1.8,0,3.60332,-0.0131291,-1.525e-07
1.7,1.9,0,3.60152,-0.0165898,-8.75e-08
1.7,2,0,3.59988,-0.0198844,-7.5e-08
1.7,2.1,0,3.59814,-0.0230247,-6e-08
1.7,2.2,0,3.5964,-0.026165,-4.5e-08
1.7,2.3,0,3.59482,-0.028912,-4.25e-08
1.7,2.4,0,3.59307,-0.0316429,-4.75e-08
1.7,2.5,0,3.5915,-0.0341517,-1e-07
1.7,2.6,0,3.58967,-0.0364872,-7.5e-08
1.7,2.7,0,3.58783,-0.0388227,-5e-08
1.7,2.8,0,3.58616,-0.0406879,-1.125e-07
1.7,2.9,0,3.58423,-0.0426868,-2.025e-07
1.7,3,0,3.5825,-0.0442171,-2.4e-07
1.7,3.1,0,3.58051,-0.0460076,-2.65e-07
1.7,3.2,0,3.57852,-0.0477981,-2.9e-07
1.7,3.3,0,3.57669,-0.0488063,-2.8125e-07
1.7,3.4,0,3.57471,-0.0505771,-2.7375e-07
1.7,3.5,0,3.57276,-0.0511038,-2.575e-07
1.7,3.6,0,3.57075,-0.0528587,-2.875e-07
1.7,3.7,0,3.56874,-0.0546136,-3.175e-07
1.7,3.8,0,3.56632,-0.0545567,-3.0375e-07
1.7,3.9,0,3.56362,-0.0561264,-2.9125e-07
1.7,4,0,3.56136,-0.0556664,-2.75e-07
1.7,4.1,0,3.55664,-0.0560014,-2.5e-07
1.7,4.2,0,3.55193,-0.0563364,-2.25e-07
1.7,4.3,0,3.54721,-0.0536966,-1.875e-07
1.7,4.4,0,3.53784,-0.0512782,-1.475e-07
1.7,4.5,0,3.53529,-0.0488311,-1e-07
1.7,4.6,0,3.52381,-0.0451251,-1.05e-07
1.7,4.7,0,3.51234,-0.0414191,-1.1e-07
1.7,4.8,0,3.51764,-0.0366621,-9.18875e-08
1.7,4.9,0,3.52091,-0.0312813,-1.20662e-07
1.7,5,0,3.52176,-0.0265643,-9.29062e-08
1.7,5.1,0,3.53535,-0.0171633,-2.75e-08
1.7,5.2,0,3.53826,-0.0103075,3.5e-08
1.7,5.3,0,3.53933,-0.00317759,8.5e-08
1.7,5.4,0,3.54011,0.00421033,8.25e-08
1.7,5.5,0,3.54028,0.0117288,6.25e-08
1.7,5.6,0,3.54039,0.0192855,6e-08
1.7,5.7,0,3.54007,0.0266995,7e-08
1.7,5.8,0,3.53985,0.034152,1e-07
1.7,5.9,0,3.53889,0.0411557,1.2e-07
1.7,6,0,3.52878,0.052173,1.71067e-07
1.7,6.1,0,3.5269,0.0579307,2.24768e-07
1.7,6.2,0,3.52503,0.0636884,2.78469e-07
1.7,6.3,0,3.52414,0.0685933,3.01858e-07
1.7,6.4,0,3.52983,0.0711614,2.70522e-07
1.7,6.5,0,3.53794,0.0734469,2.44403e-07
1.7,6.6,0,3.54604,0.0757325,2.18284e-07
1.7,6.7,0,3.54483,0.0787915,1.56306e-07
1.7,6.8,0,3.55049,0.0794433,1.43993e-07
1.7,6.9,0,3.55615,0.080095,1.31679e-07
1.7,7,0,3.55761,0.0820977,1.13119e-07
1.7,7.1,0,3.56033,0.0813184,1.65172e-07
1.7,7.2,0,3.56325,0.0803491,2.21142e-07
1.7,7.3,0,3.56571,0.0803352,2.6603e-07
1.7,7.4,0,3.56741,0.0805804,2.54761e-07
1.7,7.5,0,3.5694,0.079276,2.2603e-07
1.7,7.6,0,3.5714,0.0779716,1.97299e-07
1.7,7.7,0,3.57304,0.0784897,1.68433e-07
1.7,7.8,0,3.57469,0.0771949,1.72164e-07
1.7,7.9,0,3.57635,0.0759,1.75896e-07
1.7,8,0,3.57786,0.0755013,2.24291e-07
1.7,8.1,0,3.57927,0.0741809,2.62724e-07
1.7,8.2,0,3.58069,0.072683,2.96306e-07
1.7,8.3,0,3.58204,0.0713816,3.27425e-07
1.7,8.4,0,3.58317,0.0701256,3.375e-07
1.7,8.5,0,3.58432,0.0683363,3.375e-07
1.7,8.6,0,3.58547,0.066547,3.375e-07
1.7,8.7,0,3.58638,0.0650554,3.00224e-07
1.7,8.8,0,3.58728,0.0629651,3.26343e-07
1.7,8.9,0,3.58817,0.0608748,3.52463e-07
1.7,9,0,3.58895,0.058986,3.57239e-07
1.7,9.1,0,3.58964,0.056745,3.89888e-07
1.7,9.2,0,3.59032,0.0544088,4.30933e-07
1.7,9.3,0,3.59098,0.0521277,4.65e-07
1.7,9.4,0,3.59152,0.049861,4.55672e-07
1.7,9.5,0,3.59206,0.0473409,4.37015e-07
1.7,9.6,0,3.59261,0.0448207,4.18358e-07
1.7,9.7,0,3.59307,0.0424675,4.27836e-07
1.7,9.8,0,3.59354,0.0397944,4.80075e-07
1.7,9.9,0,3.59402,0.0371214,5.32313e-07
1.7,10,0,3.59446,0.034569,5.3194e-07
1.7,10.1,0,3.59492,0.0319089,5.97612e-07
1.7,10.2,0,3.59539,0.0291879,6.94627e-07
1.7,10.3,0,3.59586,0.0264932,7.73284e-07
1.7,10.4,0,3.59634,0.0237653,7.29067e-07
1.7,10.5,0,3.59692,0.0207607,6.99216e-07
1.7,10.6,0,3.5975,0.0177561,6.69366e-07
1.7,10.7,0,3.59805,0.0148989,7.09403e-07
1.7,10.8,0,3.59884,0.0120295,6.53433e-07
1.7,10.9,0,3.59963,0.00916015,5.97463e-07
1.7,11,0,3.60039,0.00635582,6.01045e-07
1.7,11.1,0,3.60141,0.00317506,5.80522e-07
1.7,11.2,0,3.60254,-0.000161129,5.24552e-07
1.7,11.3,0,3.60367,-0.00348866,4.71194e-07
1.7,11.4,0,3.6051,-0.00662103,4.94328e-07
1.7,11.5,0,3.60709,-0.00963302,5.80149e-07
1.7,11.6,0,3.60908,-0.012645,6.6597e-07
1.7,11.7,0,3.61102,-0.0156158,7.10784e-07
1.7,11.8,0,3.61239,-0.0192846,8.26455e-07
1.7,11.9,0,3.61377,-0.0229534,9.42127e-07
1.7,12,0,3.61524,-0.0266585,1.0081e-06
1.7,12.1,0,3.59225,-0.0292053,8.92276e-07
1.7,12.2,0,3.5587,-0.0312294,7.34813e-07
1.7,12.3,0,3.52527,-0.0332555,5.80873e-07
1.7,12.4,0,3.13929,-0.0310064,5.12291e-07
1.7,12.5,0,2.0887,-0.020633,2.81694e-07
1.7,12.6,0,1.03812,-0.0102597,5.1097e-08
1.7,12.7,0,0,0,0
1.8,0,0,0,0,0
1.8,0.1,0,1.38167,0.0196947,9.25e-09
1.8,0.2,0,2.75757,0.0386271,-1.0075e-07
1.8,0.3,0,3.49522,0.0473909,-1.9475e-07
1.8,0.4,0,3.57965,0.0460059,-2.2975e-07
1.8,0.5,0,3.66408,0.0446208,-2.6475e-07
1.8,0.6,0,3.66454,0.0393422,-2.3275e-07
1.8,0.7,0,3.66429,0.034347,-1.5775e-07
1.8,0.8,0,3.66192,0.0294474,-9.325e-08
1.8,0.9,0,3.65759,0.0251909,-7.825e-08
1.8,1,0,3.65326,0.0209345,-6.325e-08
1.8,1.1,0,3.65001,0.0158131,-4.8e-08
1.8,1.2,0,3.64695,0.0108754,-3.3e-08
1.8,1.3,0,3.64406,0.00619508,-5.275e-08
1.8,1.4,0,3.64167,0.00211916,-3.775e-08
1.8,1.5,0,3.63928,-0.00195677,-2.275e-08
1.8,1.6,0,3.63709,-0.00613388,-9.25e-09
1.8,1.7,0,3.63507,-0.0101297,-3.925e-08
1.8,1.8,0,3.633,-0.0140402,-4.725e-08
1.8,1.9,0,3.6312,-0.0175009,1.775e-08
1.8,2,0,3.6294,-0.0209616,8.275e-08
1.8,2.1,0,3.62748,-0.0242831,5e-08
1.8,2.2,0,3.62574,-0.0274234,6.5e-08
1.8,2.3,0,3.62381,-0.0305018,1.115e-07
1.8,2.4,0,3.62205,-0.0332327,1.065e-07
1.8,2.5,0,3.62029,-0.0359635,1.015e-07
1.8,2.6,0,3.61825,-0.0383316,1.0725e-07
1.8,2.7,0,3.61641,-0.0406671,1.3225e-07
1.8,2.8,0,3.61428,-0.0426044,1.4575e-07
1.8,2.9,0,3.61235,-0.0446033,5.575e-08
1.8,3,0,3.61042,-0.0466022,-3.425e-08
1.8,3.1,0,3.60811,-0.0476501,-1.35e-08
1.8,3.2,0,3.60612,-0.0494406,-3.85e-08
1.8,3.3,0,3.60374,-0.0496423,-5.75e-08
1.8,3.4,0,3.60175,-0.051413,-5e-08
1.8,3.5,0,3.59977,-0.0531838,-4.25e-08
1.8,3.6,0,3.59738,-0.0523712,-5.7e-08
1.8,3.7,0,3.59537,-0.0541261,-8.7e-08
1.8,3.8,0,3.59321,-0.0521702,-1.0925e-07
1.8,3.9,0,3.59051,-0.0537399,-9.675e-08
1.8,4,0,3.5878,-0.0553096,-8.425e-08
1.8,4.1,0,3.5849,-0.0520322,-9.25e-08
1.8,4.2,0,3.58018,-0.0523672,-6.75e-08
1.8,4.3,0,3.57902,-0.0498338,-8.05e-08
1.8,4.4,0,3.56964,-0.0474154,-4.05e-08
1.8,4.5,0,3.56027,-0.0449971,-5e-10
1.8,4.6,0,3.55711,-0.0419334,-4.525e-08
1.8,4.7,0,3.54564,-0.0382274,-5.025e-08
1.8,4.8,0,3.53768,-0.0366134,-8.46838e-08
1.8,4.9,0,3.54095,-0.0312325,-1.13459e-07
1.8,5,0,3.54422,-0.0258517,-1.42234e-07
1.8,5.1,0,3.55665,-0.0172981,-9.85e-08
1.8,5.2,0,3.55887,-0.0106433,-4.575e-08
1.8,5.3,0,3.55945,-0.00346569,3.75e-09
1.8,5.4,0,3.55987,0.00416591,5.25e-09
1.8,5.5,0,3.55992,0.0119968,-2e-08
1.8,5.6,0,3.56002,0.0198854,-1.95e-08
1.8,5.7,0,3.5599,0.0276095,-2.5e-09
1.8,5.8,0,3.55998,0.0352249,2.4e-08
1.8,5.9,0,3.55944,0.0422737,4.2e-08
1.8,6,0,3.55046,0.0524921,9.95758e-08
1.8,6.1,0,3.55296,0.0542245,1.42803e-07
1.8,6.2,0,3.55109,0.0599822,1.96504e-07
1.8,6.3,0,3.54922,0.0657399,2.50205e-07
1.8,6.4,0,3.54698,0.0707056,2.73123e-07
1.8,6.5,0,3.55487,0.0730363,2.47653e-07
1.8,6.6,0,3.56297,0.0753218,2.21534e-07
1.8,6.7,0,3.56864,0.0787499,2.01235e-07
1.8,6.8,0,3.57218,0.0814152,1.90993e-07
1.8,6.9,0,3.57784,0.0820669,1.78679e-07
1.8,7,0,3.5835,0.0827187,1.66366e-07
1.8,7.1,0,3.58586,0.0857699,2.06672e-07
1.8,7.2,0,3.58878,0.0848006,2.62642e-07
1.8,7.3,0,3.59169,0.0838313,3.18612e-07
1.8,7.4,0,3.59419,0.0849175,3.13239e-07
1.8,7.5,0,3.59619,0.0838764,2.8328e-07
1.8,7.6,0,3.59819,0.082572,2.54549e-07
1.8,7.7,0,3.60021,0.0816711,2.35519e-07
1.8,7.8,0,3.60206,0.0810501,2.41914e-07
1.8,7.9,0,3.60371,0.0797552,2.45646e-07
1.8,8,0,3.60536,0.0784604,2.49377e-07
1.8,8.1,0,3.60704,0.0772703,2.58224e-07
1.8,8.2,0,3.60846,0.0757723,2.91806e-07
1.8,8.3,0,3.60988,0.0742744,3.25388e-07
1.8,8.4,0,3.61129,0.0725457,3.11153e-07
1.8,8.5,0,3.61247,0.070741,3.0475e-07
1.8,8.6,0,3.61362,0.0689516,3.0475e-07
1.8,8.7,0,3.61475,0.0670409,3.13705e-07
1.8,8.8,0,3.61573,0.0648068,3.48593e-07
1.8,8.9,0,3.61662,0.0627165,3.74713e-07
1.8,9,0,3.61752,0.0606262,4.00832e-07
1.8,9.1,0,3.61832,0.058105,3.82638e-07
1.8,9.2,0,3.619,0.0557689,4.23683e-07
1.8,9.3,0,3.61969,0.0534328,4.64728e-07
1.8,9.4,0,3.62035,0.0508542,4.2928e-07
1.8,9.5,0,3.6209,0.0482828,3.94765e-07
1.8,9.6,0,3.62145,0.0457627,3.76108e-07
1.8,9.7,0,3.62199,0.0431803,3.62769e-07
1.8,9.8,0,3.6225,0.0403708,3.96575e-07
1.8,9.9,0,3.62298,0.0376978,4.48813e-07
1.8,10,0,3.62346,0.0350247,5.01052e-07
1.8,10.1,0,3.62397,0.0321687,5.45112e-07
1.8,10.2,0,3.62444,0.0294477,6.42127e-07
1.8,10.3,0,3.62492,0.0267267,7.39142e-07
1.8,10.4,0,3.62547,0.0237936,7.4834e-07
1.8,10.5,0,3.62606,0.0207477,7.03466e-07
1.8,10.6,0,3.62664,0.0177431,6.73616e-07
1.8,10.7,0,3.62725,0.0147379,6.48019e-07
1.8,10.8,0,3.62808,0.0117877,6.31183e-07
1.8,10.9,0,3.62887,0.00891834,5.75213e-07
1.8,11,0,3.62966,0.00604897,5.19243e-07
1.8,11.1,0,3.63079,0.00273496,5.43022e-07
1.8,11.2,0,3.63192,-0.000601222,4.87052e-07
1.8,11.3,0,3.63305,-0.00393741,4.31082e-07
1.8,11.4,0,3.63456,-0.00720474,3.6347e-07
1.8,11.5,0,3.63657,-0.0102578,4.03149e-07
1.8,11.6,0,3.63856,-0.0132698,4.8897e-07
1.8,11.7,0,3.6405,-0.0163235,5.67403e-07
1.8,11.8,0,3.64171,-0.0201024,5.72955e-07
1.8,11.9,0,3.64309,-0.0237712,6.88627e-07
1.8,12,0,3.64446,-0.02744,8.04299e-07
1.8,12.1,0,3.61721,-0.0299972,8.47276e-07
1.8,12.2,0,3.58367,-0.0320212,6.89813e-07
1.8,12.3,0,3.55012,-0.0340453,5.32351e-07
1.8,12.4,0,3.15598,-0.0314114,5.28209e-07
1.8,12.5,0,2.10117,-0.0207467,4.61194e-07
1.8,12.6,0,1.05058,-0.0103733,2.30597e-07
1.8,12.7,0,0,0,0
1.9,0,0,0,0,0
1.9,0.1,0,1.38743,0.020457,1.285e-07
1.9,0.2,0,2.7691,0.0401516,1.3775e-07
1.9,0.3,0,3.50676,0.0489155,4.375e-08
1.9,0.4,0,3.60617,0.0475108,-3.425e-08
1.9,0.5,0,3.6906,0.0461257,-6.925e-08
1.9,0.6,0,3.69178,0.0405637,-8.025e-08
1.9,0.7,0,3.69225,0.035285,-4.825e-08
1.9,0.8,0,3.68988,0.0303854,1.625e-08
1.9,0.9,0,3.68538,0.0255813,7.025e-08
1.9,1,0,3.68105,0.0213248,8.525e-08
1.9,1.1,0,3.67763,0.0160199,1.0075e-07
1.9,1.2,0,3.67439,0.0108985,1.16e-07
1.9,1.3,0,3.6715,0.00621824,9.625e-08
1.9,1.4,0,3.66879,0.00179542,4.175e-08
1.9,1.5,0,3.66639,-0.00228051,5.675e-08
1.9,1.6,0,3.66405,-0.00663889,1.1375e-07
1.9,1.7,0,3.66187,-0.010816,1.2725e-07
1.9,1.8,0,3.65979,-0.0147265,1.1925e-07
1.9,1.9,0,3.65766,-0.0185517,1.3325e-07
1.9,2,0,3.65586,-0.0220124,1.9825e-07
1.9,2.1,0,3.65377,-0.0255152,1.1775e-07
1.9,2.2,0,3.65186,-0.0288367,8.5e-08
1.9,2.3,0,3.64992,-0.0319151,1.315e-07
1.9,2.4,0,3.64779,-0.0349317,2.095e-07
1.9,2.5,0,3.64603,-0.0376625,2.045e-07
1.9,2.6,0,3.64377,-0.0400632,1.91e-07
1.9,2.7,0,3.64173,-0.0424313,1.9675e-07
1.9,2.8,0,3.6396,-0.0443687,2.1025e-07
1.9,2.9,0,3.63717,-0.0459079,2.1225e-07
1.9,3,0,3.63524,-0.0479067,1.2225e-07
1.9,3.1,0,3.63262,-0.0482122,1.8875e-07
1.9,3.2,0,3.63031,-0.0492602,2.095e-07
1.9,3.3,0,3.62793,-0.0494619,1.905e-07
1.9,3.4,0,3.62515,-0.0480748,1.775e-07
1.9,3.5,0,3.62317,-0.0498455,1.85e-07
1.9,3.6,0,3.6204,-0.0464654,1.86e-07
1.9,3.7,0,3.61801,-0.0456528,1.715e-07
1.9,3.8,0,3.61585,-0.043697,1.4925e-07
1.9,3.9,0,3.61355,-0.0380303,1.3475e-07
1.9,4,0,3.61084,-0.0396,1.4725e-07
1.9,4.1,0,3.60974,-0.0327101,1.0575e-07
1.9,4.2,0,3.60684,-0.0294327,9.75e-08
1.9,4.3,0,3.60567,-0.0268993,8.45e-08
1.9,4.4,0,3.60805,-0.0214976,3.35e-08
1.9,4.5,0,3.59868,-0.0190792,7.35e-08
1.9,4.6,0,3.60384,-0.0166578,-1.1e-08
1.9,4.7,0,3.60069,-0.0135941,-5.575e-08
1.9,4.8,0,3.59273,-0.01198,-9.01838e-08
1.9,4.9,0,3.58829,-0.0124579,-1.54051e-07
1.9,5,0,3.59156,-0.00707711,-1.82826e-07
1.9,5.1,0,3.5873,-0.00379066,-1.705e-07
1.9,5.2,0,3.58302,-0.000618115,-1.6225e-07
1.9,5.3,0,3.57978,0.00357247,-1.3875e-07
1.9,5.4,0,3.57753,0.00854427,-1.3425e-07
1.9,5.5,0,3.57655,0.0138243,-1.6e-07
1.9,5.6,0,3.57658,0.0191792,-1.585e-07
1.9,5.7,0,3.57784,0.0243882,-1.325e-07
1.9,5.8,0,3.58004,0.0290956,-1.03e-07
1.9,5.9,0,3.58336,0.0330561,-7.4e-08
1.9,6,0,3.58839,0.0365873,-4.14767e-08
1.9,6.1,0,3.59305,0.0363371,-3.40826e-09
1.9,6.2,0,3.59771,0.036087,3.46602e-08
1.9,6.3,0,3.5959,0.0417846,8.82047e-08
1.9,6.4,0,3.59366,0.0467503,1.11123e-07
1.9,6.5,0,3.59122,0.0512896,1.17466e-07
1.9,6.6,0,3.59553,0.0543865,1.03034e-07
1.9,6.7,0,3.60119,0.0578146,8.27351e-08
1.9,6.8,0,3.60114,0.0639085,7.60187e-08
1.9,6.9,0,3.60275,0.0684241,6.76791e-08
1.9,7,0,3.60841,0.0690758,5.53657e-08
1.9,7.1,0,3.61048,0.0737734,9.05522e-08
1.9,7.2,0,3.61236,0.0786839,1.28239e-07
1.9,7.3,0,3.61522,0.0780674,1.83112e-07
1.9,7.4,0,3.61771,0.0791536,1.77739e-07
1.9,7.5,0,3.61992,0.0816102,1.3147e-07
1.9,7.6,0,3.622,0.0818478,9.55485e-08
1.9,7.7,0,3.62403,0.0809469,7.65187e-08
1.9,7.8,0,3.62614,0.0812564,8.65933e-08
1.9,7.9,0,3.62815,0.0811809,9.51455e-08
1.9,8,0,3.6298,0.0798861,9.88769e-08
1.9,8.1,0,3.63156,0.0787946,1.00257e-07
1.9,8.2,0,3.63334,0.0777258,1.01377e-07
1.9,8.3,0,3.63479,0.076275,1.31388e-07
1.9,8.4,0,3.6362,0.0745463,1.17153e-07
1.9,8.5,0,3.63761,0.0726288,6.37948e-08
1.9,8.6,0,3.63888,0.0707805,3.925e-08
1.9,8.7,0,3.64001,0.0688698,4.82052e-08
1.9,8.8,0,3.64109,0.0664735,9.29813e-08
1.9,8.9,0,3.64213,0.0641354,1.34213e-07
1.9,9,0,3.64302,0.0620451,1.60332e-07
1.9,9.1,0,3.64385,0.0594643,1.26825e-07
1.9,9.2,0,3.64466,0.0567971,8.27948e-08
1.9,9.3,0,3.64537,0.054408,1.10228e-07
1.9,9.4,0,3.64602,0.0518293,7.47799e-08
1.9,9.5,0,3.64665,0.0490081,-3.71604e-08
1.9,9.6,0,3.64724,0.0463345,-1.03392e-07
1.9,9.7,0,3.64778,0.043752,-1.16731e-07
1.9,9.8,0,3.64832,0.0408166,-9.99403e-08
1.9,9.9,0,3.64885,0.037918,-7.81866e-08
1.9,10,0,3.64933,0.0352449,-2.59478e-08
1.9,10.1,0,3.64985,0.0323609,9.57463e-09
1.9,10.2,0,3.65039,0.0294242,4.09179e-08
1.9,10.3,0,3.65087,0.0266579,1.24142e-07
1.9,10.4,0,3.65142,0.0237248,1.3334e-07
1.9,10.5,0,3.65207,0.0205325,3.52052e-08
1.9,10.6,0,3.65268,0.0174227,-3.28843e-08
1.9,10.7,0,3.65329,0.0144175,-5.84813e-08
1.9,10.8,0,3.65416,0.0114064,-4.57948e-08
1.9,10.9,0,3.65502,0.00840807,-3.92873e-08
1.9,11,0,3.65581,0.0055387,-9.52575e-08
1.9,11.1,0,3.65695,0.0022134,-6.19552e-08
1.9,11.2,0,3.6582,-0.00126387,1.10448e-09
1.9,11.3,0,3.65936,-0.00463674,-2.39179e-08
1.9,11.4,0,3.66087,-0.00790407,-9.15299e-08
1.9,11.5,0,3.66294,-0.0110681,-1.76604e-07
1.9,11.6,0,3.66498,-0.0141729,-1.9503e-07
1.9,11.7,0,3.66693,-0.0172266,-1.16597e-07
1.9,11.8,0,3.66804,-0.021073,-1.78537e-07
1.9,11.9,0,3.66917,-0.0249123,-2.33373e-07
1.9,12,0,3.67054,-0.0285811,-1.17701e-07
1.9,12.1,0,3.6431,-0.03114,-6.94179e-08
1.9,12.2,0,3.60332,-0.0332233,-5.00149e-08
1.9,12.3,0,3.56784,-0.0352657,-1.52649e-07
1.9,12.4,0,3.1737,-0.0326319,-1.56791e-07
1.9,12.5,0,2.1099,-0.0213478,1.23806e-07
1.9,12.6,0,1.05058,-0.0103733,2.30597e-07
1.9,12.7,0,0,0,0
2,0,0,0,0,0
2,0.1,0,1.38743,0.020457,1.285e-07
2,0.2,0,2.77487,0.0409139,2.57e-07
2,0.3,0,3.51829,0.05044,2.8225e-07
2,0.4,0,3.6177,0.0490354,2.0425e-07
2,0.5,0,3.71712,0.0476307,1.2625e-07
2,0.6,0,3.7183,0.0420686,1.1525e-07
2,0.7,0,3.71949,0.0365065,1.0425e-07
2,0.8,0,3.71784,0.0313234,1.2575e-07
2,0.9,0,3.71334,0.0265193,1.7975e-07
2,1,0,3.70884,0.0217151,2.3375e-07
2,1.1,0,3.70542,0.0164102,2.4925e-07
2,1.2,0,3.702,0.0111053,2.6475e-07
2,1.3,0,3.69893,0.00624139,2.4525e-07
2,1.4,0,3.69622,0.00181857,1.9075e-07
2,1.5,0,3.69351,-0.00260425,1.3625e-07
2,1.6,0,3.69117,-0.00696263,1.9325e-07
2,1.7,0,3.68882,-0.011321,2.5025e-07
2,1.8,0,3.68659,-0.0154128,2.8575e-07
2,1.9,0,3.68446,-0.019238,2.9975e-07
2,2,0,3.68233,-0.0230633,3.1375e-07
2,2.1,0,3.68024,-0.0265661,2.3325e-07
2,2.2,0,3.67815,-0.0300689,1.5275e-07
2,2.3,0,3.67604,-0.0333285,1.515e-07
2,2.4,0,3.6739,-0.036345,2.295e-07
2,2.5,0,3.67177,-0.0393615,3.075e-07
2,2.6,0,3.66951,-0.0417622,2.94e-07
2,2.7,0,3.66726,-0.0441629,2.805e-07
2,2.8,0,3.66491,-0.0461329,2.7475e-07
2,2.9,0,3.66248,-0.0476721,2.7675e-07
2,3,0,3.66005,-0.0492113,2.7875e-07
2,3.1,0,3.65743,-0.0495168,3.4525e-07
2,3.2,0,3.65482,-0.0498223,4.1175e-07
2,3.3,0,3.65212,-0.0492814,4.385e-07
2,3.4,0,3.64934,-0.0478944,4.255e-07
2,3.5,0,3.64657,-0.0465073,4.125e-07
2,3.6,0,3.6438,-0.0431272,4.135e-07
2,3.7,0,3.64103,-0.0397471,4.145e-07
2,3.8,0,3.6385,-0.0352237,4.0775e-07
2,3.9,0,3.63619,-0.029557,3.9325e-07
2,4,0,3.63388,-0.0238903,3.7875e-07
2,4.1,0,3.63278,-0.0170005,3.3725e-07
2,4.2,0,3.63168,-0.0101107,2.9575e-07
2,4.3,0,3.63232,-0.00396488,2.495e-07
2,4.4,0,3.63471,0.00143686,1.985e-07
2,4.5,0,3.63709,0.0068386,1.475e-07
2,4.6,0,3.64225,0.00926005,6.3e-08
2,4.7,0,3.64742,0.0116815,-2.15e-08
2,4.8,0,3.64778,0.0126533,-9.56838e-08
2,4.9,0,3.64334,0.0121754,-1.59551e-07
2,5,0,3.6389,0.0116975,-2.23419e-07
2,5.1,0,3.61795,0.00971675,-2.425e-07
2,5.2,0,3.60718,0.00940708,-2.7875e-07
2,5.3,0,3.60011,0.0106106,-2.8125e-07
2,5.4,0,3.59518,0.0129226,-2.7375e-07
2,5.5,0,3.59317,0.0156517,-3e-07
2,5.6,0,3.59314,0.0184731,-2.975e-07
2,5.7,0,3.59578,0.021167,-2.625e-07
2,5.8,0,3.6001,0.0229664,-2.3e-07
2,5.9,0,3.60728,0.0238384,-1.9e-07
2,6,0,3.62632,0.0206824,-1.82529e-07
2,6.1,0,3.63098,0.0204323,-1.44461e-07
2,6.2,0,3.63564,0.0201822,-1.06392e-07
2,6.3,0,3.64029,0.019932,-6.83239e-08
2,6.4,0,3.64034,0.022795,-5.08769e-08
2,6.5,0,3.6379,0.0273343,-4.45336e-08
2,6.6,0,3.63546,0.0318736,-3.81903e-08
2,6.7,0,3.63374,0.0368793,-3.57649e-08
2,6.8,0,3.63369,0.0429731,-4.24813e-08
2,6.9,0,3.63365,0.049067,-4.91978e-08
2,7,0,3.6336,0.0551609,-5.59142e-08
2,7.1,0,3.63539,0.0601306,-2.04478e-08
2,7.2,0,3.63727,0.0650411,1.72388e-08
2,7.3,0,3.63915,0.0699516,5.49254e-08
2,7.4,0,3.64123,0.0733897,4.22388e-08
2,7.5,0,3.64344,0.0758463,-4.02985e-09
2,7.6,0,3.64565,0.0783029,-5.02985e-08
2,7.7,0,3.64784,0.0802227,-8.24813e-08
2,7.8,0,3.64996,0.0805322,-7.24067e-08
2,7.9,0,3.65207,0.0808418,-6.23321e-08
2,8,0,3.65419,0.0811513,-5.22575e-08
2,8.1,0,3.656,0.0802203,-5.02425e-08
2,8.2,0,3.65777,0.0791514,-4.91231e-08
2,8.3,0,3.65955,0.0780826,-4.80037e-08
2,8.4,0,3.66112,0.076547,-7.6847e-08
2,8.5,0,3.66253,0.0746294,-1.30205e-07
2,8.6,0,3.66393,0.0727119,-1.83563e-07
2,8.7,0,3.66527,0.0706986,-2.17295e-07
2,8.8,0,3.66635,0.0683024,-1.72519e-07
2,8.9,0,3.66743,0.0659061,-1.27743e-07
2,9,0,3.6685,0.0635099,-8.29664e-08
2,9.1,0,3.66936,0.0608833,-1.13675e-07
2,9.2,0,3.67017,0.058216,-1.57705e-07
2,9.3,0,3.67098,0.0555487,-2.01735e-07
2,9.4,0,3.6717,0.0528045,-2.7972e-07
2,9.5,0,3.67233,0.0499833,-3.9166e-07
2,9.6,0,3.67296,0.0471621,-5.03601e-07
2,9.7,0,3.67357,0.0443238,-5.96231e-07
2,9.8,0,3.67411,0.0413884,-5.7944e-07
2,9.9,0,3.67466,0.038453,-5.62649e-07
2,10,0,3.6752,0.0355177,-5.45858e-07
2,10.1,0,3.67573,0.0325812,-5.17425e-07
2,10.2,0,3.67627,0.0296444,-4.86082e-07
2,10.3,0,3.6768,0.0267077,-4.54739e-07
2,10.4,0,3.67738,0.0236559,-4.8166e-07
2,10.5,0,3.67802,0.0204636,-5.79795e-07
2,10.6,0,3.67867,0.0172713,-6.77929e-07
2,10.7,0,3.67933,0.0140971,-7.64981e-07
2,10.8,0,3.6802,0.011086,-7.52295e-07
2,10.9,0,3.68107,0.00807495,-7.39608e-07
2,11,0,3.68194,0.00506386,-7.26922e-07
2,11.1,0,3.6831,0.00170313,-6.76455e-07
2,11.2,0,3.68435,-0.00177415,-6.13396e-07
2,11.3,0,3.6856,-0.00525142,-5.50336e-07
2,11.4,0,3.68718,-0.0086034,-5.4653e-07
2,11.5,0,3.68925,-0.0117674,-6.31604e-07
2,11.6,0,3.69133,-0.0149315,-7.16679e-07
2,11.7,0,3.69336,-0.0181297,-8.00597e-07
2,11.8,0,3.69447,-0.0219761,-8.62537e-07
2,11.9,0,3.69558,-0.0258225,-9.24478e-07
2,12,0,3.6967,-0.0296689,-9.86418e-07
2,12.1,0,3.66918,-0.0322811,-9.91418e-07
2,12.2,0,3.6294,-0.0343644,-9.72015e-07
2,12.3,0,3.58961,-0.0364476,-9.52612e-07
2,12.4,0,3.19142,-0.0338523,-8.41791e-07
2,12.5,0,2.12761,-0.0225682,-5.61194e-07
2,12.6,0,1.06381,-0.0112841,-2.80597e-07
2,12.7,0,0,0,0
2.1,0,0,0,0,0
2.1,0.1,0,1.3895,0.0217342,7.75e-08
2.1,0.2,0,2.77694,0.0421912,2.06e-07
2.1,0.3,0,3.52864,0.0517092,2.555e-07
2.1,0.4,0,3.63632,0.0502964,2.0175e-07
2.1,0.5,0,3.73574,0.0488917,1.2375e-07
2.1,0.6,0,3.73846,0.0425339,1.0925e-07
2.1,0.7,0,3.73965,0.0369719,9.825e-08
2.1,0.8,0,3.73778,0.0314985,8.8e-08
2.1,0.9,0,3.73306,0.0264041,1.1025e-07
2.1,1,0,3.72856,0.0216,1.6425e-07
2.1,1.1,0,3.72462,0.0157872,1.0075e-07
2.1,1.2,0,3.7212,0.0104823,1.1625e-07
2.1,1.3,0,3.71793,0.00538062,1.1425e-07
2.1,1.4,0,3.71503,0.000719988,7.725e-08
2.1,1.5,0,3.71232,-0.00370283,2.275e-08
2.1,1.6,0,3.70961,-0.00857261,2.625e-08
2.1,1.7,0,3.70727,-0.012931,8.325e-08
2.1,1.8,0,3.70485,-0.0172791,8.675e-08
2.1,1.9,0,3.70253,-0.0213607,6.875e-08
2.1,2,0,3.7004,-0.0251859,8.275e-08
2.1,2.1,0,3.69791,-0.029248,1.1375e-07
2.1,2.2,0,3.69582,-0.0327508,3.325e-08
2.1,2.3,0,3.69345,-0.0363331,-2.25e-09
2.1,2.4,0,3.69106,-0.0396722,4.15e-08
2.1,2.5,0,3.68892,-0.0426887,1.195e-07
2.1,2.6,0,3.68596,-0.0459762,1.12e-07
2.1,2.7,0,3.68371,-0.0483769,9.85e-08
2.1,2.8,0,3.68088,-0.0510822,1.2725e-07
2.1,2.9,0,3.67796,-0.0533567,1.6375e-07
2.1,3,0,3.67553,-0.054896,1.6575e-07
2.1,3.1,0,3.67156,-0.0578928,2.0875e-07
2.1,3.2,0,3.66894,-0.0581983,2.7525e-07
2.1,3.3,0,3.66534,-0.0600547,3.1375e-07
2.1,3.4,0,3.66165,-0.0610648,3.125e-07
2.1,3.5,0,3.65888,-0.0596777,2.995e-07
2.1,3.6,0,3.65353,-0.0638731,3.175e-07
2.1,3.7,0,3.65076,-0.060493,3.185e-07
2.1,3.8,0,3.64615,-0.0614066,3.06e-07
2.1,3.9,0,3.64176,-0.0611769,2.8575e-07
2.1,4,0,3.63945,-0.0555102,2.7125e-07
2.1,4.1,0,3.63157,-0.0587717,2.4975e-07
2.1,4.2,0,3.63047,-0.0518819,2.0825e-07
2.1,4.3,0,3.62505,-0.0472754,1.925e-07
2.1,4.4,0,3.62137,-0.0434131,1.72e-07
2.1,4.5,0,3.62375,-0.0380113,1.21e-07
2.1,4.6,0,3.61682,-0.0282546,1.495e-07
2.1,4.7,0,3.62198,-0.0258332,6.5e-08
2.1,4.8,0,3.6293,-0.0176946,3.33569e-08
2.1,4.9,0,3.63182,-0.0110056,1.203e-08
2.1,5,0,3.62738,-0.0114835,-5.18375e-08
2.1,5.1,0,3.6225,-0.0057917,-7.05e-08
2.1,5.2,0,3.614,-0.00211392,-1.0075e-07
2.1,5.3,0,3.60856,0.00294266,-1.1175e-07
2.1,5.4,0,3.60511,0.00870905,-1.0025e-07
2.1,5.5,0,3.60339,0.0147246,-1.15e-07
2.1,5.6,0,3.60356,0.020791,-1.1e-07
2.1,5.7,0,3.60544,0.0266892,-7.1e-08
2.1,5.8,0,3.60914,0.0321943,-4e-08
2.1,5.9,0,3.61607,0.0364283,-4.4e-08
2.1,6,0,3.62294,0.0420292,-1.24798e-07
2.1,6.1,0,3.6173,0.0543965,-2.00335e-07
2.1,6.2,0,3.61846,0.0584363,-2.00892e-07
2.1,6.3,0,3.62312,0.0581861,-1.62824e-07
2.1,6.4,0,3.62839,0.0616147,-1.49257e-07
2.1,6.5,0,3.63149,0.0667543,-1.47034e-07
2.1,6.6,0,3.62905,0.0712936,-1.4069e-07
2.1,6.7,0,3.62972,0.0740926,-1.35243e-07
2.1,6.8,0,3.63762,0.0728309,-1.31884e-07
2.1,6.9,0,3.6379,0.0786306,-1.38198e-07
2.1,7,0,3.63785,0.0847244,-1.44914e-07
2.1,7.1,0,3.64361,0.0819202,-2.05866e-07
2.1,7.2,0,3.64712,0.0836393,-2.07761e-07
2.1,7.3,0,3.649,0.0885498,-1.70075e-07
2.1,7.4,0,3.65252,0.0885319,-1.49851e-07
2.1,7.5,0,3.6565,0.086726,-1.5553e-07
2.1,7.6,0,3.65871,0.0891825,-2.01799e-07
2.1,7.7,0,3.66125,0.0903848,-2.38646e-07
2.1,7.8,0,3.66474,0.0878243,-2.47228e-07
2.1,7.9,0,3.66698,0.0878755,-2.38832e-07
2.1,8,0,3.66909,0.0881851,-2.28757e-07
2.1,8.1,0,3.67163,0.0859514,-2.7678e-07
2.1,8.2,0,3.67376,0.0842457,-3.00123e-07
2.1,8.3,0,3.67554,0.0831768,-2.99004e-07
2.1,8.4,0,3.67737,0.0811972,-2.80235e-07
2.1,8.5,0,3.67914,0.0786419,-2.65205e-07
2.1,8.6,0,3.68055,0.0767244,-3.18563e-07
2.1,8.7,0,3.68194,0.0745951,-3.61847e-07
2.1,8.8,0,3.68327,0.0716185,-3.64832e-07
2.1,8.9,0,3.68438,0.069141,-3.26743e-07
2.1,9,0,3.68546,0.0667448,-2.81966e-07
2.1,9.1,0,3.68642,0.0637006,-2.60978e-07
2.1,9.2,0,3.6873,0.0607927,-2.75205e-07
2.1,9.3,0,3.68811,0.0581254,-3.19235e-07
2.1,9.4,0,3.68886,0.0551642,-2.90504e-07
2.1,9.5,0,3.68955,0.0519786,-2.2316e-07
2.1,9.6,0,3.69018,0.0491574,-3.35101e-07
2.1,9.7,0,3.6908,0.0462609,-4.40101e-07
2.1,9.8,0,3.69138,0.0429375,-5.05772e-07
2.1,9.9,0,3.69193,0.0399284,-5.04649e-07
2.1,10,0,3.69247,0.0369931,-4.87858e-07
2.1,10.1,0,3.69304,0.0337811,-5.92858e-07
2.1,10.2,0,3.69359,0.0306583,-6.51582e-07
2.1,10.3,0,3.69413,0.0277216,-6.20239e-07
2.1,10.4,0,3.69473,0.0245285,-5.64381e-07
2.1,10.5,0,3.69541,0.0210567,-4.98795e-07
2.1,10.6,0,3.69605,0.0178643,-5.96929e-07
2.1,10.7,0,3.69673,0.0146639,-6.7622e-07
2.1,10.8,0,3.69769,0.0113899,-5.85922e-07
2.1,10.9,0,3.69858,0.00831569,-5.54608e-07
2.1,11,0,3.69945,0.0053046,-5.41922e-07
2.1,11.1,0,3.70072,0.00172799,-5.41269e-07
2.1,11.2,0,3.70206,-0.00191911,-5.17396e-07
2.1,11.3,0,3.70331,-0.00539639,-4.54336e-07
2.1,11.4,0,3.70496,-0.0088599,-4.07694e-07
2.1,11.5,0,3.70721,-0.012286,-3.92104e-07
2.1,11.6,0,3.70928,-0.0154501,-4.77179e-07
2.1,11.7,0,3.7113,-0.018669,-5.57272e-07
2.1,11.8,0,3.71218,-0.0229301,-5.4272e-07
2.1,11.9,0,3.71322,-0.0268967,-5.82478e-07
2.1,12,0,3.71433,-0.0307431,-6.44418e-07
2.1,12.1,0,3.68198,-0.0334831,-6.2147e-07
2.1,12.2,0,3.63777,-0.0356832,-5.76515e-07
2.1,12.3,0,3.59799,-0.0377665,-5.57112e-07
2.1,12.4,0,3.19761,-0.0348267,-5.49593e-07
2.1,12.5,0,2.12761,-0.0225682,-5.61194e-07
2.1,12.6,0,1.06381,-0.0112841,-2.80597e-07
2.1,12.7,0,0,0,0
2.2,0,0,0,0,0
2.2,0.1,0,1.3895,0.0217342,7.75e-08
2.2,0.2,0,2.77901,0.0434684,1.55e-07
2.2,0.3,0,3.5307,0.0529864,2.045e-07
2.2,0.4,0,3.64667,0.0515655,1.75e-07
2.2,0.5,0,3.75436,0.0501527,1.2125e-07
2.2,0.6,0,3.75708,0.0437949,1.0675e-07
2.2,0.7,0,3.7598,0.0374372,9.225e-08
2.2,0.8,0,3.75793,0.0319639,8.2e-08
2.2,0.9,0,3.753,0.0265793,7.25e-08
2.2,1,0,3.74828,0.0214849,9.475e-08
2.2,1.1,0,3.74434,0.0156721,3.125e-08
2.2,1.2,0,3.74039,0.00985933,-3.225e-08
2.2,1.3,0,3.73713,0.00475765,-3.425e-08
2.2,1.4,0,3.73403,-0.000140787,-5.375e-08
2.2,1.5,0,3.73112,-0.00480142,-9.075e-08
2.2,1.6,0,3.72841,-0.00967119,-8.725e-08
2.2,1.7,0,3.72571,-0.014541,-8.375e-08
2.2,1.8,0,3.72329,-0.0188891,-8.025e-08
2.2,1.9,0,3.72079,-0.023227,-1.3025e-07
2.2,2,0,3.71848,-0.0273086,-1.4825e-07
2.2,2.1,0,3.71598,-0.0313707,-1.1725e-07
2.2,2.2,0,3.71349,-0.0354327,-8.625e-08
2.2,2.3,0,3.71112,-0.039015,-1.2175e-07
2.2,2.4,0,3.70846,-0.0426768,-1.1225e-07
2.2,2.5,0,3.70607,-0.0460159,-6.85e-08
2.2,2.6,0,3.70311,-0.0493034,-7.6e-08
2.2,2.7,0,3.70016,-0.0525909,-8.35e-08
2.2,2.8,0,3.69733,-0.0552962,-5.475e-08
2.2,2.9,0,3.69392,-0.058306,1.625e-08
2.2,3,0,3.69101,-0.0605806,5.275e-08
2.2,3.1,0,3.68704,-0.0635775,9.575e-08
2.2,3.2,0,3.68307,-0.0665744,1.3875e-07
2.2,3.3,0,3.67946,-0.0684307,1.7725e-07
2.2,3.4,0,3.67487,-0.0718381,1.8775e-07
2.2,3.5,0,3.67118,-0.0728482,1.865e-07
2.2,3.6,0,3.66584,-0.0770435,2.045e-07
2.2,3.7,0,3.66049,-0.0812389,2.225e-07
2.2,3.8,0,3.65588,-0.0821525,2.1e-07
2.2,3.9,0,3.64941,-0.0873598,1.84e-07
2.2,4,0,3.64502,-0.0871301,1.6375e-07
2.2,4.1,0,3.63714,-0.0903916,1.4225e-07
2.2,4.2,0,3.62926,-0.0936531,1.2075e-07
2.2,4.3,0,3.62383,-0.0890466,1.05e-07
2.2,4.4,0,3.61409,-0.0867237,1.15e-07
2.2,4.5,0,3.61041,-0.0828613,9.45e-08
2.2,4.6,0,3.60348,-0.0731046,1.23e-07
2.2,4.7,0,3.59655,-0.0633479,1.515e-07
2.2,4.8,0,3.60387,-0.0552092,1.19857e-07
2.2,4.9,0,3.61335,-0.0413534,1.41071e-07
2.2,5,0,3.61586,-0.0346645,1.19744e-07
2.2,5.1,0,3.62704,-0.0213002,1.015e-07
2.2,5.2,0,3.62083,-0.0136349,7.725e-08
2.2,5.3,0,3.61701,-0.00472531,5.775e-08
2.2,5.4,0,3.61504,0.00449546,7.325e-08
2.2,5.5,0,3.61362,0.0137976,7e-08
2.2,5.6,0,3.61398,0.023109,7.75e-08
2.2,5.7,0,3.61509,0.0322115,1.205e-07
2.2,5.8,0,3.61818,0.0414221,1.5e-07
2.2,5.9,0,3.62486,0.0490181,1.02e-07
2.2,6,0,3.61956,0.063376,-6.70668e-08
2.2,6.1,0,3.61392,0.0757433,-1.42604e-07
2.2,6.2,0,3.60829,0.0881105,-2.18141e-07
2.2,6.3,0,3.60594,0.0964402,-2.57324e-07
2.2,6.4,0,3.61121,0.0998688,-2.43757e-07
2.2,6.5,0,3.61681,0.105278,-2.43384e-07
2.2,6.6,0,3.6224,0.110687,-2.43011e-07
2.2,6.7,0,3.62331,0.113513,-2.37743e-07
2.2,6.8,0,3.63122,0.112251,-2.34384e-07
2.2,6.9,0,3.63912,0.110989,-2.31026e-07
2.2,7,0,3.6421,0.114288,-2.33914e-07
2.2,7.1,0,3.64785,0.111484,-2.94866e-07
2.2,7.2,0,3.65391,0.108211,-3.58672e-07
2.2,7.3,0,3.65884,0.107148,-3.95075e-07
2.2,7.4,0,3.66236,0.10713,-3.74851e-07
2.2,7.5,0,3.66697,0.103827,-3.66269e-07
2.2,7.6,0,3.67158,0.100523,-3.57687e-07
2.2,7.7,0,3.6743,0.101264,-3.90146e-07
2.2,7.8,0,3.6778,0.098704,-3.98728e-07
2.2,7.9,0,3.68129,0.0961434,-4.0731e-07
2.2,8,0,3.684,0.0952188,-4.05257e-07
2.2,8.1,0,3.68654,0.0929851,-4.5328e-07
2.2,8.2,0,3.68913,0.0904689,-5.07757e-07
2.2,8.3,0,3.69153,0.088271,-5.50004e-07
2.2,8.4,0,3.69336,0.0862914,-5.31235e-07
2.2,8.5,0,3.69523,0.0835666,-4.98026e-07
2.2,8.6,0,3.69711,0.0808419,-4.64817e-07
2.2,8.7,0,3.69856,0.0786076,-4.96847e-07
2.2,8.8,0,3.69989,0.075631,-4.99832e-07
2.2,8.9,0,3.70121,0.0726545,-5.02817e-07
2.2,9,0,3.70241,0.0699797,-4.80966e-07
2.2,9.1,0,3.70338,0.0669355,-4.59978e-07
2.2,9.2,0,3.70432,0.0637771,-4.43187e-07
2.2,9.3,0,3.70524,0.0607021,-4.36735e-07
2.2,9.4,0,3.706,0.0577409,-4.08004e-07
2.2,9.5,0,3.70669,0.0544859,-3.06511e-07
2.2,9.6,0,3.70739,0.0512308,-2.05019e-07
2.2,9.7,0,3.70803,0.0482562,-2.71601e-07
2.2,9.8,0,3.7086,0.0449328,-3.37272e-07
2.2,9.9,0,3.70918,0.0416095,-4.02944e-07
2.2,10,0,3.70974,0.0384685,-4.29858e-07
2.2,10.1,0,3.71031,0.0352565,-5.34858e-07
2.2,10.2,0,3.71088,0.0319753,-6.70306e-07
2.2,10.3,0,3.71145,0.0287355,-7.85739e-07
2.2,10.4,0,3.71206,0.0255424,-7.29881e-07
2.2,10.5,0,3.71274,0.022036,-6.4406e-07
2.2,10.6,0,3.71343,0.0185296,-5.58239e-07
2.2,10.7,0,3.71411,0.0152569,-5.9522e-07
2.2,10.8,0,3.71507,0.0119829,-5.04922e-07
2.2,10.9,0,3.71603,0.00870891,-4.14623e-07
2.2,11,0,3.71695,0.00554534,-3.56922e-07
2.2,11.1,0,3.71822,0.00196873,-3.56269e-07
2.2,11.2,0,3.71963,-0.00179639,-3.59627e-07
2.2,11.3,0,3.72103,-0.00554135,-3.58336e-07
2.2,11.4,0,3.72268,-0.00900487,-3.11694e-07
2.2,11.5,0,3.72493,-0.0124477,-2.89679e-07
2.2,11.6,0,3.72719,-0.0158906,-2.67664e-07
2.2,11.7,0,3.72925,-0.0191876,-3.17772e-07
2.2,11.8,0,3.73013,-0.0234487,-3.0322e-07
2.2,11.9,0,3.73101,-0.0277098,-2.88668e-07
2.2,12,0,3.73197,-0.0318174,-3.02418e-07
2.2,12.1,0,3.69961,-0.0345574,-2.7947e-07
2.2,12.2,0,3.65292,-0.0368232,-2.20142e-07
2.2,12.3,0,3.60636,-0.0390854,-1.61612e-07
2.2,12.4,0,3.20598,-0.0361456,-1.54093e-07
2.2,12.5,0,2.13592,-0.0238772,-1.68646e-07
2.2,12.6,0,1.06587,-0.0116089,-1.83198e-07
2.2,12.7,0,0,0,0
2.3,0,0,0,0,0
2.3,0.1,0,1.38754,0.0213119,1.1105e-07
2.3,0.2,0,2.77704,0.0430461,1.8855e-07
2.3,0.3,0,3.53802,0.0532455,2.4225e-07
2.3,0.4,0,3.65398,0.0518246,2.1275e-07
2.3,0.5,0,3.76995,0.0504036,1.8325e-07
2.3,0.6,0,3.77347,0.043847,1.6875e-07
2.3,0.7,0,3.77619,0.0374893,1.5425e-07
2.3,0.8,0,3.77483,0.0314422,1.0475e-07
2.3,0.9,0,3.76989,0.0260576,9.525e-08
2.3,1,0,3.76496,0.020673,8.575e-08
2.3,1.1,0,3.76074,0.0146009,3.6e-08
2.3,1.2,0,3.7568,0.00878816,-2.75e-08
2.3,1.3,0,3.75307,0.003147,-4.875e-08
2.3,1.4,0,3.74997,-0.00175143,-6.825e-08
2.3,1.5,0,3.74687,-0.00664987,-8.775e-08
2.3,1.6,0,3.744,-0.0118553,-1.205e-07
2.3,1.7,0,3.74129,-0.016725,-1.17e-07
2.3,1.8,0,3.73853,-0.0216742,-9.875e-08
2.3,1.9,0,3.73603,-0.0260121,-1.4875e-07
2.3,2,0,3.73354,-0.0303501,-1.9875e-07
2.3,2.1,0,3.73088,-0.0347807,-1.2025e-07
2.3,2.2,0,3.72838,-0.0388427,-8.925e-08
2.3,2.3,0,3.72564,-0.0430674,-6.5e-08
2.3,2.4,0,3.72298,-0.0467292,-5.55e-08
2.3,2.5,0,3.72033,-0.050391,-4.6e-08
2.3,2.6,0,3.71723,-0.0539554,1.5e-09
2.3,2.7,0,3.71427,-0.0572429,-6e-09
2.3,2.8,0,3.71103,-0.0603795,1.075e-08
2.3,2.9,0,3.70763,-0.0633894,8.175e-08
2.3,3,0,3.70422,-0.0663993,1.5275e-07
2.3,3.1,0,3.70044,-0.068703,1.3325e-07
2.3,3.2,0,3.69647,-0.0716998,1.7625e-07
2.3,3.3,0,3.69282,-0.0729903,1.72e-07
2.3,3.4,0,3.68822,-0.0763977,1.825e-07
2.3,3.5,0,3.68363,-0.079805,1.93e-07
2.3,3.6,0,3.6796,-0.0804462,1.6575e-07
2.3,3.7,0,3.67425,-0.0846415,1.8375e-07
2.3,3.8,0,3.67008,-0.0837454,1.5875e-07
2.3,3.9,0,3.66361,-0.0889527,1.3275e-07
2.3,4,0,3.65714,-0.0941601,1.0675e-07
2.3,4.1,0,3.65013,-0.0913194,8.25e-08
2.3,4.2,0,3.64225,-0.0945809,6.1e-08
2.3,4.3,0,3.63336,-0.0917013,5.25e-08
2.3,4.4,0,3.62362,-0.0893783,6.25e-08
2.3,4.5,0,3.61387,-0.0870553,7.25e-08
2.3,4.6,0,3.60894,-0.0810574,1.12e-07
2.3,4.7,0,3.60201,-0.0713007,1.405e-07
2.3,4.8,0,3.59906,-0.0674212,1.73132e-07
2.3,4.9,0,3.60853,-0.0535653,1.94346e-07
2.3,5,0,3.61801,-0.0397095,2.1556e-07
2.3,5.1,0,3.63069,-0.0255973,2.1175e-07
2.3,5.2,0,3.62346,-0.0169645,2.1375e-07
2.3,5.3,0,3.61893,-0.00688932,2.019e-07
2.3,5.4,0,3.61659,0.00369217,2.176e-07
2.3,5.5,0,3.6151,0.0143866,2.177e-07
2.3,5.6,0,3.61548,0.0250875,2.2345e-07
2.3,5.7,0,3.61683,0.035574,2.587e-07
2.3,5.8,0,3.62042,0.0461212,2.79e-07
2.3,5.9,0,3.62786,0.0549256,2.025e-07
2.3,6,0,3.62192,0.0704334,3.82645e-09
2.3,6.1,0,3.62288,0.0746782,-5.42382e-08
2.3,6.2,0,3.61724,0.0870455,-1.29775e-07
2.3,6.3,0,3.6116,0.0994127,-2.05312e-07
2.3,6.4,0,3.61243,0.107186,-1.97552e-07
2.3,6.5,0,3.618,0.112593,-1.96134e-07
2.3,6.6,0,3.6236,0.118003,-1.95761e-07
2.3,6.7,0,3.62931,0.124103,-2.02216e-07
2.3,6.8,0,3.6365,0.126162,-2.08384e-07
2.3,6.9,0,3.64441,0.124901,-2.05026e-07
2.3,7,0,3.65232,0.123639,-2.01668e-07
2.3,7.1,0,3.65681,0.125795,-2.67116e-07
2.3,7.2,0,3.66287,0.122522,-3.30922e-07
2.3,7.3,0,3.66893,0.11925,-3.94728e-07
2.3,7.4,0,3.6731,0.118876,-3.70325e-07
2.3,7.5,0,3.67759,0.115913,-3.56519e-07
2.3,7.6,0,3.6822,0.112609,-3.47937e-07
2.3,7.7,0,3.68638,0.109899,-3.73216e-07
2.3,7.8,0,3.68961,0.108022,-4.31478e-07
2.3,7.9,0,3.69311,0.105462,-4.4006e-07
2.3,8,0,3.6966,0.102901,-4.48642e-07
2.3,8.1,0,3.69925,0.100423,-4.7478e-07
2.3,8.2,0,3.70184,0.097907,-5.29257e-07
2.3,8.3,0,3.70442,0.0953908,-5.83735e-07
2.3,8.4,0,3.70669,0.0924578,-5.42168e-07
2.3,8.5,0,3.70857,0.0896671,-4.98526e-07
2.3,8.6,0,3.71044,0.0869423,-4.65317e-07
2.3,8.7,0,3.71223,0.0840302,-4.40541e-07
2.3,8.8,0,3.71362,0.0807319,-4.46332e-07
2.3,8.9,0,3.71494,0.0777553,-4.49317e-07
2.3,9,0,3.71627,0.0747788,-4.52302e-07
2.3,9.1,0,3.71732,0.071203,-3.92228e-07
2.3,9.2,0,3.71826,0.0680445,-3.75437e-07
2.3,9.3,0,3.71921,0.0648861,-3.58646e-07
2.3,9.4,0,3.72004,0.061372,-3.20959e-07
2.3,9.5,0,3.72075,0.0580125,-2.26761e-07
2.3,9.6,0,3.72145,0.0547575,-1.25269e-07
2.3,9.7,0,3.72213,0.0514069,-4.02313e-08
2.3,9.8,0,3.72271,0.0477881,-7.60224e-08
2.3,9.9,0,3.72329,0.0444648,-1.41694e-07
2.3,10,0,3.72387,0.0411414,-2.07366e-07
2.3,10.1,0,3.72445,0.0374972,-2.11108e-07
2.3,10.2,0,3.72502,0.0342161,-3.46556e-07
2.3,10.3,0,3.7256,0.0309349,-4.82004e-07
2.3,10.4,0,3.72623,0.0273303,-5.28963e-07
2.3,10.5,0,3.72692,0.0237153,-4.4856e-07
2.3,10.6,0,3.72761,0.0202089,-3.62739e-07
2.3,10.7,0,3.72833,0.0166821,-2.97739e-07
2.3,10.8,0,3.72934,0.0131591,-3.28672e-07
2.3,10.9,0,3.7303,0.00988511,-2.38373e-07
2.3,11,0,3.73125,0.00661112,-1.48075e-07
2.3,11.1,0,3.73264,0.00266684,-1.97269e-07
2.3,11.2,0,3.73405,-0.00109827,-2.00627e-07
2.3,11.3,0,3.73546,-0.00486339,-2.03985e-07
2.3,11.4,0,3.73729,-0.00865041,-2.06299e-07
2.3,11.5,0,3.7396,-0.0121951,-1.90429e-07
2.3,11.6,0,3.74186,-0.0156379,-1.68414e-07
2.3,11.7,0,3.74403,-0.0191422,-1.44851e-07
2.3,11.8,0,3.74476,-0.0236571,-1.0647e-07
2.3,11.9,0,3.74563,-0.0279182,-9.19179e-08
2.3,12,0,3.74651,-0.0321793,-7.73657e-08
2.3,12.1,0,3.70929,-0.035164,-4.24701e-08
2.3,12.2,0,3.6626,-0.0374298,1.68582e-08
2.3,12.3,0,3.6159,-0.0396956,7.61866e-08
2.3,12.4,0,3.21058,-0.0368382,7.51791e-08
2.3,12.5,0,2.14011,-0.0245367,2.91045e-08
2.3,12.6,0,1.07006,-0.0122683,1.45522e-08
2.3,12.7,0,0,0,0
2.4,0,0,0,0,0
2.4,0.1,0,1.38557,0.0208895,1.446e-07
2.4,0.2,0,2.7731,0.0422014,2.5565e-07
2.4,0.3,0,3.53408,0.0524008,3.0935e-07
2.4,0.4,0,3.66654,0.0510655,3.3925e-07
2.4,0.5,0,3.78251,0.0496445,3.0975e-07
2.4,0.6,0,3.78682,0.0428889,2.9525e-07
2.4,0.7,0,3.79034,0.0363323,2.8075e-07
2.4,0.8,0,3.78898,0.0302852,2.3125e-07
2.4,0.9,0,3.78353,0.0245488,1.4675e-07
2.4,1,0,3.7786,0.0191642,1.3725e-07
2.4,1.1,0,3.77411,0.012833,1.0125e-07
2.4,1.2,0,3.76989,0.00676095,5.15e-08
2.4,1.3,0,3.76617,0.00111978,3.025e-08
2.4,1.4,0,3.76266,-0.00434976,5.125e-08
2.4,1.5,0,3.75956,-0.0092482,3.175e-08
2.4,1.6,0,3.75652,-0.0147892,-3.725e-08
2.4,1.7,0,3.75365,-0.0199946,-7e-08
2.4,1.8,0,3.75089,-0.0249438,-5.175e-08
2.4,1.9,0,3.74807,-0.0299723,-1.875e-08
2.4,2,0,3.74558,-0.0343102,-6.875e-08
2.4,2.1,0,3.74275,-0.0391095,5.725e-08
2.4,2.2,0,3.74009,-0.0435402,1.3575e-07
2.4,2.3,0,3.73735,-0.0477648,1.6e-07
2.4,2.4,0,3.73436,-0.052152,1.775e-07
2.4,2.5,0,3.73171,-0.0558138,1.87e-07
2.4,2.6,0,3.72845,-0.0596552,2.895e-07
2.4,2.7,0,3.72534,-0.0632196,3.37e-07
2.4,2.8,0,3.7221,-0.0663563,3.5375e-07
2.4,2.9,0,3.71859,-0.0693421,3.9475e-07
2.4,3,0,3.71518,-0.0723519,4.6575e-07
2.4,3.1,0,3.71158,-0.0739625,3.8375e-07
2.4,3.2,0,3.70779,-0.0762662,3.6425e-07
2.4,3.3,0,3.70414,-0.0775567,3.6e-07
2.4,3.4,0,3.70081,-0.0771408,3.085e-07
2.4,3.5,0,3.69622,-0.0805481,3.19e-07
2.4,3.6,0,3.6935,-0.0776351,2.465e-07
2.4,3.7,0,3.68947,-0.0782763,2.1925e-07
2.4,3.8,0,3.68529,-0.0773802,1.9425e-07
2.4,3.9,0,3.68228,-0.0713927,1.2625e-07
2.4,4,0,3.67581,-0.0766,1.0025e-07
2.4,4.1,0,3.66968,-0.0676573,7.325e-08
2.4,4.2,0,3.66267,-0.0648167,4.9e-08
2.4,4.3,0,3.65378,-0.0619371,4.05e-08
2.4,4.4,0,3.64387,-0.0529164,4.5e-08
2.4,4.5,0,3.63413,-0.0505934,5.5e-08
2.4,4.6,0,3.6312,-0.0483543,1.055e-07
2.4,4.7,0,3.62627,-0.0423564,1.45e-07
2.4,4.8,0,3.62331,-0.0384769,1.77632e-07
2.4,4.9,0,3.62434,-0.0404745,2.14397e-07
2.4,5,0,3.63382,-0.0266187,2.35611e-07
2.4,5.1,0,3.63343,-0.0186832,2.6025e-07
2.4,5.2,0,3.6219,-0.0121026,3.0875e-07
2.4,5.3,0,3.61433,-0.00354937,3.207e-07
2.4,5.4,0,3.60974,0.00629918,3.328e-07
2.4,5.5,0,3.60783,0.0164916,3.281e-07
2.4,5.6,0,3.60805,0.0267266,3.2785e-07
2.4,5.7,0,3.61065,0.0367769,3.436e-07
2.4,5.8,0,3.61584,0.0462914,3.47e-07
2.4,5.9,0,3.62507,0.0541508,2.575e-07
2.4,6,0,3.63002,0.0632012,8.78819e-08
2.4,6.1,0,3.63422,0.0634455,3.8423e-08
2.4,6.2,0,3.63843,0.0636898,-1.10359e-08
2.4,6.3,0,3.63289,0.0759358,-8.63121e-08
2.4,6.4,0,3.63372,0.0837094,-7.85522e-08
2.4,6.5,0,3.63804,0.0890094,-2.59403e-08
2.4,6.6,0,3.64317,0.0943794,-6.76119e-09
2.4,6.7,0,3.64888,0.10048,-1.32164e-08
2.4,6.8,0,3.65486,0.108193,-3.56045e-08
2.4,6.9,0,3.66139,0.113303,-5.05261e-08
2.4,7,0,3.6693,0.112042,-4.71679e-08
2.4,7.1,0,3.6731,0.116424,-1.14705e-07
2.4,7.2,0,3.67669,0.121103,-1.85974e-07
2.4,7.3,0,3.6826,0.118308,-2.50228e-07
2.4,7.4,0,3.68677,0.117934,-2.25825e-07
2.4,7.5,0,3.68969,0.119493,-1.42616e-07
2.4,7.6,0,3.6936,0.118183,-1.03437e-07
2.4,7.7,0,3.69778,0.115473,-1.28716e-07
2.4,7.8,0,3.70065,0.114541,-2.55582e-07
2.4,7.9,0,3.70368,0.113219,-3.5406e-07
2.4,8,0,3.70717,0.110658,-3.62642e-07
2.4,8.1,0,3.70982,0.108195,-3.80627e-07
2.4,8.2,0,3.71237,0.105743,-3.99657e-07
2.4,8.3,0,3.71495,0.103233,-4.50235e-07
2.4,8.4,0,3.71721,0.1003,-4.08668e-07
2.4,8.5,0,3.7192,0.0970263,-2.88519e-07
2.4,8.6,0,3.72113,0.0940489,-2.15317e-07
2.4,8.7,0,3.72292,0.0911369,-1.90541e-07
2.4,8.8,0,3.72436,0.0874757,-1.99496e-07
2.4,8.9,0,3.72579,0.0839446,-2.07317e-07
2.4,9,0,3.72711,0.080968,-2.10302e-07
2.4,9.1,0,3.72818,0.0772728,-1.37802e-07
2.4,9.2,0,3.72919,0.0734508,-5.19813e-08
2.4,9.3,0,3.73015,0.0701861,-2.41455e-08
2.4,9.4,0,3.73098,0.0666721,1.3541e-08
2.4,9.5,0,3.73171,0.0628025,7.21231e-08
2.4,9.6,0,3.73242,0.0592341,1.51731e-07
2.4,9.7,0,3.7331,0.0558835,2.36769e-07
2.4,9.8,0,3.73369,0.051992,2.2856e-07
2.4,9.9,0,3.73428,0.0481801,2.12306e-07
2.4,10,0,3.73486,0.0448567,1.46634e-07
2.4,10.1,0,3.73544,0.0411437,1.65739e-07
2.4,10.2,0,3.73603,0.0373333,2.06037e-07
2.4,10.3,0,3.7366,0.033941,1.07496e-07
2.4,10.4,0,3.73724,0.0303364,6.05373e-08
2.4,10.5,0,3.73795,0.0263364,1.21731e-07
2.4,10.6,0,3.73864,0.0225537,1.93761e-07
2.4,10.7,0,3.73937,0.0190268,2.58761e-07
2.4,10.8,0,3.74041,0.015316,1.36373e-07
2.4,10.9,0,3.74144,0.0116445,3.31269e-08
2.4,11,0,3.7424,0.00837048,1.23425e-07
2.4,11.1,0,3.7438,0.00439016,6.59627e-08
2.4,11.2,0,3.74535,0.000174383,-4.07537e-08
2.4,11.3,0,3.74679,-0.0037079,-7.09851e-08
2.4,11.4,0,3.74862,-0.00749492,-7.32985e-08
2.4,11.5,0,3.75109,-0.0113148,-7.40448e-08
2.4,11.6,0,3.75348,-0.0149876,-6.59142e-08
2.4,11.7,0,3.75566,-0.0184919,-4.23507e-08
2.4,11.8,0,3.75629,-0.0231623,1.06343e-08
2.4,11.9,0,3.75693,-0.0278164,6.20821e-08
2.4,12,0,3.75781,-0.0320775,7.66343e-08
2.4,12.1,0,3.72038,-0.0350676,1.11037e-07
2.4,12.2,0,3.66653,-0.037513,1.53948e-07
2.4,12.3,0,3.61762,-0.0398344,2.08187e-07
2.4,12.4,0,3.2123,-0.036977,2.07179e-07
2.4,12.5,0,2.14096,-0.0246051,9.41194e-08
2.4,12.6,0,1.07006,-0.0122683,1.45522e-08
2.4,12.7,0,0,0,0
2.5,0,0,0,0,0
2.5,0.1,0,1.38557,0.0208895,1.446e-07
2.5,0.2,0,2.77114,0.041779,2.892e-07
2.5,0.3,0,3.53015,0.0515561,3.7645e-07
2.5,0.4,0,3.66261,0.0502208,4.0635e-07
2.5,0.5,0,3.79507,0.0488855,4.3625e-07
2.5,0.6,0,3.79938,0.0421299,4.2175e-07
2.5,0.7,0,3.8037,0.0353743,4.0725e-07
2.5,0.8,0,3.80313,0.0291283,3.5775e-07
2.5,0.9,0,3.79769,0.0233919,2.7325e-07
2.5,1,0,3.79224,0.0176555,1.8875e-07
2.5,1.1,0,3.78775,0.0113242,1.5275e-07
2.5,1.2,0,3.78326,0.00499297,1.1675e-07
2.5,1.3,0,3.77926,-0.000907434,1.0925e-07
2.5,1.4,0,3.77575,-0.00637698,1.3025e-07
2.5,1.5,0,3.77225,-0.0118465,1.5125e-07
2.5,1.6,0,3.76921,-0.0173875,8.225e-08
2.5,1.7,0,3.76617,-0.0229286,1.325e-08
2.5,1.8,0,3.76325,-0.0282133,-4.75e-09
2.5,1.9,0,3.76043,-0.0332419,2.825e-08
2.5,2,0,3.75762,-0.0382704,6.125e-08
2.5,2.1,0,3.75479,-0.0430697,1.8725e-07
2.5,2.2,0,3.75197,-0.047869,3.1325e-07
2.5,2.3,0,3.74906,-0.0524622,3.85e-07
2.5,2.4,0,3.74607,-0.0568494,4.025e-07
2.5,2.5,0,3.74308,-0.0612366,4.2e-07
2.5,2.6,0,3.73982,-0.065078,5.225e-07
2.5,2.7,0,3.73656,-0.0689194,6.25e-07
2.5,2.8,0,3.73318,-0.072333,6.9675e-07
2.5,2.9,0,3.72966,-0.0753188,7.3775e-07
2.5,3,0,3.72614,-0.0783046,7.7875e-07
2.5,3.1,0,3.72254,-0.0799152,6.9675e-07
2.5,3.2,0,3.71893,-0.0815257,6.1475e-07
2.5,3.3,0,3.71547,-0.082123,5.48e-07
2.5,3.4,0,3.71214,-0.0817072,4.965e-07
2.5,3.5,0,3.70881,-0.0812913,4.45e-07
2.5,3.6,0,3.70609,-0.0783783,3.725e-07
2.5,3.7,0,3.70337,-0.0754653,3e-07
2.5,3.8,0,3.7005,-0.0710151,2.2975e-07
2.5,3.9,0,3.69749,-0.0650275,1.6175e-07
2.5,4,0,3.69448,-0.05904,9.375e-08
2.5,4.1,0,3.68835,-0.0500973,6.675e-08
2.5,4.2,0,3.68222,-0.0411546,3.975e-08
2.5,4.3,0,3.6742,-0.0321729,2.85e-08
2.5,4.4,0,3.6643,-0.0231522,3.3e-08
2.5,4.5,0,3.65439,-0.0141315,3.75e-08
2.5,4.6,0,3.65146,-0.0118924,8.8e-08
2.5,4.7,0,3.64852,-0.0096533,1.385e-07
2.5,4.8,0,3.64757,-0.00953256,1.82132e-07
2.5,4.9,0,3.6486,-0.0115302,2.18897e-07
2.5,5,0,3.64962,-0.0135278,2.55662e-07
2.5,5.1,0,3.63618,-0.0117691,3.0875e-07
2.5,5.2,0,3.62033,-0.00724075,4.0375e-07
2.5,5.3,0,3.60972,-0.000209412,4.395e-07
2.5,5.4,0,3.6029,0.00890619,4.48e-07
2.5,5.5,0,3.60057,0.0185966,4.385e-07
2.5,5.6,0,3.60062,0.0283657,4.3225e-07
2.5,5.7,0,3.60447,0.0379797,4.285e-07
2.5,5.8,0,3.61127,0.0464616,4.15e-07
2.5,5.9,0,3.62228,0.053376,3.125e-07
2.5,6,0,3.63812,0.055969,1.71937e-07
2.5,6.1,0,3.64232,0.0562134,1.22478e-07
2.5,6.2,0,3.64653,0.0564577,7.30195e-08
2.5,6.3,0,3.65073,0.056702,2.35606e-08
2.5,6.4,0,3.65501,0.0602325,4.04478e-08
2.5,6.5,0,3.65932,0.0655325,9.30597e-08
2.5,6.6,0,3.66364,0.0708325,1.45672e-07
2.5,6.7,0,3.66846,0.0768564,1.75784e-07
2.5,6.8,0,3.67443,0.0845695,1.53396e-07
2.5,6.9,0,3.68041,0.0922825,1.31007e-07
2.5,7,0,3.68638,0.0999956,1.08619e-07
2.5,7.1,0,3.69009,0.104827,3.97948e-08
2.5,7.2,0,3.69367,0.109506,-3.14739e-08
2.5,7.3,0,3.69725,0.114185,-1.02743e-07
2.5,7.4,0,3.70044,0.116992,-8.13246e-08
2.5,7.5,0,3.70335,0.118551,1.88433e-09
2.5,7.6,0,3.70627,0.12011,8.50933e-08
2.5,7.7,0,3.70918,0.121046,1.15784e-07
2.5,7.8,0,3.71205,0.120115,-1.10821e-08
2.5,7.9,0,3.71493,0.119184,-1.37948e-07
2.5,8,0,3.7178,0.118253,-2.64813e-07
2.5,8.1,0,3.72039,0.115952,-2.94627e-07
2.5,8.2,0,3.72294,0.1135,-3.13657e-07
2.5,8.3,0,3.72549,0.111047,-3.32687e-07
2.5,8.4,0,3.72773,0.108143,-2.75168e-07
2.5,8.5,0,3.72972,0.104869,-1.55019e-07
2.5,8.6,0,3.73172,0.101595,-3.48694e-08
2.5,8.7,0,3.7336,0.0982435,5.9459e-08
2.5,8.8,0,3.73505,0.0945823,5.05037e-08
2.5,8.9,0,3.73649,0.0909211,4.15485e-08
2.5,9,0,3.73794,0.0872599,3.25933e-08
2.5,9.1,0,3.73902,0.083462,1.04198e-07
2.5,9.2,0,3.74003,0.07964,1.90019e-07
2.5,9.3,0,3.74105,0.075818,2.7584e-07
2.5,9.4,0,3.74192,0.0719722,3.48041e-07
2.5,9.5,0,3.74265,0.0681026,4.06623e-07
2.5,9.6,0,3.74337,0.064233,4.65205e-07
2.5,9.7,0,3.74408,0.0603601,5.13769e-07
2.5,9.8,0,3.74467,0.0564686,5.0556e-07
2.5,9.9,0,3.74526,0.0525771,4.97351e-07
2.5,10,0,3.74584,0.0486856,4.89142e-07
2.5,10.1,0,3.74643,0.044859,5.19739e-07
2.5,10.2,0,3.74701,0.0410486,5.60037e-07
2.5,10.3,0,3.7476,0.0372382,6.00336e-07
2.5,10.4,0,3.74824,0.0333425,6.50037e-07
2.5,10.5,0,3.74895,0.0293426,7.11231e-07
2.5,10.6,0,3.74966,0.0253426,7.72425e-07
2.5,10.7,0,3.7504,0.0213716,8.15261e-07
2.5,10.8,0,3.75144,0.0176607,6.92873e-07
2.5,10.9,0,3.75249,0.0139499,5.70485e-07
2.5,11,0,3.75353,0.0102391,4.48097e-07
2.5,11.1,0,3.75495,0.00614952,3.37463e-07
2.5,11.2,0,3.75649,0.00193375,2.30746e-07
2.5,11.3,0,3.75804,-0.00228202,1.2403e-07
2.5,11.4,0,3.75995,-0.00633944,5.97015e-08
2.5,11.5,0,3.76243,-0.0101593,5.89552e-08
2.5,11.6,0,3.7649,-0.0139792,5.8209e-08
2.5,11.7,0,3.76728,-0.0178416,6.01493e-08
2.5,11.8,0,3.76791,-0.022512,1.13134e-07
2.5,11.9,0,3.76855,-0.0271825,1.66119e-07
2.5,12,0,3.76918,-0.0318529,2.19104e-07
2.5,12.1,0,3.73168,-0.0349658,2.65037e-07
2.5,12.2,0,3.67783,-0.0374112,3.07948e-07
2.5,12.3,0,3.62399,-0.0398565,3.50858e-07
2.5,12.4,0,3.21402,-0.0371158,3.39179e-07
2.5,12.5,0,2.14268,-0.0247439,2.26119e-07
2.5,12.6,0,1.07134,-0.0123719,1.1306e-07
2.5,12.7,0,0,0,0
2.6,0,0,0,0,0
2.6,0.1,0,1.37995,0.0175256,1.426e-07
2.6,0.2,0,2.76552,0.0384151,2.872e-07
2.6,0.3,0,3.53183,0.0481928,3.9445e-07
2.6,0.4,0,3.67158,0.0468581,4.4435e-07
2.6,0.5,0,3.80404,0.0455228,4.7425e-07
2.6,0.6,0,3.80993,0.0389647,3.91e-07
2.6,0.7,0,3.81424,0.0322091,3.765e-07
2.6,0.8,0,3.81354,0.0259295,3.666e-07
2.6,0.9,0,3.80795,0.0201596,3.217e-07
2.6,1,0,3.8025,0.0144232,2.372e-07
2.6,1.1,0,3.79767,0.00768965,3.205e-07
2.6,1.2,0,3.79317,0.00135839,2.845e-07
2.6,1.3,0,3.78901,-0.00481168,2.48125e-07
2.6,1.4,0,3.78535,-0.0105509,2.4025e-07
2.6,1.5,0,3.78184,-0.0160204,2.6125e-07
2.6,1.6,0,3.77855,-0.0222494,2.8485e-07
2.6,1.7,0,3.77552,-0.0277904,2.1585e-07
2.6,1.8,0,3.77245,-0.0334386,2.1055e-07
2.6,1.9,0,3.76949,-0.0388305,2.5625e-07
2.6,2,0,3.76668,-0.043859,2.8925e-07
2.6,2.1,0,3.76351,-0.0494017,2.6815e-07
2.6,2.2,0,3.76068,-0.0542009,3.9415e-07
2.6,2.3,0,3.75753,-0.0591566,4.89975e-07
2.6,2.4,0,3.75429,-0.0639063,5.3155e-07
2.6,2.5,0,3.7513,-0.0682935,5.4905e-07
2.6,2.6,0,3.74724,-0.0728814,6.1755e-07
2.6,2.7,0,3.74398,-0.0767228,7.2005e-07
2.6,2.8,0,3.73987,-0.0806328,7.66805e-07
2.6,2.9,0,3.73563,-0.084115,7.8281e-07
2.6,3,0,3.73211,-0.0871008,8.2381e-07
2.6,3.1,0,3.72587,-0.0905595,7.6476e-07
2.6,3.2,0,3.72227,-0.09217,6.8276e-07
2.6,3.3,0,3.71652,-0.0945228,6.17755e-07
2.6,3.4,0,3.71091,-0.0958625,5.68e-07
2.6,3.5,0,3.70758,-0.0954466,5.165e-07
2.6,3.6,0,3.69791,-0.0984988,4.8e-07
2.6,3.7,0,3.69519,-0.0955858,4.075e-07
2.6,3.8,0,3.68843,-0.0954422,3.5075e-07
2.6,3.9,0,3.68152,-0.0937613,2.9625e-07
2.6,4,0,3.67851,-0.0877738,2.2825e-07
2.6,4.1,0,3.66775,-0.0856156,1.6775e-07
2.6,4.2,0,3.66163,-0.0766729,1.4075e-07
2.6,4.3,0,3.65504,-0.0683517,7.9475e-08
2.6,4.4,0,3.64656,-0.0599916,3.395e-08
2.6,4.5,0,3.63665,-0.0509709,3.845e-08
2.6,4.6,0,3.63897,-0.038561,5.145e-08
2.6,4.7,0,3.63604,-0.0363219,1.0195e-07
2.6,4.8,0,3.63993,-0.0285006,1.72246e-07
2.6,4.9,0,3.6458,-0.0227977,2.35675e-07
2.6,5,0,3.64683,-0.0247953,2.7244e-07
2.6,5.1,0,3.63759,-0.0186328,3.2675e-07
2.6,5.2,0,3.61837,-0.0122042,3.6275e-07
2.6,5.3,0,3.60743,-0.00255884,3.555e-07
2.6,5.4,0,3.60068,0.00837365,3.35e-07
2.6,5.5,0,3.59746,0.0198165,3.095e-07
2.6,5.6,0,3.59794,0.0312475,2.9625e-07
2.6,5.7,0,3.60162,0.042338,2.94e-07
2.6,5.8,0,3.60866,0.0531781,2.92e-07
2.6,5.9,0,3.62296,0.0613912,2.385e-07
2.6,6,0,3.63606,0.0680064,1.72785e-07
2.6,6.1,0,3.63191,0.0803074,1.42917e-07
2.6,6.2,0,3.63327,0.084651,1.0012e-07
2.6,6.3,0,3.63747,0.0848953,5.06606e-08
2.6,6.4,0,3.64006,0.0911467,4.40216e-08
2.6,6.5,0,3.64259,0.099335,7.16597e-08
2.6,6.6,0,3.6469,0.104635,1.24272e-07
2.6,6.7,0,3.65268,0.109139,1.63764e-07
2.6,6.8,0,3.66185,0.111787,1.72645e-07
2.6,6.9,0,3.66795,0.119297,1.51507e-07
2.6,7,0,3.67392,0.12701,1.29119e-07
2.6,7.1,0,3.68325,0.126835,1.08858e-07
2.6,7.2,0,3.68914,0.129458,5.75261e-08
2.6,7.3,0,3.69273,0.134138,-1.37425e-08
2.6,7.4,0,3.69869,0.134486,-3.38993e-08
2.6,7.5,0,3.70503,0.133012,-1.96567e-09
2.6,7.6,0,3.70795,0.134571,8.12433e-08
2.6,7.7,0,3.71151,0.135029,1.33631e-07
2.6,7.8,0,3.71702,0.132183,9.35567e-08
2.6,7.9,0,3.72013,0.131079,-2.54978e-08
2.6,8,0,3.72301,0.130148,-1.52363e-07
2.6,8.1,0,3.72669,0.126945,-1.36035e-07
2.6,8.2,0,3.72978,0.124051,-1.32507e-07
2.6,8.3,0,3.73233,0.121598,-1.51537e-07
2.6,8.4,0,3.73485,0.118279,-1.67037e-07
2.6,8.5,0,3.73726,0.114408,-1.51769e-07
2.6,8.6,0,3.73925,0.111134,-3.16194e-08
2.6,8.7,0,3.74118,0.107637,6.93134e-08
2.6,8.8,0,3.74283,0.103247,9.33806e-08
2.6,8.9,0,3.7443,0.0994834,8.90485e-08
2.6,9,0,3.74575,0.0958222,8.00933e-08
2.6,9.1,0,3.74689,0.091402,1.24041e-07
2.6,9.2,0,3.74794,0.0872213,1.93919e-07
2.6,9.3,0,3.74895,0.0833992,2.7974e-07
2.6,9.4,0,3.74983,0.0791954,2.75225e-07
2.6,9.5,0,3.75056,0.0747244,2.04923e-07
2.6,9.6,0,3.75129,0.0708548,2.63505e-07
2.6,9.7,0,3.75199,0.0668791,3.06645e-07
2.6,9.8,0,3.75256,0.0623021,2.62279e-07
2.6,9.9,0,3.75314,0.0582804,2.47201e-07
2.6,10,0,3.75373,0.0543889,2.38992e-07
2.6,10.1,0,3.7543,0.0500393,2.27141e-07
2.6,10.2,0,3.75488,0.0458759,2.38787e-07
2.6,10.3,0,3.75546,0.0420655,2.79086e-07
2.6,10.4,0,3.7561,0.0378978,2.68424e-07
2.6,10.5,0,3.75681,0.03336,2.10231e-07
2.6,10.6,0,3.75752,0.0293601,2.71425e-07
2.6,10.7,0,3.75827,0.025334,3.27205e-07
2.6,10.8,0,3.75937,0.0210721,3.34257e-07
2.6,10.9,0,3.76042,0.017229,2.42935e-07
2.6,11,0,3.76147,0.0135181,1.20547e-07
2.6,11.1,0,3.76294,0.00903841,9.72821e-08
2.6,11.2,0,3.76452,0.00451571,5.92963e-08
2.6,11.3,0,3.76607,0.000299937,-4.74201e-08
2.6,11.4,0,3.76805,-0.00390653,-1.45853e-07
2.6,11.5,0,3.77068,-0.00807667,-2.26745e-07
2.6,11.6,0,3.77315,-0.0118965,-2.27491e-07
2.6,11.7,0,3.77551,-0.0157695,-2.31633e-07
2.6,11.8,0,3.77585,-0.0206511,-3.0029e-07
2.6,11.9,0,3.7764,-0.0253828,-2.82581e-07
2.6,12,0,3.77703,-0.0300533,-2.29596e-07
2.6,12.1,0,3.73476,-0.0332592,-1.48506e-07
2.6,12.2,0,3.67655,-0.0357897,-7.34522e-08
2.6,12.3,0,3.62271,-0.038235,-3.05418e-08
2.6,12.4,0,3.21307,-0.0359179,5.73985e-08
2.6,12.5,0,2.14268,-0.0247439,2.26119e-07
2.6,12.6,0,1.07134,-0.0123719,1.1306e-07
2.6,12.7,0,0,0,0
2.7,0,0,0,0,0
2.7,0.1,0,1.37995,0.0175256,1.426e-07
2.7,0.2,0,2.7599,0.0350512,2.852e-07
2.7,0.3,0,3.52621,0.0448289,3.9245e-07
2.7,0.4,0,3.67326,0.0434948,4.6235e-07
2.7,0.5,0,3.81301,0.0421601,5.1225e-07
2.7,0.6,0,3.8189,0.035602,4.29e-07
2.7,0.7,0,3.82479,0.0290439,3.4575e-07
2.7,0.8,0,3.82408,0.0227643,3.3585e-07
2.7,0.9,0,3.81835,0.0169608,3.3055e-07
2.7,1,0,3.81277,0.0111909,2.8565e-07
2.7,1.1,0,3.80793,0.00445733,3.6895e-07
2.7,1.2,0,3.80309,-0.00227619,4.5225e-07
2.7,1.3,0,3.79893,-0.00844626,4.15875e-07
2.7,1.4,0,3.7951,-0.0144551,3.79125e-07
2.7,1.5,0,3.79144,-0.0201943,3.7125e-07
2.7,1.6,0,3.78815,-0.0264233,3.9485e-07
2.7,1.7,0,3.78486,-0.0326523,4.1845e-07
2.7,1.8,0,3.78179,-0.0383004,4.1315e-07
2.7,1.9,0,3.7787,-0.0440557,4.7155e-07
2.7,2,0,3.77574,-0.0494476,5.1725e-07
2.7,2.1,0,3.77257,-0.0549903,4.9615e-07
2.7,2.2,0,3.7694,-0.0605329,4.7505e-07
2.7,2.3,0,3.76624,-0.0654886,5.70875e-07
2.7,2.4,0,3.76276,-0.0706007,6.36525e-07
2.7,2.5,0,3.75952,-0.0753503,6.781e-07
2.7,2.6,0,3.75546,-0.0799382,7.466e-07
2.7,2.7,0,3.7514,-0.0845261,8.151e-07
2.7,2.8,0,3.74729,-0.0884361,8.61855e-07
2.7,2.9,0,3.74233,-0.0924147,8.52865e-07
2.7,3,0,3.73809,-0.095897,8.6887e-07
2.7,3.1,0,3.73185,-0.0993556,8.0982e-07
2.7,3.2,0,3.7256,-0.102814,7.5077e-07
2.7,3.3,0,3.71985,-0.105167,6.85765e-07
2.7,3.4,0,3.71196,-0.108262,6.37755e-07
2.7,3.5,0,3.70634,-0.109602,5.88e-07
2.7,3.6,0,3.69668,-0.112654,5.515e-07
2.7,3.7,0,3.68702,-0.115706,5.15e-07
2.7,3.8,0,3.68025,-0.115563,4.5825e-07
2.7,3.9,0,3.66945,-0.118188,4.1725e-07
2.7,4,0,3.66254,-0.116508,3.6275e-07
2.7,4.1,0,3.65178,-0.114349,3.0225e-07
2.7,4.2,0,3.64103,-0.112191,2.4175e-07
2.7,4.3,0,3.63444,-0.10387,1.80475e-07
2.7,4.4,0,3.62739,-0.0961704,8.4925e-08
2.7,4.5,0,3.61891,-0.0878102,3.94e-08
2.7,4.6,0,3.62123,-0.0754003,5.24e-08
2.7,4.7,0,3.62355,-0.0629905,6.54e-08
2.7,4.8,0,3.62745,-0.0551692,1.35696e-07
2.7,4.9,0,3.63816,-0.0417658,2.25789e-07
2.7,5,0,3.64403,-0.0360629,2.89218e-07
2.7,5.1,0,3.63899,-0.0254964,3.4475e-07
2.7,5.2,0,3.61641,-0.0171678,3.2175e-07
2.7,5.3,0,3.60513,-0.00490827,2.715e-07
2.7,5.4,0,3.59845,0.00784111,2.22e-07
2.7,5.5,0,3.59435,0.0210364,1.805e-07
2.7,5.6,0,3.59526,0.0341293,1.6025e-07
2.7,5.7,0,3.59877,0.0466963,1.595e-07
2.7,5.8,0,3.60606,0.0598946,1.69e-07
2.7,5.9,0,3.62365,0.0694064,1.645e-07
2.7,6,0,3.63401,0.0800437,1.73633e-07
2.7,6.1,0,3.62985,0.0923448,1.43765e-07
2.7,6.2,0,3.62569,0.104646,1.13898e-07
2.7,6.3,0,3.62421,0.113089,7.77606e-08
2.7,6.4,0,3.6268,0.11934,7.11216e-08
2.7,6.5,0,3.62852,0.128826,8.75396e-08
2.7,6.6,0,3.63024,0.138312,1.03957e-07
2.7,6.7,0,3.63594,0.142942,1.42364e-07
2.7,6.8,0,3.64511,0.145589,1.51245e-07
2.7,6.9,0,3.65428,0.148237,1.60125e-07
2.7,7,0,3.66147,0.154025,1.49619e-07
2.7,7.1,0,3.67079,0.153849,1.29358e-07
2.7,7.2,0,3.6803,0.153258,1.09209e-07
2.7,7.3,0,3.6882,0.15409,7.52575e-08
2.7,7.4,0,3.69416,0.154439,5.51007e-08
2.7,7.5,0,3.70171,0.151899,6.90187e-08
2.7,7.6,0,3.70925,0.14936,8.29366e-08
2.7,7.7,0,3.71319,0.14949,1.29781e-07
2.7,7.8,0,3.7187,0.146644,8.97067e-08
2.7,7.9,0,3.72421,0.143798,4.96321e-08
2.7,8,0,3.72821,0.142043,-3.99134e-08
2.7,8.1,0,3.73189,0.13884,-2.35851e-08
2.7,8.2,0,3.73566,0.135384,8.65373e-09
2.7,8.3,0,3.73917,0.13215,2.96134e-08
2.7,8.4,0,3.74169,0.12883,1.41134e-08
2.7,8.5,0,3.74421,0.1248,1.50149e-09
2.7,8.6,0,3.74672,0.120771,-1.11104e-08
2.7,8.7,0,3.74871,0.117176,7.25634e-08
2.7,8.8,0,3.75037,0.112786,9.66306e-08
2.7,8.9,0,3.75202,0.108396,1.20698e-07
2.7,9,0,3.75356,0.104385,1.27593e-07
2.7,9.1,0,3.7547,0.0999643,1.71541e-07
2.7,9.2,0,3.75578,0.0954102,2.24825e-07
2.7,9.3,0,3.75685,0.0909805,2.8364e-07
2.7,9.4,0,3.75773,0.0867767,2.79125e-07
2.7,9.5,0,3.75846,0.0821911,1.84274e-07
2.7,9.6,0,3.7592,0.0776056,8.94231e-08
2.7,9.7,0,3.7599,0.073501,1.04945e-07
2.7,9.8,0,3.76047,0.0689239,6.05795e-08
2.7,9.9,0,3.76104,0.0643469,1.62138e-08
2.7,10,0,3.76162,0.0600921,-1.11582e-08
2.7,10.1,0,3.76219,0.0557425,-2.3009e-08
2.7,10.2,0,3.76276,0.0512784,-3.57701e-08
2.7,10.3,0,3.76333,0.0468927,-4.21642e-08
2.7,10.4,0,3.76397,0.0427251,-5.28265e-08
2.7,10.5,0,3.76467,0.0381208,-1.25774e-07
2.7,10.6,0,3.76538,0.0335166,-1.98722e-07
2.7,10.7,0,3.76612,0.0293515,-1.73795e-07
2.7,10.8,0,3.76723,0.0250895,-1.66743e-07
2.7,10.9,0,3.76833,0.0208276,-1.5969e-07
2.7,11,0,3.7694,0.0167972,-2.07003e-07
2.7,11.1,0,3.77087,0.0123175,-2.30268e-07
2.7,11.2,0,3.77249,0.00758148,-2.20492e-07
2.7,11.3,0,3.7741,0.0028819,-2.1887e-07
2.7,11.4,0,3.77608,-0.00132457,-3.17303e-07
2.7,11.5,0,3.77871,-0.00551707,-4.0331e-07
2.7,11.6,0,3.78135,-0.00970957,-4.89318e-07
2.7,11.7,0,3.78376,-0.0136869,-5.17333e-07
2.7,11.8,0,3.7841,-0.0185685,-5.8599e-07
2.7,11.9,0,3.78443,-0.0234501,-6.54646e-07
2.7,12,0,3.78488,-0.0282536,-6.78296e-07
2.7,12.1,0,3.74261,-0.0314596,-5.97206e-07
2.7,12.2,0,3.68195,-0.0340379,-5.04072e-07
2.7,12.3,0,3.62143,-0.0366135,-4.11942e-07
2.7,12.4,0,3.21179,-0.0342964,-3.24001e-07
2.7,12.5,0,2.14141,-0.0231345,-1.52434e-07
2.7,12.6,0,1.07102,-0.0119726,1.91328e-08
2.7,12.7,0,0,0,0
2.8,0,0,0,0,0
2.8,0.1,0,1.37767,0.0150652,7.605e-08
2.8,0.2,0,2.75762,0.0325908,2.1865e-07
2.8,0.3,0,3.52681,0.0405278,2.85375e-07
2.8,0.4,0,3.67386,0.0391937,3.55275e-07
2.8,0.5,0,3.8209,0.0378596,4.25175e-07
2.8,0.6,0,3.8275,0.0315877,3.62125e-07
2.8,0.7,0,3.83338,0.0250296,2.78875e-07
2.8,0.8,0,3.83353,0.0189044,2.3205e-07
2.8,0.9,0,3.82781,0.0131009,2.2675e-07
2.8,1,0,3.82208,0.00729735,2.2145e-07
2.8,1.1,0,3.81725,0.000434833,2.31525e-07
2.8,1.2,0,3.81242,-0.00629869,3.14825e-07
2.8,1.3,0,3.80801,-0.0128995,3.50775e-07
2.8,1.4,0,3.80418,-0.0189083,3.14025e-07
2.8,1.5,0,3.80036,-0.0249172,2.77275e-07
2.8,1.6,0,3.79699,-0.031466,3.00075e-07
2.8,1.7,0,3.7937,-0.037695,3.23675e-07
2.8,1.8,0,3.7904,-0.0440846,3.16725e-07
2.8,1.9,0,3.7873,-0.0498399,3.75125e-07
2.8,2,0,3.78421,-0.0555952,4.33525e-07
2.8,2.1,0,3.78088,-0.0616133,4.248e-07
2.8,2.2,0,3.77771,-0.0671559,4.037e-07
2.8,2.3,0,3.77419,-0.0730652,4.16725e-07
2.8,2.4,0,3.7707,-0.0781772,4.82375e-07
2.8,2.5,0,3.76722,-0.0832893,5.48025e-07
2.8,2.6,0,3.76293,-0.0885996,5.75175e-07
2.8,2.7,0,3.75886,-0.0931875,6.43675e-07
2.8,2.8,0,3.75418,-0.0983172,6.8738e-07
2.8,2.9,0,3.74922,-0.102296,6.7839e-07
2.8,3,0,3.74426,-0.106274,6.694e-07
2.8,3.1,0,3.73812,-0.110596,6.61775e-07
2.8,3.2,0,3.73187,-0.114054,6.02725e-07
2.8,3.3,0,3.72547,-0.118129,5.91645e-07
2.8,3.4,0,3.71757,-0.121224,5.43635e-07
2.8,3.5,0,3.70967,-0.124319,4.95625e-07
2.8,3.6,0,3.70129,-0.128171,5.0025e-07
2.8,3.7,0,3.69163,-0.131223,4.6375e-07
2.8,3.8,0,3.68221,-0.134828,4.665e-07
2.8,3.9,0,3.6714,-0.137454,4.255e-07
2.8,4,0,3.66059,-0.14008,3.845e-07
2.8,4.1,0,3.64759,-0.137627,3.8225e-07
2.8,4.2,0,3.63684,-0.135469,3.2175e-07
2.8,4.3,0,3.62085,-0.126828,3.06725e-07
2.8,4.4,0,3.6138,-0.119129,2.11175e-07
2.8,4.5,0,3.60675,-0.111429,1.15625e-07
2.8,4.6,0,3.608,-0.0954158,7.7875e-08
2.8,4.7,0,3.61032,-0.0830059,9.0875e-08
2.8,4.8,0,3.61908,-0.0710018,4.042e-08
2.8,4.9,0,3.6298,-0.0575984,1.30513e-07
2.8,5,0,3.64052,-0.0441949,2.20605e-07
2.8,5.1,0,3.63454,-0.0317244,2.655e-07
2.8,5.2,0,3.60786,-0.0217761,2.2625e-07
2.8,5.3,0,3.59478,-0.00769525,1.626e-07
2.8,5.4,0,3.5872,0.00708157,1.0765e-07
2.8,5.5,0,3.58284,0.0223405,6.23e-08
2.8,5.6,0,3.58382,0.037487,3.73e-08
2.8,5.7,0,3.58787,0.052123,3.255e-08
2.8,5.8,0,3.59645,0.0673021,4.2e-08
2.8,5.9,0,3.61712,0.0784951,5.775e-08
2.8,6,0,3.62929,0.0914155,1.11971e-07
2.8,6.1,0,3.62705,0.103947,9.31892e-08
2.8,6.2,0,3.62289,0.116248,6.33214e-08
2.8,6.3,0,3.61874,0.128549,3.34537e-08
2.8,6.4,0,3.62007,0.142493,1.23284e-08
2.8,6.5,0,3.62184,0.152086,2.80896e-08
2.8,6.6,0,3.62356,0.161572,4.45075e-08
2.8,6.7,0,3.62901,0.169678,7.75821e-08
2.8,6.8,0,3.64003,0.173154,1.09795e-07
2.8,6.9,0,3.6492,0.175801,1.18675e-07
2.8,7,0,3.65837,0.178449,1.27556e-07
2.8,7.1,0,3.66802,0.176917,1.06858e-07
2.8,7.2,0,3.67752,0.176326,8.6709e-08
2.8,7.3,0,3.68703,0.175735,6.65597e-08
2.8,7.4,0,3.69497,0.173066,5.17164e-08
2.8,7.5,0,3.70247,0.170421,6.38687e-08
2.8,7.6,0,3.71001,0.167881,7.77866e-08
2.8,7.7,0,3.717,0.164849,9.20869e-08
2.8,7.8,0,3.72244,0.161304,7.53317e-08
2.8,7.9,0,3.72795,0.158458,3.52571e-08
2.8,8,0,3.73346,0.155612,-4.81754e-09
2.8,8.1,0,3.73756,0.151185,-4.24101e-08
2.8,8.2,0,3.74133,0.14773,-1.01713e-08
2.8,8.3,0,3.7451,0.144274,2.20675e-08
2.8,8.4,0,3.74832,0.139803,3.09724e-08
2.8,8.5,0,3.75086,0.135621,1.86515e-08
2.8,8.6,0,3.75337,0.131591,6.03955e-09
2.8,8.7,0,3.75575,0.127284,-6.04254e-09
2.8,8.8,0,3.75747,0.12241,2.0306e-09
2.8,8.9,0,3.75912,0.11802,2.60978e-08
2.8,9,0,3.76077,0.11363,5.01649e-08
2.8,9.1,0,3.76198,0.10852,5.9516e-08
2.8,9.2,0,3.76306,0.103966,1.128e-07
2.8,9.3,0,3.76414,0.0994121,1.66083e-07
2.8,9.4,0,3.76504,0.0944551,2.33135e-07
2.8,9.5,0,3.76578,0.0897379,1.68149e-07
2.8,9.6,0,3.76651,0.0851524,7.32981e-08
2.8,9.7,0,3.76721,0.0804614,-4.17948e-09
2.8,9.8,0,3.76776,0.0755144,-1.45705e-08
2.8,9.9,0,3.76833,0.0709373,-5.89362e-08
2.8,10,0,3.7689,0.0663603,-1.03302e-07
2.8,10.1,0,3.76943,0.0614282,-1.82309e-07
2.8,10.2,0,3.77,0.0569641,-1.9507e-07
2.8,10.3,0,3.77057,0.0525,-2.07831e-07
2.8,10.4,0,3.77118,0.0477074,-2.02996e-07
2.8,10.5,0,3.77188,0.0429734,-2.54099e-07
2.8,10.6,0,3.77258,0.0383691,-3.27047e-07
2.8,10.7,0,3.77333,0.0337449,-3.79935e-07
2.8,10.8,0,3.77443,0.0291739,-3.04143e-07
2.8,10.9,0,3.77553,0.024912,-2.9709e-07
2.8,11,0,3.77663,0.0206501,-2.90038e-07
2.8,11.1,0,3.77809,0.0157295,-2.83918e-07
2.8,11.2,0,3.7797,0.0109935,-2.74142e-07
2.8,11.3,0,3.78132,0.00625752,-2.64366e-07
2.8,11.4,0,3.78335,0.00162866,-2.7756e-07
2.8,11.5,0,3.786,-0.00263827,-3.5321e-07
2.8,11.6,0,3.78863,-0.00683077,-4.39218e-07
2.8,11.7,0,3.79114,-0.0110564,-5.22143e-07
2.8,11.8,0,3.79123,-0.0159218,-5.6334e-07
2.8,11.9,0,3.79157,-0.0208035,-6.31996e-07
2.8,12,0,3.7919,-0.0256851,-7.00653e-07
2.8,12.1,0,3.74558,-0.0290346,-7.14081e-07
2.8,12.2,0,3.68493,-0.0316129,-6.20947e-07
2.8,12.3,0,3.62427,-0.0341912,-5.27812e-07
2.8,12.4,0,3.2107,-0.0327572,-4.6337e-07
2.8,12.5,0,2.14077,-0.0223237,-3.43134e-07
2.8,12.6,0,1.07038,-0.0111619,-1.71567e-07
2.8,12.7,0,0,0,0
2.9,0,0,0,0,0
2.9,0.1,0,1.37539,0.0126048,9.5e-09
2.9,0.2,0,2.75305,0.0276701,8.555e-08
2.9,0.3,0,3.52224,0.035607,1.52275e-07
2.9,0.4,0,3.68067,0.0339553,1.43125e-07
2.9,0.5,0,3.82772,0.0326212,2.13025e-07
2.9,0.6,0,3.83502,0.0266356,1.70175e-07
2.9,0.7,0,3.84161,0.0203638,1.07125e-07
2.9,0.8,0,3.84176,0.0142385,6.03e-08
2.9,0.9,0,3.83617,0.0085462,4.99e-08
2.9,1,0,3.83044,0.00274267,4.46e-08
2.9,1.1,0,3.82563,-0.00424885,-1.855e-08
2.9,1.2,0,3.8208,-0.0111114,-8.475e-09
2.9,1.3,0,3.8164,-0.0177122,2.7475e-08
2.9,1.4,0,3.81243,-0.0241802,1.6075e-08
2.9,1.5,0,3.8086,-0.0301891,-2.0675e-08
2.9,1.6,0,3.80516,-0.0370577,1.325e-09
2.9,1.7,0,3.8018,-0.0436065,2.4125e-08
2.9,1.8,0,3.79849,-0.0499961,1.7175e-08
2.9,1.9,0,3.79518,-0.0565464,-2.0325e-08
2.9,2,0,3.79208,-0.0623017,3.8075e-08
2.9,2.1,0,3.78861,-0.0687952,4.1725e-08
2.9,2.2,0,3.78528,-0.0748133,3.3e-08
2.9,2.3,0,3.78175,-0.0807225,4.6025e-08
2.9,2.4,0,3.77787,-0.0869984,9.3175e-08
2.9,2.5,0,3.77439,-0.0921105,1.58825e-07
2.9,2.6,0,3.76986,-0.0981431,1.44625e-07
2.9,2.7,0,3.76557,-0.103453,1.71775e-07
2.9,2.8,0,3.76089,-0.108583,2.1548e-07
2.9,2.9,0,3.75559,-0.114255,2.3439e-07
2.9,3,0,3.75063,-0.118233,2.254e-07
2.9,3.1,0,3.74458,-0.123417,2.692e-07
2.9,3.2,0,3.73844,-0.127738,2.61575e-07
2.9,3.3,0,3.73203,-0.131812,2.50495e-07
2.9,3.4,0,3.72546,-0.136503,2.87385e-07
2.9,3.5,0,3.71756,-0.139598,2.39375e-07
2.9,3.6,0,3.71046,-0.144249,2.85125e-07
2.9,3.7,0,3.70208,-0.148101,2.8975e-07
2.9,3.8,0,3.69266,-0.151706,2.925e-07
2.9,3.9,0,3.68349,-0.155864,3.345e-07
2.9,4,0,3.67268,-0.15849,2.935e-07
2.9,4.1,0,3.65743,-0.155743,3.495e-07
2.9,4.2,0,3.64444,-0.153291,3.4725e-07
2.9,4.3,0,3.62845,-0.14465,3.32225e-07
2.9,4.4,0,3.60721,-0.129527,3.62675e-07
2.9,4.5,0,3.60016,-0.121827,2.67125e-07
2.9,4.6,0,3.60034,-0.102211,1.78625e-07
2.9,4.7,0,3.60159,-0.0861975,1.40875e-07
2.9,4.8,0,3.61035,-0.0741934,9.042e-08
2.9,4.9,0,3.62556,-0.062595,-2.349e-08
2.9,5,0,3.63628,-0.0491915,6.66025e-08
2.9,5.1,0,3.62423,-0.0373167,8.9e-08
2.9,5.2,0,3.5927,-0.0260292,7.625e-08
2.9,5.3,0,3.57636,-0.0109198,2.88e-08
2.9,5.4,0,3.56692,0.00609504,-8.05e-09
2.9,5.5,0,3.56294,0.0237287,-4.51e-08
2.9,5.6,0,3.56362,0.0413206,-7.26e-08
2.9,5.7,0,3.56892,0.0586182,-8.685e-08
2.9,5.8,0,3.57983,0.0754005,-8.9e-08
2.9,5.9,0,3.60338,0.0886572,-8.175e-08
2.9,6,0,3.6219,0.102122,-1.2202e-08
2.9,6.1,0,3.62061,0.114767,-2.5523e-08
2.9,6.2,0,3.61932,0.127412,-3.8844e-08
2.9,6.3,0,3.61519,0.139717,-6.85463e-08
2.9,6.4,0,3.61652,0.153661,-8.96716e-08
2.9,6.5,0,3.62081,0.16849,-1.0609e-07
2.9,6.6,0,3.62345,0.179899,-1.01493e-07
2.9,6.7,0,3.6289,0.188005,-6.84179e-08
2.9,6.8,0,3.64307,0.192891,3.52239e-09
2.9,6.9,0,3.65578,0.197128,5.71754e-08
2.9,7,0,3.66495,0.199775,6.6056e-08
2.9,7.1,0,3.67467,0.197783,4.45224e-08
2.9,7.2,0,3.68442,0.195546,2.13881e-08
2.9,7.3,0,3.69394,0.194856,1.0597e-09
2.9,7.4,0,3.70188,0.192187,-1.37836e-08
2.9,7.5,0,3.70878,0.188132,-2.50896e-08
2.9,7.6,0,3.71606,0.184971,-2.15134e-08
2.9,7.7,0,3.72305,0.181939,-7.21306e-09
2.9,7.8,0,3.72838,0.177429,8.2347e-09
2.9,7.9,0,3.73376,0.173318,1.03571e-08
2.9,8,0,3.73927,0.170472,-2.97175e-08
2.9,8.1,0,3.74342,0.165691,-8.87996e-08
2.9,8.2,0,3.74742,0.160695,-1.49994e-07
2.9,8.3,0,3.75121,0.15707,-1.28032e-07
2.9,8.4,0,3.75444,0.152599,-1.19128e-07
2.9,8.5,0,3.75721,0.147296,-1.29314e-07
2.9,8.6,0,3.75984,0.142681,-1.4081e-07
2.9,8.7,0,3.76221,0.138374,-1.52893e-07
2.9,8.8,0,3.76402,0.132955,-1.62855e-07
2.9,8.9,0,3.76579,0.127732,-1.66352e-07
2.9,9,0,3.76745,0.123342,-1.42285e-07
2.9,9.1,0,3.76866,0.118075,-1.43559e-07
2.9,9.2,0,3.76979,0.112655,-1.49306e-07
2.9,9.3,0,3.77088,0.107962,-1.05467e-07
2.9,9.4,0,3.77179,0.103005,-3.84146e-08
2.9,9.5,0,3.77251,0.0976452,4.24063e-08
2.9,9.6,0,3.77324,0.0926648,3.71481e-08
2.9,9.7,0,3.77394,0.0879738,-4.03295e-08
2.9,9.8,0,3.77447,0.0826853,-1.93593e-08
2.9,9.9,0,3.775,0.0774963,-7.53619e-09
2.9,10,0,3.77557,0.0729193,-5.19019e-08
2.9,10.1,0,3.7761,0.0679008,-1.42536e-07
2.9,10.2,0,3.77661,0.0627719,-2.44738e-07
2.9,10.3,0,3.77717,0.0581682,-2.76281e-07
2.9,10.4,0,3.77778,0.0533756,-2.71446e-07
2.9,10.5,0,3.77845,0.0481815,-2.45102e-07
2.9,10.6,0,3.77913,0.0432469,-2.62447e-07
2.9,10.7,0,3.77987,0.0386226,-3.15335e-07
2.9,10.8,0,3.78097,0.0338186,-1.87686e-07
2.9,10.9,0,3.78207,0.0290633,-7.08903e-08
2.9,11,0,3.78317,0.0248013,-6.38381e-08
2.9,11.1,0,3.78463,0.0198446,-5.80731e-08
2.9,11.2,0,3.78621,0.0146562,-5.27373e-08
2.9,11.3,0,3.78781,0.00980253,-4.41157e-08
2.9,11.4,0,3.78985,0.00517367,-5.73097e-08
2.9,11.5,0,3.79252,0.000705508,-1.04959e-07
2.9,11.6,0,3.79517,-0.00365515,-1.67568e-07
2.9,11.7,0,3.79768,-0.00788079,-2.50493e-07
2.9,11.8,0,3.79763,-0.0127362,-2.74859e-07
2.9,11.9,0,3.79759,-0.0175927,-3.00996e-07
2.9,12,0,3.79793,-0.0224744,-3.69653e-07
2.9,12.1,0,3.75143,-0.0258275,-3.85679e-07
2.9,12.2,0,3.68486,-0.0285254,-3.79149e-07
2.9,12.3,0,3.62237,-0.0311409,-3.12862e-07
2.9,12.4,0,3.2088,-0.0297068,-2.4842e-07
2.9,12.5,0,2.13983,-0.0208213,-2.37263e-07
2.9,12.6,0,1.07038,-0.0111619,-1.71567e-07
2.9,12.7,0,0,0,0
3,0,0,0,0,0
3,0.1,0,1.37539,0.0126048,9.5e-09
3,0.2,0,2.75077,0.0252097,1.9e-08
3,0.3,0,3.51768,0.0306863,1.9175e-08
3,0.4,0,3.6761,0.0290345,1.0025e-08
3,0.5,0,3.83453,0.0273828,8.75e-10
3,0.6,0,3.84183,0.0213972,-4.1975e-08
3,0.7,0,3.84913,0.0154116,-8.4825e-08
3,0.8,0,3.84999,0.00957268,-1.1145e-07
3,0.9,0,3.8444,0.00388033,-1.2185e-07
3,1,0,3.8388,-0.00181201,-1.3225e-07
3,1.1,0,3.83399,-0.00880353,-1.954e-07
3,1.2,0,3.82918,-0.015795,-2.5855e-07
3,1.3,0,3.82479,-0.0225248,-2.95825e-07
3,1.4,0,3.82081,-0.0289929,-3.07225e-07
3,1.5,0,3.81684,-0.0354609,-3.18625e-07
3,1.6,0,3.8134,-0.0423295,-2.96625e-07
3,1.7,0,3.80997,-0.0491981,-2.74625e-07
3,1.8,0,3.80659,-0.0559076,-2.82375e-07
3,1.9,0,3.80327,-0.0624579,-3.19875e-07
3,2,0,3.79995,-0.0690081,-3.57375e-07
3,2.1,0,3.79648,-0.0755017,-3.53725e-07
3,2.2,0,3.793,-0.0819952,-3.50075e-07
3,2.3,0,3.78932,-0.0883799,-3.24675e-07
3,2.4,0,3.78544,-0.0946557,-2.77525e-07
3,2.5,0,3.78155,-0.100932,-2.30375e-07
3,2.6,0,3.77703,-0.106964,-2.44575e-07
3,2.7,0,3.77251,-0.112997,-2.58775e-07
3,2.8,0,3.7676,-0.118849,-2.5642e-07
3,2.9,0,3.7623,-0.124521,-2.3751e-07
3,3,0,3.757,-0.130192,-2.186e-07
3,3.1,0,3.75096,-0.135376,-1.748e-07
3,3.2,0,3.74491,-0.140559,-1.31e-07
3,3.3,0,3.7386,-0.145496,-9.0655e-08
3,3.4,0,3.73203,-0.150186,-5.3765e-08
3,3.5,0,3.72545,-0.154876,-1.6875e-08
3,3.6,0,3.71835,-0.159528,2.8875e-08
3,3.7,0,3.71125,-0.164179,7.4625e-08
3,3.8,0,3.70312,-0.168584,1.185e-07
3,3.9,0,3.69394,-0.172742,1.605e-07
3,4,0,3.68476,-0.1769,2.025e-07
3,4.1,0,3.66952,-0.174153,2.585e-07
3,4.2,0,3.65428,-0.171407,3.145e-07
3,4.3,0,3.63604,-0.162472,3.57725e-07
3,4.4,0,3.61481,-0.147348,3.88175e-07
3,4.5,0,3.59358,-0.132225,4.18625e-07
3,4.6,0,3.59376,-0.112609,3.30125e-07
3,4.7,0,3.59393,-0.0929923,2.41625e-07
3,4.8,0,3.60162,-0.0773849,1.4042e-07
3,4.9,0,3.61683,-0.0657865,2.651e-08
3,5,0,3.63203,-0.0541881,-8.74e-08
3,5.1,0,3.61392,-0.042909,-8.75e-08
3,5.2,0,3.57755,-0.0302824,-7.375e-08
3,5.3,0,3.55795,-0.0141443,-1.05e-07
3,5.4,0,3.54664,0.00510851,-1.2375e-07
3,5.5,0,3.54304,0.025117,-1.525e-07
3,5.6,0,3.54341,0.0451541,-1.825e-07
3,5.7,0,3.54997,0.0651134,-2.0625e-07
3,5.8,0,3.5632,0.083499,-2.2e-07
3,5.9,0,3.58964,0.0988193,-2.2125e-07
3,6,0,3.61451,0.112828,-1.36375e-07
3,6.1,0,3.61322,0.125473,-1.49696e-07
3,6.2,0,3.61193,0.138119,-1.63017e-07
3,6.3,0,3.61064,0.150764,-1.76338e-07
3,6.4,0,3.61297,0.164828,-1.91672e-07
3,6.5,0,3.61726,0.179657,-2.0809e-07
3,6.6,0,3.62155,0.194486,-2.24507e-07
3,6.7,0,3.6288,0.206332,-2.14418e-07
3,6.8,0,3.64296,0.211218,-1.42478e-07
3,6.9,0,3.65712,0.216104,-7.05373e-08
3,7,0,3.67128,0.22099,1.40299e-09
3,7.1,0,3.68125,0.219109,-1.69776e-08
3,7.2,0,3.691,0.216872,-4.01119e-08
3,7.3,0,3.70075,0.214635,-6.32463e-08
3,7.4,0,3.70879,0.211308,-7.92836e-08
3,7.5,0,3.71569,0.207253,-9.05896e-08
3,7.6,0,3.72259,0.203198,-1.01896e-07
3,7.7,0,3.72909,0.19903,-1.06513e-07
3,7.8,0,3.73443,0.194519,-9.10653e-08
3,7.9,0,3.73977,0.190008,-7.56175e-08
3,8,0,3.7451,0.185498,-6.01698e-08
3,8.1,0,3.74923,0.18055,-1.137e-07
3,8.2,0,3.75323,0.175555,-1.74894e-07
3,8.3,0,3.75723,0.170559,-2.36088e-07
3,8.4,0,3.76055,0.165394,-2.69228e-07
3,8.5,0,3.76333,0.160092,-2.79414e-07
3,8.6,0,3.7661,0.154789,-2.89601e-07
3,8.7,0,3.76868,0.149463,-2.99743e-07
3,8.8,0,3.77048,0.144044,-3.09705e-07
3,8.9,0,3.77229,0.138626,-3.19668e-07
3,9,0,3.77409,0.133207,-3.29631e-07
3,9.1,0,3.77533,0.127786,-3.36009e-07
3,9.2,0,3.77646,0.122366,-3.41756e-07
3,9.3,0,3.7776,0.116945,-3.47502e-07
3,9.4,0,3.77853,0.111555,-3.09965e-07
3,9.5,0,3.77925,0.106195,-2.29144e-07
3,9.6,0,3.77997,0.100835,-1.48323e-07
3,9.7,0,3.78067,0.0954862,-7.64795e-08
3,9.8,0,3.78119,0.0901977,-5.55093e-08
3,9.9,0,3.78172,0.0849091,-3.45392e-08
3,10,0,3.78224,0.0796206,-1.3569e-08
3,10.1,0,3.78276,0.0744598,-9.11362e-08
3,10.2,0,3.78328,0.0693309,-1.93338e-07
3,10.3,0,3.7838,0.064202,-2.95539e-07
3,10.4,0,3.78439,0.0590438,-3.39896e-07
3,10.5,0,3.78505,0.0538497,-3.13552e-07
3,10.6,0,3.78571,0.0486555,-2.87209e-07
3,10.7,0,3.78642,0.0435004,-2.50735e-07
3,10.8,0,3.78752,0.0386963,-1.23086e-07
3,10.9,0,3.78862,0.0338922,4.56343e-09
3,11,0,3.78972,0.0290881,1.32213e-07
3,11.1,0,3.79118,0.0239958,1.68127e-07
3,11.2,0,3.79275,0.0188074,1.73463e-07
3,11.3,0,3.79433,0.013619,1.78799e-07
3,11.4,0,3.79634,0.00871869,1.6294e-07
3,11.5,0,3.79901,0.00425052,1.15291e-07
3,11.6,0,3.80168,-0.000217641,6.76418e-08
3,11.7,0,3.80422,-0.00470517,2.11567e-08
3,11.8,0,3.80417,-0.00956061,-3.20896e-09
3,11.9,0,3.80412,-0.0144161,-2.75746e-08
3,12,0,3.80407,-0.0192715,-5.19403e-08
3,12.1,0,3.75745,-0.0226167,-5.46791e-08
3,12.2,0,3.69088,-0.0253147,-4.81493e-08
3,12.3,0,3.62432,-0.0280127,-4.16194e-08
3,12.4,0,3.20691,-0.0266565,-3.34701e-08
3,12.5,0,2.13794,-0.017771,-2.23134e-08
3,12.6,0,1.06897,-0.0088855,-1.11567e-08
3,12.7,0,0,0,0
3.1,0,0,0,0,0
3.1,0.1,0,1.37299,0.00744633,1.985e-08
3.1,0.2,0,2.74838,0.0200512,2.935e-08
3.1,0.3,0,3.51922,0.0251972,6.295e-08
3.1,0.4,0,3.68159,0.0232149,8.7225e-08
3.1,0.5,0,3.84002,0.0215632,7.8075e-08
3.1,0.6,0,3.84849,0.0161515,8.5975e-08
3.1,0.7,0,3.85579,0.0101659,4.3125e-08
3.1,0.8,0,3.85691,0.00439985,-2.34047e-08
3.1,0.9,0,3.85158,-0.00121955,-7.37095e-08
3.1,1,0,3.84599,-0.0069119,-8.41095e-08
3.1,1.1,0,3.84156,-0.0140292,-1.2921e-07
3.1,1.2,0,3.83675,-0.0210207,-1.9236e-07
3.1,1.3,0,3.83241,-0.027939,-2.08985e-07
3.1,1.4,0,3.82849,-0.0345957,-1.99735e-07
3.1,1.5,0,3.82452,-0.0410637,-2.11135e-07
3.1,1.6,0,3.82111,-0.0484444,-2.81145e-07
3.1,1.7,0,3.81768,-0.055313,-2.59145e-07
3.1,1.8,0,3.81428,-0.0623615,-2.42058e-07
3.1,1.9,0,3.81093,-0.0692509,-2.5472e-07
3.1,2,0,3.80762,-0.0758011,-2.9222e-07
3.1,2.1,0,3.80404,-0.0830357,-2.41655e-07
3.1,2.2,0,3.80057,-0.0895293,-2.38005e-07
3.1,2.3,0,3.79682,-0.0962614,-2.61762e-07
3.1,2.4,0,3.79286,-0.102885,-2.6377e-07
3.1,2.5,0,3.78897,-0.109161,-2.1662e-07
3.1,2.6,0,3.78424,-0.115627,-2.30225e-07
3.1,2.7,0,3.77972,-0.12166,-2.44425e-07
3.1,2.8,0,3.7746,-0.127456,-2.53253e-07
3.1,2.9,0,3.7691,-0.133072,-2.45525e-07
3.1,3,0,3.76381,-0.138743,-2.26615e-07
3.1,3.1,0,3.7569,-0.142959,-2.53615e-07
3.1,3.2,0,3.75085,-0.148142,-2.09815e-07
3.1,3.3,0,3.74364,-0.151866,-1.88787e-07
3.1,3.4,0,3.73616,-0.155343,-1.71215e-07
3.1,3.5,0,3.72959,-0.160033,-1.34325e-07
3.1,3.6,0,3.71939,-0.160078,-1.50625e-07
3.1,3.7,0,3.71229,-0.16473,-1.04875e-07
3.1,3.8,0,3.70213,-0.165861,-8.35e-08
3.1,3.9,0,3.69094,-0.166745,-6.4e-08
3.1,4,0,3.68176,-0.170903,-2.2e-08
3.1,4.1,0,3.66285,-0.163574,-8e-09
3.1,4.2,0,3.64761,-0.160827,4.8e-08
3.1,4.3,0,3.62873,-0.154877,9.375e-08
3.1,4.4,0,3.60685,-0.142739,1.26725e-07
3.1,4.5,0,3.58562,-0.127616,1.57175e-07
3.1,4.6,0,3.57906,-0.122628,1.57675e-07
3.1,4.7,0,3.57924,-0.103012,6.9175e-08
3.1,4.8,0,3.58478,-0.0888208,1.77163e-08
3.1,4.9,0,3.59783,-0.0786387,-4.64475e-08
3.1,5,0,3.61303,-0.0670403,-1.60358e-07
3.1,5.1,0,3.59725,-0.0524399,-1.175e-07
3.1,5.2,0,3.55921,-0.0373495,-6.275e-08
3.1,5.3,0,3.53833,-0.017432,-5.78e-08
3.1,5.4,0,3.52605,0.00410016,-5.84e-08
3.1,5.5,0,3.52057,0.0268211,-7.365e-08
3.1,5.6,0,3.52185,0.0493073,-9.93e-08
3.1,5.7,0,3.52894,0.0712295,-1.2575e-07
3.1,5.8,0,3.54263,0.0931841,-1.4e-07
3.1,5.9,0,3.57011,0.110759,-1.3575e-07
3.1,6,0,3.59381,0.127943,-6.78043e-08
3.1,6.1,0,3.59719,0.138725,-9.6924e-08
3.1,6.2,0,3.59749,0.150736,-1.15617e-07
3.1,6.3,0,3.59619,0.163382,-1.28938e-07
3.1,6.4,0,3.60307,0.172178,-1.40391e-07
3.1,6.5,0,3.61218,0.181413,-1.5269e-07
3.1,6.6,0,3.61647,0.196242,-1.69107e-07
3.1,6.7,0,3.62467,0.2081,-1.70301e-07
3.1,6.8,0,3.64198,0.213027,-1.35973e-07
3.1,6.9,0,3.65627,0.217914,-6.55373e-08
3.1,7,0,3.67044,0.2228,6.40299e-09
3.1,7.1,0,3.68337,0.224393,-1.4459e-08
3.1,7.2,0,3.69434,0.223582,-3.86119e-08
3.1,7.3,0,3.70408,0.221345,-6.17463e-08
3.1,7.4,0,3.71305,0.219366,-6.31418e-08
3.1,7.5,0,3.7211,0.216975,-5.63896e-08
3.1,7.6,0,3.72799,0.21292,-6.76955e-08
3.1,7.7,0,3.73467,0.20897,-7.43466e-08
3.1,7.8,0,3.74067,0.205334,-6.70332e-08
3.1,7.9,0,3.74607,0.200902,-5.23175e-08
3.1,8,0,3.7514,0.196391,-3.68698e-08
3.1,8.1,0,3.75572,0.191374,-4.00937e-08
3.1,8.2,0,3.75981,0.186345,-7.66937e-08
3.1,8.3,0,3.76381,0.181349,-1.37888e-07
3.1,8.4,0,3.76715,0.175856,-1.34648e-07
3.1,8.5,0,3.76994,0.17008,-9.25792e-08
3.1,8.6,0,3.77271,0.164778,-1.02766e-07
3.1,8.7,0,3.77529,0.159299,-1.15311e-07
3.1,8.8,0,3.77707,0.153117,-1.37288e-07
3.1,8.9,0,3.77887,0.147592,-1.48933e-07
3.1,9,0,3.78068,0.142173,-1.58896e-07
3.1,9.1,0,3.78187,0.136104,-1.9968e-07
3.1,9.2,0,3.78298,0.130309,-2.25261e-07
3.1,9.3,0,3.78411,0.124888,-2.31007e-07
3.1,9.4,0,3.785,0.119145,-2.12024e-07
3.1,9.5,0,3.78566,0.113193,-1.62374e-07
3.1,9.6,0,3.78638,0.107834,-8.15528e-08
3.1,9.7,0,3.78706,0.10239,-1.16427e-08
3.1,9.8,0,3.78749,0.0964685,-3.5606e-09
3.1,9.9,0,3.788,0.0910598,1.49608e-08
3.1,10,0,3.78852,0.0857712,3.5931e-08
3.1,10.1,0,3.78897,0.080154,5.45399e-08
3.1,10.2,0,3.78943,0.074717,1.72573e-08
3.1,10.3,0,3.78995,0.0695881,-8.49442e-08
3.1,10.4,0,3.79049,0.064217,-1.18474e-07
3.1,10.5,0,3.79107,0.0586019,-7.07172e-08
3.1,10.6,0,3.79174,0.0534078,-4.4374e-08
3.1,10.7,0,3.79244,0.0482098,-2.20814e-08
3.1,10.8,0,3.79345,0.0429769,-3.62456e-08
3.1,10.9,0,3.79453,0.03807,5.73684e-08
3.1,11,0,3.79563,0.0332659,1.85018e-07
3.1,11.1,0,3.79698,0.0279627,2.14473e-07
3.1,11.2,0,3.79847,0.0226084,2.14728e-07
3.1,11.3,0,3.80005,0.01742,2.20064e-07
3.1,11.4,0,3.802,0.0124641,2.28495e-07
3.1,11.5,0,3.80454,0.00786534,2.37926e-07
3.1,11.6,0,3.80721,0.00339718,1.90277e-07
3.1,11.7,0,3.80971,-0.00108107,1.44729e-07
3.1,11.8,0,3.8092,-0.00575089,1.39114e-07
3.1,11.9,0,3.80901,-0.0105525,1.20185e-07
3.1,12,0,3.80896,-0.015408,9.58197e-08
3.1,12.1,0,3.75907,-0.01885,1.02113e-07
3.1,12.2,0,3.68951,-0.0216364,1.16901e-07
3.1,12.3,0,3.62295,-0.0243344,1.23431e-07
3.1,12.4,0,3.2059,-0.0239389,8.84698e-08
3.1,12.5,0,2.13794,-0.017771,-2.23134e-08
3.1,12.6,0,1.06897,-0.0088855,-1.11567e-08
3.1,12.7,0,0,0,0
3.2,0,0,0,0,0
3.2,0.1,0,1.37299,0.00744633,1.985e-08
3.2,0.2,0,2.74598,0.0148927,3.97e-08
3.2,0.3,0,3.51683,0.0200387,7.33e-08
3.2,0.4,0,3.68314,0.0177259,1.31e-07
3.2,0.5,0,3.8455,0.0157436,1.55275e-07
3.2,0.6,0,3.85398,0.0103319,1.63175e-07
3.2,0.7,0,3.86245,0.0049201,1.71075e-07
3.2,0.8,0,3.86357,-0.000845923,1.04545e-07
3.2,0.9,0,3.8585,-0.00639238,1.43358e-08
3.2,1,0,3.85318,-0.0120118,-3.5969e-08
3.2,1.1,0,3.84875,-0.0191291,-8.1069e-08
3.2,1.2,0,3.84431,-0.0262463,-1.26169e-07
3.2,1.3,0,3.83998,-0.0331647,-1.42794e-07
3.2,1.4,0,3.83611,-0.0400099,-1.12895e-07
3.2,1.5,0,3.8322,-0.0466665,-1.03645e-07
3.2,1.6,0,3.82879,-0.0540472,-1.73655e-07
3.2,1.7,0,3.82539,-0.0614279,-2.43665e-07
3.2,1.8,0,3.82199,-0.0684764,-2.26578e-07
3.2,1.9,0,3.81862,-0.0757048,-2.14403e-07
3.2,2,0,3.81528,-0.0825942,-2.27065e-07
3.2,2.1,0,3.81171,-0.0898287,-1.765e-07
3.2,2.2,0,3.80813,-0.0970633,-1.25935e-07
3.2,2.3,0,3.80438,-0.103795,-1.49693e-07
3.2,2.4,0,3.80035,-0.110766,-2.00858e-07
3.2,2.5,0,3.79639,-0.11739,-2.02865e-07
3.2,2.6,0,3.79166,-0.123856,-2.1647e-07
3.2,2.7,0,3.78693,-0.130323,-2.30075e-07
3.2,2.8,0,3.78181,-0.136119,-2.38903e-07
3.2,2.9,0,3.77611,-0.141679,-2.42358e-07
3.2,3,0,3.77061,-0.147295,-2.3463e-07
3.2,3.1,0,3.7637,-0.15151,-2.6163e-07
3.2,3.2,0,3.75679,-0.155726,-2.8863e-07
3.2,3.3,0,3.74958,-0.159449,-2.67603e-07
3.2,3.4,0,3.7412,-0.161713,-2.69348e-07
3.2,3.5,0,3.73372,-0.16519,-2.51775e-07
3.2,3.6,0,3.72352,-0.165235,-2.68075e-07
3.2,3.7,0,3.71333,-0.165281,-2.84375e-07
3.2,3.8,0,3.70317,-0.166411,-2.63e-07
3.2,3.9,0,3.68995,-0.164022,-2.66e-07
3.2,4,0,3.67875,-0.164906,-2.465e-07
3.2,4.1,0,3.65985,-0.157577,-2.325e-07
3.2,4.2,0,3.64094,-0.150247,-2.185e-07
3.2,4.3,0,3.62206,-0.144298,-1.7275e-07
3.2,4.4,0,3.59953,-0.135145,-1.3725e-07
3.2,4.5,0,3.57766,-0.123007,-1.04275e-07
3.2,4.6,0,3.5711,-0.118019,-1.03775e-07
3.2,4.7,0,3.56454,-0.113031,-1.03275e-07
3.2,4.8,0,3.57008,-0.0988404,-1.54734e-07
3.2,4.9,0,3.58098,-0.0900746,-1.69151e-07
3.2,5,0,3.59403,-0.0798924,-2.33315e-07
3.2,5.1,0,3.58058,-0.0619708,-1.475e-07
3.2,5.2,0,3.54087,-0.0444166,-5.175e-08
3.2,5.3,0,3.51871,-0.0207196,-1.06e-08
3.2,5.4,0,3.50546,0.0030918,6.95e-09
3.2,5.5,0,3.49809,0.0285252,5.2e-09
3.2,5.6,0,3.50029,0.0534605,-1.61e-08
3.2,5.7,0,3.50791,0.0773456,-4.525e-08
3.2,5.8,0,3.52207,0.102869,-6e-08
3.2,5.9,0,3.55059,0.122698,-5.025e-08
3.2,6,0,3.57311,0.143058,7.65921e-10
3.2,6.1,0,3.57649,0.15384,-2.83538e-08
3.2,6.2,0,3.57987,0.164621,-5.74735e-08
3.2,6.3,0,3.58175,0.176,-8.15376e-08
3.2,6.4,0,3.58863,0.184795,-9.2991e-08
3.2,6.5,0,3.5999,0.191518,-1.03439e-07
3.2,6.6,0,3.61118,0.198241,-1.13887e-07
3.2,6.7,0,3.61959,0.209856,-1.14901e-07
3.2,6.8,0,3.63691,0.214783,-8.05731e-08
3.2,6.9,0,3.65422,0.219709,-4.62448e-08
3.2,7,0,3.66959,0.224611,1.1403e-08
3.2,7.1,0,3.68252,0.226203,-9.45896e-09
3.2,7.2,0,3.69539,0.227623,-3.52052e-08
3.2,7.3,0,3.70742,0.228055,-6.02463e-08
3.2,7.4,0,3.71639,0.226076,-6.16418e-08
3.2,7.5,0,3.72483,0.224269,-4.85448e-08
3.2,7.6,0,3.73328,0.222462,-3.54478e-08
3.2,7.7,0,3.74008,0.218692,-4.01466e-08
3.2,7.8,0,3.74608,0.215056,-3.28332e-08
3.2,7.9,0,3.75208,0.21142,-2.55198e-08
3.2,8,0,3.7577,0.207285,-1.35698e-08
3.2,8.1,0,3.76202,0.202268,-1.67937e-08
3.2,8.2,0,3.76622,0.197195,-2.20922e-08
3.2,8.3,0,3.77038,0.192139,-3.96877e-08
3.2,8.4,0,3.77372,0.186646,-3.64476e-08
3.2,8.5,0,3.77652,0.180745,1.95114e-08
3.2,8.6,0,3.77932,0.174844,7.54703e-08
3.2,8.7,0,3.7819,0.169288,7.15245e-08
3.2,8.8,0,3.78369,0.163106,4.95469e-08
3.2,8.9,0,3.78547,0.156924,2.75693e-08
3.2,9,0,3.78727,0.151139,1.18394e-08
3.2,9.1,0,3.78845,0.14507,-2.89453e-08
3.2,9.2,0,3.78953,0.138886,-7.51692e-08
3.2,9.3,0,3.79062,0.132832,-1.14512e-07
3.2,9.4,0,3.79151,0.127089,-9.55287e-08
3.2,9.5,0,3.79215,0.121024,-5.1816e-08
3.2,9.6,0,3.7928,0.114959,-8.10328e-09
3.2,9.7,0,3.79346,0.109388,5.51273e-08
3.2,9.8,0,3.79389,0.103467,6.32094e-08
3.2,9.9,0,3.79432,0.0975457,7.12915e-08
3.2,10,0,3.7948,0.0919219,8.5431e-08
3.2,10.1,0,3.79524,0.0863046,1.0404e-07
3.2,10.2,0,3.79567,0.0806052,1.22059e-07
3.2,10.3,0,3.7961,0.0749742,1.25651e-07
3.2,10.4,0,3.79665,0.0696031,9.21213e-08
3.2,10.5,0,3.79722,0.0639359,1.42524e-07
3.2,10.6,0,3.79778,0.0582688,1.92927e-07
3.2,10.7,0,3.79846,0.052962,2.20754e-07
3.2,10.8,0,3.79947,0.0477292,2.06589e-07
3.2,10.9,0,3.80049,0.0424963,1.92425e-07
3.2,11,0,3.80154,0.0374436,2.37823e-07
3.2,11.1,0,3.80289,0.0321404,2.67278e-07
3.2,11.2,0,3.80432,0.0266709,2.64002e-07
3.2,11.3,0,3.80576,0.0212211,2.61329e-07
3.2,11.4,0,3.80772,0.0162652,2.6976e-07
3.2,11.5,0,3.81024,0.011658,2.82834e-07
3.2,11.6,0,3.81277,0.00705091,2.95909e-07
3.2,11.7,0,3.81524,0.00253375,2.67364e-07
3.2,11.8,0,3.81472,-0.00213607,2.61749e-07
3.2,11.9,0,3.8142,-0.0068059,2.56133e-07
3.2,12,0,3.81386,-0.0115444,2.4358e-07
3.2,12.1,0,3.76397,-0.0149864,2.49873e-07
3.2,12.2,0,3.69273,-0.0178226,2.69306e-07
3.2,12.3,0,3.62158,-0.0206561,2.88481e-07
3.2,12.4,0,3.20453,-0.0202606,2.5352e-07
3.2,12.5,0,2.13658,-0.0141201,1.41505e-07
3.2,12.6,0,1.06863,-0.00797965,2.94899e-08
3.2,12.7,0,0,0,0
3.3,0,0,0,0,0
3.3,0.1,0,1.37298,0.0052232,-8.78e-08
3.3,0.2,0,2.74597,0.0126695,-6.795e-08
3.3,0.3,0,3.51805,0.0148282,-1.314e-08
3.3,0.4,0,3.68435,0.0125154,4.456e-08
3.3,0.5,0,3.85066,0.0102026,1.0226e-07
3.3,0.6,0,3.85959,0.00494461,1.24595e-07
3.3,0.7,0,3.86807,-0.000467155,1.32495e-07
3.3,0.8,0,3.87018,-0.00592366,1.71953e-07
3.3,0.9,0,3.86511,-0.0114701,8.17432e-08
3.3,1,0,3.86005,-0.0170166,-8.46625e-09
3.3,1.1,0,3.85592,-0.024143,3.78413e-08
3.3,1.2,0,3.85149,-0.0312602,-7.25875e-09
3.3,1.3,0,3.84751,-0.0383892,-2.0814e-08
3.3,1.4,0,3.84365,-0.0452343,9.0855e-09
3.3,1.5,0,3.83978,-0.0520795,3.8985e-08
3.3,1.6,0,3.83647,-0.0596554,4.48425e-08
3.3,1.7,0,3.83307,-0.0670361,-2.51675e-08
3.3,1.8,0,3.82971,-0.0746399,-2.40425e-08
3.3,1.9,0,3.82634,-0.0818683,-1.18675e-08
3.3,2,0,3.82298,-0.0890967,3.075e-10
3.3,2.1,0,3.81935,-0.096722,-1.7615e-08
3.3,2.2,0,3.81578,-0.103957,3.295e-08
3.3,2.3,0,3.81179,-0.111601,3.2165e-08
3.3,2.4,0,3.80776,-0.118572,-1.9e-08
3.3,2.5,0,3.80373,-0.125542,-7.0165e-08
3.3,2.6,0,3.79857,-0.132821,-8.24175e-08
3.3,2.7,0,3.79384,-0.139288,-9.60225e-08
3.3,2.8,0,3.78779,-0.14654,-1.27303e-07
3.3,2.9,0,3.78209,-0.1521,-1.30758e-07
3.3,3,0,3.77638,-0.15766,-1.34213e-07
3.3,3.1,0,3.76799,-0.163702,-1.79088e-07
3.3,3.2,0,3.76108,-0.167917,-2.06088e-07
3.3,3.3,0,3.75107,-0.173699,-2.5461e-07
3.3,3.4,0,3.74269,-0.175962,-2.56355e-07
3.3,3.5,0,3.73431,-0.178226,-2.581e-07
3.3,3.6,0,3.72098,-0.181634,-2.972e-07
3.3,3.7,0,3.71078,-0.18168,-3.135e-07
3.3,3.8,0,3.69654,-0.184112,-3.38425e-07
3.3,3.9,0,3.68333,-0.181722,-3.41425e-07
3.3,4,0,3.67011,-0.179333,-3.44425e-07
3.3,4.1,0,3.65064,-0.173741,-3.505e-07
3.3,4.2,0,3.63174,-0.166411,-3.365e-07
3.3,4.3,0,3.6119,-0.153273,-3.17e-07
3.3,4.4,0,3.58937,-0.14412,-2.815e-07
3.3,4.5,0,3.56685,-0.134967,-2.46e-07
3.3,4.6,0,3.56842,-0.118066,-2.2275e-07
3.3,4.7,0,3.56186,-0.113079,-2.2225e-07
3.3,4.8,0,3.56623,-0.104564,-2.05652e-07
3.3,4.9,0,3.57713,-0.0957986,-2.2007e-07
3.3,5,0,3.58803,-0.0870328,-2.34487e-07
3.3,5.1,0,3.56594,-0.0706884,-1.3825e-07
3.3,5.2,0,3.51906,-0.0516004,-4.175e-08
3.3,5.3,0,3.49405,-0.0256111,1.05e-08
3.3,5.4,0,3.47901,0.00117555,3.6375e-08
3.3,5.5,0,3.471,0.0296601,4.3625e-08
3.3,5.6,0,3.47342,0.0577518,2.85e-08
3.3,5.7,0,3.48223,0.084733,4e-09
3.3,5.8,0,3.49828,0.112543,-8.5e-09
3.3,5.9,0,3.5317,0.134448,1.75e-09
3.3,6,0,3.56224,0.153574,6.72849e-08
3.3,6.1,0,3.5656,0.16511,7.11813e-08
3.3,6.2,0,3.56898,0.175892,4.20616e-08
3.3,6.3,0,3.57236,0.186674,1.29419e-08
3.3,6.4,0,3.57441,0.203482,-2.82948e-08
3.3,6.5,0,3.58548,0.210472,-3.94888e-08
3.3,6.6,0,3.59676,0.217195,-4.99366e-08
3.3,6.7,0,3.61051,0.223757,-5.4306e-08
3.3,6.8,0,3.62864,0.229151,-2.90481e-08
3.3,6.9,0,3.64596,0.234077,5.28022e-09
3.3,7,0,3.66328,0.239004,3.96086e-08
3.3,7.1,0,3.67924,0.238436,4.6841e-08
3.3,7.2,0,3.69211,0.239855,2.10948e-08
3.3,7.3,0,3.70498,0.241275,-4.65149e-09
3.3,7.4,0,3.71783,0.238475,-1.57784e-08
3.3,7.5,0,3.72659,0.236401,-3.69478e-09
3.3,7.6,0,3.73503,0.234594,9.40224e-09
3.3,7.7,0,3.74358,0.231552,2.98034e-08
3.3,7.8,0,3.75079,0.226609,5.18168e-08
3.3,7.9,0,3.75679,0.222973,5.91302e-08
3.3,8,0,3.76279,0.219337,6.64437e-08
3.3,8.1,0,3.7681,0.212964,9.95563e-08
3.3,8.2,0,3.77231,0.207891,9.42578e-08
3.3,8.3,0,3.77651,0.202818,8.89593e-08
3.3,8.4,0,3.78023,0.196521,5.9192e-08
3.3,8.5,0,3.7831,0.190452,1.02461e-07
3.3,8.6,0,3.7859,0.184552,1.5842e-07
3.3,8.7,0,3.78852,0.178404,2.04997e-07
3.3,8.8,0,3.79035,0.171773,1.97602e-07
3.3,8.9,0,3.79214,0.165591,1.75624e-07
3.3,9,0,3.79392,0.159409,1.53647e-07
3.3,9.1,0,3.79507,0.152734,1.62305e-07
3.3,9.2,0,3.79615,0.14655,1.16081e-07
3.3,9.3,0,3.79723,0.140366,6.98569e-08
3.3,9.4,0,3.79802,0.133942,-3.87067e-09
3.3,9.5,0,3.79864,0.127775,1.52015e-08
3.3,9.6,0,3.79928,0.12171,5.89142e-08
3.3,9.7,0,3.79987,0.115592,9.27364e-08
3.3,9.8,0,3.80023,0.109413,8.50594e-08
3.3,9.9,0,3.80066,0.103492,9.31415e-08
3.3,10,0,3.80109,0.0975707,1.01224e-07
3.3,10.1,0,3.80141,0.0915471,1.43097e-07
3.3,10.2,0,3.80184,0.0858477,1.61116e-07
3.3,10.3,0,3.80226,0.0801482,1.79135e-07
3.3,10.4,0,3.80268,0.0743254,1.49942e-07
3.3,10.5,0,3.80322,0.0685908,1.70139e-07
3.3,10.6,0,3.80379,0.0629236,2.20542e-07
3.3,10.7,0,3.80439,0.0572732,2.62048e-07
3.3,10.8,0,3.8053,0.0518887,2.33974e-07
3.3,10.9,0,3.80631,0.0466559,2.1981e-07
3.3,11,0,3.80733,0.041423,2.05646e-07
3.3,11.1,0,3.8085,0.0359528,2.19452e-07
3.3,11.2,0,3.80993,0.0304833,2.16176e-07
3.3,11.3,0,3.81137,0.0250138,2.129e-07
3.3,11.4,0,3.81311,0.0198803,2.38485e-07
3.3,11.5,0,3.81555,0.0152671,2.66626e-07
3.3,11.6,0,3.81807,0.01066,2.79701e-07
3.3,11.7,0,3.82042,0.00606181,2.93109e-07
3.3,11.8,0,3.81958,0.00154237,3.03221e-07
3.3,11.9,0,3.81906,-0.00312746,2.97605e-07
3.3,12,0,3.81854,-0.00779729,2.9199e-07
3.3,12.1,0,3.76624,-0.011282,2.44528e-07
3.3,12.2,0,3.69499,-0.0141183,2.63961e-07
3.3,12.3,0,3.62375,-0.0169545,2.83394e-07
3.3,12.4,0,3.20376,-0.0175749,2.98206e-07
3.3,12.5,0,2.13589,-0.012281,2.2403e-07
3.3,12.6,0,1.06795,-0.00614049,1.12015e-07
3.3,12.7,0,0,0,0
3.4,0,0,0,0,0
3.4,0.1,0,1.37296,0.00300007,-1.9545e-07
3.4,0.2,0,2.74594,0.00822328,-2.8325e-07
3.4,0.3,0,3.51802,0.0103819,-2.2844e-07
3.4,0.4,0,3.68918,0.00725279,-1.3867e-07
3.4,0.5,0,3.85548,0.00493999,-8.097e-08
3.4,0.6,0,3.86488,-0.000164132,-4.42e-08
3.4,0.7,0,3.87382,-0.00542208,-2.1865e-08
3.4,0.8,0,3.87593,-0.0108786,1.75927e-08
3.4,0.9,0,3.87167,-0.0163798,8.86082e-08
3.4,1,0,3.86661,-0.0219263,-1.60125e-09
3.4,1.1,0,3.86278,-0.0290618,1.36114e-07
3.4,1.2,0,3.85865,-0.0361882,1.82421e-07
3.4,1.3,0,3.85467,-0.0433171,1.68866e-07
3.4,1.4,0,3.85114,-0.0504576,1.86856e-07
3.4,1.5,0,3.84728,-0.0573028,2.16755e-07
3.4,1.6,0,3.84406,-0.0650738,2.9848e-07
3.4,1.7,0,3.84075,-0.0726496,3.04338e-07
3.4,1.8,0,3.83739,-0.0802534,3.05463e-07
3.4,1.9,0,3.83407,-0.0880804,3.77723e-07
3.4,2,0,3.83071,-0.0953088,3.89898e-07
3.4,2.1,0,3.82702,-0.103325,3.03488e-07
3.4,2.2,0,3.8234,-0.11095,2.85565e-07
3.4,2.3,0,3.81941,-0.118594,2.8478e-07
3.4,2.4,0,3.815,-0.126649,2.32645e-07
3.4,2.5,0,3.81097,-0.133619,1.8148e-07
3.4,2.6,0,3.80539,-0.14171,1.7058e-07
3.4,2.7,0,3.80023,-0.148988,1.58327e-07
3.4,2.8,0,3.79419,-0.156241,1.27047e-07
3.4,2.9,0,3.78683,-0.164279,7.80925e-08
3.4,3,0,3.78113,-0.169838,7.46375e-08
3.4,3.1,0,3.77126,-0.177707,1.18875e-08
3.4,3.2,0,3.76287,-0.18375,-3.29875e-08
3.4,3.3,0,3.75286,-0.189531,-8.151e-08
3.4,3.4,0,3.73974,-0.196877,-1.51555e-07
3.4,3.5,0,3.73136,-0.199141,-1.533e-07
3.4,3.6,0,3.71489,-0.205913,-2.152e-07
3.4,3.7,0,3.70155,-0.209321,-2.543e-07
3.4,3.8,0,3.68732,-0.211753,-2.79225e-07
3.4,3.9,0,3.66904,-0.216572,-3.12775e-07
3.4,4,0,3.65582,-0.214183,-3.15775e-07
3.4,4.1,0,3.6358,-0.210328,-3.41925e-07
3.4,4.2,0,3.61634,-0.204736,-3.48e-07
3.4,4.3,0,3.59649,-0.191597,-3.285e-07
3.4,4.4,0,3.57572,-0.172649,-3.035e-07
3.4,4.5,0,3.55319,-0.163496,-2.68e-07
3.4,4.6,0,3.56289,-0.134683,-2.22e-07
3.4,4.7,0,3.56446,-0.117782,-1.9875e-07
3.4,4.8,0,3.56883,-0.109268,-1.82152e-07
3.4,4.9,0,3.58413,-0.0972271,-1.49457e-07
3.4,5,0,3.59503,-0.0884613,-1.63875e-07
3.4,5.1,0,3.55332,-0.0785927,-8.975e-08
3.4,5.2,0,3.49377,-0.0589008,-3.275e-08
3.4,5.3,0,3.46434,-0.0321065,5.5e-09
3.4,5.4,0,3.44671,-0.00164861,2.9875e-08
3.4,5.5,0,3.4393,0.0302258,4.1625e-08
3.4,5.6,0,3.44123,0.0621811,3.45e-08
3.4,5.7,0,3.45191,0.0933917,2.2e-08
3.4,5.8,0,3.47126,0.122205,1.45e-08
3.4,5.9,0,3.51345,0.146009,2.025e-08
3.4,6,0,3.56122,0.159492,1.31753e-07
3.4,6.1,0,3.56456,0.171399,1.51911e-07
3.4,6.2,0,3.5679,0.183306,1.72069e-07
3.4,6.3,0,3.57128,0.194099,1.43442e-07
3.4,6.4,0,3.57333,0.210908,1.02205e-07
3.4,6.5,0,3.57467,0.230962,5.4444e-08
3.4,6.6,0,3.58237,0.242485,3.05634e-08
3.4,6.7,0,3.59612,0.249047,2.6194e-08
3.4,6.8,0,3.61563,0.255235,3.60075e-08
3.4,6.9,0,3.63451,0.261057,5.29302e-08
3.4,7,0,3.65183,0.265983,8.72586e-08
3.4,7.1,0,3.66898,0.264512,1.07018e-07
3.4,7.2,0,3.68613,0.262703,1.2601e-07
3.4,7.3,0,3.69925,0.263929,1.02949e-07
3.4,7.4,0,3.71211,0.261129,9.18216e-08
3.4,7.5,0,3.72495,0.255516,9.0441e-08
3.4,7.6,0,3.7352,0.252148,9.76022e-08
3.4,7.7,0,3.74375,0.249106,1.18003e-07
3.4,7.8,0,3.75263,0.242358,1.60317e-07
3.4,7.9,0,3.76081,0.236357,1.9423e-07
3.4,8,0,3.76681,0.232721,2.01544e-07
3.4,8.1,0,3.77244,0.225853,2.47409e-07
3.4,8.2,0,3.77802,0.218626,2.97559e-07
3.4,8.3,0,3.78237,0.213316,2.98359e-07
3.4,8.4,0,3.78609,0.207019,2.68592e-07
3.4,8.5,0,3.78942,0.199721,2.18805e-07
3.4,8.6,0,3.79247,0.193177,2.2612e-07
3.4,8.7,0,3.79509,0.187029,2.72697e-07
3.4,8.8,0,3.79698,0.179892,2.81746e-07
3.4,8.9,0,3.79886,0.172937,2.84899e-07
3.4,9,0,3.80064,0.166755,2.62922e-07
3.4,9.1,0,3.80178,0.159947,2.85347e-07
3.4,9.2,0,3.80279,0.15303,3.15608e-07
3.4,9.3,0,3.80386,0.146728,2.81622e-07
3.4,9.4,0,3.80466,0.140304,2.07894e-07
3.4,9.5,0,3.80517,0.133639,1.06663e-07
3.4,9.6,0,3.80575,0.127269,7.64542e-08
3.4,9.7,0,3.80634,0.121151,1.10276e-07
3.4,9.8,0,3.80662,0.114734,8.80525e-08
3.4,9.9,0,3.80692,0.108386,7.00715e-08
3.4,10,0,3.80735,0.102465,7.81536e-08
3.4,10.1,0,3.80766,0.0963867,1.25042e-07
3.4,10.2,0,3.80793,0.0902696,1.81631e-07
3.4,10.3,0,3.80833,0.0844825,2.0775e-07
3.4,10.4,0,3.80875,0.0786597,1.78557e-07
3.4,10.5,0,3.80916,0.072686,9.16615e-08
3.4,10.6,0,3.80965,0.0668472,6.51773e-08
3.4,10.7,0,3.81024,0.0611968,1.06683e-07
3.4,10.8,0,3.81108,0.0556978,6.81161e-08
3.4,10.9,0,3.81194,0.0502227,3.17452e-08
3.4,11,0,3.81295,0.0449899,1.7581e-08
3.4,11.1,0,3.81411,0.0395125,3.37516e-08
3.4,11.2,0,3.81531,0.0339536,6.00337e-08
3.4,11.3,0,3.81669,0.0284608,6.44427e-08
3.4,11.4,0,3.81843,0.0233273,9.00277e-08
3.4,11.5,0,3.82063,0.0186978,1.58905e-07
3.4,11.6,0,3.82296,0.014077,2.06019e-07
3.4,11.7,0,3.82531,0.00947887,2.19427e-07
3.4,11.8,0,3.82427,0.00505158,2.39179e-07
3.4,11.9,0,3.82326,0.000614601,2.57915e-07
3.4,12,0,3.82274,-0.00405522,2.523e-07
3.4,12.1,0,3.77034,-0.00754439,2.02179e-07
3.4,12.2,0,3.69569,-0.0105275,1.32985e-07
3.4,12.3,0,3.62339,-0.0134093,1.24944e-07
3.4,12.4,0,3.2034,-0.0140297,1.39756e-07
3.4,12.5,0,2.13572,-0.0105349,1.45987e-07
3.4,12.6,0,1.06795,-0.00614049,1.12015e-07
3.4,12.7,0,0,0,0
3.5,0,0,0,0,0
3.5,0.1,0,1.37296,0.00300007,-1.9545e-07
3.5,0.2,0,2.74593,0.00600015,-3.909e-07
3.5,0.3,0,3.51799,0.00593563,-4.4374e-07
3.5,0.4,0,3.68915,0.00280653,-3.5397e-07
3.5,0.5,0,3.86031,-0.000322579,-2.642e-07
3.5,0.6,0,3.86971,-0.0054267,-2.2743e-07
3.5,0.7,0,3.8791,-0.0105308,-1.9066e-07
3.5,0.8,0,3.88167,-0.0158335,-1.36767e-07
3.5,0.9,0,3.87742,-0.0213347,-6.57517e-08
3.5,1,0,3.87317,-0.026836,5.26375e-09
3.5,1.1,0,3.86934,-0.0339715,1.42979e-07
3.5,1.2,0,3.86551,-0.041107,2.80694e-07
3.5,1.3,0,3.86183,-0.048245,3.58546e-07
3.5,1.4,0,3.8583,-0.0553856,3.76536e-07
3.5,1.5,0,3.85477,-0.0625261,3.94525e-07
3.5,1.6,0,3.85155,-0.0702971,4.7625e-07
3.5,1.7,0,3.84833,-0.078068,5.57975e-07
3.5,1.8,0,3.84507,-0.0858669,6.34968e-07
3.5,1.9,0,3.84175,-0.0936939,7.07228e-07
3.5,2,0,3.83844,-0.101521,7.79488e-07
3.5,2.1,0,3.83476,-0.109537,6.93078e-07
3.5,2.2,0,3.83107,-0.117553,6.06668e-07
3.5,2.3,0,3.82703,-0.125588,5.37395e-07
3.5,2.4,0,3.82262,-0.133642,4.8526e-07
3.5,2.5,0,3.81822,-0.141696,4.33125e-07
3.5,2.6,0,3.81264,-0.149787,4.22225e-07
3.5,2.7,0,3.80706,-0.157877,4.11325e-07
3.5,2.8,0,3.80059,-0.165941,3.81397e-07
3.5,2.9,0,3.79323,-0.173979,3.32442e-07
3.5,3,0,3.78587,-0.182017,2.83487e-07
3.5,3.1,0,3.776,-0.189886,2.20737e-07
3.5,3.2,0,3.76613,-0.197755,1.57987e-07
3.5,3.3,0,3.75464,-0.205363,9.159e-08
3.5,3.4,0,3.74153,-0.21271,2.1545e-08
3.5,3.5,0,3.72841,-0.220056,-4.85e-08
3.5,3.6,0,3.71194,-0.226828,-1.104e-07
3.5,3.7,0,3.69546,-0.233599,-1.723e-07
3.5,3.8,0,3.67809,-0.239395,-2.20025e-07
3.5,3.9,0,3.65981,-0.244214,-2.53575e-07
3.5,4,0,3.64154,-0.249033,-2.87125e-07
3.5,4.1,0,3.62151,-0.245178,-3.13275e-07
3.5,4.2,0,3.60149,-0.241323,-3.39425e-07
3.5,4.3,0,3.58109,-0.229922,-3.4e-07
3.5,4.4,0,3.56032,-0.210974,-3.15e-07
3.5,4.5,0,3.53954,-0.192026,-2.9e-07
3.5,4.6,0,3.54924,-0.163212,-2.44e-07
3.5,4.7,0,3.55894,-0.134398,-1.98e-07
3.5,4.8,0,3.57143,-0.113971,-1.58652e-07
3.5,4.9,0,3.58673,-0.10193,-1.25957e-07
3.5,5,0,3.60202,-0.0898898,-9.32625e-08
3.5,5.1,0,3.54071,-0.086497,-4.125e-08
3.5,5.2,0,3.46848,-0.0662013,-2.375e-08
3.5,5.3,0,3.43463,-0.0386018,5e-10
3.5,5.4,0,3.4144,-0.00447276,2.3375e-08
3.5,5.5,0,3.40759,0.0307915,3.9625e-08
3.5,5.6,0,3.40904,0.0666104,4.05e-08
3.5,5.7,0,3.4216,0.10205,4e-08
3.5,5.8,0,3.44425,0.131867,3.75e-08
3.5,5.9,0,3.49521,0.15757,3.875e-08
3.5,6,0,3.56019,0.16541,1.9622e-07
3.5,6.1,0,3.56354,0.177317,2.16378e-07
3.5,6.2,0,3.56688,0.189224,2.36537e-07
3.5,6.3,0,3.57022,0.201131,2.56695e-07
3.5,6.4,0,3.57226,0.218334,2.32705e-07
3.5,6.5,0,3.57359,0.238388,1.84944e-07
3.5,6.6,0,3.57493,0.258442,1.37183e-07
3.5,6.7,0,3.58172,0.274337,1.06694e-07
3.5,6.8,0,3.60124,0.280524,1.16507e-07
3.5,6.9,0,3.62076,0.286712,1.26321e-07
3.5,7,0,3.64027,0.2929,1.36134e-07
3.5,7.1,0,3.65753,0.291491,1.54668e-07
3.5,7.2,0,3.67468,0.289683,1.7366e-07
3.5,7.3,0,3.69182,0.287875,1.92653e-07
3.5,7.4,0,3.70638,0.283783,1.99422e-07
3.5,7.5,0,3.71923,0.27817,1.98041e-07
3.5,7.6,0,3.73207,0.272557,1.9666e-07
3.5,7.7,0,3.74392,0.26666,2.06203e-07
3.5,7.8,0,3.75279,0.259912,2.48517e-07
3.5,7.9,0,3.76167,0.253164,2.9083e-07
3.5,8,0,3.77054,0.246416,3.33144e-07
3.5,8.1,0,3.77645,0.239237,3.82509e-07
3.5,8.2,0,3.78203,0.23201,4.32659e-07
3.5,8.3,0,3.78762,0.224783,4.82808e-07
3.5,8.4,0,3.79196,0.217516,4.77992e-07
3.5,8.5,0,3.79529,0.210218,4.28205e-07
3.5,8.6,0,3.79861,0.20292,3.78417e-07
3.5,8.7,0,3.80165,0.195654,3.40397e-07
3.5,8.8,0,3.80355,0.188517,3.49446e-07
3.5,8.9,0,3.80545,0.181381,3.58494e-07
3.5,9,0,3.80735,0.174244,3.67543e-07
3.5,9.1,0,3.8085,0.167293,3.94622e-07
3.5,9.2,0,3.80951,0.160375,4.24883e-07
3.5,9.3,0,3.81053,0.153457,4.55144e-07
3.5,9.4,0,3.8113,0.146666,4.19659e-07
3.5,9.5,0,3.81181,0.140001,3.18428e-07
3.5,9.6,0,3.81232,0.133337,2.17197e-07
3.5,9.7,0,3.8128,0.12671,1.27816e-07
3.5,9.8,0,3.81308,0.120292,1.05593e-07
3.5,9.9,0,3.81337,0.113875,8.33687e-08
3.5,10,0,3.81365,0.107458,6.11448e-08
3.5,10.1,0,3.81392,0.101281,1.01972e-07
3.5,10.2,0,3.8142,0.0951636,1.58561e-07
3.5,10.3,0,3.81447,0.0890465,2.15151e-07
3.5,10.4,0,3.81481,0.0829939,2.07172e-07
3.5,10.5,0,3.81523,0.0770203,1.20276e-07
3.5,10.6,0,3.81564,0.0710466,3.3381e-08
3.5,10.7,0,3.8161,0.0651204,-4.86817e-08
3.5,10.8,0,3.81694,0.0596213,-8.72489e-08
3.5,10.9,0,3.81778,0.0541223,-1.25816e-07
3.5,11,0,3.81862,0.0486232,-1.64383e-07
3.5,11.1,0,3.81974,0.0430793,-1.54313e-07
3.5,11.2,0,3.82094,0.0375204,-1.28031e-07
3.5,11.3,0,3.82215,0.0319615,-1.01749e-07
3.5,11.4,0,3.82375,0.0267743,-5.84293e-08
3.5,11.5,0,3.82595,0.0221448,1.04476e-08
3.5,11.6,0,3.82815,0.0175153,7.93245e-08
3.5,11.7,0,3.8302,0.0128959,1.45745e-07
3.5,11.8,0,3.82916,0.00846864,1.65497e-07
3.5,11.9,0,3.82813,0.00404136,1.85248e-07
3.5,12,0,3.8271,-0.000385927,2.05e-07
3.5,12.1,0,3.77454,-0.00380232,1.62489e-07
3.5,12.2,0,3.69989,-0.00678549,9.32951e-08
3.5,12.3,0,3.62524,-0.00976865,2.41011e-08
3.5,12.4,0,3.20304,-0.0104845,-1.8694e-08
3.5,12.5,0,2.13536,-0.00698967,-1.24627e-08
3.5,12.6,0,1.06768,-0.00349484,-6.23134e-09
3.5,12.7,0,0,0,0
3.6,0,0,0,0,0
3.6,0.1,0,1.37503,-0.000346087,-1.1025e-07
3.6,0.2,0,2.748,0.00265399,-3.057e-07
3.6,0.3,0,3.5214,0.00219974,-4.38208e-07
3.6,0.4,0,3.69389,-0.00131909,-4.28107e-07
3.6,0.5,0,3.86505,-0.00444819,-3.38336e-07
3.6,0.6,0,3.87512,-0.00953852,-3.04152e-07
3.6,0.7,0,3.88452,-0.0146426,-2.67382e-07
3.6,0.8,0,3.88758,-0.0200041,-2.40768e-07
3.6,0.9,0,3.88381,-0.025564,-1.97032e-07
3.6,1,0,3.87956,-0.0310653,-1.26017e-07
3.6,1.1,0,3.87645,-0.0381997,-1.65377e-07
3.6,1.2,0,3.87262,-0.0453352,-2.76617e-08
3.6,1.3,0,3.86919,-0.052605,4.55082e-08
3.6,1.4,0,3.86592,-0.0598773,5.88155e-08
3.6,1.5,0,3.86239,-0.0670179,7.6805e-08
3.6,1.6,0,3.85953,-0.0751532,1.2178e-07
3.6,1.7,0,3.85631,-0.0829241,2.03505e-07
3.6,1.8,0,3.85318,-0.0910369,2.16383e-07
3.6,1.9,0,3.85,-0.0991776,2.24528e-07
3.6,2,0,3.84668,-0.107005,2.96788e-07
3.6,2.1,0,3.84322,-0.11591,2.24832e-07
3.6,2.2,0,3.83954,-0.123926,1.38422e-07
3.6,2.3,0,3.83561,-0.132564,9.5752e-08
3.6,2.4,0,3.83131,-0.141222,7.0219e-08
3.6,2.5,0,3.8269,-0.149276,1.8084e-08
3.6,2.6,0,3.8217,-0.158867,3.239e-09
3.6,2.7,0,3.81612,-0.166957,-7.661e-09
3.6,2.8,0,3.81005,-0.17589,-4.618e-09
3.6,2.9,0,3.80309,-0.184796,-2.06025e-08
3.6,3,0,3.79573,-0.192834,-6.95575e-08
3.6,3.1,0,3.78736,-0.202817,3.1925e-09
3.6,3.2,0,3.77749,-0.210686,-5.95575e-08
3.6,3.3,0,3.76718,-0.220045,-7.25325e-08
3.6,3.4,0,3.75525,-0.229142,-8.9155e-08
3.6,3.5,0,3.74214,-0.236489,-1.592e-07
3.6,3.6,0,3.72761,-0.249941,-8.955e-08
3.6,3.7,0,3.71114,-0.256713,-1.5145e-07
3.6,3.8,0,3.69251,-0.268387,-1.36925e-07
3.6,3.9,0,3.67299,-0.279086,-1.08225e-07
3.6,4,0,3.65471,-0.283905,-1.41775e-07
3.6,4.1,0,3.62393,-0.294643,-5.0775e-08
3.6,4.2,0,3.6039,-0.290788,-7.6925e-08
3.6,4.3,0,3.57513,-0.286189,-5.8e-08
3.6,4.4,0,3.54597,-0.274042,-1.35e-08
3.6,4.5,0,3.52519,-0.255094,1.15e-08
3.6,4.6,0,3.51759,-0.229666,-1.265e-07
3.6,4.7,0,3.52729,-0.200852,-8.05e-08
3.6,4.8,0,3.53822,-0.170111,-1.35766e-07
3.6,4.9,0,3.55195,-0.147755,-1.97684e-07
3.6,5,0,3.56724,-0.135715,-1.64989e-07
3.6,5.1,0,3.51126,-0.118507,-1.127e-07
3.6,5.2,0,3.43355,-0.0905885,-7.67e-08
3.6,5.3,0,3.3929,-0.0524909,-6.17e-08
3.6,5.4,0,3.37012,-0.011793,-3.4975e-08
3.6,5.5,0,3.36052,0.0313705,-1.6725e-08
3.6,5.6,0,3.36383,0.0745649,-1.42e-08
3.6,5.7,0,3.37838,0.116188,-1.21e-08
3.6,5.8,0,3.40603,0.155144,-1.6e-08
3.6,5.9,0,3.46178,0.18681,-1.865e-08
3.6,6,0,3.52696,0.209656,1.12182e-07
3.6,6.1,0,3.53944,0.238664,1.4804e-07
3.6,6.2,0,3.54588,0.256386,1.73537e-07
3.6,6.3,0,3.54923,0.268293,1.93695e-07
3.6,6.4,0,3.56022,0.280876,1.8256e-07
3.6,6.5,0,3.57106,0.296027,1.48444e-07
3.6,6.6,0,3.5724,0.316081,1.00683e-07
3.6,6.7,0,3.5814,0.327796,7.20075e-08
3.6,6.8,0,3.60828,0.320052,8.78657e-08
3.6,6.9,0,3.62809,0.325683,9.79209e-08
3.6,7,0,3.6476,0.331871,1.07734e-07
3.6,7.1,0,3.66716,0.319985,1.12053e-07
3.6,7.2,0,3.68524,0.313875,1.2521e-07
3.6,7.3,0,3.70239,0.312067,1.44203e-07
3.6,7.4,0,3.71681,0.30416,1.36263e-07
3.6,7.5,0,3.72947,0.293841,1.16741e-07
3.6,7.6,0,3.74232,0.288227,1.1536e-07
3.6,7.7,0,3.75394,0.281556,1.26722e-07
3.6,7.8,0,3.76193,0.271713,1.76312e-07
3.6,7.9,0,3.77073,0.264686,2.1928e-07
3.6,8,0,3.7796,0.257938,2.61594e-07
3.6,8.1,0,3.78496,0.248991,2.39853e-07
3.6,8.2,0,3.79027,0.240899,2.55239e-07
3.6,8.3,0,3.79585,0.233672,3.05388e-07
3.6,8.4,0,3.8,0.22562,3.09214e-07
3.6,8.5,0,3.80304,0.217193,2.7184e-07
3.6,8.6,0,3.80637,0.209895,2.22052e-07
3.6,8.7,0,3.80936,0.20242,1.78616e-07
3.6,8.8,0,3.811,0.194239,1.60582e-07
3.6,8.9,0,3.81286,0.186956,1.65839e-07
3.6,9,0,3.81476,0.17982,1.74888e-07
3.6,9.1,0,3.81571,0.172237,1.56647e-07
3.6,9.2,0,3.8166,0.164955,1.60783e-07
3.6,9.3,0,3.81762,0.158037,1.91044e-07
3.6,9.4,0,3.81827,0.150981,2.46039e-07
3.6,9.5,0,3.81858,0.143871,2.96813e-07
3.6,9.6,0,3.81909,0.137207,1.95582e-07
3.6,9.7,0,3.81954,0.130523,1.15845e-07
3.6,9.8,0,3.81959,0.123731,1.57908e-07
3.6,9.9,0,3.81983,0.117242,1.47899e-07
3.6,10,0,3.82011,0.110825,1.25675e-07
3.6,10.1,0,3.82021,0.104433,1.21854e-07
3.6,10.2,0,3.82036,0.0981706,1.48306e-07
3.6,10.3,0,3.82064,0.0920535,2.04896e-07
3.6,10.4,0,3.82088,0.0859347,2.28803e-07
3.6,10.5,0,3.8211,0.07983,2.04971e-07
3.6,10.6,0,3.82151,0.0738563,1.18076e-07
3.6,10.7,0,3.82195,0.0679193,4.3173e-08
3.6,10.8,0,3.82254,0.0623122,7.62028e-08
3.6,10.9,0,3.82332,0.0567872,5.4819e-08
3.6,11,0,3.82416,0.0512881,1.62518e-08
3.6,11.1,0,3.82505,0.0457906,-9.67843e-09
3.6,11.2,0,3.82608,0.0402683,-1.17163e-08
3.6,11.3,0,3.82728,0.0347094,1.45657e-08
3.6,11.4,0,3.82871,0.0295418,1.5535e-08
3.6,11.5,0,3.83049,0.0249584,-1.51124e-08
3.6,11.6,0,3.83269,0.0203289,5.37645e-08
3.6,11.7,0,3.83471,0.0157208,1.21206e-07
3.6,11.8,0,3.83318,0.011521,1.61375e-07
3.6,11.9,0,3.832,0.00715967,1.87048e-07
3.6,12,0,3.83097,0.00273238,2.068e-07
3.6,12.1,0,3.77678,-0.000775432,1.52021e-07
3.6,12.2,0,3.70066,-0.00384218,7.16101e-08
3.6,12.3,0,3.62601,-0.00682534,2.41612e-09
3.6,12.4,0,3.2036,-0.00830998,-3.4715e-08
3.6,12.5,0,2.13536,-0.00698967,-1.24627e-08
3.6,12.6,0,1.06768,-0.00349484,-6.23134e-09
3.6,12.7,0,0,0,0
3.7,0,0,0,0,0
3.7,0.1,0,1.37503,-0.000346087,-1.1025e-07
3.7,0.2,0,2.75007,-0.000692175,-2.205e-07
3.7,0.3,0,3.52347,-0.00114642,-3.53008e-07
3.7,0.4,0,3.6973,-0.00505498,-4.22575e-07
3.7,0.5,0,3.8698,-0.00857381,-4.12473e-07
3.7,0.6,0,3.87987,-0.0136641,-3.78288e-07
3.7,0.7,0,3.88994,-0.0187545,-3.44103e-07
3.7,0.8,0,3.893,-0.0241159,-3.1749e-07
3.7,0.9,0,3.88971,-0.0297346,-3.01033e-07
3.7,1,0,3.88595,-0.0352946,-2.57297e-07
3.7,1.1,0,3.88284,-0.042429,-2.96657e-07
3.7,1.2,0,3.87973,-0.0495634,-3.36017e-07
3.7,1.3,0,3.8763,-0.0568332,-2.62847e-07
3.7,1.4,0,3.87328,-0.0642373,-2.54222e-07
3.7,1.5,0,3.87,-0.0715096,-2.40915e-07
3.7,1.6,0,3.86714,-0.079645,-1.9594e-07
3.7,1.7,0,3.86429,-0.0877803,-1.50965e-07
3.7,1.8,0,3.86116,-0.095893,-1.38088e-07
3.7,1.9,0,3.85811,-0.104348,-1.94058e-07
3.7,2,0,3.85493,-0.112488,-1.85913e-07
3.7,2.1,0,3.85146,-0.121394,-2.57868e-07
3.7,2.2,0,3.848,-0.130299,-3.29823e-07
3.7,2.3,0,3.84407,-0.138938,-3.72493e-07
3.7,2.4,0,3.83989,-0.148199,-3.71424e-07
3.7,2.5,0,3.83559,-0.156856,-3.96957e-07
3.7,2.6,0,3.83038,-0.166447,-4.11802e-07
3.7,2.7,0,3.82518,-0.176037,-4.26647e-07
3.7,2.8,0,3.81911,-0.18497,-4.23604e-07
3.7,2.9,0,3.81255,-0.194744,-4.06618e-07
3.7,3,0,3.80559,-0.20365,-4.22603e-07
3.7,3.1,0,3.79722,-0.213634,-3.49853e-07
3.7,3.2,0,3.78886,-0.223618,-2.77103e-07
3.7,3.3,0,3.77855,-0.232976,-2.90078e-07
3.7,3.4,0,3.7678,-0.243824,-2.53278e-07
3.7,3.5,0,3.75586,-0.252921,-2.699e-07
3.7,3.6,0,3.74134,-0.266374,-2.0025e-07
3.7,3.7,0,3.72681,-0.279826,-1.306e-07
3.7,3.8,0,3.70819,-0.291501,-1.16075e-07
3.7,3.9,0,3.68742,-0.308079,-2.5125e-08
3.7,4,0,3.66789,-0.318777,3.575e-09
3.7,4.1,0,3.6371,-0.329515,9.4575e-08
3.7,4.2,0,3.60632,-0.340254,1.85575e-07
3.7,4.3,0,3.57754,-0.335654,2.045e-07
3.7,4.4,0,3.54,-0.330309,2.685e-07
3.7,4.5,0,3.51085,-0.318163,3.13e-07
3.7,4.6,0,3.50324,-0.292735,1.75e-07
3.7,4.7,0,3.49563,-0.267307,3.7e-08
3.7,4.8,0,3.50656,-0.236565,-1.82656e-08
3.7,4.9,0,3.51873,-0.203895,-1.74797e-07
3.7,5,0,3.53246,-0.18154,-2.36715e-07
3.7,5.1,0,3.48181,-0.150517,-1.8415e-07
3.7,5.2,0,3.39863,-0.114976,-1.2965e-07
3.7,5.3,0,3.35117,-0.06638,-1.239e-07
3.7,5.4,0,3.32583,-0.0191133,-9.3325e-08
3.7,5.5,0,3.31344,0.0319494,-7.3075e-08
3.7,5.6,0,3.31862,0.0825193,-6.89e-08
3.7,5.7,0,3.33517,0.130326,-6.42e-08
3.7,5.8,0,3.36782,0.178421,-6.95e-08
3.7,5.9,0,3.42836,0.216049,-7.605e-08
3.7,6,0,3.49372,0.253902,2.81444e-08
3.7,6.1,0,3.5062,0.28291,6.40025e-08
3.7,6.2,0,3.51868,0.311919,9.98605e-08
3.7,6.3,0,3.52823,0.335455,1.30695e-07
3.7,6.4,0,3.53922,0.348038,1.1956e-07
3.7,6.5,0,3.55434,0.360986,9.15746e-08
3.7,6.6,0,3.56945,0.373933,6.35896e-08
3.7,6.7,0,3.57886,0.385435,3.55075e-08
3.7,6.8,0,3.60574,0.377691,5.13657e-08
3.7,6.9,0,3.63262,0.369948,6.72239e-08
3.7,7,0,3.65493,0.370841,7.93343e-08
3.7,7.1,0,3.67449,0.358955,8.36534e-08
3.7,7.2,0,3.69405,0.346118,8.76832e-08
3.7,7.3,0,3.71295,0.336259,9.5753e-08
3.7,7.4,0,3.72737,0.328352,8.78127e-08
3.7,7.5,0,3.73998,0.316379,6.19172e-08
3.7,7.6,0,3.75258,0.304407,3.60216e-08
3.7,7.7,0,3.76419,0.297227,4.54224e-08
3.7,7.8,0,3.77218,0.287383,9.50119e-08
3.7,7.9,0,3.78017,0.27754,1.44601e-07
3.7,8,0,3.78866,0.26946,1.90044e-07
3.7,8.1,0,3.79402,0.260513,1.68303e-07
3.7,8.2,0,3.79898,0.251321,1.39444e-07
3.7,8.3,0,3.80408,0.242561,1.27968e-07
3.7,8.4,0,3.80823,0.234509,1.31794e-07
3.7,8.5,0,3.8112,0.225783,9.77193e-08
3.7,8.6,0,3.81418,0.217056,6.36447e-08
3.7,8.7,0,3.81712,0.209395,2.22508e-08
3.7,8.8,0,3.81876,0.201214,4.2172e-09
3.7,8.9,0,3.8204,0.193033,-1.38164e-08
3.7,9,0,3.82217,0.185395,-1.77673e-08
3.7,9.1,0,3.82312,0.177813,-3.60076e-08
3.7,9.2,0,3.82389,0.170152,-5.90635e-08
3.7,9.3,0,3.82471,0.162617,-7.30556e-08
3.7,9.4,0,3.82536,0.155561,-1.80612e-08
3.7,9.5,0,3.82563,0.148367,6.16664e-08
3.7,9.6,0,3.82591,0.141172,1.41394e-07
3.7,9.7,0,3.82631,0.134393,9.42295e-08
3.7,9.8,0,3.82636,0.127601,1.36293e-07
3.7,9.9,0,3.82641,0.120808,1.78356e-07
3.7,10,0,3.82657,0.114192,1.90205e-07
3.7,10.1,0,3.82667,0.1078,1.86384e-07
3.7,10.2,0,3.82673,0.101414,1.87164e-07
3.7,10.3,0,3.8268,0.0950605,1.94641e-07
3.7,10.4,0,3.82704,0.0889417,2.18548e-07
3.7,10.5,0,3.82724,0.0828208,2.02511e-07
3.7,10.6,0,3.82743,0.0766998,1.86474e-07
3.7,10.7,0,3.82782,0.0707289,1.27868e-07
3.7,10.8,0,3.82841,0.0651218,1.60898e-07
3.7,10.9,0,3.829,0.0595147,1.93928e-07
3.7,11,0,3.8297,0.053953,1.96887e-07
3.7,11.1,0,3.83059,0.0484555,1.70957e-07
3.7,11.2,0,3.8315,0.0429586,1.49239e-07
3.7,11.3,0,3.83242,0.0374573,1.30881e-07
3.7,11.4,0,3.83385,0.0322897,1.3185e-07
3.7,11.5,0,3.8356,0.0277092,9.485e-08
3.7,11.6,0,3.83736,0.0231287,5.785e-08
3.7,11.7,0,3.83925,0.0185344,9.5646e-08
3.7,11.8,0,3.83772,0.0143346,1.35815e-07
3.7,11.9,0,3.83618,0.0101347,1.75985e-07
3.7,12,0,3.83484,0.00585069,2.086e-07
3.7,12.1,0,3.78065,0.00234288,1.53821e-07
3.7,12.2,0,3.70369,-0.000770881,6.71007e-08
3.7,12.3,0,3.62678,-0.00388203,-1.92689e-08
3.7,12.4,0,3.20437,-0.00536666,-5.64e-08
3.7,12.5,0,2.13612,-0.00406833,-3.39859e-08
3.7,12.6,0,1.06787,-0.00276999,-1.15717e-08
3.7,12.7,0,0,0,0
3.8,0,0,0,0,0
3.8,0.1,0,1.37683,-0.00146672,-4.06e-08
3.8,0.2,0,2.75187,-0.00181281,-1.5085e-07
3.8,0.3,0,3.52698,-0.00427096,-2.10828e-07
3.8,0.4,0,3.70082,-0.00817951,-2.80395e-07
3.8,0.5,0,3.87465,-0.0120881,-3.49961e-07
3.8,0.6,0,3.88495,-0.0172644,-3.04961e-07
3.8,0.7,0,3.89501,-0.0223547,-2.70776e-07
3.8,0.8,0,3.89891,-0.0278176,-2.67266e-07
3.8,0.9,0,3.89563,-0.0334363,-2.50809e-07
3.8,1,0,3.89234,-0.039055,-2.34352e-07
3.8,1.1,0,3.88962,-0.0461978,-2.74057e-07
3.8,1.2,0,3.8865,-0.0533322,-3.13417e-07
3.8,1.3,0,3.88376,-0.0607064,-3.43572e-07
3.8,1.4,0,3.88073,-0.0681104,-3.34947e-07
3.8,1.5,0,3.87771,-0.0755145,-3.26323e-07
3.8,1.6,0,3.87513,-0.0837842,-3.63703e-07
3.8,1.7,0,3.87227,-0.0919195,-3.18728e-07
3.8,1.8,0,3.86957,-0.100443,-3.24398e-07
3.8,1.9,0,3.86653,-0.108897,-3.80368e-07
3.8,2,0,3.86348,-0.117352,-4.36338e-07
3.8,2.1,0,3.86028,-0.126557,-4.77995e-07
3.8,2.2,0,3.85682,-0.135463,-5.4995e-07
3.8,2.3,0,3.85327,-0.144927,-6.08386e-07
3.8,2.4,0,3.84909,-0.154187,-6.07317e-07
3.8,2.5,0,3.8449,-0.163448,-6.06248e-07
3.8,2.6,0,3.83998,-0.173506,-6.29781e-07
3.8,2.7,0,3.83477,-0.183097,-6.44626e-07
3.8,2.8,0,3.82911,-0.193352,-6.62047e-07
3.8,2.9,0,3.82256,-0.203126,-6.45061e-07
3.8,3,0,3.816,-0.2129,-6.28075e-07
3.8,3.1,0,3.80775,-0.223286,-5.7175e-07
3.8,3.2,0,3.79939,-0.233269,-4.99e-07
3.8,3.3,0,3.7898,-0.242927,-4.35625e-07
3.8,3.4,0,3.77905,-0.253775,-3.98825e-07
3.8,3.5,0,3.7683,-0.264622,-3.62025e-07
3.8,3.6,0,3.75347,-0.274511,-2.917e-07
3.8,3.7,0,3.73894,-0.287964,-2.2205e-07
3.8,3.8,0,3.7196,-0.296227,-1.5215e-07
3.8,3.9,0,3.69882,-0.312805,-6.12e-08
3.8,4,0,3.67805,-0.329383,2.975e-08
3.8,4.1,0,3.64181,-0.335494,9.1825e-08
3.8,4.2,0,3.61102,-0.346233,1.82825e-07
3.8,4.3,0,3.56768,-0.350205,2.4525e-07
3.8,4.4,0,3.53015,-0.344861,3.0925e-07
3.8,4.5,0,3.49261,-0.339516,3.7325e-07
3.8,4.6,0,3.48907,-0.319038,2.8325e-07
3.8,4.7,0,3.48147,-0.29361,1.4525e-07
3.8,4.8,0,3.48677,-0.277322,5.10969e-08
3.8,4.9,0,3.49894,-0.244652,-1.05434e-07
3.8,5,0,3.5111,-0.211982,-2.61966e-07
3.8,5.1,0,3.44752,-0.179559,-2.05375e-07
3.8,5.2,0,3.35055,-0.138461,-1.36125e-07
3.8,5.3,0,3.29754,-0.0826018,-1.34e-07
3.8,5.4,0,3.26887,-0.0272592,-1.0775e-07
3.8,5.5,0,3.25519,0.0323482,-8.7e-08
3.8,5.6,0,3.26157,0.0917183,-7.95e-08
3.8,5.7,0,3.28134,0.147757,-7.05e-08
3.8,5.8,0,3.31832,0.203271,-7.15e-08
3.8,5.9,0,3.38866,0.247322,-6.95e-08
3.8,6,0,3.46736,0.287859,-5.92416e-09
3.8,6.1,0,3.4834,0.303717,-2.37665e-08
3.8,6.2,0,3.49588,0.332725,1.20916e-08
3.8,6.3,0,3.50836,0.361733,4.79497e-08
3.8,6.4,0,3.52358,0.378969,4.83731e-08
3.8,6.5,0,3.53872,0.391876,2.05746e-08
3.8,6.6,0,3.55384,0.404823,-7.41045e-09
3.8,6.7,0,3.57624,0.412625,-1.70149e-08
3.8,6.8,0,3.60777,0.406191,5.29067e-09
3.8,6.9,0,3.63465,0.398448,2.11489e-08
3.8,7,0,3.66153,0.390704,3.70071e-08
3.8,7.1,0,3.68441,0.381513,5.31534e-08
3.8,7.2,0,3.70397,0.368675,5.71832e-08
3.8,7.3,0,3.72352,0.355838,6.12131e-08
3.8,7.4,0,3.73877,0.34471,5.77653e-08
3.8,7.5,0,3.75135,0.332877,3.30922e-08
3.8,7.6,0,3.76396,0.320904,7.19664e-09
3.8,7.7,0,3.77517,0.30924,-8.24179e-09
3.8,7.8,0,3.78277,0.299019,2.72119e-08
3.8,7.9,0,3.79075,0.289175,7.68015e-08
3.8,8,0,3.79874,0.279332,1.26391e-07
3.8,8.1,0,3.80346,0.269206,1.22458e-07
3.8,8.2,0,3.80843,0.260014,9.35994e-08
3.8,8.3,0,3.8134,0.250822,6.47412e-08
3.8,8.4,0,3.81689,0.241321,8.30763e-08
3.8,8.5,0,3.81978,0.232471,5.99243e-08
3.8,8.6,0,3.82276,0.223744,2.58497e-08
3.8,8.7,0,3.82535,0.214976,-5.23463e-09
3.8,8.8,0,3.82674,0.206442,-2.37803e-08
3.8,8.9,0,3.82838,0.198261,-4.18139e-08
3.8,9,0,3.83002,0.19008,-5.98475e-08
3.8,9.1,0,3.83062,0.181971,-1.31273e-07
3.8,9.2,0,3.8314,0.17431,-1.54329e-07
3.8,9.3,0,3.83217,0.166649,-1.77385e-07
3.8,9.4,0,3.83251,0.159031,-1.56491e-07
3.8,9.5,0,3.83272,0.151771,-7.92936e-08
3.8,9.6,0,3.833,0.144577,4.3403e-10
3.8,9.7,0,3.83319,0.137407,7.1385e-08
3.8,9.8,0,3.83307,0.130491,1.02608e-07
3.8,9.9,0,3.83312,0.123699,1.44671e-07
3.8,10,0,3.83317,0.116906,1.86735e-07
3.8,10.1,0,3.83303,0.11035,1.69721e-07
3.8,10.2,0,3.83308,0.103964,1.70501e-07
3.8,10.3,0,3.83313,0.0975781,1.71281e-07
3.8,10.4,0,3.83312,0.0913036,1.8838e-07
3.8,10.5,0,3.83325,0.0851789,1.84021e-07
3.8,10.6,0,3.83345,0.079058,1.67984e-07
3.8,10.7,0,3.83365,0.0729901,1.53368e-07
3.8,10.8,0,3.83407,0.0673923,1.66533e-07
3.8,10.9,0,3.83466,0.0617852,1.99563e-07
3.8,11,0,3.83526,0.0561781,2.32593e-07
3.8,11.1,0,3.83585,0.0507591,2.33685e-07
3.8,11.2,0,3.83676,0.0452621,2.11967e-07
3.8,11.3,0,3.83767,0.0397652,1.90249e-07
3.8,11.4,0,3.83871,0.0346716,1.6442e-07
3.8,11.5,0,3.84033,0.030116,1.28771e-07
3.8,11.6,0,3.84209,0.0255355,9.1771e-08
3.8,11.7,0,3.84366,0.0209832,5.58145e-08
3.8,11.8,0,3.84185,0.0168974,6.10779e-08
3.8,11.9,0,3.84031,0.0126975,1.01247e-07
3.8,12,0,3.83878,0.00849768,1.41417e-07
3.8,12.1,0,3.78344,0.00499082,1.97761e-07
3.8,12.2,0,3.70648,0.00187706,1.11041e-07
3.8,12.3,0,3.62952,-0.0012367,2.43206e-08
3.8,12.4,0,3.20516,-0.00337499,-4.66861e-08
3.8,12.5,0,2.1365,-0.00259667,-4.48284e-08
3.8,12.6,0,1.06825,-0.00129834,-2.24142e-08
3.8,12.7,0,0,0,0
3.9,0,0,0,0,0
3.9,0.1,0,1.37864,-0.00258735,2.905e-08
3.9,0.2,0,2.75547,-0.00405407,-1.155e-08
3.9,0.3,0,3.53058,-0.00651222,-7.15282e-08
3.9,0.4,0,3.70578,-0.0110824,-8.12347e-08
3.9,0.5,0,3.87961,-0.014991,-1.50801e-07
3.9,0.6,0,3.89013,-0.0202533,-9.49862e-08
3.9,0.7,0,3.90042,-0.0254297,-4.99862e-08
3.9,0.8,0,3.90432,-0.0308925,-4.64755e-08
3.9,0.9,0,3.90203,-0.0367278,-7.3639e-08
3.9,1,0,3.89875,-0.0423465,-5.71825e-08
3.9,1.1,0,3.8964,-0.0494977,-9.72325e-08
3.9,1.2,0,3.89367,-0.0566405,-1.36938e-07
3.9,1.3,0,3.89093,-0.0640147,-1.67092e-07
3.9,1.4,0,3.88854,-0.0716285,-1.88042e-07
3.9,1.5,0,3.88552,-0.0790326,-1.79418e-07
3.9,1.6,0,3.8832,-0.0874366,-2.99153e-07
3.9,1.7,0,3.88062,-0.0957062,-3.36532e-07
3.9,1.8,0,3.87792,-0.104229,-3.42202e-07
3.9,1.9,0,3.87539,-0.11314,-3.98518e-07
3.9,2,0,3.87234,-0.121595,-4.54488e-07
3.9,2.1,0,3.86941,-0.131101,-4.65848e-07
3.9,2.2,0,3.86621,-0.140306,-5.07505e-07
3.9,2.3,0,3.86266,-0.14977,-5.65941e-07
3.9,2.4,0,3.85903,-0.159792,-6.10859e-07
3.9,2.5,0,3.85485,-0.169053,-6.0979e-07
3.9,2.6,0,3.8502,-0.179577,-6.4201e-07
3.9,2.7,0,3.84527,-0.189635,-6.65542e-07
3.9,2.8,0,3.83961,-0.19989,-6.82963e-07
3.9,2.9,0,3.8335,-0.21081,-7.02961e-07
3.9,3,0,3.82695,-0.220585,-6.85975e-07
3.9,3.1,0,3.81883,-0.231371,-6.46075e-07
3.9,3.2,0,3.81058,-0.241756,-5.8975e-07
3.9,3.3,0,3.801,-0.251414,-5.26375e-07
3.9,3.4,0,3.7902,-0.260746,-4.72375e-07
3.9,3.5,0,3.77945,-0.271593,-4.35575e-07
3.9,3.6,0,3.76431,-0.277918,-3.64575e-07
3.9,3.7,0,3.74947,-0.287806,-2.9425e-07
3.9,3.8,0,3.73013,-0.29607,-2.2435e-07
3.9,3.9,0,3.70596,-0.299145,-1.542e-07
3.9,4,0,3.68519,-0.315722,-6.325e-08
3.9,4.1,0,3.64349,-0.317207,-3.01e-08
3.9,4.2,0,3.60726,-0.323319,3.1975e-08
3.9,4.3,0,3.56391,-0.327291,9.44e-08
3.9,4.4,0,3.50802,-0.324498,1.2825e-07
3.9,4.5,0,3.47048,-0.319154,1.9225e-07
3.9,4.6,0,3.47102,-0.303626,1.5025e-07
3.9,4.7,0,3.46748,-0.283148,6.025e-08
3.9,4.8,0,3.47279,-0.26686,-3.39031e-08
3.9,4.9,0,3.49101,-0.259712,-8.42094e-08
3.9,5,0,3.50317,-0.227042,-2.40741e-07
3.9,5.1,0,3.40839,-0.205633,-1.76375e-07
3.9,5.2,0,3.28931,-0.161044,-9.6125e-08
3.9,5.3,0,3.23199,-0.101156,-9.2e-08
3.9,5.4,0,3.19923,-0.0362308,-7.825e-08
3.9,5.5,0,3.18578,0.032567,-5.85e-08
3.9,5.6,0,3.19269,0.102162,-4.6e-08
3.9,5.7,0,3.21688,0.168481,-3.1e-08
3.9,5.8,0,3.25755,0.229695,-2.2e-08
3.9,5.9,0,3.34268,0.28063,1e-09
3.9,6,0,3.44788,0.311526,9.97667e-09
3.9,6.1,0,3.46568,0.320907,-3.43151e-08
3.9,6.2,0,3.48347,0.330288,-7.86069e-08
3.9,6.3,0,3.49601,0.359101,-4.35503e-08
3.9,6.4,0,3.51123,0.376336,-4.31269e-08
3.9,6.5,0,3.52792,0.387233,-6.17836e-08
3.9,6.6,0,3.5436,0.399442,-8.64104e-08
3.9,6.7,0,3.56601,0.407244,-9.60149e-08
3.9,6.8,0,3.60545,0.40304,-6.27313e-08
3.9,6.9,0,3.64124,0.397809,-3.45011e-08
3.9,7,0,3.66812,0.390066,-1.86429e-08
3.9,7.1,0,3.69224,0.382291,2.31978e-09
3.9,7.2,0,3.71621,0.374516,2.35511e-08
3.9,7.3,0,3.73603,0.361982,2.86131e-08
3.9,7.4,0,3.75128,0.350854,2.51653e-08
3.9,7.5,0,3.76364,0.340866,1.67325e-08
3.9,7.6,0,3.77615,0.329708,-2.00336e-09
3.9,7.7,0,3.78736,0.318043,-1.74418e-08
3.9,7.8,0,3.79441,0.307302,-1.50896e-09
3.9,7.9,0,3.80168,0.296776,2.25015e-08
3.9,8,0,3.80967,0.286932,7.2091e-08
3.9,8.1,0,3.8142,0.276508,7.40209e-08
3.9,8.2,0,3.81836,0.26602,7.06552e-08
3.9,8.3,0,3.82323,0.256685,4.46012e-08
3.9,8.4,0,3.82673,0.247184,6.29363e-08
3.9,8.5,0,3.82902,0.237431,1.19884e-07
3.9,8.6,0,3.83168,0.228232,1.2768e-07
3.9,8.7,0,3.83428,0.219464,9.65954e-08
3.9,8.8,0,3.83538,0.210531,7.74722e-08
3.9,8.9,0,3.83658,0.201741,5.85561e-08
3.9,9,0,3.83822,0.19356,4.05225e-08
3.9,9.1,0,3.83874,0.185352,-4.40997e-08
3.9,9.2,0,3.83907,0.17714,-1.40473e-07
3.9,9.3,0,3.83977,0.16939,-1.7526e-07
3.9,9.4,0,3.84011,0.161772,-1.54366e-07
3.9,9.5,0,3.84,0.154195,-8.95226e-08
3.9,9.6,0,3.84008,0.146806,-1.7386e-08
3.9,9.7,0,3.84028,0.139636,5.3565e-08
3.9,9.8,0,3.84,0.132606,7.47814e-08
3.9,9.9,0,3.83977,0.125609,9.89164e-08
3.9,10,0,3.83982,0.118817,1.4098e-07
3.9,10.1,0,3.83963,0.112243,1.18912e-07
3.9,10.2,0,3.83939,0.105725,8.08112e-08
3.9,10.3,0,3.83938,0.0993107,7.34261e-08
3.9,10.4,0,3.83937,0.0930362,9.05251e-08
3.9,10.5,0,3.83928,0.0868979,1.2757e-07
3.9,10.6,0,3.83932,0.0807672,1.41259e-07
3.9,10.7,0,3.83952,0.0746993,1.26643e-07
3.9,10.8,0,3.8398,0.0691087,1.24822e-07
3.9,10.9,0,3.84011,0.0635165,1.26138e-07
3.9,11,0,3.84071,0.0579094,1.59168e-07
3.9,11.1,0,3.84128,0.052503,1.61349e-07
3.9,11.2,0,3.84184,0.0471634,1.53249e-07
3.9,11.3,0,3.84266,0.0417074,1.35071e-07
3.9,11.4,0,3.8437,0.0366139,1.09242e-07
3.9,11.5,0,3.84495,0.0321254,7.72457e-08
3.9,11.6,0,3.8464,0.0276011,4.3298e-08
3.9,11.7,0,3.84797,0.0230488,7.34147e-09
3.9,11.8,0,3.84599,0.0190329,-8.78913e-09
3.9,11.9,0,3.84403,0.0150096,-2.26677e-08
3.9,12,0,3.8425,0.0108098,1.75017e-08
3.9,12.1,0,3.78711,0.00729992,7.85473e-08
3.9,12.2,0,3.70864,0.00408576,1.4854e-07
3.9,12.3,0,3.63121,0.000940882,1.10401e-07
3.9,12.4,0,3.20686,-0.00119741,3.93939e-08
3.9,12.5,0,2.13734,-0.00152413,-2.43075e-09
3.9,12.6,0,1.06825,-0.00129834,-2.24142e-08
3.9,12.7,0,0,0,0
4,0,0,0,0,0
4,0.1,0,1.37864,-0.00258735,2.905e-08
4,0.2,0,2.75727,-0.00517471,5.81e-08
4,0.3,0,3.53418,-0.00875349,6.77718e-08
4,0.4,0,3.70938,-0.0133237,5.80653e-08
4,0.5,0,3.88457,-0.0178939,4.83588e-08
4,0.6,0,3.89509,-0.0231562,1.04174e-07
4,0.7,0,3.90561,-0.0284186,1.59989e-07
4,0.8,0,3.90972,-0.0339674,1.74314e-07
4,0.9,0,3.90744,-0.0398027,1.47151e-07
4,1,0,3.90515,-0.045638,1.19987e-07
4,1.1,0,3.90281,-0.0527892,7.99375e-08
4,1.2,0,3.90046,-0.0599404,3.98875e-08
4,1.3,0,3.89809,-0.067323,9.3875e-09
4,1.4,0,3.89571,-0.0749368,-1.15625e-08
4,1.5,0,3.89333,-0.0825507,-3.25125e-08
4,1.6,0,3.89101,-0.0909547,-1.52247e-07
4,1.7,0,3.8887,-0.0993586,-2.71982e-07
4,1.8,0,3.88627,-0.108016,-3.60007e-07
4,1.9,0,3.88374,-0.116927,-4.16322e-07
4,2,0,3.88121,-0.125838,-4.72637e-07
4,2.1,0,3.87827,-0.135343,-4.83998e-07
4,2.2,0,3.87533,-0.144849,-4.95358e-07
4,2.3,0,3.87205,-0.154613,-5.23496e-07
4,2.4,0,3.86842,-0.164636,-5.68414e-07
4,2.5,0,3.86479,-0.174658,-6.13331e-07
4,2.6,0,3.86014,-0.185182,-6.45551e-07
4,2.7,0,3.85549,-0.195707,-6.77771e-07
4,2.8,0,3.85011,-0.206429,-7.0388e-07
4,2.9,0,3.844,-0.217349,-7.23877e-07
4,3,0,3.8379,-0.228269,-7.43875e-07
4,3.1,0,3.82978,-0.239055,-7.03975e-07
4,3.2,0,3.82166,-0.249842,-6.64075e-07
4,3.3,0,3.8122,-0.259901,-6.17125e-07
4,3.4,0,3.8014,-0.269233,-5.63125e-07
4,3.5,0,3.7906,-0.278564,-5.09125e-07
4,3.6,0,3.77546,-0.284889,-4.38125e-07
4,3.7,0,3.76031,-0.291213,-3.67125e-07
4,3.8,0,3.74066,-0.295912,-2.9655e-07
4,3.9,0,3.71649,-0.298987,-2.264e-07
4,4,0,3.69232,-0.302062,-1.5625e-07
4,4.1,0,3.65063,-0.303546,-1.231e-07
4,4.2,0,3.60894,-0.305031,-8.995e-08
4,4.3,0,3.56015,-0.304377,-5.645e-08
4,4.4,0,3.50425,-0.301584,-2.26e-08
4,4.5,0,3.44836,-0.298792,1.125e-08
4,4.6,0,3.44889,-0.283264,-3.075e-08
4,4.7,0,3.44943,-0.267736,-7.275e-08
4,4.8,0,3.4588,-0.256398,-1.18903e-07
4,4.9,0,3.47702,-0.24925,-1.69209e-07
4,5,0,3.49525,-0.242101,-2.19516e-07
4,5.1,0,3.36927,-0.231707,-1.47375e-07
4,5.2,0,3.22808,-0.183628,-5.6125e-08
4,5.3,0,3.16645,-0.119711,-5e-08
4,5.4,0,3.12959,-0.0452023,-4.875e-08
4,5.5,0,3.11636,0.0327858,-3e-08
4,5.6,0,3.12381,0.112605,-1.25e-08
4,5.7,0,3.15243,0.189205,8.5e-09
4,5.8,0,3.19677,0.256119,2.75e-08
4,5.9,0,3.2967,0.313937,7.15e-08
4,6,0,3.4284,0.335194,2.58775e-08
4,6.1,0,3.44619,0.344575,-1.84143e-08
4,6.2,0,3.46399,0.353956,-6.27061e-08
4,6.3,0,3.48179,0.363337,-1.06998e-07
4,6.4,0,3.49887,0.373703,-1.34627e-07
4,6.5,0,3.51557,0.3846,-1.53284e-07
4,6.6,0,3.53226,0.395496,-1.7194e-07
4,6.7,0,3.55578,0.401862,-1.75015e-07
4,6.8,0,3.59521,0.397658,-1.41731e-07
4,6.9,0,3.63465,0.393454,-1.08448e-07
4,7,0,3.67408,0.38925,-7.51642e-08
4,7.1,0,3.69883,0.381653,-5.33302e-08
4,7.2,0,3.7228,0.373877,-3.20989e-08
4,7.3,0,3.74678,0.366101,-1.08675e-08
4,7.4,0,3.76379,0.356998,-7.4347e-09
4,7.5,0,3.77615,0.34701,-1.58675e-08
4,7.6,0,3.78851,0.337022,-2.43004e-08
4,7.7,0,3.79955,0.326846,-2.66418e-08
4,7.8,0,3.80659,0.316105,-1.0709e-08
4,7.9,0,3.81364,0.305364,5.22388e-09
4,8,0,3.82069,0.294623,2.11567e-08
4,8.1,0,3.82513,0.284109,1.97209e-08
4,8.2,0,3.82929,0.27362,1.63552e-08
4,8.3,0,3.83344,0.263132,1.29896e-08
4,8.4,0,3.83657,0.253048,4.27963e-08
4,8.5,0,3.83886,0.243294,9.9744e-08
4,8.6,0,3.84115,0.233541,1.56692e-07
4,8.7,0,3.84321,0.223951,1.98425e-07
4,8.8,0,3.8443,0.215018,1.79302e-07
4,8.9,0,3.8454,0.206085,1.60179e-07
4,9,0,3.8465,0.197152,1.41056e-07
4,9.1,0,3.84694,0.188832,5.62703e-08
4,9.2,0,3.84726,0.180619,-4.01028e-08
4,9.3,0,3.84759,0.172407,-1.36476e-07
4,9.4,0,3.8477,0.164513,-1.52241e-07
4,9.5,0,3.8476,0.156936,-8.73976e-08
4,9.6,0,3.84749,0.14936,-2.25543e-08
4,9.7,0,3.84736,0.141865,3.5745e-08
4,9.8,0,3.84709,0.134835,5.69614e-08
4,9.9,0,3.84681,0.127805,7.81778e-08
4,10,0,3.84653,0.120775,9.93942e-08
4,10.1,0,3.84628,0.114154,7.31569e-08
4,10.2,0,3.84603,0.107635,3.50562e-08
4,10.3,0,3.84579,0.101116,-3.04459e-09
4,10.4,0,3.84561,0.0947687,-7.32985e-09
4,10.5,0,3.84553,0.0886304,2.97149e-08
4,10.6,0,3.84544,0.0824921,6.67597e-08
4,10.7,0,3.84539,0.0764086,9.99179e-08
4,10.8,0,3.84567,0.0708179,9.8097e-08
4,10.9,0,3.84595,0.0652273,9.62761e-08
4,11,0,3.84624,0.0596366,9.44552e-08
4,11.1,0,3.84673,0.0542343,8.79244e-08
4,11.2,0,3.84729,0.0488948,7.98237e-08
4,11.3,0,3.84785,0.0435552,7.17229e-08
4,11.4,0,3.84869,0.0385561,5.4064e-08
4,11.5,0,3.84994,0.0340677,2.20677e-08
4,11.6,0,3.85119,0.0295792,-9.92854e-09
4,11.7,0,3.85228,0.0251144,-4.11315e-08
4,11.8,0,3.85031,0.0210985,-5.72621e-08
4,11.9,0,3.84833,0.0170826,-7.33927e-08
4,12,0,3.84635,0.0130667,-8.95233e-08
4,12.1,0,3.79083,0.00961204,-4.53677e-08
4,12.2,0,3.71236,0.00639788,2.46248e-08
4,12.3,0,3.63389,0.00318372,9.46174e-08
4,12.4,0,3.20856,0.000980164,1.25474e-07
4,12.5,0,2.13904,0.000653443,8.36493e-08
4,12.6,0,1.06952,0.000326721,4.18246e-08
4,12.7,0,0,0,0
4.1,0,0,0,0,0
4.1,0.1,0,1.38322,-0.00391709,-9.094e-08
4.1,0.2,0,2.76185,-0.00650444,-6.189e-08
4.1,0.3,0,3.53912,-0.0103384,-3.73425e-08
4.1,0.4,0,3.71467,-0.0151639,-3.21732e-08
4.1,0.5,0,3.88986,-0.0197341,-4.18797e-08
4.1,0.6,0,3.90071,-0.0252485,-7.34475e-09
4.1,0.7,0,3.91122,-0.0305108,4.84702e-08
4.1,0.8,0,3.9158,-0.0361778,9.41928e-08
4.1,0.9,0,3.91398,-0.0421313,9.8426e-08
4.1,1,0,3.91169,-0.0479667,7.12625e-08
4.1,1.1,0,3.91012,-0.0551557,1.15567e-07
4.1,1.2,0,3.90777,-0.0623069,7.55175e-08
4.1,1.3,0,3.90577,-0.0697755,5.37925e-08
4.1,1.4,0,3.90375,-0.0774754,4.16175e-08
4.1,1.5,0,3.90137,-0.0850893,2.06675e-08
4.1,1.6,0,3.89971,-0.0937239,9.87025e-08
4.1,1.7,0,3.8974,-0.102128,-2.10325e-08
4.1,1.8,0,3.8953,-0.111003,-5.5715e-08
4.1,1.9,0,3.89309,-0.120131,-5.86875e-08
4.1,2,0,3.89055,-0.129042,-1.15002e-07
4.1,2.1,0,3.88821,-0.139235,-1.20687e-07
4.1,2.2,0,3.88528,-0.148741,-1.32047e-07
4.1,2.3,0,3.88223,-0.159034,-1.20698e-07
4.1,2.4,0,3.87883,-0.169586,-1.26128e-07
4.1,2.5,0,3.8752,-0.179608,-1.71045e-07
4.1,2.6,0,3.87069,-0.191667,-2.08415e-07
4.1,2.7,0,3.86604,-0.202191,-2.40635e-07
4.1,2.8,0,3.86038,-0.213917,-2.95764e-07
4.1,2.9,0,3.854,-0.22584,-3.44782e-07
4.1,3,0,3.84789,-0.23676,-3.6478e-07
4.1,3.1,0,3.83765,-0.250039,-3.9468e-07
4.1,3.2,0,3.82953,-0.260825,-3.5478e-07
4.1,3.3,0,3.81759,-0.272588,-3.54752e-07
4.1,3.4,0,3.8043,-0.283624,-3.47675e-07
4.1,3.5,0,3.7935,-0.292955,-2.93675e-07
4.1,3.6,0,3.77156,-0.305348,-3.51475e-07
4.1,3.7,0,3.75641,-0.311672,-2.80475e-07
4.1,3.8,0,3.73676,-0.320573,-2.64825e-07
4.1,3.9,0,3.71259,-0.32785,-2.496e-07
4.1,4,0,3.68842,-0.330924,-1.7945e-07
4.1,4.1,0,3.66388,-0.34103,-2.2895e-07
4.1,4.2,0,3.62219,-0.342515,-1.958e-07
4.1,4.3,0,3.58521,-0.352655,-1.65125e-07
4.1,4.4,0,3.54113,-0.360656,-1.341e-07
4.1,4.5,0,3.48524,-0.357863,-1.0025e-07
4.1,4.6,0,3.47361,-0.371812,-4.625e-08
4.1,4.7,0,3.47415,-0.356284,-8.825e-08
4.1,4.8,0,3.45322,-0.343136,-8.89125e-08
4.1,4.9,0,3.44113,-0.334177,-9.37281e-08
4.1,5,0,3.45935,-0.327029,-1.44034e-07
4.1,5.1,0,3.3041,-0.299074,-7.8925e-08
4.1,5.2,0,3.1475,-0.235519,-2.6175e-08
4.1,5.3,0,3.06766,-0.150935,-2.05e-08
4.1,5.4,0,3.02569,-0.0606973,-2.125e-08
4.1,5.5,0,3.00895,0.0343622,-8.5e-09
4.1,5.6,0,3.01941,0.130984,2.5e-09
4.1,5.7,0,3.05196,0.22326,1.81e-08
4.1,5.8,0,3.11053,0.307428,4.9e-08
4.1,5.9,0,3.22307,0.380156,9.2e-08
4.1,6,0,3.38563,0.411173,4.90207e-08
4.1,6.1,0,3.44696,0.40819,2.06668e-08
4.1,6.2,0,3.47955,0.413368,-1.82061e-08
4.1,6.3,0,3.49735,0.422749,-6.24979e-08
4.1,6.4,0,3.51563,0.416711,-8.20261e-08
4.1,6.5,0,3.5336,0.410195,-9.20836e-08
4.1,6.6,0,3.5503,0.421091,-1.1074e-07
4.1,6.7,0,3.57112,0.42404,-1.1921e-07
4.1,6.8,0,3.60157,0.408445,-1.03912e-07
4.1,6.9,0,3.64065,0.403786,-7.13478e-08
4.1,7,0,3.68008,0.399582,-3.80642e-08
4.1,7.1,0,3.70332,0.391353,-1.35007e-08
4.1,7.2,0,3.72667,0.383319,8.85112e-09
4.1,7.3,0,3.75065,0.375543,3.00825e-08
4.1,7.4,0,3.76924,0.365816,5.49854e-08
4.1,7.5,0,3.78356,0.35506,7.30325e-08
4.1,7.6,0,3.79592,0.345072,6.45996e-08
4.1,7.7,0,3.80738,0.334585,7.38701e-08
4.1,7.8,0,3.81612,0.322603,1.36251e-07
4.1,7.9,0,3.82332,0.31175,1.56364e-07
4.1,8,0,3.83037,0.301009,1.72297e-07
4.1,8.1,0,3.83499,0.28924,2.23387e-07
4.1,8.2,0,3.83923,0.278138,2.457e-07
4.1,8.3,0,3.84339,0.26765,2.42335e-07
4.1,8.4,0,3.84632,0.256933,2.08194e-07
4.1,8.5,0,3.84833,0.246271,1.73289e-07
4.1,8.6,0,3.85063,0.236517,2.30237e-07
4.1,8.7,0,3.85257,0.226771,2.71648e-07
4.1,8.8,0,3.85312,0.217053,2.50913e-07
4.1,8.9,0,3.85414,0.20801,2.31564e-07
4.1,9,0,3.85524,0.199077,2.12441e-07
4.1,9.1,0,3.85521,0.190333,2.16265e-07
4.1,9.2,0,3.85527,0.181877,1.70972e-07
4.1,9.3,0,3.8556,0.173664,7.45991e-08
4.1,9.4,0,3.85546,0.165629,-1.79662e-08
4.1,9.5,0,3.85495,0.157815,-8.21476e-08
4.1,9.6,0,3.85484,0.150239,-1.73043e-08
4.1,9.7,0,3.85465,0.142725,3.7691e-08
4.1,9.8,0,3.85394,0.135565,3.68813e-08
4.1,9.9,0,3.85359,0.12851,5.39128e-08
4.1,10,0,3.85331,0.12148,7.51292e-08
4.1,10.1,0,3.85276,0.114839,8.47695e-08
4.1,10.2,0,3.85231,0.108306,7.08862e-08
4.1,10.3,0,3.85206,0.101787,3.27854e-08
4.1,10.4,0,3.85173,0.095474,2.2499e-08
4.1,10.5,0,3.85134,0.0894035,4.76749e-08
4.1,10.6,0,3.85125,0.0832653,8.47197e-08
4.1,10.7,0,3.85117,0.077192,1.14491e-07
4.1,10.8,0,3.85109,0.0717044,7.87966e-08
4.1,10.9,0,3.85129,0.0661384,6.88461e-08
4.1,11,0,3.85157,0.0605478,6.70252e-08
4.1,11.1,0,3.85179,0.0553002,7.95523e-08
4.1,11.2,0,3.85213,0.0500824,8.64437e-08
4.1,11.3,0,3.8527,0.0447429,7.83429e-08
4.1,11.4,0,3.85333,0.0397913,9.37735e-08
4.1,11.5,0,3.8541,0.0354145,1.39538e-07
4.1,11.6,0,3.85536,0.030926,1.07541e-07
4.1,11.7,0,3.85643,0.0264684,7.60915e-08
4.1,11.8,0,3.85406,0.0225956,5.50206e-08
4.1,11.9,0,3.85197,0.0186212,3.74573e-08
4.1,12,0,3.85,0.0146053,2.13267e-08
4.1,12.1,0,3.79379,0.0111074,9.8584e-09
4.1,12.2,0,3.7147,0.00785375,2.89948e-08
4.1,12.3,0,3.63623,0.00463959,9.89874e-08
4.1,12.4,0,3.21028,0.00205577,1.28702e-07
4.1,12.5,0,2.13904,0.000653443,8.36493e-08
4.1,12.6,0,1.06952,0.000326721,4.18246e-08
4.1,12.7,0,0,0,0
4.2,0,0,0,0,0
4.2,0.1,0,1.38322,-0.00391709,-9.094e-08
4.2,0.2,0,2.76643,-0.00783418,-1.8188e-07
4.2,0.3,0,3.5437,-0.0116682,-1.57332e-07
4.2,0.4,0,3.7196,-0.0167488,-1.37287e-07
4.2,0.5,0,3.89515,-0.0215742,-1.32118e-07
4.2,0.6,0,3.906,-0.0270887,-9.75832e-08
4.2,0.7,0,3.91684,-0.0326031,-6.30483e-08
4.2,0.8,0,3.92142,-0.0382701,-1.73258e-08
4.2,0.9,0,3.92006,-0.0443418,1.83042e-08
4.2,1,0,3.91823,-0.0502953,2.25375e-08
4.2,1.1,0,3.91666,-0.0574843,6.68425e-08
4.2,1.2,0,3.91508,-0.0646734,1.11148e-07
4.2,1.3,0,3.91308,-0.072142,8.94225e-08
4.2,1.4,0,3.91143,-0.079928,8.60225e-08
4.2,1.5,0,3.90941,-0.0876279,7.38475e-08
4.2,1.6,0,3.90775,-0.0962625,1.51882e-07
4.2,1.7,0,3.9061,-0.104897,2.29917e-07
4.2,1.8,0,3.904,-0.113772,1.95235e-07
4.2,1.9,0,3.90211,-0.123118,2.45605e-07
4.2,2,0,3.8999,-0.132246,2.42633e-07
4.2,2.1,0,3.89756,-0.142439,2.36948e-07
4.2,2.2,0,3.89522,-0.152632,2.31263e-07
4.2,2.3,0,3.89217,-0.162926,2.42612e-07
4.2,2.4,0,3.88901,-0.174007,2.7667e-07
4.2,2.5,0,3.88562,-0.184558,2.71241e-07
4.2,2.6,0,3.88111,-0.196617,2.33871e-07
4.2,2.7,0,3.8766,-0.208676,1.96501e-07
4.2,2.8,0,3.87094,-0.220401,1.41371e-07
4.2,2.9,0,3.86427,-0.233328,6.3333e-08
4.2,3,0,3.85788,-0.245251,1.4315e-08
4.2,3.1,0,3.84765,-0.25853,-1.5585e-08
4.2,3.2,0,3.83741,-0.271809,-4.5485e-08
4.2,3.3,0,3.82546,-0.283572,-4.54575e-08
4.2,3.4,0,3.80968,-0.296311,-8.53025e-08
4.2,3.5,0,3.79639,-0.307346,-7.8225e-08
4.2,3.6,0,3.77445,-0.319739,-1.36025e-07
4.2,3.7,0,3.75251,-0.332131,-1.93825e-07
4.2,3.8,0,3.73285,-0.341032,-1.78175e-07
4.2,3.9,0,3.70869,-0.352511,-2.17875e-07
4.2,4,0,3.68452,-0.359787,-2.0265e-07
4.2,4.1,0,3.65998,-0.369893,-2.5215e-07
4.2,4.2,0,3.63544,-0.379998,-3.0165e-07
4.2,4.3,0,3.59846,-0.390139,-2.70975e-07
4.2,4.4,0,3.5662,-0.408934,-2.42775e-07
4.2,4.5,0,3.52212,-0.416935,-2.1175e-07
4.2,4.6,0,3.51049,-0.430883,-1.5775e-07
4.2,4.7,0,3.49887,-0.444832,-1.0375e-07
4.2,4.8,0,3.47794,-0.431684,-1.04412e-07
4.2,4.9,0,3.43555,-0.420915,-6.37375e-08
4.2,5,0,3.42346,-0.411957,-6.85531e-08
4.2,5.1,0,3.23894,-0.366441,-1.0475e-08
4.2,5.2,0,3.06691,-0.28741,3.775e-09
4.2,5.3,0,2.96887,-0.182159,9e-09
4.2,5.4,0,2.92179,-0.0761922,6.25e-09
4.2,5.5,0,2.90155,0.0359386,1.3e-08
4.2,5.6,0,2.915,0.149363,1.75e-08
4.2,5.7,0,2.95149,0.257315,2.77e-08
4.2,5.8,0,3.02428,0.358736,7.05e-08
4.2,5.9,0,3.14945,0.446375,1.125e-07
4.2,6,0,3.34286,0.487152,7.21639e-08
4.2,6.1,0,3.40419,0.484169,4.381e-08
4.2,6.2,0,3.46552,0.481187,1.54561e-08
4.2,6.3,0,3.51291,0.482161,-1.79979e-08
4.2,6.4,0,3.5312,0.476124,-3.75261e-08
4.2,6.5,0,3.54974,0.461783,-4.37201e-08
4.2,6.6,0,3.56828,0.447443,-4.99142e-08
4.2,6.7,0,3.58916,0.449635,-5.80104e-08
4.2,6.8,0,3.61961,0.43404,-4.27119e-08
4.2,6.9,0,3.65006,0.418446,-2.74134e-08
4.2,7,0,3.68609,0.409913,-9.64179e-10
4.2,7.1,0,3.70932,0.401685,2.35993e-08
4.2,7.2,0,3.7317,0.393245,4.77037e-08
4.2,7.3,0,3.75452,0.384984,7.10325e-08
4.2,7.4,0,3.77311,0.375258,9.59354e-08
4.2,7.5,0,3.78811,0.364231,1.23286e-07
4.2,7.6,0,3.80312,0.353204,1.50637e-07
4.2,7.7,0,3.81478,0.342634,1.6277e-07
4.2,7.8,0,3.82353,0.330652,2.25151e-07
4.2,7.9,0,3.83227,0.31867,2.87531e-07
4.2,8,0,3.84004,0.307395,3.23437e-07
4.2,8.1,0,3.84467,0.295626,3.74527e-07
4.2,8.2,0,3.84902,0.283743,4.29523e-07
4.2,8.3,0,3.85333,0.272168,4.7168e-07
4.2,8.4,0,3.85627,0.261451,4.37539e-07
4.2,8.5,0,3.85821,0.250547,3.78218e-07
4.2,8.6,0,3.86014,0.239643,3.18897e-07
4.2,8.7,0,3.86204,0.229747,3.45193e-07
4.2,8.8,0,3.86259,0.220029,3.24458e-07
4.2,8.9,0,3.86314,0.210311,3.03723e-07
4.2,9,0,3.86398,0.201001,2.83826e-07
4.2,9.1,0,3.86395,0.192258,2.8765e-07
4.2,9.2,0,3.86373,0.183547,2.95523e-07
4.2,9.3,0,3.8636,0.174921,2.85674e-07
4.2,9.4,0,3.86347,0.166886,1.93109e-07
4.2,9.5,0,3.86287,0.159027,1.04351e-07
4.2,9.6,0,3.86228,0.151168,1.55938e-08
4.2,9.7,0,3.862,0.143604,4.2941e-08
4.2,9.8,0,3.86129,0.136444,4.21313e-08
4.2,9.9,0,3.86059,0.129284,4.13216e-08
4.2,10,0,3.86009,0.122186,5.08642e-08
4.2,10.1,0,3.85953,0.115544,6.05045e-08
4.2,10.2,0,3.85891,0.109,6.72508e-08
4.2,10.3,0,3.85834,0.102458,6.86154e-08
4.2,10.4,0,3.85801,0.096145,5.8329e-08
4.2,10.5,0,3.85758,0.0900829,8.2038e-08
4.2,10.6,0,3.85715,0.0840208,1.05747e-07
4.2,10.7,0,3.85698,0.0779651,1.32451e-07
4.2,10.8,0,3.85691,0.0724775,9.67566e-08
4.2,10.9,0,3.85683,0.0669898,6.10625e-08
4.2,11,0,3.8569,0.0614589,3.95952e-08
4.2,11.1,0,3.85712,0.0562114,5.21223e-08
4.2,11.2,0,3.85732,0.0510782,6.9432e-08
4.2,11.3,0,3.85754,0.0459306,8.49629e-08
4.2,11.4,0,3.85817,0.040979,1.00394e-07
4.2,11.5,0,3.85892,0.0366093,1.51121e-07
4.2,11.6,0,3.85966,0.0322395,2.01849e-07
4.2,11.7,0,3.86059,0.0278151,1.93561e-07
4.2,11.8,0,3.85823,0.0239424,1.72491e-07
4.2,11.9,0,3.85586,0.0200697,1.5142e-07
4.2,12,0,3.85364,0.0161439,1.32177e-07
4.2,12.1,0,3.79744,0.012646,1.20708e-07
4.2,12.2,0,3.71799,0.00937013,1.11238e-07
4.2,12.3,0,3.63857,0.00609546,1.03357e-07
4.2,12.4,0,3.21262,0.00351164,1.33072e-07
4.2,12.5,0,2.14136,0.00209845,8.79866e-08
4.2,12.6,0,1.07009,0.000685256,4.29008e-08
4.2,12.7,0,0,0,0
4.3,0,0,0,0,0
4.3,0.1,0,1.38575,-0.00425044,-4.16125e-08
4.3,0.2,0,2.76897,-0.00816753,-1.32552e-07
4.3,0.3,0,3.54875,-0.0128301,-1.9295e-07
4.3,0.4,0,3.72465,-0.0179107,-1.72905e-07
4.3,0.5,0,3.90055,-0.0229914,-1.5286e-07
4.3,0.6,0,3.91154,-0.0286199,-1.47172e-07
4.3,0.7,0,3.92238,-0.0341343,-1.12638e-07
4.3,0.8,0,3.92753,-0.0400207,-1.0389e-07
4.3,0.9,0,3.92617,-0.0460924,-6.826e-08
4.3,1,0,3.9248,-0.0521641,-3.263e-08
4.3,1.1,0,3.92361,-0.0593662,-1.50675e-08
4.3,1.2,0,3.92203,-0.0665552,2.92375e-08
4.3,1.3,0,3.9208,-0.0741031,5.91775e-08
4.3,1.4,0,3.91915,-0.0818891,5.57775e-08
4.3,1.5,0,3.91749,-0.0896751,5.23775e-08
4.3,1.6,0,3.91623,-0.0984041,1.21182e-07
4.3,1.7,0,3.91458,-0.107039,1.99217e-07
4.3,1.8,0,3.91323,-0.116228,2.22945e-07
4.3,1.9,0,3.91134,-0.125574,2.73315e-07
4.3,2,0,3.90945,-0.134919,3.23685e-07
4.3,2.1,0,3.9076,-0.14546,3.2137e-07
4.3,2.2,0,3.90526,-0.155653,3.15685e-07
4.3,2.3,0,3.90309,-0.166884,3.42068e-07
4.3,2.4,0,3.89993,-0.177965,3.76126e-07
4.3,2.5,0,3.89677,-0.189046,4.10184e-07
4.3,2.6,0,3.893,-0.202131,3.65999e-07
4.3,2.7,0,3.88849,-0.21419,3.28629e-07
4.3,2.8,0,3.8839,-0.228674,3.13164e-07
4.3,2.9,0,3.87723,-0.2416,2.35126e-07
4.3,3,0,3.87056,-0.254526,1.57087e-07
4.3,3.1,0,3.86165,-0.271926,1.59488e-07
4.3,3.2,0,3.85142,-0.285205,1.29588e-07
4.3,3.3,0,3.83992,-0.306313,9.4065e-08
4.3,3.4,0,3.82414,-0.319052,5.422e-08
4.3,3.5,0,3.80836,-0.331791,1.4375e-08
4.3,3.6,0,3.787,-0.357567,-3.18e-08
4.3,3.7,0,3.76506,-0.36996,-8.96e-08
4.3,3.8,0,3.73921,-0.398537,-1.01925e-07
4.3,3.9,0,3.71505,-0.410015,-1.41625e-07
4.3,4,0,3.69088,-0.421494,-1.81325e-07
4.3,4.1,0,3.65849,-0.442856,-1.66075e-07
4.3,4.2,0,3.63394,-0.452962,-2.15575e-07
4.3,4.3,0,3.59786,-0.460688,-2.239e-07
4.3,4.4,0,3.5656,-0.479484,-1.957e-07
4.3,4.5,0,3.53333,-0.498279,-1.675e-07
4.3,4.6,0,3.53153,-0.490164,-1.6975e-07
4.3,4.7,0,3.5199,-0.504113,-1.1575e-07
4.3,4.8,0,3.47833,-0.520749,-9.48406e-08
4.3,4.9,0,3.43594,-0.509981,-5.41656e-08
4.3,5,0,3.39355,-0.499212,-1.34906e-08
4.3,5.1,0,3.14701,-0.458031,4.75e-08
4.3,5.2,0,2.94251,-0.354332,2.75e-08
4.3,5.3,0,2.83239,-0.227124,2.15e-08
4.3,5.4,0,2.77805,-0.09904,2.1e-08
4.3,5.5,0,2.75637,0.0374657,2.15e-08
4.3,5.6,0,2.77247,0.175297,1.75e-08
4.3,5.7,0,2.81731,0.305466,2.6e-08
4.3,5.8,0,2.90314,0.428941,8e-08
4.3,5.9,0,3.05319,0.541671,1.135e-07
4.3,6,0,3.30744,0.577509,7.81565e-08
4.3,6.1,0,3.3953,0.563025,9.33816e-08
4.3,6.2,0,3.45663,0.560043,6.50278e-08
4.3,6.3,0,3.51796,0.557061,3.66739e-08
4.3,6.4,0,3.5406,0.560495,3e-08
4.3,6.5,0,3.55881,0.54658,2.40299e-08
4.3,6.6,0,3.57735,0.53224,1.78358e-08
4.3,6.7,0,3.60133,0.512601,5.32836e-09
4.3,6.8,0,3.63409,0.490936,4.88806e-09
4.3,6.9,0,3.66454,0.475342,2.01866e-08
4.3,7,0,3.69499,0.459747,3.54851e-08
4.3,7.1,0,3.71968,0.431339,4.23993e-08
4.3,7.2,0,3.74207,0.422899,6.65037e-08
4.3,7.3,0,3.76445,0.414459,9.06082e-08
4.3,7.4,0,3.78271,0.392715,8.6347e-08
4.3,7.5,0,3.79775,0.380317,1.10161e-07
4.3,7.6,0,3.81276,0.36929,1.37512e-07
4.3,7.7,0,3.82592,0.355604,1.55232e-07
4.3,7.8,0,3.8342,0.339555,1.86721e-07
4.3,7.9,0,3.84294,0.327573,2.49101e-07
4.3,8,0,3.85168,0.31559,3.11482e-07
4.3,8.1,0,3.85554,0.300893,3.22504e-07
4.3,8.2,0,3.85989,0.28901,3.775e-07
4.3,8.3,0,3.86425,0.277127,4.32497e-07
4.3,8.4,0,3.86664,0.264814,4.44831e-07
4.3,8.5,0,3.86844,0.253699,3.8992e-07
4.3,8.6,0,3.87038,0.242795,3.30599e-07
4.3,8.7,0,3.87185,0.231952,2.84398e-07
4.3,8.8,0,3.87196,0.22182,2.7636e-07
4.3,8.9,0,3.87251,0.212102,2.55625e-07
4.3,9,0,3.87306,0.202384,2.3489e-07
4.3,9.1,0,3.87245,0.193227,2.2471e-07
4.3,9.2,0,3.87223,0.184517,2.32583e-07
4.3,9.3,0,3.87201,0.175806,2.40456e-07
4.3,9.4,0,3.87129,0.167426,2.31831e-07
4.3,9.5,0,3.87059,0.159535,1.53891e-07
4.3,9.6,0,3.87,0.151676,6.51338e-08
4.3,9.7,0,3.86931,0.143917,-5.37903e-09
4.3,9.8,0,3.86835,0.136741,1.13263e-08
4.3,9.9,0,3.86764,0.129581,1.05166e-08
4.3,10,0,3.86694,0.122422,9.70694e-09
4.3,10.1,0,3.86601,0.115798,1.72245e-08
4.3,10.2,0,3.86539,0.109253,2.39708e-08
4.3,10.3,0,3.86477,0.102709,3.07171e-08
4.3,10.4,0,3.86406,0.0964483,5.57605e-08
4.3,10.5,0,3.86354,0.090419,8.4683e-08
4.3,10.6,0,3.86311,0.0843569,1.08392e-07
4.3,10.7,0,3.86267,0.0783689,1.30736e-07
4.3,10.8,0,3.86238,0.072976,1.21122e-07
4.3,10.9,0,3.8623,0.0674883,8.54275e-08
4.3,11,0,3.86223,0.0620006,4.97335e-08
4.3,11.1,0,3.86211,0.0569344,5.07298e-08
4.3,11.2,0,3.8623,0.0518012,6.80395e-08
4.3,11.3,0,3.8625,0.046668,8.53492e-08
4.3,11.4,0,3.86272,0.041897,1.0919e-07
4.3,11.5,0,3.86334,0.0375657,1.55304e-07
4.3,11.6,0,3.86408,0.0331959,2.06031e-07
4.3,11.7,0,3.86465,0.0288571,2.54209e-07
4.3,11.8,0,3.86209,0.0250593,2.46036e-07
4.3,11.9,0,3.85973,0.0211866,2.24965e-07
4.3,12,0,3.85736,0.0173138,2.03894e-07
4.3,12.1,0,3.80061,0.0138487,1.84111e-07
4.3,12.2,0,3.72116,0.0105728,1.74641e-07
4.3,12.3,0,3.64172,0.00729693,1.65171e-07
4.3,12.4,0,3.21444,0.00444657,1.39068e-07
4.3,12.5,0,2.14253,0.00282638,9.01716e-08
4.3,12.6,0,1.07126,0.00141319,4.50858e-08
4.3,12.7,0,0,0,0
4.4,0,0,0,0,0
4.4,0.1,0,1.38828,-0.00458379,7.715e-09
4.4,0.2,0,2.77403,-0.00883423,-3.38975e-08
4.4,0.3,0,3.55382,-0.0134968,-9.4295e-08
4.4,0.4,0,3.73016,-0.0189048,-1.2415e-07
4.4,0.5,0,3.90606,-0.0239855,-1.04105e-07
4.4,0.6,0,3.91719,-0.0297281,-1.27265e-07
4.4,0.7,0,3.92818,-0.0353567,-1.21577e-07
4.4,0.8,0,3.93333,-0.041243,-1.1283e-07
4.4,0.9,0,3.93277,-0.0475014,-1.2987e-07
4.4,1,0,3.93141,-0.0535731,-9.424e-08
4.4,1.1,0,3.93059,-0.0607883,-1.0342e-07
4.4,1.2,0,3.92939,-0.0679904,-8.58575e-08
4.4,1.3,0,3.92816,-0.0755382,-5.59175e-08
4.4,1.4,0,3.92728,-0.0834448,-4.03425e-08
4.4,1.5,0,3.92562,-0.0912308,-4.37425e-08
4.4,1.6,0,3.92475,-0.100054,1.58325e-08
4.4,1.7,0,3.92349,-0.108783,8.46375e-08
4.4,1.8,0,3.92214,-0.117972,1.08365e-07
4.4,1.9,0,3.9211,-0.127716,7.7785e-08
4.4,2,0,3.91921,-0.137062,1.28155e-07
4.4,2.1,0,3.91784,-0.14795,1.2921e-07
4.4,2.2,0,3.91598,-0.158491,1.26895e-07
4.4,2.3,0,3.91381,-0.169722,1.53278e-07
4.4,2.4,0,3.91181,-0.181991,2.11728e-07
4.4,2.5,0,3.90865,-0.193072,2.45786e-07
4.4,2.6,0,3.90562,-0.207183,1.94786e-07
4.4,2.7,0,3.90186,-0.220267,1.50601e-07
4.4,2.8,0,3.89727,-0.234751,1.35136e-07
4.4,2.9,0,3.89261,-0.251661,1.41576e-07
4.4,3,0,3.88594,-0.264587,6.35375e-08
4.4,3.1,0,3.87836,-0.286107,9.82375e-08
4.4,3.2,0,3.86945,-0.303507,1.00637e-07
4.4,3.3,0,3.85794,-0.324615,6.5115e-08
4.4,3.4,0,3.84517,-0.353551,2.397e-08
4.4,3.5,0,3.82939,-0.36629,-1.5875e-08
4.4,3.6,0,3.80861,-0.40545,-5.0425e-08
4.4,3.7,0,3.78726,-0.431227,-9.66e-08
4.4,3.8,0,3.76141,-0.459803,-1.08925e-07
4.4,3.9,0,3.73167,-0.504565,-7.5775e-08
4.4,4,0,3.7075,-0.516043,-1.15475e-07
4.4,4.1,0,3.66726,-0.548663,-3.5475e-08
4.4,4.2,0,3.63486,-0.570025,-2.0225e-08
4.4,4.3,0,3.59878,-0.577752,-2.855e-08
4.4,4.4,0,3.55115,-0.5831,4.3e-09
4.4,4.5,0,3.51889,-0.601896,3.25e-08
4.4,4.6,0,3.5269,-0.571718,-2.6e-08
4.4,4.7,0,3.5251,-0.563603,-2.825e-08
4.4,4.8,0,3.48352,-0.580239,-7.34061e-09
4.4,4.9,0,3.412,-0.599563,-1.95218e-08
4.4,5,0,3.36961,-0.588795,2.11532e-08
4.4,5.1,0,3.02834,-0.573845,9.5e-08
4.4,5.2,0,2.77428,-0.436284,4.5e-08
4.4,5.3,0,2.65821,-0.285831,1.7e-08
4.4,5.4,0,2.59447,-0.129241,2.3e-08
4.4,5.5,0,2.57344,0.0389435,1.7e-08
4.4,5.6,0,2.59182,0.208787,2.5e-09
4.4,5.7,0,2.64941,0.367711,1.3e-08
4.4,5.8,0,2.74708,0.518044,7.75e-08
4.4,5.9,0,2.93429,0.666043,9.5e-08
4.4,6,0,3.27938,0.682243,6.69985e-08
4.4,6.1,0,3.3803,0.662095,1.03688e-07
4.4,6.2,0,3.48123,0.641947,1.40377e-07
4.4,6.3,0,3.54296,0.638793,1.12674e-07
4.4,6.4,0,3.5656,0.642228,1.06e-07
4.4,6.5,0,3.56742,0.649118,1.11e-07
4.4,6.6,0,3.57994,0.642421,1.08836e-07
4.4,6.7,0,3.60392,0.622782,9.63284e-08
4.4,6.8,0,3.64059,0.590782,6.90896e-08
4.4,6.9,0,3.67546,0.563539,5.41866e-08
4.4,7,0,3.70591,0.547944,6.94851e-08
4.4,7.1,0,3.7314,0.511341,6.93993e-08
4.4,7.2,0,3.75662,0.473633,6.85037e-08
4.4,7.3,0,3.77917,0.463437,9.11082e-08
4.4,7.4,0,3.79744,0.441692,8.6847e-08
4.4,7.5,0,3.81295,0.411078,6.36754e-08
4.4,7.6,0,3.82817,0.392021,7.03119e-08
4.4,7.7,0,3.84133,0.378335,8.80321e-08
4.4,7.8,0,3.84898,0.35667,7.68604e-08
4.4,7.9,0,3.85689,0.337329,8.33413e-08
4.4,8,0,3.86563,0.325347,1.45722e-07
4.4,8.1,0,3.86916,0.309687,1.41395e-07
4.4,8.2,0,3.87211,0.293618,1.29656e-07
4.4,8.3,0,3.87631,0.281275,1.77312e-07
4.4,8.4,0,3.8787,0.268961,1.89646e-07
4.4,8.5,0,3.87948,0.256296,1.67075e-07
4.4,8.6,0,3.88089,0.244582,1.24659e-07
4.4,8.7,0,3.88236,0.233739,7.84585e-08
4.4,8.8,0,3.88198,0.22314,8.47383e-08
4.4,8.9,0,3.88177,0.212709,8.58853e-08
4.4,9,0,3.88232,0.202991,6.51503e-08
4.4,9.1,0,3.88158,0.193754,5.12723e-08
4.4,9.2,0,3.8806,0.184601,3.86044e-08
4.4,9.3,0,3.88026,0.17582,4.31909e-08
4.4,9.4,0,3.87955,0.16744,3.45659e-08
4.4,9.5,0,3.87834,0.159391,9.4428e-09
4.4,9.6,0,3.87743,0.151435,-4.68612e-08
4.4,9.7,0,3.87675,0.143676,-1.17374e-07
4.4,9.8,0,3.87554,0.136484,-8.45009e-08
4.4,9.9,0,3.8744,0.129296,-5.63434e-08
4.4,10,0,3.8737,0.122136,-5.71531e-08
4.4,10.1,0,3.87271,0.115521,-4.91926e-08
4.4,10.2,0,3.87165,0.109041,-3.90396e-08
4.4,10.3,0,3.87094,0.10251,-3.15779e-08
4.4,10.4,0,3.87023,0.09625,-6.53448e-09
4.4,10.5,0,3.86941,0.0903367,4.08722e-08
4.4,10.6,0,3.86876,0.084358,7.78519e-08
4.4,10.7,0,3.86832,0.07837,1.00196e-07
4.4,10.8,0,3.86786,0.0730486,1.10256e-07
4.4,10.9,0,3.86744,0.0677121,1.16198e-07
4.4,11,0,3.86736,0.0622245,8.05035e-08
4.4,11.1,0,3.86721,0.0571768,8.11341e-08
4.4,11.2,0,3.86704,0.0522757,9.38729e-08
4.4,11.3,0,3.86713,0.0472029,1.09994e-07
4.4,11.4,0,3.86736,0.0424319,1.33835e-07
4.4,11.5,0,3.86763,0.0382042,1.67473e-07
4.4,11.6,0,3.86808,0.033921,2.07776e-07
4.4,11.7,0,3.86866,0.0295822,2.55954e-07
4.4,11.8,0,3.86597,0.0258304,2.55685e-07
4.4,11.9,0,3.86329,0.0220737,2.54585e-07
4.4,12,0,3.86093,0.0182009,2.33514e-07
4.4,12.1,0,3.80415,0.0147354,2.13425e-07
4.4,12.2,0,3.72406,0.0114443,1.93757e-07
4.4,12.3,0,3.64441,0.00816375,1.81126e-07
4.4,12.4,0,3.21713,0.00531339,1.55023e-07
4.4,12.5,0,2.14385,0.00325332,9.80301e-08
4.4,12.6,0,1.07126,0.00141319,4.50858e-08
4.4,12.7,0,0,0,0
4.5,0,0,0,0,0
4.5,0.1,0,1.38828,-0.00458379,7.715e-09
4.5,0.2,0,2.77657,-0.00916759,1.543e-08
4.5,0.3,0,3.55888,-0.0141635,4.36e-09
4.5,0.4,0,3.73523,-0.0195716,-2.5495e-08
4.5,0.5,0,3.91158,-0.0249796,-5.535e-08
4.5,0.6,0,3.92271,-0.0307222,-7.851e-08
4.5,0.7,0,3.93383,-0.0364649,-1.0167e-07
4.5,0.8,0,3.93912,-0.0424654,-1.2177e-07
4.5,0.9,0,3.93857,-0.0487237,-1.3881e-07
4.5,1,0,3.93802,-0.054982,-1.5585e-07
4.5,1.1,0,3.93719,-0.0621972,-1.6503e-07
4.5,1.2,0,3.93637,-0.0694124,-1.7421e-07
4.5,1.3,0,3.93552,-0.0769733,-1.71012e-07
4.5,1.4,0,3.93463,-0.08488,-1.55437e-07
4.5,1.5,0,3.93375,-0.0927866,-1.39862e-07
4.5,1.6,0,3.93288,-0.10161,-8.02875e-08
4.5,1.7,0,3.93201,-0.110433,-2.07125e-08
4.5,1.8,0,3.93105,-0.119717,-6.215e-09
4.5,1.9,0,3.93001,-0.129461,-3.6795e-08
4.5,2,0,3.92897,-0.139204,-6.7375e-08
4.5,2.1,0,3.92759,-0.150093,-6.632e-08
4.5,2.2,0,3.92622,-0.160981,-6.5265e-08
4.5,2.3,0,3.92453,-0.17256,-3.55125e-08
4.5,2.4,0,3.92253,-0.184829,2.29375e-08
4.5,2.5,0,3.92054,-0.197098,8.13875e-08
4.5,2.6,0,3.91751,-0.211209,3.03875e-08
4.5,2.7,0,3.91448,-0.225319,-2.06125e-08
4.5,2.8,0,3.91064,-0.240829,-4.28925e-08
4.5,2.9,0,3.90598,-0.257738,-3.64525e-08
4.5,3,0,3.90132,-0.274647,-3.00125e-08
4.5,3.1,0,3.89373,-0.296168,4.6875e-09
4.5,3.2,0,3.88615,-0.317688,3.93875e-08
4.5,3.3,0,3.87597,-0.342917,3.6165e-08
4.5,3.4,0,3.86319,-0.371853,-4.98e-09
4.5,3.5,0,3.85042,-0.400789,-4.6125e-08
4.5,3.6,0,3.82964,-0.439949,-8.0675e-08
4.5,3.7,0,3.80887,-0.479109,-1.15225e-07
4.5,3.8,0,3.78361,-0.52107,-1.15925e-07
4.5,3.9,0,3.75387,-0.565831,-8.2775e-08
4.5,4,0,3.72413,-0.610592,-4.9625e-08
4.5,4.1,0,3.68388,-0.643212,3.0375e-08
4.5,4.2,0,3.64363,-0.675832,1.10375e-07
4.5,4.3,0,3.59969,-0.694816,1.668e-07
4.5,4.4,0,3.55207,-0.700164,1.9965e-07
4.5,4.5,0,3.50444,-0.705512,2.325e-07
4.5,4.6,0,3.51246,-0.675334,1.74e-07
4.5,4.7,0,3.52047,-0.645157,1.155e-07
4.5,4.8,0,3.48872,-0.63973,8.01594e-08
4.5,4.9,0,3.4172,-0.659053,6.79782e-08
4.5,5,0,3.34567,-0.678377,5.5797e-08
4.5,5.1,0,2.90966,-0.689659,1.425e-07
4.5,5.2,0,2.60605,-0.518236,6.25e-08
4.5,5.3,0,2.48403,-0.344539,1.25e-08
4.5,5.4,0,2.41089,-0.159441,2.5e-08
4.5,5.5,0,2.3905,0.0404213,1.25e-08
4.5,5.6,0,2.41117,0.242277,-1.25e-08
4.5,5.7,0,2.48152,0.429956,-7.14026e-17
4.5,5.8,0,2.59103,0.607147,7.5e-08
4.5,5.9,0,2.81539,0.790415,7.65e-08
4.5,6,0,3.25131,0.786977,5.58405e-08
4.5,6.1,0,3.35224,0.766829,9.25299e-08
4.5,6.2,0,3.45317,0.746681,1.29219e-07
4.5,6.3,0,3.55409,0.726533,1.65909e-07
4.5,6.4,0,3.5906,0.72396,1.82e-07
4.5,6.5,0,3.59241,0.73085,1.87e-07
4.5,6.6,0,3.59423,0.73774,1.92e-07
4.5,6.7,0,3.6065,0.732963,1.87328e-07
4.5,6.8,0,3.64318,0.700963,1.6009e-07
4.5,6.9,0,3.67985,0.668962,1.32851e-07
4.5,7,0,3.71652,0.636961,1.05612e-07
4.5,7.1,0,3.74232,0.599538,1.03399e-07
4.5,7.2,0,3.76754,0.56183,1.02504e-07
4.5,7.3,0,3.79276,0.524121,1.01608e-07
4.5,7.4,0,3.81216,0.49067,8.7347e-08
4.5,7.5,0,3.82768,0.460056,6.41754e-08
4.5,7.6,0,3.8432,0.429442,4.10037e-08
4.5,7.7,0,3.85674,0.401066,2.08321e-08
4.5,7.8,0,3.86439,0.379401,9.66045e-09
4.5,7.9,0,3.87204,0.357736,-1.51119e-09
4.5,8,0,3.87969,0.336071,-1.26828e-08
4.5,8.1,0,3.88311,0.319443,-2.43649e-08
4.5,8.2,0,3.88606,0.303374,-3.61037e-08
4.5,8.3,0,3.88901,0.287306,-4.78425e-08
4.5,8.4,0,3.89077,0.273109,-6.5539e-08
4.5,8.5,0,3.89155,0.260443,-8.81099e-08
4.5,8.6,0,3.89233,0.247778,-1.10681e-07
4.5,8.7,0,3.89288,0.235526,-1.27482e-07
4.5,8.8,0,3.89249,0.224927,-1.21202e-07
4.5,8.9,0,3.89211,0.214328,-1.14922e-07
4.5,9,0,3.89172,0.203729,-1.08642e-07
4.5,9.1,0,3.89084,0.19436,-1.18468e-07
4.5,9.2,0,3.88986,0.185208,-1.31136e-07
4.5,9.3,0,3.88889,0.176056,-1.43804e-07
4.5,9.4,0,3.8878,0.167455,-1.62699e-07
4.5,9.5,0,3.8866,0.159405,-1.87822e-07
4.5,9.6,0,3.88539,0.151355,-2.12945e-07
4.5,9.7,0,3.88418,0.143434,-2.29369e-07
4.5,9.8,0,3.88297,0.136242,-1.96496e-07
4.5,9.9,0,3.88176,0.12905,-1.63623e-07
4.5,10,0,3.88055,0.121858,-1.3075e-07
4.5,10.1,0,3.87947,0.115236,-1.16053e-07
4.5,10.2,0,3.87841,0.108756,-1.059e-07
4.5,10.3,0,3.87735,0.102276,-9.57466e-08
4.5,10.4,0,3.8764,0.0960518,-6.88295e-08
4.5,10.5,0,3.87558,0.0901385,-2.14228e-08
4.5,10.6,0,3.87476,0.0842252,2.5984e-08
4.5,10.7,0,3.87397,0.0783711,6.9656e-08
4.5,10.8,0,3.87351,0.0730497,7.97157e-08
4.5,10.9,0,3.87305,0.0677282,8.97754e-08
4.5,11,0,3.87259,0.0624068,9.98351e-08
4.5,11.1,0,3.87235,0.0574006,1.11904e-07
4.5,11.2,0,3.87217,0.0524996,1.24643e-07
4.5,11.3,0,3.87199,0.0475985,1.37382e-07
4.5,11.4,0,3.872,0.0429668,1.5848e-07
4.5,11.5,0,3.87227,0.038739,1.92118e-07
4.5,11.6,0,3.87254,0.0345113,2.25756e-07
4.5,11.7,0,3.87266,0.0303073,2.57699e-07
4.5,11.8,0,3.86997,0.0265555,2.5743e-07
4.5,11.9,0,3.86728,0.0228036,2.57162e-07
4.5,12,0,3.86459,0.0190517,2.56893e-07
4.5,12.1,0,3.80772,0.0156225,2.43045e-07
4.5,12.2,0,3.72762,0.0123314,2.23377e-07
4.5,12.3,0,3.64752,0.0090404,2.03709e-07
4.5,12.4,0,3.21982,0.00618021,1.70978e-07
4.5,12.5,0,2.14654,0.00412014,1.13985e-07
4.5,12.6,0,1.07327,0.00206007,5.69925e-08
4.5,12.7,0,0,0,0
4.6,0,0,0,0,0
4.6,0.1,0,1.39357,-0.00480422,-1.8055e-08
4.6,0.2,0,2.78185,-0.00938801,-1.034e-08
4.6,0.3,0,3.56438,-0.0144589,-1.1585e-08
4.6,0.4,0,3.74094,-0.0199419,-3.1615e-08
4.6,0.5,0,3.91729,-0.0253499,-6.147e-08
4.6,0.6,0,3.9287,-0.0312343,-7.954e-08
4.6,0.7,0,3.93983,-0.0369769,-1.027e-07
4.6,0.8,0,3.94547,-0.0430261,-1.0724e-07
4.6,0.9,0,3.94528,-0.0493331,-1.0872e-07
4.6,1,0,3.94473,-0.0555914,-1.2576e-07
4.6,1.1,0,3.94465,-0.0627837,-1.21145e-07
4.6,1.2,0,3.94383,-0.0699989,-1.30325e-07
4.6,1.3,0,3.9434,-0.0775736,-1.308e-07
4.6,1.4,0,3.94294,-0.0854941,-1.18897e-07
4.6,1.5,0,3.94206,-0.0934007,-1.03322e-07
4.6,1.6,0,3.94214,-0.102286,-1.18392e-07
4.6,1.7,0,3.94127,-0.111109,-5.88175e-08
4.6,1.8,0,3.94088,-0.120482,-2.322e-08
4.6,1.9,0,3.94041,-0.130314,-3.27e-08
4.6,2,0,3.93937,-0.140058,-6.328e-08
4.6,2.1,0,3.93942,-0.151255,-7.873e-08
4.6,2.2,0,3.93805,-0.162143,-7.7675e-08
4.6,2.3,0,3.93732,-0.173963,-1.01313e-07
4.6,2.4,0,3.93628,-0.186473,-9.62525e-08
4.6,2.5,0,3.93429,-0.198742,-3.78025e-08
4.6,2.6,0,3.93401,-0.213403,-4.33625e-08
4.6,2.7,0,3.93099,-0.227514,-9.43625e-08
4.6,2.8,0,3.92928,-0.243129,-9.3665e-08
4.6,2.9,0,3.92676,-0.260143,-6.42475e-08
4.6,3,0,3.9221,-0.277052,-5.78075e-08
4.6,3.1,0,3.92192,-0.297082,-3.05575e-08
4.6,3.2,0,3.91434,-0.318603,4.1425e-09
4.6,3.3,0,3.91009,-0.341022,2.3925e-09
4.6,3.4,0,3.90324,-0.367149,-3.728e-08
4.6,3.5,0,3.89046,-0.396085,-7.8425e-08
4.6,3.6,0,3.88347,-0.424673,-9.3175e-08
4.6,3.7,0,3.8627,-0.463833,-1.27725e-07
4.6,3.8,0,3.83872,-0.501195,-1.205e-07
4.6,3.9,0,3.81026,-0.541358,-7.9425e-08
4.6,4,0,3.78052,-0.586119,-4.6275e-08
4.6,4.1,0,3.71884,-0.622384,5.7225e-08
4.6,4.2,0,3.67859,-0.655003,1.37225e-07
4.6,4.3,0,3.62818,-0.708366,1.81475e-07
4.6,4.4,0,3.57408,-0.748094,2.0215e-07
4.6,4.5,0,3.52646,-0.753442,2.35e-07
4.6,4.6,0,3.60245,-0.867784,1.545e-07
4.6,4.7,0,3.61047,-0.837607,9.6e-08
4.6,4.8,0,3.49044,-0.892638,6.67e-08
4.6,4.9,0,3.33063,-0.972421,6.05594e-08
4.6,5,0,3.25911,-0.991744,4.83782e-08
4.6,5.1,0,2.6404,-0.926823,1.055e-07
4.6,5.2,0,2.30703,-0.662785,3.25e-08
4.6,5.3,0,2.16365,-0.442922,7.5e-09
4.6,5.4,0,2.08818,-0.193196,1e-08
4.6,5.5,0,2.04956,0.0466523,-7.5e-09
4.6,5.6,0,2.08572,0.285633,-1.75e-08
4.6,5.7,0,2.15564,0.541396,-4.5e-08
4.6,5.8,0,2.28319,0.763104,5e-09
4.6,5.9,0,2.53208,1.03476,6.59e-08
4.6,6,0,3.12029,1.09797,4.34752e-08
4.6,6.1,0,3.36576,0.960914,-5.32925e-10
4.6,6.2,0,3.51583,0.901017,8.71932e-09
4.6,6.3,0,3.61676,0.880869,4.54087e-08
4.6,6.4,0,3.63815,0.819833,6.40709e-08
4.6,6.5,0,3.62392,0.764663,7.18e-08
4.6,6.6,0,3.62573,0.771553,7.68e-08
4.6,6.7,0,3.64265,0.75931,9.3509e-08
4.6,6.8,0,3.69479,0.702422,1.37539e-07
4.6,6.9,0,3.73208,0.669426,1.13151e-07
4.6,7,0,3.76875,0.637426,8.59119e-08
4.6,7.1,0,3.79009,0.598608,8.66769e-08
4.6,7.2,0,3.81348,0.560327,8.70037e-08
4.6,7.3,0,3.8387,0.522618,8.61082e-08
4.6,7.4,0,3.85198,0.490495,6.30261e-08
4.6,7.5,0,3.85996,0.461521,2.89754e-08
4.6,7.6,0,3.87548,0.430907,5.80373e-09
4.6,7.7,0,3.88695,0.402558,-1.69537e-08
4.6,7.8,0,3.8863,0.381005,-3.84687e-08
4.6,7.9,0,3.8932,0.35935,-5.05712e-08
4.6,8,0,3.90085,0.337685,-6.17428e-08
4.6,8.1,0,3.90037,0.3204,-6.68663e-08
4.6,8.2,0,3.90142,0.30401,-7.53987e-08
4.6,8.3,0,3.90437,0.287941,-8.71375e-08
4.6,8.4,0,3.90479,0.273377,-7.99178e-08
4.6,8.5,0,3.90364,0.260185,-6.66999e-08
4.6,8.6,0,3.90442,0.247519,-8.92708e-08
4.6,8.7,0,3.90466,0.235179,-1.04086e-07
4.6,8.8,0,3.90274,0.224141,-8.78812e-08
4.6,8.9,0,3.90214,0.213481,-8.02118e-08
4.6,9,0,3.90176,0.202882,-7.3932e-08
4.6,9.1,0,3.89996,0.193335,-6.88034e-08
4.6,9.2,0,3.89847,0.184081,-7.28506e-08
4.6,9.3,0,3.89749,0.174929,-8.55185e-08
4.6,9.4,0,3.89601,0.166307,-8.43898e-08
4.6,9.5,0,3.89415,0.158221,-7.58722e-08
4.6,9.6,0,3.89294,0.150171,-1.00995e-07
4.6,9.7,0,3.89164,0.142261,-1.1624e-07
4.6,9.8,0,3.88982,0.135141,-7.55047e-08
4.6,9.9,0,3.88849,0.127962,-4.11378e-08
4.6,10,0,3.88728,0.12077,-8.26463e-09
4.6,10.1,0,3.88579,0.114263,-3.01228e-08
4.6,10.2,0,3.88446,0.107862,-4.46446e-08
4.6,10.3,0,3.8834,0.101382,-3.44916e-08
4.6,10.4,0,3.88226,0.0952504,-4.13329e-08
4.6,10.5,0,3.88106,0.0895206,-6.06928e-08
4.6,10.6,0,3.88024,0.0836073,-1.3286e-08
4.6,10.7,0,3.87941,0.0777745,3.19121e-08
4.6,10.8,0,3.87855,0.0726663,5.7233e-08
4.6,10.9,0,3.878,0.067396,7.09554e-08
4.6,11,0,3.87754,0.0620746,8.10151e-08
4.6,11.1,0,3.87701,0.0572545,6.30701e-08
4.6,11.2,0,3.87662,0.0524999,5.21979e-08
4.6,11.3,0,3.87644,0.0475988,6.49367e-08
4.6,11.4,0,3.87627,0.0430334,7.81143e-08
4.6,11.5,0,3.87614,0.0389614,9.31383e-08
4.6,11.6,0,3.87642,0.0347336,1.26776e-07
4.6,11.7,0,3.87652,0.0305358,1.58565e-07
4.6,11.8,0,3.87355,0.0269064,1.55225e-07
4.6,11.9,0,3.87077,0.02319,1.54066e-07
4.6,12,0,3.86808,0.0194382,1.53797e-07
4.6,12.1,0,3.81088,0.0160351,1.56116e-07
4.6,12.2,0,3.73049,0.0127681,1.5123e-07
4.6,12.3,0,3.65039,0.00947702,1.31562e-07
4.6,12.4,0,3.22193,0.00650279,1.17675e-07
4.6,12.5,0,2.14654,0.00412014,1.13985e-07
4.6,12.6,0,1.07327,0.00206007,5.69925e-08
4.6,12.7,0,0,0,0
4.7,0,0,0,0,0
4.7,0.1,0,1.39356,-0.00480422,-1.8055e-08
4.7,0.2,0,2.78713,-0.00960843,-3.611e-08
4.7,0.3,0,3.56966,-0.0146793,-3.7355e-08
4.7,0.4,0,3.74644,-0.0202373,-4.756e-08
4.7,0.5,0,3.923,-0.0257203,-6.759e-08
4.7,0.6,0,3.93441,-0.0316046,-8.566e-08
4.7,0.7,0,3.94582,-0.037489,-1.0373e-07
4.7,0.8,0,3.95147,-0.0435381,-1.0827e-07
4.7,0.9,0,3.95164,-0.0498938,-9.419e-08
4.7,1,0,3.95145,-0.0562008,-9.567e-08
4.7,1.1,0,3.95137,-0.0633931,-9.1055e-08
4.7,1.2,0,3.95129,-0.0705854,-8.644e-08
4.7,1.3,0,3.95086,-0.0781601,-8.6915e-08
4.7,1.4,0,3.95083,-0.0860944,-7.8685e-08
4.7,1.5,0,3.95037,-0.0940149,-6.67825e-08
4.7,1.6,0,3.95045,-0.1029,-8.18525e-08
4.7,1.7,0,3.95053,-0.111785,-9.69225e-08
4.7,1.8,0,3.95014,-0.121158,-6.1325e-08
4.7,1.9,0,3.95024,-0.131079,-4.9705e-08
4.7,2,0,3.94976,-0.140911,-5.9185e-08
4.7,2.1,0,3.94982,-0.152108,-7.4635e-08
4.7,2.2,0,3.94987,-0.163305,-9.0085e-08
4.7,2.3,0,3.94915,-0.175125,-1.13723e-07
4.7,2.4,0,3.94907,-0.187875,-1.62053e-07
4.7,2.5,0,3.94803,-0.200385,-1.56993e-07
4.7,2.6,0,3.94776,-0.215047,-1.62552e-07
4.7,2.7,0,3.94749,-0.229709,-1.68112e-07
4.7,2.8,0,3.94579,-0.245324,-1.67415e-07
4.7,2.9,0,3.9454,-0.262443,-1.1502e-07
4.7,3,0,3.94288,-0.279457,-8.56025e-08
4.7,3.1,0,3.94271,-0.299487,-5.83525e-08
4.7,3.2,0,3.94253,-0.319517,-3.11025e-08
4.7,3.3,0,3.93828,-0.341936,-3.28525e-08
4.7,3.4,0,3.93736,-0.365254,-7.10525e-08
4.7,3.5,0,3.93051,-0.39138,-1.10725e-07
4.7,3.6,0,3.92352,-0.419969,-1.25475e-07
4.7,3.7,0,3.91653,-0.448557,-1.40225e-07
4.7,3.8,0,3.89255,-0.485919,-1.33e-07
4.7,3.9,0,3.86537,-0.521483,-8.4e-08
4.7,4,0,3.83692,-0.561646,-4.2925e-08
4.7,4.1,0,3.77523,-0.59791,6.0575e-08
4.7,4.2,0,3.71355,-0.634175,1.64075e-07
4.7,4.3,0,3.66314,-0.687538,2.08325e-07
4.7,4.4,0,3.60257,-0.761645,2.16825e-07
4.7,4.5,0,3.54847,-0.801372,2.375e-07
4.7,4.6,0,3.62447,-0.915714,1.57e-07
4.7,4.7,0,3.70047,-1.03006,7.65e-08
4.7,4.8,0,3.58043,-1.08509,4.72e-08
4.7,4.9,0,3.33235,-1.22533,4.71e-08
4.7,5,0,3.17254,-1.30511,4.09595e-08
4.7,5.1,0,2.37115,-1.16399,6.85e-08
4.7,5.2,0,2.008,-0.807333,2.5e-09
4.7,5.3,0,1.84328,-0.541305,2.5e-09
4.7,5.4,0,1.76547,-0.226952,-5e-09
4.7,5.5,0,1.70863,0.0528834,-2.75e-08
4.7,5.6,0,1.76028,0.32899,-2.25e-08
4.7,5.7,0,1.82976,0.652835,-9e-08
4.7,5.8,0,1.97535,0.919061,-6.5e-08
4.7,5.9,0,2.24876,1.27911,5.53e-08
4.7,6,0,2.98926,1.40896,3.11098e-08
4.7,6.1,0,3.23473,1.27191,-1.28983e-08
4.7,6.2,0,3.48021,1.13485,-5.69064e-08
4.7,6.3,0,3.67942,1.03521,-7.50913e-08
4.7,6.4,0,3.70081,0.974169,-5.64291e-08
4.7,6.5,0,3.67937,0.891116,-4.74739e-08
4.7,6.6,0,3.65793,0.808064,-3.85187e-08
4.7,6.7,0,3.67415,0.793122,-2.1691e-08
4.7,6.8,0,3.72629,0.736235,2.23388e-08
4.7,6.9,0,3.77844,0.679348,6.63687e-08
4.7,7,0,3.82099,0.63789,6.62119e-08
4.7,7.1,0,3.84232,0.599072,6.69769e-08
4.7,7.2,0,3.86284,0.559895,6.92157e-08
4.7,7.3,0,3.88464,0.521115,7.06082e-08
4.7,7.4,0,3.89792,0.488992,4.75261e-08
4.7,7.5,0,3.90325,0.460593,9.65299e-09
4.7,7.6,0,3.90857,0.432195,-2.82201e-08
4.7,7.7,0,3.91923,0.404023,-5.21537e-08
4.7,7.8,0,3.91858,0.382469,-7.36687e-08
4.7,7.9,0,3.91794,0.360916,-9.51836e-08
4.7,8,0,3.92202,0.339299,-1.10803e-07
4.7,8.1,0,3.92154,0.322014,-1.15926e-07
4.7,8.2,0,3.92015,0.305215,-1.20378e-07
4.7,8.3,0,3.91972,0.288577,-1.26433e-07
4.7,8.4,0,3.92014,0.274013,-1.19213e-07
4.7,8.5,0,3.91849,0.26068,-9.64814e-08
4.7,8.6,0,3.91683,0.247348,-7.37501e-08
4.7,8.7,0,3.91676,0.234921,-8.26765e-08
4.7,8.8,0,3.91484,0.223883,-6.64712e-08
4.7,8.9,0,3.91292,0.212844,-5.0266e-08
4.7,9,0,3.91179,0.202034,-3.9222e-08
4.7,9.1,0,3.91,0.192488,-3.40934e-08
4.7,9.2,0,3.90796,0.183127,-2.91681e-08
4.7,9.3,0,3.9061,0.173802,-2.72335e-08
4.7,9.4,0,3.90461,0.16518,-2.61048e-08
4.7,9.5,0,3.90262,0.157087,-1.11794e-08
4.7,9.6,0,3.90063,0.148995,3.74593e-09
4.7,9.7,0,3.89919,0.141077,-4.28974e-09
4.7,9.8,0,3.89737,0.133957,3.64453e-08
4.7,9.9,0,3.89555,0.126836,7.71804e-08
4.7,10,0,3.89401,0.119682,1.1422e-07
4.7,10.1,0,3.89252,0.113176,9.23622e-08
4.7,10.2,0,3.89096,0.106841,5.68211e-08
4.7,10.3,0,3.88946,0.100488,2.67634e-08
4.7,10.4,0,3.88831,0.0943564,1.99221e-08
4.7,10.5,0,3.88707,0.0886492,-7.68981e-09
4.7,10.6,0,3.88582,0.082942,-3.53018e-08
4.7,10.7,0,3.88489,0.0771566,-7.35791e-09
4.7,10.8,0,3.88403,0.0720484,1.7963e-08
4.7,10.9,0,3.88317,0.0669401,4.32839e-08
4.7,11,0,3.88248,0.0617423,6.21951e-08
4.7,11.1,0,3.88195,0.0569223,4.42501e-08
4.7,11.2,0,3.88141,0.0522694,1.69703e-08
4.7,11.3,0,3.88089,0.0475992,-7.50828e-09
4.7,11.4,0,3.88072,0.0430337,5.66933e-09
4.7,11.5,0,3.88057,0.0389717,1.95051e-08
4.7,11.6,0,3.88041,0.0349096,3.3341e-08
4.7,11.7,0,3.8804,0.0307582,5.95855e-08
4.7,11.8,0,3.87742,0.0271288,5.62452e-08
4.7,11.9,0,3.87445,0.0234993,5.29049e-08
4.7,12,0,3.87158,0.0198246,5.07011e-08
4.7,12.1,0,3.81437,0.0164215,5.30201e-08
4.7,12.2,0,3.73381,0.013168,5.64481e-08
4.7,12.3,0,3.65326,0.00991365,5.94141e-08
4.7,12.4,0,3.2248,0.00693941,4.55271e-08
4.7,12.5,0,2.14939,0.0045535,4.2376e-08
4.7,12.6,0,1.07398,0.0021676,3.92249e-08
4.7,12.7,0,0,0,0
4.8,0,0,0,0,0
4.8,0.1,0,1.39623,-0.00475505,-2.74825e-08
4.8,0.2,0,2.78979,-0.00955926,-4.55375e-08
4.8,0.3,0,3.57522,-0.0147238,-7.40304e-08
4.8,0.4,0,3.752,-0.0202818,-8.42354e-08
4.8,0.5,0,3.92878,-0.0258397,-9.44404e-08
4.8,0.6,0,3.94034,-0.0317221,-8.76076e-08
4.8,0.7,0,3.95175,-0.0376065,-1.05678e-07
4.8,0.8,0,3.95787,-0.0437019,-8.77918e-08
4.8,0.9,0,3.95804,-0.0500575,-7.37118e-08
4.8,1,0,3.95821,-0.0564131,-5.96318e-08
4.8,1.1,0,3.9585,-0.0635311,-4.56132e-08
4.8,1.2,0,3.95842,-0.0707233,-4.09982e-08
4.8,1.3,0,3.95879,-0.0782135,-3.67272e-08
4.8,1.4,0,3.95876,-0.0861479,-2.84972e-08
4.8,1.5,0,3.95872,-0.0940822,-2.02672e-08
4.8,1.6,0,3.95929,-0.102888,-3.57758e-08
4.8,1.7,0,3.95937,-0.111773,-5.08458e-08
4.8,1.8,0,3.96003,-0.121112,-5.32771e-08
4.8,1.9,0,3.96013,-0.131033,-4.16571e-08
4.8,2,0,3.96023,-0.140954,-3.00371e-08
4.8,2.1,0,3.96096,-0.152089,-4.64223e-08
4.8,2.2,0,3.96101,-0.163287,-6.18723e-08
4.8,2.3,0,3.96178,-0.175177,-8.23032e-08
4.8,2.4,0,3.9617,-0.187928,-1.30633e-07
4.8,2.5,0,3.96162,-0.200679,-1.78963e-07
4.8,2.6,0,3.96222,-0.215159,-1.85166e-07
4.8,2.7,0,3.96195,-0.22982,-1.90726e-07
4.8,2.8,0,3.96247,-0.245174,-2.1042e-07
4.8,2.9,0,3.96209,-0.262293,-1.58025e-07
4.8,3,0,3.96171,-0.279413,-1.0563e-07
4.8,3.1,0,3.96211,-0.298473,-9.30356e-08
4.8,3.2,0,3.96193,-0.318503,-6.57856e-08
4.8,3.3,0,3.96175,-0.338592,-2.3361e-08
4.8,3.4,0,3.96083,-0.36191,-6.1561e-08
4.8,3.5,0,3.95991,-0.385227,-9.9761e-08
4.8,3.6,0,3.95426,-0.411712,-7.31556e-08
4.8,3.7,0,3.94727,-0.440301,-8.79056e-08
4.8,3.8,0,3.9379,-0.47075,-9.2959e-08
4.8,3.9,0,3.91072,-0.506314,-4.3959e-08
4.8,4,0,3.88355,-0.541878,5.04099e-09
4.8,4.1,0,3.84686,-0.590048,4.23495e-08
4.8,4.2,0,3.78518,-0.626312,1.45849e-07
4.8,4.3,0,3.74493,-0.69788,1.57558e-07
4.8,4.4,0,3.68436,-0.771987,1.66058e-07
4.8,4.5,0,3.62379,-0.846094,1.74558e-07
4.8,4.6,0,3.69052,-1.03283,8.56817e-08
4.8,4.7,0,3.76651,-1.14717,5.18168e-09
4.8,4.8,0,2.99958,-0.888954,3e-08
4.8,4.9,0,2.75149,-1.0292,2.99e-08
4.8,5,0,2.50341,-1.16944,2.98001e-08
4.8,5.1,0,1.78921,-1.02606,4e-08
4.8,5.2,0,1.48679,-0.703686,-1e-08
4.8,5.3,0,1.34647,-0.472397,-9.85323e-17
4.8,5.4,0,1.28329,-0.195063,-1e-08
4.8,5.5,0,1.23053,0.0447991,-3e-08
4.8,5.6,0,1.27804,0.280534,-2e-08
4.8,5.7,0,1.33346,0.566844,-9e-08
4.8,5.8,0,1.45714,0.797632,-8e-08
4.8,5.9,0,1.68568,1.12102,4e-08
4.8,6,0,2.339,1.25157,1.99417e-08
4.8,6.1,0,3.2204,1.48606,-2.02471e-08
4.8,6.2,0,3.46588,1.34901,-6.42552e-08
4.8,6.3,0,3.71135,1.21195,-1.08263e-07
4.8,6.4,0,3.77456,1.03919,-1.4323e-07
4.8,6.5,0,3.75285,0.953962,-1.35056e-07
4.8,6.6,0,3.73141,0.87091,-1.26101e-07
4.8,6.7,0,3.72542,0.798104,-1.15967e-07
4.8,6.8,0,3.76939,0.744174,-8.34607e-08
4.8,6.9,0,3.82153,0.687286,-3.94308e-08
4.8,7,0,3.87368,0.630399,4.59904e-09
4.8,7.1,0,3.88184,0.590101,1.02676e-08
4.8,7.2,0,3.90237,0.550924,1.25064e-08
4.8,7.3,0,3.92289,0.511747,1.47452e-08
4.8,7.4,0,3.93216,0.483363,1.61415e-08
4.8,7.5,0,3.93723,0.455469,-1.9022e-08
4.8,7.6,0,3.94256,0.427071,-5.68952e-08
4.8,7.7,0,3.94554,0.400979,-8.14631e-08
4.8,7.8,0,3.94347,0.380427,-8.74957e-08
4.8,7.9,0,3.94282,0.358874,-1.09011e-07
4.8,8,0,3.94217,0.33732,-1.30526e-07
4.8,8.1,0,3.93937,0.321044,-1.19628e-07
4.8,8.2,0,3.93799,0.304245,-1.2408e-07
4.8,8.3,0,3.93661,0.287446,-1.28531e-07
4.8,8.4,0,3.93411,0.272811,-1.15889e-07
4.8,8.5,0,3.93224,0.259535,-9.26898e-08
4.8,8.6,0,3.93058,0.246202,-6.99584e-08
4.8,8.7,0,3.92859,0.233363,-5.36311e-08
4.8,8.8,0,3.92599,0.222405,-4.9408e-08
4.8,8.9,0,3.92407,0.211366,-3.32027e-08
4.8,9,0,3.92215,0.200328,-1.69975e-08
4.8,9.1,0,3.9194,0.190815,-1.37519e-08
4.8,9.2,0,3.91735,0.181454,-8.8265e-09
4.8,9.3,0,3.91531,0.172094,-3.90113e-09
4.8,9.4,0,3.91287,0.163462,-3.22974e-09
4.8,9.5,0,3.91074,0.155402,8.54928e-09
4.8,9.6,0,3.90875,0.147309,2.34747e-08
4.8,9.7,0,3.90668,0.139397,3.76175e-08
4.8,9.8,0,3.90451,0.132393,6.22186e-08
4.8,9.9,0,3.90268,0.125273,1.02954e-07
4.8,10,0,3.90086,0.118152,1.43689e-07
4.8,10.1,0,3.89888,0.111832,1.52081e-07
4.8,10.2,0,3.89732,0.105497,1.1654e-07
4.8,10.3,0,3.89575,0.0991624,8.09992e-08
4.8,10.4,0,3.89413,0.0932373,3.89352e-08
4.8,10.5,0,3.89278,0.0875924,6.38988e-09
4.8,10.6,0,3.89153,0.0818852,-2.12221e-08
4.8,10.7,0,3.89028,0.0762652,-4.45226e-08
4.8,10.8,0,3.88918,0.0713127,-2.47983e-08
4.8,10.9,0,3.88832,0.0662044,5.22556e-10
4.8,11,0,3.88746,0.0610962,2.58435e-08
4.8,11.1,0,3.88659,0.0565173,3.49943e-08
4.8,11.2,0,3.88605,0.0518645,7.71444e-09
4.8,11.3,0,3.8855,0.0472116,-1.95654e-08
4.8,11.4,0,3.88496,0.0428769,-4.85126e-08
4.8,11.5,0,3.8847,0.0388701,-4.69034e-08
4.8,11.6,0,3.88455,0.034808,-3.30676e-08
4.8,11.7,0,3.88424,0.0307752,-1.93822e-08
4.8,11.8,0,3.8811,0.0272399,-1.39389e-08
4.8,11.9,0,3.87812,0.0236105,-1.72792e-08
4.8,12,0,3.87514,0.0199811,-2.06194e-08
4.8,12.1,0,3.8176,0.016681,-2.34296e-08
4.8,12.2,0,3.73704,0.0134275,-2.00016e-08
4.8,12.3,0,3.65647,0.0101739,-1.65736e-08
4.8,12.4,0,3.22694,0.00718938,-2.43998e-09
4.8,12.5,0,2.15082,0.00477181,6.30224e-09
4.8,12.6,0,1.07541,0.00238591,3.15112e-09
4.8,12.7,0,0,0,0
4.9,0,0,0,0,0
4.9,0.1,0,1.39889,-0.00470588,-3.69099e-08
4.9,0.2,0,2.79512,-0.00946093,-6.43924e-08
4.9,0.3,0,3.58055,-0.0146255,-9.28854e-08
4.9,0.4,0,3.75784,-0.0201504,-1.31816e-07
4.9,0.5,0,3.93462,-0.0257083,-1.42021e-07
4.9,0.6,0,3.94634,-0.0315887,-1.10286e-07
4.9,0.7,0,3.95791,-0.0374711,-1.03453e-07
4.9,0.8,0,3.96402,-0.0435665,-8.55671e-08
4.9,0.9,0,3.96484,-0.0498729,-3.17255e-08
4.9,1,0,3.96501,-0.0562285,-1.76455e-08
4.9,1.1,0,3.96567,-0.0632721,5.77674e-09
4.9,1.2,0,3.96596,-0.07039,1.97954e-08
4.9,1.3,0,3.96633,-0.0778802,2.40664e-08
4.9,1.4,0,3.96716,-0.0856682,2.79934e-08
4.9,1.5,0,3.96712,-0.0936026,3.62234e-08
4.9,1.6,0,3.96818,-0.102329,2.02762e-08
4.9,1.7,0,3.96875,-0.111135,4.76762e-09
4.9,1.8,0,3.96942,-0.120474,2.33631e-09
4.9,1.9,0,3.97066,-0.130266,1.25437e-08
4.9,2,0,3.97076,-0.140187,2.41637e-08
4.9,2.1,0,3.97216,-0.15126,6.84338e-09
4.9,2.2,0,3.97289,-0.162396,-9.54177e-09
4.9,2.3,0,3.97365,-0.174287,-2.99728e-08
4.9,2.4,0,3.97513,-0.186871,-5.53847e-08
4.9,2.5,0,3.97506,-0.199622,-1.03715e-07
4.9,2.6,0,3.97653,-0.21392,-1.10561e-07
4.9,2.7,0,3.97713,-0.228399,-1.16764e-07
4.9,2.8,0,3.97765,-0.243753,-1.36458e-07
4.9,2.9,0,3.97895,-0.259799,-1.70284e-07
4.9,3,0,3.97857,-0.276918,-1.17889e-07
4.9,3.1,0,3.97956,-0.295009,-1.19951e-07
4.9,3.2,0,3.97996,-0.31407,-1.07357e-07
4.9,3.3,0,3.97978,-0.334159,-6.49322e-08
4.9,3.4,0,3.97959,-0.354308,-7.33312e-09
4.9,3.5,0,3.97867,-0.377625,-4.55331e-08
4.9,3.6,0,3.97437,-0.402008,2.24278e-08
4.9,3.7,0,3.96872,-0.428493,4.90333e-08
4.9,3.8,0,3.95935,-0.458942,4.39799e-08
4.9,3.9,0,3.94759,-0.491252,4.8623e-08
4.9,4,0,3.92042,-0.526816,9.7623e-08
4.9,4.1,0,3.90873,-0.586892,6.87399e-08
4.9,4.2,0,3.87205,-0.635062,1.06048e-07
4.9,4.3,0,3.83179,-0.706629,1.17757e-07
4.9,4.4,0,3.81297,-0.8135,3.76754e-08
4.9,4.5,0,3.7524,-0.887607,4.61754e-08
4.9,4.6,0,3.80986,-1.14674,-5.10782e-08
4.9,4.7,0,3.87659,-1.33347,-1.39955e-07
4.9,4.8,0,3.10965,-1.07525,-1.15137e-07
4.9,4.9,0,1.49979,-0.444477,1.5e-08
4.9,5,0,1.2517,-0.584718,1.49e-08
4.9,5.1,0,0.894607,-0.513028,2e-08
4.9,5.2,0,0.743396,-0.351843,-5e-09
4.9,5.3,0,0.673237,-0.236199,-4.92661e-17
4.9,5.4,0,0.641646,-0.0975317,-5e-09
4.9,5.5,0,0.615266,0.0223996,-1.5e-08
4.9,5.6,0,0.639022,0.140267,-1e-08
4.9,5.7,0,0.666728,0.283422,-4.5e-08
4.9,5.8,0,0.728571,0.398816,-4e-08
4.9,5.9,0,0.842841,0.560512,2e-08
4.9,6,0,1.1695,0.625784,9.97083e-09
4.9,6.1,0,2.36412,1.04328,-2.83368e-08
4.9,6.2,0,3.55875,1.46077,-6.66444e-08
4.9,6.3,0,3.81371,1.32926,-1.10596e-07
4.9,6.4,0,3.87693,1.15651,-1.45563e-07
4.9,6.5,0,3.84201,0.964531,-1.75661e-07
4.9,6.6,0,3.81571,0.842265,-1.80766e-07
4.9,6.7,0,3.80972,0.76946,-1.70632e-07
4.9,6.8,0,3.83977,0.720564,-1.57747e-07
4.9,6.9,0,3.87622,0.669351,-1.3583e-07
4.9,7,0,3.92837,0.612464,-9.17999e-08
4.9,7.1,0,3.93071,0.572067,-8.55713e-08
4.9,7.2,0,3.93043,0.532539,-8.13322e-08
4.9,7.3,0,3.94971,0.493341,-7.89734e-08
4.9,7.4,0,3.95897,0.464957,-7.7577e-08
4.9,7.5,0,3.96074,0.443768,-7.67423e-08
4.9,7.6,0,3.9646,0.418326,-9.87453e-08
4.9,7.7,0,3.96758,0.392235,-1.23313e-07
4.9,7.8,0,3.96354,0.373066,-1.07965e-07
4.9,7.9,0,3.96031,0.353325,-1.01465e-07
4.9,8,0,3.95966,0.331771,-1.2298e-07
4.9,8.1,0,3.95635,0.315837,-1.06227e-07
4.9,8.2,0,3.95274,0.300527,-8.52233e-08
4.9,8.3,0,3.95112,0.283892,-8.68747e-08
4.9,8.4,0,3.94862,0.269257,-7.42323e-08
4.9,8.5,0,3.9452,0.256393,-4.76041e-08
4.9,8.6,0,3.94273,0.243276,-2.30802e-08
4.9,8.7,0,3.94074,0.230436,-6.7528e-09
4.9,8.8,0,3.93737,0.219569,-1.60414e-08
4.9,8.9,0,3.93429,0.208669,-2.04862e-08
4.9,9,0,3.93237,0.197631,-4.28099e-09
4.9,9.1,0,3.92942,0.188145,-1.94118e-09
4.9,9.2,0,3.92629,0.178932,-2.0482e-09
4.9,9.3,0,3.92407,0.169595,2.07199e-09
4.9,9.4,0,3.92163,0.160964,2.74338e-09
4.9,9.5,0,3.91879,0.153061,-8.39217e-10
4.9,9.6,0,3.91637,0.145066,4.64709e-09
4.9,9.7,0,3.9143,0.137153,1.87899e-08
4.9,9.8,0,3.91181,0.130257,2.84982e-08
4.9,9.9,0,3.9094,0.12333,4.25502e-08
4.9,10,0,3.90758,0.11621,8.32852e-08
4.9,10.1,0,3.90553,0.109923,9.72423e-08
4.9,10.2,0,3.90342,0.103845,1.04505e-07
4.9,10.3,0,3.90174,0.0975636,7.79525e-08
4.9,10.4,0,3.90012,0.0916385,3.58885e-08
4.9,10.5,0,3.89841,0.0862143,-1.4148e-08
4.9,10.6,0,3.8969,0.0806656,-5.43177e-08
4.9,10.7,0,3.89565,0.0750457,-7.76182e-08
4.9,10.8,0,3.89438,0.0702106,-6.2116e-08
4.9,10.9,0,3.89314,0.065351,-4.57301e-08
4.9,11,0,3.89228,0.0602427,-2.04092e-08
4.9,11.1,0,3.89138,0.0556863,-8.47859e-09
4.9,11.2,0,3.89048,0.0513138,-1.01142e-09
4.9,11.3,0,3.88984,0.0467338,-1.9257e-08
4.9,11.4,0,3.88929,0.0423991,-4.82042e-08
4.9,11.5,0,3.88876,0.0385417,-7.96523e-08
4.9,11.6,0,3.88837,0.0346044,-9.34396e-08
4.9,11.7,0,3.88806,0.0305716,-7.97543e-08
4.9,11.8,0,3.88482,0.027094,-6.89274e-08
4.9,11.9,0,3.88159,0.0236104,-5.86672e-08
4.9,12,0,3.87862,0.019981,-6.20075e-08
4.9,12.1,0,3.82106,0.016684,-6.50061e-08
4.9,12.2,0,3.74012,0.0135294,-6.78581e-08
4.9,12.3,0,3.65943,0.0103065,-6.6377e-08
4.9,12.4,0,3.2299,0.00732195,-5.22433e-08
4.9,12.5,0,2.15228,0.00483711,-1.82278e-08
4.9,12.6,0,1.07541,0.00238591,3.15112e-09
4.9,12.7,0,0,0,0
5,0,0,0,0,0
5,0.1,0,1.39889,-0.00470588,-3.69099e-08
5,0.2,0,2.79779,-0.00941176,-7.38199e-08
5,0.3,0,3.58588,-0.0145272,-1.1174e-07
5,0.4,0,3.76317,-0.0200521,-1.50671e-07
5,0.5,0,3.94047,-0.025577,-1.89602e-07
5,0.6,0,3.95219,-0.0314573,-1.57867e-07
5,0.7,0,3.96391,-0.0373377,-1.26131e-07
5,0.8,0,3.97018,-0.0434311,-8.33423e-08
5,0.9,0,3.971,-0.0497375,-2.95008e-08
5,1,0,3.97182,-0.0560439,2.43408e-08
5,1.1,0,3.97248,-0.0630875,4.77631e-08
5,1.2,0,3.97313,-0.070131,7.11853e-08
5,1.3,0,3.97387,-0.0775468,8.486e-08
5,1.4,0,3.97469,-0.0853349,8.8787e-08
5,1.5,0,3.97552,-0.093123,9.2714e-08
5,1.6,0,3.97658,-0.10185,7.67668e-08
5,1.7,0,3.97764,-0.110576,6.08196e-08
5,1.8,0,3.9788,-0.119835,5.79497e-08
5,1.9,0,3.98004,-0.129627,6.81571e-08
5,2,0,3.98129,-0.139419,7.83645e-08
5,2.1,0,3.98269,-0.150493,6.10442e-08
5,2.2,0,3.98409,-0.161567,4.37239e-08
5,2.3,0,3.98553,-0.173396,2.23577e-08
5,2.4,0,3.98701,-0.18598,-3.05426e-09
5,2.5,0,3.98849,-0.198564,-2.84662e-08
5,2.6,0,3.98996,-0.212862,-3.53127e-08
5,2.7,0,3.99144,-0.227161,-4.21591e-08
5,2.8,0,3.99283,-0.242332,-6.24956e-08
5,2.9,0,3.99413,-0.258378,-9.63221e-08
5,3,0,3.99544,-0.274423,-1.30149e-07
5,3.1,0,3.99642,-0.292515,-1.3221e-07
5,3.2,0,3.9974,-0.310606,-1.34272e-07
5,3.3,0,3.9978,-0.329726,-1.06503e-07
5,3.4,0,3.99761,-0.349875,-4.89043e-08
5,3.5,0,3.99743,-0.370023,8.69481e-09
5,3.6,0,3.99313,-0.394406,7.66557e-08
5,3.7,0,3.98883,-0.418788,1.44617e-07
5,3.8,0,3.9808,-0.447134,1.80919e-07
5,3.9,0,3.96904,-0.479444,1.85562e-07
5,4,0,3.95729,-0.511754,1.90205e-07
5,4.1,0,3.9456,-0.571829,1.61322e-07
5,4.2,0,3.93391,-0.631905,1.32439e-07
5,4.3,0,3.91866,-0.715378,7.79563e-08
5,4.4,0,3.89984,-0.822249,-2.12564e-09
5,4.5,0,3.88102,-0.92912,-8.22076e-08
5,4.6,0,3.93847,-1.18825,-1.79461e-07
5,4.7,0,3.99593,-1.44738,-2.76715e-07
5,4.8,0,3.21973,-1.26155,-2.60273e-07
5,4.9,0,1.60986,-0.630777,-1.30137e-07
5,5,0,0,0,0
5,5.1,0,0,0,0
5,5.2,0,0,0,0
5,5.3,0,0,0,0
5,5.4,0,0,0,0
5,5.5,0,0,0,0
5,5.6,0,0,0,0
5,5.7,0,0,0,0
5,5.8,0,0,0,0
5,5.9,0,0,0,0
5,6,0,9.32767e-16,1.9151e-16,4.52416e-23
5,6.1,0,1.19463,0.417495,-3.83076e-08
5,6.2,0,2.38925,0.83499,-7.66153e-08
5,6.3,0,3.58388,1.25249,-1.14923e-07
5,6.4,0,3.9793,1.27382,-1.47895e-07
5,6.5,0,3.94437,1.08185,-1.77994e-07
5,6.6,0,3.90945,0.889868,-2.08093e-07
5,6.7,0,3.89402,0.740816,-2.25296e-07
5,6.8,0,3.92407,0.69192,-2.12411e-07
5,6.9,0,3.95412,0.643025,-1.99526e-07
5,7,0,3.98417,0.594129,-1.86642e-07
5,7.1,0,3.9854,0.554132,-1.8197e-07
5,7.2,0,3.98512,0.514604,-1.77731e-07
5,7.3,0,3.98484,0.475075,-1.73492e-07
5,7.4,0,3.98579,0.446551,-1.71296e-07
5,7.5,0,3.98755,0.425362,-1.70461e-07
5,7.6,0,3.98931,0.404174,-1.69626e-07
5,7.7,0,3.98963,0.38349,-1.65163e-07
5,7.8,0,3.98558,0.364321,-1.49815e-07
5,7.9,0,3.98154,0.345153,-1.34468e-07
5,8,0,3.97749,0.325984,-1.1912e-07
5,8.1,0,3.97384,0.310288,-9.86815e-08
5,8.2,0,3.97024,0.294979,-7.76774e-08
5,8.3,0,3.96663,0.279669,-5.66733e-08
5,8.4,0,3.96313,0.265704,-3.25759e-08
5,8.5,0,3.95971,0.252839,-5.94763e-09
5,8.6,0,3.95629,0.239975,2.06806e-08
5,8.7,0,3.95289,0.227509,4.01255e-08
5,8.8,0,3.94952,0.216642,3.08369e-08
5,8.9,0,3.94616,0.205775,2.15482e-08
5,9,0,3.9428,0.194908,1.22596e-08
5,9.1,0,3.93963,0.185447,1.07754e-08
5,9.2,0,3.9365,0.176235,1.06683e-08
5,9.3,0,3.93337,0.167023,1.05613e-08
5,9.4,0,3.93039,0.158465,8.71649e-09
5,9.5,0,3.92755,0.150563,5.1339e-09
5,9.6,0,3.92471,0.14266,1.55131e-09
5,9.7,0,3.92193,0.134909,-3.76601e-11
5,9.8,0,3.91943,0.128013,9.6706e-09
5,9.9,0,3.91693,0.121118,1.93789e-08
5,10,0,3.91443,0.114222,2.90871e-08
5,10.1,0,3.91225,0.10798,3.68388e-08
5,10.2,0,3.91014,0.101902,4.41013e-08
5,10.3,0,3.90803,0.0958237,5.13639e-08
5,10.4,0,3.9061,0.0900397,3.28419e-08
5,10.5,0,3.9044,0.0846155,-1.71947e-08
5,10.6,0,3.90269,0.0791914,-6.72312e-08
5,10.7,0,3.90103,0.0738261,-1.10714e-07
5,10.8,0,3.89975,0.0689911,-9.52116e-08
5,10.9,0,3.89848,0.064156,-7.97094e-08
5,11,0,3.89721,0.059321,-6.42072e-08
5,11.1,0,3.89621,0.0548328,-5.47312e-08
5,11.2,0,3.8953,0.0504604,-4.72641e-08
5,11.3,0,3.89439,0.0460879,-3.97969e-08
5,11.4,0,3.89363,0.0419214,-4.78958e-08
5,11.5,0,3.89309,0.0380639,-7.93439e-08
5,11.6,0,3.89255,0.0342064,-1.10792e-07
5,11.7,0,3.89188,0.030368,-1.40126e-07
5,11.8,0,3.88864,0.0268904,-1.29299e-07
5,11.9,0,3.8854,0.0234129,-1.18473e-07
5,12,0,3.88216,0.0199354,-1.07646e-07
5,12.1,0,3.82453,0.0166839,-1.06394e-07
5,12.2,0,3.74359,0.0135293,-1.09246e-07
5,12.3,0,3.66264,0.0103747,-1.12098e-07
5,12.4,0,3.23286,0.00745452,-1.02047e-07
5,12.5,0,2.15524,0.00496968,-6.80311e-08
5,12.6,0,1.07762,0.00248484,-3.40156e-08
5,12.7,0,0,0,0
5.1,0,0,0,0,0
5.1,0.1,0,1.40375,-0.00438425,5.70317e-08
5.1,0.2,0,2.80264,-0.00909013,2.01217e-08
5.1,0.3,0,3.59111,-0.0140882,1.22193e-08
5.1,0.4,0,3.76865,-0.0195349,-6.69969e-09
5.1,0.5,0,3.94595,-0.0250598,-4.56306e-08
5.1,0.6,0,3.958,-0.0307863,-4.0033e-08
5.1,0.7,0,3.96972,-0.0366667,-8.29738e-09
5.1,0.8,0,3.97632,-0.0426489,-2.75821e-08
5.1,0.9,0,3.97737,-0.0488812,-1.51227e-08
5.1,1,0,3.97819,-0.0551876,3.87189e-08
5.1,1.1,0,3.97951,-0.0619804,-1.69191e-08
5.1,1.2,0,3.98016,-0.0690239,6.50317e-09
5.1,1.3,0,3.98139,-0.0762855,-6.082e-10
5.1,1.4,0,3.98254,-0.0839708,-1.05385e-08
5.1,1.5,0,3.98336,-0.0917589,-6.61147e-09
5.1,1.6,0,3.98539,-0.100229,-2.43485e-08
5.1,1.7,0,3.98645,-0.108956,-4.02957e-08
5.1,1.8,0,3.9883,-0.118093,-3.68493e-08
5.1,1.9,0,3.99001,-0.127803,-2.24311e-08
5.1,2,0,3.99126,-0.137595,-1.22237e-08
5.1,2.1,0,3.99404,-0.148562,8.63126e-09
5.1,2.2,0,3.99544,-0.159636,-8.68904e-09
5.1,2.3,0,3.99785,-0.171513,-1.23992e-08
5.1,2.4,0,3.99997,-0.18413,-2.60405e-08
5.1,2.5,0,4.00145,-0.196714,-5.14525e-08
5.1,2.6,0,4.00478,-0.211508,-5.94519e-08
5.1,2.7,0,4.00625,-0.225806,-6.62983e-08
5.1,2.8,0,4.00885,-0.241772,-8.0984e-08
5.1,2.9,0,4.01096,-0.258347,-1.11043e-07
5.1,3,0,4.01226,-0.274392,-1.4487e-07
5.1,3.1,0,4.01501,-0.294623,-1.66401e-07
5.1,3.2,0,4.01599,-0.312715,-1.68463e-07
5.1,3.3,0,4.018,-0.334032,-1.74919e-07
5.1,3.4,0,4.01889,-0.355646,-1.40136e-07
5.1,3.5,0,4.0187,-0.375795,-8.25368e-08
5.1,3.6,0,4.02248,-0.402003,-7.12391e-08
5.1,3.7,0,4.01819,-0.426386,-3.2782e-09
5.1,3.8,0,4.02249,-0.445474,1.79773e-08
5.1,3.9,0,4.01895,-0.471611,1.25894e-08
5.1,4,0,4.0072,-0.503921,1.72325e-08
5.1,4.1,0,4.04183,-0.547973,-3.34272e-08
5.1,4.2,0,4.03015,-0.608049,-6.23102e-08
5.1,4.3,0,4.03005,-0.62023,-9.47518e-08
5.1,4.4,0,4.02134,-0.679573,-1.6014e-07
5.1,4.5,0,4.00251,-0.786444,-2.40222e-07
5.1,4.6,0,3.97174,-0.923061,-1.30597e-07
5.1,4.7,0,4.0292,-1.18219,-2.27851e-07
5.1,4.8,0,3.23304,-1.15548,-2.40728e-07
5.1,4.9,0,1.60986,-0.630777,-1.30137e-07
5.1,5,0,0,0,0
5.1,6,0,9.32767e-16,1.9151e-16,4.52416e-23
5.1,6.1,0,1.25397,0.257458,6.08209e-08
5.1,6.2,0,2.45552,0.656282,3.40783e-08
5.1,6.3,0,3.65015,1.07378,-4.22937e-09
5.1,6.4,0,4.06374,1.14839,-6.78423e-08
5.1,6.5,0,4.04186,0.994659,-1.1994e-07
5.1,6.6,0,4.00694,0.802682,-1.50039e-07
5.1,6.7,0,3.97912,0.674593,-1.67638e-07
5.1,6.8,0,3.97547,0.682765,-1.55829e-07
5.1,6.9,0,4.00552,0.633869,-1.42944e-07
5.1,7,0,4.03557,0.584974,-1.30059e-07
5.1,7.1,0,4.01335,0.546941,-9.77955e-08
5.1,7.2,0,4.00896,0.507757,-8.87157e-08
5.1,7.3,0,4.00868,0.468228,-8.44766e-08
5.1,7.4,0,4.0069,0.443242,-7.91317e-08
5.1,7.5,0,4.00631,0.425101,-7.55859e-08
5.1,7.6,0,4.00807,0.403912,-7.47511e-08
5.1,7.7,0,4.0076,0.382599,-7.014e-08
5.1,7.8,0,4.00084,0.361249,-5.42787e-08
5.1,7.9,0,3.9968,0.34208,-3.8931e-08
5.1,8,0,3.99275,0.322911,-2.35832e-08
5.1,8.1,0,3.98771,0.306887,-2.20821e-08
5.1,8.2,0,3.98377,0.291498,-5.63691e-09
5.1,8.3,0,3.98016,0.276188,1.53672e-08
5.1,8.4,0,3.97557,0.262109,1.78579e-08
5.1,8.5,0,3.97104,0.249127,2.22246e-08
5.1,8.6,0,3.96762,0.236263,4.88529e-08
5.1,8.7,0,3.96389,0.223811,7.10532e-08
5.1,8.8,0,3.95902,0.213007,7.43939e-08
5.1,8.9,0,3.95566,0.20214,6.51053e-08
5.1,9,0,3.9523,0.191272,5.58167e-08
5.1,9.1,0,3.94807,0.182066,4.5657e-08
5.1,9.2,0,3.9446,0.172933,4.28282e-08
5.1,9.3,0,3.94147,0.163721,4.27212e-08
5.1,9.4,0,3.93798,0.155331,4.40464e-08
5.1,9.5,0,3.93453,0.147635,4.43735e-08
5.1,9.6,0,3.93169,0.139732,4.07909e-08
5.1,9.7,0,3.92878,0.132037,3.5217e-08
5.1,9.8,0,3.92551,0.125501,1.92443e-08
5.1,9.9,0,3.92302,0.118605,2.89526e-08
5.1,10,0,3.92052,0.11171,3.86609e-08
5.1,10.1,0,3.91782,0.105777,5.09936e-08
5.1,10.2,0,3.91551,0.0998209,6.00694e-08
5.1,10.3,0,3.9134,0.0937425,6.7332e-08
5.1,10.4,0,3.91123,0.0881345,5.7378e-08
5.1,10.5,0,3.90918,0.0829711,2.0035e-08
5.1,10.6,0,3.90747,0.077547,-3.00015e-08
5.1,10.7,0,3.90576,0.0722182,-7.43265e-08
5.1,10.8,0,3.90403,0.0677486,-6.72482e-08
5.1,10.9,0,3.90275,0.0629196,-5.18864e-08
5.1,11,0,3.90148,0.0580846,-3.63841e-08
5.1,11.1,0,3.90019,0.0538591,-4.24209e-08
5.1,11.2,0,3.89914,0.049615,-4.25377e-08
5.1,11.3,0,3.89823,0.0452425,-3.50705e-08
5.1,11.4,0,3.89732,0.0411864,-3.25096e-08
5.1,11.5,0,3.89651,0.0375267,-4.48589e-08
5.1,11.6,0,3.89598,0.0336692,-7.63069e-08
5.1,11.7,0,3.89529,0.0298417,-1.04987e-07
5.1,11.8,0,3.89179,0.0265821,-8.10774e-08
5.1,11.9,0,3.88853,0.0231191,-6.93784e-08
5.1,12,0,3.8853,0.0196416,-5.85515e-08
5.1,12.1,0,3.8274,0.0165177,-7.22158e-08
5.1,12.2,0,3.74629,0.0134391,-8.39463e-08
5.1,12.3,0,3.66535,0.0102845,-8.67984e-08
5.1,12.4,0,3.23472,0.00739257,-8.46766e-08
5.1,12.5,0,2.15524,0.00496968,-6.80311e-08
5.1,12.6,0,1.07762,0.00248484,-3.40156e-08
5.1,12.7,0,0,0,0
5.2,0,0,0,0,0
5.2,0.1,0,1.40472,-0.00431992,7.582e-08
5.2,0.2,0,2.8075,-0.00876849,1.14063e-07
5.2,0.3,0,3.59597,-0.0137666,1.06161e-07
5.2,0.4,0,3.77401,-0.0190569,1.27266e-07
5.2,0.5,0,3.95143,-0.0245427,9.83409e-08
5.2,0.6,0,3.96355,-0.0302384,9.87109e-08
5.2,0.7,0,3.97553,-0.0359957,1.09536e-07
5.2,0.8,0,3.98213,-0.0419779,9.02515e-08
5.2,0.9,0,3.98362,-0.048062,1.99465e-08
5.2,1,0,3.98456,-0.0543313,5.30969e-08
5.2,1.1,0,3.98601,-0.0610739,-1.83531e-08
5.2,1.2,0,3.98719,-0.0679168,-5.8179e-08
5.2,1.3,0,3.98842,-0.0751785,-6.52903e-08
5.2,1.4,0,3.99022,-0.0826582,-1.02935e-07
5.2,1.5,0,3.99121,-0.0903949,-1.05937e-07
5.2,1.6,0,3.99343,-0.098814,-1.24032e-07
5.2,1.7,0,3.99526,-0.107336,-1.41411e-07
5.2,1.8,0,3.99711,-0.116472,-1.37965e-07
5.2,1.9,0,3.99975,-0.12602,-1.15125e-07
5.2,2,0,4.00123,-0.135771,-1.02812e-07
5.2,2.1,0,4.00428,-0.146717,-7.43218e-08
5.2,2.2,0,4.00678,-0.157705,-6.11019e-08
5.2,2.3,0,4.00919,-0.169583,-6.48121e-08
5.2,2.4,0,4.01261,-0.182263,-5.49121e-08
5.2,2.5,0,4.01441,-0.194864,-7.44387e-08
5.2,2.6,0,4.01811,-0.209757,-8.26687e-08
5.2,2.7,0,4.02107,-0.224452,-9.04376e-08
5.2,2.8,0,4.02366,-0.240418,-1.05123e-07
5.2,2.9,0,4.02738,-0.258051,-1.27648e-07
5.2,3,0,4.02909,-0.274361,-1.59591e-07
5.2,3.1,0,4.03218,-0.29502,-1.85016e-07
5.2,3.2,0,4.03458,-0.314823,-2.02653e-07
5.2,3.3,0,4.03659,-0.336141,-2.09109e-07
5.2,3.4,0,4.03963,-0.360685,-2.19959e-07
5.2,3.5,0,4.03998,-0.381567,-1.73768e-07
5.2,3.6,0,4.04538,-0.40814,-1.73803e-07
5.2,3.7,0,4.04754,-0.433983,-1.51173e-07
5.2,3.8,0,4.05185,-0.453071,-1.29918e-07
5.2,3.9,0,4.06476,-0.466865,-1.55368e-07
5.2,4,0,4.05711,-0.496088,-1.5574e-07
5.2,4.1,0,4.10101,-0.536936,-2.10755e-07
5.2,4.2,0,4.12638,-0.584193,-2.57059e-07
5.2,4.3,0,4.12628,-0.596374,-2.89501e-07
5.2,4.4,0,4.13778,-0.56066,-3.25501e-07
5.2,4.5,0,4.12401,-0.643767,-3.98236e-07
5.2,4.6,0,4.07559,-0.755883,-2.47236e-07
5.2,4.7,0,4.06247,-0.917003,-1.78987e-07
5.2,4.8,0,3.2663,-0.890291,-1.91864e-07
5.2,4.9,0,1.61652,-0.577739,-1.20364e-07
5.2,5,0,0,0,0
5.2,6,0,9.32767e-16,1.9151e-16,4.52416e-23
5.2,6.1,0,1.25397,0.257458,6.08209e-08
5.2,6.2,0,2.50795,0.514916,1.21642e-07
5.2,6.3,0,3.71642,0.895069,1.06464e-07
5.2,6.4,0,4.13001,0.969681,4.28513e-08
5.2,6.5,0,4.12304,0.859663,-3.43876e-08
5.2,6.6,0,4.10443,0.715495,-9.19847e-08
5.2,6.7,0,4.07661,0.587406,-1.09584e-07
5.2,6.8,0,4.06539,0.608389,-9.80166e-08
5.2,6.9,0,4.05692,0.624714,-8.63616e-08
5.2,7,0,4.08697,0.575819,-7.34767e-08
5.2,7.1,0,4.06476,0.537786,-4.1213e-08
5.2,7.2,0,4.03979,0.500324,-7.92947e-09
5.2,7.3,0,4.03252,0.461381,4.53889e-09
5.2,7.4,0,4.03073,0.436395,9.88377e-09
5.2,7.5,0,4.02794,0.421104,1.59659e-08
5.2,7.6,0,4.02682,0.40365,2.01239e-08
5.2,7.7,0,4.02635,0.382337,2.4735e-08
5.2,7.8,0,4.01918,0.360651,4.06753e-08
5.2,7.9,0,4.01206,0.339007,5.66057e-08
5.2,8,0,4.00801,0.319839,7.19535e-08
5.2,8.1,0,4.00297,0.303814,7.34547e-08
5.2,8.2,0,3.99782,0.288139,7.34174e-08
5.2,8.3,0,3.9937,0.272708,8.74077e-08
5.2,8.4,0,3.98911,0.258629,8.98983e-08
5.2,8.5,0,3.98371,0.245557,7.72416e-08
5.2,8.6,0,3.97895,0.232551,7.70251e-08
5.2,8.7,0,3.97521,0.220099,9.92255e-08
5.2,8.8,0,3.97021,0.2093,1.03714e-07
5.2,8.9,0,3.96521,0.198502,1.08203e-07
5.2,9,0,3.9618,0.187637,9.93737e-08
5.2,9.1,0,3.95757,0.178431,8.9214e-08
5.2,9.2,0,3.95318,0.169517,7.89006e-08
5.2,9.3,0,3.94957,0.16042,7.48811e-08
5.2,9.4,0,3.94608,0.152029,7.62063e-08
5.2,9.5,0,3.94224,0.144461,7.89638e-08
5.2,9.6,0,3.93866,0.136804,8.00306e-08
5.2,9.7,0,3.93575,0.129108,7.44566e-08
5.2,9.8,0,3.93246,0.122585,5.75984e-08
5.2,9.9,0,3.92916,0.116062,4.07402e-08
5.2,10,0,3.9266,0.109197,4.82346e-08
5.2,10.1,0,3.9239,0.103264,6.05673e-08
5.2,10.2,0,3.92115,0.0975723,7.35561e-08
5.2,10.3,0,3.91877,0.0916613,8.33e-08
5.2,10.4,0,3.9166,0.0860533,7.33461e-08
5.2,10.5,0,3.91437,0.0810203,4.23498e-08
5.2,10.6,0,3.91225,0.0759025,7.22818e-09
5.2,10.7,0,3.91054,0.0705738,-3.70968e-08
5.2,10.8,0,3.90881,0.0661042,-3.00185e-08
5.2,10.9,0,3.90708,0.0616345,-2.29401e-08
5.2,11,0,3.90575,0.0568482,-8.56109e-09
5.2,11.1,0,3.90446,0.0526227,-1.45979e-08
5.2,11.2,0,3.90317,0.0486004,-2.78143e-08
5.2,11.3,0,3.90207,0.0443972,-3.03442e-08
5.2,11.4,0,3.90116,0.0403411,-2.77833e-08
5.2,11.5,0,3.90025,0.0367596,-3.25818e-08
5.2,11.6,0,3.8994,0.0331321,-4.18219e-08
5.2,11.7,0,3.89872,0.0293045,-7.05021e-08
5.2,11.8,0,3.89521,0.0260449,-4.65924e-08
5.2,11.9,0,3.89171,0.0227853,-2.26827e-08
5.2,12,0,3.88843,0.0193478,-9.45729e-09
5.2,12.1,0,3.83053,0.0162239,-2.31215e-08
5.2,12.2,0,3.7492,0.0132516,-4.7282e-08
5.2,12.3,0,3.66805,0.0101943,-6.14985e-08
5.2,12.4,0,3.23742,0.00730235,-5.93767e-08
5.2,12.5,0,2.15738,0.00489831,-4.80178e-08
5.2,12.6,0,1.07762,0.00248484,-3.40156e-08
5.2,12.7,0,0,0,0
5.3,0,0,0,0,0
5.3,0.1,0,1.40472,-0.00431992,7.582e-08
5.3,0.2,0,2.80944,-0.00863984,1.5164e-07
5.3,0.3,0,3.60082,-0.013445,2.00102e-07
5.3,0.4,0,3.77887,-0.0187353,2.21207e-07
5.3,0.5,0,3.95691,-0.0240256,2.42312e-07
5.3,0.6,0,3.96903,-0.0297213,2.42682e-07
5.3,0.7,0,3.98114,-0.035417,2.43052e-07
5.3,0.8,0,3.98795,-0.0413069,2.08085e-07
5.3,0.9,0,3.98943,-0.047391,1.3778e-07
5.3,1,0,3.99092,-0.053475,6.7475e-08
5.3,1.1,0,3.99237,-0.0602176,-3.975e-09
5.3,1.2,0,3.99383,-0.0669602,-7.5425e-08
5.3,1.3,0,3.99545,-0.0740714,-1.29973e-07
5.3,1.4,0,3.99726,-0.0815512,-1.67618e-07
5.3,1.5,0,3.99906,-0.0890309,-2.05263e-07
5.3,1.6,0,4.00128,-0.09745,-2.23358e-07
5.3,1.7,0,4.0035,-0.105869,-2.41452e-07
5.3,1.8,0,4.00593,-0.114852,-2.3908e-07
5.3,1.9,0,4.00856,-0.124399,-2.1624e-07
5.3,2,0,4.01119,-0.133946,-1.934e-07
5.3,2.1,0,4.01425,-0.144892,-1.6491e-07
5.3,2.2,0,4.0173,-0.155838,-1.3642e-07
5.3,2.3,0,4.02053,-0.167652,-1.17225e-07
5.3,2.4,0,4.02395,-0.180333,-1.07325e-07
5.3,2.5,0,4.02738,-0.193014,-9.7425e-08
5.3,2.6,0,4.03107,-0.207907,-1.05655e-07
5.3,2.7,0,4.03477,-0.2228,-1.13885e-07
5.3,2.8,0,4.03848,-0.239063,-1.29263e-07
5.3,2.9,0,4.04219,-0.256697,-1.51788e-07
5.3,3,0,4.04591,-0.27433,-1.74312e-07
5.3,3.1,0,4.04901,-0.294989,-1.99738e-07
5.3,3.2,0,4.0521,-0.315648,-2.25163e-07
5.3,3.3,0,4.05517,-0.338249,-2.433e-07
5.3,3.4,0,4.05821,-0.362794,-2.5415e-07
5.3,3.5,0,4.06125,-0.387338,-2.65e-07
5.3,3.6,0,4.06665,-0.413912,-2.65035e-07
5.3,3.7,0,4.07205,-0.440485,-2.6507e-07
5.3,3.8,0,4.08121,-0.460669,-2.77812e-07
5.3,3.9,0,4.09411,-0.474462,-3.03262e-07
5.3,4,0,4.10702,-0.488256,-3.28712e-07
5.3,4.1,0,4.15092,-0.529103,-3.83727e-07
5.3,4.2,0,4.19482,-0.569951,-4.38743e-07
5.3,4.3,0,4.22251,-0.572517,-4.8425e-07
5.3,4.4,0,4.23401,-0.536804,-5.2025e-07
5.3,4.5,0,4.24551,-0.50109,-5.5625e-07
5.3,4.6,0,4.19709,-0.613206,-4.0525e-07
5.3,4.7,0,4.14867,-0.725322,-2.5425e-07
5.3,4.8,0,3.29957,-0.625104,-1.43e-07
5.3,4.9,0,1.64978,-0.312552,-7.15e-08
5.3,5,0,0,0,0
5.3,6,0,0,0,0
5.3,6.1,0,1.25397,0.257458,6.08209e-08
5.3,6.2,0,2.50795,0.514916,1.21642e-07
5.3,6.3,0,3.76192,0.772374,1.82463e-07
5.3,6.4,0,4.19628,0.790973,1.53545e-07
5.3,6.5,0,4.18931,0.680955,7.6306e-08
5.3,6.6,0,4.18235,0.570937,-9.32836e-10
5.3,6.7,0,4.1741,0.50022,-5.15299e-08
5.3,6.8,0,4.16288,0.521203,-3.99627e-08
5.3,6.9,0,4.15165,0.542186,-2.83955e-08
5.3,7,0,4.14043,0.56317,-1.68284e-08
5.3,7.1,0,4.11616,0.52863,1.53694e-08
5.3,7.2,0,4.09119,0.491169,4.8653e-08
5.3,7.3,0,4.06623,0.453708,8.19366e-08
5.3,7.4,0,4.05457,0.429548,9.88993e-08
5.3,7.5,0,4.05178,0.414257,1.04981e-07
5.3,7.6,0,4.04899,0.398966,1.11063e-07
5.3,7.7,0,4.04511,0.382076,1.1961e-07
5.3,7.8,0,4.03793,0.36039,1.3555e-07
5.3,7.9,0,4.03076,0.338704,1.51491e-07
5.3,8,0,4.02359,0.317018,1.67431e-07
5.3,8.1,0,4.01823,0.300742,1.68991e-07
5.3,8.2,0,4.01308,0.285067,1.68954e-07
5.3,8.3,0,4.00793,0.269392,1.68917e-07
5.3,8.4,0,4.00265,0.255148,1.61939e-07
5.3,8.5,0,3.99725,0.242076,1.49282e-07
5.3,8.6,0,3.99186,0.229004,1.36625e-07
5.3,8.7,0,3.98654,0.216387,1.27398e-07
5.3,8.8,0,3.98154,0.205588,1.31887e-07
5.3,8.9,0,3.97654,0.19479,1.36375e-07
5.3,9,0,3.97154,0.183991,1.40864e-07
5.3,9.1,0,3.96707,0.174795,1.32771e-07
5.3,9.2,0,3.96268,0.165882,1.22458e-07
5.3,9.3,0,3.9583,0.156969,1.12144e-07
5.3,9.4,0,3.95418,0.148728,1.08366e-07
5.3,9.5,0,3.95034,0.14116,1.11124e-07
5.3,9.6,0,3.94649,0.133592,1.13881e-07
5.3,9.7,0,3.94273,0.12618,1.13696e-07
5.3,9.8,0,3.93943,0.119657,9.68381e-08
5.3,9.9,0,3.93614,0.113134,7.99799e-08
5.3,10,0,3.93284,0.10661,6.31216e-08
5.3,10.1,0,3.92999,0.100752,7.0141e-08
5.3,10.2,0,3.92724,0.0950599,8.31299e-08
5.3,10.3,0,3.92449,0.0893677,9.61187e-08
5.3,10.4,0,3.92197,0.0839722,8.93142e-08
5.3,10.5,0,3.91974,0.0789391,5.83179e-08
5.3,10.6,0,3.9175,0.0739061,2.73216e-08
5.3,10.7,0,3.91532,0.0689294,1.32836e-10
5.3,10.8,0,3.91359,0.0644597,7.21119e-09
5.3,10.9,0,3.91187,0.0599901,1.42896e-08
5.3,11,0,3.91014,0.0555204,2.13679e-08
5.3,11.1,0,3.90873,0.0513863,1.32252e-08
5.3,11.2,0,3.90744,0.047364,8.76866e-12
5.3,11.3,0,3.90614,0.0433417,-1.32076e-08
5.3,11.4,0,3.905,0.0394957,-2.30569e-08
5.3,11.5,0,3.90409,0.0359142,-2.78554e-08
5.3,11.6,0,3.90318,0.0323327,-3.26539e-08
5.3,11.7,0,3.90214,0.0287673,-3.6017e-08
5.3,11.8,0,3.89864,0.0255077,-1.21073e-08
5.3,11.9,0,3.89514,0.0222482,1.18024e-08
5.3,12,0,3.89164,0.0189886,3.57121e-08
5.3,12.1,0,3.83366,0.0159301,2.59727e-08
5.3,12.2,0,3.75233,0.0129578,1.81224e-09
5.3,12.3,0,3.671,0.00998553,-2.23482e-08
5.3,12.4,0,3.24013,0.00721213,-3.40769e-08
5.3,12.5,0,2.16009,0.00480808,-2.27179e-08
5.3,12.6,0,1.08004,0.00240404,-1.1359e-08
5.3,12.7,0,0,0,0
5.4,0,0,0,0,0
5.4,0.1,0,1.40916,-0.00380397,-7.64217e-08
5.4,0.2,0,2.81388,-0.00812389,-6.01667e-10
5.4,0.3,0,3.60574,-0.0126984,4.26258e-08
5.4,0.4,0,3.7841,-0.017835,6.02408e-08
5.4,0.5,0,3.96214,-0.0231253,8.13458e-08
5.4,0.6,0,3.97464,-0.0284687,7.84908e-08
5.4,0.7,0,3.98675,-0.0341644,7.88608e-08
5.4,0.8,0,3.99386,-0.0398241,8.95058e-08
5.4,0.9,0,3.99555,-0.0457546,4.96092e-08
5.4,1,0,3.99704,-0.0518387,-2.06958e-08
5.4,1.1,0,3.99913,-0.0581281,-5.55e-09
5.4,1.2,0,4.00058,-0.0648707,-7.7e-08
5.4,1.3,0,4.00269,-0.0716795,-9.77925e-08
5.4,1.4,0,4.00482,-0.0789576,-1.12934e-07
5.4,1.5,0,4.00662,-0.0864374,-1.50579e-07
5.4,1.6,0,4.00984,-0.0942954,-1.12295e-07
5.4,1.7,0,4.01206,-0.102715,-1.3039e-07
5.4,1.8,0,4.01525,-0.111333,-1.34887e-07
5.4,1.9,0,4.0184,-0.120637,-1.16627e-07
5.4,2,0,4.02103,-0.130184,-9.37875e-08
5.4,2.1,0,4.02571,-0.140478,-1.07935e-07
5.4,2.2,0,4.02876,-0.151424,-7.9445e-08
5.4,2.3,0,4.03329,-0.162823,-5.005e-08
5.4,2.4,0,4.03757,-0.175227,-3.335e-08
5.4,2.5,0,4.04099,-0.187908,-2.345e-08
5.4,2.6,0,4.04763,-0.202051,4.30492e-08
5.4,2.7,0,4.05133,-0.216944,3.48192e-08
5.4,2.8,0,4.0576,-0.232861,5.31992e-08
5.4,2.9,0,4.06303,-0.250263,5.31792e-08
5.4,3,0,4.06675,-0.267897,3.06542e-08
5.4,3.1,0,4.07604,-0.287889,-2.24396e-08
5.4,3.2,0,4.07913,-0.308547,-4.78646e-08
5.4,3.3,0,4.08653,-0.330493,-1.17772e-07
5.4,3.4,0,4.09246,-0.3546,-1.63135e-07
5.4,3.5,0,4.0955,-0.379145,-1.73985e-07
5.4,3.6,0,4.1084,-0.410333,-2.57535e-07
5.4,3.7,0,4.1138,-0.436907,-2.5757e-07
5.4,3.8,0,4.11905,-0.45691,-2.64563e-07
5.4,3.9,0,4.12935,-0.470583,-2.86179e-07
5.4,4,0,4.14226,-0.484376,-3.11629e-07
5.4,4.1,0,4.15663,-0.524895,-2.70394e-07
5.4,4.2,0,4.20052,-0.565743,-3.25409e-07
5.4,4.3,0,4.20821,-0.555891,-3.15167e-07
5.4,4.4,0,4.20637,-0.511899,-3.14e-07
5.4,4.5,0,4.21787,-0.476185,-3.5e-07
5.4,4.6,0,4.0371,-0.535667,-1.915e-07
5.4,4.7,0,3.98868,-0.647782,-4.05e-08
5.4,4.8,0,3.23557,-0.594088,-5.75e-08
5.4,4.9,0,1.64978,-0.312552,-7.15e-08
5.4,5,0,0,0,0
5.4,6,0,0,0,0
5.4,6.1,0,1.12685,0.218016,6.86567e-08
5.4,6.2,0,2.36599,0.470872,1.30392e-07
5.4,6.3,0,3.61996,0.72833,1.91213e-07
5.4,6.4,0,4.14152,0.777179,2.04739e-07
5.4,6.5,0,4.19715,0.68888,1.57973e-07
5.4,6.6,0,4.19019,0.578862,8.07338e-08
5.4,6.7,0,4.18701,0.506775,1.6592e-08
5.4,6.8,0,4.18958,0.524029,-8.71269e-09
5.4,6.9,0,4.17836,0.545013,2.85448e-09
5.4,7,0,4.16713,0.565996,1.44216e-08
5.4,7.1,0,4.1495,0.523265,-2.98769e-08
5.4,7.2,0,4.1257,0.484367,-1.00137e-08
5.4,7.3,0,4.10074,0.446905,2.32699e-08
5.4,7.4,0,4.08529,0.423025,3.02699e-08
5.4,7.5,0,4.07924,0.407974,2.7773e-08
5.4,7.6,0,4.07645,0.392683,3.38551e-08
5.4,7.7,0,4.07069,0.375264,3.7204e-08
5.4,7.8,0,4.05701,0.351743,3.51254e-08
5.4,7.9,0,4.04984,0.330057,5.10657e-08
5.4,8,0,4.04266,0.308372,6.7006e-08
5.4,8.1,0,4.03415,0.293633,8.53239e-08
5.4,8.2,0,4.02824,0.278328,8.93208e-08
5.4,8.3,0,4.02309,0.262653,8.92835e-08
5.4,8.4,0,4.01603,0.248552,7.37723e-08
5.4,8.5,0,4.0088,0.235626,5.23238e-08
5.4,8.6,0,4.0034,0.222554,3.9667e-08
5.4,8.7,0,3.99771,0.210098,2.75267e-08
5.4,8.8,0,3.991,0.200038,1.86657e-08
5.4,8.9,0,3.986,0.18924,2.31545e-08
5.4,9,0,3.981,0.178441,2.76433e-08
5.4,9.1,0,3.97533,0.169852,2.54178e-08
5.4,9.2,0,3.97057,0.161129,1.69451e-08
5.4,9.3,0,3.96618,0.152216,6.63172e-09
5.4,9.4,0,3.96153,0.144286,8.27612e-10
5.4,9.5,0,3.95702,0.137102,1.08619e-09
5.4,9.6,0,3.95318,0.129534,3.84366e-09
5.4,9.7,0,3.94929,0.122211,7.46978e-09
5.4,9.8,0,3.94521,0.116258,1.51714e-08
5.4,9.9,0,3.94191,0.109735,-1.68682e-09
5.4,10,0,3.93862,0.103212,-1.8545e-08
5.4,10.1,0,3.93524,0.097791,2.33408e-09
5.4,10.2,0,3.93229,0.092272,2.0809e-08
5.4,10.3,0,3.92954,0.0865799,3.37978e-08
5.4,10.4,0,3.92679,0.0814112,4.13833e-08
5.4,10.5,0,3.92421,0.0767143,3.17054e-08
5.4,10.6,0,3.92198,0.0716813,7.09142e-10
5.4,10.7,0,3.91975,0.0667501,-2.78763e-08
5.4,10.8,0,3.91759,0.0627353,-3.47644e-08
5.4,10.9,0,3.91586,0.0582732,-2.79188e-08
5.4,11,0,3.91413,0.0538036,-2.08404e-08
5.4,11.1,0,3.91246,0.0499808,-2.71473e-08
5.4,11.2,0,3.91103,0.0461107,-3.94662e-08
5.4,11.3,0,3.90973,0.0420884,-5.26826e-08
5.4,11.4,0,3.90846,0.0383803,-4.96304e-08
5.4,11.5,0,3.90732,0.0350458,-3.13137e-08
5.4,11.6,0,3.90641,0.0314643,-3.61123e-08
5.4,11.7,0,3.90536,0.0279134,-3.98266e-08
5.4,11.8,0,3.90162,0.0249442,-2.29423e-08
5.4,11.9,0,3.8981,0.0217039,4.99055e-10
5.4,12,0,3.8946,0.0184444,2.44088e-08
5.4,12.1,0,3.83636,0.0155708,-8.84072e-09
5.4,12.2,0,3.75488,0.0127085,-4.69953e-08
5.4,12.3,0,3.67355,0.00973623,-7.11557e-08
5.4,12.4,0,3.24188,0.00704097,-6.75865e-08
5.4,12.5,0,2.16009,0.00480808,-2.27179e-08
5.4,12.6,0,1.08004,0.00240404,-1.1359e-08
5.4,12.7,0,0,0,0
5.5,0,0,0,0,0
5.5,0.1,0,1.41005,-0.00370078,-1.0687e-07
5.5,0.2,0,2.81832,-0.00760794,-1.52843e-07
5.5,0.3,0,3.61018,-0.0121824,-1.09616e-07
5.5,0.4,0,3.78917,-0.0170115,-9.89808e-08
5.5,0.5,0,3.96738,-0.022225,-7.96208e-08
5.5,0.6,0,3.97994,-0.0274979,-8.31208e-08
5.5,0.7,0,3.99236,-0.0329118,-8.53308e-08
5.5,0.8,0,3.99946,-0.0385715,-7.46858e-08
5.5,0.9,0,4.00156,-0.0441951,-5.37658e-08
5.5,1,0,4.00315,-0.0502023,-1.08867e-07
5.5,1.1,0,4.00537,-0.0564011,-7.64017e-08
5.5,1.2,0,4.00733,-0.0627812,-7.8575e-08
5.5,1.3,0,4.00944,-0.06959,-9.93675e-08
5.5,1.4,0,4.01221,-0.0764649,-6.95025e-08
5.5,1.5,0,4.01418,-0.0838438,-9.58958e-08
5.5,1.6,0,4.0176,-0.0915897,-4.63358e-08
5.5,1.7,0,4.02063,-0.09956,-1.93275e-08
5.5,1.8,0,4.02382,-0.108179,-2.3825e-08
5.5,1.9,0,4.02798,-0.116997,-1.4725e-08
5.5,2,0,4.03087,-0.126422,5.825e-09
5.5,2.1,0,4.03588,-0.136586,-1.685e-08
5.5,2.2,0,4.04023,-0.147011,-2.247e-08
5.5,2.3,0,4.04476,-0.158409,6.925e-09
5.5,2.4,0,4.05076,-0.17026,3.7225e-08
5.5,2.5,0,4.05461,-0.182803,5.0525e-08
5.5,2.6,0,4.06184,-0.196796,1.3197e-07
5.5,2.7,0,4.06788,-0.211088,1.83523e-07
5.5,2.8,0,4.07416,-0.227005,2.01903e-07
5.5,2.9,0,4.08302,-0.243946,2.46893e-07
5.5,3,0,4.08759,-0.261463,2.35621e-07
5.5,3.1,0,4.09811,-0.281322,1.76993e-07
5.5,3.2,0,4.10616,-0.301447,1.29433e-07
5.5,3.3,0,4.11356,-0.323393,5.95258e-08
5.5,3.4,0,4.12526,-0.346625,-5.48642e-08
5.5,3.5,0,4.12974,-0.370951,-8.29708e-08
5.5,3.6,0,4.14414,-0.403062,-1.83223e-07
5.5,3.7,0,4.15554,-0.433328,-2.5007e-07
5.5,3.8,0,4.16079,-0.453331,-2.57063e-07
5.5,3.9,0,4.1659,-0.466763,-2.71012e-07
5.5,4,0,4.1775,-0.480497,-2.94546e-07
5.5,4.1,0,4.18596,-0.52095,-2.34061e-07
5.5,4.2,0,4.20623,-0.561535,-2.12076e-07
5.5,4.3,0,4.21392,-0.551684,-2.01833e-07
5.5,4.4,0,4.18541,-0.491133,-1.26333e-07
5.5,4.5,0,4.19023,-0.45128,-1.4375e-07
5.5,4.6,0,3.98299,-0.500235,1.625e-08
5.5,4.7,0,3.82869,-0.570243,1.7325e-07
5.5,4.8,0,3.07558,-0.516549,1.5625e-07
5.5,4.9,0,1.61779,-0.297044,-2.875e-08
5.5,5,0,0,0,0
5.5,6,0,0,0,0
5.5,6.1,0,1.12685,0.218016,6.86567e-08
5.5,6.2,0,2.2537,0.436032,1.37313e-07
5.5,6.3,0,3.47801,0.684287,1.99963e-07
5.5,6.4,0,3.99957,0.733136,2.13489e-07
5.5,6.5,0,4.12674,0.669657,2.01549e-07
5.5,6.6,0,4.19803,0.586787,1.624e-07
5.5,6.7,0,4.19485,0.514699,9.82587e-08
5.5,6.8,0,4.20052,0.531117,6.46766e-08
5.5,6.9,0,4.20506,0.547839,3.41045e-08
5.5,7,0,4.19383,0.568822,4.56716e-08
5.5,7.1,0,4.1762,0.526092,1.37313e-09
5.5,7.2,0,4.15822,0.480008,-4.58657e-08
5.5,7.3,0,4.13524,0.440103,-3.53968e-08
5.5,7.4,0,4.11979,0.416223,-2.83968e-08
5.5,7.5,0,4.11069,0.401397,-3.89192e-08
5.5,7.6,0,4.1039,0.3864,-4.33532e-08
5.5,7.7,0,4.09814,0.368981,-4.00044e-08
5.5,7.8,0,4.08346,0.345178,-4.48551e-08
5.5,7.9,0,4.06891,0.321411,-4.93593e-08
5.5,8,0,4.06174,0.299725,-3.3419e-08
5.5,8.1,0,4.05323,0.284987,-1.51011e-08
5.5,8.2,0,4.04457,0.271021,3.48097e-09
5.5,8.3,0,4.03825,0.255915,9.65012e-09
5.5,8.4,0,4.03119,0.241814,-5.86107e-09
5.5,8.5,0,4.02256,0.229,-3.40327e-08
5.5,8.6,0,4.01495,0.216104,-5.72913e-08
5.5,8.7,0,4.00926,0.203648,-6.94316e-08
5.5,8.8,0,4.00239,0.193655,-7.95062e-08
5.5,8.9,0,3.99552,0.183663,-8.95808e-08
5.5,9,0,3.99046,0.172891,-8.55775e-08
5.5,9.1,0,3.98479,0.164302,-8.7803e-08
5.5,9.2,0,3.97899,0.156103,-9.12135e-08
5.5,9.3,0,3.97407,0.147464,-9.88808e-08
5.5,9.4,0,3.96942,0.139534,-1.04685e-07
5.5,9.5,0,3.9645,0.132588,-1.0598e-07
5.5,9.6,0,3.95986,0.125476,-1.06194e-07
5.5,9.7,0,3.95598,0.118153,-1.02568e-07
5.5,9.8,0,3.95186,0.11222,-9.40192e-08
5.5,9.9,0,3.94775,0.106287,-8.54707e-08
5.5,10,0,3.94439,0.0998131,-1.00212e-07
5.5,10.1,0,3.94102,0.0943923,-7.93326e-08
5.5,10.2,0,3.93762,0.0892471,-4.90192e-08
5.5,10.3,0,3.9346,0.083792,-2.8523e-08
5.5,10.4,0,3.93184,0.0786233,-2.09376e-08
5.5,10.5,0,3.92909,0.0740946,-1.99562e-08
5.5,10.6,0,3.92645,0.0694565,-2.59034e-08
5.5,10.7,0,3.92423,0.0645253,-5.44888e-08
5.5,10.8,0,3.92207,0.0605105,-6.13769e-08
5.5,10.9,0,3.9199,0.0564957,-6.82649e-08
5.5,11,0,3.91812,0.0520867,-6.30488e-08
5.5,11.1,0,3.91645,0.0482639,-6.93557e-08
5.5,11.2,0,3.91479,0.0446568,-8.01243e-08
5.5,11.3,0,3.91332,0.0408351,-9.21576e-08
5.5,11.4,0,3.91205,0.037127,-8.91054e-08
5.5,11.5,0,3.91082,0.0338901,-6.16502e-08
5.5,11.6,0,3.90965,0.0305958,-3.95706e-08
5.5,11.7,0,3.90859,0.0270449,-4.3285e-08
5.5,11.8,0,3.90485,0.0240757,-2.64006e-08
5.5,11.9,0,3.90111,0.0211065,-9.51629e-09
5.5,12,0,3.89756,0.0179001,1.31054e-08
5.5,12.1,0,3.83932,0.0150265,-2.01441e-08
5.5,12.2,0,3.75762,0.0123184,-7.78903e-08
5.5,12.3,0,3.6761,0.00948693,-1.19963e-07
5.5,12.4,0,3.24442,0.00679167,-1.16394e-07
5.5,12.5,0,2.1621,0.00461088,-6.13268e-08
5.5,12.6,0,1.08004,0.00240404,-1.1359e-08
5.5,12.7,0,0,0,0
5.6,0,0,0,0,0
5.6,0.1,0,1.41005,-0.00370078,-1.0687e-07
5.6,0.2,0,2.8201,-0.00740156,-2.1374e-07
5.6,0.3,0,3.61462,-0.0116665,-2.61858e-07
5.6,0.4,0,3.79362,-0.0164956,-2.51223e-07
5.6,0.5,0,3.97261,-0.0213247,-2.40588e-07
5.6,0.6,0,3.98517,-0.0265976,-2.44088e-07
5.6,0.7,0,3.99774,-0.0318706,-2.47588e-07
5.6,0.8,0,4.00507,-0.0373189,-2.38878e-07
5.6,0.9,0,4.00717,-0.0429424,-2.17957e-07
5.6,1,0,4.00926,-0.048566,-1.97037e-07
5.6,1.1,0,4.01148,-0.0547648,-1.64573e-07
5.6,1.2,0,4.0137,-0.0609636,-1.32108e-07
5.6,1.3,0,4.01619,-0.0675005,-1.00943e-07
5.6,1.4,0,4.01896,-0.0743754,-7.10775e-08
5.6,1.5,0,4.02174,-0.0812503,-4.12125e-08
5.6,1.6,0,4.02516,-0.0889962,8.3475e-09
5.6,1.7,0,4.02859,-0.096742,5.79075e-08
5.6,1.8,0,4.03239,-0.105024,8.72375e-08
5.6,1.9,0,4.03655,-0.113842,9.63375e-08
5.6,2,0,4.04071,-0.12266,1.05438e-07
5.6,2.1,0,4.04572,-0.132824,8.27625e-08
5.6,2.2,0,4.05072,-0.142988,6.00875e-08
5.6,2.3,0,4.05622,-0.153995,6.39e-08
5.6,2.4,0,4.06223,-0.165847,9.42e-08
5.6,2.5,0,4.06823,-0.177698,1.245e-07
5.6,2.6,0,4.07546,-0.19169,2.05945e-07
5.6,2.7,0,4.08268,-0.205683,2.8739e-07
5.6,2.8,0,4.09072,-0.221149,3.50608e-07
5.6,2.9,0,4.09958,-0.23809,3.95598e-07
5.6,3,0,4.10843,-0.25503,4.40588e-07
5.6,3.1,0,4.11895,-0.274889,3.8196e-07
5.6,3.2,0,4.12947,-0.294747,3.23333e-07
5.6,3.3,0,4.14058,-0.316293,2.36824e-07
5.6,3.4,0,4.15228,-0.339525,1.22434e-07
5.6,3.5,0,4.16399,-0.362757,8.04375e-09
5.6,3.6,0,4.17839,-0.394869,-9.22088e-08
5.6,3.7,0,4.19279,-0.42698,-1.92461e-07
5.6,3.8,0,4.20254,-0.449752,-2.49563e-07
5.6,3.9,0,4.20764,-0.463185,-2.63513e-07
5.6,4,0,4.21274,-0.476617,-2.77462e-07
5.6,4.1,0,4.2212,-0.517071,-2.16978e-07
5.6,4.2,0,4.22966,-0.557525,-1.56493e-07
5.6,4.3,0,4.21963,-0.547476,-8.85e-08
5.6,4.4,0,4.19111,-0.486925,-1.3e-08
5.6,4.5,0,4.1626,-0.426375,6.25e-08
5.6,4.6,0,3.95535,-0.475329,2.225e-07
5.6,4.7,0,3.74811,-0.524284,3.825e-07
5.6,4.8,0,2.91559,-0.439009,3.7e-07
5.6,4.9,0,1.45779,-0.219505,1.85e-07
5.6,5,0,0,0,0
5.6,6,0,0,0,0
5.6,6.1,0,1.12685,0.218016,6.86567e-08
5.6,6.2,0,2.2537,0.436032,1.37313e-07
5.6,6.3,0,3.38055,0.654048,2.0597e-07
5.6,6.4,0,3.85761,0.689092,2.22239e-07
5.6,6.5,0,3.98479,0.625613,2.10299e-07
5.6,6.6,0,4.11197,0.562134,1.98358e-07
5.6,6.7,0,4.20269,0.522624,1.79925e-07
5.6,6.8,0,4.20836,0.539042,1.46343e-07
5.6,6.9,0,4.21402,0.555459,1.12761e-07
5.6,7,0,4.21969,0.571877,7.91791e-08
5.6,7.1,0,4.2029,0.528918,3.26231e-08
5.6,7.2,0,4.18492,0.482834,-1.46157e-08
5.6,7.3,0,4.16695,0.43675,-6.18545e-08
5.6,7.4,0,4.1543,0.409421,-8.70634e-08
5.6,7.5,0,4.1452,0.394594,-9.75858e-08
5.6,7.6,0,4.13609,0.379768,-1.08108e-07
5.6,7.7,0,4.1256,0.362698,-1.17213e-07
5.6,7.8,0,4.11092,0.338895,-1.22063e-07
5.6,7.9,0,4.09624,0.315093,-1.26914e-07
5.6,8,0,4.08156,0.29129,-1.31765e-07
5.6,8.1,0,4.0723,0.276341,-1.15526e-07
5.6,8.2,0,4.06364,0.262374,-9.6944e-08
5.6,8.3,0,4.05499,0.248408,-7.83619e-08
5.6,8.4,0,4.04634,0.235075,-8.54944e-08
5.6,8.5,0,4.03772,0.222261,-1.13666e-07
5.6,8.6,0,4.02909,0.209447,-1.41838e-07
5.6,8.7,0,4.02081,0.197198,-1.6639e-07
5.6,8.8,0,4.01394,0.187205,-1.76465e-07
5.6,8.9,0,4.00707,0.177212,-1.86539e-07
5.6,9,0,4.0002,0.16722,-1.96614e-07
5.6,9.1,0,3.99425,0.158752,-2.01024e-07
5.6,9.2,0,3.98845,0.150553,-2.04434e-07
5.6,9.3,0,3.98266,0.142354,-2.07845e-07
5.6,9.4,0,3.9773,0.134782,-2.10197e-07
5.6,9.5,0,3.97238,0.127835,-2.11492e-07
5.6,9.6,0,3.96746,0.120889,-2.12787e-07
5.6,9.7,0,3.96266,0.114095,-2.12605e-07
5.6,9.8,0,3.95855,0.108162,-2.04057e-07
5.6,9.9,0,3.95444,0.102229,-1.95508e-07
5.6,10,0,3.95033,0.0962964,-1.8696e-07
5.6,10.1,0,3.94679,0.0909937,-1.60999e-07
5.6,10.2,0,3.9434,0.0858485,-1.30686e-07
5.6,10.3,0,3.94,0.0807033,-1.00372e-07
5.6,10.4,0,3.9369,0.0758355,-8.32584e-08
5.6,10.5,0,3.93415,0.0713067,-8.22771e-08
5.6,10.6,0,3.93139,0.0667779,-8.12957e-08
5.6,10.7,0,3.9287,0.0623005,-8.11013e-08
5.6,10.8,0,3.92654,0.0582857,-8.79894e-08
5.6,10.9,0,3.92438,0.0542709,-9.48774e-08
5.6,11,0,3.92222,0.0502561,-1.01765e-07
5.6,11.1,0,3.92044,0.046547,-1.11564e-07
5.6,11.2,0,3.91878,0.0429399,-1.22333e-07
5.6,11.3,0,3.91713,0.0393327,-1.33101e-07
5.6,11.4,0,3.91565,0.0358737,-1.2858e-07
5.6,11.5,0,3.91441,0.0326368,-1.01125e-07
5.6,11.6,0,3.91318,0.0294,-7.367e-08
5.6,11.7,0,3.91183,0.0261765,-4.67433e-08
5.6,11.8,0,3.90809,0.0232073,-2.9859e-08
5.6,11.9,0,3.90434,0.020238,-1.29746e-08
5.6,12,0,3.9006,0.0172688,3.9097e-09
5.6,12.1,0,3.84229,0.0144823,-3.14474e-08
5.6,12.2,0,3.76059,0.0117741,-8.91937e-08
5.6,12.3,0,3.67889,0.00906596,-1.4694e-07
5.6,12.4,0,3.24697,0.00654237,-1.65201e-07
5.6,12.5,0,2.16465,0.00436158,-1.10134e-07
5.6,12.6,0,1.08232,0.00218079,-5.50672e-08
5.6,12.7,0,0,0,0
5.7,0,0,0,0,0
5.7,0.1,0,1.41384,-0.00304529,2.053e-08
5.7,0.2,0,2.82389,-0.00674607,-8.634e-08
5.7,0.3,0,3.61896,-0.0106916,-1.5754e-07
5.7,0.4,0,3.79831,-0.0153077,-1.62293e-07
5.7,0.5,0,3.9773,-0.0201368,-1.51658e-07
5.7,0.6,0,3.99026,-0.0248949,-1.35883e-07
5.7,0.7,0,4.00283,-0.0301679,-1.39383e-07
5.7,0.8,0,4.01042,-0.035287,-1.18373e-07
5.7,0.9,0,4.0127,-0.0406911,-8.92533e-08
5.7,1,0,4.01479,-0.0463147,-6.83333e-08
5.7,1.1,0,4.01758,-0.0518866,-3.48475e-08
5.7,1.2,0,4.01979,-0.0580854,-2.3825e-09
5.7,1.3,0,4.02273,-0.0641962,4.37025e-08
5.7,1.4,0,4.02579,-0.0707871,8.35142e-08
5.7,1.5,0,4.02857,-0.0776621,1.13379e-07
5.7,1.6,0,4.03291,-0.0845825,1.37385e-07
5.7,1.7,0,4.03633,-0.0923283,1.86945e-07
5.7,1.8,0,4.04082,-0.100033,1.82553e-07
5.7,1.9,0,4.04544,-0.108466,1.69171e-07
5.7,2,0,4.04961,-0.117284,1.78271e-07
5.7,2.1,0,4.05608,-0.126266,1.34804e-07
5.7,2.2,0,4.06108,-0.13643,1.12129e-07
5.7,2.3,0,4.0677,-0.146525,8.85167e-08
5.7,2.4,0,4.07444,-0.157767,1.00533e-07
5.7,2.5,0,4.08045,-0.169619,1.30833e-07
5.7,2.6,0,4.0901,-0.18147,1.12653e-07
5.7,2.7,0,4.09732,-0.195463,1.94098e-07
5.7,2.8,0,4.10723,-0.20911,2.12891e-07
5.7,2.9,0,4.11733,-0.224838,2.28264e-07
5.7,3,0,4.12618,-0.241778,2.73254e-07
5.7,3.1,0,4.14099,-0.25803,2.55627e-07
5.7,3.2,0,4.15151,-0.277888,1.96999e-07
5.7,3.3,0,4.1647,-0.29494,1.8194e-07
5.7,3.4,0,4.17779,-0.315176,1.15184e-07
5.7,3.5,0,4.18949,-0.338408,7.9375e-10
5.7,3.6,0,4.20568,-0.366196,6.44542e-09
5.7,3.7,0,4.22008,-0.398308,-9.38071e-08
5.7,3.8,0,4.22582,-0.416788,-9.01833e-08
5.7,3.9,0,4.22825,-0.427358,-6.365e-08
5.7,4,0,4.23335,-0.440791,-7.76e-08
5.7,4.1,0,4.2184,-0.477948,1.44689e-07
5.7,4.2,0,4.22686,-0.518402,2.05174e-07
5.7,4.3,0,4.2085,-0.511827,3.10917e-07
5.7,4.4,0,4.17443,-0.453592,4.11583e-07
5.7,4.5,0,4.14591,-0.393041,4.87083e-07
5.7,4.6,0,3.91972,-0.452597,9.45833e-08
5.7,4.7,0,3.71248,-0.501551,2.54583e-07
5.7,4.8,0,2.90133,-0.429916,3.18833e-07
5.7,4.9,0,1.45779,-0.219505,1.85e-07
5.7,5,0,0,0,0
5.7,6,0,8.21977e-16,1.05442e-16,1.11022e-24
5.7,6.1,0,1.10503,0.141752,1.49254e-09
5.7,6.2,0,2.22934,0.350871,6.23134e-08
5.7,6.3,0,3.35618,0.568887,1.3097e-07
5.7,6.4,0,3.85023,0.621287,2.2291e-07
5.7,6.5,0,3.98961,0.570268,2.65299e-07
5.7,6.6,0,4.11678,0.50679,2.53358e-07
5.7,6.7,0,4.21152,0.471449,2.1631e-07
5.7,6.8,0,4.22811,0.499216,1.32052e-07
5.7,6.9,0,4.23378,0.515634,9.84695e-08
5.7,7,0,4.23944,0.532051,6.48874e-08
5.7,7.1,0,4.22968,0.49817,-3.77163e-09
5.7,7.2,0,4.21294,0.453678,-5.48882e-08
5.7,7.3,0,4.19496,0.407595,-1.02127e-07
5.7,7.4,0,4.17956,0.385557,-1.03918e-07
5.7,7.5,0,4.1681,0.375288,-9.4275e-08
5.7,7.6,0,4.159,0.360462,-1.04797e-07
5.7,7.7,0,4.14723,0.344203,-1.11266e-07
5.7,7.8,0,4.12813,0.323215,-1.0698e-07
5.7,7.9,0,4.11345,0.299413,-1.11831e-07
5.7,8,0,4.09878,0.27561,-1.16682e-07
5.7,8.1,0,4.08667,0.264827,-1.27476e-07
5.7,8.2,0,4.07733,0.251863,-1.15402e-07
5.7,8.3,0,4.06867,0.237897,-9.68203e-08
5.7,8.4,0,4.0584,0.225293,-6.58221e-08
5.7,8.5,0,4.04809,0.213231,-5.47077e-08
5.7,8.6,0,4.03947,0.200417,-8.28794e-08
5.7,8.7,0,4.03088,0.188518,-1.01214e-07
5.7,8.8,0,4.02257,0.180133,-8.27937e-08
5.7,8.9,0,4.0157,0.17014,-9.28683e-08
5.7,9,0,4.00883,0.160147,-1.02943e-07
5.7,9.1,0,4.00172,0.152553,-1.15539e-07
5.7,9.2,0,3.99557,0.144628,-1.21518e-07
5.7,9.3,0,3.98978,0.136429,-1.24928e-07
5.7,9.4,0,3.98392,0.129295,-1.32809e-07
5.7,9.5,0,3.97838,0.12289,-1.40921e-07
5.7,9.6,0,3.97346,0.115944,-1.42216e-07
5.7,9.7,0,3.96855,0.109266,-1.44064e-07
5.7,9.8,0,3.96371,0.104083,-1.48598e-07
5.7,9.9,0,3.9596,0.0981499,-1.4005e-07
5.7,10,0,3.95549,0.0922171,-1.31501e-07
5.7,10.1,0,3.95148,0.0874494,-1.19705e-07
5.7,10.2,0,3.94789,0.0825159,-9.49983e-08
5.7,10.3,0,3.9445,0.0773707,-6.46849e-08
5.7,10.4,0,3.94118,0.07277,-3.79076e-08
5.7,10.5,0,3.93812,0.0686369,-2.26104e-08
5.7,10.6,0,3.93536,0.0641082,-2.1629e-08
5.7,10.7,0,3.93263,0.0596833,-2.29234e-08
5.7,10.8,0,3.93008,0.0561939,-4.46996e-08
5.7,10.9,0,3.92791,0.0521879,-5.18358e-08
5.7,11,0,3.92575,0.0481731,-5.87238e-08
5.7,11.1,0,3.92374,0.0448155,-4.20988e-08
5.7,11.2,0,3.92197,0.0413802,-3.99493e-08
5.7,11.3,0,3.92032,0.0377731,-5.0718e-08
5.7,11.4,0,3.91873,0.0344745,-6.58956e-08
5.7,11.5,0,3.91731,0.0315251,-7.37335e-08
5.7,11.6,0,3.91608,0.0282882,-4.62783e-08
5.7,11.7,0,3.91471,0.0250823,-1.971e-08
5.7,11.8,0,3.91076,0.0224648,-9.99359e-09
5.7,11.9,0,3.907,0.0195191,6.41287e-09
5.7,12,0,3.90326,0.0165498,2.32972e-08
5.7,12.1,0,3.84469,0.0139933,4.33681e-08
5.7,12.2,0,3.76284,0.0114221,1.86147e-08
5.7,12.3,0,3.68114,0.00871388,-3.91316e-08
5.7,12.4,0,3.24851,0.00630064,-9.11838e-08
5.7,12.5,0,2.16465,0.00436158,-1.10134e-07
5.7,12.6,0,1.08232,0.00218079,-5.50672e-08
5.7,12.7,0,0,0,0
5.8,0,0,0,0,0
5.8,0.1,0,1.4146,-0.00291419,4.601e-08
5.8,0.2,0,2.82768,-0.00609057,4.106e-08
5.8,0.3,0,3.62275,-0.0100361,-3.014e-08
5.8,0.4,0,3.80282,-0.0142264,-6.567e-08
5.8,0.5,0,3.982,-0.018949,-6.27292e-08
5.8,0.6,0,3.99503,-0.0236041,-4.30992e-08
5.8,0.7,0,4.00791,-0.0284652,-3.11792e-08
5.8,0.8,0,4.01551,-0.0335843,-1.01692e-08
5.8,0.9,0,4.01814,-0.0385494,3.53508e-08
5.8,1,0,4.02032,-0.0440633,6.03708e-08
5.8,1.1,0,4.02322,-0.0495099,9.40608e-08
5.8,1.2,0,4.02589,-0.0552072,1.27343e-07
5.8,1.3,0,4.02883,-0.061318,1.73428e-07
5.8,1.4,0,4.03248,-0.0673409,2.33133e-07
5.8,1.5,0,4.03539,-0.0740738,2.67971e-07
5.8,1.6,0,4.03992,-0.0808292,2.86866e-07
5.8,1.7,0,4.04408,-0.0879147,3.15982e-07
5.8,1.8,0,4.04856,-0.0956193,3.1159e-07
5.8,1.9,0,4.05411,-0.103283,2.53245e-07
5.8,2,0,4.0585,-0.111908,2.51104e-07
5.8,2.1,0,4.06527,-0.120654,2.03479e-07
5.8,2.2,0,4.07144,-0.129872,1.64171e-07
5.8,2.3,0,4.07806,-0.139967,1.40558e-07
5.8,2.4,0,4.08629,-0.149992,1.16008e-07
5.8,2.5,0,4.09267,-0.16154,1.37167e-07
5.8,2.6,0,4.1028,-0.172963,9.90617e-08
5.8,2.7,0,4.11196,-0.185243,1.00807e-07
5.8,2.8,0,4.12187,-0.19889,1.19599e-07
5.8,2.9,0,4.13446,-0.212193,7.57392e-08
5.8,3,0,4.14393,-0.228527,1.05921e-07
5.8,3.1,0,4.15959,-0.244057,9.64933e-08
5.8,3.2,0,4.17354,-0.261029,7.06658e-08
5.8,3.3,0,4.18673,-0.278081,5.56071e-08
5.8,3.4,0,4.2026,-0.292325,8.41171e-08
5.8,3.5,0,4.21499,-0.31406,-6.45625e-09
5.8,3.6,0,4.23154,-0.340983,2.03763e-08
5.8,3.7,0,4.24738,-0.369635,4.84708e-09
5.8,3.8,0,4.25312,-0.388115,8.47083e-09
5.8,3.9,0,4.2502,-0.392963,1.15971e-07
5.8,4,0,4.25397,-0.404965,1.22263e-07
5.8,4.1,0,4.23433,-0.441463,3.76913e-07
5.8,4.2,0,4.22406,-0.47928,5.66841e-07
5.8,4.3,0,4.2057,-0.472705,6.72583e-07
5.8,4.4,0,4.16052,-0.4191,8.23583e-07
5.8,4.5,0,4.12923,-0.359708,9.11667e-07
5.8,4.6,0,3.89925,-0.421383,4.08667e-07
5.8,4.7,0,3.67685,-0.478819,1.26667e-07
5.8,4.8,0,2.86571,-0.407183,1.90917e-07
5.8,4.9,0,1.45067,-0.214958,1.59417e-07
5.8,5,0,0,0,0
5.8,6,0,8.21977e-16,1.05442e-16,1.11022e-24
5.8,6.1,0,1.10503,0.141752,1.49254e-09
5.8,6.2,0,2.21006,0.283505,2.98507e-09
5.8,6.3,0,3.33182,0.483726,5.59701e-08
5.8,6.4,0,3.82587,0.536126,1.4791e-07
5.8,6.5,0,3.97918,0.499348,2.52388e-07
5.8,6.6,0,4.1216,0.451445,3.08358e-07
5.8,6.7,0,4.21634,0.416104,2.7131e-07
5.8,6.8,0,4.23538,0.446419,1.75675e-07
5.8,6.9,0,4.25353,0.475808,8.41779e-08
5.8,7,0,4.25919,0.492226,5.05958e-08
5.8,7.1,0,4.24943,0.458344,-1.80633e-08
5.8,7.2,0,4.23885,0.421816,-8.85685e-08
5.8,7.3,0,4.22297,0.378439,-1.42399e-07
5.8,7.4,0,4.20758,0.356402,-1.44191e-07
5.8,7.5,0,4.1939,0.350395,-1.15683e-07
5.8,7.6,0,4.1819,0.341155,-1.01487e-07
5.8,7.7,0,4.17013,0.324896,-1.07955e-07
5.8,7.8,0,4.15036,0.304342,-1.02264e-07
5.8,7.9,0,4.13067,0.283733,-9.67475e-08
5.8,8,0,4.11599,0.25993,-1.01598e-07
5.8,8.1,0,4.10389,0.249146,-1.12393e-07
5.8,8.2,0,4.09207,0.239809,-1.23848e-07
5.8,8.3,0,4.08236,0.227386,-1.15279e-07
5.8,8.4,0,4.07209,0.214782,-8.42805e-08
5.8,8.5,0,4.06049,0.203294,-4.31238e-08
5.8,8.6,0,4.04984,0.191386,-2.3921e-08
5.8,8.7,0,4.04125,0.179487,-4.22561e-08
5.8,8.8,0,4.03281,0.171248,-2.12449e-08
5.8,8.9,0,4.02437,0.163009,-2.33706e-10
5.8,9,0,4.01745,0.153075,-9.27214e-09
5.8,9.1,0,4.01035,0.14548,-2.18682e-08
5.8,9.2,0,4.00321,0.138309,-3.49093e-08
5.8,9.3,0,3.9969,0.130504,-4.20114e-08
5.8,9.4,0,3.99104,0.12337,-4.9892e-08
5.8,9.5,0,3.98512,0.117301,-6.22428e-08
5.8,9.6,0,3.97946,0.110998,-7.16453e-08
5.8,9.7,0,3.97455,0.10432,-7.34936e-08
5.8,9.8,0,3.96969,0.0991632,-7.84787e-08
5.8,9.9,0,3.96483,0.094006,-8.34637e-08
5.8,10,0,3.96065,0.0881378,-7.6043e-08
5.8,10.1,0,3.95664,0.0833701,-6.42468e-08
5.8,10.2,0,3.95265,0.0788936,-5.16386e-08
5.8,10.3,0,3.949,0.0740382,-2.89974e-08
5.8,10.4,0,3.94568,0.0694375,-2.22015e-09
5.8,10.5,0,3.94246,0.0655022,2.02351e-08
5.8,10.6,0,3.93933,0.0614384,3.80376e-08
5.8,10.7,0,3.9366,0.0570136,3.67432e-08
5.8,10.8,0,3.93405,0.0535242,1.49671e-08
5.8,10.9,0,3.9315,0.0500348,-6.80902e-09
5.8,11,0,3.92929,0.0460901,-1.56822e-08
5.8,11.1,0,3.92728,0.0427325,9.42848e-10
5.8,11.2,0,3.92531,0.0395941,2.54055e-08
5.8,11.3,0,3.92351,0.0362135,3.16654e-08
5.8,11.4,0,3.92192,0.0329149,1.64877e-08
5.8,11.5,0,3.92043,0.0300791,-5.3033e-09
5.8,11.6,0,3.91898,0.0271765,-1.88866e-08
5.8,11.7,0,3.91761,0.0239706,7.68165e-09
5.8,11.8,0,3.91365,0.0213531,1.73981e-08
5.8,11.9,0,3.9097,0.0187356,2.71145e-08
5.8,12,0,3.90591,0.0158309,4.26847e-08
5.8,12.1,0,3.84734,0.0132744,6.27556e-08
5.8,12.2,0,3.76528,0.0108948,8.41922e-08
5.8,12.3,0,3.68338,0.0083618,6.86767e-08
5.8,12.4,0,3.25076,0.00594857,1.66245e-08
5.8,12.5,0,2.16642,0.00408307,-2.48531e-08
5.8,12.6,0,1.08232,0.00218079,-5.50672e-08
5.8,12.7,0,0,0,0
5.9,0,0,0,0,0
5.9,0.1,0,1.4146,-0.00291419,4.601e-08
5.9,0.2,0,2.8292,-0.00582838,9.202e-08
5.9,0.3,0,3.62654,-0.00938061,9.726e-08
5.9,0.4,0,3.80661,-0.0135709,6.173e-08
5.9,0.5,0,3.98669,-0.0177612,2.62e-08
5.9,0.6,0,3.99973,-0.0224163,4.583e-08
5.9,0.7,0,4.01277,-0.0270714,6.546e-08
5.9,0.8,0,4.0206,-0.0318816,9.8035e-08
5.9,0.9,0,4.02323,-0.0368468,1.43555e-07
5.9,1,0,4.02585,-0.0418119,1.89075e-07
5.9,1.1,0,4.02875,-0.0472585,2.22765e-07
5.9,1.2,0,4.03165,-0.0527051,2.56455e-07
5.9,1.3,0,4.03492,-0.0584398,3.03153e-07
5.9,1.4,0,4.03857,-0.0644627,3.62858e-07
5.9,1.5,0,4.04222,-0.0704856,4.22563e-07
5.9,1.6,0,4.04675,-0.0772409,4.41458e-07
5.9,1.7,0,4.05127,-0.0839962,4.60352e-07
5.9,1.8,0,4.05631,-0.0912056,4.40627e-07
5.9,1.9,0,4.06185,-0.0988691,3.82282e-07
5.9,2,0,4.0674,-0.106533,3.23937e-07
5.9,2.1,0,4.07416,-0.115278,2.76312e-07
5.9,2.2,0,4.08093,-0.124023,2.28687e-07
5.9,2.3,0,4.08842,-0.133409,1.926e-07
5.9,2.4,0,4.09665,-0.143435,1.6805e-07
5.9,2.5,0,4.10488,-0.15346,1.435e-07
5.9,2.6,0,4.11502,-0.164884,1.05395e-07
5.9,2.7,0,4.12515,-0.176307,6.729e-08
5.9,2.8,0,4.13651,-0.188671,2.63075e-08
5.9,2.9,0,4.1491,-0.201973,-1.75525e-08
5.9,3,0,4.16169,-0.215276,-6.14125e-08
5.9,3.1,0,4.17734,-0.230805,-7.084e-08
5.9,3.2,0,4.193,-0.246335,-8.02675e-08
5.9,3.3,0,4.20877,-0.261222,-7.07262e-08
5.9,3.4,0,4.22463,-0.275466,-4.22162e-08
5.9,3.5,0,4.24049,-0.289711,-1.37062e-08
5.9,3.6,0,4.25705,-0.316634,1.31263e-08
5.9,3.7,0,4.2736,-0.343557,3.99588e-08
5.9,3.8,0,4.28042,-0.359442,1.07125e-07
5.9,3.9,0,4.2775,-0.36429,2.14625e-07
5.9,4,0,4.27458,-0.369138,3.22125e-07
5.9,4.1,0,4.25494,-0.405637,5.76775e-07
5.9,4.2,0,4.23531,-0.442135,8.31425e-07
5.9,4.3,0,4.2029,-0.433582,1.03425e-06
5.9,4.4,0,4.15772,-0.379978,1.18525e-06
5.9,4.5,0,4.11254,-0.326374,1.33625e-06
5.9,4.6,0,3.88256,-0.38805,8.3325e-07
5.9,4.7,0,3.65258,-0.449725,3.3025e-07
5.9,4.8,0,2.83008,-0.384451,6.3e-08
5.9,4.9,0,1.41504,-0.192225,3.15e-08
5.9,5,0,0,0,0
5.9,6,0,0,0,0
5.9,6.1,0,1.10503,0.141752,1.49254e-09
5.9,6.2,0,2.21006,0.283505,2.98507e-09
5.9,6.3,0,3.31509,0.425257,4.47761e-09
5.9,6.4,0,3.80151,0.450965,7.29104e-08
5.9,6.5,0,3.95482,0.414187,1.77388e-07
5.9,6.6,0,4.10813,0.37741,2.81866e-07
5.9,6.7,0,4.22116,0.36076,3.2631e-07
5.9,6.8,0,4.2402,0.391075,2.30675e-07
5.9,6.9,0,4.25924,0.42139,1.35041e-07
5.9,7,0,4.27828,0.451705,3.94067e-08
5.9,7.1,0,4.26918,0.418519,-3.2355e-08
5.9,7.2,0,4.2586,0.38199,-1.0286e-07
5.9,7.3,0,4.24803,0.345461,-1.73365e-07
5.9,7.4,0,4.23559,0.327246,-1.84463e-07
5.9,7.5,0,4.22191,0.32124,-1.55956e-07
5.9,7.6,0,4.20823,0.315233,-1.27448e-07
5.9,7.7,0,4.19303,0.30559,-1.04645e-07
5.9,7.8,0,4.17326,0.285035,-9.89528e-08
5.9,7.9,0,4.15348,0.26448,-9.3261e-08
5.9,8,0,4.13371,0.243925,-8.75692e-08
5.9,8.1,0,4.1211,0.233466,-9.73097e-08
5.9,8.2,0,4.10928,0.224129,-1.08765e-07
5.9,8.3,0,4.09747,0.214792,-1.2022e-07
5.9,8.4,0,4.08577,0.204271,-1.02739e-07
5.9,8.5,0,4.07418,0.192783,-6.15821e-08
5.9,8.6,0,4.06259,0.181295,-2.04254e-08
5.9,8.7,0,4.05163,0.170456,1.67022e-08
5.9,8.8,0,4.04319,0.162217,3.77134e-08
5.9,8.9,0,4.03475,0.153978,5.87246e-08
5.9,9,0,4.02631,0.145739,7.97358e-08
5.9,9.1,0,4.01897,0.138408,7.18026e-08
5.9,9.2,0,4.01183,0.131236,5.87616e-08
5.9,9.3,0,4.00469,0.124065,4.57205e-08
5.9,9.4,0,3.99816,0.117445,3.30246e-08
5.9,9.5,0,3.99223,0.111376,2.06739e-08
5.9,9.6,0,3.98631,0.105307,8.32313e-09
5.9,9.7,0,3.98055,0.0993751,-2.92276e-09
5.9,9.8,0,3.97568,0.0942179,-7.90784e-09
5.9,9.9,0,3.97082,0.0890606,-1.28929e-08
5.9,10,0,3.96596,0.0839034,-1.7878e-08
5.9,10.1,0,3.9618,0.0792908,-8.78843e-09
5.9,10.2,0,3.95781,0.0748143,3.81978e-09
5.9,10.3,0,3.95383,0.0703379,1.6428e-08
5.9,10.4,0,3.95018,0.0661049,3.34674e-08
5.9,10.5,0,3.94696,0.0621697,5.59226e-08
5.9,10.6,0,3.94373,0.0582345,7.83778e-08
5.9,10.7,0,3.94057,0.0543438,9.64099e-08
5.9,10.8,0,3.93802,0.0508544,7.46338e-08
5.9,10.9,0,3.93547,0.0473651,5.28576e-08
5.9,11,0,3.93292,0.0438757,3.10815e-08
5.9,11.1,0,3.93081,0.0406495,4.39845e-08
5.9,11.2,0,3.92885,0.0375111,6.84472e-08
5.9,11.3,0,3.92688,0.0343726,9.29099e-08
5.9,11.4,0,3.92511,0.0313552,9.88711e-08
5.9,11.5,0,3.92361,0.0285195,7.708e-08
5.9,11.6,0,3.92212,0.0256837,5.5289e-08
5.9,11.7,0,3.9205,0.0228588,3.50733e-08
5.9,11.8,0,3.91655,0.0202414,4.47897e-08
5.9,11.9,0,3.91259,0.0176239,5.45062e-08
5.9,12,0,3.90863,0.0150064,6.42226e-08
5.9,12.1,0,3.85,0.0125554,8.21431e-08
5.9,12.2,0,3.76794,0.0101758,1.0358e-07
5.9,12.3,0,3.68587,0.00779617,1.25016e-07
5.9,12.4,0,3.25301,0.00559649,1.24433e-07
5.9,12.5,0,2.16867,0.00373099,8.29552e-08
5.9,12.6,0,1.08434,0.0018655,4.14776e-08
5.9,12.7,0,0,0,0
6,0,0,0,0,0
6,0.1,0,1.41757,-0.00213719,7.15517e-08
6,0.2,0,2.83217,-0.00505138,1.17562e-07
6,0.3,0,3.63013,-0.00819779,1.58272e-07
6,0.4,0,3.81061,-0.0121175,1.46388e-07
6,0.5,0,3.99069,-0.0163078,1.10858e-07
6,0.6,0,4.00414,-0.0202894,9.18758e-08
6,0.7,0,4.01718,-0.0249446,1.11506e-07
6,0.8,0,4.02523,-0.0293247,7.68508e-08
6,0.9,0,4.02801,-0.0340032,7.75508e-08
6,1,0,4.03064,-0.0389684,1.23071e-07
6,1.1,0,4.034,-0.0436034,5.76317e-08
6,1.2,0,4.0369,-0.0490499,9.13217e-08
6,1.3,0,4.04053,-0.0542307,8.04517e-08
6,1.4,0,4.04442,-0.0598843,1.01778e-07
6,1.5,0,4.04807,-0.0659072,1.61483e-07
6,1.6,0,4.05333,-0.0715924,1.3727e-07
6,1.7,0,4.05786,-0.0783477,1.56165e-07
6,1.8,0,4.06342,-0.0847897,1.92417e-07
6,1.9,0,4.06932,-0.0919415,1.71391e-07
6,2,0,4.07486,-0.0996049,1.13046e-07
6,2.1,0,4.08268,-0.106842,1.71084e-07
6,2.2,0,4.08945,-0.115587,1.23459e-07
6,2.3,0,4.09765,-0.123842,1.02372e-07
6,2.4,0,4.10635,-0.133114,8.78217e-08
6,2.5,0,4.11458,-0.14314,6.32717e-08
6,2.6,0,4.12588,-0.152192,4.29083e-09
6,2.7,0,4.13602,-0.163615,-3.38142e-08
6,2.8,0,4.14792,-0.174001,-7.50667e-08
6,2.9,0,4.16088,-0.185985,-1.19107e-07
6,3,0,4.17347,-0.199287,-1.62967e-07
6,3.1,0,4.18974,-0.211698,-1.4293e-07
6,3.2,0,4.2054,-0.227228,-1.52357e-07
6,3.3,0,4.22102,-0.238227,-1.42173e-07
6,3.4,0,4.23679,-0.24988,-1.13235e-07
6,3.5,0,4.25265,-0.264124,-8.4725e-08
6,3.6,0,4.26699,-0.284086,-6.37529e-08
6,3.7,0,4.28354,-0.311009,-3.69204e-08
6,3.8,0,4.29137,-0.322457,2.12983e-08
6,3.9,0,4.28913,-0.324346,1.22833e-07
6,4,0,4.28621,-0.329194,2.30333e-07
6,4.1,0,4.26435,-0.364599,4.80942e-07
6,4.2,0,4.24472,-0.401097,7.35592e-07
6,4.3,0,4.20369,-0.412049,8.78417e-07
6,4.4,0,4.15277,-0.371448,9.89417e-07
6,4.5,0,4.10759,-0.317843,1.14042e-06
6,4.6,0,3.80206,-0.410518,5.32e-07
6,4.7,0,3.57208,-0.472194,2.9e-08
6,4.8,0,2.79788,-0.393438,-5.75e-08
6,4.9,0,1.41504,-0.192225,3.15e-08
6,5,0,0,0,0
6,6,0,0,0,0
6,6.1,0,1.10344,0.122785,-2.61194e-08
6,6.2,0,2.20829,0.262324,-2.78483e-08
6,6.3,0,3.31332,0.404077,-2.63557e-08
6,6.4,0,3.8013,0.412056,4.24129e-09
6,6.5,0,3.95573,0.36255,8.15547e-08
6,6.6,0,4.10904,0.325772,1.86032e-07
6,6.7,0,4.22316,0.310374,2.70439e-07
6,6.8,0,4.24517,0.344097,2.83592e-07
6,6.9,0,4.26421,0.374412,1.87958e-07
6,7,0,4.28325,0.404727,9.23234e-08
6,7.1,0,4.27889,0.382431,6.13975e-08
6,7.2,0,4.26914,0.347813,-1.94352e-09
6,7.3,0,4.25857,0.311284,-7.24487e-08
6,7.4,0,4.24602,0.298965,-9.22643e-08
6,7.5,0,4.23224,0.298035,-7.12639e-08
6,7.6,0,4.21856,0.292029,-4.27564e-08
6,7.7,0,4.20359,0.2835,-1.12215e-08
6,7.8,0,4.1846,0.26681,2.47389e-08
6,7.9,0,4.16483,0.246255,3.04307e-08
6,8,0,4.14505,0.225701,3.61225e-08
6,8.1,0,4.13129,0.219375,3.61678e-08
6,8.2,0,4.1192,0.211033,2.70684e-08
6,8.3,0,4.10738,0.201696,1.56132e-08
6,8.4,0,4.0949,0.192173,-7.99129e-09
6,8.5,0,4.08249,0.181712,-9.16542e-09
6,8.6,0,4.0709,0.170223,3.19913e-08
6,8.7,0,4.05974,0.159846,6.641e-08
6,8.8,0,4.0504,0.153719,7.50051e-08
6,8.9,0,4.04196,0.14548,9.60163e-08
6,9,0,4.03352,0.137241,1.17027e-07
6,9.1,0,4.02525,0.130951,1.35895e-07
6,9.2,0,4.01781,0.124107,1.31262e-07
6,9.3,0,4.01067,0.116936,1.18221e-07
6,9.4,0,4.00375,0.110897,1.01508e-07
6,9.5,0,3.99735,0.105547,8.4203e-08
6,9.6,0,3.99143,0.0994779,7.18523e-08
6,9.7,0,3.98557,0.0936896,6.03008e-08
6,9.8,0,3.9801,0.0894582,5.33463e-08
6,9.9,0,3.97524,0.084301,4.83613e-08
6,10,0,3.97038,0.0791437,4.33762e-08
6,10.1,0,3.96581,0.0751677,1.75135e-08
6,10.2,0,3.96166,0.0709432,1.62864e-08
6,10.3,0,3.95768,0.0664667,2.88947e-08
6,10.4,0,3.95385,0.0625457,3.28958e-08
6,10.5,0,3.95036,0.0590724,3.60351e-08
6,10.6,0,3.94713,0.0551372,5.84903e-08
6,10.7,0,3.94394,0.0513068,7.86239e-08
6,10.8,0,3.94107,0.0484197,7.78627e-08
6,10.9,0,3.93851,0.0449403,5.64368e-08
6,11,0,3.93596,0.041451,3.46607e-08
6,11.1,0,3.93366,0.0386219,1.64835e-08
6,11.2,0,3.9316,0.0356776,2.57514e-08
6,11.3,0,3.92963,0.0325392,5.02141e-08
6,11.4,0,3.92777,0.0297058,7.01693e-08
6,11.5,0,3.92613,0.0271997,7.34509e-08
6,11.6,0,3.92464,0.0243639,5.16598e-08
6,11.7,0,3.92301,0.0215596,3.08783e-08
6,11.8,0,3.91886,0.019354,2.92775e-08
6,11.9,0,3.91489,0.016764,3.82395e-08
6,12,0,3.91094,0.0141465,4.79559e-08
6,12.1,0,3.85205,0.0119666,8.09865e-08
6,12.2,0,3.76983,0.00974828,1.11417e-07
6,12.3,0,3.68776,0.00736866,1.32854e-07
6,12.4,0,3.25431,0.00530298,1.29814e-07
6,12.5,0,2.16867,0.00373099,8.29552e-08
6,12.6,0,1.08434,0.0018655,4.14776e-08
6,12.7,0,0,0,0
6.1,0,0,0,0,0
6.1,0.1,0,1.41817,-0.00198179,7.666e-08
6.1,0.2,0,2.83515,-0.00427439,1.43103e-07
6.1,0.3,0,3.6331,-0.00742079,1.83813e-07
6.1,0.4,0,3.81441,-0.0107994,2.19223e-07
6.1,0.5,0,3.99469,-0.0148544,1.95517e-07
6.1,0.6,0,4.00822,-0.0187013,1.68812e-07
6.1,0.7,0,4.02159,-0.0228177,1.57552e-07
6.1,0.8,0,4.02964,-0.0271978,1.22897e-07
6.1,0.9,0,4.03271,-0.031303,3.39567e-08
6.1,1,0,4.03542,-0.0361248,5.70667e-08
6.1,1.1,0,4.03887,-0.0405975,-2.81983e-08
6.1,1.2,0,4.04215,-0.0453948,-7.38117e-08
6.1,1.3,0,4.04578,-0.0505756,-8.46817e-08
6.1,1.4,0,4.05015,-0.0554906,-1.40112e-07
6.1,1.5,0,4.05392,-0.0613288,-9.95958e-08
6.1,1.6,0,4.05933,-0.0668,-1.32431e-07
6.1,1.7,0,4.06445,-0.0726992,-1.48022e-07
6.1,1.8,0,4.07001,-0.0791411,-1.1177e-07
6.1,1.9,0,4.07661,-0.0852696,-5.816e-08
6.1,2,0,4.08233,-0.0926773,-9.78458e-08
6.1,2.1,0,4.09036,-0.0996127,-1.86748e-08
6.1,2.2,0,4.09797,-0.107151,1.82308e-08
6.1,2.3,0,4.10618,-0.115406,-2.85667e-09
6.1,2.4,0,4.11582,-0.12317,2.59333e-09
6.1,2.5,0,4.12428,-0.132819,-1.69567e-08
6.1,2.6,0,4.13582,-0.141397,-8.01127e-08
6.1,2.7,0,4.14688,-0.150923,-1.34918e-07
6.1,2.8,0,4.15879,-0.161309,-1.76171e-07
6.1,2.9,0,4.17247,-0.170656,-2.20571e-07
6.1,3,0,4.18525,-0.183299,-2.64521e-07
6.1,3.1,0,4.20164,-0.195086,-2.38591e-07
6.1,3.2,0,4.21779,-0.208121,-2.24447e-07
6.1,3.3,0,4.23341,-0.21912,-2.14263e-07
6.1,3.4,0,4.249,-0.225589,-1.84468e-07
6.1,3.5,0,4.26481,-0.238537,-1.55744e-07
6.1,3.6,0,4.2787,-0.257107,-1.35944e-07
6.1,3.7,0,4.29348,-0.278461,-1.138e-07
6.1,3.8,0,4.30131,-0.289909,-5.55808e-08
6.1,3.9,0,4.30042,-0.285881,3.40242e-08
6.1,4,0,4.29784,-0.28925,1.38542e-07
6.1,4.1,0,4.27554,-0.324435,3.88342e-07
6.1,4.2,0,4.25413,-0.360059,6.39758e-07
6.1,4.3,0,4.21311,-0.37101,7.82583e-07
6.1,4.4,0,4.1507,-0.356416,8.13583e-07
6.1,4.5,0,4.10265,-0.309313,9.44583e-07
6.1,4.6,0,3.782,-0.408188,3.15083e-07
6.1,4.7,0,3.49158,-0.494662,-2.7225e-07
6.1,4.8,0,2.71737,-0.415907,-3.5875e-07
6.1,4.9,0,1.39894,-0.196719,-2.875e-08
6.1,5,0,0,0,0
6.1,6,0,0,0,0
6.1,6.1,0,1.10344,0.122785,-2.61194e-08
6.1,6.2,0,2.20689,0.24557,-5.22388e-08
6.1,6.3,0,3.31155,0.382896,-5.71891e-08
6.1,6.4,0,3.79953,0.390875,-2.6592e-08
6.1,6.5,0,3.95524,0.326823,1.96766e-08
6.1,6.6,0,4.10996,0.274134,9.0199e-08
6.1,6.7,0,4.22408,0.258736,1.74606e-07
6.1,6.8,0,4.24676,0.293224,2.1218e-07
6.1,6.9,0,4.26919,0.327433,2.40874e-07
6.1,7,0,4.28823,0.357748,1.4524e-07
6.1,7.1,0,4.28387,0.335452,1.14314e-07
6.1,7.2,0,4.27827,0.310387,8.6794e-08
6.1,7.3,0,4.26911,0.277107,2.84679e-08
6.1,7.4,0,4.25656,0.264787,8.6524e-09
6.1,7.5,0,4.24269,0.268607,2.263e-08
6.1,7.6,0,4.22889,0.268824,4.19352e-08
6.1,7.7,0,4.21392,0.260295,7.34701e-08
6.1,7.8,0,4.19505,0.2442,1.14087e-07
6.1,7.9,0,4.17617,0.22803,1.54122e-07
6.1,8,0,4.15639,0.207476,1.59814e-07
6.1,8.1,0,4.14263,0.20115,1.59859e-07
6.1,8.2,0,4.12953,0.196406,1.59277e-07
6.1,8.3,0,4.11729,0.1886,1.51447e-07
6.1,8.4,0,4.10481,0.179077,1.27842e-07
6.1,8.5,0,4.09178,0.169401,9.42973e-08
6.1,8.6,0,4.07921,0.159152,8.4408e-08
6.1,8.7,0,4.06805,0.148774,1.18827e-07
6.1,8.8,0,4.05863,0.142839,1.26293e-07
6.1,8.9,0,4.0492,0.136904,1.33759e-07
6.1,9,0,4.04073,0.128742,1.54319e-07
6.1,9.1,0,4.03246,0.122453,1.73186e-07
6.1,9.2,0,4.02421,0.116508,1.91675e-07
6.1,9.3,0,4.01665,0.109807,1.90721e-07
6.1,9.4,0,4.00973,0.103768,1.74008e-07
6.1,9.5,0,4.00304,0.0988638,1.53624e-07
6.1,9.6,0,3.99655,0.0936487,1.35381e-07
6.1,9.7,0,3.99069,0.0878604,1.2383e-07
6.1,9.8,0,3.9852,0.0836609,1.16808e-07
6.1,9.9,0,3.97971,0.0794615,1.09785e-07
6.1,10,0,3.97479,0.0743841,1.0463e-07
6.1,10.1,0,3.97023,0.070408,7.87677e-08
6.1,10.2,0,3.96573,0.0667272,4.76856e-08
6.1,10.3,0,3.96153,0.0625956,4.13613e-08
6.1,10.4,0,3.9577,0.0586745,4.53624e-08
6.1,10.5,0,3.95407,0.0554323,3.88438e-08
6.1,10.6,0,3.95053,0.0520399,3.86028e-08
6.1,10.7,0,3.94734,0.0482095,5.87364e-08
6.1,10.8,0,3.94447,0.0453224,5.79752e-08
6.1,10.9,0,3.9416,0.0424353,5.7214e-08
6.1,11,0,3.939,0.0390262,3.82399e-08
6.1,11.1,0,3.9367,0.0361972,2.00626e-08
6.1,11.2,0,3.93447,0.0335883,3.08501e-09
6.1,11.3,0,3.93238,0.0307058,7.51822e-09
6.1,11.4,0,3.93052,0.0278724,2.74734e-08
6.1,11.5,0,3.92882,0.0254966,4.06675e-08
6.1,11.6,0,3.92715,0.0230441,4.80307e-08
6.1,11.7,0,3.92553,0.0202399,2.72491e-08
6.1,11.8,0,3.92138,0.0180342,2.56484e-08
6.1,11.9,0,3.91723,0.0158286,2.40476e-08
6.1,12,0,3.91324,0.0132866,3.16892e-08
6.1,12.1,0,3.85435,0.0111067,6.47198e-08
6.1,12.2,0,3.77192,0.00911427,1.07742e-07
6.1,12.3,0,3.68966,0.00694116,1.40691e-07
6.1,12.4,0,3.2562,0.00487548,1.37651e-07
6.1,12.5,0,2.17017,0.00339282,8.9155e-08
6.1,12.6,0,1.08434,0.0018655,4.14776e-08
6.1,12.7,0,0,0,0
6.2,0,0,0,0,0
6.2,0.1,0,1.41817,-0.00198179,7.666e-08
6.2,0.2,0,2.83634,-0.00396359,1.5332e-07
6.2,0.3,0,3.63608,-0.0066438,2.09355e-07
6.2,0.4,0,3.81738,-0.0100224,2.44765e-07
6.2,0.5,0,3.99869,-0.013401,2.80175e-07
6.2,0.6,0,4.01222,-0.017248,2.5347e-07
6.2,0.7,0,4.02576,-0.0210949,2.26765e-07
6.2,0.8,0,4.03406,-0.0250709,1.68942e-07
6.2,0.9,0,4.03713,-0.0291761,8.00025e-08
6.2,1,0,4.04019,-0.0332812,-8.9375e-09
6.2,1.1,0,4.04366,-0.0377539,-9.42025e-08
6.2,1.2,0,4.04711,-0.0422266,-1.79468e-07
6.2,1.3,0,4.05103,-0.0469204,-2.49815e-07
6.2,1.4,0,4.0554,-0.0518355,-3.05245e-07
6.2,1.5,0,4.05976,-0.0567505,-3.60675e-07
6.2,1.6,0,4.06518,-0.0622216,-3.9351e-07
6.2,1.7,0,4.07059,-0.0676928,-4.26345e-07
6.2,1.8,0,4.0766,-0.0734926,-4.15957e-07
6.2,1.9,0,4.0832,-0.0796211,-3.62347e-07
6.2,2,0,4.0898,-0.0857496,-3.08737e-07
6.2,2.1,0,4.09783,-0.0926851,-2.29566e-07
6.2,2.2,0,4.10586,-0.0996205,-1.50396e-07
6.2,2.3,0,4.1147,-0.10697,-1.08085e-07
6.2,2.4,0,4.12434,-0.114734,-1.02635e-07
6.2,2.5,0,4.13399,-0.122498,-9.7185e-08
6.2,2.6,0,4.14552,-0.131076,-1.60341e-07
6.2,2.7,0,4.15705,-0.139654,-2.23497e-07
6.2,2.8,0,4.16966,-0.148617,-2.77275e-07
6.2,2.9,0,4.18334,-0.157964,-3.21675e-07
6.2,3,0,4.19702,-0.167311,-3.66075e-07
6.2,3.1,0,4.21342,-0.179098,-3.40145e-07
6.2,3.2,0,4.22981,-0.190885,-3.14215e-07
6.2,3.3,0,4.2458,-0.200013,-2.86352e-07
6.2,3.4,0,4.26139,-0.206482,-2.56557e-07
6.2,3.5,0,4.27697,-0.21295,-2.26762e-07
6.2,3.6,0,4.29086,-0.23152,-2.06962e-07
6.2,3.7,0,4.30475,-0.25009,-1.87163e-07
6.2,3.8,0,4.31125,-0.257361,-1.3246e-07
6.2,3.9,0,4.31036,-0.253333,-4.2855e-08
6.2,4,0,4.30947,-0.249306,4.675e-08
6.2,4.1,0,4.28717,-0.284491,2.9655e-07
6.2,4.2,0,4.26487,-0.319677,5.4635e-07
6.2,4.3,0,4.22252,-0.329972,6.8675e-07
6.2,4.4,0,4.16011,-0.315377,7.1775e-07
6.2,4.5,0,4.0977,-0.300782,7.4875e-07
6.2,4.6,0,3.77706,-0.399657,1.1925e-07
6.2,4.7,0,3.45641,-0.498532,-5.1025e-07
6.2,4.8,0,2.63687,-0.438375,-6.6e-07
6.2,4.9,0,1.31844,-0.219188,-3.3e-07
6.2,5,0,0,0,0
6.2,6,0,0,0,0
6.2,6.1,0,1.10344,0.122785,-2.61194e-08
6.2,6.2,0,2.20689,0.24557,-5.22388e-08
6.2,6.3,0,3.31033,0.368355,-7.83582e-08
6.2,6.4,0,3.79775,0.369695,-5.74254e-08
6.2,6.5,0,3.95347,0.305642,-1.11567e-08
6.2,6.6,0,4.10919,0.241589,3.51119e-08
6.2,6.7,0,4.22499,0.207099,7.87724e-08
6.2,6.8,0,4.24767,0.241586,1.16347e-07
6.2,6.9,0,4.27035,0.276074,1.53922e-07
6.2,7,0,4.29303,0.310561,1.91496e-07
6.2,7.1,0,4.28884,0.288474,1.67231e-07
6.2,7.2,0,4.28325,0.263409,1.39711e-07
6.2,7.3,0,4.27765,0.238344,1.12191e-07
6.2,7.4,0,4.2671,0.23061,1.09569e-07
6.2,7.5,0,4.25323,0.23443,1.23547e-07
6.2,7.6,0,4.23937,0.238249,1.37524e-07
6.2,7.7,0,4.22425,0.23709,1.58162e-07
6.2,7.8,0,4.20538,0.220995,1.98779e-07
6.2,7.9,0,4.18651,0.2049,2.39396e-07
6.2,8,0,4.16764,0.188805,2.80013e-07
6.2,8.1,0,4.15397,0.182925,2.83551e-07
6.2,8.2,0,4.14087,0.178181,2.82969e-07
6.2,8.3,0,4.12778,0.173437,2.82387e-07
6.2,8.4,0,4.11472,0.165981,2.63675e-07
6.2,8.5,0,4.10169,0.156306,2.30131e-07
6.2,8.6,0,4.08867,0.14663,1.96586e-07
6.2,8.7,0,4.07636,0.137703,1.71243e-07
6.2,8.8,0,4.06694,0.131768,1.7871e-07
6.2,8.9,0,4.05751,0.125833,1.86176e-07
6.2,9,0,4.04809,0.119898,1.93643e-07
6.2,9.1,0,4.03967,0.113954,2.10478e-07
6.2,9.2,0,4.03143,0.108009,2.28967e-07
6.2,9.3,0,4.02318,0.102064,2.47456e-07
6.2,9.4,0,4.01571,0.0966394,2.46508e-07
6.2,9.5,0,4.00902,0.0917347,2.26124e-07
6.2,9.6,0,4.00232,0.0868301,2.05739e-07
6.2,9.7,0,3.99581,0.0820312,1.87359e-07
6.2,9.8,0,3.99032,0.0778317,1.80337e-07
6.2,9.9,0,3.98482,0.0736323,1.73314e-07
6.2,10,0,3.97933,0.0694329,1.66292e-07
6.2,10.1,0,3.97464,0.0656483,1.40022e-07
6.2,10.2,0,3.97015,0.0619676,1.0894e-07
6.2,10.3,0,3.96565,0.0582868,7.78576e-08
6.2,10.4,0,3.96155,0.0548034,5.78291e-08
6.2,10.5,0,3.95792,0.0515612,5.13104e-08
6.2,10.6,0,3.9543,0.0483189,4.47918e-08
6.2,10.7,0,3.95075,0.0451122,3.88489e-08
6.2,10.8,0,3.94787,0.0422251,3.80877e-08
6.2,10.9,0,3.945,0.039338,3.73265e-08
6.2,11,0,3.94212,0.0364509,3.65653e-08
6.2,11.1,0,3.93974,0.0337724,2.36418e-08
6.2,11.2,0,3.93751,0.0311635,6.66418e-09
6.2,11.3,0,3.93529,0.0285546,-1.03134e-08
6.2,11.4,0,3.93327,0.026039,-1.52224e-08
6.2,11.5,0,3.93157,0.0236632,-2.02836e-09
6.2,11.6,0,3.92987,0.0212874,1.11657e-08
6.2,11.7,0,3.92804,0.0189201,2.362e-08
6.2,11.8,0,3.92389,0.0167144,2.20192e-08
6.2,11.9,0,3.91975,0.0145088,2.04185e-08
6.2,12,0,3.9156,0.0123032,1.88177e-08
6.2,12.1,0,3.85665,0.0102468,4.84532e-08
6.2,12.2,0,3.77422,0.00825439,9.14756e-08
6.2,12.3,0,3.69179,0.00626198,1.34498e-07
6.2,12.4,0,3.2581,0.00444798,1.45489e-07
6.2,12.5,0,2.17206,0.00296532,9.69925e-08
6.2,12.6,0,1.08603,0.00148266,4.84963e-08
6.2,12.7,0,0,0,0
6.3,0,0,0,0,0
6.3,0.1,0,1.42017,-0.00113792,-1.12636e-07
6.3,0.2,0,2.83834,-0.00311971,-3.59758e-08
6.3,0.3,0,3.63872,-0.00533322,5.16917e-09
6.3,0.4,0,3.82045,-0.00840071,3.06525e-08
6.3,0.5,0,4.00176,-0.0117793,6.60625e-08
6.3,0.6,0,4.01569,-0.014841,5.63075e-08
6.3,0.7,0,4.02923,-0.0186879,2.96025e-08
6.3,0.8,0,4.03769,-0.0221672,2.63925e-08
6.3,0.9,0,4.04087,-0.0259412,-2.61392e-08
6.3,1,0,4.04394,-0.0300463,-1.15079e-07
6.3,1.1,0,4.04773,-0.0335972,-7.81358e-08
6.3,1.2,0,4.05119,-0.0380699,-1.63401e-07
6.3,1.3,0,4.05536,-0.0421414,-2.06521e-07
6.3,1.4,0,4.05989,-0.0466415,-2.43799e-07
6.3,1.5,0,4.06426,-0.0515565,-2.99229e-07
6.3,1.6,0,4.07018,-0.0558646,-3.32772e-07
6.3,1.7,0,4.0756,-0.0613358,-3.65608e-07
6.3,1.8,0,4.08196,-0.0663322,-3.89955e-07
6.3,1.9,0,4.08879,-0.0719251,-3.59502e-07
6.3,2,0,4.0954,-0.0780536,-3.05892e-07
6.3,2.1,0,4.10403,-0.0834583,-2.82166e-07
6.3,2.2,0,4.11206,-0.0903937,-2.02996e-07
6.3,2.3,0,4.1213,-0.0967651,-1.33845e-07
6.3,2.4,0,4.13122,-0.103877,-1.10502e-07
6.3,2.5,0,4.14086,-0.111641,-1.05052e-07
6.3,2.6,0,4.15282,-0.118444,-6.0416e-08
6.3,2.7,0,4.16435,-0.127022,-1.23572e-07
6.3,2.8,0,4.17699,-0.134701,-1.35755e-07
6.3,2.9,0,4.1907,-0.143193,-1.52425e-07
6.3,3,0,4.20438,-0.152541,-1.96825e-07
6.3,3.1,0,4.22023,-0.162805,-1.91562e-07
6.3,3.2,0,4.23662,-0.174592,-1.65632e-07
6.3,3.3,0,4.25241,-0.182897,-1.66694e-07
6.3,3.4,0,4.26786,-0.188816,-1.56182e-07
6.3,3.5,0,4.28344,-0.195285,-1.26388e-07
6.3,3.6,0,4.29577,-0.212201,-1.29629e-07
6.3,3.7,0,4.30966,-0.230771,-1.09829e-07
6.3,3.8,0,4.31917,-0.240965,-1.20302e-07
6.3,3.9,0,4.32028,-0.238886,-7.41467e-08
6.3,4,0,4.31939,-0.234858,1.54583e-08
6.3,4.1,0,4.29793,-0.274151,1.07167e-08
6.3,4.2,0,4.27563,-0.309337,2.60517e-07
6.3,4.3,0,4.21172,-0.334349,2.03417e-07
6.3,4.4,0,4.13494,-0.329564,1.0275e-07
6.3,4.5,0,4.07253,-0.31497,1.3375e-07
6.3,4.6,0,3.66255,-0.391718,7.34167e-08
6.3,4.7,0,3.3419,-0.490593,-5.56083e-07
6.3,4.8,0,2.59107,-0.4352,-6.78333e-07
6.3,4.9,0,1.31844,-0.219188,-3.3e-07
6.3,5,0,0,0,0
6.3,6,0,0,0,0
6.3,6.1,0,1.05273,0.174393,3.73134e-09
6.3,6.2,0,2.15025,0.303198,-1.89055e-08
6.3,6.3,0,3.2537,0.425983,-4.50249e-08
6.3,6.4,0,3.76316,0.405696,-1.16499e-07
6.3,6.5,0,3.9347,0.326116,-1.36573e-07
6.3,6.6,0,4.09042,0.262063,-9.03047e-08
6.3,6.7,0,4.20974,0.219105,-2.64614e-08
6.3,6.8,0,4.24198,0.230541,6.60553e-08
6.3,6.9,0,4.26465,0.265029,1.0363e-07
6.3,7,0,4.28733,0.299516,1.41205e-07
6.3,7.1,0,4.28965,0.273492,1.25962e-07
6.3,7.2,0,4.2852,0.247736,1.00025e-07
6.3,7.3,0,4.2796,0.222671,7.25047e-08
6.3,7.4,0,4.26973,0.21398,5.47041e-08
6.3,7.5,0,4.25645,0.216975,5.56108e-08
6.3,7.6,0,4.24259,0.220795,6.95885e-08
6.3,7.7,0,4.22823,0.22007,7.57713e-08
6.3,7.8,0,4.21201,0.20548,6.6279e-08
6.3,7.9,0,4.19314,0.189384,1.06896e-07
6.3,8,0,4.17427,0.173289,1.47513e-07
6.3,8.1,0,4.16029,0.169302,1.56827e-07
6.3,8.2,0,4.14711,0.165013,1.57636e-07
6.3,8.3,0,4.13402,0.160269,1.57054e-07
6.3,8.4,0,4.12082,0.153665,1.52626e-07
6.3,8.5,0,4.10766,0.144868,1.33797e-07
6.3,8.6,0,4.09463,0.135192,1.00252e-07
6.3,8.7,0,4.08221,0.126674,7.13435e-08
6.3,8.8,0,4.07227,0.122614,6.24639e-08
6.3,8.9,0,4.06284,0.116679,6.99303e-08
6.3,9,0,4.05342,0.110744,7.73967e-08
6.3,9.1,0,4.04437,0.105827,6.33784e-08
6.3,9.2,0,4.03593,0.100204,7.21876e-08
6.3,9.3,0,4.02769,0.0942591,9.06764e-08
6.3,9.4,0,4.01997,0.0894857,9.41876e-08
6.3,9.5,0,4.01298,0.0853843,7.93027e-08
6.3,9.6,0,4.00629,0.0804796,5.89183e-08
6.3,9.7,0,3.9997,0.0758328,4.6582e-08
6.3,9.8,0,3.99377,0.0726129,7.85076e-08
6.3,9.9,0,3.98828,0.0684135,7.14852e-08
6.3,10,0,3.98279,0.064214,6.44628e-08
6.3,10.1,0,3.97779,0.0611265,8.24285e-08
6.3,10.2,0,3.97318,0.0577217,6.88564e-08
6.3,10.3,0,3.96869,0.0540409,3.77743e-08
6.3,10.4,0,3.96445,0.050898,2.169e-08
6.3,10.5,0,3.96062,0.0481603,2.10146e-08
6.3,10.6,0,3.957,0.0449181,1.4496e-08
6.3,10.7,0,3.95342,0.0417769,1.0065e-08
6.3,10.8,0,3.9503,0.0395453,2.44232e-08
6.3,10.9,0,3.94743,0.0366691,2.3914e-08
6.3,11,0,3.94455,0.033782,2.31528e-08
6.3,11.1,0,3.94202,0.0315341,3.11929e-08
6.3,11.2,0,3.93973,0.0291357,2.44642e-08
6.3,11.3,0,3.9375,0.0265268,7.48657e-09
6.3,11.4,0,3.93543,0.0242129,-9.13433e-10
6.3,11.5,0,3.93361,0.0221985,6.02581e-09
6.3,11.6,0,3.93191,0.0198227,1.92198e-08
6.3,11.7,0,3.93007,0.0174782,3.0984e-08
6.3,11.8,0,3.92576,0.01573,1.5581e-08
6.3,11.9,0,3.92161,0.0135548,1.30601e-08
6.3,12,0,3.91746,0.0113492,1.14594e-08
6.3,12.1,0,3.85826,0.00959425,2.92133e-09
6.3,12.2,0,3.77568,0.00778125,2.32214e-08
6.3,12.3,0,3.69325,0.00578883,6.62438e-08
6.3,12.4,0,3.2591,0.00412313,9.86277e-08
6.3,12.5,0,2.17206,0.00296532,9.69925e-08
6.3,12.6,0,1.08603,0.00148266,4.84963e-08
6.3,12.7,0,0,0,0
6.4,0,0,0,0,0
6.4,0.1,0,1.42057,-0.000969143,-1.50495e-07
6.4,0.2,0,2.84033,-0.00227584,-2.25272e-07
6.4,0.3,0,3.64072,-0.00448935,-1.84127e-07
6.4,0.4,0,3.82331,-0.00693457,-1.78497e-07
6.4,0.5,0,4.00483,-0.0101576,-1.4805e-07
6.4,0.6,0,4.01885,-0.0130622,-1.54415e-07
6.4,0.7,0,4.0327,-0.0162809,-1.6756e-07
6.4,0.8,0,4.04116,-0.0197602,-1.7077e-07
6.4,0.9,0,4.04456,-0.0228719,-1.50485e-07
6.4,1,0,4.04768,-0.0268114,-2.21221e-07
6.4,1.1,0,4.05154,-0.0301779,-1.59836e-07
6.4,1.2,0,4.05527,-0.0339131,-1.47334e-07
6.4,1.3,0,4.05944,-0.0379846,-1.90454e-07
6.4,1.4,0,4.06431,-0.0416549,-1.91429e-07
6.4,1.5,0,4.06876,-0.0463625,-2.37783e-07
6.4,1.6,0,4.07478,-0.050438,-2.71468e-07
6.4,1.7,0,4.0806,-0.0549788,-3.0487e-07
6.4,1.8,0,4.08696,-0.0599752,-3.29218e-07
6.4,1.9,0,4.09427,-0.0644969,-3.45077e-07
6.4,2,0,4.10099,-0.0703576,-3.03046e-07
6.4,2.1,0,4.10974,-0.0754561,-2.9041e-07
6.4,2.2,0,4.11826,-0.0811669,-2.55596e-07
6.4,2.3,0,4.1275,-0.0875384,-1.86445e-07
6.4,2.4,0,4.13795,-0.0933458,-1.27315e-07
6.4,2.5,0,4.14773,-0.100784,-1.12918e-07
6.4,2.6,0,4.15978,-0.107232,-4.67243e-08
6.4,2.7,0,4.17165,-0.114389,-2.3647e-08
6.4,2.8,0,4.18429,-0.122069,-3.583e-08
6.4,2.9,0,4.19804,-0.12885,2.96e-09
6.4,3,0,4.21174,-0.13777,-2.7575e-08
6.4,3.1,0,4.22747,-0.14773,-2.6445e-08
6.4,3.2,0,4.24343,-0.1583,-1.70483e-08
6.4,3.3,0,4.25922,-0.166604,-1.81108e-08
6.4,3.4,0,4.2744,-0.171425,-4.61658e-08
6.4,3.5,0,4.28992,-0.177619,-2.60125e-08
6.4,3.6,0,4.30193,-0.194205,-3.38625e-08
6.4,3.7,0,4.31456,-0.211451,-3.24958e-08
6.4,3.8,0,4.32407,-0.221645,-4.29683e-08
6.4,3.9,0,4.32921,-0.223464,-8.37133e-08
6.4,4,0,4.32932,-0.220411,-1.58333e-08
6.4,4.1,0,4.30802,-0.260526,-7.14833e-08
6.4,4.2,0,4.2864,-0.298997,-2.53167e-08
6.4,4.3,0,4.22248,-0.324009,-8.24167e-08
6.4,4.4,0,4.11695,-0.338846,-4.46417e-07
6.4,4.5,0,4.04736,-0.329157,-4.8125e-07
6.4,4.6,0,3.61951,-0.40148,-4.2775e-07
6.4,4.7,0,3.22739,-0.482654,-6.01917e-07
6.4,4.8,0,2.47656,-0.427261,-7.24167e-07
6.4,4.9,0,1.29553,-0.2176,-3.39167e-07
6.4,5,0,0,0,0
6.4,6,0,0,0,0
6.4,6.1,0,1.05273,0.174393,3.73134e-09
6.4,6.2,0,2.10545,0.348785,7.46269e-09
6.4,6.3,0,3.19706,0.483612,-1.16915e-08
6.4,6.4,0,3.70653,0.463325,-8.31654e-08
6.4,6.5,0,3.89615,0.366,-1.79061e-07
6.4,6.6,0,4.07165,0.282538,-2.15721e-07
6.4,6.7,0,4.19097,0.239579,-1.51878e-07
6.4,6.8,0,4.22535,0.245841,-4.70274e-08
6.4,6.9,0,4.25896,0.253984,5.33383e-08
6.4,7,0,4.28164,0.288471,9.09129e-08
6.4,7.1,0,4.28396,0.262447,7.56704e-08
6.4,7.2,0,4.28521,0.233238,5.7648e-08
6.4,7.3,0,4.28155,0.206999,3.28189e-08
6.4,7.4,0,4.27168,0.198307,1.50183e-08
6.4,7.5,0,4.25895,0.200531,3.6974e-09
6.4,7.6,0,4.24581,0.20334,1.65262e-09
6.4,7.7,0,4.23146,0.202615,7.83546e-09
6.4,7.8,0,4.21564,0.188257,-9.36603e-09
6.4,7.9,0,4.19976,0.173869,-2.56039e-08
6.4,8,0,4.18089,0.157774,1.50133e-08
6.4,8.1,0,4.16691,0.153787,2.43272e-08
6.4,8.2,0,4.15347,0.151145,3.01631e-08
6.4,8.3,0,4.14026,0.147101,3.17203e-08
6.4,8.4,0,4.12706,0.140497,2.72923e-08
6.4,8.5,0,4.11379,0.132371,1.97177e-08
6.4,8.6,0,4.1006,0.123754,3.91915e-09
6.4,8.7,0,4.08818,0.115236,-2.49898e-08
6.4,8.8,0,4.07819,0.111346,-3.53555e-08
6.4,8.9,0,4.06819,0.107456,-4.57211e-08
6.4,9,0,4.05875,0.101589,-3.88491e-08
6.4,9.1,0,4.0497,0.0966728,-5.28674e-08
6.4,9.2,0,4.04072,0.0919359,-7.06771e-08
6.4,9.3,0,4.0322,0.086454,-6.61027e-08
6.4,9.4,0,4.02448,0.0816806,-6.25915e-08
6.4,9.5,0,4.0173,0.0780786,-7.4058e-08
6.4,9.6,0,4.01025,0.0741292,-8.79025e-08
6.4,9.7,0,4.00367,0.0694823,-1.00239e-07
6.4,9.8,0,3.99772,0.0662963,-6.69702e-08
6.4,9.9,0,3.99177,0.0631102,-3.37016e-08
6.4,10,0,3.98624,0.0589952,-3.73664e-08
6.4,10.1,0,3.98125,0.0559077,-1.94007e-08
6.4,10.2,0,3.97638,0.0530982,4.812e-09
6.4,10.3,0,3.97172,0.049795,-2.30902e-09
6.4,10.4,0,3.96748,0.0466521,-1.83933e-08
6.4,10.5,0,3.96356,0.0441666,-1.61471e-08
6.4,10.6,0,3.9597,0.0415172,-1.57999e-08
6.4,10.7,0,3.95612,0.038376,-2.02308e-08
6.4,10.8,0,3.953,0.0361445,-5.87264e-09
6.4,10.9,0,3.94989,0.0339129,8.48557e-09
6.4,11,0,3.94698,0.0311132,9.7403e-09
6.4,11.1,0,3.94445,0.0288653,1.77804e-08
6.4,11.2,0,3.94204,0.0268304,2.87543e-08
6.4,11.3,0,3.93972,0.024499,2.52866e-08
6.4,11.4,0,3.93764,0.022185,1.68866e-08
6.4,11.5,0,3.93578,0.0203135,2.1353e-08
6.4,11.6,0,3.93395,0.018358,2.7274e-08
6.4,11.7,0,3.93212,0.0160135,3.90382e-08
6.4,11.8,0,3.92781,0.0142653,2.36352e-08
6.4,11.9,0,3.9235,0.012517,8.23221e-09
6.4,12,0,3.91932,0.0103952,4.10106e-09
6.4,12.1,0,3.86013,0.00864028,-4.437e-09
6.4,12.2,0,3.77734,0.00707846,-1.59482e-08
6.4,12.3,0,3.69472,0.00531569,-2.01039e-09
6.4,12.4,0,3.26057,0.00364999,3.03736e-08
6.4,12.5,0,2.17322,0.00259104,4.30004e-08
6.4,12.6,0,1.08603,0.00148266,4.84963e-08
6.4,12.7,0,0,0,0
6.5,0,0,0,0,0
6.5,0.1,0,1.42057,-0.000969143,-1.50495e-07
6.5,0.2,0,2.84113,-0.00193829,-3.0099e-07
6.5,0.3,0,3.64271,-0.00364547,-3.73422e-07
6.5,0.4,0,3.82531,-0.00609069,-3.67792e-07
6.5,0.5,0,4.00791,-0.00853592,-3.62162e-07
6.5,0.6,0,4.02192,-0.0114405,-3.68527e-07
6.5,0.7,0,4.03593,-0.0143451,-3.74892e-07
6.5,0.8,0,4.04464,-0.0173532,-3.67932e-07
6.5,0.9,0,4.04803,-0.0204649,-3.47647e-07
6.5,1,0,4.05142,-0.0235765,-3.27362e-07
6.5,1.1,0,4.05528,-0.026943,-2.65977e-07
6.5,1.2,0,4.05915,-0.0303095,-2.04592e-07
6.5,1.3,0,4.06351,-0.0338279,-1.74387e-07
6.5,1.4,0,4.06839,-0.0374982,-1.75362e-07
6.5,1.5,0,4.07326,-0.0411685,-1.76337e-07
6.5,1.6,0,4.07928,-0.045244,-2.10023e-07
6.5,1.7,0,4.08531,-0.0493196,-2.43708e-07
6.5,1.8,0,4.09197,-0.0536182,-2.6848e-07
6.5,1.9,0,4.09928,-0.0581399,-2.8434e-07
6.5,2,0,4.10659,-0.0626616,-3.002e-07
6.5,2.1,0,4.11534,-0.0677601,-2.87564e-07
6.5,2.2,0,4.12409,-0.0728586,-2.74928e-07
6.5,2.3,0,4.1337,-0.0783116,-2.39045e-07
6.5,2.4,0,4.14415,-0.084119,-1.79915e-07
6.5,2.5,0,4.15461,-0.0899264,-1.20785e-07
6.5,2.6,0,4.16665,-0.0963743,-5.4591e-08
6.5,2.7,0,4.17869,-0.102822,1.1603e-08
6.5,2.8,0,4.19159,-0.109437,6.4095e-08
6.5,2.9,0,4.20534,-0.116218,1.02885e-07
6.5,3,0,4.21909,-0.122999,1.41675e-07
6.5,3.1,0,4.23483,-0.13296,1.42805e-07
6.5,3.2,0,4.25056,-0.14292,1.43935e-07
6.5,3.3,0,4.26602,-0.150311,1.30472e-07
6.5,3.4,0,4.2812,-0.155132,1.02417e-07
6.5,3.5,0,4.29639,-0.159953,7.43625e-08
6.5,3.6,0,4.3084,-0.176539,6.65125e-08
6.5,3.7,0,4.32041,-0.193124,5.86625e-08
6.5,3.8,0,4.32898,-0.202326,3.4365e-08
6.5,3.9,0,4.33411,-0.204145,-6.38e-09
6.5,4,0,4.33924,-0.205963,-4.7125e-08
6.5,4.1,0,4.31795,-0.246078,-1.02775e-07
6.5,4.2,0,4.29666,-0.286193,-1.58425e-07
6.5,4.3,0,4.23325,-0.313669,-3.6825e-07
6.5,4.4,0,4.12772,-0.328507,-7.3225e-07
6.5,4.5,0,4.02219,-0.343344,-1.09625e-06
6.5,4.6,0,3.59434,-0.415667,-1.04275e-06
6.5,4.7,0,3.16648,-0.48799,-9.8925e-07
6.5,4.8,0,2.36205,-0.419322,-7.7e-07
6.5,4.9,0,1.18102,-0.209661,-3.85e-07
6.5,5,0,0,0,0
6.5,6,0,0,0,0
6.5,6.1,0,1.05273,0.174393,3.73134e-09
6.5,6.2,0,2.10545,0.348785,7.46269e-09
6.5,6.3,0,3.15818,0.523178,1.1194e-08
6.5,6.4,0,3.64989,0.520954,-4.98321e-08
6.5,6.5,0,3.83952,0.423628,-1.45728e-07
6.5,6.6,0,4.02915,0.326303,-2.41623e-07
6.5,6.7,0,4.1722,0.260053,-2.77295e-07
6.5,6.8,0,4.20659,0.266315,-1.72444e-07
6.5,6.9,0,4.24097,0.272576,-6.75933e-08
6.5,7,0,4.27536,0.278838,3.72575e-08
6.5,7.1,0,4.27826,0.251402,2.53787e-08
6.5,7.2,0,4.27951,0.222193,7.35634e-09
6.5,7.3,0,4.28076,0.192984,-1.0666e-08
6.5,7.4,0,4.27363,0.182635,-2.46675e-08
6.5,7.5,0,4.2609,0.184859,-3.59884e-08
6.5,7.6,0,4.24818,0.187083,-4.73093e-08
6.5,7.7,0,4.23468,0.185161,-6.01004e-08
6.5,7.8,0,4.21886,0.170802,-7.73019e-08
6.5,7.9,0,4.20304,0.156443,-9.45034e-08
6.5,8,0,4.18721,0.142084,-1.11705e-07
6.5,8.1,0,4.17354,0.138271,-1.08173e-07
6.5,8.2,0,4.16009,0.135629,-1.02337e-07
6.5,8.3,0,4.14665,0.132988,-9.65011e-08
6.5,8.4,0,4.1333,0.127329,-9.8041e-08
6.5,8.5,0,4.12003,0.119203,-1.05616e-07
6.5,8.6,0,4.10676,0.111077,-1.1319e-07
6.5,8.7,0,4.09414,0.103798,-1.21323e-07
6.5,8.8,0,4.08415,0.0999082,-1.31689e-07
6.5,8.9,0,4.07416,0.0960184,-1.42054e-07
6.5,9,0,4.06417,0.0921286,-1.5242e-07
6.5,9.1,0,4.05504,0.0875188,-1.69113e-07
6.5,9.2,0,4.04605,0.0827819,-1.86923e-07
6.5,9.3,0,4.03707,0.0780449,-2.04733e-07
6.5,9.4,0,4.02899,0.0738755,-2.19371e-07
6.5,9.5,0,4.02181,0.0702735,-2.30837e-07
6.5,9.6,0,4.01463,0.0666715,-2.42304e-07
6.5,9.7,0,4.00763,0.0631319,-2.4706e-07
6.5,9.8,0,4.00169,0.0599458,-2.13791e-07
6.5,9.9,0,3.99574,0.0567598,-1.80522e-07
6.5,10,0,3.98979,0.0535737,-1.47254e-07
6.5,10.1,0,3.9847,0.0506889,-1.2123e-07
6.5,10.2,0,3.97983,0.0478794,-9.70172e-08
6.5,10.3,0,3.97496,0.0450699,-7.28045e-08
6.5,10.4,0,3.97051,0.0424062,-5.84767e-08
6.5,10.5,0,3.96659,0.0399207,-5.62304e-08
6.5,10.6,0,3.96266,0.0374352,-5.39841e-08
6.5,10.7,0,3.95882,0.0349751,-5.05267e-08
6.5,10.8,0,3.9557,0.0327436,-3.61685e-08
6.5,10.9,0,3.95259,0.030512,-2.18103e-08
6.5,11,0,3.94947,0.0282805,-7.45205e-09
6.5,11.1,0,3.94688,0.0261964,4.36791e-09
6.5,11.2,0,3.94447,0.0241616,1.53418e-08
6.5,11.3,0,3.94205,0.0221268,2.63157e-08
6.5,11.4,0,3.93986,0.0201572,3.46866e-08
6.5,11.5,0,3.938,0.0182857,3.9153e-08
6.5,11.6,0,3.93614,0.0164142,4.36194e-08
6.5,11.7,0,3.93416,0.0145488,4.70924e-08
6.5,11.8,0,3.92985,0.0128006,3.16894e-08
6.5,11.9,0,3.92554,0.0110523,1.62864e-08
6.5,12,0,3.92123,0.00930407,8.83396e-10
6.5,12.1,0,3.86199,0.00768631,-1.17953e-08
6.5,12.2,0,3.7792,0.00612449,-2.33065e-08
6.5,12.3,0,3.69641,0.00456266,-3.48177e-08
6.5,12.4,0,3.26203,0.00317684,-3.78806e-08
6.5,12.5,0,2.17469,0.0021179,-2.52537e-08
6.5,12.6,0,1.08734,0.00105895,-1.26269e-08
6.5,12.7,0,0,0,0
6.6,0,0,0,0,0
6.6,0.1,0,1.42156,-7.81136e-05,7.88883e-08
6.6,0.2,0,2.84213,-0.00104726,-7.16067e-08
6.6,0.3,0,3.64438,-0.00223933,-1.66949e-07
6.6,0.4,0,3.82743,-0.00434115,-1.76592e-07
6.6,0.5,0,4.01002,-0.00678637,-1.70962e-07
6.6,0.6,0,4.02443,-0.00881967,-1.94377e-07
6.6,0.7,0,4.03845,-0.0117242,-2.00742e-07
6.6,0.8,0,4.04726,-0.0141799,-2.04952e-07
6.6,0.9,0,4.05073,-0.0169233,-1.92114e-07
6.6,1,0,4.05413,-0.020035,-1.71829e-07
6.6,1.1,0,4.05821,-0.0223811,-1.23907e-07
6.6,1.2,0,4.06207,-0.0257476,-6.25217e-08
6.6,1.3,0,4.06661,-0.0285846,-3.71417e-09
6.6,1.4,0,4.0716,-0.0318006,1.43792e-08
6.6,1.5,0,4.07647,-0.0354709,1.34042e-08
6.6,1.6,0,4.08285,-0.0382731,2.15608e-08
6.6,1.7,0,4.08887,-0.0423486,-1.21242e-08
6.6,1.8,0,4.09581,-0.0458144,-5.03842e-08
6.6,1.9,0,4.1033,-0.0497809,-7.52358e-08
6.6,2,0,4.11061,-0.0543026,-9.10958e-08
6.6,2.1,0,4.11986,-0.0577827,-1.42944e-07
6.6,2.2,0,4.12861,-0.0628812,-1.30308e-07
6.6,2.3,0,4.13856,-0.0673388,-1.47155e-07
6.6,2.4,0,4.14924,-0.0724827,-1.23178e-07
6.6,2.5,0,4.1597,-0.0782901,-6.40483e-08
6.6,2.6,0,4.17265,-0.0831519,-5.15577e-08
6.6,2.7,0,4.18469,-0.0895997,1.46363e-08
6.6,2.8,0,4.19808,-0.0951073,5.58233e-08
6.6,2.9,0,4.21216,-0.10115,8.70767e-08
6.6,3,0,4.22591,-0.107932,1.25867e-07
6.6,3.1,0,4.24319,-0.116541,1.16847e-07
6.6,3.2,0,4.25893,-0.126501,1.17977e-07
6.6,3.3,0,4.27591,-0.13398,1.09617e-07
6.6,3.4,0,4.29211,-0.13886,8.49633e-08
6.6,3.5,0,4.30729,-0.143681,5.69083e-08
6.6,3.6,0,4.32371,-0.160465,6.83917e-08
6.6,3.7,0,4.33572,-0.17705,6.05417e-08
6.6,3.8,0,4.34851,-0.189689,1.61917e-08
6.6,3.9,0,4.35645,-0.193799,-3.79217e-08
6.6,4,0,4.36158,-0.195617,-7.86667e-08
6.6,4.1,0,4.3409,-0.232302,-2.76942e-07
6.6,4.2,0,4.3196,-0.272416,-3.32592e-07
6.6,4.3,0,4.24157,-0.297523,-6.55917e-07
6.6,4.4,0,4.1263,-0.310781,-1.09558e-06
6.6,4.5,0,4.02077,-0.325618,-1.45958e-06
6.6,4.6,0,3.55134,-0.340315,-9.59417e-07
6.6,4.7,0,3.12349,-0.412638,-9.05917e-07
6.6,4.8,0,2.34485,-0.389181,-7.36667e-07
6.6,4.9,0,1.18102,-0.209661,-3.85e-07
6.6,5,0,0,0,0
6.6,6,0,0,0,0
6.6,6.1,0,0.990833,0.16687,-1.1194e-08
6.6,6.2,0,2.03634,0.340385,-9.20398e-09
6.6,6.3,0,3.08907,0.514778,-5.47264e-09
6.6,6.4,0,3.62155,0.530072,-9.53607e-08
6.6,6.5,0,3.84045,0.445323,-2.11978e-07
6.6,6.6,0,4.03008,0.347997,-3.07873e-07
6.6,6.7,0,4.17679,0.274918,-3.51381e-07
6.6,6.8,0,4.22111,0.262585,-2.67861e-07
6.6,6.9,0,4.2555,0.268847,-1.6301e-07
6.6,7,0,4.28988,0.275108,-5.81592e-08
6.6,7.1,0,4.29149,0.242603,-2.33532e-08
6.6,7.2,0,4.29251,0.212505,-3.31853e-08
6.6,7.3,0,4.29376,0.183296,-5.12077e-08
6.6,7.4,0,4.28413,0.169722,-4.3148e-08
6.6,7.5,0,4.26925,0.169169,-3.54718e-08
6.6,7.6,0,4.25653,0.171393,-4.67927e-08
6.6,7.7,0,4.24269,0.169642,-5.35296e-08
6.6,7.8,0,4.22569,0.155879,-4.97435e-08
6.6,7.9,0,4.20987,0.14152,-6.6945e-08
6.6,8,0,4.19405,0.127161,-8.41465e-08
6.6,8.1,0,4.17914,0.12437,-8.27771e-08
6.6,8.2,0,4.1654,0.121974,-7.74619e-08
6.6,8.3,0,4.15196,0.119333,-7.16261e-08
6.6,8.4,0,4.13823,0.114533,-5.07597e-08
6.6,8.5,0,4.12457,0.107292,-3.5249e-08
6.6,8.6,0,4.11129,0.0991655,-4.28236e-08
6.6,8.7,0,4.09856,0.0922634,-4.49774e-08
6.6,8.8,0,4.08804,0.0901007,-2.79388e-08
6.6,8.9,0,4.07805,0.0862109,-3.83045e-08
6.6,9,0,4.06806,0.0823211,-4.86701e-08
6.6,9.1,0,4.05842,0.0788133,-4.66315e-08
6.6,9.2,0,4.04928,0.0744221,-5.85646e-08
6.6,9.3,0,4.0403,0.0696852,-7.63743e-08
6.6,9.4,0,4.03207,0.0662257,-8.03191e-08
6.6,9.5,0,4.02469,0.0634995,-7.85971e-08
6.6,9.6,0,4.01751,0.0598975,-9.00635e-08
6.6,9.7,0,4.01047,0.056516,-1.00528e-07
6.6,9.8,0,4.00419,0.0543488,-1.04043e-07
6.6,9.9,0,3.99824,0.0511628,-7.07741e-08
6.6,10,0,3.9923,0.0479767,-3.75054e-08
6.6,10.1,0,3.98701,0.0458423,-2.11997e-08
6.6,10.2,0,3.98206,0.0433299,-8.33831e-10
6.6,10.3,0,3.97719,0.0405203,2.33789e-08
6.6,10.4,0,3.97265,0.0382237,3.3121e-08
6.6,10.5,0,3.96859,0.036282,2.85738e-08
6.6,10.6,0,3.96467,0.0337965,3.082e-08
6.6,10.7,0,3.96081,0.0314062,3.27094e-08
6.6,10.8,0,3.95753,0.0298721,3.13862e-08
6.6,10.9,0,3.95441,0.0276521,4.54831e-08
6.6,11,0,3.95129,0.0254206,5.98413e-08
6.6,11.1,0,3.94861,0.0237958,7.01612e-08
6.6,11.2,0,3.94615,0.0219855,8.04018e-08
6.6,11.3,0,3.94373,0.0199507,9.13757e-08
6.6,11.4,0,3.9415,0.0181973,8.47355e-08
6.6,11.5,0,3.93957,0.0167131,6.23072e-08
6.6,11.6,0,3.93771,0.0148416,6.67736e-08
6.6,11.7,0,3.93572,0.0130009,7.10392e-08
6.6,11.8,0,3.93128,0.0117461,7.14907e-08
6.6,11.9,0,3.92696,0.0100307,5.71447e-08
6.6,12,0,3.92265,0.00828249,4.17417e-08
6.6,12.1,0,3.86316,0.00698927,2.65033e-08
6.6,12.2,0,3.78023,0.00562061,1.34685e-08
6.6,12.3,0,3.69744,0.00405879,1.95728e-09
6.6,12.4,0,3.26274,0.0028309,-1.26321e-08
6.6,12.5,0,2.17469,0.0021179,-2.52537e-08
6.6,12.6,0,1.08734,0.00105895,-1.26269e-08
6.6,12.7,0,0,0,0
6.7,0,0,0,0,0
6.7,0.1,0,1.42176,0.000100092,1.24765e-07
6.7,0.2,0,2.84312,-0.000156227,1.57777e-07
6.7,0.3,0,3.64538,-0.0013483,6.24342e-08
6.7,0.4,0,3.82932,-0.0027633,2.22442e-08
6.7,0.5,0,4.01214,-0.00503682,2.02375e-08
6.7,0.6,0,4.02663,-0.00689586,-6.5875e-09
6.7,0.7,0,4.04096,-0.00910341,-2.65925e-08
6.7,0.8,0,4.04978,-0.0115591,-3.08025e-08
6.7,0.9,0,4.0534,-0.0135659,-3.28575e-08
6.7,1,0,4.05683,-0.0164935,-1.62958e-08
6.7,1.1,0,4.06096,-0.0186355,2.89342e-08
6.7,1.2,0,4.065,-0.0211857,7.95492e-08
6.7,1.3,0,4.06954,-0.0240226,1.38357e-07
6.7,1.4,0,4.07476,-0.0263301,1.94587e-07
6.7,1.5,0,4.07969,-0.0297733,2.03146e-07
6.7,1.6,0,4.08614,-0.0323208,2.19671e-07
6.7,1.7,0,4.09244,-0.0353776,2.19459e-07
6.7,1.8,0,4.09938,-0.0388434,1.81199e-07
6.7,1.9,0,4.10722,-0.0416995,1.38364e-07
6.7,2,0,4.11462,-0.0459436,1.18008e-07
6.7,2.1,0,4.12397,-0.0491,5.32633e-08
6.7,2.2,0,4.13313,-0.0529038,1.4312e-08
6.7,2.3,0,4.14308,-0.0573614,-2.535e-09
6.7,2.4,0,4.15422,-0.0611782,-4.8865e-08
6.7,2.5,0,4.16479,-0.0666538,-7.31167e-09
6.7,2.6,0,4.17792,-0.0711983,-5.56167e-09
6.7,2.7,0,4.19069,-0.0763773,1.76697e-08
6.7,2.8,0,4.20408,-0.0818848,5.88567e-08
6.7,2.9,0,4.21882,-0.0864522,7.50367e-08
6.7,3,0,4.23274,-0.0928643,1.10058e-07
6.7,3.1,0,4.25032,-0.101203,9.90083e-08
6.7,3.2,0,4.26729,-0.110082,9.20183e-08
6.7,3.3,0,4.28427,-0.117561,8.36583e-08
6.7,3.4,0,4.30251,-0.122558,6.58083e-08
6.7,3.5,0,4.3182,-0.127409,3.94542e-08
6.7,3.6,0,4.3355,-0.144232,5.48042e-08
6.7,3.7,0,4.35104,-0.160976,6.24208e-08
6.7,3.8,0,4.36382,-0.173615,1.80708e-08
6.7,3.9,0,4.37738,-0.182307,-6.27792e-08
6.7,4,0,4.38391,-0.185271,-1.10208e-07
6.7,4.1,0,4.36335,-0.221269,-3.37008e-07
6.7,4.2,0,4.34255,-0.25864,-5.06758e-07
6.7,4.3,0,4.26452,-0.283746,-8.30083e-07
6.7,4.4,0,4.12975,-0.293844,-1.42108e-06
6.7,4.5,0,4.01935,-0.307892,-1.82292e-06
6.7,4.6,0,3.5416,-0.311064,-1.23342e-06
6.7,4.7,0,3.08049,-0.337286,-8.22583e-07
6.7,4.8,0,2.30185,-0.313829,-6.53333e-07
6.7,4.9,0,1.17242,-0.19459,-3.68333e-07
6.7,5,0,0,0,0
6.7,6,0,0,0,0
6.7,6.1,0,0.990833,0.16687,-1.1194e-08
6.7,6.2,0,1.98167,0.33374,-2.23881e-08
6.7,6.3,0,3.01995,0.506378,-2.21393e-08
6.7,6.4,0,3.55244,0.521671,-1.12027e-07
6.7,6.5,0,3.80479,0.451297,-2.52326e-07
6.7,6.6,0,4.03101,0.369692,-3.74123e-07
6.7,6.7,0,4.17772,0.296612,-4.17631e-07
6.7,6.8,0,4.22428,0.280106,-3.38899e-07
6.7,6.9,0,4.27002,0.265117,-2.58427e-07
6.7,7,0,4.30441,0.271379,-1.53576e-07
6.7,7.1,0,4.30601,0.238874,-1.1877e-07
6.7,7.2,0,4.30589,0.204328,-8.76505e-08
6.7,7.3,0,4.30675,0.173607,-9.17494e-08
6.7,7.4,0,4.29712,0.160033,-8.36897e-08
6.7,7.5,0,4.28023,0.156883,-5.82419e-08
6.7,7.6,0,4.26488,0.155702,-4.6276e-08
6.7,7.7,0,4.25104,0.153952,-5.30129e-08
6.7,7.8,0,4.23386,0.14028,-4.5998e-08
6.7,7.9,0,4.21671,0.126596,-3.93867e-08
6.7,8,0,4.20089,0.112237,-5.65882e-08
6.7,8.1,0,4.18598,0.109447,-5.52188e-08
6.7,8.2,0,4.17117,0.107941,-5.17859e-08
6.7,8.3,0,4.15727,0.105678,-4.67511e-08
6.7,8.4,0,4.14354,0.100878,-2.58847e-08
6.7,8.5,0,4.12958,0.0943134,7.27948e-09
6.7,8.6,0,4.11583,0.087254,2.7543e-08
6.7,8.7,0,4.1031,0.0803519,2.53893e-08
6.7,8.8,0,4.09253,0.0783463,4.49192e-08
6.7,8.9,0,4.08196,0.0763406,6.4449e-08
6.7,9,0,4.07195,0.0725136,5.50799e-08
6.7,9.1,0,4.06232,0.0690058,5.71185e-08
6.7,9.2,0,4.05274,0.0655653,6.13461e-08
6.7,9.3,0,4.04353,0.0613254,5.1984e-08
6.7,9.4,0,4.03529,0.057866,4.80392e-08
6.7,9.5,0,4.02781,0.055684,5.79594e-08
6.7,9.6,0,4.0204,0.0531234,6.21765e-08
6.7,9.7,0,4.01335,0.0497419,5.17125e-08
6.7,9.8,0,4.00707,0.0476099,4.69289e-08
6.7,9.9,0,4.00078,0.0454779,4.21453e-08
6.7,10,0,3.9948,0.0423797,7.22429e-08
6.7,10.1,0,3.98952,0.0402453,8.85486e-08
6.7,10.2,0,3.98439,0.0383739,1.00614e-07
6.7,10.3,0,3.97941,0.0359708,1.19562e-07
6.7,10.4,0,3.97488,0.0336742,1.29304e-07
6.7,10.5,0,3.97075,0.0320044,1.2136e-07
6.7,10.6,0,3.96667,0.0301578,1.15624e-07
6.7,10.7,0,3.96281,0.0277675,1.17514e-07
6.7,10.8,0,3.95953,0.0262334,1.1619e-07
6.7,10.9,0,3.95626,0.0246992,1.14867e-07
6.7,11,0,3.95312,0.0225607,1.27135e-07
6.7,11.1,0,3.95043,0.0209359,1.37455e-07
6.7,11.2,0,3.94789,0.0195134,1.46428e-07
6.7,11.3,0,3.94542,0.0177746,1.56436e-07
6.7,11.4,0,3.94318,0.0160212,1.49796e-07
6.7,11.5,0,3.94122,0.0146902,1.16734e-07
6.7,11.6,0,3.93928,0.013269,8.99277e-08
6.7,11.7,0,3.93729,0.0114283,9.41934e-08
6.7,11.8,0,3.93285,0.0101735,9.46449e-08
6.7,11.9,0,3.9284,0.00891871,9.50964e-08
6.7,12,0,3.92407,0.00726091,8.26001e-08
6.7,12.1,0,3.86458,0.00596769,6.73616e-08
6.7,12.2,0,3.78145,0.00486948,5.21937e-08
6.7,12.3,0,3.69848,0.00355491,3.87323e-08
6.7,12.4,0,3.26377,0.00232703,2.41429e-08
6.7,12.5,0,2.1755,0.00171931,3.83694e-09
6.7,12.6,0,1.08734,0.00105895,-1.26269e-08
6.7,12.7,0,0,0,0
6.8,0,0,0,0,0
6.8,0.1,0,1.42176,0.000100092,1.24765e-07
6.8,0.2,0,2.84352,0.000200185,2.4953e-07
6.8,0.3,0,3.64637,-0.000457271,2.91817e-07
6.8,0.4,0,3.83032,-0.00187227,2.51627e-07
6.8,0.5,0,4.01426,-0.00328728,2.11437e-07
6.8,0.6,0,4.02875,-0.00514632,1.84612e-07
6.8,0.7,0,4.04324,-0.00700536,1.57787e-07
6.8,0.8,0,4.05229,-0.00893829,1.43347e-07
6.8,0.9,0,4.05591,-0.0109451,1.41292e-07
6.8,1,0,4.05953,-0.012952,1.39237e-07
6.8,1.1,0,4.06366,-0.015094,1.84467e-07
6.8,1.2,0,4.06779,-0.017236,2.29697e-07
6.8,1.3,0,4.07247,-0.0194607,2.80427e-07
6.8,1.4,0,4.07769,-0.0217682,3.36657e-07
6.8,1.5,0,4.08291,-0.0240757,3.92887e-07
6.8,1.6,0,4.08935,-0.0266232,4.09412e-07
6.8,1.7,0,4.0958,-0.0291707,4.25937e-07
6.8,1.8,0,4.10295,-0.0318724,4.12782e-07
6.8,1.9,0,4.11079,-0.0347285,3.69947e-07
6.8,2,0,4.11864,-0.0375846,3.27112e-07
6.8,2.1,0,4.12799,-0.040741,2.62367e-07
6.8,2.2,0,4.13734,-0.0438974,1.97622e-07
6.8,2.3,0,4.14759,-0.047384,1.42085e-07
6.8,2.4,0,4.15874,-0.0512007,9.5755e-08
6.8,2.5,0,4.16988,-0.0550175,4.9425e-08
6.8,2.6,0,4.18301,-0.059562,5.1175e-08
6.8,2.7,0,4.19615,-0.0641065,5.2925e-08
6.8,2.8,0,4.21008,-0.0686624,6.189e-08
6.8,2.9,0,4.22482,-0.0732297,7.807e-08
6.8,3,0,4.23956,-0.077797,9.425e-08
6.8,3.1,0,4.25714,-0.0861356,8.32e-08
6.8,3.2,0,4.27473,-0.0944741,7.215e-08
6.8,3.3,0,4.29264,-0.101142,5.77e-08
6.8,3.4,0,4.31087,-0.106139,3.985e-08
6.8,3.5,0,4.32911,-0.111137,2.2e-08
6.8,3.6,0,4.34641,-0.12796,3.735e-08
6.8,3.7,0,4.36371,-0.144783,5.27e-08
6.8,3.8,0,4.37914,-0.15754,1.995e-08
6.8,3.9,0,4.39269,-0.166233,-6.09e-08
6.8,4,0,4.40625,-0.174925,-1.4175e-07
6.8,4.1,0,4.38569,-0.210923,-3.6855e-07
6.8,4.2,0,4.36513,-0.246922,-5.9535e-07
6.8,4.3,0,4.28747,-0.26997,-1.00425e-06
6.8,4.4,0,4.15269,-0.280068,-1.59525e-06
6.8,4.5,0,4.01792,-0.290166,-2.18625e-06
6.8,4.6,0,3.54018,-0.293338,-1.59675e-06
6.8,4.7,0,3.06244,-0.29651,-1.00725e-06
6.8,4.8,0,2.25886,-0.238477,-5.7e-07
6.8,4.9,0,1.12943,-0.119238,-2.85e-07
6.8,5,0,0,0,0
6.8,6,0,0,0,0
6.8,6.1,0,0.990833,0.16687,-1.1194e-08
6.8,6.2,0,1.98167,0.33374,-2.23881e-08
6.8,6.3,0,2.9725,0.50061,-3.35821e-08
6.8,6.4,0,3.48332,0.513271,-1.28694e-07
6.8,6.5,0,3.73568,0.442896,-2.68993e-07
6.8,6.6,0,3.98804,0.372521,-4.09291e-07
6.8,6.7,0,4.17865,0.318307,-4.83881e-07
6.8,6.8,0,4.22521,0.301801,-4.05149e-07
6.8,6.9,0,4.27177,0.285294,-3.26418e-07
6.8,7,0,4.31832,0.268788,-2.47687e-07
6.8,7.1,0,4.32054,0.235144,-2.14187e-07
6.8,7.2,0,4.32041,0.200599,-1.83067e-07
6.8,7.3,0,4.32029,0.166054,-1.51948e-07
6.8,7.4,0,4.31011,0.150345,-1.24231e-07
6.8,7.5,0,4.29323,0.147194,-9.87836e-08
6.8,7.6,0,4.27634,0.144043,-7.33358e-08
6.8,7.7,0,4.25939,0.138262,-5.24963e-08
6.8,7.8,0,4.24221,0.12459,-4.54813e-08
6.8,7.9,0,4.22503,0.110918,-3.84664e-08
6.8,8,0,4.20786,0.0972453,-3.14515e-08
6.8,8.1,0,4.19281,0.0945231,-2.76604e-08
6.8,8.2,0,4.17801,0.0930175,-2.42276e-08
6.8,8.3,0,4.1632,0.0915119,-2.07948e-08
6.8,8.4,0,4.14885,0.0872236,-1.0097e-09
6.8,8.5,0,4.13489,0.0806586,3.21545e-08
6.8,8.6,0,4.12092,0.0740935,6.53187e-08
6.8,8.7,0,4.10764,0.0684404,9.5756e-08
6.8,8.8,0,4.09707,0.0664347,1.15286e-07
6.8,8.9,0,4.0865,0.0644291,1.34816e-07
6.8,9,0,4.07593,0.0624235,1.54346e-07
6.8,9.1,0,4.06621,0.0591983,1.60868e-07
6.8,9.2,0,4.05663,0.0557578,1.65096e-07
6.8,9.3,0,4.04706,0.0523174,1.69324e-07
6.8,9.4,0,4.03852,0.0495062,1.76398e-07
6.8,9.5,0,4.03104,0.0473243,1.86318e-07
6.8,9.6,0,4.02355,0.0451423,1.96238e-07
6.8,9.7,0,4.01624,0.0429679,2.03952e-07
6.8,9.8,0,4.00995,0.0408359,1.99169e-07
6.8,9.9,0,4.00366,0.0387039,1.94385e-07
6.8,10,0,3.99738,0.0365718,1.89602e-07
6.8,10.1,0,3.99202,0.0346483,1.98297e-07
6.8,10.2,0,3.9869,0.0327768,2.10362e-07
6.8,10.3,0,3.98178,0.0309054,2.22427e-07
6.8,10.4,0,3.9771,0.0291247,2.25488e-07
6.8,10.5,0,3.97298,0.0274548,2.17544e-07
6.8,10.6,0,3.96886,0.025785,2.096e-07
6.8,10.7,0,3.96482,0.0241288,2.02318e-07
6.8,10.8,0,3.96154,0.0225947,2.00995e-07
6.8,10.9,0,3.95826,0.0210605,1.99671e-07
6.8,11,0,3.95498,0.0195264,1.98348e-07
6.8,11.1,0,3.95226,0.018076,2.04748e-07
6.8,11.2,0,3.94972,0.0166535,2.13722e-07
6.8,11.3,0,3.94717,0.0152311,2.22696e-07
6.8,11.4,0,3.94487,0.0138451,2.14856e-07
6.8,11.5,0,3.94291,0.0125141,1.81794e-07
6.8,11.6,0,3.94094,0.011183,1.48733e-07
6.8,11.7,0,3.93886,0.00985574,1.17348e-07
6.8,11.8,0,3.93442,0.00860093,1.17799e-07
6.8,11.9,0,3.92997,0.00734612,1.18251e-07
6.8,12,0,3.92553,0.0060913,1.18702e-07
6.8,12.1,0,3.866,0.00494611,1.0822e-07
6.8,12.2,0,3.78287,0.0038479,9.30521e-08
6.8,12.3,0,3.69973,0.00274969,7.78841e-08
6.8,12.4,0,3.2648,0.00182315,6.09179e-08
6.8,12.5,0,2.17654,0.00121543,4.06119e-08
6.8,12.6,0,1.08827,0.000607717,2.0306e-08
6.8,12.7,0,0,0,0
6.9,0,0,0,0,0
6.9,0.1,0,1.42165,0.000990325,8.0415e-08
6.9,0.2,0,2.84341,0.00109042,2.0518e-07
6.9,0.3,0,3.64693,0.000974799,2.705e-07
6.9,0.4,0,3.83132,-7.89797e-05,2.45665e-07
6.9,0.5,0,4.01527,-0.00149398,2.05475e-07
6.9,0.6,0,4.03012,-0.00242995,1.97717e-07
6.9,0.7,0,4.04461,-0.00428899,1.70892e-07
6.9,0.8,0,4.05372,-0.00563682,1.58004e-07
6.9,0.9,0,4.05737,-0.00725358,1.56984e-07
6.9,1,0,4.06099,-0.00926041,1.54929e-07
6.9,1.1,0,4.06521,-0.0103244,1.36122e-07
6.9,1.2,0,4.06934,-0.0124665,1.81352e-07
6.9,1.3,0,4.07409,-0.0139753,1.89744e-07
6.9,1.4,0,4.07935,-0.0158056,2.17749e-07
6.9,1.5,0,4.08457,-0.018113,2.73979e-07
6.9,1.6,0,4.09117,-0.0193109,2.73504e-07
6.9,1.7,0,4.09762,-0.0218584,2.90029e-07
6.9,1.8,0,4.10488,-0.0236543,3.19182e-07
6.9,1.9,0,4.11281,-0.0259064,3.04552e-07
6.9,2,0,4.12065,-0.0287625,2.61717e-07
6.9,2.1,0,4.13031,-0.0302428,2.56672e-07
6.9,2.2,0,4.13966,-0.0333992,1.91927e-07
6.9,2.3,0,4.15008,-0.0356295,1.28979e-07
6.9,2.4,0,4.16134,-0.0386087,7.77092e-08
6.9,2.5,0,4.17249,-0.0424255,3.13792e-08
6.9,2.6,0,4.18639,-0.044994,-5.95833e-09
6.9,2.7,0,4.19953,-0.0495385,-4.20833e-09
6.9,2.8,0,4.21399,-0.052417,-5.13833e-09
6.9,2.9,0,4.22909,-0.055866,4.445e-09
6.9,3,0,4.24382,-0.0604333,2.0625e-08
6.9,3.1,0,4.26325,-0.0660822,3.51583e-08
6.9,3.2,0,4.28083,-0.0744208,2.41083e-08
6.9,3.3,0,4.30046,-0.0792573,2.22833e-08
6.9,3.4,0,4.31983,-0.0830337,1.285e-08
6.9,3.5,0,4.33807,-0.0880311,-5e-09
6.9,3.6,0,4.36066,-0.101124,4.725e-09
6.9,3.7,0,4.37796,-0.117947,2.0075e-08
6.9,3.8,0,4.3968,-0.128826,-1.075e-08
6.9,3.9,0,4.41262,-0.136266,-9.03167e-08
6.9,4,0,4.42618,-0.144958,-1.71167e-07
6.9,4.1,0,4.40936,-0.171723,-3.4355e-07
6.9,4.2,0,4.3888,-0.207721,-5.7035e-07
6.9,4.3,0,4.30789,-0.225869,-9.29e-07
6.9,4.4,0,4.17096,-0.2327,-1.4865e-06
6.9,4.5,0,4.03619,-0.242798,-2.0775e-06
6.9,4.6,0,3.57161,-0.22541,-1.41342e-06
6.9,4.7,0,3.09386,-0.228582,-8.23917e-07
6.9,4.8,0,2.27142,-0.211305,-4.96667e-07
6.9,4.9,0,1.12943,-0.119238,-2.85e-07
6.9,5,0,0,0,0
6.9,6,0,0,0,0
6.9,6.1,0,0.978522,0.0993703,5.29851e-08
6.9,6.2,0,1.96792,0.258365,4.92786e-08
6.9,6.3,0,2.95875,0.425235,3.80846e-08
6.9,6.4,0,3.48958,0.464346,-4.95087e-08
6.9,6.5,0,3.75631,0.412961,-1.84409e-07
6.9,6.6,0,4.00866,0.342586,-3.24708e-07
6.9,6.7,0,4.20044,0.288007,-4.12954e-07
6.9,6.8,0,4.25015,0.270507,-3.71399e-07
6.9,6.9,0,4.29671,0.254,-2.92668e-07
6.9,7,0,4.34326,0.237494,-2.13937e-07
6.9,7.1,0,4.33838,0.210379,-1.87916e-07
6.9,7.2,0,4.33701,0.176978,-1.58109e-07
6.9,7.3,0,4.33689,0.142433,-1.26989e-07
6.9,7.4,0,4.32256,0.127874,-1.04333e-07
6.9,7.5,0,4.3021,0.125713,-8.32419e-08
6.9,7.6,0,4.28521,0.122563,-5.77942e-08
6.9,7.7,0,4.26746,0.117572,-3.58632e-08
6.9,7.8,0,4.24752,0.106641,-2.50647e-08
6.9,7.9,0,4.23034,0.0929686,-1.80498e-08
6.9,8,0,4.21317,0.0792963,-1.10348e-08
6.9,8.1,0,4.19657,0.0789379,-6.43781e-09
6.9,8.2,0,4.18138,0.0780014,-2.81095e-09
6.9,8.3,0,4.16658,0.0764958,6.21891e-10
6.9,8.4,0,4.15183,0.0733431,2.8398e-09
6.9,8.5,0,4.13746,0.067948,1.79045e-08
6.9,8.6,0,4.12349,0.061383,5.10687e-08
6.9,8.7,0,4.11012,0.0561623,7.67806e-08
6.9,8.8,0,4.09915,0.0561388,7.46525e-08
6.9,8.9,0,4.08858,0.0541331,9.41823e-08
6.9,9,0,4.07801,0.0521275,1.13712e-07
6.9,9.1,0,4.06802,0.0501096,1.29688e-07
6.9,9.2,0,4.05836,0.0470479,1.36881e-07
6.9,9.3,0,4.04879,0.0436075,1.41109e-07
6.9,9.4,0,4.0402,0.041564,1.43056e-07
6.9,9.5,0,4.03264,0.0403288,1.46653e-07
6.9,9.6,0,4.02515,0.0381469,1.56573e-07
6.9,9.7,0,4.01782,0.0361318,1.62751e-07
6.9,9.8,0,4.01135,0.0350272,1.48061e-07
6.9,9.9,0,4.00506,0.0328951,1.43277e-07
6.9,10,0,3.99877,0.0307631,1.38493e-07
6.9,10.1,0,3.99336,0.0296394,1.42821e-07
6.9,10.2,0,3.98821,0.0280846,1.53158e-07
6.9,10.3,0,3.98309,0.0262132,1.65223e-07
6.9,10.4,0,3.97838,0.0248078,1.62061e-07
6.9,10.5,0,3.9742,0.023694,1.44898e-07
6.9,10.6,0,3.97007,0.0220242,1.36954e-07
6.9,10.7,0,3.96603,0.0204399,1.28218e-07
6.9,10.8,0,3.96268,0.019625,1.12359e-07
6.9,10.9,0,3.9594,0.0181029,1.10794e-07
6.9,11,0,3.95612,0.0165687,1.09471e-07
6.9,11.1,0,3.95336,0.0155927,1.04028e-07
6.9,11.2,0,3.9508,0.0144021,1.07213e-07
6.9,11.3,0,3.94826,0.0129796,1.16187e-07
6.9,11.4,0,3.94593,0.0118175,1.27177e-07
6.9,11.5,0,3.94394,0.0108876,1.27855e-07
6.9,11.6,0,3.94197,0.00955655,9.4794e-08
6.9,11.7,0,3.93989,0.00825496,6.38104e-08
6.9,11.8,0,3.93534,0.00751344,7.23014e-08
6.9,11.9,0,3.93089,0.00629284,7.32889e-08
6.9,12,0,3.92644,0.00503803,7.37404e-08
6.9,12.1,0,3.86669,0.00423019,8.02693e-08
6.9,12.2,0,3.78342,0.00333278,7.52271e-08
6.9,12.3,0,3.70028,0.00223456,6.00591e-08
6.9,12.4,0,3.26518,0.00146948,4.86799e-08
6.9,12.5,0,2.17654,0.00121543,4.06119e-08
6.9,12.6,0,1.08827,0.000607717,2.0306e-08
6.9,12.7,0,0,0,0
7,0,0,0,0,0
7,0.1,0,1.42163,0.00116837,7.1545e-08
7,0.2,0,2.8433,0.00198065,1.6083e-07
7,0.3,0,3.64682,0.00186503,2.2615e-07
7,0.4,0,3.83211,0.0015337,2.32025e-07
7,0.5,0,4.01628,0.000299312,1.99513e-07
7,0.6,0,4.0312,-0.000452045,1.95568e-07
7,0.7,0,4.04597,-0.00157263,1.83996e-07
7,0.8,0,4.05508,-0.00292046,1.71108e-07
7,0.9,0,4.05882,-0.00375707,1.72158e-07
7,1,0,4.06246,-0.00556887,1.70621e-07
7,1.1,0,4.06669,-0.0064173,1.39006e-07
7,1.2,0,4.07089,-0.00769693,1.33006e-07
7,1.3,0,4.07564,-0.00920581,1.41398e-07
7,1.4,0,4.081,-0.0100816,1.12953e-07
7,1.5,0,4.08624,-0.0121504,1.55071e-07
7,1.6,0,4.09287,-0.0130784,1.51196e-07
7,1.7,0,4.09944,-0.0145462,1.54121e-07
7,1.8,0,4.1067,-0.016342,1.83273e-07
7,1.9,0,4.11478,-0.0173863,2.25053e-07
7,2,0,4.12267,-0.0199404,1.96321e-07
7,2.1,0,4.13239,-0.0210855,2.03216e-07
7,2.2,0,4.14199,-0.0229011,1.86231e-07
7,2.3,0,4.1524,-0.0251313,1.23283e-07
7,2.4,0,4.16389,-0.0264355,6.21333e-08
7,2.5,0,4.17509,-0.0298335,1.33333e-08
7,2.6,0,4.18915,-0.0320068,-3.18217e-08
7,2.7,0,4.2029,-0.0349704,-6.13417e-08
7,2.8,0,4.21737,-0.037849,-6.22717e-08
7,2.9,0,4.23318,-0.0390615,-6.58817e-08
7,3,0,4.24809,-0.0430697,-5.3e-08
7,3.1,0,4.26788,-0.0481806,-3.335e-08
7,3.2,0,4.28693,-0.0543674,-2.39333e-08
7,3.3,0,4.30656,-0.0592039,-2.57583e-08
7,3.4,0,4.32822,-0.0605385,-1.83583e-08
7,3.5,0,4.34703,-0.0649253,-3.2e-08
7,3.6,0,4.37068,-0.0772729,-2.34e-08
7,3.7,0,4.39221,-0.0911122,-1.255e-08
7,3.8,0,4.41104,-0.101991,-4.3375e-08
7,3.9,0,4.43142,-0.106926,-1.20375e-07
7,4,0,4.44611,-0.114992,-2.00583e-07
7,4.1,0,4.43004,-0.13991,-3.62083e-07
7,4.2,0,4.41248,-0.168521,-5.4535e-07
7,4.3,0,4.33156,-0.186668,-9.04e-07
7,4.4,0,4.1903,-0.186965,-1.3945e-06
7,4.5,0,4.05445,-0.195429,-1.96875e-06
7,4.6,0,3.5925,-0.17393,-1.28975e-06
7,4.7,0,3.12528,-0.160654,-6.40583e-07
7,4.8,0,2.30285,-0.143377,-3.13333e-07
7,4.9,0,1.13571,-0.105653,-2.48333e-07
7,5,0,0,0,0
7,6,0,0,0,0
7,6.1,0,0.978522,0.0993703,5.29851e-08
7,6.2,0,1.95704,0.198741,1.0597e-07
7,6.3,0,2.94501,0.349861,1.09751e-07
7,6.4,0,3.47584,0.388971,2.2158e-08
7,6.5,0,3.75898,0.359288,-1.06573e-07
7,6.6,0,4.02929,0.31265,-2.40124e-07
7,6.7,0,4.22107,0.258071,-3.28371e-07
7,6.8,0,4.27149,0.240348,-2.95162e-07
7,6.9,0,4.32165,0.222706,-2.58918e-07
7,7,0,4.3682,0.2062,-1.80187e-07
7,7.1,0,4.36332,0.179085,-1.54166e-07
7,7.2,0,4.35573,0.151411,-1.3092e-07
7,7.3,0,4.35349,0.118813,-1.02031e-07
7,7.4,0,4.33916,0.104254,-7.93744e-08
7,7.5,0,4.31535,0.103019,-6.23595e-08
7,7.6,0,4.29409,0.101082,-4.22525e-08
7,7.7,0,4.27633,0.0960912,-2.03215e-08
7,7.8,0,4.25596,0.0855818,-8.94092e-09
7,7.9,0,4.23565,0.0750196,2.36692e-09
7,8,0,4.21847,0.0613473,9.38184e-09
7,8.1,0,4.20187,0.0609889,1.39789e-08
7,8.2,0,4.18534,0.0621098,1.83072e-08
7,8.3,0,4.16996,0.0614797,2.20386e-08
7,8.4,0,4.15521,0.058327,2.42565e-08
7,8.5,0,4.14052,0.0538266,2.54803e-08
7,8.6,0,4.12606,0.0486724,3.68187e-08
7,8.7,0,4.11268,0.0434517,6.25306e-08
7,8.8,0,4.10168,0.0436084,5.84336e-08
7,8.9,0,4.09067,0.0437651,5.43366e-08
7,9,0,4.08009,0.0418315,7.30789e-08
7,9.1,0,4.0701,0.0398136,8.90549e-08
7,9.2,0,4.06021,0.0377935,1.04404e-07
7,9.3,0,4.05052,0.0348975,1.12895e-07
7,9.4,0,4.04193,0.032854,1.14842e-07
7,9.5,0,4.03433,0.0322074,1.14508e-07
7,9.6,0,4.02676,0.0311514,1.16909e-07
7,9.7,0,4.01942,0.0291364,1.23086e-07
7,9.8,0,4.01295,0.0280671,1.08054e-07
7,9.9,0,4.00648,0.0269979,9.30226e-08
7,10,0,4.00017,0.0249544,8.7385e-08
7,10.1,0,3.99476,0.0238307,9.17131e-08
7,10.2,0,3.98956,0.0229591,9.83191e-08
7,10.3,0,3.9844,0.0215209,1.08018e-07
7,10.4,0,3.97969,0.0201156,1.04857e-07
7,10.5,0,3.97548,0.0192798,8.30842e-08
7,10.6,0,3.97129,0.0182633,6.4308e-08
7,10.7,0,3.96724,0.016679,5.55724e-08
7,10.8,0,3.9639,0.0158641,3.97135e-08
7,10.9,0,3.96055,0.0150493,2.38545e-08
7,11,0,3.95726,0.0136111,2.05933e-08
7,11.1,0,3.9545,0.012635,1.51507e-08
7,11.2,0,3.9519,0.0118449,8.33507e-09
7,11.3,0,3.94934,0.0107281,9.67734e-09
7,11.4,0,3.94701,0.00956607,2.06682e-08
7,11.5,0,3.945,0.00879473,3.46847e-08
7,11.6,0,3.943,0.0079301,4.08548e-08
7,11.7,0,3.94092,0.00662851,9.87122e-09
7,11.8,0,3.93637,0.00588699,1.83623e-08
7,11.9,0,3.93182,0.00514547,2.68533e-08
7,12,0,3.92736,0.00398476,2.87787e-08
7,12.1,0,3.8676,0.00317691,3.53077e-08
7,12.2,0,3.78414,0.00256063,4.44413e-08
7,12.3,0,3.70083,0.00171944,4.22341e-08
7,12.4,0,3.26573,0.000954359,3.08549e-08
7,12.5,0,2.17697,0.000807947,2.65116e-08
7,12.6,0,1.08827,0.000607717,2.0306e-08
7,12.7,0,0,0,0
7.1,0,0,0,0,0
7.1,0.1,0,1.42163,0.00116837,7.1545e-08
7.1,0.2,0,2.84325,0.00233674,1.4309e-07
7.1,0.3,0,3.64671,0.00275526,1.818e-07
7.1,0.4,0,3.832,0.00242393,1.87675e-07
7.1,0.5,0,4.01729,0.00209261,1.9355e-07
7.1,0.6,0,4.03221,0.00134125,1.89605e-07
7.1,0.7,0,4.04713,0.000589893,1.8566e-07
7.1,0.8,0,4.05645,-0.000204092,1.84213e-07
7.1,0.9,0,4.06019,-0.00104071,1.85263e-07
7.1,1,0,4.06392,-0.00187732,1.86313e-07
7.1,1.1,0,4.06815,-0.00272576,1.54698e-07
7.1,1.2,0,4.07239,-0.0035742,1.23083e-07
7.1,1.3,0,4.07719,-0.00443629,9.30525e-08
7.1,1.4,0,4.08255,-0.00531204,6.46075e-08
7.1,1.5,0,4.08791,-0.00618779,3.61625e-08
7.1,1.6,0,4.09454,-0.00711573,3.22875e-08
7.1,1.7,0,4.10116,-0.00804367,2.84125e-08
7.1,1.8,0,4.10852,-0.00902979,4.7365e-08
7.1,1.9,0,4.1166,-0.0100741,8.9145e-08
7.1,2,0,4.12468,-0.0111184,1.30925e-07
7.1,2.1,0,4.1344,-0.0122635,1.3782e-07
7.1,2.2,0,4.14412,-0.0134085,1.44715e-07
7.1,2.3,0,4.15473,-0.0146332,1.17588e-07
7.1,2.4,0,4.16621,-0.0159373,5.64375e-08
7.1,2.5,0,4.17769,-0.0172415,-4.7125e-09
7.1,2.6,0,4.19176,-0.0194148,-4.98675e-08
7.1,2.7,0,4.20582,-0.021588,-9.50225e-08
7.1,2.8,0,4.22075,-0.0232809,-1.19405e-07
7.1,2.9,0,4.23655,-0.0244935,-1.23015e-07
7.1,3,0,4.25236,-0.025706,-1.26625e-07
7.1,3.1,0,4.27215,-0.0308169,-1.06975e-07
7.1,3.2,0,4.29194,-0.0359279,-8.7325e-08
7.1,3.3,0,4.31266,-0.0391506,-7.38e-08
7.1,3.4,0,4.33433,-0.0404851,-6.64e-08
7.1,3.5,0,4.35599,-0.0418196,-5.9e-08
7.1,3.6,0,4.37964,-0.0541671,-5.04e-08
7.1,3.7,0,4.40328,-0.0665146,-4.18e-08
7.1,3.8,0,4.42529,-0.0751557,-7.6e-08
7.1,3.9,0,4.44567,-0.0800904,-1.53e-07
7.1,4,0,4.46604,-0.0850251,-2.3e-07
7.1,4.1,0,4.44997,-0.109943,-3.915e-07
7.1,4.2,0,4.4339,-0.134861,-5.53e-07
7.1,4.3,0,4.35524,-0.147468,-8.79e-07
7.1,4.4,0,4.21398,-0.147764,-1.3695e-06
7.1,4.5,0,4.07271,-0.148061,-1.86e-06
7.1,4.6,0,3.61076,-0.126561,-1.181e-06
7.1,4.7,0,3.14881,-0.105061,-5.02e-07
7.1,4.8,0,2.33427,-0.0754492,-1.3e-07
7.1,4.9,0,1.16713,-0.0377246,-6.5e-08
7.1,5,0,0,0,0
7.1,6,0,0,0,0
7.1,6.1,0,0.978522,0.0993703,5.29851e-08
7.1,6.2,0,1.95704,0.198741,1.0597e-07
7.1,6.3,0,2.93557,0.298111,1.58955e-07
7.1,6.4,0,3.46209,0.313597,9.38246e-08
7.1,6.5,0,3.74523,0.283914,-3.49067e-08
7.1,6.6,0,4.02837,0.254231,-1.63638e-07
7.1,6.7,0,4.24169,0.228136,-2.43787e-07
7.1,6.8,0,4.29211,0.210413,-2.10578e-07
7.1,6.9,0,4.34253,0.19269,-1.77369e-07
7.1,7,0,4.39295,0.174967,-1.4416e-07
7.1,7.1,0,4.38826,0.147791,-1.20416e-07
7.1,7.2,0,4.38067,0.120117,-9.71698e-08
7.1,7.3,0,4.37308,0.0924434,-7.39235e-08
7.1,7.4,0,4.35576,0.0806331,-5.4416e-08
7.1,7.5,0,4.33195,0.0793984,-3.74011e-08
7.1,7.6,0,4.30815,0.0781637,-2.03862e-08
7.1,7.7,0,4.2852,0.0746103,-4.77985e-09
7.1,7.8,0,4.26483,0.0641009,6.60075e-09
7.1,7.9,0,4.24447,0.0535914,1.79813e-08
7.1,8,0,4.2241,0.043082,2.93619e-08
7.1,8.1,0,4.20718,0.0430399,3.43955e-08
7.1,8.2,0,4.19065,0.0441608,3.87239e-08
7.1,8.3,0,4.17411,0.0452817,4.30522e-08
7.1,8.4,0,4.15859,0.0433109,4.56731e-08
7.1,8.5,0,4.1439,0.0388106,4.6897e-08
7.1,8.6,0,4.12921,0.0343102,4.81209e-08
7.1,8.7,0,4.11525,0.0307412,4.82806e-08
7.1,8.8,0,4.10425,0.0308978,4.41836e-08
7.1,8.9,0,4.09324,0.0310545,4.00866e-08
7.1,9,0,4.08223,0.0312112,3.59896e-08
7.1,9.1,0,4.07218,0.0295176,4.84215e-08
7.1,9.2,0,4.06229,0.0274975,6.37704e-08
7.1,9.3,0,4.0524,0.0254774,7.91193e-08
7.1,9.4,0,4.04366,0.024144,8.6627e-08
7.1,9.5,0,4.03606,0.0234975,8.62934e-08
7.1,9.6,0,4.02846,0.0228509,8.59598e-08
7.1,9.7,0,4.02103,0.0221409,8.34215e-08
7.1,9.8,0,4.01455,0.0210717,6.83898e-08
7.1,9.9,0,4.00808,0.0200024,5.33581e-08
7.1,10,0,4.00161,0.0189332,3.83263e-08
7.1,10.1,0,3.99615,0.018022,4.06048e-08
7.1,10.2,0,3.99095,0.0171504,4.72107e-08
7.1,10.3,0,3.98576,0.0162788,5.38167e-08
7.1,10.4,0,3.981,0.0154233,4.76524e-08
7.1,10.5,0,3.97679,0.0145876,2.588e-08
7.1,10.6,0,3.97258,0.0137518,4.10765e-09
7.1,10.7,0,3.96846,0.0129182,-1.70734e-08
7.1,10.8,0,3.96511,0.0121033,-3.29324e-08
7.1,10.9,0,3.96177,0.0112884,-4.87913e-08
7.1,11,0,3.95842,0.0104736,-6.46503e-08
7.1,11.1,0,3.95564,0.00967729,-7.37268e-08
7.1,11.2,0,3.95304,0.00888723,-8.05424e-08
7.1,11.3,0,3.95045,0.00809717,-8.73581e-08
7.1,11.4,0,3.94809,0.0073146,-8.58409e-08
7.1,11.5,0,3.94608,0.00654326,-7.18245e-08
7.1,11.6,0,3.94408,0.00577191,-5.78081e-08
7.1,11.7,0,3.94195,0.00500206,-4.40679e-08
7.1,11.8,0,3.9374,0.00426054,-3.55769e-08
7.1,11.9,0,3.93285,0.00351902,-2.70859e-08
7.1,12,0,3.9283,0.0027775,-1.85948e-08
7.1,12.1,0,3.86852,0.00212364,-9.65399e-09
7.1,12.2,0,3.78506,0.00150735,-5.2041e-10
7.1,12.3,0,3.7016,0.000891065,8.61317e-09
7.1,12.4,0,3.26628,0.000439234,1.30299e-08
7.1,12.5,0,2.17752,0.000292823,8.68657e-09
7.1,12.6,0,1.08876,0.000146411,4.34328e-09
7.1,12.7,0,0,0,0
7.2,0,0,0,0,0
7.2,0.1,0,1.42045,0.00201999,-9.70258e-08
7.2,0.2,0,2.84207,0.00318836,-2.54808e-08
7.2,0.3,0,3.64618,0.0041523,2.18542e-08
7.2,0.4,0,3.8319,0.00418458,3.34792e-08
7.2,0.5,0,4.01719,0.00385326,3.93542e-08
7.2,0.6,0,4.03243,0.00405283,8.06096e-08
7.2,0.7,0,4.04735,0.00330147,7.66646e-08
7.2,0.8,0,4.05668,0.00310764,9.52893e-08
7.2,0.9,0,4.06041,0.00267113,1.09721e-07
7.2,1,0,4.06414,0.00183452,1.10771e-07
7.2,1.1,0,4.06833,0.00208253,7.57179e-08
7.2,1.2,0,4.07256,0.00123409,4.41029e-08
7.2,1.3,0,4.07733,0.00110084,5.20067e-09
7.2,1.4,0,4.08267,0.000710984,-2.91592e-08
7.2,1.5,0,4.08803,-0.000164765,-5.76042e-08
7.2,1.6,0,4.09461,0.000280105,-5.77833e-08
7.2,1.7,0,4.10123,-0.000647837,-6.16583e-08
7.2,1.8,0,4.10855,-0.000685471,-3.70458e-08
7.2,1.9,0,4.11661,-0.00109744,8.5075e-09
7.2,2,0,4.12469,-0.00214172,5.02875e-08
7.2,2.1,0,4.13441,-0.00156323,7.43283e-08
7.2,2.2,0,4.14413,-0.00270832,8.12233e-08
7.2,2.3,0,4.15474,-0.00258071,8.33808e-08
7.2,2.4,0,4.16623,-0.00298339,4.17542e-08
7.2,2.5,0,4.17772,-0.00428755,-1.93958e-08
7.2,2.6,0,4.1919,-0.00416964,-3.06258e-08
7.2,2.7,0,4.20596,-0.0063429,-7.57808e-08
7.2,2.8,0,4.22113,-0.00610418,-1.01558e-07
7.2,2.9,0,4.23709,-0.00602896,-1.06098e-07
7.2,3,0,4.2529,-0.00724149,-1.09708e-07
7.2,3.1,0,4.2734,-0.00890559,-8.19333e-08
7.2,3.2,0,4.29319,-0.0140165,-6.22833e-08
7.2,3.3,0,4.31474,-0.0144122,-4.10333e-08
7.2,3.4,0,4.33696,-0.013862,-2.84833e-08
7.2,3.5,0,4.35862,-0.0151965,-2.10833e-08
7.2,3.6,0,4.38515,-0.0212986,-2.73583e-08
7.2,3.7,0,4.4088,-0.0336461,-1.87583e-08
7.2,3.8,0,4.43275,-0.0376243,-5.39583e-08
7.2,3.9,0,4.45442,-0.0394504,-1.31625e-07
7.2,4,0,4.4748,-0.044385,-2.08625e-07
7.2,4.1,0,4.45916,-0.0581898,-2.8775e-07
7.2,4.2,0,4.44309,-0.0831075,-4.4925e-07
7.2,4.3,0,4.37173,-0.0908254,-6.435e-07
7.2,4.4,0,4.23535,-0.0878625,-1.04617e-06
7.2,4.5,0,4.09408,-0.0881591,-1.53667e-06
7.2,4.6,0,3.65497,-0.0697376,-9.435e-07
7.2,4.7,0,3.19302,-0.0482378,-2.645e-07
7.2,4.8,0,2.35195,-0.0527198,-3.5e-08
7.2,4.9,0,1.16713,-0.0377246,-6.5e-08
7.2,5,0,0,0,0
7.2,6,0,7.37372e-16,1.49296e-17,8.38218e-23
7.2,6.1,0,0.991292,0.0200707,1.12687e-07
7.2,6.2,0,1.9713,0.110189,1.72637e-07
7.2,6.3,0,2.94983,0.20956,2.25622e-07
7.2,6.4,0,3.48254,0.240943,2.09969e-07
7.2,6.5,0,3.77012,0.222674,1.1676e-07
7.2,6.6,0,4.05326,0.192991,-1.19714e-08
7.2,6.7,0,4.26419,0.170224,-1.09471e-07
7.2,6.8,0,4.30809,0.16156,-1.23495e-07
7.2,6.9,0,4.35851,0.143837,-9.02861e-08
7.2,7,0,4.40893,0.126114,-5.70771e-08
7.2,7.1,0,4.39839,0.112689,-5.59129e-08
7.2,7.2,0,4.38977,0.0874283,-3.66281e-08
7.2,7.3,0,4.38218,0.0597547,-1.33818e-08
7.2,7.4,0,4.36209,0.0516843,-5.20274e-09
7.2,7.5,0,4.3359,0.0536701,2.05721e-09
7.2,7.6,0,4.3121,0.0524355,1.90721e-08
7.2,7.7,0,4.28867,0.0501916,3.31486e-08
7.2,7.8,0,4.26662,0.0442218,3.92257e-08
7.2,7.9,0,4.24625,0.0337124,5.06063e-08
7.2,8,0,4.22588,0.0232029,6.19869e-08
7.2,8.1,0,4.20794,0.0263062,6.48377e-08
7.2,8.2,0,4.19116,0.0281844,6.86405e-08
7.2,8.3,0,4.17462,0.0293053,7.29689e-08
7.2,8.4,0,4.15905,0.0287505,6.7385e-08
7.2,8.5,0,4.14429,0.025709,6.01553e-08
7.2,8.6,0,4.1296,0.0212086,6.13792e-08
7.2,8.7,0,4.1156,0.0180966,6.18285e-08
7.2,8.8,0,4.10437,0.0203478,5.90586e-08
7.2,8.9,0,4.09337,0.0205044,5.49616e-08
7.2,9,0,4.08236,0.0206611,5.08646e-08
7.2,9.1,0,4.0724,0.0203023,5.65568e-08
7.2,9.2,0,4.06254,0.0187009,6.97913e-08
7.2,9.3,0,4.05266,0.0166808,8.51401e-08
7.2,9.4,0,4.04392,0.0161202,9.24881e-08
7.2,9.5,0,4.03634,0.0164267,9.19575e-08
7.2,9.6,0,4.02874,0.0157802,9.1624e-08
7.2,9.7,0,4.02131,0.0152324,9.19008e-08
7.2,9.8,0,4.01489,0.0152084,9.5011e-08
7.2,9.9,0,4.00841,0.0141392,7.99793e-08
7.2,10,0,4.00194,0.0130699,6.49476e-08
7.2,10.1,0,3.99654,0.0129803,7.78278e-08
7.2,10.2,0,3.99136,0.0124339,8.86303e-08
7.2,10.3,0,3.98616,0.0115623,9.52363e-08
7.2,10.4,0,3.98142,0.0110787,1.01077e-07
7.2,10.5,0,3.97723,0.0107938,9.70909e-08
7.2,10.6,0,3.97302,0.00995803,7.53185e-08
7.2,10.7,0,3.9689,0.00919708,5.35434e-08
7.2,10.8,0,3.96558,0.00910932,3.17446e-08
7.2,10.9,0,3.96224,0.00830657,1.57866e-08
7.2,11,0,3.95889,0.00749169,-7.23445e-11
7.2,11.1,0,3.95612,0.00717254,-9.81936e-09
7.2,11.2,0,3.95353,0.00661573,-1.69628e-08
7.2,11.3,0,3.95094,0.00582567,-2.37785e-08
7.2,11.4,0,3.94858,0.00526958,-1.89154e-08
7.2,11.5,0,3.94658,0.00490402,1.0959e-09
7.2,11.6,0,3.94457,0.00413267,1.51123e-08
7.2,11.7,0,3.94244,0.0033889,2.77829e-08
7.2,11.8,0,3.93782,0.00316896,1.48821e-08
7.2,11.9,0,3.93327,0.00246221,2.19471e-08
7.2,12,0,3.92872,0.00172069,3.04381e-08
7.2,12.1,0,3.86872,0.00140916,1.42445e-08
7.2,12.2,0,3.78514,0.00099664,8.41709e-09
7.2,12.3,0,3.70168,0.000380353,1.75507e-08
7.2,12.4,0,3.26634,8.85962e-05,1.9166e-08
7.2,12.5,0,2.17752,0.000292823,8.68657e-09
7.2,12.6,0,1.08876,0.000146411,4.34328e-09
7.2,12.7,0,0,0,0
7.3,0,0,0,0,0
7.3,0.1,0,1.42021,0.00219031,-1.3074e-07
7.3,0.2,0,2.8409,0.00403997,-1.94052e-07
7.3,0.3,0,3.645,0.00500391,-1.46717e-07
7.3,0.4,0,3.83159,0.00576343,-1.23592e-07
7.3,0.5,0,4.01709,0.00561391,-1.14842e-07
7.3,0.6,0,4.0324,0.00600366,-6.45462e-08
7.3,0.7,0,4.04758,0.00601305,-3.23308e-08
7.3,0.8,0,4.0569,0.00581922,-1.37061e-08
7.3,0.9,0,4.06063,0.00618292,2.74884e-08
7.3,1,0,4.06437,0.00554635,3.52292e-08
7.3,1.1,0,4.06854,0.00601366,-5.11333e-10
7.3,1.2,0,4.07274,0.00604238,-3.48767e-08
7.3,1.3,0,4.0775,0.00590913,-7.37789e-08
7.3,1.4,0,4.0828,0.00649106,-1.19968e-07
7.3,1.5,0,4.08815,0.00585826,-1.51371e-07
7.3,1.6,0,4.09472,0.00657769,-1.50811e-07
7.3,1.7,0,4.1013,0.006748,-1.51729e-07
7.3,1.8,0,4.10862,0.00671037,-1.27117e-07
7.3,1.9,0,4.11664,0.00756304,-7.40167e-08
7.3,2,0,4.12471,0.00683492,-3.035e-08
7.3,2.1,0,4.13442,0.00775812,-2.88e-09
7.3,2.2,0,4.14414,0.0079919,1.77317e-08
7.3,2.3,0,4.15475,0.00811951,1.98892e-08
7.3,2.4,0,4.16625,0.00951982,1.73092e-08
7.3,2.5,0,4.17774,0.0086664,-3.40792e-08
7.3,2.6,0,4.19195,0.00924255,-3.85242e-08
7.3,2.7,0,4.2061,0.00890222,-5.65392e-08
7.3,2.8,0,4.22127,0.00914095,-8.23167e-08
7.3,2.9,0,4.23755,0.0117917,-8.87167e-08
7.3,3,0,4.25344,0.011223,-9.27917e-08
7.3,3.1,0,4.27408,0.0102483,-6.33917e-08
7.3,3.2,0,4.29444,0.00789479,-3.72417e-08
7.3,3.3,0,4.316,0.00749913,-1.59917e-08
7.3,3.4,0,4.33932,0.0118188,6.85833e-09
7.3,3.5,0,4.36126,0.0114266,1.68333e-08
7.3,3.6,0,4.38836,0.0065736,7.58333e-09
7.3,3.7,0,4.41432,-0.000777578,4.28333e-09
7.3,3.8,0,4.43827,-0.00475577,-3.09167e-08
7.3,3.9,0,4.46252,-0.000364638,-1.09917e-07
7.3,4,0,4.48355,-0.00374501,-1.8725e-07
7.3,4.1,0,4.468,-0.0153272,-2.499e-07
7.3,4.2,0,4.45227,-0.0313545,-3.455e-07
7.3,4.3,0,4.38092,-0.0390724,-5.3975e-07
7.3,4.4,0,4.25428,-0.0295904,-7.6675e-07
7.3,4.5,0,4.11545,-0.0282572,-1.21333e-06
7.3,4.6,0,3.68091,-0.0104514,-6.37333e-07
7.3,4.7,0,3.23723,0.00858575,-2.7e-08
7.3,4.8,0,2.39616,0.0041038,2.025e-07
7.3,4.9,0,1.17598,-0.0263599,-1.75e-08
7.3,5,0,0,0,0
7.3,6,0,7.37372e-16,1.49296e-17,8.38218e-23
7.3,6.1,0,0.991292,0.0200707,1.12687e-07
7.3,6.2,0,1.98258,0.0401414,2.25373e-07
7.3,6.3,0,2.96409,0.121008,2.92289e-07
7.3,6.4,0,3.4968,0.152392,2.76636e-07
7.3,6.5,0,3.78945,0.147168,2.24024e-07
7.3,6.6,0,4.07815,0.131752,1.39695e-07
7.3,6.7,0,4.28908,0.108985,4.21953e-08
7.3,6.8,0,4.33152,0.102354,1.75684e-08
7.3,6.9,0,4.37449,0.0949835,-3.20274e-09
7.3,7,0,4.42491,0.0772606,3.00062e-08
7.3,7.1,0,4.41437,0.0638363,3.11704e-08
7.3,7.2,0,4.40062,0.0506382,3.0648e-08
7.3,7.3,0,4.39128,0.027066,4.71598e-08
7.3,7.4,0,4.3712,0.0189956,5.53389e-08
7.3,7.5,0,4.34278,0.0239942,5.34733e-08
7.3,7.6,0,4.31605,0.0267072,5.85305e-08
7.3,7.7,0,4.29262,0.0244634,7.2607e-08
7.3,7.8,0,4.27031,0.019192,7.78682e-08
7.3,7.9,0,4.24803,0.0138333,8.32313e-08
7.3,8,0,4.22767,0.00332389,9.46119e-08
7.3,8.1,0,4.20972,0.00642718,9.74627e-08
7.3,8.2,0,4.19205,0.011043,9.93657e-08
7.3,8.3,0,4.17514,0.0133289,1.02886e-07
7.3,8.4,0,4.15956,0.0127741,9.73016e-08
7.3,8.5,0,4.14476,0.0108482,8.36076e-08
7.3,8.6,0,4.13,0.00810706,7.46376e-08
7.3,8.7,0,4.11599,0.00499506,7.50868e-08
7.3,8.8,0,4.10475,0.00743662,7.24376e-08
7.3,8.9,0,4.0935,0.00987818,6.97883e-08
7.3,9,0,4.08249,0.010111,6.57396e-08
7.3,9.1,0,4.07253,0.00975221,7.14318e-08
7.3,9.2,0,4.06275,0.00930245,7.88516e-08
7.3,9.3,0,4.05291,0.00788431,9.1161e-08
7.3,9.4,0,4.04418,0.00732372,9.85089e-08
7.3,9.5,0,4.0366,0.00822265,9.78559e-08
7.3,9.6,0,4.02902,0.00870944,9.72881e-08
7.3,9.7,0,4.0216,0.00816167,9.7565e-08
7.3,9.8,0,4.01517,0.00817373,1.01301e-07
7.3,9.9,0,4.00874,0.00818578,1.05037e-07
7.3,10,0,4.00227,0.00720663,9.15688e-08
7.3,10.1,0,3.99687,0.00711704,1.04449e-07
7.3,10.2,0,3.99173,0.00727236,1.24307e-07
7.3,10.3,0,3.98656,0.00684575,1.36656e-07
7.3,10.4,0,3.98182,0.00636212,1.42497e-07
7.3,10.5,0,3.97764,0.00635269,1.47403e-07
7.3,10.6,0,3.97345,0.00616421,1.46529e-07
7.3,10.7,0,3.96933,0.00540326,1.24754e-07
7.3,10.8,0,3.96602,0.00531551,1.02955e-07
7.3,10.9,0,3.9627,0.00522775,8.11565e-08
7.3,11,0,3.95936,0.00450983,6.45056e-08
7.3,11.1,0,3.95659,0.00419067,5.47586e-08
7.3,11.2,0,3.95401,0.00403675,4.70489e-08
7.3,11.3,0,3.95143,0.00355416,3.98011e-08
7.3,11.4,0,3.94907,0.00299807,4.46642e-08
7.3,11.5,0,3.94707,0.00279294,6.70455e-08
7.3,11.6,0,3.94507,0.00249343,8.80327e-08
7.3,11.7,0,3.94293,0.00174966,1.00703e-07
7.3,11.8,0,3.93831,0.00152972,8.78025e-08
7.3,11.9,0,3.93369,0.00130978,7.49018e-08
7.3,12,0,3.92913,0.000663885,7.9471e-08
7.3,12.1,0,3.86914,0.000352355,6.32774e-08
7.3,12.2,0,3.78538,0.000225107,3.65046e-08
7.3,12.3,0,3.70176,-0.000130359,2.64882e-08
7.3,12.4,0,3.26642,-0.000422116,2.81035e-08
7.3,12.5,0,2.17758,-0.000111173,1.57565e-08
7.3,12.6,0,1.08876,0.000146411,4.34328e-09
7.3,12.7,0,0,0,0
7.4,0,0,0,0,0
7.4,0.1,0,1.42021,0.00219031,-1.3074e-07
7.4,0.2,0,2.84042,0.00438062,-2.6148e-07
7.4,0.3,0,3.64382,0.00585553,-3.15288e-07
7.4,0.4,0,3.83041,0.00661504,-2.92163e-07
7.4,0.5,0,4.01699,0.00737456,-2.69038e-07
7.4,0.6,0,4.0323,0.00776431,-2.18742e-07
7.4,0.7,0,4.04761,0.00815407,-1.68447e-07
7.4,0.8,0,4.05713,0.0085308,-1.22702e-07
7.4,0.9,0,4.06086,0.0088945,-8.1507e-08
7.4,1,0,4.06459,0.00925819,-4.03125e-08
7.4,1.1,0,4.06876,0.00972549,-7.6053e-08
7.4,1.2,0,4.07294,0.0101928,-1.11794e-07
7.4,1.3,0,4.07768,0.0107174,-1.52759e-07
7.4,1.4,0,4.08298,0.0112993,-1.98948e-07
7.4,1.5,0,4.08827,0.0118813,-2.45138e-07
7.4,1.6,0,4.09484,0.0126007,-2.44578e-07
7.4,1.7,0,4.1014,0.0133202,-2.44017e-07
7.4,1.8,0,4.10869,0.0141062,-2.17187e-07
7.4,1.9,0,4.11671,0.0149589,-1.64087e-07
7.4,2,0,4.12472,0.0158116,-1.10988e-07
7.4,2.1,0,4.13444,0.0167348,-8.35175e-08
7.4,2.2,0,4.14415,0.017658,-5.60475e-08
7.4,2.3,0,4.15476,0.0188197,-4.36025e-08
7.4,2.4,0,4.16626,0.02022,-4.61825e-08
7.4,2.5,0,4.17776,0.0216204,-4.87625e-08
7.4,2.6,0,4.19197,0.0221965,-5.32075e-08
7.4,2.7,0,4.20617,0.0227726,-5.76525e-08
7.4,2.8,0,4.22142,0.0243861,-6.3075e-08
7.4,2.9,0,4.2377,0.0270368,-6.9475e-08
7.4,3,0,4.25398,0.0296875,-7.5875e-08
7.4,3.1,0,4.27462,0.0287128,-4.6475e-08
7.4,3.2,0,4.29527,0.027738,-1.7075e-08
7.4,3.3,0,4.31725,0.0294105,9.05e-09
7.4,3.4,0,4.34057,0.0337301,3.19e-08
7.4,3.5,0,4.36389,0.0380497,5.475e-08
7.4,3.6,0,4.39099,0.0331967,4.55e-08
7.4,3.7,0,4.4181,0.0283437,3.625e-08
7.4,3.8,0,4.44378,0.0281128,-7.875e-09
7.4,3.9,0,4.46804,0.0325039,-8.6875e-08
7.4,4,0,4.4923,0.036895,-1.65875e-07
7.4,4.1,0,4.47675,0.0253129,-2.28525e-07
7.4,4.2,0,4.4612,0.0137307,-2.91175e-07
7.4,4.3,0,4.3901,0.0126807,-4.36e-07
7.4,4.4,0,4.26346,0.0221627,-6.63e-07
7.4,4.5,0,4.13682,0.0316447,-8.9e-07
7.4,4.6,0,3.70228,0.0494505,-3.14e-07
7.4,4.7,0,3.26773,0.0672563,2.62e-07
7.4,4.8,0,2.44037,0.0609274,4.4e-07
7.4,4.9,0,1.22018,0.0304637,2.2e-07
7.4,5,0,0,0,0
7.4,6,0,0,0,0
7.4,6.1,0,0.991292,0.0200707,1.12687e-07
7.4,6.2,0,1.98258,0.0401414,2.25373e-07
7.4,6.3,0,2.97388,0.0602121,3.3806e-07
7.4,6.4,0,3.51106,0.0638409,3.43302e-07
7.4,6.5,0,3.80371,0.0586164,2.9069e-07
7.4,6.6,0,4.09637,0.0533918,2.38078e-07
7.4,6.7,0,4.31396,0.0477454,1.93862e-07
7.4,6.8,0,4.35641,0.0411146,1.69235e-07
7.4,6.9,0,4.39885,0.0344837,1.44608e-07
7.4,7,0,4.44129,0.0278529,1.19981e-07
7.4,7.1,0,4.43035,0.0149832,1.18254e-07
7.4,7.2,0,4.4166,0.00178511,1.17731e-07
7.4,7.3,0,4.40285,-0.011413,1.17209e-07
7.4,7.4,0,4.3803,-0.0136931,1.15881e-07
7.4,7.5,0,4.35188,-0.00869452,1.14015e-07
7.4,7.6,0,4.32346,-0.00369596,1.12149e-07
7.4,7.7,0,4.29657,-0.00126489,1.12065e-07
7.4,7.8,0,4.27426,-0.00653625,1.17326e-07
7.4,7.9,0,4.25195,-0.0118076,1.22588e-07
7.4,8,0,4.22964,-0.017079,1.27849e-07
7.4,8.1,0,4.21151,-0.0134519,1.30088e-07
7.4,8.2,0,4.19383,-0.00883604,1.31991e-07
7.4,8.3,0,4.17616,-0.00422022,1.33894e-07
7.4,8.4,0,4.16007,-0.00320234,1.27218e-07
7.4,8.5,0,4.14527,-0.00512822,1.13524e-07
7.4,8.6,0,4.13048,-0.0070541,9.98302e-08
7.4,8.7,0,4.11639,-0.00810649,8.83451e-08
7.4,8.8,0,4.10514,-0.00566493,8.56959e-08
7.4,8.9,0,4.09389,-0.00322337,8.30466e-08
7.4,9,0,4.08265,-0.000781809,8.03974e-08
7.4,9.1,0,4.07265,-0.000797869,8.63068e-08
7.4,9.2,0,4.06288,-0.00124763,9.37266e-08
7.4,9.3,0,4.05311,-0.00169738,1.01146e-07
7.4,9.4,0,4.04443,-0.0014728,1.0453e-07
7.4,9.5,0,4.03686,-0.000573877,1.03877e-07
7.4,9.6,0,4.02928,0.000325047,1.03224e-07
7.4,9.7,0,4.02188,0.00109094,1.03229e-07
7.4,9.8,0,4.01545,0.00110299,1.06965e-07
7.4,9.9,0,4.00902,0.00111505,1.10701e-07
7.4,10,0,4.0026,0.0011271,1.14437e-07
7.4,10.1,0,3.9972,0.00125377,1.3107e-07
7.4,10.2,0,3.99206,0.00140909,1.50929e-07
7.4,10.3,0,3.98693,0.00156441,1.70787e-07
7.4,10.4,0,3.98222,0.00164559,1.83917e-07
7.4,10.5,0,3.97804,0.00163615,1.88823e-07
7.4,10.6,0,3.97386,0.00162672,1.93729e-07
7.4,10.7,0,3.96977,0.00160945,1.95965e-07
7.4,10.8,0,3.96645,0.00152169,1.74166e-07
7.4,10.9,0,3.96314,0.00143394,1.52367e-07
7.4,11,0,3.95982,0.00134618,1.30568e-07
7.4,11.1,0,3.95706,0.00120881,1.19336e-07
7.4,11.2,0,3.95448,0.00105489,1.11627e-07
7.4,11.3,0,3.9519,0.000900971,1.03917e-07
7.4,11.4,0,3.94956,0.000726566,1.08244e-07
7.4,11.5,0,3.94756,0.00052143,1.30625e-07
7.4,11.6,0,3.94556,0.000316295,1.53006e-07
7.4,11.7,0,3.94343,0.000110419,1.73624e-07
7.4,11.8,0,3.93881,-0.000109519,1.60723e-07
7.4,11.9,0,3.93419,-0.000329457,1.47822e-07
7.4,12,0,3.92957,-0.000549396,1.34921e-07
7.4,12.1,0,3.86955,-0.000704451,1.1231e-07
7.4,12.2,0,3.78579,-0.000831699,8.55376e-08
7.4,12.3,0,3.70203,-0.000958947,5.87648e-08
7.4,12.4,0,3.2665,-0.000932828,3.7041e-08
7.4,12.5,0,2.17766,-0.000621886,2.4694e-08
7.4,12.6,0,1.08883,-0.000310943,1.2347e-08
7.4,12.7,0,0,0,0
7.5,0,0,0,0,0
7.5,0.1,0,1.418,0.00297381,5.27667e-09
7.5,0.2,0,2.83821,0.00516412,-1.25463e-07
7.5,0.3,0,3.64221,0.00716651,-1.95771e-07
7.5,0.4,0,3.8292,0.00827767,-1.83646e-07
7.5,0.5,0,4.01578,0.00903719,-1.60521e-07
7.5,0.6,0,4.03138,0.0103568,-1.42638e-07
7.5,0.7,0,4.04669,0.0107465,-9.23423e-08
7.5,0.8,0,4.05615,0.011711,-6.48123e-08
7.5,0.9,0,4.05984,0.0124665,-3.57612e-08
7.5,1,0,4.06356,0.0128302,5.43333e-09
7.5,1.1,0,4.06756,0.0143687,-8.41133e-09
7.5,1.2,0,4.07174,0.014836,-4.41518e-08
7.5,1.3,0,4.07635,0.0160747,-6.91543e-08
7.5,1.4,0,4.08155,0.0171327,-1.04702e-07
7.5,1.5,0,4.08685,0.0177147,-1.50892e-07
7.5,1.6,0,4.09315,0.0197759,-1.67228e-07
7.5,1.7,0,4.09972,0.0204954,-1.66668e-07
7.5,1.8,0,4.10681,0.0222208,-1.76918e-07
7.5,1.9,0,4.11469,0.0236997,-1.48538e-07
7.5,2,0,4.1227,0.0245523,-9.54375e-08
7.5,2.1,0,4.13203,0.0272248,-9.70925e-08
7.5,2.2,0,4.14175,0.028148,-6.96225e-08
7.5,2.3,0,4.1521,0.0306601,-4.067e-08
7.5,2.4,0,4.16343,0.0329606,-3.2245e-08
7.5,2.5,0,4.17493,0.0343609,-3.4825e-08
7.5,2.6,0,4.1885,0.0373221,-1.24717e-08
7.5,2.7,0,4.20271,0.0378983,-1.69167e-08
7.5,2.8,0,4.21761,0.0416143,-1.84142e-08
7.5,2.9,0,4.23366,0.0456668,-2.21975e-08
7.5,3,0,4.24994,0.0483175,-2.85975e-08
7.5,3.1,0,4.26965,0.0509628,-2.1725e-08
7.5,3.2,0,4.2903,0.0499881,7.675e-09
7.5,3.3,0,4.31181,0.0552441,2.03e-08
7.5,3.4,0,4.33481,0.0619527,3.415e-08
7.5,3.5,0,4.35813,0.0662723,5.7e-08
7.5,3.6,0,4.38434,0.0680449,2.9625e-08
7.5,3.7,0,4.41145,0.0631919,2.0375e-08
7.5,3.8,0,4.43766,0.0694762,-1.82e-08
7.5,3.9,0,4.46227,0.0782108,-9.35e-08
7.5,4,0,4.48653,0.0826019,-1.725e-07
7.5,4.1,0,4.47462,0.0831138,-1.81358e-07
7.5,4.2,0,4.45907,0.0715317,-2.44008e-07
7.5,4.3,0,4.40577,0.0727504,-2.73383e-07
7.5,4.4,0,4.29099,0.0837449,-4.23417e-07
7.5,4.5,0,4.16435,0.0932269,-6.50417e-07
7.5,4.6,0,3.7915,0.0993468,-1.55667e-07
7.5,4.7,0,3.35696,0.117153,4.20333e-07
7.5,4.8,0,2.47606,0.0808859,5.03333e-07
7.5,4.9,0,1.22018,0.0304637,2.2e-07
7.5,5,0,0,0,0
7.5,6,0,0,0,0
7.5,6.1,0,1.05398,-0.0575519,7.46269e-08
7.5,6.2,0,2.05259,-0.0465371,1.82873e-07
7.5,6.3,0,3.04388,-0.0264664,2.9556e-07
7.5,6.4,0,3.55274,-0.0160366,3.39996e-07
7.5,6.5,0,3.82506,-0.0163783,3.15524e-07
7.5,6.6,0,4.11772,-0.0216029,2.62912e-07
7.5,6.7,0,4.32924,-0.0218178,2.06886e-07
7.5,6.8,0,4.35516,-0.0136629,1.5011e-07
7.5,6.9,0,4.3976,-0.0202937,1.25483e-07
7.5,7,0,4.44004,-0.0269246,1.00856e-07
7.5,7.1,0,4.42682,-0.0253263,9.64772e-08
7.5,7.2,0,4.41267,-0.0359861,9.54897e-08
7.5,7.3,0,4.39892,-0.0491842,9.49673e-08
7.5,7.4,0,4.37617,-0.0457276,8.79524e-08
7.5,7.5,0,4.34759,-0.0357891,8.11899e-08
7.5,7.6,0,4.31917,-0.0307906,7.93243e-08
7.5,7.7,0,4.2925,-0.0269583,7.58644e-08
7.5,7.8,0,4.27098,-0.0273722,6.94223e-08
7.5,7.9,0,4.24867,-0.0326436,7.46835e-08
7.5,8,0,4.22636,-0.0379149,7.99447e-08
7.5,8.1,0,4.20844,-0.0304811,7.12693e-08
7.5,8.2,0,4.19082,-0.0249488,7.05448e-08
7.5,8.3,0,4.17314,-0.020333,7.24478e-08
7.5,8.4,0,4.15751,-0.0177904,6.62034e-08
7.5,8.5,0,4.14318,-0.0181453,5.29534e-08
7.5,8.6,0,4.12838,-0.0200712,3.92594e-08
7.5,8.7,0,4.11433,-0.0206542,2.92295e-08
7.5,8.8,0,4.10326,-0.0160613,3.32501e-08
7.5,8.9,0,4.09201,-0.0136197,3.06008e-08
7.5,9,0,4.08077,-0.0111782,2.79516e-08
7.5,9.1,0,4.07124,-0.00980121,3.31756e-08
7.5,9.2,0,4.06162,-0.00981394,4.03803e-08
7.5,9.3,0,4.05184,-0.0102637,4.78001e-08
7.5,9.4,0,4.04327,-0.00930208,5.0163e-08
7.5,9.5,0,4.03582,-0.00749414,4.82514e-08
7.5,9.6,0,4.02824,-0.00659522,4.75984e-08
7.5,9.7,0,4.02088,-0.00566545,4.6228e-08
7.5,9.8,0,4.01473,-0.00459735,4.10983e-08
7.5,9.9,0,4.00831,-0.00458529,4.48341e-08
7.5,10,0,4.00188,-0.00457324,4.85699e-08
7.5,10.1,0,3.99663,-0.00365666,5.98216e-08
7.5,10.2,0,3.99156,-0.00318867,7.75494e-08
7.5,10.3,0,3.98642,-0.00303335,9.74076e-08
7.5,10.4,0,3.98178,-0.00259084,1.17263e-07
7.5,10.5,0,3.9777,-0.00206496,1.32133e-07
7.5,10.6,0,3.97353,-0.0020744,1.37039e-07
7.5,10.7,0,3.96945,-0.0020209,1.39559e-07
7.5,10.8,0,3.96625,-0.00140103,1.20599e-07
7.5,10.9,0,3.96293,-0.00147699,9.88474e-08
7.5,11,0,3.95961,-0.00156474,7.70485e-08
7.5,11.1,0,3.95692,-0.00123787,6.88643e-08
7.5,11.2,0,3.95437,-0.00116482,6.26447e-08
7.5,11.3,0,3.9518,-0.00131874,5.4935e-08
7.5,11.4,0,3.94947,-0.00127118,5.2792e-08
7.5,11.5,0,3.94752,-0.00107863,6.35818e-08
7.5,11.6,0,3.94552,-0.00128376,8.59631e-08
7.5,11.7,0,3.94339,-0.00146397,1.07286e-07
7.5,11.8,0,3.93872,-0.00117046,1.08507e-07
7.5,11.9,0,3.9341,-0.00135617,9.65481e-08
7.5,12,0,3.92948,-0.00157611,8.36473e-08
7.5,12.1,0,3.86928,-0.00139541,7.17785e-08
7.5,12.2,0,3.7854,-0.00132281,5.14001e-08
7.5,12.3,0,3.70164,-0.00145006,2.46273e-08
7.5,12.4,0,3.26623,-0.00127001,1.36034e-08
7.5,12.5,0,2.17766,-0.000621886,2.4694e-08
7.5,12.6,0,1.08883,-0.000310943,1.2347e-08
7.5,12.7,0,0,0,0
7.6,0,0,0,0,0
7.6,0.1,0,1.41755,0.00313051,3.248e-08
7.6,0.2,0,2.83599,0.00594762,1.05533e-08
7.6,0.3,0,3.63999,0.00795001,-5.97542e-08
7.6,0.4,0,3.82779,0.00976448,-6.96292e-08
7.6,0.5,0,4.01457,0.0106998,-5.20042e-08
7.6,0.6,0,4.03022,0.0122053,-4.06037e-08
7.6,0.7,0,4.04576,0.013339,-1.62382e-08
7.6,0.8,0,4.05522,0.0143034,1.12918e-08
7.6,0.9,0,4.05883,0.0158426,1.60563e-08
7.6,1,0,4.06254,0.0164023,5.11792e-08
7.6,1.1,0,4.06651,0.0181549,4.17137e-08
7.6,1.2,0,4.07054,0.0194791,2.34898e-08
7.6,1.3,0,4.07515,0.0207179,-1.51267e-09
7.6,1.4,0,4.08018,0.0227281,-1.57772e-08
7.6,1.5,0,4.08543,0.0235481,-5.66458e-08
7.6,1.6,0,4.09168,0.0258777,-7.63608e-08
7.6,1.7,0,4.09803,0.0276706,-8.93175e-08
7.6,1.8,0,4.10513,0.029396,-9.95675e-08
7.6,1.9,0,4.11274,0.0321273,-1.20628e-07
7.6,2,0,4.12069,0.0332931,-7.98875e-08
7.6,2.1,0,4.12994,0.0363154,-8.73675e-08
7.6,2.2,0,4.13935,0.038638,-8.31975e-08
7.6,2.3,0,4.1497,0.0411501,-5.4245e-08
7.6,2.4,0,4.16068,0.045251,-2.381e-08
7.6,2.5,0,4.17209,0.0471014,-2.08875e-08
7.6,2.6,0,4.18554,0.0505397,6.8255e-09
7.6,2.7,0,4.19924,0.0530239,2.38192e-08
7.6,2.8,0,4.21414,0.05674,2.23217e-08
7.6,2.9,0,4.22974,0.063596,2.37717e-08
7.6,3,0,4.24591,0.0669475,1.868e-08
7.6,3.1,0,4.26543,0.0703169,2.1047e-08
7.6,3.2,0,4.28532,0.0722382,3.2425e-08
7.6,3.3,0,4.30683,0.0774941,4.505e-08
7.6,3.4,0,4.32921,0.0889808,4.09e-08
7.6,3.5,0,4.35237,0.0944949,5.925e-08
7.6,3.6,0,4.3784,0.0975927,2.825e-08
7.6,3.7,0,4.4048,0.0980402,4.5e-09
7.6,3.8,0,4.43101,0.104324,-3.4075e-08
7.6,3.9,0,4.45632,0.121746,-1.01975e-07
7.6,4,0,4.48075,0.128309,-1.79125e-07
7.6,4.1,0,4.46958,0.131239,-1.77225e-07
7.6,4.2,0,4.45694,0.129333,-1.96842e-07
7.6,4.3,0,4.40364,0.130551,-2.26217e-07
7.6,4.4,0,4.31258,0.144571,-2.22317e-07
7.6,4.5,0,4.19187,0.154809,-4.10833e-07
7.6,4.6,0,3.83137,0.158592,6.76667e-08
7.6,4.7,0,3.44618,0.167049,5.78667e-07
7.6,4.8,0,2.56528,0.130782,6.61667e-07
7.6,4.9,0,1.23803,0.040443,2.51667e-07
7.6,5,0,0,0,0
7.6,6,0,0,0,0
7.6,6.1,0,1.05398,-0.0575519,7.46269e-08
7.6,6.2,0,2.10797,-0.115104,1.49254e-07
7.6,6.3,0,3.11389,-0.113145,2.5306e-07
7.6,6.4,0,3.62274,-0.102715,2.97496e-07
7.6,6.5,0,3.87183,-0.0974765,3.05183e-07
7.6,6.6,0,4.13907,-0.0965976,2.87745e-07
7.6,6.7,0,4.35059,-0.0968125,2.31719e-07
7.6,6.8,0,4.3728,-0.0853384,1.67726e-07
7.6,6.9,0,4.39636,-0.0750712,1.06358e-07
7.6,7,0,4.4388,-0.0817021,8.17313e-08
7.6,7.1,0,4.42558,-0.0801038,7.73522e-08
7.6,7.2,0,4.40942,-0.0780724,7.40388e-08
7.6,7.3,0,4.39499,-0.0869554,7.27256e-08
7.6,7.4,0,4.37224,-0.0834989,6.57107e-08
7.6,7.5,0,4.3435,-0.0689392,5.43674e-08
7.6,7.6,0,4.31487,-0.0578852,4.64993e-08
7.6,7.7,0,4.28821,-0.0540529,4.30394e-08
7.6,7.8,0,4.2668,-0.0537195,3.47968e-08
7.6,7.9,0,4.24538,-0.0534795,2.67794e-08
7.6,8,0,4.22307,-0.0587509,3.20405e-08
7.6,8.1,0,4.20515,-0.051317,2.33652e-08
7.6,8.2,0,4.18772,-0.0424715,1.31413e-08
7.6,8.3,0,4.17013,-0.0364458,1.1002e-08
7.6,8.4,0,4.15449,-0.0339031,4.75759e-09
7.6,8.5,0,4.14052,-0.0330568,-8.15286e-09
7.6,8.6,0,4.12628,-0.0330883,-2.13114e-08
7.6,8.7,0,4.11223,-0.0336713,-3.13413e-08
7.6,8.8,0,4.10118,-0.0288828,-2.67144e-08
7.6,8.9,0,4.09013,-0.0240944,-2.20876e-08
7.6,9,0,4.07888,-0.0215746,-2.44943e-08
7.6,9.1,0,4.06936,-0.0201976,-1.92702e-08
7.6,9.2,0,4.06014,-0.0190085,-1.26568e-08
7.6,9.3,0,4.05058,-0.01883,-5.54614e-09
7.6,9.4,0,4.04201,-0.0178684,-3.18326e-09
7.6,9.5,0,4.03463,-0.0154954,-5.87729e-09
7.6,9.6,0,4.0272,-0.0135155,-8.02705e-09
7.6,9.7,0,4.01984,-0.0125857,-9.3974e-09
7.6,9.8,0,4.0137,-0.0114812,-1.48328e-08
7.6,9.9,0,4.00756,-0.0103767,-2.02683e-08
7.6,10,0,4.00116,-0.0102736,-1.72967e-08
7.6,10.1,0,3.99592,-0.009357,-6.04511e-09
7.6,10.2,0,3.99097,-0.0082143,7.08549e-09
7.6,10.3,0,3.98591,-0.00763111,2.40284e-08
7.6,10.4,0,3.98127,-0.0071886,4.38836e-08
7.6,10.5,0,3.97725,-0.00639507,6.37351e-08
7.6,10.6,0,3.97319,-0.00577551,8.03485e-08
7.6,10.7,0,3.96911,-0.00572202,8.28682e-08
7.6,10.8,0,3.96591,-0.00510214,6.39085e-08
7.6,10.9,0,3.96271,-0.00448226,4.49488e-08
7.6,11,0,3.95941,-0.00447567,2.35285e-08
7.6,11.1,0,3.95671,-0.0041488,1.53443e-08
7.6,11.2,0,3.95422,-0.00368372,1.16984e-08
7.6,11.3,0,3.95169,-0.00353846,5.9529e-09
7.6,11.4,0,3.94936,-0.0034909,3.80992e-09
7.6,11.5,0,3.94742,-0.00314112,1.0017e-08
7.6,11.6,0,3.94547,-0.00288382,1.89198e-08
7.6,11.7,0,3.94334,-0.00306403,4.02431e-08
7.6,11.8,0,3.93868,-0.00277052,4.1464e-08
7.6,11.9,0,3.93402,-0.00247702,4.26849e-08
7.6,12,0,3.92939,-0.00260283,3.23731e-08
7.6,12.1,0,3.86919,-0.00242213,2.05044e-08
7.6,12.2,0,3.78516,-0.00206973,9.07788e-09
7.6,12.3,0,3.70126,-0.00194117,-9.51021e-09
7.6,12.4,0,3.26584,-0.00176112,-2.05341e-08
7.6,12.5,0,2.17736,-0.00101038,-2.31026e-09
7.6,12.6,0,1.08883,-0.000310943,1.2347e-08
7.6,12.7,0,0,0,0
7.7,0,0,0,0,0
7.7,0.1,0,1.41755,0.00313051,3.248e-08
7.7,0.2,0,2.83511,0.00626102,6.496e-08
7.7,0.3,0,3.63778,0.00873351,7.62625e-08
7.7,0.4,0,3.82557,0.010548,6.63875e-08
7.7,0.5,0,4.01337,0.0123624,5.65125e-08
7.7,0.6,0,4.02901,0.013868,6.7913e-08
7.7,0.7,0,4.04466,0.0153735,7.93135e-08
7.7,0.8,0,4.05429,0.0168959,8.7396e-08
7.7,0.9,0,4.0579,0.0184351,9.21605e-08
7.7,1,0,4.06151,0.0199743,9.6925e-08
7.7,1.1,0,4.06548,0.021727,8.74595e-08
7.7,1.2,0,4.06945,0.0234796,7.7994e-08
7.7,1.3,0,4.07395,0.025361,6.6129e-08
7.7,1.4,0,4.07898,0.0273713,5.18645e-08
7.7,1.5,0,4.08401,0.0293815,3.76e-08
7.7,1.6,0,4.09026,0.0317111,1.7885e-08
7.7,1.7,0,4.09651,0.0340407,-1.83e-09
7.7,1.8,0,4.10344,0.0365712,-2.22175e-08
7.7,1.9,0,4.11106,0.0393026,-4.32775e-08
7.7,2,0,4.11867,0.0420339,-6.43375e-08
7.7,2.1,0,4.12792,0.0450562,-7.18175e-08
7.7,2.2,0,4.13718,0.0480785,-7.92975e-08
7.7,2.3,0,4.1473,0.0516401,-6.782e-08
7.7,2.4,0,4.15828,0.0557411,-3.7385e-08
7.7,2.5,0,4.16926,0.059842,-6.95e-09
7.7,2.6,0,4.18271,0.0632803,2.0763e-08
7.7,2.7,0,4.19615,0.0667185,4.8476e-08
7.7,2.8,0,4.21068,0.0718656,6.30575e-08
7.7,2.9,0,4.22628,0.0787216,6.45075e-08
7.7,3,0,4.24188,0.0855776,6.59575e-08
7.7,3.1,0,4.2614,0.0889469,6.83245e-08
7.7,3.2,0,4.28092,0.0923162,7.06915e-08
7.7,3.3,0,4.30186,0.0997442,6.98e-08
7.7,3.4,0,4.32424,0.111231,6.565e-08
7.7,3.5,0,4.34661,0.122718,6.15e-08
7.7,3.6,0,4.37265,0.125815,3.05e-08
7.7,3.7,0,4.39868,0.128913,-5e-10
7.7,3.8,0,4.42435,0.139173,-4.995e-08
7.7,3.9,0,4.44967,0.156594,-1.1785e-07
7.7,4,0,4.47498,0.174016,-1.8575e-07
7.7,4.1,0,4.4638,0.176946,-1.8385e-07
7.7,4.2,0,4.45263,0.179877,-1.8195e-07
7.7,4.3,0,4.40151,0.188352,-1.7905e-07
7.7,4.4,0,4.31045,0.202372,-1.7515e-07
7.7,4.5,0,4.21939,0.216391,-1.7125e-07
7.7,4.6,0,3.85889,0.220174,3.0725e-07
7.7,4.7,0,3.49839,0.223957,7.8575e-07
7.7,4.8,0,2.65451,0.180679,8.2e-07
7.7,4.9,0,1.32725,0.0903393,4.1e-07
7.7,5,0,0,0,0
7.7,6,0,0,0,0
7.7,6.1,0,1.05398,-0.0575519,7.46269e-08
7.7,6.2,0,2.10797,-0.115104,1.49254e-07
7.7,6.3,0,3.16195,-0.172656,2.23881e-07
7.7,6.4,0,3.69275,-0.189394,2.54996e-07
7.7,6.5,0,3.94183,-0.184155,2.62683e-07
7.7,6.6,0,4.19091,-0.178916,2.70369e-07
7.7,6.7,0,4.37194,-0.171807,2.56552e-07
7.7,6.8,0,4.39415,-0.160333,1.9256e-07
7.7,6.9,0,4.41636,-0.148859,1.28567e-07
7.7,7,0,4.43857,-0.137385,6.45746e-08
7.7,7.1,0,4.42433,-0.134881,5.82272e-08
7.7,7.2,0,4.40818,-0.13285,5.49138e-08
7.7,7.3,0,4.39202,-0.130818,5.16004e-08
7.7,7.4,0,4.36832,-0.12127,4.3469e-08
7.7,7.5,0,4.33957,-0.10671,3.21257e-08
7.7,7.6,0,4.31083,-0.0921507,2.07825e-08
7.7,7.7,0,4.28392,-0.0811476,1.02144e-08
7.7,7.8,0,4.26251,-0.0808141,1.97183e-09
7.7,7.9,0,4.2411,-0.0804807,-6.27071e-09
7.7,8,0,4.2197,-0.0801473,-1.45132e-08
7.7,8.1,0,4.20187,-0.072153,-2.4539e-08
7.7,8.2,0,4.18444,-0.0633074,-3.47629e-08
7.7,8.3,0,4.167,-0.0544619,-4.49868e-08
7.7,8.4,0,4.15147,-0.0500159,-5.66882e-08
7.7,8.5,0,4.1375,-0.0491696,-6.95987e-08
7.7,8.6,0,4.12353,-0.0483232,-8.25091e-08
7.7,8.7,0,4.11014,-0.0466884,-9.19121e-08
7.7,8.8,0,4.09908,-0.0418999,-8.72853e-08
7.7,8.9,0,4.08803,-0.0371115,-8.26584e-08
7.7,9,0,4.07697,-0.032323,-7.80315e-08
7.7,9.1,0,4.06748,-0.030594,-7.17161e-08
7.7,9.2,0,4.05826,-0.0294049,-6.51026e-08
7.7,9.3,0,4.04904,-0.0282158,-5.84892e-08
7.7,9.4,0,4.04074,-0.0264347,-5.65295e-08
7.7,9.5,0,4.03337,-0.0240617,-5.92235e-08
7.7,9.6,0,4.02599,-0.0216887,-6.19176e-08
7.7,9.7,0,4.0188,-0.019506,-6.50228e-08
7.7,9.8,0,4.01266,-0.0184015,-7.04583e-08
7.7,9.9,0,4.00652,-0.0172969,-7.58937e-08
7.7,10,0,4.00039,-0.0161924,-8.13292e-08
7.7,10.1,0,3.9952,-0.0150573,-7.19118e-08
7.7,10.2,0,3.99025,-0.0139146,-5.87812e-08
7.7,10.3,0,3.9853,-0.0127719,-4.56506e-08
7.7,10.4,0,3.98076,-0.0117864,-2.94956e-08
7.7,10.5,0,3.97674,-0.0109928,-9.64409e-09
7.7,10.6,0,3.97271,-0.0101993,1.02074e-08
7.7,10.7,0,3.96877,-0.00942313,2.61778e-08
7.7,10.8,0,3.96557,-0.00880325,7.21808e-09
7.7,10.9,0,3.96237,-0.00818338,-1.17416e-08
7.7,11,0,3.95917,-0.0075635,-3.07013e-08
7.7,11.1,0,3.95651,-0.00705972,-3.81757e-08
7.7,11.2,0,3.95402,-0.00659465,-4.18216e-08
7.7,11.3,0,3.95153,-0.00612957,-4.54675e-08
7.7,11.4,0,3.94926,-0.00571061,-4.51722e-08
7.7,11.5,0,3.94732,-0.00536083,-3.89651e-08
7.7,11.6,0,3.94538,-0.00501105,-3.2758e-08
7.7,11.7,0,3.9433,-0.00466409,-2.68002e-08
7.7,11.8,0,3.93864,-0.00437058,-2.55793e-08
7.7,11.9,0,3.93398,-0.00407708,-2.43584e-08
7.7,12,0,3.92932,-0.00378357,-2.31375e-08
7.7,12.1,0,3.8691,-0.00344884,-3.07698e-08
7.7,12.2,0,3.78507,-0.00309645,-4.21963e-08
7.7,12.3,0,3.70104,-0.00274405,-5.36228e-08
7.7,12.4,0,3.26546,-0.00225223,-5.46716e-08
7.7,12.5,0,2.17697,-0.00150149,-3.64478e-08
7.7,12.6,0,1.08849,-0.000750744,-1.82239e-08
7.7,12.7,0,0,0,0
7.8,0,0,0,0,0
7.8,0.1,0,1.41402,0.00388017,6.31725e-08
7.8,0.2,0,2.83157,0.00701068,9.56525e-08
7.8,0.3,0,3.63484,0.0100308,1.0188e-07
7.8,0.4,0,3.82303,0.0122104,8.8622e-08
7.8,0.5,0,4.01082,0.0140249,7.8747e-08
7.8,0.6,0,4.02672,0.0165067,6.49012e-08
7.8,0.7,0,4.04237,0.0180123,7.63017e-08
7.8,0.8,0,4.05188,0.0201515,7.6723e-08
7.8,0.9,0,4.0554,0.022102,7.638e-08
7.8,1,0,4.05901,0.0236412,8.11445e-08
7.8,1.1,0,4.06264,0.0265141,8.88463e-08
7.8,1.2,0,4.06661,0.0282667,7.93808e-08
7.8,1.3,0,4.07085,0.0308939,7.99827e-08
7.8,1.4,0,4.07571,0.0334013,7.40294e-08
7.8,1.5,0,4.08074,0.0354116,5.97649e-08
7.8,1.6,0,4.08645,0.0391318,4.22507e-08
7.8,1.7,0,4.09269,0.0414614,2.25357e-08
7.8,1.8,0,4.09922,0.0449646,-5.8631e-09
7.8,1.9,0,4.10656,0.0483444,-3.2264e-08
7.8,2,0,4.11417,0.0510758,-5.3324e-08
7.8,2.1,0,4.12255,0.0559187,-7.09094e-08
7.8,2.2,0,4.13181,0.058941,-7.83894e-08
7.8,2.3,0,4.1413,0.0638532,-7.16609e-08
7.8,2.4,0,4.15186,0.0688545,-4.43918e-08
7.8,2.5,0,4.16285,0.0729554,-1.39568e-08
7.8,2.6,0,4.1748,0.0788825,1.72342e-08
7.8,2.7,0,4.18825,0.0823208,4.49472e-08
7.8,2.8,0,4.20184,0.089432,6.66139e-08
7.8,2.9,0,4.21682,0.0975974,7.27873e-08
7.8,3,0,4.23242,0.104453,7.42373e-08
7.8,3.1,0,4.24922,0.11147,7.15453e-08
7.8,3.2,0,4.26874,0.11484,7.39123e-08
7.8,3.3,0,4.28826,0.125192,6.77948e-08
7.8,3.4,0,4.30968,0.138628,6.01607e-08
7.8,3.5,0,4.33205,0.150115,5.60107e-08
7.8,3.6,0,4.35348,0.159218,2.02083e-08
7.8,3.7,0,4.37952,0.162316,-1.07917e-08
7.8,3.8,0,4.40465,0.176738,-5.1073e-08
7.8,3.9,0,4.4296,0.196935,-1.12861e-07
7.8,4,0,4.45491,0.214357,-1.80761e-07
7.8,4.1,0,4.4451,0.227048,-1.77745e-07
7.8,4.2,0,4.43392,0.229978,-1.75845e-07
7.8,4.3,0,4.40239,0.243278,-1.30734e-07
7.8,4.4,0,4.3244,0.260514,-9.86928e-08
7.8,4.5,0,4.23334,0.274533,-9.47928e-08
7.8,4.6,0,3.94775,0.269439,3.10917e-07
7.8,4.7,0,3.58725,0.273222,7.89417e-07
7.8,4.8,0,2.69005,0.200385,8.21467e-07
7.8,4.9,0,1.32725,0.0903393,4.1e-07
7.8,5,0,0,0,0
7.8,6,0,8.31516e-16,-8.83506e-17,2.93792e-23
7.8,6.1,0,1.11785,-0.118775,3.94962e-08
7.8,6.2,0,2.17929,-0.183469,1.10024e-07
7.8,6.3,0,3.23327,-0.241021,1.84651e-07
7.8,6.4,0,3.72337,-0.257222,2.1956e-07
7.8,6.5,0,3.94323,-0.251598,2.2997e-07
7.8,6.6,0,4.19231,-0.246359,2.37656e-07
7.8,6.7,0,4.36643,-0.234532,2.27982e-07
7.8,6.8,0,4.36984,-0.210216,1.75266e-07
7.8,6.9,0,4.39205,-0.198742,1.11274e-07
7.8,7,0,4.41426,-0.187267,4.72814e-08
7.8,7.1,0,4.40522,-0.173726,4.617e-08
7.8,7.2,0,4.38998,-0.169758,4.37752e-08
7.8,7.3,0,4.37382,-0.167727,4.04618e-08
7.8,7.4,0,4.352,-0.153733,3.72639e-08
7.8,7.5,0,4.32489,-0.135344,3.01688e-08
7.8,7.6,0,4.29614,-0.120785,1.88255e-08
7.8,7.7,0,4.2703,-0.108321,8.44738e-09
7.8,7.8,0,4.25257,-0.102923,8.63326e-10
7.8,7.9,0,4.23116,-0.102589,-7.37921e-09
7.8,8,0,4.20976,-0.102256,-1.56217e-08
7.8,8.1,0,4.19353,-0.0906204,-2.32055e-08
7.8,8.2,0,4.17648,-0.0808983,-3.28415e-08
7.8,8.3,0,4.15905,-0.0720528,-4.30654e-08
7.8,8.4,0,4.14467,-0.0658799,-4.87661e-08
7.8,8.5,0,4.13188,-0.0632542,-5.54938e-08
7.8,8.6,0,4.1179,-0.0624079,-6.84043e-08
7.8,8.7,0,4.1047,-0.0602918,-7.89092e-08
7.8,8.8,0,4.09449,-0.0532974,-7.9333e-08
7.8,8.9,0,4.08344,-0.0485089,-7.47062e-08
7.8,9,0,4.07238,-0.0437204,-7.00793e-08
7.8,9.1,0,4.06381,-0.0403847,-7.17352e-08
7.8,9.2,0,4.05489,-0.0386915,-6.76226e-08
7.8,9.3,0,4.04567,-0.0375024,-6.10092e-08
7.8,9.4,0,4.03766,-0.0349601,-6.18293e-08
7.8,9.5,0,4.03065,-0.0316481,-6.79517e-08
7.8,9.6,0,4.02327,-0.0292751,-7.06457e-08
7.8,9.7,0,4.01617,-0.0269049,-7.4166e-08
7.8,9.8,0,4.01058,-0.0245925,-8.22766e-08
7.8,9.9,0,4.00445,-0.023488,-8.7712e-08
7.8,10,0,3.99831,-0.0223835,-9.31475e-08
7.8,10.1,0,3.99344,-0.0204097,-9.41179e-08
7.8,10.2,0,3.98861,-0.0189349,-8.50991e-08
7.8,10.3,0,3.98366,-0.0177922,-7.19685e-08
7.8,10.4,0,3.97927,-0.0164109,-5.91773e-08
7.8,10.5,0,3.97546,-0.015031,-4.43091e-08
7.8,10.6,0,3.97143,-0.0142374,-2.44576e-08
7.8,10.7,0,3.96751,-0.0133846,-7.2777e-09
7.8,10.8,0,3.96455,-0.0119976,-1.4142e-08
7.8,10.9,0,3.96135,-0.011365,-3.29001e-08
7.8,11,0,3.95815,-0.0107451,-5.18598e-08
7.8,11.1,0,3.95562,-0.00973471,-6.10074e-08
7.8,11.2,0,3.95319,-0.00902197,-6.54713e-08
7.8,11.3,0,3.95071,-0.00855689,-6.91172e-08
7.8,11.4,0,3.94848,-0.00789429,-6.95823e-08
7.8,11.5,0,3.94663,-0.00710798,-6.47375e-08
7.8,11.6,0,3.94469,-0.00675821,-5.85304e-08
7.8,11.7,0,3.94262,-0.00638292,-5.22488e-08
7.8,11.8,0,3.93794,-0.00552304,-4.45508e-08
7.8,11.9,0,3.93328,-0.00519178,-4.28981e-08
7.8,12,0,3.92862,-0.00489828,-4.16772e-08
7.8,12.1,0,3.86822,-0.00419448,-3.72013e-08
7.8,12.2,0,3.78408,-0.0036224,-4.14206e-08
7.8,12.3,0,3.70005,-0.00327,-5.28471e-08
7.8,12.4,0,3.26478,-0.00261333,-5.41391e-08
7.8,12.5,0,2.17697,-0.00150149,-3.64478e-08
7.8,12.6,0,1.08849,-0.000750744,-1.82239e-08
7.8,12.7,0,0,0,0
7.9,0,0,0,0,0
7.9,0.1,0,1.41331,0.0040301,6.9311e-08
7.9,0.2,0,2.82804,0.00776033,1.26345e-07
7.9,0.3,0,3.6313,0.0107805,1.32573e-07
7.9,0.4,0,3.82028,0.0136903,1.12548e-07
7.9,0.5,0,4.00827,0.0156874,1.00982e-07
7.9,0.6,0,4.02423,0.0183645,8.20865e-08
7.9,0.7,0,4.04008,0.020651,7.32899e-08
7.9,0.8,0,4.04958,0.0227903,7.37112e-08
7.9,0.9,0,4.05295,0.0255633,6.31533e-08
7.9,1,0,4.05651,0.0273081,6.53641e-08
7.9,1.1,0,4.06008,0.030405,7.64993e-08
7.9,1.2,0,4.06377,0.0330538,8.07676e-08
7.9,1.3,0,4.06801,0.0356811,8.13695e-08
7.9,1.4,0,4.07253,0.0391828,9.20387e-08
7.9,1.5,0,4.07747,0.0414416,8.19298e-08
7.9,1.6,0,4.08307,0.04544,6.48558e-08
7.9,1.7,0,4.08888,0.0488821,4.69014e-08
7.9,1.8,0,4.0954,0.0523853,1.85026e-08
7.9,1.9,0,4.10219,0.057062,-1.858e-08
7.9,2,0,4.10967,0.0601176,-4.23104e-08
7.9,2.1,0,4.11788,0.0653246,-6.1917e-08
7.9,2.2,0,4.12644,0.0698034,-7.74814e-08
7.9,2.3,0,4.13593,0.0747156,-7.07528e-08
7.9,2.4,0,4.14566,0.0815178,-4.98157e-08
7.9,2.5,0,4.15643,0.0860689,-2.09637e-08
7.9,2.6,0,4.16809,0.0924937,1.0923e-08
7.9,2.7,0,4.18035,0.097923,4.14184e-08
7.9,2.8,0,4.19393,0.105034,6.30851e-08
7.9,2.9,0,4.20767,0.115818,7.87055e-08
7.9,3,0,4.22296,0.123329,8.25172e-08
7.9,3.1,0,4.23922,0.131076,7.88134e-08
7.9,3.2,0,4.25657,0.137363,7.71331e-08
7.9,3.3,0,4.27608,0.147715,7.10156e-08
7.9,3.4,0,4.2956,0.165051,5.64135e-08
7.9,3.5,0,4.31749,0.177512,5.05215e-08
7.9,3.6,0,4.338,0.187816,1.37585e-08
7.9,3.7,0,4.36035,0.195718,-2.10834e-08
7.9,3.8,0,4.38548,0.210141,-6.13647e-08
7.9,3.9,0,4.40971,0.235889,-1.10927e-07
7.9,4,0,4.43484,0.254698,-1.75771e-07
7.9,4.1,0,4.4253,0.269341,-1.72533e-07
7.9,4.2,0,4.41521,0.28008,-1.69741e-07
7.9,4.3,0,4.38369,0.293379,-1.24629e-07
7.9,4.4,0,4.33181,0.317048,-3.63062e-08
7.9,4.5,0,4.24729,0.332675,-1.83357e-08
7.9,4.6,0,3.97669,0.325805,3.72816e-07
7.9,4.7,0,3.67612,0.322486,7.93085e-07
7.9,4.8,0,2.77892,0.249649,8.25134e-07
7.9,4.9,0,1.34503,0.100192,4.10733e-07
7.9,5,0,0,0,0
7.9,6,0,8.31516e-16,-8.83506e-17,2.93792e-23
7.9,6.1,0,1.11785,-0.118775,3.94962e-08
7.9,6.2,0,2.23571,-0.23755,7.89924e-08
7.9,6.3,0,3.3046,-0.309387,1.45422e-07
7.9,6.4,0,3.79469,-0.325588,1.80331e-07
7.9,6.5,0,3.98115,-0.319523,1.93853e-07
7.9,6.6,0,4.1937,-0.313802,2.04943e-07
7.9,6.7,0,4.36782,-0.301975,1.95269e-07
7.9,6.8,0,4.36702,-0.274775,1.45085e-07
7.9,6.9,0,4.36775,-0.248624,9.39806e-08
7.9,7,0,4.38996,-0.23715,2.99881e-08
7.9,7.1,0,4.38091,-0.223609,2.88768e-08
7.9,7.2,0,4.37022,-0.209959,3.1075e-08
7.9,7.3,0,4.35562,-0.204635,2.93232e-08
7.9,7.4,0,4.3338,-0.190641,2.61253e-08
7.9,7.5,0,4.30821,-0.168671,2.30044e-08
7.9,7.6,0,4.28146,-0.149419,1.68686e-08
7.9,7.7,0,4.25561,-0.136955,6.49044e-09
7.9,7.8,0,4.23845,-0.130778,-9.92306e-10
7.9,7.9,0,4.22122,-0.124698,-8.48771e-09
7.9,8,0,4.19981,-0.124365,-1.67303e-08
7.9,8.1,0,4.18358,-0.112729,-2.4314e-08
7.9,8.2,0,4.16793,-0.0998378,-3.18246e-08
7.9,8.3,0,4.15109,-0.0896437,-4.11441e-08
7.9,8.4,0,4.13671,-0.0834707,-4.68447e-08
7.9,8.5,0,4.12483,-0.0794845,-4.88446e-08
7.9,8.6,0,4.11228,-0.0764926,-5.42994e-08
7.9,8.7,0,4.09908,-0.0743765,-6.48044e-08
7.9,8.8,0,4.08894,-0.0671815,-6.56873e-08
7.9,8.9,0,4.07881,-0.0599866,-6.65703e-08
7.9,9,0,4.06779,-0.0551179,-6.21271e-08
7.9,9.1,0,4.05922,-0.0517822,-6.3783e-08
7.9,9.2,0,4.05109,-0.0487028,-6.65477e-08
7.9,9.3,0,4.04229,-0.0467891,-6.35292e-08
7.9,9.4,0,4.03429,-0.0442467,-6.43492e-08
7.9,9.5,0,4.0275,-0.0403511,-7.26028e-08
7.9,9.6,0,4.02056,-0.0368615,-7.93738e-08
7.9,9.7,0,4.01345,-0.0344913,-8.28941e-08
7.9,9.8,0,4.00789,-0.0321373,-9.10969e-08
7.9,9.9,0,4.00232,-0.0297832,-9.92997e-08
7.9,10,0,3.99623,-0.0285746,-1.04966e-07
7.9,10.1,0,3.99136,-0.0266008,-1.05936e-07
7.9,10.2,0,3.9868,-0.0244096,-1.0579e-07
7.9,10.3,0,3.98202,-0.0228125,-9.82865e-08
7.9,10.4,0,3.97763,-0.0214312,-8.54952e-08
7.9,10.5,0,3.97392,-0.0197581,-7.31187e-08
7.9,10.6,0,3.97015,-0.0182756,-5.91226e-08
7.9,10.7,0,3.96623,-0.0174227,-4.19427e-08
7.9,10.8,0,3.96327,-0.0160358,-4.8807e-08
7.9,10.9,0,3.9603,-0.0146488,-5.56713e-08
7.9,11,0,3.95713,-0.0139267,-7.30183e-08
7.9,11.1,0,3.9546,-0.0129163,-8.21659e-08
7.9,11.2,0,3.95229,-0.0117758,-8.80427e-08
7.9,11.3,0,3.94988,-0.0109842,-9.27669e-08
7.9,11.4,0,3.94766,-0.0103216,-9.3232e-08
7.9,11.5,0,3.94585,-0.00936272,-8.89259e-08
7.9,11.6,0,3.94401,-0.00850536,-8.43029e-08
7.9,11.7,0,3.94193,-0.00813007,-7.80213e-08
7.9,11.8,0,3.93726,-0.0072702,-7.03232e-08
7.9,11.9,0,3.93259,-0.00641032,-6.26252e-08
7.9,12,0,3.92793,-0.00601298,-6.02168e-08
7.9,12.1,0,3.86752,-0.00530918,-5.57409e-08
7.9,12.2,0,3.78323,-0.00442955,-4.98701e-08
7.9,12.3,0,3.69906,-0.00379595,-5.20713e-08
7.9,12.4,0,3.26379,-0.00313929,-5.33633e-08
7.9,12.5,0,2.17619,-0.00191754,-3.58341e-08
7.9,12.6,0,1.08849,-0.000750744,-1.82239e-08
7.9,12.7,0,0,0,0
8,0,0,0,0,0
8,0.1,0,1.41331,0.0040301,6.9311e-08
8,0.2,0,2.82662,0.00806019,1.38622e-07
8,0.3,0,3.62777,0.0115302,1.63265e-07
8,0.4,0,3.81675,0.01444,1.43241e-07
8,0.5,0,4.00572,0.0173498,1.23216e-07
8,0.6,0,4.02168,0.0200269,1.04321e-07
8,0.7,0,4.03763,0.022704,8.5426e-08
8,0.8,0,4.04729,0.0254291,7.06995e-08
8,0.9,0,4.05065,0.028202,6.01415e-08
8,1,0,4.05401,0.030975,4.95836e-08
8,1.1,0,4.05758,0.0340719,6.07189e-08
8,1.2,0,4.06114,0.0371688,7.18541e-08
8,1.3,0,4.06518,0.0404682,8.27563e-08
8,1.4,0,4.06969,0.04397,9.34255e-08
8,1.5,0,4.0742,0.0474717,1.04095e-07
8,1.6,0,4.0798,0.0514701,8.70207e-08
8,1.7,0,4.08539,0.0554684,6.99466e-08
8,1.8,0,4.09159,0.059806,4.28683e-08
8,1.9,0,4.09838,0.0644827,5.78571e-09
8,2,0,4.10517,0.0691595,-3.12969e-08
8,2.1,0,4.11338,0.0743665,-5.09035e-08
8,2.2,0,4.12159,0.0795735,-7.051e-08
8,2.3,0,4.13056,0.0855781,-6.98448e-08
8,2.4,0,4.14029,0.0923802,-4.89076e-08
8,2.5,0,4.15002,0.0991824,-2.79705e-08
8,2.6,0,4.16168,0.105607,3.91616e-09
8,2.7,0,4.17334,0.112032,3.58028e-08
8,2.8,0,4.18603,0.120636,5.95563e-08
8,2.9,0,4.19976,0.131421,7.51767e-08
8,3,0,4.2135,0.142205,9.0797e-08
8,3.1,0,4.22976,0.149951,8.70932e-08
8,3.2,0,4.24602,0.157698,8.33894e-08
8,3.3,0,4.26391,0.170239,7.42364e-08
8,3.4,0,4.28342,0.187574,5.96343e-08
8,3.5,0,4.30293,0.204909,4.50322e-08
8,3.6,0,4.32344,0.215214,8.26927e-09
8,3.7,0,4.34395,0.225518,-2.84937e-08
8,3.8,0,4.36632,0.243544,-7.16565e-08
8,3.9,0,4.39055,0.269291,-1.21219e-07
8,4,0,4.41477,0.295039,-1.70782e-07
8,4.1,0,4.40523,0.309682,-1.67543e-07
8,4.2,0,4.39569,0.324325,-1.64305e-07
8,4.3,0,4.36498,0.34348,-1.18524e-07
8,4.4,0,4.31311,0.367149,-3.02015e-08
8,4.5,0,4.26123,0.390817,5.81215e-08
8,4.6,0,3.99063,0.383947,4.49274e-07
8,4.7,0,3.72003,0.377077,8.40426e-07
8,4.8,0,2.86779,0.298914,8.28801e-07
8,4.9,0,1.43389,0.149457,4.14401e-07
8,5,0,0,0,0
8,5.1,0,0,0,0
8,5.2,0,-7.17736e-16,-8.94229e-17,-8.27116e-23
8,5.3,0,0,0,0
8,5.4,0,0,0,0
8,5.5,0,0,0,0
8,5.6,0,0,0,0
8,5.7,0,-4.11249e-16,6.29754e-17,-1.00475e-22
8,5.8,0,-7.23473e-16,9.48869e-17,-2.69784e-22
8,5.9,0,-8.27118e-16,1.35118e-16,-1.36835e-22
8,6,0,0,0,0
8,6.1,0,1.11785,-0.118775,3.94962e-08
8,6.2,0,2.23571,-0.23755,7.89924e-08
8,6.3,0,3.35356,-0.356325,1.18489e-07
8,6.4,0,3.86601,-0.393953,1.41101e-07
8,6.5,0,4.05247,-0.387888,1.54623e-07
8,6.6,0,4.23893,-0.381823,1.68145e-07
8,6.7,0,4.36922,-0.369418,1.62555e-07
8,6.8,0,4.36841,-0.342218,1.12372e-07
8,6.9,0,4.36761,-0.315018,6.2188e-08
8,7,0,4.3668,-0.287819,1.20044e-08
8,7.1,0,4.35661,-0.273491,1.15835e-08
8,7.2,0,4.34592,-0.259841,1.37817e-08
8,7.3,0,4.33523,-0.246191,1.59799e-08
8,7.4,0,4.3156,-0.22755,1.49866e-08
8,7.5,0,4.29001,-0.20558,1.18658e-08
8,7.6,0,4.26442,-0.18361,8.74486e-09
8,7.7,0,4.24093,-0.165589,4.5335e-09
8,7.8,0,4.22377,-0.159412,-2.94924e-09
8,7.9,0,4.20661,-0.153235,-1.0432e-08
8,8,0,4.18945,-0.147058,-1.79147e-08
8,8.1,0,4.17364,-0.134838,-2.54225e-08
8,8.2,0,4.15799,-0.121947,-3.29331e-08
8,8.3,0,4.14234,-0.109055,-4.04437e-08
8,8.4,0,4.12875,-0.101062,-4.49234e-08
8,8.5,0,4.11687,-0.0970754,-4.69232e-08
8,8.6,0,4.10499,-0.0930892,-4.8923e-08
8,8.7,0,4.09345,-0.0884612,-5.06995e-08
8,8.8,0,4.08332,-0.0812662,-5.15825e-08
8,8.9,0,4.07319,-0.0740712,-5.24654e-08
8,9,0,4.06306,-0.0668763,-5.33484e-08
8,9.1,0,4.05463,-0.0631796,-5.58308e-08
8,9.2,0,4.0465,-0.0601003,-5.85954e-08
8,9.3,0,4.03837,-0.0570209,-6.13601e-08
8,9.4,0,4.03091,-0.0535334,-6.68692e-08
8,9.5,0,4.02413,-0.0496378,-7.51228e-08
8,9.6,0,4.01734,-0.0457421,-8.33763e-08
8,9.7,0,4.01074,-0.0420777,-9.16223e-08
8,9.8,0,4.00517,-0.0397237,-9.9825e-08
8,9.9,0,3.9996,-0.0373696,-1.08028e-07
8,10,0,3.99404,-0.0350156,-1.16231e-07
8,10.1,0,3.98928,-0.0327918,-1.17754e-07
8,10.2,0,3.98473,-0.0306007,-1.17609e-07
8,10.3,0,3.98017,-0.0284095,-1.17463e-07
8,10.4,0,3.976,-0.0264515,-1.11813e-07
8,10.5,0,3.97229,-0.0247784,-9.94367e-08
8,10.6,0,3.96858,-0.0231053,-8.70602e-08
8,10.7,0,3.96495,-0.0214609,-7.66077e-08
8,10.8,0,3.96198,-0.0200739,-8.3472e-08
8,10.9,0,3.95902,-0.018687,-9.03363e-08
8,11,0,3.95606,-0.0173,-9.72006e-08
8,11.1,0,3.95358,-0.0160979,-1.03324e-07
8,11.2,0,3.95127,-0.0149574,-1.09201e-07
8,11.3,0,3.94896,-0.0138168,-1.15078e-07
8,11.4,0,3.94684,-0.0127489,-1.16882e-07
8,11.5,0,3.94503,-0.01179,-1.12576e-07
8,11.6,0,3.94321,-0.0108312,-1.08269e-07
8,11.7,0,3.94125,-0.00987723,-1.03794e-07
8,11.8,0,3.93658,-0.00901735,-9.60957e-08
8,11.9,0,3.93191,-0.00815747,-8.83976e-08
8,12,0,3.92723,-0.00729759,-8.06996e-08
8,12.1,0,3.86683,-0.00642389,-7.42806e-08
8,12.2,0,3.78254,-0.00554425,-6.84097e-08
8,12.3,0,3.69825,-0.00466461,-6.25389e-08
8,12.4,0,3.2628,-0.00366524,-5.25876e-08
8,12.5,0,2.1752,-0.00244349,-3.50584e-08
8,12.6,0,1.0876,-0.00122175,-1.75292e-08
8,12.7,0,0,0,0
8.1,0,0,0,0,0
8.1,0.1,0,1.40873,0.00444792,4.4425e-08
8.1,0.2,0,2.82204,0.00847801,1.13736e-07
8.1,0.3,0,3.62374,0.0125666,1.46836e-07
8.1,0.4,0,3.81272,0.0154764,1.26811e-07
8.1,0.5,0,4.0017,0.0183863,1.06786e-07
8.1,0.6,0,4.01777,0.0217453,9.70585e-08
8.1,0.7,0,4.03373,0.0244224,7.81634e-08
8.1,0.8,0,4.04308,0.0278541,6.37299e-08
8.1,0.9,0,4.04644,0.0306271,5.3172e-08
8.1,1,0,4.0498,0.0334,4.26141e-08
8.1,1.1,0,4.05289,0.0372425,5.27149e-08
8.1,1.2,0,4.05645,0.0403394,6.38502e-08
8.1,1.3,0,4.05987,0.0444362,6.87812e-08
8.1,1.4,0,4.06438,0.047938,7.94504e-08
8.1,1.5,0,4.06889,0.0514398,9.01196e-08
8.1,1.6,0,4.0737,0.0562982,7.96453e-08
8.1,1.7,0,4.07929,0.0602966,6.25712e-08
8.1,1.8,0,4.08449,0.0655768,4.82694e-08
8.1,1.9,0,4.09128,0.0702535,1.11868e-08
8.1,2,0,4.09808,0.0749303,-2.58958e-08
8.1,2.1,0,4.10501,0.0811869,-4.11477e-08
8.1,2.2,0,4.11322,0.0863939,-6.07542e-08
8.1,2.3,0,4.12062,0.0935152,-6.29996e-08
8.1,2.4,0,4.13035,0.100317,-4.20624e-08
8.1,2.5,0,4.14008,0.107119,-2.11253e-08
8.1,2.6,0,4.14968,0.1149,-3.54483e-09
8.1,2.7,0,4.16133,0.121325,2.83418e-08
8.1,2.8,0,4.17162,0.131204,4.86509e-08
8.1,2.9,0,4.18535,0.141988,6.42713e-08
8.1,3,0,4.19908,0.152773,7.98917e-08
8.1,3.1,0,4.21197,0.162251,7.75503e-08
8.1,3.2,0,4.22823,0.169998,7.38465e-08
8.1,3.3,0,4.24237,0.184077,6.85527e-08
8.1,3.4,0,4.26188,0.201413,5.39506e-08
8.1,3.5,0,4.28139,0.218748,3.93485e-08
8.1,3.6,0,4.29681,0.23116,1.21221e-08
8.1,3.7,0,4.31732,0.241464,-2.46408e-08
8.1,3.8,0,4.3347,0.261709,-5.91385e-08
8.1,3.9,0,4.35893,0.287457,-1.08701e-07
8.1,4,0,4.38315,0.313204,-1.58264e-07
8.1,4.1,0,4.37161,0.330656,-1.60436e-07
8.1,4.2,0,4.36207,0.345299,-1.57198e-07
8.1,4.3,0,4.34995,0.369911,-1.25024e-07
8.1,4.4,0,4.29807,0.39358,-3.6701e-08
8.1,4.5,0,4.2462,0.417248,5.16219e-08
8.1,4.6,0,4.01122,0.417198,3.66588e-07
8.1,4.7,0,3.74061,0.410328,7.5774e-07
8.1,4.8,0,3.24991,0.370845,8.81758e-07
8.1,4.9,0,1.81602,0.221388,4.67357e-07
8.1,5,0,0.382124,0.0719311,5.29561e-08
8.1,5.1,0,0.406124,0.0659023,5.48571e-08
8.1,5.2,0,0.369417,0.0460257,4.25714e-08
8.1,5.3,0,0.217524,0.0301374,2.28571e-09
8.1,5.4,0,0.069317,0.0140802,-3.62857e-08
8.1,5.5,0,0.0159636,-0.00119647,-6.57143e-08
8.1,5.6,0,0.0656229,-0.0164467,-5.4e-08
8.1,5.7,0,0.211669,-0.0324133,5.17143e-08
8.1,5.8,0,0.37237,-0.048838,1.38857e-07
8.1,5.9,0,0.425715,-0.0695448,7.04286e-08
8.1,6,0,0.399745,-0.0746586,-2.35707e-08
8.1,6.1,0,1.1231,-0.149943,9.08908e-09
8.1,6.2,0,2.24095,-0.268718,4.85853e-08
8.1,6.3,0,3.35881,-0.387493,8.80814e-08
8.1,6.4,0,3.83835,-0.417162,1.25375e-07
8.1,6.5,0,4.02481,-0.411097,1.38896e-07
8.1,6.6,0,4.21127,-0.405032,1.52418e-07
8.1,6.7,0,4.33854,-0.388682,1.521e-07
8.1,6.8,0,4.3369,-0.360394,1.03372e-07
8.1,6.9,0,4.3361,-0.333194,5.31886e-08
8.1,7,0,4.33529,-0.305995,3.00492e-09
8.1,7.1,0,4.33084,-0.289277,-7.17566e-10
8.1,7.2,0,4.32015,-0.275627,1.48064e-09
8.1,7.3,0,4.30946,-0.261977,3.67885e-09
8.1,7.4,0,4.29608,-0.241213,4.25474e-09
8.1,7.5,0,4.27049,-0.219243,1.13384e-09
8.1,7.6,0,4.2449,-0.197273,-1.98705e-09
8.1,7.7,0,4.2247,-0.177829,-7.62809e-09
8.1,7.8,0,4.20928,-0.170896,-1.58706e-08
8.1,7.9,0,4.19212,-0.164719,-2.33534e-08
8.1,8,0,4.17496,-0.158542,-3.08361e-08
8.1,8.1,0,4.16239,-0.144794,-3.50064e-08
8.1,8.2,0,4.14673,-0.131902,-4.2517e-08
8.1,8.3,0,4.13108,-0.119011,-5.00276e-08
8.1,8.4,0,4.12023,-0.109308,-5.37023e-08
8.1,8.5,0,4.10835,-0.105322,-5.57022e-08
8.1,8.6,0,4.09646,-0.101335,-5.7702e-08
8.1,8.7,0,4.08586,-0.0961107,-6.04775e-08
8.1,8.8,0,4.07658,-0.08837,-6.22739e-08
8.1,8.9,0,4.06645,-0.081175,-6.31569e-08
8.1,9,0,4.05632,-0.0739801,-6.40399e-08
8.1,9.1,0,4.04937,-0.0690463,-6.13931e-08
8.1,9.2,0,4.04124,-0.065967,-6.41577e-08
8.1,9.3,0,4.03311,-0.0628876,-6.69224e-08
8.1,9.4,0,4.0267,-0.0585207,-6.97216e-08
8.1,9.5,0,4.01992,-0.0546251,-7.79751e-08
8.1,9.6,0,4.01313,-0.0507294,-8.62287e-08
8.1,9.7,0,4.00685,-0.0467262,-9.4888e-08
8.1,9.8,0,4.00179,-0.0438461,-1.03733e-07
8.1,9.9,0,3.99622,-0.0414921,-1.11935e-07
8.1,10,0,3.99066,-0.0391381,-1.20138e-07
8.1,10.1,0,3.98652,-0.036207,-1.15701e-07
8.1,10.2,0,3.98196,-0.0340158,-1.15556e-07
8.1,10.3,0,3.97741,-0.0318246,-1.1541e-07
8.1,10.4,0,3.97371,-0.0292304,-1.19243e-07
8.1,10.5,0,3.97,-0.0275573,-1.06867e-07
8.1,10.6,0,3.9663,-0.0258842,-9.44902e-08
8.1,10.7,0,3.96276,-0.0240918,-8.31081e-08
8.1,10.8,0,3.96006,-0.0222862,-8.73427e-08
8.1,10.9,0,3.9571,-0.0208993,-9.4207e-08
8.1,11,0,3.95413,-0.0195123,-1.01071e-07
8.1,11.1,0,3.95193,-0.017795,-9.76717e-08
8.1,11.2,0,3.94962,-0.0166544,-1.03549e-07
8.1,11.3,0,3.9473,-0.0155139,-1.09425e-07
8.1,11.4,0,3.94538,-0.0139701,-1.16812e-07
8.1,11.5,0,3.94356,-0.0130112,-1.12505e-07
8.1,11.6,0,3.94174,-0.0120524,-1.08199e-07
8.1,11.7,0,3.93979,-0.0110396,-1.03911e-07
8.1,11.8,0,3.93516,-0.00978817,-9.74586e-08
8.1,11.9,0,3.93048,-0.00892829,-8.97606e-08
8.1,12,0,3.92581,-0.00806841,-8.20625e-08
8.1,12.1,0,3.86525,-0.00677661,-7.47865e-08
8.1,12.2,0,3.78096,-0.00589698,-6.89157e-08
8.1,12.3,0,3.69667,-0.00501734,-6.30449e-08
8.1,12.4,0,3.26266,-0.00369551,-5.2631e-08
8.1,12.5,0,2.1752,-0.00244349,-3.50584e-08
8.1,12.6,0,1.0876,-0.00122175,-1.75292e-08
8.1,12.7,0,0,0,0
8.2,0,0,0,0,0
8.2,0.1,0,1.40415,0.00486574,1.9539e-08
8.2,0.2,0,2.81746,0.00889583,8.885e-08
8.2,0.3,0,3.61958,0.0134484,1.28292e-07
8.2,0.4,0,3.8087,0.0165129,1.10381e-07
8.2,0.5,0,3.99768,0.0194227,9.03567e-08
8.2,0.6,0,4.01386,0.0234636,8.97959e-08
8.2,0.7,0,4.02982,0.0261407,7.09009e-08
8.2,0.8,0,4.03894,0.0301025,5.66871e-08
8.2,0.9,0,4.04223,0.0330521,4.62024e-08
8.2,1,0,4.04559,0.0358251,3.56445e-08
8.2,1.1,0,4.0482,0.0404132,4.4711e-08
8.2,1.2,0,4.05176,0.0435101,5.58463e-08
8.2,1.3,0,4.05472,0.0482049,5.62989e-08
8.2,1.4,0,4.05907,0.051906,6.54753e-08
8.2,1.5,0,4.06359,0.0554078,7.61445e-08
8.2,1.6,0,4.0676,0.0611263,7.22699e-08
8.2,1.7,0,4.07319,0.0651247,5.51959e-08
8.2,1.8,0,4.07764,0.0711119,5.04763e-08
8.2,1.9,0,4.08418,0.0760243,1.65879e-08
8.2,2,0,4.09098,0.080701,-2.04947e-08
8.2,2.1,0,4.09663,0.0880073,-3.13918e-08
8.2,2.2,0,4.10484,0.0932143,-5.09984e-08
8.2,2.3,0,4.11107,0.101173,-5.54267e-08
8.2,2.4,0,4.12041,0.108254,-3.52172e-08
8.2,2.5,0,4.13014,0.115057,-1.42801e-08
8.2,2.6,0,4.13767,0.124193,-1.10058e-08
8.2,2.7,0,4.14933,0.130618,2.08808e-08
8.2,2.8,0,4.1578,0.141453,3.86067e-08
8.2,2.9,0,4.17093,0.152556,5.33659e-08
8.2,3,0,4.18467,0.16334,6.89863e-08
8.2,3.1,0,4.19418,0.174551,6.80075e-08
8.2,3.2,0,4.21044,0.182298,6.43037e-08
8.2,3.3,0,4.22176,0.197531,6.19042e-08
8.2,3.4,0,4.24033,0.215251,4.82669e-08
8.2,3.5,0,4.25984,0.232587,3.36648e-08
8.2,3.6,0,4.27018,0.247106,1.5975e-08
8.2,3.7,0,4.29069,0.25741,-2.07879e-08
8.2,3.8,0,4.30433,0.27932,-4.87869e-08
8.2,3.9,0,4.32731,0.305622,-9.61833e-08
8.2,4,0,4.35153,0.33137,-1.45746e-07
8.2,4.1,0,4.33799,0.35163,-1.5333e-07
8.2,4.2,0,4.32845,0.366273,-1.50091e-07
8.2,4.3,0,4.33027,0.394978,-1.28122e-07
8.2,4.4,0,4.28304,0.42001,-4.32006e-08
8.2,4.5,0,4.23117,0.443679,4.51223e-08
8.2,4.6,0,4.0318,0.45045,2.83902e-07
8.2,4.7,0,3.7612,0.44358,6.75054e-07
8.2,4.8,0,3.54165,0.433106,9.00803e-07
8.2,4.9,0,2.19814,0.293319,5.20313e-07
8.2,5,0,0.764248,0.143862,1.05912e-07
8.2,5.1,0,0.812249,0.131805,1.09714e-07
8.2,5.2,0,0.738833,0.0920514,8.51429e-08
8.2,5.3,0,0.435047,0.0602749,4.57143e-09
8.2,5.4,0,0.138634,0.0281603,-7.25714e-08
8.2,5.5,0,0.0319271,-0.00239295,-1.31429e-07
8.2,5.6,0,0.131246,-0.0328935,-1.08e-07
8.2,5.7,0,0.423338,-0.0648265,1.03429e-07
8.2,5.8,0,0.744739,-0.0976761,2.77714e-07
8.2,5.9,0,0.851431,-0.13909,1.40857e-07
8.2,6,0,0.79949,-0.149317,-4.71415e-08
8.2,6.1,0,1.12834,-0.181112,-2.1318e-08
8.2,6.2,0,2.24619,-0.299887,1.81782e-08
8.2,6.3,0,3.36405,-0.418662,5.76743e-08
8.2,6.4,0,3.82063,-0.442776,1.05211e-07
8.2,6.5,0,3.99714,-0.434305,1.23169e-07
8.2,6.6,0,4.1836,-0.42824,1.36691e-07
8.2,6.7,0,4.31087,-0.411891,1.36373e-07
8.2,6.8,0,4.3054,-0.37857,9.43728e-08
8.2,6.9,0,4.30459,-0.35137,4.41891e-08
8.2,7,0,4.30379,-0.32417,-5.99453e-09
8.2,7.1,0,4.30507,-0.305062,-1.30186e-08
8.2,7.2,0,4.29438,-0.291412,-1.08204e-08
8.2,7.3,0,4.28369,-0.277762,-8.6222e-09
8.2,7.4,0,4.27386,-0.255794,-7.15635e-09
8.2,7.5,0,4.25098,-0.232906,-9.59806e-09
8.2,7.6,0,4.22538,-0.210937,-1.2719e-08
8.2,7.7,0,4.20518,-0.191492,-1.836e-08
8.2,7.8,0,4.19479,-0.182381,-2.8792e-08
8.2,7.9,0,4.17763,-0.176204,-3.62747e-08
8.2,8,0,4.16047,-0.170027,-4.37575e-08
8.2,8.1,0,4.15113,-0.15475,-4.45903e-08
8.2,8.2,0,4.13547,-0.141858,-5.21009e-08
8.2,8.3,0,4.11982,-0.128967,-5.96115e-08
8.2,8.4,0,4.11016,-0.118517,-6.29348e-08
8.2,8.5,0,4.09982,-0.113568,-6.44811e-08
8.2,8.6,0,4.08794,-0.109582,-6.6481e-08
8.2,8.7,0,4.07734,-0.104357,-6.92565e-08
8.2,8.8,0,4.06985,-0.0954738,-7.29654e-08
8.2,8.9,0,4.05971,-0.0882788,-7.38484e-08
8.2,9,0,4.04958,-0.0810839,-7.47314e-08
8.2,9.1,0,4.04411,-0.074913,-6.69554e-08
8.2,9.2,0,4.03598,-0.0718336,-6.972e-08
8.2,9.3,0,4.02785,-0.0687543,-7.24847e-08
8.2,9.4,0,4.02177,-0.0641184,-7.44547e-08
8.2,9.5,0,4.01571,-0.0596124,-8.08275e-08
8.2,9.6,0,4.00892,-0.0557167,-8.9081e-08
8.2,9.7,0,4.00264,-0.0517135,-9.77404e-08
8.2,9.8,0,3.99841,-0.0479686,-1.0764e-07
8.2,9.9,0,3.99285,-0.0456146,-1.15843e-07
8.2,10,0,3.98728,-0.0432605,-1.24046e-07
8.2,10.1,0,3.98376,-0.0396221,-1.13648e-07
8.2,10.2,0,3.9792,-0.0374309,-1.13503e-07
8.2,10.3,0,3.97465,-0.0352397,-1.13357e-07
8.2,10.4,0,3.97103,-0.0325339,-1.18853e-07
8.2,10.5,0,3.96772,-0.0303362,-1.14297e-07
8.2,10.6,0,3.96401,-0.0286631,-1.0192e-07
8.2,10.7,0,3.96047,-0.0268707,-9.0538e-08
8.2,10.8,0,3.95814,-0.0244985,-9.12134e-08
8.2,10.9,0,3.95517,-0.0231116,-9.80777e-08
8.2,11,0,3.95221,-0.0217246,-1.04942e-07
8.2,11.1,0,3.95026,-0.0195132,-9.241e-08
8.2,11.2,0,3.94796,-0.0183515,-9.7896e-08
8.2,11.3,0,3.94565,-0.017211,-1.03773e-07
8.2,11.4,0,3.94373,-0.0156459,-1.11409e-07
8.2,11.5,0,3.9421,-0.0142324,-1.12435e-07
8.2,11.6,0,3.94028,-0.0132736,-1.08129e-07
8.2,11.7,0,3.93833,-0.0122608,-1.03841e-07
8.2,11.8,0,3.93374,-0.010559,-9.88216e-08
8.2,11.9,0,3.92906,-0.00969911,-9.11236e-08
8.2,12,0,3.92439,-0.00883923,-8.34255e-08
8.2,12.1,0,3.8637,-0.0072011,-7.54396e-08
8.2,12.2,0,3.77938,-0.0062497,-6.94217e-08
8.2,12.3,0,3.69509,-0.00537007,-6.35508e-08
8.2,12.4,0,3.26108,-0.00404824,-5.3137e-08
8.2,12.5,0,2.1752,-0.00244349,-3.50584e-08
8.2,12.6,0,1.0876,-0.00122175,-1.75292e-08
8.2,12.7,0,0,0,0
8.3,0,0,0,0,0
8.3,0.1,0,1.39957,0.00528356,-5.347e-09
8.3,0.2,0,2.81288,0.00931365,6.3964e-08
8.3,0.3,0,3.615,0.0138662,1.03406e-07
8.3,0.4,0,3.80467,0.0175494,9.39516e-08
8.3,0.5,0,3.99365,0.0204592,7.3927e-08
8.3,0.6,0,4.00996,0.025182,8.25334e-08
8.3,0.7,0,4.02591,0.0278591,6.36384e-08
8.3,0.8,0,4.03504,0.0318208,4.94246e-08
8.3,0.9,0,4.03802,0.0354772,3.92329e-08
8.3,1,0,4.04138,0.0382501,2.86749e-08
8.3,1.1,0,4.04351,0.0435838,3.67071e-08
8.3,1.2,0,4.04708,0.0466807,4.78424e-08
8.3,1.3,0,4.05003,0.0513755,4.8295e-08
8.3,1.4,0,4.05377,0.055874,5.15002e-08
8.3,1.5,0,4.05828,0.0593758,6.21694e-08
8.3,1.6,0,4.0615,0.0659545,6.48945e-08
8.3,1.7,0,4.06709,0.0699528,4.78205e-08
8.3,1.8,0,4.07154,0.07594,4.31009e-08
8.3,1.9,0,4.07708,0.0817951,2.19889e-08
8.3,2,0,4.08388,0.0864718,-1.50937e-08
8.3,2.1,0,4.08826,0.0948277,-2.1636e-08
8.3,2.2,0,4.09647,0.100035,-4.12426e-08
8.3,2.3,0,4.1027,0.107994,-4.56709e-08
8.3,2.4,0,4.11047,0.116192,-2.8372e-08
8.3,2.5,0,4.1202,0.122994,-7.43489e-09
8.3,2.6,0,4.12567,0.133486,-1.84668e-08
8.3,2.7,0,4.13733,0.13991,1.34198e-08
8.3,2.8,0,4.1458,0.150746,3.11457e-08
8.3,2.9,0,4.15652,0.163124,4.24605e-08
8.3,3,0,4.17025,0.173908,5.80809e-08
8.3,3.1,0,4.17639,0.186851,5.84646e-08
8.3,3.2,0,4.19265,0.194598,5.47608e-08
8.3,3.3,0,4.20397,0.209831,5.23614e-08
8.3,3.4,0,4.21879,0.22909,4.25833e-08
8.3,3.5,0,4.2383,0.246425,2.79812e-08
8.3,3.6,0,4.24355,0.263052,1.98279e-08
8.3,3.7,0,4.26406,0.273357,-1.6935e-08
8.3,3.8,0,4.2777,0.295266,-4.4934e-08
8.3,3.9,0,4.29569,0.323788,-8.36654e-08
8.3,4,0,4.31991,0.349535,-1.33228e-07
8.3,4.1,0,4.30437,0.372604,-1.46223e-07
8.3,4.2,0,4.29483,0.387247,-1.42984e-07
8.3,4.3,0,4.29665,0.415952,-1.21015e-07
8.3,4.4,0,4.26801,0.446441,-4.97002e-08
8.3,4.5,0,4.21614,0.470109,3.86227e-08
8.3,4.6,0,4.05238,0.483701,2.01216e-07
8.3,4.7,0,3.78178,0.476831,5.92368e-07
8.3,4.8,0,3.56223,0.466357,8.18117e-07
8.3,4.9,0,2.58026,0.36525,5.73269e-07
8.3,5,0,1.14637,0.215793,1.58868e-07
8.3,5.1,0,1.21837,0.197707,1.64571e-07
8.3,5.2,0,1.10825,0.138077,1.27714e-07
8.3,5.3,0,0.652571,0.0904123,6.85714e-09
8.3,5.4,0,0.207951,0.0422405,-1.08857e-07
8.3,5.5,0,0.0478907,-0.00358942,-1.97143e-07
8.3,5.6,0,0.196869,-0.0493402,-1.62e-07
8.3,5.7,0,0.635007,-0.0972398,1.55143e-07
8.3,5.8,0,1.11711,-0.146514,4.16571e-07
8.3,5.9,0,1.27715,-0.208634,2.11286e-07
8.3,6,0,1.19923,-0.223976,-7.07122e-08
8.3,6.1,0,1.28667,-0.229157,-4.90722e-08
8.3,6.2,0,2.25143,-0.331055,-1.2229e-08
8.3,6.3,0,3.36929,-0.44983,2.72672e-08
8.3,6.4,0,3.82587,-0.473945,7.48036e-08
8.3,6.5,0,3.96947,-0.457514,1.07443e-07
8.3,6.6,0,4.15594,-0.451449,1.20964e-07
8.3,6.7,0,4.28321,-0.4351,1.20646e-07
8.3,6.8,0,4.27389,-0.396745,8.53734e-08
8.3,6.9,0,4.27308,-0.369546,3.51897e-08
8.3,7,0,4.27228,-0.342346,-1.4994e-08
8.3,7.1,0,4.27633,-0.322087,-2.36073e-08
8.3,7.2,0,4.26862,-0.307197,-2.31215e-08
8.3,7.3,0,4.25793,-0.293547,-2.09232e-08
8.3,7.4,0,4.24809,-0.271579,-1.94574e-08
8.3,7.5,0,4.23146,-0.246569,-2.033e-08
8.3,7.6,0,4.20587,-0.2246,-2.34509e-08
8.3,7.7,0,4.18567,-0.205156,-2.90919e-08
8.3,7.8,0,4.18029,-0.193865,-4.17134e-08
8.3,7.9,0,4.16313,-0.187688,-4.91961e-08
8.3,8,0,4.14597,-0.181511,-5.66788e-08
8.3,8.1,0,4.13777,-0.165698,-5.63411e-08
8.3,8.2,0,4.12421,-0.151814,-6.16848e-08
8.3,8.3,0,4.10856,-0.138923,-6.91954e-08
8.3,8.4,0,4.0989,-0.128473,-7.25187e-08
8.3,8.5,0,4.0913,-0.121814,-7.32601e-08
8.3,8.6,0,4.07941,-0.117828,-7.52599e-08
8.3,8.7,0,4.06881,-0.112603,-7.80354e-08
8.3,8.8,0,4.06311,-0.102578,-8.36569e-08
8.3,8.9,0,4.05298,-0.0953826,-8.45399e-08
8.3,9,0,4.04284,-0.0881877,-8.54228e-08
8.3,9.1,0,4.0377,-0.0817444,-7.65177e-08
8.3,9.2,0,4.03073,-0.0777003,-7.52823e-08
8.3,9.3,0,4.0226,-0.074621,-7.8047e-08
8.3,9.4,0,4.01651,-0.069985,-8.0017e-08
8.3,9.5,0,4.0115,-0.0645997,-8.36798e-08
8.3,9.6,0,4.00471,-0.060704,-9.19334e-08
8.3,9.7,0,3.99843,-0.0567008,-1.00593e-07
8.3,9.8,0,3.99503,-0.0520911,-1.11548e-07
8.3,9.9,0,3.98947,-0.049737,-1.19751e-07
8.3,10,0,3.9839,-0.047383,-1.27953e-07
8.3,10.1,0,3.98043,-0.0436812,-1.17022e-07
8.3,10.2,0,3.97644,-0.040846,-1.1145e-07
8.3,10.3,0,3.97189,-0.0386548,-1.11304e-07
8.3,10.4,0,3.96827,-0.035949,-1.168e-07
8.3,10.5,0,3.96544,-0.0331151,-1.21727e-07
8.3,10.6,0,3.96173,-0.031442,-1.0935e-07
8.3,10.7,0,3.95819,-0.0296496,-9.7968e-08
8.3,10.8,0,3.95617,-0.0267827,-9.55356e-08
8.3,10.9,0,3.95325,-0.0253239,-1.01948e-07
8.3,11,0,3.95029,-0.0239369,-1.08813e-07
8.3,11.1,0,3.94834,-0.0217255,-9.62807e-08
8.3,11.2,0,3.94631,-0.0200486,-9.22434e-08
8.3,11.3,0,3.944,-0.0189081,-9.81202e-08
8.3,11.4,0,3.94208,-0.017343,-1.05756e-07
8.3,11.5,0,3.94063,-0.0154536,-1.12365e-07
8.3,11.6,0,3.93882,-0.0144948,-1.08059e-07
8.3,11.7,0,3.93686,-0.013482,-1.0377e-07
8.3,11.8,0,3.9323,-0.0114458,-9.98156e-08
8.3,11.9,0,3.92764,-0.0104699,-9.24865e-08
8.3,12,0,3.92297,-0.00961005,-8.47885e-08
8.3,12.1,0,3.86228,-0.00797192,-7.68026e-08
8.3,12.2,0,3.77781,-0.00660243,-6.99276e-08
8.3,12.3,0,3.69352,-0.0057228,-6.40568e-08
8.3,12.4,0,3.25951,-0.00440096,-5.3643e-08
8.3,12.5,0,2.1752,-0.00244349,-3.50584e-08
8.3,12.6,0,1.0876,-0.00122175,-1.75292e-08
8.3,12.7,0,0,0,0
8.4,0,0,0,0,0
8.4,0.1,0,1.39728,0.00549247,-1.779e-08
8.4,0.2,0,2.8083,0.00973147,3.9078e-08
8.4,0.3,0,3.61042,0.014284,7.85198e-08
8.4,0.4,0,3.80065,0.0185858,7.75219e-08
8.4,0.5,0,3.98963,0.0214956,5.74973e-08
8.4,0.6,0,4.00599,0.0265594,7.06873e-08
8.4,0.7,0,4.02201,0.0295775,5.63758e-08
8.4,0.8,0,4.03113,0.0335392,4.2162e-08
8.4,0.9,0,4.0338,0.0379022,3.22633e-08
8.4,1,0,4.03717,0.0406752,2.17054e-08
8.4,1.1,0,4.03907,0.0463816,2.92204e-08
8.4,1.2,0,4.04239,0.0498513,3.98385e-08
8.4,1.3,0,4.04534,0.0545461,4.02911e-08
8.4,1.4,0,4.04846,0.059842,3.75251e-08
8.4,1.5,0,4.05297,0.0633438,4.81943e-08
8.4,1.6,0,4.05579,0.0703525,5.42193e-08
8.4,1.7,0,4.06099,0.0747809,4.04451e-08
8.4,1.8,0,4.06544,0.0807681,3.57256e-08
8.4,1.9,0,4.06999,0.0875659,2.739e-08
8.4,2,0,4.07678,0.0922426,-9.6926e-09
8.4,2.1,0,4.08052,0.101123,-1.40576e-08
8.4,2.2,0,4.08809,0.106855,-3.14868e-08
8.4,2.3,0,4.09432,0.114814,-3.59151e-08
8.4,2.4,0,4.10053,0.124129,-2.15268e-08
8.4,2.5,0,4.11026,0.130931,-5.89693e-10
8.4,2.6,0,4.1147,0.1421,-1.87747e-08
8.4,2.7,0,4.12533,0.149203,5.95886e-09
8.4,2.8,0,4.1338,0.160039,2.36847e-08
8.4,2.9,0,4.1421,0.173691,3.15552e-08
8.4,3,0,4.15583,0.184476,4.71755e-08
8.4,3.1,0,4.16028,0.198285,4.82405e-08
8.4,3.2,0,4.17486,0.206898,4.5218e-08
8.4,3.3,0,4.18618,0.222131,4.28185e-08
8.4,3.4,0,4.19724,0.242928,3.68996e-08
8.4,3.5,0,4.21675,0.260264,2.22975e-08
8.4,3.6,0,4.21946,0.277945,1.89125e-08
8.4,3.7,0,4.23743,0.289303,-1.30822e-08
8.4,3.8,0,4.25106,0.311212,-4.10811e-08
8.4,3.9,0,4.26407,0.341953,-7.11474e-08
8.4,4,0,4.28829,0.367701,-1.2071e-07
8.4,4.1,0,4.27175,0.392174,-1.3641e-07
8.4,4.2,0,4.26121,0.408221,-1.35877e-07
8.4,4.3,0,4.26303,0.436926,-1.13908e-07
8.4,4.4,0,4.25298,0.472871,-5.61998e-08
8.4,4.5,0,4.2011,0.49654,3.21231e-08
8.4,4.6,0,4.05516,0.513542,1.56623e-07
8.4,4.7,0,3.80236,0.510082,5.09682e-07
8.4,4.8,0,3.58281,0.499608,7.35431e-07
8.4,4.9,0,2.96239,0.437181,6.26225e-07
8.4,5,0,1.5285,0.287725,2.11824e-07
8.4,5.1,0,1.6245,0.263609,2.19429e-07
8.4,5.2,0,1.47767,0.184103,1.70286e-07
8.4,5.3,0,0.870094,0.12055,9.14286e-09
8.4,5.4,0,0.277268,0.0563206,-1.45143e-07
8.4,5.5,0,0.0638542,-0.00478589,-2.62857e-07
8.4,5.6,0,0.262492,-0.0657869,-2.16e-07
8.4,5.7,0,0.846676,-0.129653,2.06857e-07
8.4,5.8,0,1.48948,-0.195352,5.55429e-07
8.4,5.9,0,1.70286,-0.278179,2.81714e-07
8.4,6,0,1.59898,-0.298634,-9.4283e-08
8.4,6.1,0,1.68641,-0.303816,-7.2643e-08
8.4,6.2,0,2.25667,-0.362224,-4.26361e-08
8.4,6.3,0,3.37453,-0.480999,-3.13989e-09
8.4,6.4,0,3.83111,-0.505113,4.43965e-08
8.4,6.5,0,3.94181,-0.480722,9.17157e-08
8.4,6.6,0,4.12827,-0.474657,1.05238e-07
8.4,6.7,0,4.25554,-0.458308,1.04919e-07
8.4,6.8,0,4.2447,-0.417963,7.23073e-08
8.4,6.9,0,4.24158,-0.387722,2.61902e-08
8.4,7,0,4.24077,-0.360522,-2.39934e-08
8.4,7.1,0,4.24482,-0.340263,-3.26067e-08
8.4,7.2,0,4.24285,-0.322982,-3.54225e-08
8.4,7.3,0,4.23216,-0.309332,-3.32243e-08
8.4,7.4,0,4.22233,-0.287365,-3.17584e-08
8.4,7.5,0,4.21194,-0.260232,-3.10619e-08
8.4,7.6,0,4.18635,-0.238263,-3.41828e-08
8.4,7.7,0,4.16615,-0.218819,-3.98238e-08
8.4,7.8,0,4.16211,-0.206951,-5.30253e-08
8.4,7.9,0,4.14864,-0.199173,-6.21175e-08
8.4,8,0,4.13148,-0.192996,-6.96002e-08
8.4,8.1,0,4.12328,-0.177182,-6.92624e-08
8.4,8.2,0,4.11295,-0.16177,-7.12687e-08
8.4,8.3,0,4.0973,-0.148878,-7.87793e-08
8.4,8.4,0,4.08765,-0.138429,-8.21026e-08
8.4,8.5,0,4.08277,-0.130061,-8.2039e-08
8.4,8.6,0,4.07089,-0.126074,-8.40389e-08
8.4,8.7,0,4.06029,-0.12085,-8.68144e-08
8.4,8.8,0,4.05482,-0.11067,-9.26928e-08
8.4,8.9,0,4.04624,-0.102486,-9.52313e-08
8.4,9,0,4.03611,-0.0952915,-9.61143e-08
8.4,9.1,0,4.03096,-0.0888482,-8.72092e-08
8.4,9.2,0,4.02547,-0.083567,-8.08446e-08
8.4,9.3,0,4.01734,-0.0804877,-8.36093e-08
8.4,9.4,0,4.01125,-0.0758517,-8.55793e-08
8.4,9.5,0,4.0072,-0.0696592,-8.67547e-08
8.4,9.6,0,4.0005,-0.0656913,-9.47858e-08
8.4,9.7,0,3.99423,-0.0616881,-1.03445e-07
8.4,9.8,0,3.99083,-0.0570751,-1.14404e-07
8.4,9.9,0,3.98609,-0.0538595,-1.23658e-07
8.4,10,0,3.98052,-0.0515054,-1.31861e-07
8.4,10.1,0,3.97705,-0.0478036,-1.2093e-07
8.4,10.2,0,3.97368,-0.0442611,-1.09397e-07
8.4,10.3,0,3.96912,-0.04207,-1.09251e-07
8.4,10.4,0,3.96551,-0.0393641,-1.14747e-07
8.4,10.5,0,3.96305,-0.0360293,-1.2714e-07
8.4,10.6,0,3.95944,-0.0342209,-1.1678e-07
8.4,10.7,0,3.9559,-0.0324285,-1.05398e-07
8.4,10.8,0,3.95388,-0.0295616,-1.02966e-07
8.4,10.9,0,3.95133,-0.0275361,-1.05819e-07
8.4,11,0,3.94836,-0.0261492,-1.12683e-07
8.4,11.1,0,3.94642,-0.0239378,-1.00151e-07
8.4,11.2,0,3.94466,-0.0217457,-8.65907e-08
8.4,11.3,0,3.94234,-0.0206051,-9.24676e-08
8.4,11.4,0,3.94043,-0.0190401,-1.00104e-07
8.4,11.5,0,3.93911,-0.0168382,-1.10379e-07
8.4,11.6,0,3.93735,-0.015716,-1.07989e-07
8.4,11.7,0,3.9354,-0.0147032,-1.037e-07
8.4,11.8,0,3.93084,-0.012667,-9.97455e-08
8.4,11.9,0,3.92622,-0.0112407,-9.38495e-08
8.4,12,0,3.92155,-0.0103809,-8.61514e-08
8.4,12.1,0,3.86086,-0.00874274,-7.81655e-08
8.4,12.2,0,3.77623,-0.00695516,-7.04336e-08
8.4,12.3,0,3.69194,-0.00607552,-6.45627e-08
8.4,12.4,0,3.25793,-0.00475369,-5.41489e-08
8.4,12.5,0,2.17445,-0.00261064,-3.52982e-08
8.4,12.6,0,1.0876,-0.00122175,-1.75292e-08
8.4,12.7,0,0,0,0
8.5,0,0,0,0,0
8.5,0.1,0,1.39728,0.00549247,-1.779e-08
8.5,0.2,0,2.80372,0.0101493,1.4192e-08
8.5,0.3,0,3.60584,0.0147019,5.36338e-08
8.5,0.4,0,3.79662,0.0196223,6.10922e-08
8.5,0.5,0,3.9856,0.0225321,4.10676e-08
8.5,0.6,0,4.00197,0.0275959,5.42576e-08
8.5,0.7,0,4.0181,0.0312958,4.91133e-08
8.5,0.8,0,4.02722,0.0352576,3.48995e-08
8.5,0.9,0,4.02959,0.0403272,2.52938e-08
8.5,1,0,4.03295,0.0431002,1.47358e-08
8.5,1.1,0,4.03485,0.0488067,2.22508e-08
8.5,1.2,0,4.0377,0.053022,3.18345e-08
8.5,1.3,0,4.04066,0.0577168,3.22872e-08
8.5,1.4,0,4.04315,0.06381,2.355e-08
8.5,1.5,0,4.04766,0.0673118,3.42192e-08
8.5,1.6,0,4.05049,0.0743205,4.02442e-08
8.5,1.7,0,4.05489,0.0796091,3.30697e-08
8.5,1.8,0,4.05934,0.0855963,2.83502e-08
8.5,1.9,0,4.06289,0.0933367,3.27911e-08
8.5,2,0,4.06968,0.0980134,-4.29152e-09
8.5,2.1,0,4.07342,0.106894,-8.65652e-09
8.5,2.2,0,4.07972,0.113675,-2.1731e-08
8.5,2.3,0,4.08595,0.121634,-2.61593e-08
8.5,2.4,0,4.09059,0.132066,-1.46816e-08
8.5,2.5,0,4.10032,0.138868,6.25551e-09
8.5,2.6,0,4.10476,0.150038,-1.19295e-08
8.5,2.7,0,4.11332,0.158496,-1.50213e-09
8.5,2.8,0,4.1218,0.169331,1.62237e-08
8.5,2.9,0,4.12768,0.184259,2.06498e-08
8.5,3,0,4.14142,0.195043,3.62702e-08
8.5,3.1,0,4.14587,0.208853,3.73352e-08
8.5,3.2,0,4.15707,0.219197,3.56751e-08
8.5,3.3,0,4.16839,0.234431,3.32757e-08
8.5,3.4,0,4.1757,0.256767,3.12159e-08
8.5,3.5,0,4.19521,0.274102,1.66138e-08
8.5,3.6,0,4.19792,0.291783,1.32288e-08
8.5,3.7,0,4.2108,0.305249,-9.2293e-09
8.5,3.8,0,4.22443,0.327159,-3.72283e-08
8.5,3.9,0,4.23245,0.360119,-5.86295e-08
8.5,4,0,4.25667,0.385866,-1.08192e-07
8.5,4.1,0,4.24013,0.410339,-1.23892e-07
8.5,4.2,0,4.22759,0.429195,-1.2877e-07
8.5,4.3,0,4.22941,0.4579,-1.06801e-07
8.5,4.4,0,4.23795,0.499302,-6.26994e-08
8.5,4.5,0,4.18607,0.522971,2.56235e-08
8.5,4.6,0,4.04012,0.539972,1.50123e-07
8.5,4.7,0,3.82295,0.543333,4.26996e-07
8.5,4.8,0,3.6034,0.532859,6.52745e-07
8.5,4.9,0,3.34451,0.509113,6.79181e-07
8.5,5,0,1.91062,0.359656,2.64781e-07
8.5,5.1,0,2.03062,0.329512,2.74286e-07
8.5,5.2,0,1.84708,0.230129,2.12857e-07
8.5,5.3,0,1.08762,0.150687,1.14286e-08
8.5,5.4,0,0.346585,0.0704008,-1.81429e-07
8.5,5.5,0,0.0798178,-0.00598237,-3.28571e-07
8.5,5.6,0,0.328114,-0.0822336,-2.7e-07
8.5,5.7,0,1.05834,-0.162066,2.58571e-07
8.5,5.8,0,1.86185,-0.24419,6.94286e-07
8.5,5.9,0,2.12858,-0.347724,3.52143e-07
8.5,6,0,1.99872,-0.373293,-1.17854e-07
8.5,6.1,0,2.08616,-0.378474,-9.62137e-08
8.5,6.2,0,2.26191,-0.393392,-7.30432e-08
8.5,6.3,0,3.37977,-0.512167,-3.3547e-08
8.5,6.4,0,3.83635,-0.536282,1.39894e-08
8.5,6.5,0,3.93686,-0.509426,6.5855e-08
8.5,6.6,0,4.1006,-0.497866,8.95106e-08
8.5,6.7,0,4.22787,-0.481517,8.91923e-08
8.5,6.8,0,4.21704,-0.441172,5.65804e-08
8.5,6.9,0,4.21007,-0.405897,1.71908e-08
8.5,7,0,4.20926,-0.378698,-3.29929e-08
8.5,7.1,0,4.21331,-0.358438,-4.16062e-08
8.5,7.2,0,4.21708,-0.338767,-4.77236e-08
8.5,7.3,0,4.20639,-0.325117,-4.55253e-08
8.5,7.4,0,4.19656,-0.30315,-4.40595e-08
8.5,7.5,0,4.1873,-0.275638,-4.30819e-08
8.5,7.6,0,4.16684,-0.251926,-4.49147e-08
8.5,7.7,0,4.14663,-0.232482,-5.05557e-08
8.5,7.8,0,4.14259,-0.220615,-6.37572e-08
8.5,7.9,0,4.13415,-0.210657,-7.50388e-08
8.5,8,0,4.11699,-0.204481,-8.25216e-08
8.5,8.1,0,4.10878,-0.188667,-8.21838e-08
8.5,8.2,0,4.10157,-0.171783,-8.09771e-08
8.5,8.3,0,4.08604,-0.158834,-8.83632e-08
8.5,8.4,0,4.07639,-0.148385,-9.16865e-08
8.5,8.5,0,4.07164,-0.139934,-9.15839e-08
8.5,8.6,0,4.06236,-0.134321,-9.28178e-08
8.5,8.7,0,4.05176,-0.129096,-9.55933e-08
8.5,8.8,0,4.0463,-0.118917,-1.01472e-07
8.5,8.9,0,4.0395,-0.10959,-1.05923e-07
8.5,9,0,4.02937,-0.102395,-1.06806e-07
8.5,9.1,0,4.02422,-0.095952,-9.79006e-08
8.5,9.2,0,4.01996,-0.0896414,-8.72682e-08
8.5,9.3,0,4.01208,-0.0863544,-8.91716e-08
8.5,9.4,0,4.00599,-0.0817184,-9.11416e-08
8.5,9.5,0,4.00195,-0.0755258,-9.2317e-08
8.5,9.6,0,3.99629,-0.0706786,-9.76381e-08
8.5,9.7,0,3.99002,-0.0666754,-1.06297e-07
8.5,9.8,0,3.98662,-0.0620624,-1.17256e-07
8.5,9.9,0,3.98271,-0.0579819,-1.27566e-07
8.5,10,0,3.97714,-0.0556279,-1.35769e-07
8.5,10.1,0,3.97367,-0.0519261,-1.24837e-07
8.5,10.2,0,3.97073,-0.0478874,-1.09123e-07
8.5,10.3,0,3.96636,-0.0454851,-1.07198e-07
8.5,10.4,0,3.96275,-0.0427793,-1.12694e-07
8.5,10.5,0,3.96029,-0.0394444,-1.25087e-07
8.5,10.6,0,3.95716,-0.0369998,-1.2421e-07
8.5,10.7,0,3.95362,-0.0352074,-1.12828e-07
8.5,10.8,0,3.9516,-0.0323405,-1.10396e-07
8.5,10.9,0,3.9494,-0.0297484,-1.0969e-07
8.5,11,0,3.94644,-0.0283615,-1.16554e-07
8.5,11.1,0,3.94449,-0.0261501,-1.04022e-07
8.5,11.2,0,3.94289,-0.0236638,-8.50246e-08
8.5,11.3,0,3.94069,-0.0223022,-8.6815e-08
8.5,11.4,0,3.93878,-0.0207372,-9.44511e-08
8.5,11.5,0,3.93745,-0.0185353,-1.04726e-07
8.5,11.6,0,3.93589,-0.0169371,-1.07919e-07
8.5,11.7,0,3.93394,-0.0159244,-1.0363e-07
8.5,11.8,0,3.92938,-0.0138882,-9.96753e-08
8.5,11.9,0,3.9248,-0.0120116,-9.52125e-08
8.5,12,0,3.92013,-0.0111517,-8.75144e-08
8.5,12.1,0,3.85944,-0.00951356,-7.95285e-08
8.5,12.2,0,3.77474,-0.00754189,-7.14192e-08
8.5,12.3,0,3.69036,-0.00642825,-6.50687e-08
8.5,12.4,0,3.25635,-0.00510642,-5.46549e-08
8.5,12.5,0,2.17287,-0.00296337,-3.58041e-08
8.5,12.6,0,1.0876,-0.00122175,-1.75292e-08
8.5,12.7,0,0,0,0
8.6,0,0,0,0,0
8.6,0.1,0,1.39728,0.00549247,-1.779e-08
8.6,0.2,0,2.79914,0.0105671,-1.0694e-08
8.6,0.3,0,3.60126,0.0151197,2.87478e-08
8.6,0.4,0,3.79218,0.0201947,3.83203e-08
8.6,0.5,0,3.98158,0.0235685,2.46379e-08
8.6,0.6,0,3.99794,0.0286323,3.78279e-08
8.6,0.7,0,4.01419,0.0330142,4.18508e-08
8.6,0.8,0,4.02331,0.0369759,2.7637e-08
8.6,0.9,0,4.02561,0.0422223,1.81045e-08
8.6,1,0,4.02874,0.0455253,7.76628e-09
8.6,1.1,0,4.03064,0.0512317,1.52813e-08
8.6,1.2,0,4.03302,0.0561926,2.38306e-08
8.6,1.3,0,4.03597,0.0608874,2.42833e-08
8.6,1.4,0,4.03831,0.06718,1.40533e-08
8.6,1.5,0,4.04236,0.0712798,2.02441e-08
8.6,1.6,0,4.04518,0.0782886,2.62691e-08
8.6,1.7,0,4.04879,0.0844372,2.56943e-08
8.6,1.8,0,4.05324,0.0904244,2.09748e-08
8.6,1.9,0,4.05654,0.0984004,2.86098e-08
8.6,2,0,4.06258,0.103784,1.10955e-09
8.6,2.1,0,4.06632,0.112665,-3.25545e-09
8.6,2.2,0,4.07135,0.120496,-1.19752e-08
8.6,2.3,0,4.07757,0.128455,-1.64035e-08
8.6,2.4,0,4.08182,0.139165,-5.65348e-09
8.6,2.5,0,4.09037,0.146805,1.31007e-08
8.6,2.6,0,4.09482,0.157975,-5.0843e-09
8.6,2.7,0,4.10132,0.167789,-8.96311e-09
8.6,2.8,0,4.10979,0.178624,8.76271e-09
8.6,2.9,0,4.11508,0.193871,1.23277e-08
8.6,3,0,4.127,0.205611,2.53648e-08
8.6,3.1,0,4.13145,0.21942,2.64298e-08
8.6,3.2,0,4.13928,0.231497,2.61323e-08
8.6,3.3,0,4.1506,0.246731,2.37328e-08
8.6,3.4,0,4.15697,0.269452,2.26378e-08
8.6,3.5,0,4.17366,0.287941,1.09301e-08
8.6,3.6,0,4.17637,0.305622,7.54512e-09
8.6,3.7,0,4.18416,0.321195,-5.37643e-09
8.6,3.8,0,4.1978,0.343105,-3.33754e-08
8.6,3.9,0,4.20457,0.37662,-5.26104e-08
8.6,4,0,4.22505,0.404032,-9.56743e-08
8.6,4.1,0,4.20851,0.428505,-1.11374e-07
8.6,4.2,0,4.19397,0.450169,-1.21663e-07
8.6,4.3,0,4.19579,0.478874,-9.96941e-08
8.6,4.4,0,4.20897,0.52164,-5.89941e-08
8.6,4.5,0,4.17104,0.549401,1.91239e-08
8.6,4.6,0,4.02509,0.566403,1.43624e-07
8.6,4.7,0,3.84353,0.576584,3.4431e-07
8.6,4.8,0,3.62398,0.566111,5.70059e-07
8.6,4.9,0,3.45548,0.552034,6.30406e-07
8.6,5,0,2.29274,0.431587,3.17737e-07
8.6,5.1,0,2.43675,0.395414,3.29143e-07
8.6,5.2,0,2.2165,0.276154,2.55429e-07
8.6,5.3,0,1.30514,0.180825,1.37143e-08
8.6,5.4,0,0.415902,0.0844809,-2.17714e-07
8.6,5.5,0,0.0957813,-0.00717884,-3.94286e-07
8.6,5.6,0,0.393737,-0.0986804,-3.24e-07
8.6,5.7,0,1.27001,-0.19448,3.10286e-07
8.6,5.8,0,2.23422,-0.293028,8.33143e-07
8.6,5.9,0,2.55429,-0.417269,4.22571e-07
8.6,6,0,2.39847,-0.447951,-1.41424e-07
8.6,6.1,0,2.4859,-0.453133,-1.19784e-07
8.6,6.2,0,2.57333,-0.458314,-9.81445e-08
8.6,6.3,0,3.38501,-0.543336,-6.39541e-08
8.6,6.4,0,3.84159,-0.56745,-1.64178e-08
8.6,6.5,0,3.9421,-0.540594,3.54479e-08
8.6,6.6,0,4.07294,-0.521074,7.37837e-08
8.6,6.7,0,4.20021,-0.504725,7.34654e-08
8.6,6.8,0,4.18937,-0.46438,4.08535e-08
8.6,6.9,0,4.17856,-0.424073,8.19134e-09
8.6,7,0,4.17776,-0.396874,-4.19923e-08
8.6,7.1,0,4.1818,-0.376614,-5.06056e-08
8.6,7.2,0,4.18611,-0.35672,-5.7031e-08
8.6,7.3,0,4.18063,-0.340902,-5.78264e-08
8.6,7.4,0,4.17079,-0.318935,-5.63605e-08
8.6,7.5,0,4.16153,-0.291423,-5.53829e-08
8.6,7.6,0,4.14732,-0.265589,-5.56466e-08
8.6,7.7,0,4.12712,-0.246145,-6.12876e-08
8.6,7.8,0,4.12308,-0.234278,-7.44891e-08
8.6,7.9,0,4.11904,-0.22241,-8.76906e-08
8.6,8,0,4.1025,-0.215965,-9.5443e-08
8.6,8.1,0,4.09429,-0.200151,-9.51052e-08
8.6,8.2,0,4.08708,-0.183267,-9.38985e-08
8.6,8.3,0,4.07478,-0.16879,-9.7947e-08
8.6,8.4,0,4.06513,-0.158341,-1.0127e-07
8.6,8.5,0,4.06038,-0.149889,-1.01168e-07
8.6,8.6,0,4.05384,-0.142567,-1.01597e-07
8.6,8.7,0,4.04324,-0.137342,-1.04372e-07
8.6,8.8,0,4.03777,-0.127163,-1.10251e-07
8.6,8.9,0,4.03231,-0.116984,-1.16129e-07
8.6,9,0,4.02263,-0.109499,-1.17497e-07
8.6,9.1,0,4.01749,-0.103056,-1.08592e-07
8.6,9.2,0,4.01322,-0.0967452,-9.79596e-08
8.6,9.3,0,4.00682,-0.0922211,-9.47339e-08
8.6,9.4,0,4.00074,-0.0875851,-9.67039e-08
8.6,9.5,0,3.99669,-0.0813925,-9.78792e-08
8.6,9.6,0,3.99209,-0.0756659,-1.0049e-07
8.6,9.7,0,3.98581,-0.0716627,-1.0915e-07
8.6,9.8,0,3.98241,-0.0670497,-1.20109e-07
8.6,9.9,0,3.97901,-0.0624368,-1.31068e-07
8.6,10,0,3.97376,-0.0597504,-1.39676e-07
8.6,10.1,0,3.97029,-0.0560486,-1.28745e-07
8.6,10.2,0,3.96735,-0.0520098,-1.1303e-07
8.6,10.3,0,3.9636,-0.0489002,-1.05145e-07
8.6,10.4,0,3.95999,-0.0461944,-1.10641e-07
8.6,10.5,0,3.95753,-0.0428595,-1.23034e-07
8.6,10.6,0,3.95487,-0.0397787,-1.3164e-07
8.6,10.7,0,3.95133,-0.0379863,-1.20258e-07
8.6,10.8,0,3.94931,-0.0351194,-1.17826e-07
8.6,10.9,0,3.94729,-0.0322525,-1.15393e-07
8.6,11,0,3.94452,-0.0305738,-1.20425e-07
8.6,11.1,0,3.94257,-0.0283624,-1.07893e-07
8.6,11.2,0,3.94096,-0.0258761,-8.88953e-08
8.6,11.3,0,3.93904,-0.0239993,-8.11624e-08
8.6,11.4,0,3.93712,-0.0224342,-8.87985e-08
8.6,11.5,0,3.9358,-0.0202324,-9.90734e-08
8.6,11.6,0,3.93443,-0.0181583,-1.07849e-07
8.6,11.7,0,3.93247,-0.0171456,-1.0356e-07
8.6,11.8,0,3.92791,-0.0151094,-9.96052e-08
8.6,11.9,0,3.92335,-0.0130731,-9.56503e-08
8.6,12,0,3.91871,-0.0119225,-8.88774e-08
8.6,12.1,0,3.85802,-0.0102844,-8.08915e-08
8.6,12.2,0,3.77332,-0.00831271,-7.27822e-08
8.6,12.3,0,3.68879,-0.00678098,-6.55747e-08
8.6,12.4,0,3.25478,-0.00545915,-5.51608e-08
8.6,12.5,0,2.1713,-0.0033161,-3.63101e-08
8.6,12.6,0,1.0876,-0.00122175,-1.75292e-08
8.6,12.7,0,0,0,0
8.7,0,0,0,0,0
8.7,0.1,0,1.39728,0.00549247,-1.779e-08
8.7,0.2,0,2.79456,0.0109849,-3.558e-08
8.7,0.3,0,3.59668,0.0155375,3.86175e-09
8.7,0.4,0,3.7876,0.0206126,1.34343e-08
8.7,0.5,0,3.97755,0.024605,8.20822e-09
8.7,0.6,0,3.99392,0.0296688,2.13982e-08
8.7,0.7,0,4.01028,0.0347325,3.45882e-08
8.7,0.8,0,4.01941,0.0386943,2.03744e-08
8.7,0.9,0,4.0217,0.0439406,1.08419e-08
8.7,1,0,4.02453,0.0479503,7.96723e-10
8.7,1.1,0,4.02643,0.0536568,8.31172e-09
8.7,1.2,0,4.02833,0.0593632,1.58267e-08
8.7,1.3,0,4.03128,0.064058,1.62793e-08
8.7,1.4,0,4.03362,0.0703507,6.04934e-09
8.7,1.5,0,4.03705,0.0752479,6.26894e-09
8.7,1.6,0,4.03987,0.0822566,1.22939e-08
8.7,1.7,0,4.04269,0.0892653,1.83189e-08
8.7,1.8,0,4.04714,0.0952525,1.35994e-08
8.7,1.9,0,4.05044,0.103229,2.12344e-08
8.7,2,0,4.05548,0.109555,6.51062e-09
8.7,2.1,0,4.05923,0.118436,2.14562e-09
8.7,2.2,0,4.06297,0.127316,-2.21938e-09
8.7,2.3,0,4.0692,0.135275,-6.64767e-09
8.7,2.4,0,4.07345,0.145986,4.10233e-09
8.7,2.5,0,4.08043,0.154742,1.99459e-08
8.7,2.6,0,4.08488,0.165912,1.7609e-09
8.7,2.7,0,4.08932,0.177081,-1.64241e-08
8.7,2.8,0,4.09779,0.187917,1.30172e-09
8.7,2.9,0,4.10308,0.203163,4.86672e-09
8.7,3,0,4.11259,0.216179,1.44594e-08
8.7,3.1,0,4.11704,0.229988,1.55244e-08
8.7,3.2,0,4.12149,0.243797,1.65894e-08
8.7,3.3,0,4.13281,0.259031,1.419e-08
8.7,3.4,0,4.13918,0.281752,1.3095e-08
8.7,3.5,0,4.15212,0.301779,5.24644e-09
8.7,3.6,0,4.15483,0.31946,1.86144e-09
8.7,3.7,0,4.15753,0.337141,-1.52356e-09
8.7,3.8,0,4.17117,0.359051,-2.95225e-08
8.7,3.9,0,4.17794,0.392566,-4.87575e-08
8.7,4,0,4.19343,0.422197,-8.31564e-08
8.7,4.1,0,4.17689,0.44667,-9.88564e-08
8.7,4.2,0,4.16035,0.471144,-1.14556e-07
8.7,4.3,0,4.16217,0.499848,-9.25872e-08
8.7,4.4,0,4.17535,0.542615,-5.18872e-08
8.7,4.5,0,4.15601,0.575832,1.26243e-08
8.7,4.6,0,4.01006,0.592834,1.37124e-07
8.7,4.7,0,3.86411,0.609835,2.61624e-07
8.7,4.8,0,3.64456,0.599362,4.87374e-07
8.7,4.9,0,3.47606,0.585285,5.4772e-07
8.7,5,0,2.67487,0.503518,3.70693e-07
8.7,5.1,0,2.84287,0.461316,3.84e-07
8.7,5.2,0,2.58592,0.32218,2.98e-07
8.7,5.3,0,1.52266,0.210962,1.6e-08
8.7,5.4,0,0.485219,0.0985611,-2.54e-07
8.7,5.5,0,0.111745,-0.00837531,-4.6e-07
8.7,5.6,0,0.45936,-0.115127,-3.78e-07
8.7,5.7,0,1.48168,-0.226893,3.62e-07
8.7,5.8,0,2.60659,-0.341866,9.72e-07
8.7,5.9,0,2.98001,-0.486813,4.93e-07
8.7,6,0,2.79821,-0.52261,-1.64995e-07
8.7,6.1,0,2.88565,-0.527791,-1.43355e-07
8.7,6.2,0,2.97308,-0.532973,-1.21715e-07
8.7,6.3,0,3.39025,-0.574504,-9.43612e-08
8.7,6.4,0,3.84683,-0.598619,-4.68249e-08
8.7,6.5,0,3.94734,-0.571763,5.0408e-09
8.7,6.6,0,4.04785,-0.544907,5.69065e-08
8.7,6.7,0,4.17254,-0.527934,5.77385e-08
8.7,6.8,0,4.1617,-0.487589,2.51266e-08
8.7,6.9,0,4.15087,-0.447244,-7.48537e-09
8.7,7,0,4.14625,-0.415049,-5.09918e-08
8.7,7.1,0,4.1503,-0.39479,-5.96051e-08
8.7,7.2,0,4.1546,-0.374896,-6.60304e-08
8.7,7.3,0,4.15486,-0.356687,-7.01274e-08
8.7,7.4,0,4.14502,-0.33472,-6.86616e-08
8.7,7.5,0,4.13576,-0.307208,-6.7684e-08
8.7,7.6,0,4.1265,-0.279696,-6.67064e-08
8.7,7.7,0,4.1076,-0.259808,-7.20195e-08
8.7,7.8,0,4.10356,-0.247941,-8.5221e-08
8.7,7.9,0,4.09952,-0.236073,-9.84225e-08
8.7,8,0,4.088,-0.22745,-1.08364e-07
8.7,8.1,0,4.0798,-0.211636,-1.08027e-07
8.7,8.2,0,4.07259,-0.194752,-1.0682e-07
8.7,8.3,0,4.06352,-0.178746,-1.07531e-07
8.7,8.4,0,4.05387,-0.168297,-1.10854e-07
8.7,8.5,0,4.04913,-0.159845,-1.10752e-07
8.7,8.6,0,4.04438,-0.151394,-1.10649e-07
8.7,8.7,0,4.03471,-0.145589,-1.13151e-07
8.7,8.8,0,4.02925,-0.135409,-1.1903e-07
8.7,8.9,0,4.02378,-0.12523,-1.24908e-07
8.7,9,0,4.01589,-0.116603,-1.28189e-07
8.7,9.1,0,4.01075,-0.11016,-1.19284e-07
8.7,9.2,0,4.00649,-0.103849,-1.08651e-07
8.7,9.3,0,4.00157,-0.0980877,-1.00296e-07
8.7,9.4,0,3.99548,-0.0934518,-1.02266e-07
8.7,9.5,0,3.99143,-0.0872592,-1.03442e-07
8.7,9.6,0,3.98738,-0.0810667,-1.04617e-07
8.7,9.7,0,3.9816,-0.07665,-1.12002e-07
8.7,9.8,0,3.9782,-0.072037,-1.22961e-07
8.7,9.9,0,3.9748,-0.0674241,-1.3392e-07
8.7,10,0,3.97038,-0.0638728,-1.43584e-07
8.7,10.1,0,3.96691,-0.060171,-1.32653e-07
8.7,10.2,0,3.96397,-0.0561323,-1.16938e-07
8.7,10.3,0,3.96084,-0.0523153,-1.03092e-07
8.7,10.4,0,3.95723,-0.0496095,-1.08588e-07
8.7,10.5,0,3.95477,-0.0462747,-1.20981e-07
8.7,10.6,0,3.9523,-0.0429398,-1.33373e-07
8.7,10.7,0,3.94905,-0.0407652,-1.27688e-07
8.7,10.8,0,3.94703,-0.0378983,-1.25256e-07
8.7,10.9,0,3.94501,-0.0350314,-1.22823e-07
8.7,11,0,3.94259,-0.0327861,-1.24295e-07
8.7,11.1,0,3.94065,-0.0305747,-1.11763e-07
8.7,11.2,0,3.93904,-0.0280884,-9.27659e-08
8.7,11.3,0,3.93739,-0.0256964,-7.55097e-08
8.7,11.4,0,3.93547,-0.0241313,-8.31458e-08
8.7,11.5,0,3.93415,-0.0219294,-9.34208e-08
8.7,11.6,0,3.93282,-0.0197276,-1.03696e-07
8.7,11.7,0,3.93101,-0.0183668,-1.0349e-07
8.7,11.8,0,3.92645,-0.0163306,-9.9535e-08
8.7,11.9,0,3.92189,-0.0142943,-9.55802e-08
8.7,12,0,3.91729,-0.0126933,-9.02403e-08
8.7,12.1,0,3.8566,-0.0110552,-8.22544e-08
8.7,12.2,0,3.7719,-0.00908353,-7.41451e-08
8.7,12.3,0,3.68721,-0.00713371,-6.60806e-08
8.7,12.4,0,3.2532,-0.00581188,-5.56668e-08
8.7,12.5,0,2.16972,-0.00366883,-3.68161e-08
8.7,12.6,0,1.08624,-0.00152578,-1.79653e-08
8.7,12.7,0,0,0,0
8.8,0,0,0,0,0
8.8,0.1,0,1.39728,0.00549247,-1.779e-08
8.8,0.2,0,2.79456,0.0109849,-3.558e-08
8.8,0.3,0,3.5921,0.0159553,-2.10242e-08
8.8,0.4,0,3.78302,0.0210304,-1.14517e-08
8.8,0.5,0,3.97353,0.0256415,-8.22148e-09
8.8,0.6,0,3.9899,0.0307052,4.96852e-09
8.8,0.7,0,4.00626,0.035769,1.81585e-08
8.8,0.8,0,4.0155,0.0404126,1.31119e-08
8.8,0.9,0,4.01779,0.045659,3.5794e-09
8.8,1,0,4.02032,0.0503753,-6.17283e-09
8.8,1.1,0,4.02222,0.0560818,1.34217e-09
8.8,1.2,0,4.02412,0.0617883,8.85717e-09
8.8,1.3,0,4.02659,0.0672286,8.27543e-09
8.8,1.4,0,4.02894,0.0735213,-1.95457e-09
8.8,1.5,0,4.03174,0.0792159,-7.70617e-09
8.8,1.6,0,4.03456,0.0862246,-1.68117e-09
8.8,1.7,0,4.03739,0.0932333,4.34383e-09
8.8,1.8,0,4.04104,0.100081,6.22404e-09
8.8,1.9,0,4.04434,0.108057,1.3859e-08
8.8,2,0,4.04838,0.115326,1.19117e-08
8.8,2.1,0,4.05213,0.124206,7.5467e-09
8.8,2.2,0,4.05587,0.133087,3.1817e-09
8.8,2.3,0,4.06082,0.142096,3.10814e-09
8.8,2.4,0,4.06507,0.152806,1.38581e-08
8.8,2.5,0,4.07049,0.162679,2.67911e-08
8.8,2.6,0,4.07494,0.173849,8.6061e-09
8.8,2.7,0,4.07938,0.185019,-9.5789e-09
8.8,2.8,0,4.08579,0.19721,-6.15926e-09
8.8,2.9,0,4.09107,0.212456,-2.59426e-09
8.8,3,0,4.09817,0.226746,3.55403e-09
8.8,3.1,0,4.10262,0.240556,4.61903e-09
8.8,3.2,0,4.10707,0.254365,5.68403e-09
8.8,3.3,0,4.11501,0.271331,4.64714e-09
8.8,3.4,0,4.12139,0.294051,3.55214e-09
8.8,3.5,0,4.13057,0.315618,-4.37241e-10
8.8,3.6,0,4.13328,0.333299,-3.82224e-09
8.8,3.7,0,4.13599,0.35098,-7.20724e-09
8.8,3.8,0,4.14454,0.374997,-2.56697e-08
8.8,3.9,0,4.15131,0.408512,-4.49047e-08
8.8,4,0,4.16181,0.440363,-7.06384e-08
8.8,4.1,0,4.14527,0.464836,-8.63384e-08
8.8,4.2,0,4.12873,0.489309,-1.02038e-07
8.8,4.3,0,4.12855,0.520822,-8.54802e-08
8.8,4.4,0,4.14173,0.563589,-4.47802e-08
8.8,4.5,0,4.14097,0.602263,6.1247e-09
8.8,4.6,0,3.99503,0.619264,1.30625e-07
8.8,4.7,0,3.84908,0.636266,2.55125e-07
8.8,4.8,0,3.66515,0.632613,4.04688e-07
8.8,4.9,0,3.49665,0.618536,4.65034e-07
8.8,5,0,3.05699,0.575449,4.23649e-07
8.8,5.1,0,3.24899,0.527219,4.38857e-07
8.8,5.2,0,2.95533,0.368206,3.40571e-07
8.8,5.3,0,1.74019,0.2411,1.82857e-08
8.8,5.4,0,0.554536,0.112641,-2.90286e-07
8.8,5.5,0,0.127708,-0.00957179,-5.25714e-07
8.8,5.6,0,0.524983,-0.131574,-4.32e-07
8.8,5.7,0,1.69335,-0.259306,4.13714e-07
8.8,5.8,0,2.97896,-0.390704,1.11086e-06
8.8,5.9,0,3.40572,-0.556358,5.63429e-07
8.8,6,0,3.19796,-0.597269,-1.88566e-07
8.8,6.1,0,3.28539,-0.60245,-1.66926e-07
8.8,6.2,0,3.37282,-0.607631,-1.45286e-07
8.8,6.3,0,3.46026,-0.612813,-1.23646e-07
8.8,6.4,0,3.85207,-0.629787,-7.7232e-08
8.8,6.5,0,3.95258,-0.602931,-2.53663e-08
8.8,6.6,0,4.05309,-0.576075,2.64994e-08
8.8,6.7,0,4.14487,-0.551142,4.20116e-08
8.8,6.8,0,4.13404,-0.510797,9.39966e-09
8.8,6.9,0,4.1232,-0.470453,-2.32123e-08
8.8,7,0,4.11474,-0.433225,-5.99912e-08
8.8,7.1,0,4.11879,-0.412966,-6.86045e-08
8.8,7.2,0,4.12309,-0.393071,-7.50299e-08
8.8,7.3,0,4.1274,-0.373177,-8.14553e-08
8.8,7.4,0,4.11926,-0.350505,-8.09626e-08
8.8,7.5,0,4.11,-0.322993,-7.9985e-08
8.8,7.6,0,4.10073,-0.295481,-7.90074e-08
8.8,7.7,0,4.08809,-0.273471,-8.27514e-08
8.8,7.8,0,4.08405,-0.261604,-9.59529e-08
8.8,7.9,0,4.08001,-0.249737,-1.09154e-07
8.8,8,0,4.07351,-0.238934,-1.21286e-07
8.8,8.1,0,4.06531,-0.223121,-1.20948e-07
8.8,8.2,0,4.0581,-0.206236,-1.19741e-07
8.8,8.3,0,4.05089,-0.189352,-1.18534e-07
8.8,8.4,0,4.04261,-0.178252,-1.20438e-07
8.8,8.5,0,4.03787,-0.169801,-1.20336e-07
8.8,8.6,0,4.03312,-0.16135,-1.20233e-07
8.8,8.7,0,4.02619,-0.153835,-1.2193e-07
8.8,8.8,0,4.02072,-0.143656,-1.27809e-07
8.8,8.9,0,4.01526,-0.133477,-1.33687e-07
8.8,9,0,4.00915,-0.123707,-1.3888e-07
8.8,9.1,0,4.00401,-0.117263,-1.29975e-07
8.8,9.2,0,3.99975,-0.110953,-1.19343e-07
8.8,9.3,0,3.99548,-0.104642,-1.0871e-07
8.8,9.4,0,3.99022,-0.0993185,-1.07828e-07
8.8,9.5,0,3.98617,-0.0931259,-1.09004e-07
8.8,9.6,0,3.98213,-0.0869333,-1.10179e-07
8.8,9.7,0,3.97739,-0.0816373,-1.14855e-07
8.8,9.8,0,3.97399,-0.0770243,-1.25814e-07
8.8,9.9,0,3.97059,-0.0724114,-1.36772e-07
8.8,10,0,3.967,-0.0679953,-1.47491e-07
8.8,10.1,0,3.96354,-0.0642935,-1.3656e-07
8.8,10.2,0,3.96059,-0.0602548,-1.20846e-07
8.8,10.3,0,3.95765,-0.0562161,-1.05131e-07
8.8,10.4,0,3.95447,-0.0530246,-1.06535e-07
8.8,10.5,0,3.952,-0.0496898,-1.18928e-07
8.8,10.6,0,3.94954,-0.046355,-1.3132e-07
8.8,10.7,0,3.94677,-0.0435441,-1.35118e-07
8.8,10.8,0,3.94475,-0.0406772,-1.32686e-07
8.8,10.9,0,3.94272,-0.0378103,-1.30253e-07
8.8,11,0,3.94067,-0.0349984,-1.28166e-07
8.8,11.1,0,3.93872,-0.032787,-1.15634e-07
8.8,11.2,0,3.93712,-0.0303007,-9.66366e-08
8.8,11.3,0,3.93551,-0.0278145,-7.76392e-08
8.8,11.4,0,3.93382,-0.0258284,-7.74932e-08
8.8,11.5,0,3.93249,-0.0236265,-8.77682e-08
8.8,11.6,0,3.93117,-0.0214247,-9.80431e-08
8.8,11.7,0,3.92954,-0.019588,-1.0342e-07
8.8,11.8,0,3.92499,-0.0175517,-9.94649e-08
8.8,11.9,0,3.92043,-0.0155155,-9.551e-08
8.8,12,0,3.91587,-0.0134793,-9.15552e-08
8.8,12.1,0,3.85518,-0.011826,-8.36174e-08
8.8,12.2,0,3.77048,-0.00985435,-7.55081e-08
8.8,12.3,0,3.68578,-0.00788268,-6.73988e-08
8.8,12.4,0,3.25162,-0.0061646,-5.61728e-08
8.8,12.5,0,2.16814,-0.00402155,-3.7322e-08
8.8,12.6,0,1.08466,-0.0018785,-1.84713e-08
8.8,12.7,0,0,0,0
8.9,0,0,0,0,0
8.9,0.1,0,1.39581,0.00549084,-1.59317e-08
8.9,0.2,0,2.79309,0.0109833,-3.37217e-08
8.9,0.3,0,3.58718,0.0163187,-3.87269e-08
8.9,0.4,0,3.77811,0.0213937,-2.91544e-08
8.9,0.5,0,3.96904,0.0264688,-1.95819e-08
8.9,0.6,0,3.98539,0.0315955,-7.25871e-09
8.9,0.7,0,4.00175,0.0366592,5.93129e-09
8.9,0.8,0,4.011,0.0418722,9.13643e-09
8.9,0.9,0,4.01329,0.0471186,-3.96071e-10
8.9,1,0,4.01558,0.0523649,-9.92857e-09
8.9,1.1,0,4.01735,0.0581188,-3.8975e-09
8.9,1.2,0,4.01925,0.0638253,3.6175e-09
8.9,1.3,0,4.02121,0.0698575,2.81357e-09
8.9,1.4,0,4.02355,0.0761501,-7.41643e-09
8.9,1.5,0,4.02589,0.0824428,-1.76464e-08
8.9,1.6,0,4.02851,0.0894649,-1.23746e-08
8.9,1.7,0,4.03133,0.0964736,-6.34964e-09
8.9,1.8,0,4.03414,0.103951,-3.66786e-10
8.9,1.9,0,4.03743,0.111927,7.26821e-09
8.9,2,0,4.04073,0.119903,1.49032e-08
8.9,2.1,0,4.04417,0.128741,1.14732e-08
8.9,2.2,0,4.04791,0.137622,7.10821e-09
8.9,2.3,0,4.05154,0.147312,1.00068e-08
8.9,2.4,0,4.05579,0.158023,2.07568e-08
8.9,2.5,0,4.06004,0.168733,3.15068e-08
8.9,2.6,0,4.06405,0.179782,1.46493e-08
8.9,2.7,0,4.06849,0.190952,-3.53571e-09
8.9,2.8,0,4.07283,0.203895,-1.14814e-08
8.9,2.9,0,4.07812,0.219141,-7.91643e-09
8.9,3,0,4.08341,0.234387,-4.35143e-09
8.9,3.1,0,4.08726,0.247937,-3.51964e-09
8.9,3.2,0,4.09172,0.261746,-2.45464e-09
8.9,3.3,0,4.09639,0.2795,-2.59821e-09
8.9,3.4,0,4.10276,0.302221,-3.69321e-09
8.9,3.5,0,4.10913,0.324941,-4.78821e-09
8.9,3.6,0,4.11109,0.342061,-7.76e-09
8.9,3.7,0,4.1138,0.359742,-1.1145e-08
8.9,3.8,0,4.11731,0.38446,-2.16871e-08
8.9,3.9,0,4.12407,0.417975,-4.09221e-08
8.9,4,0,4.13084,0.45149,-6.01571e-08
8.9,4.1,0,4.1147,0.474872,-7.52786e-08
8.9,4.2,0,4.09816,0.499345,-9.09786e-08
8.9,4.3,0,4.09403,0.531521,-8.12214e-08
8.9,4.4,0,4.10721,0.574287,-4.05214e-08
8.9,4.5,0,4.12039,0.617054,1.78571e-10
8.9,4.6,0,3.97834,0.633791,1.177e-07
8.9,4.7,0,3.83239,0.650793,2.422e-07
8.9,4.8,0,3.68345,0.651943,3.34208e-07
8.9,4.9,0,3.51495,0.637866,3.94554e-07
8.9,5,0,3.34645,0.623789,4.549e-07
8.9,5.1,0,3.55442,0.572311,4.73321e-07
8.9,5.2,0,3.23483,0.402561,3.64643e-07
8.9,5.3,0,1.91878,0.265938,1.40714e-08
8.9,5.4,0,0.634405,0.125439,-3.195e-07
8.9,5.5,0,0.170758,-0.00994231,-5.74286e-07
8.9,5.6,0,0.600177,-0.14513,-4.73643e-07
8.9,5.7,0,1.86421,-0.284997,4.41e-07
8.9,5.8,0,3.25668,-0.426355,1.19857e-06
8.9,5.9,0,3.72276,-0.603139,6.12571e-07
8.9,6,0,3.5019,-0.646949,-2.04115e-07
8.9,6.1,0,3.58151,-0.65322,-1.87818e-07
8.9,6.2,0,3.66894,-0.658402,-1.66178e-07
8.9,6.3,0,3.75637,-0.663583,-1.44538e-07
8.9,6.4,0,3.8459,-0.648949,-1.02469e-07
8.9,6.5,0,3.94641,-0.622092,-5.06038e-08
8.9,6.6,0,4.04692,-0.595236,1.26189e-09
8.9,6.7,0,4.11779,-0.566099,3.12307e-08
8.9,6.8,0,4.10695,-0.525754,-1.38124e-09
8.9,6.9,0,4.09612,-0.48541,-3.39932e-08
8.9,7,0,4.08528,-0.445065,-6.66051e-08
8.9,7.1,0,4.08915,-0.425203,-7.50498e-08
8.9,7.2,0,4.09346,-0.405308,-8.14752e-08
8.9,7.3,0,4.09776,-0.385414,-8.79006e-08
8.9,7.4,0,4.09515,-0.361822,-9.00627e-08
8.9,7.5,0,4.08589,-0.33431,-8.90851e-08
8.9,7.6,0,4.07662,-0.306798,-8.81075e-08
8.9,7.7,0,4.06952,-0.283585,-8.95397e-08
8.9,7.8,0,4.06548,-0.271718,-1.02741e-07
8.9,7.9,0,4.06144,-0.25985,-1.15943e-07
8.9,8,0,4.0574,-0.247983,-1.29144e-07
8.9,8.1,0,4.05124,-0.231993,-1.30071e-07
8.9,8.2,0,4.04403,-0.215109,-1.28864e-07
8.9,8.3,0,4.03682,-0.198225,-1.27658e-07
8.9,8.4,0,4.03154,-0.18609,-1.26763e-07
8.9,8.5,0,4.02679,-0.177639,-1.2666e-07
8.9,8.6,0,4.02205,-0.169187,-1.26557e-07
8.9,8.7,0,4.01764,-0.160538,-1.28137e-07
8.9,8.8,0,4.01217,-0.150359,-1.34015e-07
8.9,8.9,0,4.00671,-0.14018,-1.39893e-07
8.9,9,0,4.00124,-0.130001,-1.45772e-07
8.9,9.1,0,3.99717,-0.123108,-1.38481e-07
8.9,9.2,0,3.99291,-0.116798,-1.27849e-07
8.9,9.3,0,3.98864,-0.110487,-1.17216e-07
8.9,9.4,0,3.98479,-0.104248,-1.12329e-07
8.9,9.5,0,3.98074,-0.0980557,-1.13505e-07
8.9,9.6,0,3.97669,-0.0918631,-1.1468e-07
8.9,9.7,0,3.97298,-0.0858658,-1.1752e-07
8.9,9.8,0,3.96958,-0.0812528,-1.28479e-07
8.9,9.9,0,3.96618,-0.0766399,-1.39437e-07
8.9,10,0,3.96278,-0.0720269,-1.50396e-07
8.9,10.1,0,3.95994,-0.0678274,-1.40984e-07
8.9,10.2,0,3.957,-0.0637887,-1.2527e-07
8.9,10.3,0,3.95406,-0.0597499,-1.09555e-07
8.9,10.4,0,3.95148,-0.0559684,-1.05447e-07
8.9,10.5,0,3.94902,-0.0526335,-1.1784e-07
8.9,10.6,0,3.94656,-0.0492987,-1.30232e-07
8.9,10.7,0,3.94425,-0.0459466,-1.41442e-07
8.9,10.8,0,3.94223,-0.0430797,-1.39009e-07
8.9,10.9,0,3.94021,-0.0402128,-1.36577e-07
8.9,11,0,3.93819,-0.0373459,-1.34144e-07
8.9,11.1,0,3.93657,-0.0346971,-1.19704e-07
8.9,11.2,0,3.93496,-0.0322108,-1.00707e-07
8.9,11.3,0,3.93336,-0.0297246,-8.17097e-08
8.9,11.4,0,3.93193,-0.0272832,-7.41107e-08
8.9,11.5,0,3.93061,-0.0250814,-8.43857e-08
8.9,11.6,0,3.92928,-0.0228795,-9.46607e-08
8.9,11.7,0,3.92781,-0.0206496,-1.03926e-07
8.9,11.8,0,3.92327,-0.0185802,-9.96981e-08
8.9,11.9,0,3.91871,-0.0165439,-9.57433e-08
8.9,12,0,3.91415,-0.0145077,-9.17884e-08
8.9,12.1,0,3.85349,-0.0124515,-8.42529e-08
8.9,12.2,0,3.76879,-0.0104799,-7.61436e-08
8.9,12.3,0,3.68409,-0.00850819,-6.80343e-08
8.9,12.4,0,3.25044,-0.00642915,-5.65522e-08
8.9,12.5,0,2.16696,-0.0042861,-3.77015e-08
8.9,12.6,0,1.08348,-0.00214305,-1.88507e-08
8.9,12.7,0,0,0,0
9,0,0,0,0,0
9,0.1,0,1.38991,0.00548432,-8.49857e-09
9,0.2,0,2.78719,0.0109768,-2.62886e-08
9,0.3,0,3.58128,0.0165185,-3.48793e-08
9,0.4,0,3.7722,0.0215936,-2.53068e-08
9,0.5,0,3.96313,0.0266686,-1.57343e-08
9,0.6,0,3.97944,0.032047,-6.87857e-09
9,0.7,0,3.9958,0.0371107,6.31143e-09
9,0.8,0,4.00469,0.0425554,1.50221e-08
9,0.9,0,4.00698,0.0478017,5.48964e-09
9,1,0,4.00928,0.0530481,-4.04286e-09
9,1.1,0,4.01053,0.0589918,-3.9475e-09
9,1.2,0,4.01243,0.0646983,3.5675e-09
9,1.3,0,4.01372,0.070861,4.97786e-09
9,1.4,0,4.01606,0.0771537,-5.25214e-09
9,1.5,0,4.01841,0.0834463,-1.54821e-08
9,1.6,0,4.0202,0.0905218,-1.32232e-08
9,1.7,0,4.02302,0.0975305,-7.19821e-09
9,1.8,0,4.02482,0.104947,-4.60393e-09
9,1.9,0,4.02811,0.112923,3.03107e-09
9,2,0,4.03141,0.1209,1.06661e-08
9,2.1,0,4.03363,0.129568,1.09761e-08
9,2.2,0,4.03738,0.138449,6.61107e-09
9,2.3,0,4.03954,0.147717,8.33393e-09
9,2.4,0,4.04379,0.158428,1.90839e-08
9,2.5,0,4.04804,0.169138,2.98339e-08
9,2.6,0,4.05032,0.179705,1.82864e-08
9,2.7,0,4.05476,0.190874,1.01429e-10
9,2.8,0,4.05703,0.202757,-1.03871e-08
9,2.9,0,4.06232,0.218003,-6.82214e-09
9,3,0,4.0676,0.233249,-3.25714e-09
9,3.1,0,4.06909,0.245759,-3.35821e-09
9,3.2,0,4.07354,0.259568,-2.29321e-09
9,3.3,0,4.07527,0.275276,-2.95107e-09
9,3.4,0,4.08164,0.297997,-4.04607e-09
9,3.5,0,4.08801,0.320718,-5.14107e-09
9,3.6,0,4.08695,0.335593,-6.46e-09
9,3.7,0,4.08966,0.353274,-9.845e-09
9,3.8,0,4.08827,0.37447,-1.73157e-08
9,3.9,0,4.09503,0.407985,-3.65507e-08
9,4,0,4.1018,0.4415,-5.57857e-08
9,4.1,0,4.08725,0.460519,-6.85929e-08
9,4.2,0,4.07071,0.484992,-8.42929e-08
9,4.3,0,4.0568,0.511393,-8.55071e-08
9,4.4,0,4.06998,0.55416,-4.48071e-08
9,4.5,0,4.08316,0.596926,-4.10714e-09
9,4.6,0,3.95667,0.612607,8.55e-08
9,4.7,0,3.81072,0.629608,2.1e-07
9,4.8,0,3.69492,0.629508,3.00345e-07
9,4.9,0,3.52642,0.615431,3.60692e-07
9,5,0,3.35792,0.601354,4.21038e-07
9,5.1,0,3.55775,0.554972,4.46607e-07
9,5.2,0,3.24455,0.401904,3.33214e-07
9,5.3,0,1.98056,0.274879,-9.64286e-09
9,5.4,0,0.745933,0.134389,-3.275e-07
9,5.5,0,0.295064,-0.007835,-5.71429e-07
9,5.6,0,0.704085,-0.150014,-4.78214e-07
9,5.7,0,1.91265,-0.290523,3.95e-07
9,5.8,0,3.25047,-0.422445,1.13286e-06
9,5.9,0,3.71374,-0.581626,5.97857e-07
9,6,0,3.5184,-0.621694,-1.956e-07
9,6.1,0,3.56673,-0.632325,-2.00675e-07
9,6.2,0,3.65416,-0.637507,-1.79035e-07
9,6.3,0,3.7416,-0.642688,-1.57395e-07
9,6.4,0,3.80549,-0.632087,-1.12198e-07
9,6.5,0,3.906,-0.605231,-6.03324e-08
9,6.6,0,4.00651,-0.578375,-8.46668e-09
9,6.7,0,4.08543,-0.553007,2.88579e-08
9,6.8,0,4.08162,-0.515957,2.67591e-09
9,6.9,0,4.07078,-0.475612,-2.9936e-08
9,7,0,4.05994,-0.435267,-6.2548e-08
9,7.1,0,4.06513,-0.419624,-7.38327e-08
9,7.2,0,4.06943,-0.39973,-8.0258e-08
9,7.3,0,4.07374,-0.379835,-8.66834e-08
9,7.4,0,4.07602,-0.359736,-8.95599e-08
9,7.5,0,4.06676,-0.332223,-8.85822e-08
9,7.6,0,4.0575,-0.304711,-8.76046e-08
9,7.7,0,4.05176,-0.282124,-8.72072e-08
9,7.8,0,4.04976,-0.271184,-9.76983e-08
9,7.9,0,4.04572,-0.259316,-1.109e-07
9,8,0,4.04168,-0.247449,-1.24101e-07
9,8.1,0,4.03845,-0.23303,-1.278e-07
9,8.2,0,4.03124,-0.216146,-1.26593e-07
9,8.3,0,4.02403,-0.199261,-1.25386e-07
9,8.4,0,4.02101,-0.187573,-1.23309e-07
9,8.5,0,4.01627,-0.179122,-1.23206e-07
9,8.6,0,4.01152,-0.170671,-1.23104e-07
9,8.7,0,4.00763,-0.162182,-1.25212e-07
9,8.8,0,4.00355,-0.152433,-1.32504e-07
9,8.9,0,3.99808,-0.142254,-1.38383e-07
9,9,0,3.99262,-0.132075,-1.44261e-07
9,9.1,0,3.99001,-0.125176,-1.40431e-07
9,9.2,0,3.98575,-0.118865,-1.29799e-07
9,9.3,0,3.98149,-0.112555,-1.19166e-07
9,9.4,0,3.97884,-0.106367,-1.13647e-07
9,9.5,0,3.97479,-0.100175,-1.14822e-07
9,9.6,0,3.97074,-0.0939821,-1.15997e-07
9,9.7,0,3.96717,-0.0879611,-1.18948e-07
9,9.8,0,3.96458,-0.0832049,-1.30581e-07
9,9.9,0,3.96118,-0.078592,-1.4154e-07
9,10,0,3.95778,-0.073979,-1.52499e-07
9,10.1,0,3.95569,-0.0695956,-1.46959e-07
9,10.2,0,3.95275,-0.0655568,-1.31244e-07
9,10.3,0,3.94981,-0.0615181,-1.1553e-07
9,10.4,0,3.94778,-0.0575159,-1.07565e-07
9,10.5,0,3.94536,-0.0541633,-1.19647e-07
9,10.6,0,3.9429,-0.0508285,-1.32039e-07
9,10.7,0,3.94061,-0.0474734,-1.43262e-07
9,10.8,0,3.93904,-0.0443529,-1.42014e-07
9,10.9,0,3.93702,-0.041486,-1.39582e-07
9,11,0,3.935,-0.0386191,-1.37149e-07
9,11.1,0,3.93373,-0.0357006,-1.24374e-07
9,11.2,0,3.93213,-0.0332144,-1.05377e-07
9,11.3,0,3.93052,-0.0307281,-8.63795e-08
9,11.4,0,3.92929,-0.0280679,-7.77937e-08
9,11.5,0,3.92802,-0.0258095,-8.78138e-08
9,11.6,0,3.9267,-0.0236076,-9.80887e-08
9,11.7,0,3.92523,-0.0213777,-1.07354e-07
9,11.8,0,3.92079,-0.0190303,-1.00842e-07
9,11.9,0,3.91623,-0.016994,-9.68867e-08
9,12,0,3.91167,-0.0149578,-9.29318e-08
9,12.1,0,3.851,-0.0126411,-8.2706e-08
9,12.2,0,3.7663,-0.0106694,-7.45968e-08
9,12.3,0,3.6816,-0.00869776,-6.64875e-08
9,12.4,0,3.2496,-0.00649281,-5.60328e-08
9,12.5,0,2.16696,-0.0042861,-3.77015e-08
9,12.6,0,1.08348,-0.00214305,-1.88507e-08
9,12.7,0,0,0,0
9.1,0,0,0,0,0
9.1,0.1,0,1.38402,0.00547781,-1.06543e-09
9.1,0.2,0,2.7813,0.0109703,-1.88554e-08
9.1,0.3,0,3.57538,0.0166152,-2.92389e-08
9.1,0.4,0,3.7663,0.0217934,-2.14592e-08
9.1,0.5,0,3.95722,0.0268685,-1.18867e-08
9.1,0.6,0,3.97348,0.0324985,-6.49843e-09
9.1,0.7,0,3.98985,0.0375623,6.69157e-09
9.1,0.8,0,3.99856,0.0431227,1.81551e-08
9.1,0.9,0,4.00068,0.0484849,1.13754e-08
9.1,1,0,4.00297,0.0537313,1.84286e-09
9.1,1.1,0,4.00371,0.0598648,-3.9975e-09
9.1,1.2,0,4.00561,0.0655712,3.5175e-09
9.1,1.3,0,4.00657,0.0717993,6.035e-09
9.1,1.4,0,4.00858,0.0781572,-3.08786e-09
9.1,1.5,0,4.01092,0.0844499,-1.33179e-08
9.1,1.6,0,4.01188,0.0915788,-1.40718e-08
9.1,1.7,0,4.01471,0.0985875,-8.04679e-09
9.1,1.8,0,4.016,0.105974,-7.14679e-09
9.1,1.9,0,4.01879,0.11392,-1.20607e-09
9.1,2,0,4.02209,0.121896,6.42893e-09
9.1,2.1,0,4.02309,0.130395,1.04789e-08
9.1,2.2,0,4.02684,0.139276,6.11393e-09
9.1,2.3,0,4.02828,0.148333,7.24893e-09
9.1,2.4,0,4.03179,0.158833,1.74111e-08
9.1,2.5,0,4.03604,0.169543,2.81611e-08
9.1,2.6,0,4.03659,0.179627,2.19236e-08
9.1,2.7,0,4.04104,0.190797,3.73857e-09
9.1,2.8,0,4.04226,0.202149,-8.02143e-09
9.1,2.9,0,4.04651,0.216865,-5.72786e-09
9.1,3,0,4.0518,0.232111,-2.16286e-09
9.1,3.1,0,4.05091,0.243581,-3.19679e-09
9.1,3.2,0,4.05536,0.25739,-2.13179e-09
9.1,3.3,0,4.05562,0.272076,-3.04679e-09
9.1,3.4,0,4.06052,0.293774,-4.39893e-09
9.1,3.5,0,4.06689,0.316494,-5.49393e-09
9.1,3.6,0,4.06282,0.329125,-5.16e-09
9.1,3.7,0,4.06553,0.346806,-8.545e-09
9.1,3.8,0,4.06168,0.366241,-1.448e-08
9.1,3.9,0,4.06599,0.397995,-3.21793e-08
9.1,4,0,4.07276,0.43151,-5.14143e-08
9.1,4.1,0,4.05981,0.446166,-6.19071e-08
9.1,4.2,0,4.04327,0.470639,-7.76071e-08
9.1,4.3,0,4.02447,0.494153,-8.43071e-08
9.1,4.4,0,4.03275,0.534032,-4.90929e-08
9.1,4.5,0,4.04593,0.576798,-8.39286e-09
9.1,4.6,0,3.93501,0.591423,5.33e-08
9.1,4.7,0,3.78906,0.608424,1.778e-07
9.1,4.8,0,3.68982,0.607699,2.67314e-07
9.1,4.9,0,3.53788,0.592997,3.2683e-07
9.1,5,0,3.36938,0.57892,3.87176e-07
9.1,5.1,0,3.56108,0.537633,4.19893e-07
9.1,5.2,0,3.25427,0.401246,3.01786e-07
9.1,5.3,0,2.04234,0.28382,-3.33571e-08
9.1,5.4,0,0.85746,0.14334,-3.355e-07
9.1,5.5,0,0.419371,-0.00572769,-5.68571e-07
9.1,5.6,0,0.807994,-0.154898,-4.82786e-07
9.1,5.7,0,1.96109,-0.296048,3.49e-07
9.1,5.8,0,3.24425,-0.418536,1.06714e-06
9.1,5.9,0,3.70472,-0.560113,5.83143e-07
9.1,6,0,3.53491,-0.596439,-1.87084e-07
9.1,6.1,0,3.55196,-0.61143,-2.13533e-07
9.1,6.2,0,3.63939,-0.616612,-1.91893e-07
9.1,6.3,0,3.72682,-0.621793,-1.70253e-07
9.1,6.4,0,3.77924,-0.612998,-1.23654e-07
9.1,6.5,0,3.8656,-0.58837,-7.00609e-08
9.1,6.6,0,3.96611,-0.561514,-1.81953e-08
9.1,6.7,0,4.04502,-0.536146,1.91294e-08
9.1,6.8,0,4.05628,-0.506159,6.73305e-09
9.1,6.9,0,4.04545,-0.465814,-2.58789e-08
9.1,7,0,4.03461,-0.425469,-5.84908e-08
9.1,7.1,0,4.0411,-0.414045,-7.26155e-08
9.1,7.2,0,4.04541,-0.394151,-7.90409e-08
9.1,7.3,0,4.04971,-0.374256,-8.54663e-08
9.1,7.4,0,4.05355,-0.355264,-8.85693e-08
9.1,7.5,0,4.04763,-0.330137,-8.80794e-08
9.1,7.6,0,4.03837,-0.302624,-8.71018e-08
9.1,7.7,0,4.03263,-0.280037,-8.67044e-08
9.1,7.8,0,4.03404,-0.27065,-9.26554e-08
9.1,7.9,0,4.03,-0.258782,-1.05857e-07
9.1,8,0,4.02596,-0.246915,-1.19058e-07
9.1,8.1,0,4.02565,-0.234067,-1.25528e-07
9.1,8.2,0,4.01844,-0.217182,-1.24322e-07
9.1,8.3,0,4.01123,-0.200298,-1.23115e-07
9.1,8.4,0,4.00864,-0.188693,-1.20817e-07
9.1,8.5,0,4.00574,-0.180605,-1.19753e-07
9.1,8.6,0,4.001,-0.172154,-1.1965e-07
9.1,8.7,0,3.9971,-0.163666,-1.21759e-07
9.1,8.8,0,3.99492,-0.154507,-1.30994e-07
9.1,8.9,0,3.98946,-0.144328,-1.36872e-07
9.1,9,0,3.98399,-0.134149,-1.4275e-07
9.1,9.1,0,3.98281,-0.127244,-1.42278e-07
9.1,9.2,0,3.97859,-0.120933,-1.31749e-07
9.1,9.3,0,3.97433,-0.114622,-1.21116e-07
9.1,9.4,0,3.97175,-0.108438,-1.15561e-07
9.1,9.5,0,3.96884,-0.102294,-1.16139e-07
9.1,9.6,0,3.96479,-0.0961012,-1.17315e-07
9.1,9.7,0,3.96121,-0.0900801,-1.20265e-07
9.1,9.8,0,3.95958,-0.085157,-1.32684e-07
9.1,9.9,0,3.95618,-0.0805441,-1.43643e-07
9.1,10,0,3.95278,-0.0759311,-1.54602e-07
9.1,10.1,0,3.95132,-0.0713933,-1.52312e-07
9.1,10.2,0,3.9485,-0.067325,-1.37219e-07
9.1,10.3,0,3.94556,-0.0632863,-1.21504e-07
9.1,10.4,0,3.94353,-0.0592841,-1.13539e-07
9.1,10.5,0,3.94171,-0.055693,-1.21454e-07
9.1,10.6,0,3.93925,-0.0523582,-1.33846e-07
9.1,10.7,0,3.93695,-0.0490032,-1.45069e-07
9.1,10.8,0,3.93585,-0.0456261,-1.45019e-07
9.1,10.9,0,3.93383,-0.0427592,-1.42587e-07
9.1,11,0,3.93181,-0.0398923,-1.40154e-07
9.1,11.1,0,3.93079,-0.0367826,-1.2856e-07
9.1,11.2,0,3.92929,-0.0342179,-1.10047e-07
9.1,11.3,0,3.92768,-0.0317317,-9.10494e-08
9.1,11.4,0,3.92645,-0.0290714,-8.24635e-08
9.1,11.5,0,3.92544,-0.0265376,-9.12418e-08
9.1,11.6,0,3.92411,-0.0243358,-1.01517e-07
9.1,11.7,0,3.92264,-0.0221059,-1.10782e-07
9.1,11.8,0,3.91831,-0.0194804,-1.01985e-07
9.1,11.9,0,3.91375,-0.0174441,-9.803e-08
9.1,12,0,3.90919,-0.0154079,-9.40752e-08
9.1,12.1,0,3.84851,-0.0129405,-8.22935e-08
9.1,12.2,0,3.76381,-0.010859,-7.30499e-08
9.1,12.3,0,3.67911,-0.00888732,-6.49406e-08
9.1,12.4,0,3.24711,-0.00668238,-5.44859e-08
9.1,12.5,0,2.16696,-0.0042861,-3.77015e-08
9.1,12.6,0,1.08348,-0.00214305,-1.88507e-08
9.1,12.7,0,0,0,0
9.2,0,0,0,0,0
9.2,0.1,0,1.37813,0.0054713,6.36771e-09
9.2,0.2,0,2.77541,0.0109638,-1.14223e-08
9.2,0.3,0,3.56949,0.0166087,-2.18058e-08
9.2,0.4,0,3.76039,0.0219933,-1.76116e-08
9.2,0.5,0,3.95132,0.0270683,-8.03914e-09
9.2,0.6,0,3.96753,0.03295,-6.11829e-09
9.2,0.7,0,3.9839,0.0380138,7.07171e-09
9.2,0.8,0,3.99261,0.0435742,1.85352e-08
9.2,0.9,0,3.99437,0.0491681,1.72611e-08
9.2,1,0,3.99667,0.0544144,7.72857e-09
9.2,1.1,0,3.99689,0.0607377,-4.0475e-09
9.2,1.2,0,3.99879,0.0664442,3.4675e-09
9.2,1.3,0,3.99975,0.0726722,5.985e-09
9.2,1.4,0,4.00109,0.0791607,-9.23571e-10
9.2,1.5,0,4.00343,0.0854534,-1.11536e-08
9.2,1.6,0,4.00357,0.0926357,-1.49204e-08
9.2,1.7,0,4.0064,0.0996444,-8.89536e-09
9.2,1.8,0,4.00769,0.107031,-7.99536e-09
9.2,1.9,0,4.00948,0.114917,-5.44321e-09
9.2,2,0,4.01277,0.122893,2.19179e-09
9.2,2.1,0,4.01255,0.131222,9.98179e-09
9.2,2.2,0,4.0163,0.140103,5.61679e-09
9.2,2.3,0,4.01774,0.14916,6.75179e-09
9.2,2.4,0,4.01979,0.159237,1.57382e-08
9.2,2.5,0,4.02404,0.169948,2.64882e-08
9.2,2.6,0,4.02287,0.17955,2.55607e-08
9.2,2.7,0,4.02731,0.190719,7.37571e-09
9.2,2.8,0,4.02854,0.202071,-4.38429e-09
9.2,2.9,0,4.03071,0.215726,-4.63357e-09
9.2,3,0,4.03599,0.230973,-1.06857e-09
9.2,3.1,0,4.03273,0.241403,-3.03536e-09
9.2,3.2,0,4.03719,0.255212,-1.97036e-09
9.2,3.3,0,4.03745,0.269898,-2.88536e-09
9.2,3.4,0,4.0394,0.28955,-4.75179e-09
9.2,3.5,0,4.04577,0.312271,-5.84679e-09
9.2,3.6,0,4.03869,0.322657,-3.86e-09
9.2,3.7,0,4.04139,0.340338,-7.245e-09
9.2,3.8,0,4.03754,0.359773,-1.318e-08
9.2,3.9,0,4.03695,0.388005,-2.78079e-08
9.2,4,0,4.04372,0.42152,-4.70429e-08
9.2,4.1,0,4.03236,0.431813,-5.52214e-08
9.2,4.2,0,4.01582,0.456286,-7.09214e-08
9.2,4.3,0,3.99702,0.4798,-7.76214e-08
9.2,4.4,0,3.99552,0.513904,-5.33786e-08
9.2,4.5,0,4.0087,0.55667,-1.26786e-08
9.2,4.6,0,3.91334,0.570238,2.11e-08
9.2,4.7,0,3.7674,0.58724,1.456e-07
9.2,4.8,0,3.66815,0.586514,2.35114e-07
9.2,4.9,0,3.54935,0.570562,2.92968e-07
9.2,5,0,3.38085,0.556485,3.53314e-07
9.2,5.1,0,3.5644,0.520294,3.93179e-07
9.2,5.2,0,3.264,0.400589,2.70357e-07
9.2,5.3,0,2.10412,0.292761,-5.70714e-08
9.2,5.4,0,0.968988,0.15229,-3.435e-07
9.2,5.5,0,0.543677,-0.00362037,-5.65714e-07
9.2,5.6,0,0.911902,-0.159782,-4.87357e-07
9.2,5.7,0,2.00953,-0.301574,3.03e-07
9.2,5.8,0,3.23804,-0.414626,1.00143e-06
9.2,5.9,0,3.69571,-0.538601,5.68429e-07
9.2,6,0,3.55142,-0.571184,-1.78569e-07
9.2,6.1,0,3.55714,-0.587753,-2.12753e-07
9.2,6.2,0,3.62461,-0.595717,-2.0475e-07
9.2,6.3,0,3.71205,-0.600898,-1.8311e-07
9.2,6.4,0,3.76447,-0.592103,-1.36511e-07
9.2,6.5,0,3.8252,-0.571508,-7.97895e-08
9.2,6.6,0,3.92571,-0.544652,-2.79238e-08
9.2,6.7,0,4.00462,-0.519284,9.4008e-09
9.2,6.8,0,4.03095,-0.496361,1.07902e-08
9.2,6.9,0,4.02011,-0.456016,-2.18217e-08
9.2,7,0,4.00928,-0.415671,-5.44337e-08
9.2,7.1,0,4.01607,-0.405223,-6.92154e-08
9.2,7.2,0,4.02138,-0.388572,-7.78238e-08
9.2,7.3,0,4.02568,-0.368678,-8.42491e-08
9.2,7.4,0,4.02952,-0.349685,-8.73521e-08
9.2,7.5,0,4.0285,-0.32805,-8.75765e-08
9.2,7.6,0,4.01924,-0.300538,-8.65989e-08
9.2,7.7,0,4.01351,-0.277951,-8.62015e-08
9.2,7.8,0,4.01832,-0.270116,-8.76126e-08
9.2,7.9,0,4.01428,-0.258248,-1.00814e-07
9.2,8,0,4.01024,-0.246381,-1.14016e-07
9.2,8.1,0,4.01023,-0.233691,-1.20765e-07
9.2,8.2,0,4.00565,-0.218219,-1.2205e-07
9.2,8.3,0,3.99844,-0.201335,-1.20843e-07
9.2,8.4,0,3.99585,-0.18973,-1.18546e-07
9.2,8.5,0,3.99522,-0.182088,-1.16299e-07
9.2,8.6,0,3.99047,-0.173637,-1.16197e-07
9.2,8.7,0,3.98658,-0.165149,-1.18305e-07
9.2,8.8,0,3.98608,-0.156513,-1.29258e-07
9.2,8.9,0,3.98083,-0.146402,-1.35361e-07
9.2,9,0,3.97537,-0.136223,-1.4124e-07
9.2,9.1,0,3.97419,-0.129318,-1.40767e-07
9.2,9.2,0,3.97144,-0.123001,-1.33699e-07
9.2,9.3,0,3.96718,-0.11669,-1.23066e-07
9.2,9.4,0,3.9646,-0.110505,-1.17511e-07
9.2,9.5,0,3.96289,-0.104413,-1.17456e-07
9.2,9.6,0,3.95884,-0.0982202,-1.18632e-07
9.2,9.7,0,3.95526,-0.0921991,-1.21582e-07
9.2,9.8,0,3.95434,-0.0871502,-1.34594e-07
9.2,9.9,0,3.95117,-0.0824962,-1.45746e-07
9.2,10,0,3.94777,-0.0778832,-1.56705e-07
9.2,10.1,0,3.94632,-0.0733454,-1.54415e-07
9.2,10.2,0,3.94425,-0.0690932,-1.43193e-07
9.2,10.3,0,3.94131,-0.0650545,-1.27479e-07
9.2,10.4,0,3.93928,-0.0610523,-1.19514e-07
9.2,10.5,0,3.93806,-0.0572228,-1.2326e-07
9.2,10.6,0,3.93559,-0.053888,-1.35653e-07
9.2,10.7,0,3.9333,-0.0505329,-1.46876e-07
9.2,10.8,0,3.93248,-0.046996,-1.47573e-07
9.2,10.9,0,3.93064,-0.0440324,-1.45592e-07
9.2,11,0,3.92862,-0.0411655,-1.43159e-07
9.2,11.1,0,3.9276,-0.0380558,-1.31565e-07
9.2,11.2,0,3.92645,-0.0352214,-1.14717e-07
9.2,11.3,0,3.92484,-0.0327352,-9.57193e-08
9.2,11.4,0,3.92361,-0.030075,-8.71334e-08
9.2,11.5,0,3.92285,-0.0272658,-9.46699e-08
9.2,11.6,0,3.92153,-0.0250639,-1.04945e-07
9.2,11.7,0,3.92006,-0.022834,-1.1421e-07
9.2,11.8,0,3.91577,-0.0200716,-1.04288e-07
9.2,11.9,0,3.91127,-0.0178942,-9.91734e-08
9.2,12,0,3.90671,-0.015858,-9.52186e-08
9.2,12.1,0,3.84603,-0.0133906,-8.34369e-08
9.2,12.2,0,3.76131,-0.0110486,-7.1503e-08
9.2,12.3,0,3.67661,-0.00907689,-6.33938e-08
9.2,12.4,0,3.24462,-0.00687194,-5.29391e-08
9.2,12.5,0,2.16696,-0.0042861,-3.77015e-08
9.2,12.6,0,1.08348,-0.00214305,-1.88507e-08
9.2,12.7,0,0,0,0
9.3,0,0,0,0,0
9.3,0.1,0,1.37666,0.00546967,8.226e-09
9.3,0.2,0,2.76952,0.0109572,-3.98914e-09
9.3,0.3,0,3.5636,0.0166021,-1.43726e-08
9.3,0.4,0,3.75448,0.0221931,-1.37641e-08
9.3,0.5,0,3.94541,0.0272682,-4.19157e-09
9.3,0.6,0,3.96161,0.0332128,-3.13757e-09
9.3,0.7,0,3.97795,0.0384653,7.45186e-09
9.3,0.8,0,3.98666,0.0440258,1.89154e-08
9.3,0.9,0,3.98807,0.0498512,2.31468e-08
9.3,1,0,3.99036,0.0550976,1.36143e-08
9.3,1.1,0,3.99045,0.0614683,3.54286e-10
9.3,1.2,0,3.99197,0.0673171,3.4175e-09
9.3,1.3,0,3.99292,0.0735452,5.935e-09
9.3,1.4,0,3.99361,0.0801643,1.24071e-09
9.3,1.5,0,3.99595,0.0864569,-8.98929e-09
9.3,1.6,0,3.99588,0.0936526,-1.35093e-08
9.3,1.7,0,3.99808,0.100701,-9.74393e-09
9.3,1.8,0,3.99938,0.108088,-8.84393e-09
9.3,1.9,0,4.00016,0.115913,-9.68036e-09
9.3,2,0,4.00345,0.123889,-2.04536e-09
9.3,2.1,0,4.00293,0.132176,6.67964e-09
9.3,2.2,0,4.00576,0.14093,5.11964e-09
9.3,2.3,0,4.0072,0.149987,6.25464e-09
9.3,2.4,0,4.00779,0.159642,1.40654e-08
9.3,2.5,0,4.01204,0.170353,2.48154e-08
9.3,2.6,0,4.01044,0.179834,2.52154e-08
9.3,2.7,0,4.01358,0.190642,1.10129e-08
9.3,2.8,0,4.01481,0.201993,-7.47143e-10
9.3,2.9,0,4.0149,0.214588,-3.53929e-09
9.3,3,0,4.02019,0.229835,2.57143e-11
9.3,3.1,0,4.01634,0.240005,-2.17429e-09
9.3,3.2,0,4.01901,0.253034,-1.80893e-09
9.3,3.3,0,4.01927,0.26772,-2.72393e-09
9.3,3.4,0,4.01828,0.285327,-5.10464e-09
9.3,3.5,0,4.02465,0.308047,-6.19964e-09
9.3,3.6,0,4.01681,0.317872,-3.79964e-09
9.3,3.7,0,4.01726,0.33387,-5.945e-09
9.3,3.8,0,4.01341,0.353305,-1.188e-08
9.3,3.9,0,4.00791,0.378016,-2.34364e-08
9.3,4,0,4.01468,0.411531,-4.26714e-08
9.3,4.1,0,4.00372,0.420732,-5.02714e-08
9.3,4.2,0,3.98837,0.441933,-6.42357e-08
9.3,4.3,0,3.96957,0.465447,-7.09357e-08
9.3,4.4,0,3.95829,0.493776,-5.76643e-08
9.3,4.5,0,3.97147,0.536542,-1.69643e-08
9.3,4.6,0,3.88,0.549846,9.83571e-09
9.3,4.7,0,3.74573,0.566056,1.134e-07
9.3,4.8,0,3.64649,0.56533,2.02914e-07
9.3,4.9,0,3.56081,0.548128,2.59105e-07
9.3,5,0,3.39232,0.534051,3.19452e-07
9.3,5.1,0,3.56773,0.502955,3.66464e-07
9.3,5.2,0,3.27372,0.399932,2.38929e-07
9.3,5.3,0,2.1659,0.301702,-8.07857e-08
9.3,5.4,0,1.08052,0.16124,-3.515e-07
9.3,5.5,0,0.667984,-0.00151306,-5.62857e-07
9.3,5.6,0,1.01581,-0.164667,-4.91929e-07
9.3,5.7,0,2.05797,-0.307099,2.57e-07
9.3,5.8,0,3.23183,-0.410716,9.35714e-07
9.3,5.9,0,3.68669,-0.517088,5.53714e-07
9.3,6,0,3.56793,-0.545929,-1.70054e-07
9.3,6.1,0,3.57365,-0.562498,-2.04237e-07
9.3,6.2,0,3.60984,-0.574822,-2.17607e-07
9.3,6.3,0,3.69727,-0.580003,-1.95967e-07
9.3,6.4,0,3.74969,-0.571208,-1.49369e-07
9.3,6.5,0,3.78479,-0.554647,-8.95181e-08
9.3,6.6,0,3.8853,-0.527791,-3.76524e-08
9.3,6.7,0,3.96422,-0.502423,-3.27772e-10
9.3,6.8,0,3.99274,-0.480528,3.06775e-09
9.3,6.9,0,3.99478,-0.446219,-1.77646e-08
9.3,7,0,3.98394,-0.405874,-5.03765e-08
9.3,7.1,0,3.99074,-0.395425,-6.51583e-08
9.3,7.2,0,3.99735,-0.382993,-7.66066e-08
9.3,7.3,0,4.00166,-0.363099,-8.3032e-08
9.3,7.4,0,4.0055,-0.344106,-8.6135e-08
9.3,7.5,0,4.00902,-0.325716,-8.7023e-08
9.3,7.6,0,4.00011,-0.298451,-8.60961e-08
9.3,7.7,0,3.99438,-0.275864,-8.56987e-08
9.3,7.8,0,3.99924,-0.268052,-8.7042e-08
9.3,7.9,0,3.99856,-0.257714,-9.57712e-08
9.3,8,0,3.99452,-0.245847,-1.08973e-07
9.3,8.1,0,3.99451,-0.233157,-1.15722e-07
9.3,8.2,0,3.99286,-0.219256,-1.19779e-07
9.3,8.3,0,3.98565,-0.202372,-1.18572e-07
9.3,8.4,0,3.98305,-0.190767,-1.16274e-07
9.3,8.5,0,3.98424,-0.183482,-1.13084e-07
9.3,8.6,0,3.97995,-0.17512,-1.12743e-07
9.3,8.7,0,3.97606,-0.166632,-1.14852e-07
9.3,8.8,0,3.97555,-0.157996,-1.25805e-07
9.3,8.9,0,3.97221,-0.148477,-1.33851e-07
9.3,9,0,3.96675,-0.138297,-1.39729e-07
9.3,9.1,0,3.96557,-0.131392,-1.39256e-07
9.3,9.2,0,3.96428,-0.125068,-1.35649e-07
9.3,9.3,0,3.96002,-0.118758,-1.25016e-07
9.3,9.4,0,3.95744,-0.112573,-1.19461e-07
9.3,9.5,0,3.95654,-0.106515,-1.18984e-07
9.3,9.6,0,3.95289,-0.100339,-1.19949e-07
9.3,9.7,0,3.94931,-0.0943182,-1.229e-07
9.3,9.8,0,3.94839,-0.0892692,-1.35911e-07
9.3,9.9,0,3.94617,-0.0844483,-1.47849e-07
9.3,10,0,3.94277,-0.0798353,-1.58808e-07
9.3,10.1,0,3.94131,-0.0752975,-1.56518e-07
9.3,10.2,0,3.94,-0.0708614,-1.49168e-07
9.3,10.3,0,3.93706,-0.0668227,-1.33453e-07
9.3,10.4,0,3.93504,-0.0628205,-1.25488e-07
9.3,10.5,0,3.93413,-0.0588628,-1.26996e-07
9.3,10.6,0,3.93194,-0.0554177,-1.3746e-07
9.3,10.7,0,3.92964,-0.0520627,-1.48683e-07
9.3,10.8,0,3.92883,-0.0485257,-1.4938e-07
9.3,10.9,0,3.92745,-0.0453056,-1.48597e-07
9.3,11,0,3.92542,-0.0424387,-1.46164e-07
9.3,11.1,0,3.92441,-0.039329,-1.3457e-07
9.3,11.2,0,3.92361,-0.036225,-1.19387e-07
9.3,11.3,0,3.922,-0.0337388,-1.00389e-07
9.3,11.4,0,3.92078,-0.0310785,-9.18033e-08
9.3,11.5,0,3.92012,-0.0281573,-9.88347e-08
9.3,11.6,0,3.91894,-0.025792,-1.08373e-07
9.3,11.7,0,3.91747,-0.0235621,-1.17638e-07
9.3,11.8,0,3.91319,-0.0207997,-1.07716e-07
9.3,11.9,0,3.90878,-0.0183443,-1.00317e-07
9.3,12,0,3.90423,-0.0163081,-9.6362e-08
9.3,12.1,0,3.84355,-0.0138407,-8.45803e-08
9.3,12.2,0,3.75882,-0.0112381,-6.99562e-08
9.3,12.3,0,3.67412,-0.00926646,-6.18469e-08
9.3,12.4,0,3.24213,-0.00706151,-5.13922e-08
9.3,12.5,0,2.16516,-0.00442332,-3.65818e-08
9.3,12.6,0,1.08348,-0.00214305,-1.88507e-08
9.3,12.7,0,0,0,0
9.4,0,0,0,0,0
9.4,0.1,0,1.37666,0.00546967,8.226e-09
9.4,0.2,0,2.76363,0.0109507,3.444e-09
9.4,0.3,0,3.5577,0.0165956,-6.9395e-09
9.4,0.4,0,3.74858,0.022393,-9.9165e-09
9.4,0.5,0,3.9395,0.027468,-3.44e-10
9.4,0.6,0,3.95571,0.0334126,7.1e-10
9.4,0.7,0,3.97199,0.0389168,7.832e-09
9.4,0.8,0,3.9807,0.0444773,1.92955e-08
9.4,0.9,0,3.98176,0.0505344,2.90325e-08
9.4,1,0,3.98406,0.0557808,1.95e-08
9.4,1.1,0,3.98415,0.0621515,6.24e-09
9.4,1.2,0,3.98514,0.0681901,3.3675e-09
9.4,1.3,0,3.9861,0.0744182,5.885e-09
9.4,1.4,0,3.98612,0.0811678,3.405e-09
9.4,1.5,0,3.98846,0.0874605,-6.825e-09
9.4,1.6,0,3.9884,0.0946561,-1.1345e-08
9.4,1.7,0,3.98977,0.101758,-1.05925e-08
9.4,1.8,0,3.99107,0.109145,-9.6925e-09
9.4,1.9,0,3.99084,0.11691,-1.39175e-08
9.4,2,0,3.99414,0.124886,-6.2825e-09
9.4,2.1,0,3.99361,0.133173,2.4425e-09
9.4,2.2,0,3.99522,0.141757,4.6225e-09
9.4,2.3,0,3.99666,0.150814,5.7575e-09
9.4,2.4,0,3.9958,0.160047,1.23925e-08
9.4,2.5,0,4.00004,0.170758,2.31425e-08
9.4,2.6,0,3.99844,0.180239,2.35425e-08
9.4,2.7,0,3.99986,0.190564,1.465e-08
9.4,2.8,0,4.00108,0.201916,2.89e-09
9.4,2.9,0,3.9991,0.21345,-2.445e-09
9.4,3,0,4.00438,0.228696,1.12e-09
9.4,3.1,0,4.00053,0.238867,-1.08e-09
9.4,3.2,0,4.00083,0.250856,-1.6475e-09
9.4,3.3,0,4.00109,0.265542,-2.5625e-09
9.4,3.4,0,3.99716,0.281103,-5.4575e-09
9.4,3.5,0,4.00353,0.303824,-6.5525e-09
9.4,3.6,0,3.99569,0.313649,-4.1525e-09
9.4,3.7,0,3.99313,0.327402,-4.645e-09
9.4,3.8,0,3.98928,0.346837,-1.058e-08
9.4,3.9,0,3.97887,0.368026,-1.9065e-08
9.4,4,0,3.98564,0.401541,-3.83e-08
9.4,4.1,0,3.97468,0.410742,-4.59e-08
9.4,4.2,0,3.96093,0.427579,-5.755e-08
9.4,4.3,0,3.94213,0.451093,-6.425e-08
9.4,4.4,0,3.92107,0.473648,-6.195e-08
9.4,4.5,0,3.93425,0.516415,-2.125e-08
9.4,4.6,0,3.84277,0.529719,5.55e-09
9.4,4.7,0,3.72407,0.544871,8.12e-08
9.4,4.8,0,3.62482,0.544146,1.70714e-07
9.4,4.9,0,3.57228,0.525693,2.25243e-07
9.4,5,0,3.40378,0.511616,2.8559e-07
9.4,5.1,0,3.57106,0.485617,3.3975e-07
9.4,5.2,0,3.28345,0.399275,2.075e-07
9.4,5.3,0,2.22768,0.310643,-1.045e-07
9.4,5.4,0,1.19204,0.17019,-3.595e-07
9.4,5.5,0,0.79229,0.000594253,-5.6e-07
9.4,5.6,0,1.11972,-0.169551,-4.965e-07
9.4,5.7,0,2.10641,-0.312625,2.11e-07
9.4,5.8,0,3.22561,-0.406806,8.7e-07
9.4,5.9,0,3.67767,-0.495575,5.39e-07
9.4,6,0,3.58443,-0.520674,-1.61538e-07
9.4,6.1,0,3.59016,-0.537243,-1.95722e-07
9.4,6.2,0,3.59588,-0.553813,-2.29906e-07
9.4,6.3,0,3.6825,-0.559108,-2.08824e-07
9.4,6.4,0,3.73492,-0.550313,-1.62226e-07
9.4,6.5,0,3.76849,-0.533993,-1.02188e-07
9.4,6.6,0,3.8449,-0.51093,-4.7381e-08
9.4,6.7,0,3.92381,-0.485562,-1.00563e-08
9.4,6.8,0,3.95234,-0.463666,-6.66082e-09
9.4,6.9,0,3.96944,-0.436421,-1.37075e-08
9.4,7,0,3.95861,-0.396076,-4.63194e-08
9.4,7.1,0,3.9654,-0.385628,-6.11011e-08
9.4,7.2,0,3.97312,-0.376753,-7.49444e-08
9.4,7.3,0,3.97763,-0.35752,-8.18149e-08
9.4,7.4,0,3.98147,-0.338528,-8.49178e-08
9.4,7.5,0,3.985,-0.320137,-8.58059e-08
9.4,7.6,0,3.98098,-0.296364,-8.55932e-08
9.4,7.7,0,3.97525,-0.273777,-8.51958e-08
9.4,7.8,0,3.98011,-0.265965,-8.65391e-08
9.4,7.9,0,3.98284,-0.25718,-9.07284e-08
9.4,8,0,3.9788,-0.245313,-1.0393e-07
9.4,8.1,0,3.97879,-0.232623,-1.10679e-07
9.4,8.2,0,3.97922,-0.219841,-1.16711e-07
9.4,8.3,0,3.97285,-0.203408,-1.16301e-07
9.4,8.4,0,3.97026,-0.191804,-1.14003e-07
9.4,8.5,0,3.97144,-0.184518,-1.10813e-07
9.4,8.6,0,3.96943,-0.176604,-1.0929e-07
9.4,8.7,0,3.96553,-0.168115,-1.11398e-07
9.4,8.8,0,3.96503,-0.15948,-1.22351e-07
9.4,8.9,0,3.96359,-0.150551,-1.3234e-07
9.4,9,0,3.95812,-0.140372,-1.38218e-07
9.4,9.1,0,3.95694,-0.133466,-1.37746e-07
9.4,9.2,0,3.95652,-0.127139,-1.36152e-07
9.4,9.3,0,3.95287,-0.120825,-1.26966e-07
9.4,9.4,0,3.95028,-0.114641,-1.21411e-07
9.4,9.5,0,3.94938,-0.108582,-1.20934e-07
9.4,9.6,0,3.94694,-0.102458,-1.21266e-07
9.4,9.7,0,3.94336,-0.0964372,-1.24217e-07
9.4,9.8,0,3.94244,-0.0913883,-1.37228e-07
9.4,9.9,0,3.94117,-0.0864004,-1.49952e-07
9.4,10,0,3.93777,-0.0817874,-1.60911e-07
9.4,10.1,0,3.93631,-0.0772496,-1.58621e-07
9.4,10.2,0,3.93534,-0.0727305,-1.53018e-07
9.4,10.3,0,3.93281,-0.0685909,-1.39428e-07
9.4,10.4,0,3.93079,-0.0645886,-1.31463e-07
9.4,10.5,0,3.92988,-0.060631,-1.3297e-07
9.4,10.6,0,3.92828,-0.0569474,-1.39267e-07
9.4,10.7,0,3.92599,-0.0535924,-1.5049e-07
9.4,10.8,0,3.92517,-0.0500554,-1.51187e-07
9.4,10.9,0,3.92425,-0.0465788,-1.51602e-07
9.4,11,0,3.92223,-0.0437119,-1.49169e-07
9.4,11.1,0,3.92121,-0.0406022,-1.37575e-07
9.4,11.2,0,3.92053,-0.0374117,-1.22926e-07
9.4,11.3,0,3.91916,-0.0347423,-1.05059e-07
9.4,11.4,0,3.91794,-0.0320821,-9.64732e-08
9.4,11.5,0,3.91728,-0.0291608,-1.03505e-07
9.4,11.6,0,3.91636,-0.0265202,-1.11801e-07
9.4,11.7,0,3.91489,-0.0242903,-1.21066e-07
9.4,11.8,0,3.9106,-0.0215278,-1.11144e-07
9.4,11.9,0,3.9063,-0.0187944,-1.0146e-07
9.4,12,0,3.90174,-0.0167582,-9.75054e-08
9.4,12.1,0,3.84107,-0.0142908,-8.57237e-08
9.4,12.2,0,3.75634,-0.0116386,-7.05876e-08
9.4,12.3,0,3.67163,-0.00945603,-6.03e-08
9.4,12.4,0,3.23963,-0.00725108,-4.98453e-08
9.4,12.5,0,2.16266,-0.00461289,-3.50349e-08
9.4,12.6,0,1.08348,-0.00214305,-1.88507e-08
9.4,12.7,0,0,0,0
9.5,0,0,0,0,0
9.5,0.1,0,1.37666,0.00546967,8.226e-09
9.5,0.2,0,2.75773,0.0109442,1.08771e-08
9.5,0.3,0,3.55181,0.0165891,4.93643e-10
9.5,0.4,0,3.74269,0.0223865,-2.48336e-09
9.5,0.5,0,3.9336,0.0276679,3.50357e-09
9.5,0.6,0,3.9498,0.0336125,4.55757e-09
9.5,0.7,0,3.96604,0.0393684,8.21214e-09
9.5,0.8,0,3.97475,0.0449288,1.96756e-08
9.5,0.9,0,3.97581,0.0509859,2.94126e-08
9.5,1,0,3.97775,0.0564639,2.53857e-08
9.5,1.1,0,3.97784,0.0628347,1.21257e-08
9.5,1.2,0,3.97832,0.0690631,3.3175e-09
9.5,1.3,0,3.97928,0.0752911,5.835e-09
9.5,1.4,0,3.9793,0.0820408,3.355e-09
9.5,1.5,0,3.98098,0.088464,-4.66071e-09
9.5,1.6,0,3.98091,0.0956597,-9.18071e-09
9.5,1.7,0,3.98146,0.102815,-1.14411e-08
9.5,1.8,0,3.98276,0.110202,-1.05411e-08
9.5,1.9,0,3.98253,0.117967,-1.47661e-08
9.5,2,0,3.98482,0.125882,-1.05196e-08
9.5,2.1,0,3.98429,0.13417,-1.79464e-09
9.5,2.2,0,3.98469,0.142584,4.12536e-09
9.5,2.3,0,3.98612,0.151641,5.26036e-09
9.5,2.4,0,3.98526,0.160874,1.18954e-08
9.5,2.5,0,3.98804,0.171163,2.14696e-08
9.5,2.6,0,3.98644,0.180644,2.18696e-08
9.5,2.7,0,3.98613,0.190486,1.82871e-08
9.5,2.8,0,3.98736,0.201838,6.52714e-09
9.5,2.9,0,3.98537,0.213372,1.19214e-09
9.5,3,0,3.98858,0.227558,2.21429e-09
9.5,3.1,0,3.98473,0.237728,1.42857e-11
9.5,3.2,0,3.98266,0.248678,-1.48607e-09
9.5,3.3,0,3.98292,0.263364,-2.40107e-09
9.5,3.4,0,3.97898,0.278925,-5.29607e-09
9.5,3.5,0,3.98241,0.2996,-6.90536e-09
9.5,3.6,0,3.97457,0.309426,-4.50536e-09
9.5,3.7,0,3.96899,0.320934,-3.345e-09
9.5,3.8,0,3.96514,0.340369,-9.28e-09
9.5,3.9,0,3.95474,0.361558,-1.7765e-08
9.5,4,0,3.9566,0.391551,-3.39286e-08
9.5,4.1,0,3.94564,0.400753,-4.15286e-08
9.5,4.2,0,3.93348,0.413226,-5.08643e-08
9.5,4.3,0,3.91468,0.43674,-5.75643e-08
9.5,4.4,0,3.89362,0.459295,-5.52643e-08
9.5,4.5,0,3.89702,0.496287,-2.55357e-08
9.5,4.6,0,3.80555,0.509591,1.26429e-09
9.5,4.7,0,3.7024,0.523687,4.9e-08
9.5,4.8,0,3.60316,0.522962,1.38514e-07
9.5,4.9,0,3.55062,0.504509,1.93043e-07
9.5,5,0,3.41525,0.489182,2.51727e-07
9.5,5.1,0,3.57439,0.468278,3.13036e-07
9.5,5.2,0,3.29317,0.398618,1.76071e-07
9.5,5.3,0,2.28946,0.319584,-1.28214e-07
9.5,5.4,0,1.30357,0.179141,-3.675e-07
9.5,5.5,0,0.916597,0.00270157,-5.57143e-07
9.5,5.6,0,1.22363,-0.174435,-5.01071e-07
9.5,5.7,0,2.15485,-0.31815,1.65e-07
9.5,5.8,0,3.2194,-0.402896,8.04286e-07
9.5,5.9,0,3.66866,-0.474063,5.24286e-07
9.5,6,0,3.60094,-0.495419,-1.53023e-07
9.5,6.1,0,3.60666,-0.511988,-1.87207e-07
9.5,6.2,0,3.61239,-0.528558,-2.2139e-07
9.5,6.3,0,3.66772,-0.538213,-2.21681e-07
9.5,6.4,0,3.72014,-0.529418,-1.75083e-07
9.5,6.5,0,3.75371,-0.513098,-1.15046e-07
9.5,6.6,0,3.8045,-0.494068,-5.71095e-08
9.5,6.7,0,3.88341,-0.4687,-1.97849e-08
9.5,6.8,0,3.91193,-0.446805,-1.63894e-08
9.5,6.9,0,3.94046,-0.42491,-1.29939e-08
9.5,7,0,3.93327,-0.386278,-4.22623e-08
9.5,7.1,0,3.94007,-0.37583,-5.7044e-08
9.5,7.2,0,3.94779,-0.366955,-7.08873e-08
9.5,7.3,0,3.95361,-0.351941,-8.05977e-08
9.5,7.4,0,3.95744,-0.332949,-8.37007e-08
9.5,7.5,0,3.96097,-0.314558,-8.45888e-08
9.5,7.6,0,3.96185,-0.294277,-8.50904e-08
9.5,7.7,0,3.95612,-0.27169,-8.4693e-08
9.5,7.8,0,3.96098,-0.263879,-8.60362e-08
9.5,7.9,0,3.96584,-0.256067,-8.73795e-08
9.5,8,0,3.96308,-0.244779,-9.8887e-08
9.5,8.1,0,3.96307,-0.232089,-1.05636e-07
9.5,8.2,0,3.9635,-0.219307,-1.11668e-07
9.5,8.3,0,3.96006,-0.204445,-1.14029e-07
9.5,8.4,0,3.95747,-0.19284,-1.11731e-07
9.5,8.5,0,3.95865,-0.185555,-1.08541e-07
9.5,8.6,0,3.9589,-0.178087,-1.05836e-07
9.5,8.7,0,3.95501,-0.169599,-1.07945e-07
9.5,8.8,0,3.95451,-0.160963,-1.18898e-07
9.5,8.9,0,3.954,-0.152327,-1.2985e-07
9.5,9,0,3.9495,-0.142446,-1.36708e-07
9.5,9.1,0,3.94832,-0.13554,-1.36235e-07
9.5,9.2,0,3.94789,-0.129213,-1.34642e-07
9.5,9.3,0,3.94571,-0.122893,-1.28916e-07
9.5,9.4,0,3.94313,-0.116708,-1.23361e-07
9.5,9.5,0,3.94223,-0.11065,-1.22884e-07
9.5,9.6,0,3.94099,-0.104577,-1.22583e-07
9.5,9.7,0,3.93741,-0.0985562,-1.25534e-07
9.5,9.8,0,3.93649,-0.0935073,-1.38545e-07
9.5,9.9,0,3.93556,-0.0884584,-1.51556e-07
9.5,10,0,3.93276,-0.0837395,-1.63014e-07
9.5,10.1,0,3.93131,-0.0792017,-1.60724e-07
9.5,10.2,0,3.93034,-0.0746826,-1.55121e-07
9.5,10.3,0,3.92857,-0.0703591,-1.45402e-07
9.5,10.4,0,3.92654,-0.0663568,-1.37437e-07
9.5,10.5,0,3.92563,-0.0623992,-1.38944e-07
9.5,10.6,0,3.92463,-0.0584772,-1.41074e-07
9.5,10.7,0,3.92233,-0.0551221,-1.52297e-07
9.5,10.8,0,3.92152,-0.0515852,-1.52994e-07
9.5,10.9,0,3.92071,-0.0480482,-1.5369e-07
9.5,11,0,3.91904,-0.0449851,-1.52174e-07
9.5,11.1,0,3.91802,-0.0418754,-1.4058e-07
9.5,11.2,0,3.91734,-0.0386849,-1.25931e-07
9.5,11.3,0,3.91633,-0.0357458,-1.09729e-07
9.5,11.4,0,3.9151,-0.0330856,-1.01143e-07
9.5,11.5,0,3.91444,-0.0301644,-1.08174e-07
9.5,11.6,0,3.91377,-0.0272483,-1.15229e-07
9.5,11.7,0,3.9123,-0.0250184,-1.24494e-07
9.5,11.8,0,3.90802,-0.0222559,-1.14572e-07
9.5,11.9,0,3.90373,-0.0194935,-1.0465e-07
9.5,12,0,3.89926,-0.0172083,-9.86487e-08
9.5,12.1,0,3.83858,-0.0147409,-8.68671e-08
9.5,12.2,0,3.75386,-0.0120887,-7.1731e-08
9.5,12.3,0,3.66914,-0.00964559,-5.87532e-08
9.5,12.4,0,3.23714,-0.00744064,-4.82985e-08
9.5,12.5,0,2.16017,-0.00480246,-3.3488e-08
9.5,12.6,0,1.0832,-0.00216427,-1.86776e-08
9.5,12.7,0,0,0,0
9.6,0,0,0,0,0
9.6,0.1,0,1.37666,0.00546967,8.226e-09
9.6,0.2,0,2.75332,0.0109393,1.6452e-08
9.6,0.3,0,3.54592,0.0165826,7.92679e-09
9.6,0.4,0,3.7368,0.0223799,4.94979e-09
9.6,0.5,0,3.92769,0.0278677,7.35114e-09
9.6,0.6,0,3.9439,0.0338123,8.40514e-09
9.6,0.7,0,3.9601,0.039757,9.45914e-09
9.6,0.8,0,3.9688,0.0453803,2.00558e-08
9.6,0.9,0,3.96986,0.0514375,2.97928e-08
9.6,1,0,3.97145,0.0571471,3.12714e-08
9.6,1.1,0,3.97154,0.0635178,1.80114e-08
9.6,1.2,0,3.97163,0.0698886,4.75143e-09
9.6,1.3,0,3.97246,0.0761641,5.785e-09
9.6,1.4,0,3.97248,0.0829137,3.305e-09
9.6,1.5,0,3.97349,0.0894675,-2.49643e-09
9.6,1.6,0,3.97343,0.0966632,-7.01643e-09
9.6,1.7,0,3.97336,0.103859,-1.15364e-08
9.6,1.8,0,3.97445,0.111259,-1.13896e-08
9.6,1.9,0,3.97422,0.119024,-1.56146e-08
9.6,2,0,3.9755,0.126879,-1.47568e-08
9.6,2.1,0,3.97497,0.135166,-6.03179e-09
9.6,2.2,0,3.97445,0.143453,2.69321e-09
9.6,2.3,0,3.97559,0.152468,4.76321e-09
9.6,2.4,0,3.97472,0.161701,1.13982e-08
9.6,2.5,0,3.97604,0.171568,1.97968e-08
9.6,2.6,0,3.97444,0.181049,2.01968e-08
9.6,2.7,0,3.97283,0.190529,2.05968e-08
9.6,2.8,0,3.97363,0.201761,1.01643e-08
9.6,2.9,0,3.97164,0.213295,4.82929e-09
9.6,3,0,3.97277,0.22642,3.30857e-09
9.6,3.1,0,3.96892,0.23659,1.10857e-09
9.6,3.2,0,3.96507,0.24676,-1.09143e-09
9.6,3.3,0,3.96474,0.261186,-2.23964e-09
9.6,3.4,0,3.96081,0.276747,-5.13464e-09
9.6,3.5,0,3.96129,0.295377,-7.25821e-09
9.6,3.6,0,3.95345,0.305202,-4.85821e-09
9.6,3.7,0,3.94561,0.315027,-2.45821e-09
9.6,3.8,0,3.94101,0.333901,-7.98e-09
9.6,3.9,0,3.9306,0.35509,-1.6465e-08
9.6,4,0,3.92756,0.381562,-2.95571e-08
9.6,4.1,0,3.9166,0.390763,-3.71571e-08
9.6,4.2,0,3.90564,0.399964,-4.47571e-08
9.6,4.3,0,3.88724,0.422387,-5.08786e-08
9.6,4.4,0,3.86617,0.444942,-4.85786e-08
9.6,4.5,0,3.85979,0.476159,-2.98214e-08
9.6,4.6,0,3.76832,0.489463,-3.02143e-09
9.6,4.7,0,3.67684,0.502767,2.37786e-08
9.6,4.8,0,3.58149,0.501777,1.06314e-07
9.6,4.9,0,3.52895,0.483325,1.60843e-07
9.6,5,0,3.42671,0.466747,2.17865e-07
9.6,5.1,0,3.57772,0.450939,2.86321e-07
9.6,5.2,0,3.30289,0.397961,1.44643e-07
9.6,5.3,0,2.35124,0.328525,-1.51929e-07
9.6,5.4,0,1.4151,0.188091,-3.755e-07
9.6,5.5,0,1.0409,0.00480888,-5.54286e-07
9.6,5.6,0,1.32753,-0.179319,-5.05643e-07
9.6,5.7,0,2.20329,-0.323675,1.19e-07
9.6,5.8,0,3.21318,-0.398986,7.38571e-07
9.6,5.9,0,3.65964,-0.45255,5.09571e-07
9.6,6,0,3.61745,-0.470164,-1.44508e-07
9.6,6.1,0,3.62317,-0.486733,-1.78691e-07
9.6,6.2,0,3.62889,-0.503303,-2.12875e-07
9.6,6.3,0,3.65294,-0.517318,-2.34538e-07
9.6,6.4,0,3.70537,-0.508523,-1.8794e-07
9.6,6.5,0,3.73894,-0.492203,-1.27903e-07
9.6,6.6,0,3.77251,-0.475883,-6.78654e-08
9.6,6.7,0,3.84301,-0.451839,-2.95135e-08
9.6,6.8,0,3.87153,-0.429944,-2.6118e-08
9.6,6.9,0,3.90005,-0.408049,-2.27224e-08
9.6,7,0,3.90794,-0.37648,-3.82051e-08
9.6,7.1,0,3.91473,-0.366032,-5.29868e-08
9.6,7.2,0,3.92246,-0.357157,-6.68301e-08
9.6,7.3,0,3.92958,-0.346362,-7.93806e-08
9.6,7.4,0,3.93342,-0.32737,-8.24836e-08
9.6,7.5,0,3.93695,-0.308979,-8.33716e-08
9.6,7.6,0,3.94047,-0.290588,-8.42597e-08
9.6,7.7,0,3.93699,-0.269604,-8.41901e-08
9.6,7.8,0,3.94185,-0.261792,-8.55334e-08
9.6,7.9,0,3.94671,-0.25398,-8.68767e-08
9.6,8,0,3.94736,-0.244245,-9.38441e-08
9.6,8.1,0,3.94734,-0.231555,-1.00593e-07
9.6,8.2,0,3.94778,-0.218773,-1.06625e-07
9.6,8.3,0,3.94727,-0.205482,-1.11758e-07
9.6,8.4,0,3.94467,-0.193877,-1.0946e-07
9.6,8.5,0,3.94586,-0.186592,-1.0627e-07
9.6,8.6,0,3.94704,-0.179307,-1.03079e-07
9.6,8.7,0,3.94448,-0.171082,-1.04491e-07
9.6,8.8,0,3.94398,-0.162446,-1.15444e-07
9.6,8.9,0,3.94348,-0.15381,-1.26397e-07
9.6,9,0,3.94087,-0.14452,-1.35197e-07
9.6,9.1,0,3.93969,-0.137615,-1.34724e-07
9.6,9.2,0,3.93927,-0.131287,-1.33131e-07
9.6,9.3,0,3.93856,-0.124961,-1.30866e-07
9.6,9.4,0,3.93597,-0.118776,-1.25311e-07
9.6,9.5,0,3.93507,-0.112718,-1.24834e-07
9.6,9.6,0,3.93417,-0.106659,-1.24356e-07
9.6,9.7,0,3.93146,-0.100675,-1.26851e-07
9.6,9.8,0,3.93054,-0.0956263,-1.39862e-07
9.6,9.9,0,3.92961,-0.0905774,-1.52873e-07
9.6,10,0,3.92776,-0.0856916,-1.65116e-07
9.6,10.1,0,3.9263,-0.0811538,-1.62826e-07
9.6,10.2,0,3.92533,-0.0766347,-1.57224e-07
9.6,10.3,0,3.92432,-0.0721272,-1.51376e-07
9.6,10.4,0,3.92229,-0.068125,-1.43412e-07
9.6,10.5,0,3.92138,-0.0641674,-1.44919e-07
9.6,10.6,0,3.92047,-0.0602098,-1.46426e-07
9.6,10.7,0,3.91868,-0.0566519,-1.54104e-07
9.6,10.8,0,3.91787,-0.0531149,-1.548e-07
9.6,10.9,0,3.91705,-0.049578,-1.55497e-07
9.6,11,0,3.91585,-0.0462583,-1.55179e-07
9.6,11.1,0,3.91483,-0.0431486,-1.43585e-07
9.6,11.2,0,3.91415,-0.0399581,-1.28936e-07
9.6,11.3,0,3.91346,-0.0367675,-1.14287e-07
9.6,11.4,0,3.91226,-0.0340891,-1.05813e-07
9.6,11.5,0,3.9116,-0.0311679,-1.12844e-07
9.6,11.6,0,3.91094,-0.0282467,-1.19876e-07
9.6,11.7,0,3.90972,-0.0257465,-1.27922e-07
9.6,11.8,0,3.90543,-0.0229841,-1.18e-07
9.6,11.9,0,3.90114,-0.0202216,-1.08078e-07
9.6,12,0,3.89678,-0.0176584,-9.97921e-08
9.6,12.1,0,3.8361,-0.015191,-8.80104e-08
9.6,12.2,0,3.75137,-0.0125388,-7.28744e-08
9.6,12.3,0,3.66665,-0.00988668,-5.77384e-08
9.6,12.4,0,3.23465,-0.00763021,-4.67516e-08
9.6,12.5,0,2.15768,-0.00499202,-3.19412e-08
9.6,12.6,0,1.08071,-0.00235384,-1.71307e-08
9.6,12.7,0,0,0,0
9.7,0,0,0,0,0
9.7,0.1,0,1.37666,0.00546967,8.226e-09
9.7,0.2,0,2.75332,0.0109393,1.6452e-08
9.7,0.3,0,3.54003,0.0165761,1.53599e-08
9.7,0.4,0,3.7309,0.0223734,1.23829e-08
9.7,0.5,0,3.92179,0.0280676,1.11987e-08
9.7,0.6,0,3.93799,0.0340122,1.22527e-08
9.7,0.7,0,3.95419,0.0399568,1.33067e-08
9.7,0.8,0,3.96285,0.0458319,2.04359e-08
9.7,0.9,0,3.96391,0.051889,3.01729e-08
9.7,1,0,3.96514,0.0578303,3.71571e-08
9.7,1.1,0,3.96523,0.064201,2.38971e-08
9.7,1.2,0,3.96532,0.0705717,1.06371e-08
9.7,1.3,0,3.96564,0.077037,5.735e-09
9.7,1.4,0,3.96566,0.0837867,3.255e-09
9.7,1.5,0,3.96601,0.0904711,-3.32143e-10
9.7,1.6,0,3.96594,0.0976667,-4.85214e-09
9.7,1.7,0,3.96587,0.104862,-9.37214e-09
9.7,1.8,0,3.96614,0.112316,-1.22382e-08
9.7,1.9,0,3.96591,0.120081,-1.64632e-08
9.7,2,0,3.96618,0.127875,-1.89939e-08
9.7,2.1,0,3.96566,0.136163,-1.02689e-08
9.7,2.2,0,3.96513,0.14445,-1.54393e-09
9.7,2.3,0,3.96505,0.153295,4.26607e-09
9.7,2.4,0,3.96418,0.162528,1.09011e-08
9.7,2.5,0,3.96404,0.171973,1.81239e-08
9.7,2.6,0,3.96244,0.181453,1.85239e-08
9.7,2.7,0,3.96083,0.190934,1.89239e-08
9.7,2.8,0,3.9599,0.201683,1.38014e-08
9.7,2.9,0,3.95792,0.213217,8.46643e-09
9.7,3,0,3.95697,0.225282,4.40286e-09
9.7,3.1,0,3.95312,0.235452,2.20286e-09
9.7,3.2,0,3.94927,0.245622,2.85714e-12
9.7,3.3,0,3.94656,0.259008,-2.07821e-09
9.7,3.4,0,3.94263,0.274569,-4.97321e-09
9.7,3.5,0,3.94017,0.291153,-7.61107e-09
9.7,3.6,0,3.93233,0.300979,-5.21107e-09
9.7,3.7,0,3.92449,0.310804,-2.81107e-09
9.7,3.8,0,3.91688,0.327433,-6.68e-09
9.7,3.9,0,3.90647,0.348622,-1.5165e-08
9.7,4,0,3.89852,0.371572,-2.51857e-08
9.7,4.1,0,3.88756,0.380773,-3.27857e-08
9.7,4.2,0,3.8766,0.389974,-4.03857e-08
9.7,4.3,0,3.85979,0.408034,-4.41929e-08
9.7,4.4,0,3.83873,0.430589,-4.18929e-08
9.7,4.5,0,3.82256,0.456031,-3.41071e-08
9.7,4.6,0,3.73109,0.469335,-7.30714e-09
9.7,4.7,0,3.63962,0.482639,1.94929e-08
9.7,4.8,0,3.55983,0.480593,7.41144e-08
9.7,4.9,0,3.50729,0.46214,1.28643e-07
9.7,5,0,3.43818,0.444313,1.84003e-07
9.7,5.1,0,3.58104,0.4336,2.59607e-07
9.7,5.2,0,3.31262,0.397304,1.13214e-07
9.7,5.3,0,2.41302,0.337466,-1.75643e-07
9.7,5.4,0,1.52663,0.197041,-3.835e-07
9.7,5.5,0,1.16521,0.00691619,-5.51429e-07
9.7,5.6,0,1.43144,-0.184203,-5.10214e-07
9.7,5.7,0,2.25173,-0.329201,7.3e-08
9.7,5.8,0,3.20697,-0.395076,6.72857e-07
9.7,5.9,0,3.65062,-0.431037,4.94857e-07
9.7,6,0,3.63396,-0.444908,-1.35992e-07
9.7,6.1,0,3.63968,-0.461478,-1.70176e-07
9.7,6.2,0,3.6454,-0.478048,-2.0436e-07
9.7,6.3,0,3.65113,-0.494617,-2.38543e-07
9.7,6.4,0,3.69059,-0.487628,-2.00797e-07
9.7,6.5,0,3.72416,-0.471308,-1.4076e-07
9.7,6.6,0,3.75773,-0.454988,-8.07225e-08
9.7,6.7,0,3.8026,-0.434978,-3.92421e-08
9.7,6.8,0,3.83113,-0.413083,-3.58465e-08
9.7,6.9,0,3.85965,-0.391187,-3.2451e-08
9.7,7,0,3.8826,-0.366683,-3.4148e-08
9.7,7.1,0,3.8894,-0.356234,-4.89297e-08
9.7,7.2,0,3.89712,-0.34736,-6.2773e-08
9.7,7.3,0,3.90484,-0.338485,-7.66163e-08
9.7,7.4,0,3.90939,-0.321791,-8.12664e-08
9.7,7.5,0,3.91292,-0.3034,-8.21545e-08
9.7,7.6,0,3.91645,-0.285009,-8.30425e-08
9.7,7.7,0,3.91786,-0.267517,-8.36872e-08
9.7,7.8,0,3.92272,-0.259705,-8.50305e-08
9.7,7.9,0,3.92758,-0.251893,-8.63738e-08
9.7,8,0,3.93163,-0.243711,-8.88013e-08
9.7,8.1,0,3.93162,-0.231021,-9.55503e-08
9.7,8.2,0,3.93206,-0.218239,-1.01582e-07
9.7,8.3,0,3.9325,-0.205458,-1.07614e-07
9.7,8.4,0,3.93188,-0.194914,-1.07189e-07
9.7,8.5,0,3.93306,-0.187629,-1.03998e-07
9.7,8.6,0,3.93425,-0.180343,-1.00808e-07
9.7,8.7,0,3.93396,-0.172565,-1.01037e-07
9.7,8.8,0,3.93346,-0.163929,-1.1199e-07
9.7,8.9,0,3.93296,-0.155294,-1.22943e-07
9.7,9,0,3.93225,-0.146594,-1.33686e-07
9.7,9.1,0,3.93107,-0.139689,-1.33214e-07
9.7,9.2,0,3.93064,-0.133361,-1.3162e-07
9.7,9.3,0,3.93022,-0.127033,-1.30027e-07
9.7,9.4,0,3.92882,-0.120844,-1.27261e-07
9.7,9.5,0,3.92792,-0.114785,-1.26784e-07
9.7,9.6,0,3.92702,-0.108727,-1.26306e-07
9.7,9.7,0,3.92551,-0.102794,-1.28168e-07
9.7,9.8,0,3.92458,-0.0977453,-1.41179e-07
9.7,9.9,0,3.92366,-0.0926964,-1.5419e-07
9.7,10,0,3.92274,-0.0876475,-1.67202e-07
9.7,10.1,0,3.9213,-0.0831059,-1.64929e-07
9.7,10.2,0,3.92033,-0.0785868,-1.59327e-07
9.7,10.3,0,3.91936,-0.0740677,-1.53725e-07
9.7,10.4,0,3.91804,-0.0698932,-1.49386e-07
9.7,10.5,0,3.91713,-0.0659356,-1.50893e-07
9.7,10.6,0,3.91622,-0.061978,-1.52401e-07
9.7,10.7,0,3.91502,-0.0581816,-1.55911e-07
9.7,10.8,0,3.91421,-0.0546447,-1.56607e-07
9.7,10.9,0,3.9134,-0.0511077,-1.57304e-07
9.7,11,0,3.91259,-0.0475707,-1.58001e-07
9.7,11.1,0,3.91164,-0.0444218,-1.4659e-07
9.7,11.2,0,3.91095,-0.0412313,-1.31941e-07
9.7,11.3,0,3.91027,-0.0380407,-1.17292e-07
9.7,11.4,0,3.90942,-0.0350927,-1.10483e-07
9.7,11.5,0,3.90876,-0.0321715,-1.17514e-07
9.7,11.6,0,3.9081,-0.0292502,-1.24546e-07
9.7,11.7,0,3.90713,-0.0264747,-1.3135e-07
9.7,11.8,0,3.90284,-0.0237122,-1.21428e-07
9.7,11.9,0,3.89856,-0.0209498,-1.11506e-07
9.7,12,0,3.89427,-0.0181873,-1.01583e-07
9.7,12.1,0,3.83362,-0.0156411,-8.91538e-08
9.7,12.2,0,3.74889,-0.0129889,-7.40178e-08
9.7,12.3,0,3.66416,-0.0103368,-5.88817e-08
9.7,12.4,0,3.23216,-0.00781978,-4.52048e-08
9.7,12.5,0,2.15519,-0.00518159,-3.03943e-08
9.7,12.6,0,1.07822,-0.0025434,-1.55839e-08
9.7,12.7,0,0,0,0
9.8,0,0,0,0,0
9.8,0.1,0,1.37386,0.00532468,6.848e-09
9.8,0.2,0,2.75052,0.0107943,1.5074e-08
9.8,0.3,0,3.53402,0.016361,1.74589e-08
9.8,0.4,0,3.7249,0.0221583,1.44819e-08
9.8,0.5,0,3.91577,0.0279556,1.15049e-08
9.8,0.6,0,3.93191,0.0338506,1.22626e-08
9.8,0.7,0,3.94811,0.0397952,1.33166e-08
9.8,0.8,0,3.95663,0.0457353,1.8841e-08
9.8,0.9,0,3.95769,0.0517925,2.8578e-08
9.8,1,0,3.95875,0.0578496,3.8315e-08
9.8,1.1,0,3.95869,0.0641368,2.59771e-08
9.8,1.2,0,3.95879,0.0705075,1.27171e-08
9.8,1.3,0,3.95866,0.0769553,7.42e-09
9.8,1.4,0,3.95868,0.083705,4.94e-09
9.8,1.5,0,3.95869,0.0904546,2.46e-09
9.8,1.6,0,3.95841,0.097505,-2.68857e-09
9.8,1.7,0,3.95834,0.104701,-7.20857e-09
9.8,1.8,0,3.95795,0.111993,-1.16811e-08
9.8,1.9,0,3.95772,0.119758,-1.59061e-08
9.8,2,0,3.95749,0.127522,-2.01311e-08
9.8,2.1,0,3.95669,0.135586,-1.07632e-08
9.8,2.2,0,3.95617,0.143873,-2.03821e-09
9.8,2.3,0,3.95518,0.152338,3.18679e-09
9.8,2.4,0,3.95431,0.161571,9.82179e-09
9.8,2.5,0,3.95345,0.170805,1.64568e-08
9.8,2.6,0,3.95155,0.179985,1.90425e-08
9.8,2.7,0,3.94995,0.189466,1.94425e-08
9.8,2.8,0,3.94783,0.199521,1.50443e-08
9.8,2.9,0,3.94584,0.211055,9.70929e-09
9.8,3,0,3.94386,0.222589,4.37429e-09
9.8,3.1,0,3.93976,0.232414,2.56e-09
9.8,3.2,0,3.93591,0.242584,3.6e-10
9.8,3.3,0,3.93173,0.254693,-2.39286e-11
9.8,3.4,0,3.9278,0.270254,-2.91893e-09
9.8,3.5,0,3.92386,0.285816,-5.81393e-09
9.8,3.6,0,3.91592,0.2953,-3.63464e-09
9.8,3.7,0,3.90808,0.305125,-1.23464e-09
9.8,3.8,0,3.89884,0.319284,-2.39357e-09
9.8,3.9,0,3.88844,0.340473,-1.08786e-08
9.8,4,0,3.87803,0.361661,-1.93636e-08
9.8,4.1,0,3.86815,0.370452,-2.73429e-08
9.8,4.2,0,3.85719,0.379653,-3.49429e-08
9.8,4.3,0,3.83862,0.39403,-3.87e-08
9.8,4.4,0,3.81756,0.416585,-3.64e-08
9.8,4.5,0,3.7965,0.43914,-3.41e-08
9.8,4.6,0,3.71536,0.451121,-8.90714e-09
9.8,4.7,0,3.62389,0.464425,1.78929e-08
9.8,4.8,0,3.56388,0.46236,5.53571e-08
9.8,4.9,0,3.51134,0.443908,1.09886e-07
9.8,5,0,3.4588,0.425455,1.64415e-07
9.8,5.1,0,3.58843,0.417122,2.37107e-07
9.8,5.2,0,3.32158,0.390063,8.85714e-08
9.8,5.3,0,2.46829,0.335876,-1.875e-07
9.8,5.4,0,1.63267,0.197945,-3.78214e-07
9.8,5.5,0,1.28951,0.00788268,-5.35e-07
9.8,5.6,0,1.53674,-0.183331,-4.99643e-07
9.8,5.7,0,2.30422,-0.326317,4.71429e-08
9.8,5.8,0,3.2082,-0.386829,6.24643e-07
9.8,5.9,0,3.64684,-0.413266,4.82357e-07
9.8,6,0,3.65355,-0.424908,-1.20605e-07
9.8,6.1,0,3.65182,-0.440147,-1.59317e-07
9.8,6.2,0,3.65754,-0.456716,-1.93501e-07
9.8,6.3,0,3.66327,-0.473286,-2.27684e-07
9.8,6.4,0,3.67608,-0.470767,-2.07426e-07
9.8,6.5,0,3.70965,-0.454447,-1.47388e-07
9.8,6.6,0,3.74322,-0.438127,-8.73511e-08
9.8,6.7,0,3.77694,-0.422337,-4.07706e-08
9.8,6.8,0,3.80547,-0.400441,-3.73751e-08
9.8,6.9,0,3.83399,-0.378546,-3.39796e-08
9.8,7,0,3.86251,-0.356651,-3.05841e-08
9.8,7.1,0,3.87096,-0.347408,-4.15133e-08
9.8,7.2,0,3.87869,-0.338533,-5.53565e-08
9.8,7.3,0,3.88641,-0.329659,-6.91998e-08
9.8,7.4,0,3.89206,-0.316602,-7.50714e-08
9.8,7.5,0,3.89558,-0.298211,-7.59595e-08
9.8,7.6,0,3.89911,-0.27982,-7.68475e-08
9.8,7.7,0,3.9033,-0.264362,-7.33687e-08
9.8,7.8,0,3.90817,-0.25655,-7.4712e-08
9.8,7.9,0,3.91303,-0.248739,-7.60552e-08
9.8,8,0,3.91789,-0.240927,-7.73985e-08
9.8,8.1,0,3.91931,-0.229455,-8.46427e-08
9.8,8.2,0,3.91975,-0.216674,-9.06748e-08
9.8,8.3,0,3.92018,-0.203892,-9.67069e-08
9.8,8.4,0,3.92145,-0.194425,-9.6116e-08
9.8,8.5,0,3.92263,-0.18714,-9.29257e-08
9.8,8.6,0,3.92382,-0.179855,-8.97354e-08
9.8,8.7,0,3.92514,-0.172741,-8.55685e-08
9.8,8.8,0,3.92464,-0.164105,-9.65214e-08
9.8,8.9,0,3.92414,-0.15547,-1.07474e-07
9.8,9,0,3.92364,-0.146834,-1.18427e-07
9.8,9.1,0,3.92359,-0.140375,-1.21951e-07
9.8,9.2,0,3.92317,-0.134048,-1.20358e-07
9.8,9.3,0,3.92274,-0.12772,-1.18764e-07
9.8,9.4,0,3.92245,-0.121737,-1.13686e-07
9.8,9.5,0,3.92155,-0.115678,-1.13209e-07
9.8,9.6,0,3.92065,-0.10962,-1.12731e-07
9.8,9.7,0,3.91999,-0.103805,-1.13892e-07
9.8,9.8,0,3.91913,-0.0987818,-1.26796e-07
9.8,9.9,0,3.91821,-0.0937329,-1.39808e-07
9.8,10,0,3.91728,-0.0886839,-1.52819e-07
9.8,10.1,0,3.9166,-0.0841408,-1.55933e-07
9.8,10.2,0,3.91563,-0.0796217,-1.50331e-07
9.8,10.3,0,3.91466,-0.0751026,-1.44729e-07
9.8,10.4,0,3.91394,-0.0708762,-1.36211e-07
9.8,10.5,0,3.91303,-0.0669186,-1.37719e-07
9.8,10.6,0,3.91212,-0.062961,-1.39226e-07
9.8,10.7,0,3.91132,-0.0590518,-1.42396e-07
9.8,10.8,0,3.91059,-0.0555207,-1.44688e-07
9.8,10.9,0,3.90978,-0.0519837,-1.45385e-07
9.8,11,0,3.90897,-0.0484468,-1.46082e-07
9.8,11.1,0,3.9084,-0.0451596,-1.39138e-07
9.8,11.2,0,3.90771,-0.0419691,-1.24489e-07
9.8,11.3,0,3.90703,-0.0387785,-1.0984e-07
9.8,11.4,0,3.90646,-0.0356698,-9.96721e-08
9.8,11.5,0,3.9058,-0.0327485,-1.06703e-07
9.8,11.6,0,3.90514,-0.0298273,-1.13735e-07
9.8,11.7,0,3.90431,-0.0269046,-1.21334e-07
9.8,11.8,0,3.90007,-0.0241156,-1.15415e-07
9.8,11.9,0,3.89578,-0.0213531,-1.05493e-07
9.8,12,0,3.8915,-0.0185907,-9.55704e-08
9.8,12.1,0,3.83096,-0.0158711,-8.34281e-08
9.8,12.2,0,3.74623,-0.0132189,-6.8292e-08
9.8,12.3,0,3.6615,-0.0105668,-5.3156e-08
9.8,12.4,0,3.23091,-0.00791456,-4.44313e-08
9.8,12.5,0,2.15394,-0.00527637,-2.96209e-08
9.8,12.6,0,1.07697,-0.00263819,-1.48104e-08
9.8,12.7,0,0,0,0
9.9,0,0,0,0,0
9.9,0.1,0,1.36826,0.0050347,4.092e-09
9.9,0.2,0,2.74492,0.0105044,1.2318e-08
9.9,0.3,0,3.5279,0.0159372,1.42236e-08
9.9,0.4,0,3.71877,0.0217346,1.12466e-08
9.9,0.5,0,3.90965,0.0275319,8.26957e-09
9.9,0.6,0,3.92565,0.0333275,8.43471e-09
9.9,0.7,0,3.94186,0.0392721,9.48871e-09
9.9,0.8,0,3.95016,0.0450908,1.5271e-08
9.9,0.9,0,3.95122,0.0511479,2.5008e-08
9.9,1,0,3.95228,0.0572051,3.4745e-08
9.9,1.1,0,3.95192,0.0633251,2.42514e-08
9.9,1.2,0,3.95201,0.0696958,1.09914e-08
9.9,1.3,0,3.95152,0.075919,1.084e-08
9.9,1.4,0,3.95153,0.0826686,8.36e-09
9.9,1.5,0,3.95155,0.0894183,5.88e-09
9.9,1.6,0,3.95083,0.0961779,-5.25714e-10
9.9,1.7,0,3.95077,0.103374,-5.04571e-09
9.9,1.8,0,3.94988,0.110291,-9.71821e-09
9.9,1.9,0,3.94965,0.118055,-1.39432e-08
9.9,2,0,3.94942,0.12582,-1.81682e-08
9.9,2.1,0,3.94808,0.133435,-7.51464e-09
9.9,2.2,0,3.94756,0.141722,1.21036e-09
9.9,2.3,0,3.94598,0.149597,1.52536e-09
9.9,2.4,0,3.94512,0.158831,8.16036e-09
9.9,2.5,0,3.94425,0.168064,1.47954e-08
9.9,2.6,0,3.94177,0.176644,2.17525e-08
9.9,2.7,0,3.94017,0.186125,2.21525e-08
9.9,2.8,0,3.93741,0.195274,1.38929e-08
9.9,2.9,0,3.93542,0.206808,8.55786e-09
9.9,3,0,3.93344,0.218342,3.22286e-09
9.9,3.1,0,3.92885,0.227477,2.18e-09
9.9,3.2,0,3.925,0.237647,-2e-11
9.9,3.3,0,3.92023,0.248241,3.92321e-09
9.9,3.4,0,3.9163,0.263803,1.02821e-09
9.9,3.5,0,3.91237,0.279364,-1.86679e-09
9.9,3.6,0,3.90422,0.288167,-1.28929e-10
9.9,3.7,0,3.89638,0.297992,2.27107e-09
9.9,3.8,0,3.88692,0.309453,4.87929e-09
9.9,3.9,0,3.87651,0.330641,-3.60571e-09
9.9,4,0,3.8661,0.35183,-1.20907e-08
9.9,4.1,0,3.85839,0.3598,-2.08286e-08
9.9,4.2,0,3.84743,0.369001,-2.84286e-08
9.9,4.3,0,3.82373,0.380376,-3.44e-08
9.9,4.4,0,3.80266,0.402931,-3.21e-08
9.9,4.5,0,3.7816,0.425485,-2.98e-08
9.9,4.6,0,3.72114,0.434819,-7.82143e-09
9.9,4.7,0,3.62967,0.448123,1.89786e-08
9.9,4.8,0,3.59365,0.447079,5.00425e-08
9.9,4.9,0,3.54111,0.428626,1.04571e-07
9.9,5,0,3.48857,0.410174,1.591e-07
9.9,5.1,0,3.59987,0.401504,2.18821e-07
9.9,5.2,0,3.32977,0.376239,7.07143e-08
9.9,5.3,0,2.51704,0.323755,-1.875e-07
9.9,5.4,0,1.73325,0.190803,-3.59643e-07
9.9,5.5,0,1.41382,0.00770833,-5.05e-07
9.9,5.6,0,1.64342,-0.176702,-4.73929e-07
9.9,5.7,0,2.36077,-0.315024,4.14286e-08
9.9,5.8,0,3.21688,-0.374244,5.93929e-07
9.9,5.9,0,3.6483,-0.399236,4.72071e-07
9.9,6,0,3.67623,-0.410163,-9.83451e-08
9.9,6.1,0,3.65959,-0.422739,-1.46114e-07
9.9,6.2,0,3.66532,-0.439309,-1.80298e-07
9.9,6.3,0,3.67104,-0.455879,-2.14481e-07
9.9,6.4,0,3.66183,-0.45794,-2.07826e-07
9.9,6.5,0,3.6954,-0.44162,-1.47788e-07
9.9,6.6,0,3.72898,-0.4253,-8.77511e-08
9.9,6.7,0,3.76364,-0.410759,-3.91653e-08
9.9,6.8,0,3.79455,-0.39202,-3.07037e-08
9.9,6.9,0,3.82307,-0.370125,-2.73082e-08
9.9,7,0,3.8516,-0.34823,-2.39126e-08
9.9,7.1,0,3.85943,-0.339553,-3.07375e-08
9.9,7.2,0,3.86715,-0.330679,-4.45808e-08
9.9,7.3,0,3.87487,-0.321804,-5.84241e-08
9.9,7.4,0,3.8814,-0.311804,-6.38986e-08
9.9,7.5,0,3.88493,-0.293413,-6.47866e-08
9.9,7.6,0,3.88846,-0.275022,-6.56747e-08
9.9,7.7,0,3.89275,-0.259652,-6.08249e-08
9.9,7.8,0,3.89819,-0.252328,-5.45777e-08
9.9,7.9,0,3.90305,-0.244516,-5.5921e-08
9.9,8,0,3.90791,-0.236704,-5.72642e-08
9.9,8.1,0,3.91041,-0.226858,-6.78705e-08
9.9,8.2,0,3.91085,-0.214077,-7.39025e-08
9.9,8.3,0,3.91128,-0.201295,-7.99346e-08
9.9,8.4,0,3.91333,-0.192375,-7.6439e-08
9.9,8.5,0,3.91457,-0.185127,-7.3052e-08
9.9,8.6,0,3.91575,-0.177842,-6.98617e-08
9.9,8.7,0,3.91709,-0.170747,-6.55244e-08
9.9,8.8,0,3.91752,-0.162974,-6.90372e-08
9.9,8.9,0,3.91702,-0.154338,-7.99901e-08
9.9,9,0,3.91652,-0.145703,-9.09431e-08
9.9,9.1,0,3.91727,-0.139675,-1.00937e-07
9.9,9.2,0,3.91684,-0.133347,-9.93435e-08
9.9,9.3,0,3.91641,-0.127019,-9.77502e-08
9.9,9.4,0,3.91672,-0.121373,-8.61551e-08
9.9,9.5,0,3.91597,-0.115396,-8.41086e-08
9.9,9.6,0,3.91506,-0.109338,-8.3631e-08
9.9,9.7,0,3.91441,-0.103523,-8.47916e-08
9.9,9.8,0,3.91418,-0.0987357,-9.67136e-08
9.9,9.9,0,3.91326,-0.0936867,-1.09725e-07
9.9,10,0,3.91233,-0.0886378,-1.22736e-07
9.9,10.1,0,3.91219,-0.0842585,-1.35838e-07
9.9,10.2,0,3.91122,-0.0797394,-1.30236e-07
9.9,10.3,0,3.91025,-0.0752203,-1.24634e-07
9.9,10.4,0,3.90984,-0.0710481,-1.07857e-07
9.9,10.5,0,3.90908,-0.0671164,-1.05395e-07
9.9,10.6,0,3.90817,-0.0631588,-1.06902e-07
9.9,10.7,0,3.90736,-0.0592497,-1.10073e-07
9.9,10.8,0,3.90701,-0.055743,-1.19042e-07
9.9,10.9,0,3.90619,-0.0522061,-1.19739e-07
9.9,11,0,3.90538,-0.0486691,-1.20436e-07
9.9,11.1,0,3.9051,-0.045362,-1.2123e-07
9.9,11.2,0,3.90442,-0.0421715,-1.06581e-07
9.9,11.3,0,3.90374,-0.0389809,-9.19321e-08
9.9,11.4,0,3.90329,-0.035844,-7.71969e-08
9.9,11.5,0,3.90273,-0.0328992,-8.04121e-08
9.9,11.6,0,3.90207,-0.0299779,-8.74434e-08
9.9,11.7,0,3.90124,-0.0270552,-9.50425e-08
9.9,11.8,0,3.89711,-0.0241941,-9.99608e-08
9.9,11.9,0,3.89282,-0.0214317,-9.00385e-08
9.9,12,0,3.88854,-0.0186692,-8.01162e-08
9.9,12.1,0,3.82812,-0.015881,-7.08332e-08
9.9,12.2,0,3.74339,-0.0132289,-5.56972e-08
9.9,12.3,0,3.65866,-0.0105767,-4.05611e-08
9.9,12.4,0,3.22925,-0.00792039,-3.7053e-08
9.9,12.5,0,2.15394,-0.00527637,-2.96209e-08
9.9,12.6,0,1.07697,-0.00263819,-1.48104e-08
9.9,12.7,0,0,0,0
10,0,0,0,0,0
10,0.1,0,1.36267,0.00474471,1.336e-09
10,0.2,0,2.73933,0.0102144,9.562e-09
10,0.3,0,3.52217,0.0156138,1.13477e-08
10,0.4,0,3.71265,0.0213108,8.01129e-09
10,0.5,0,3.90353,0.0271081,5.03429e-09
10,0.6,0,3.91939,0.0328044,4.60686e-09
10,0.7,0,3.9356,0.038749,5.66086e-09
10,0.8,0,3.94385,0.0445374,1.15076e-08
10,0.9,0,3.94474,0.0505034,2.1438e-08
10,1,0,3.9458,0.0565605,3.1175e-08
10,1.1,0,3.94515,0.0625134,2.25257e-08
10,1.2,0,3.94524,0.0688842,9.26571e-09
10,1.3,0,3.94465,0.0750511,1.04007e-08
10,1.4,0,3.94439,0.0816322,1.178e-08
10,1.5,0,3.94441,0.0883819,9.3e-09
10,1.6,0,3.94326,0.0948509,1.63714e-09
10,1.7,0,3.94319,0.102047,-2.88286e-09
10,1.8,0,3.94218,0.10887,-7.60536e-09
10,1.9,0,3.94158,0.116353,-1.19804e-08
10,2,0,3.94135,0.124117,-1.62054e-08
10,2.1,0,3.93947,0.131285,-4.26607e-09
10,2.2,0,3.93895,0.139572,4.45893e-09
10,2.3,0,3.93723,0.147299,3.54643e-09
10,2.4,0,3.93592,0.15609,6.49893e-09
10,2.5,0,3.93505,0.165323,1.31339e-08
10,2.6,0,3.932,0.173302,2.44625e-08
10,2.7,0,3.93039,0.182783,2.48625e-08
10,2.8,0,3.92747,0.191706,1.56375e-08
10,2.9,0,3.92501,0.202561,7.40643e-09
10,3,0,3.92302,0.214095,2.07143e-09
10,3.1,0,3.91794,0.22254,1.8e-09
10,3.2,0,3.91409,0.23271,-4e-10
10,3.3,0,3.90917,0.242926,4.625e-09
10,3.4,0,3.9048,0.257351,4.97536e-09
10,3.5,0,3.90087,0.272913,2.08036e-09
10,3.6,0,3.89252,0.281033,3.37679e-09
10,3.7,0,3.88468,0.290859,5.77679e-09
10,3.8,0,3.87516,0.301645,9.32679e-09
10,3.9,0,3.86458,0.32081,3.66714e-09
10,4,0,3.85417,0.341999,-4.81786e-09
10,4.1,0,3.84862,0.349147,-1.43143e-08
10,4.2,0,3.83766,0.358348,-2.19143e-08
10,4.3,0,3.81268,0.368973,-2.84393e-08
10,4.4,0,3.78777,0.389276,-2.78e-08
10,4.5,0,3.76671,0.411831,-2.55e-08
10,4.6,0,3.72691,0.418518,-6.73571e-09
10,4.7,0,3.63544,0.431822,2.00643e-08
10,4.8,0,3.60542,0.431033,4.95282e-08
10,4.9,0,3.57088,0.413345,9.92567e-08
10,5,0,3.51834,0.394892,1.53785e-07
10,5.1,0,3.61132,0.385885,2.00536e-07
10,5.2,0,3.33797,0.362415,5.28571e-08
10,5.3,0,2.56579,0.311634,-1.875e-07
10,5.4,0,1.83382,0.18366,-3.41071e-07
10,5.5,0,1.53812,0.00753399,-4.75e-07
10,5.6,0,1.7501,-0.170074,-4.48214e-07
10,5.7,0,2.41732,-0.303732,3.57143e-08
10,5.8,0,3.22555,-0.361659,5.63214e-07
10,5.9,0,3.64976,-0.385206,4.61786e-07
10,6,0,3.69891,-0.395418,-7.60853e-08
10,6.1,0,3.66737,-0.405332,-1.32911e-07
10,6.2,0,3.67309,-0.421902,-1.67095e-07
10,6.3,0,3.67882,-0.438471,-2.01279e-07
10,6.4,0,3.66525,-0.441439,-1.97313e-07
10,6.5,0,3.68116,-0.428793,-1.48188e-07
10,6.6,0,3.71473,-0.412473,-8.81511e-08
10,6.7,0,3.7494,-0.397932,-3.95653e-08
10,6.8,0,3.78363,-0.383599,-2.40322e-08
10,6.9,0,3.81216,-0.361704,-2.06367e-08
10,7,0,3.84068,-0.339809,-1.72412e-08
10,7.1,0,3.8479,-0.331688,-2.00384e-08
10,7.2,0,3.85561,-0.322824,-3.38051e-08
10,7.3,0,3.86334,-0.313949,-4.76484e-08
10,7.4,0,3.86993,-0.304154,-5.30962e-08
10,7.5,0,3.87428,-0.288614,-5.36138e-08
10,7.6,0,3.87781,-0.270224,-5.45018e-08
10,7.7,0,3.8821,-0.254853,-4.9652e-08
10,7.8,0,3.88821,-0.248105,-3.44434e-08
10,7.9,0,3.89307,-0.240293,-3.57867e-08
10,8,0,3.89793,-0.232481,-3.713e-08
10,8.1,0,3.90134,-0.224018,-5.05964e-08
10,8.2,0,3.90194,-0.211479,-5.71303e-08
10,8.3,0,3.90238,-0.198698,-6.31623e-08
10,8.4,0,3.90443,-0.189778,-5.96667e-08
10,8.5,0,3.9065,-0.183113,-5.31783e-08
10,8.6,0,3.90768,-0.175828,-4.9988e-08
10,8.7,0,3.90903,-0.168734,-4.56506e-08
10,8.8,0,3.91041,-0.161843,-4.15529e-08
10,8.9,0,3.90991,-0.153207,-5.25059e-08
10,9,0,3.90941,-0.144571,-6.34588e-08
10,9.1,0,3.91072,-0.138853,-7.81119e-08
10,9.2,0,3.91051,-0.132646,-7.83292e-08
10,9.3,0,3.91009,-0.126319,-7.67359e-08
10,9.4,0,3.9104,-0.120672,-6.51408e-08
10,9.5,0,3.91038,-0.115114,-5.50086e-08
10,9.6,0,3.90948,-0.109056,-5.4531e-08
10,9.7,0,3.90882,-0.103241,-5.56916e-08
10,9.8,0,3.90923,-0.0986895,-6.66307e-08
10,9.9,0,3.90831,-0.0936406,-7.96419e-08
10,10,0,3.90738,-0.0885917,-9.26531e-08
10,10.1,0,3.90756,-0.084309,-1.11644e-07
10,10.2,0,3.90681,-0.0798572,-1.10141e-07
10,10.3,0,3.90584,-0.0753381,-1.04539e-07
10,10.4,0,3.90543,-0.0711658,-8.77623e-08
10,10.5,0,3.90512,-0.0673143,-7.30709e-08
10,10.6,0,3.90421,-0.0633567,-7.45782e-08
10,10.7,0,3.90341,-0.0594475,-7.77487e-08
10,10.8,0,3.90342,-0.0559654,-9.33962e-08
10,10.9,0,3.90261,-0.0524284,-9.40931e-08
10,11,0,3.9018,-0.0488914,-9.47899e-08
10,11.1,0,3.90165,-0.0455752,-9.91351e-08
10,11.2,0,3.90113,-0.0423739,-8.86726e-08
10,11.3,0,3.90044,-0.0391833,-7.40238e-08
10,11.4,0,3.9,-0.0360464,-5.92886e-08
10,11.5,0,3.89965,-0.0330498,-5.41206e-08
10,11.6,0,3.89899,-0.0301286,-6.1152e-08
10,11.7,0,3.89816,-0.0272059,-6.8751e-08
10,11.8,0,3.89415,-0.0242727,-8.45067e-08
10,11.9,0,3.88986,-0.0215102,-7.45844e-08
10,12,0,3.88557,-0.0187478,-6.46621e-08
10,12.1,0,3.8252,-0.0159371,-5.6318e-08
10,12.2,0,3.74055,-0.0132388,-4.31023e-08
10,12.3,0,3.65582,-0.0105867,-2.79663e-08
10,12.4,0,3.22641,-0.00793033,-2.44582e-08
10,12.5,0,2.15394,-0.00527637,-2.96209e-08
10,12.6,0,1.07697,-0.00263819,-1.48104e-08
10,12.7,0,0,0,0
10.1,0,0,0,0,0
10.1,0.1,0,1.35707,0.00445473,-1.42e-09
10.1,0.2,0,2.73373,0.0099244,6.806e-09
10.1,0.3,0,3.51658,0.0153238,8.59175e-09
10.1,0.4,0,3.70653,0.0208871,4.776e-09
10.1,0.5,0,3.8974,0.0266844,1.799e-09
10.1,0.6,0,3.91314,0.0322813,7.79e-10
10.1,0.7,0,3.92934,0.0382259,1.833e-09
10.1,0.8,0,3.93759,0.0440143,7.67975e-09
10.1,0.9,0,3.93827,0.0498589,1.7868e-08
10.1,1,0,3.93933,0.055916,2.7605e-08
10.1,1.1,0,3.93838,0.0617018,2.08e-08
10.1,1.2,0,3.93847,0.0680725,7.54e-09
10.1,1.3,0,3.93788,0.0742395,8.675e-09
10.1,1.4,0,3.93725,0.0805959,1.52e-08
10.1,1.5,0,3.93727,0.0873455,1.272e-08
10.1,1.6,0,3.93568,0.0935238,3.8e-09
10.1,1.7,0,3.93562,0.10072,-7.2e-10
10.1,1.8,0,3.9346,0.107543,-5.4425e-09
10.1,1.9,0,3.93351,0.11465,-1.00175e-08
10.1,2,0,3.93328,0.122415,-1.42425e-08
10.1,2.1,0,3.93087,0.129134,-1.0175e-09
10.1,2.2,0,3.93034,0.137422,7.7075e-09
10.1,2.3,0,3.92862,0.145149,6.795e-09
10.1,2.4,0,3.92673,0.15335,4.8375e-09
10.1,2.5,0,3.92586,0.162583,1.14725e-08
10.1,2.6,0,3.92222,0.169961,2.71725e-08
10.1,2.7,0,3.92061,0.179442,2.75725e-08
10.1,2.8,0,3.9177,0.188364,1.83475e-08
10.1,2.9,0,3.91459,0.198314,6.255e-09
10.1,3,0,3.9126,0.209848,9.2e-10
10.1,3.1,0,3.90703,0.217603,1.42e-09
10.1,3.2,0,3.90318,0.227773,-7.8e-10
10.1,3.3,0,3.89826,0.237989,4.245e-09
10.1,3.4,0,3.89331,0.2509,8.9225e-09
10.1,3.5,0,3.88938,0.266461,6.0275e-09
10.1,3.6,0,3.88082,0.2739,6.8825e-09
10.1,3.7,0,3.87298,0.283725,9.2825e-09
10.1,3.8,0,3.86346,0.294511,1.28325e-08
10.1,3.9,0,3.85265,0.310979,1.094e-08
10.1,4,0,3.84224,0.332168,2.455e-09
10.1,4.1,0,3.83886,0.338494,-7.8e-09
10.1,4.2,0,3.8279,0.347696,-1.54e-08
10.1,4.3,0,3.80291,0.35832,-2.1925e-08
10.1,4.4,0,3.77288,0.375622,-2.35e-08
10.1,4.5,0,3.75182,0.398176,-2.12e-08
10.1,4.6,0,3.73269,0.402216,-5.65e-09
10.1,4.7,0,3.64122,0.415521,2.115e-08
10.1,4.8,0,3.6112,0.414731,5.06139e-08
10.1,4.9,0,3.60065,0.398064,9.39421e-08
10.1,5,0,3.54811,0.379611,1.48471e-07
10.1,5.1,0,3.62276,0.370267,1.8225e-07
10.1,5.2,0,3.34616,0.34859,3.5e-08
10.1,5.3,0,2.61454,0.299514,-1.875e-07
10.1,5.4,0,1.93439,0.176518,-3.225e-07
10.1,5.5,0,1.66243,0.00735965,-4.45e-07
10.1,5.6,0,1.85678,-0.163445,-4.225e-07
10.1,5.7,0,2.47386,-0.292439,3e-08
10.1,5.8,0,3.23423,-0.349074,5.325e-07
10.1,5.9,0,3.65121,-0.371176,4.515e-07
10.1,6,0,3.72158,-0.380673,-5.38256e-08
10.1,6.1,0,3.68838,-0.390289,-1.11665e-07
10.1,6.2,0,3.68087,-0.404494,-1.53892e-07
10.1,6.3,0,3.68659,-0.421064,-1.88076e-07
10.1,6.4,0,3.67303,-0.424031,-1.8411e-07
10.1,6.5,0,3.66691,-0.415966,-1.48588e-07
10.1,6.6,0,3.70048,-0.399646,-8.85511e-08
10.1,6.7,0,3.73515,-0.385105,-3.99653e-08
10.1,6.8,0,3.77237,-0.374718,-1.80996e-08
10.1,6.9,0,3.80124,-0.353283,-1.39653e-08
10.1,7,0,3.82976,-0.331387,-1.05698e-08
10.1,7.1,0,3.83699,-0.323267,-1.3367e-08
10.1,7.2,0,3.84408,-0.314969,-2.30294e-08
10.1,7.3,0,3.8518,-0.306095,-3.68727e-08
10.1,7.4,0,3.85839,-0.2963,-4.23204e-08
10.1,7.5,0,3.86363,-0.283816,-4.24409e-08
10.1,7.6,0,3.86715,-0.265425,-4.3329e-08
10.1,7.7,0,3.87145,-0.250055,-3.84791e-08
10.1,7.8,0,3.87807,-0.243747,-1.64157e-08
10.1,7.9,0,3.88309,-0.23607,-1.56524e-08
10.1,8,0,3.88795,-0.228259,-1.69957e-08
10.1,8.1,0,3.89136,-0.219796,-3.04621e-08
10.1,8.2,0,3.89304,-0.208882,-4.0358e-08
10.1,8.3,0,3.89348,-0.196101,-4.63901e-08
10.1,8.4,0,3.89552,-0.187181,-4.28944e-08
10.1,8.5,0,3.89843,-0.1811,-3.33045e-08
10.1,8.6,0,3.89962,-0.173815,-3.01142e-08
10.1,8.7,0,3.90096,-0.16672,-2.57769e-08
10.1,8.8,0,3.90295,-0.160389,-1.68516e-08
10.1,8.9,0,3.9028,-0.152076,-2.50216e-08
10.1,9,0,3.9023,-0.14344,-3.59746e-08
10.1,9.1,0,3.90361,-0.137722,-5.06276e-08
10.1,9.2,0,3.90419,-0.131945,-5.73149e-08
10.1,9.3,0,3.90376,-0.125618,-5.57216e-08
10.1,9.4,0,3.90407,-0.119972,-4.41265e-08
10.1,9.5,0,3.9048,-0.114832,-2.59086e-08
10.1,9.6,0,3.9039,-0.108773,-2.5431e-08
10.1,9.7,0,3.90324,-0.102959,-2.65916e-08
10.1,9.8,0,3.90397,-0.0985263,-3.70356e-08
10.1,9.9,0,3.90335,-0.0935945,-4.95591e-08
10.1,10,0,3.90243,-0.0885456,-6.25703e-08
10.1,10.1,0,3.90261,-0.0842629,-8.15609e-08
10.1,10.2,0,3.90241,-0.0799749,-9.0046e-08
10.1,10.3,0,3.90144,-0.0754558,-8.44437e-08
10.1,10.4,0,3.90103,-0.0712835,-6.76673e-08
10.1,10.5,0,3.90117,-0.0675121,-4.07471e-08
10.1,10.6,0,3.90026,-0.0635545,-4.22543e-08
10.1,10.7,0,3.89945,-0.0596453,-4.54248e-08
10.1,10.8,0,3.89961,-0.0561723,-6.35642e-08
10.1,10.9,0,3.89903,-0.0526507,-6.84472e-08
10.1,11,0,3.89821,-0.0491137,-6.9144e-08
10.1,11.1,0,3.89807,-0.0457976,-7.34892e-08
10.1,11.2,0,3.89784,-0.0425763,-7.07643e-08
10.1,11.3,0,3.89715,-0.0393857,-5.61155e-08
10.1,11.4,0,3.8967,-0.0362488,-4.13803e-08
10.1,11.5,0,3.89657,-0.0332004,-2.78292e-08
10.1,11.6,0,3.89591,-0.0302792,-3.48606e-08
10.1,11.7,0,3.89509,-0.0273565,-4.24596e-08
10.1,11.8,0,3.8911,-0.0244058,-6.08437e-08
10.1,11.9,0,3.8869,-0.0215888,-5.91303e-08
10.1,12,0,3.88261,-0.0188263,-4.9208e-08
10.1,12.1,0,3.82224,-0.0160156,-4.08638e-08
10.1,12.2,0,3.73771,-0.0132488,-3.05075e-08
10.1,12.3,0,3.65298,-0.0105966,-1.53714e-08
10.1,12.4,0,3.22356,-0.00794027,-1.18633e-08
10.1,12.5,0,2.15394,-0.00527637,-2.96209e-08
10.1,12.6,0,1.07697,-0.00263819,-1.48104e-08
10.1,12.7,0,0,0,0
10.2,0,0,0,0,0
10.2,0.1,0,1.35707,0.00445473,-1.42e-09
10.2,0.2,0,2.72814,0.00963442,4.05e-09
10.2,0.3,0,3.51098,0.0150338,5.83575e-09
10.2,0.4,0,3.7004,0.0204633,1.54071e-09
10.2,0.5,0,3.89128,0.0262607,-1.43629e-09
10.2,0.6,0,3.90701,0.0318575,-2.45629e-09
10.2,0.7,0,3.92308,0.0377028,-1.99486e-09
10.2,0.8,0,3.93134,0.0434912,3.85189e-09
10.2,0.9,0,3.9318,0.0492143,1.4298e-08
10.2,1,0,3.93285,0.0552714,2.4035e-08
10.2,1.1,0,3.9319,0.0610572,1.723e-08
10.2,1.2,0,3.9317,0.0672609,5.81429e-09
10.2,1.3,0,3.93111,0.0734278,6.94929e-09
10.2,1.4,0,3.93011,0.0795595,1.862e-08
10.2,1.5,0,3.93013,0.0863092,1.614e-08
10.2,1.6,0,3.92854,0.0924875,7.22e-09
10.2,1.7,0,3.92804,0.0993925,1.44286e-09
10.2,1.8,0,3.92703,0.106216,-3.27964e-09
10.2,1.9,0,3.92544,0.112948,-8.05464e-09
10.2,2,0,3.92521,0.120712,-1.22796e-08
10.2,2.1,0,3.9228,0.127432,9.45357e-10
10.2,2.2,0,3.92173,0.135271,1.09561e-08
10.2,2.3,0,3.92001,0.142999,1.00436e-08
10.2,2.4,0,3.91753,0.150609,3.17607e-09
10.2,2.5,0,3.91666,0.159842,9.81107e-09
10.2,2.6,0,3.91302,0.16722,2.55111e-08
10.2,2.7,0,3.91083,0.1761,3.02825e-08
10.2,2.8,0,3.90792,0.185023,2.10575e-08
10.2,2.9,0,3.90417,0.194067,5.10357e-09
10.2,3,0,3.90218,0.205601,-2.31429e-10
10.2,3.1,0,3.89661,0.213356,2.68571e-10
10.2,3.2,0,3.89226,0.222836,-1.16e-09
10.2,3.3,0,3.88735,0.233051,3.865e-09
10.2,3.4,0,3.88181,0.244448,1.28696e-08
10.2,3.5,0,3.87788,0.26001,9.97464e-09
10.2,3.6,0,3.86933,0.267448,1.08296e-08
10.2,3.7,0,3.86128,0.276592,1.27882e-08
10.2,3.8,0,3.85176,0.287378,1.63382e-08
10.2,3.9,0,3.84072,0.301148,1.82129e-08
10.2,4,0,3.83032,0.322337,9.72786e-09
10.2,4.1,0,3.82693,0.328663,-5.27143e-10
10.2,4.2,0,3.81813,0.337043,-8.88571e-09
10.2,4.3,0,3.79315,0.347668,-1.54107e-08
10.2,4.4,0,3.75798,0.361967,-1.92e-08
10.2,4.5,0,3.73692,0.384522,-1.69e-08
10.2,4.6,0,3.7178,0.388562,-1.35e-09
10.2,4.7,0,3.647,0.399219,2.22357e-08
10.2,4.8,0,3.61698,0.39843,5.16996e-08
10.2,4.9,0,3.63042,0.382782,8.86276e-08
10.2,5,0,3.57788,0.36433,1.43156e-07
10.2,5.1,0,3.6342,0.354649,1.63964e-07
10.2,5.2,0,3.35436,0.334766,1.71429e-08
10.2,5.3,0,2.66328,0.287393,-1.875e-07
10.2,5.4,0,2.03496,0.169375,-3.03929e-07
10.2,5.5,0,1.78673,0.0071853,-4.15e-07
10.2,5.6,0,1.96346,-0.156816,-3.96786e-07
10.2,5.7,0,2.53041,-0.281146,2.42857e-08
10.2,5.8,0,3.2429,-0.336489,5.01786e-07
10.2,5.9,0,3.65267,-0.357146,4.41214e-07
10.2,6,0,3.74426,-0.365927,-3.15658e-08
10.2,6.1,0,3.71106,-0.375544,-8.94056e-08
10.2,6.2,0,3.68864,-0.387087,-1.40689e-07
10.2,6.3,0,3.69437,-0.403656,-1.74873e-07
10.2,6.4,0,3.6808,-0.406624,-1.70907e-07
10.2,6.5,0,3.65686,-0.402268,-1.464e-07
10.2,6.6,0,3.68624,-0.386819,-8.89511e-08
10.2,6.7,0,3.7209,-0.372278,-4.03653e-08
10.2,6.8,0,3.75812,-0.361891,-1.84996e-08
10.2,6.9,0,3.79033,-0.344862,-7.29387e-09
10.2,7,0,3.81885,-0.322966,-3.89835e-09
10.2,7.1,0,3.82607,-0.314846,-6.69555e-09
10.2,7.2,0,3.83254,-0.307115,-1.22537e-08
10.2,7.3,0,3.84026,-0.29824,-2.6097e-08
10.2,7.4,0,3.84685,-0.288445,-3.15447e-08
10.2,7.5,0,3.85269,-0.278037,-3.13955e-08
10.2,7.6,0,3.8565,-0.260627,-3.21561e-08
10.2,7.7,0,3.8608,-0.245257,-2.73063e-08
10.2,7.8,0,3.86742,-0.238948,-5.24285e-09
10.2,7.9,0,3.87311,-0.231848,4.4819e-09
10.2,8,0,3.87797,-0.224036,3.13861e-09
10.2,8.1,0,3.88138,-0.215573,-1.03278e-08
10.2,8.2,0,3.88414,-0.206285,-2.35857e-08
10.2,8.3,0,3.88457,-0.193504,-2.96178e-08
10.2,8.4,0,3.88662,-0.184584,-2.61221e-08
10.2,8.5,0,3.88999,-0.178823,-1.48311e-08
10.2,8.6,0,3.89155,-0.171801,-1.02405e-08
10.2,8.7,0,3.89289,-0.164707,-5.90321e-09
10.2,8.8,0,3.89488,-0.158375,3.02216e-09
10.2,8.9,0,3.89569,-0.150944,2.46272e-09
10.2,9,0,3.89518,-0.142309,-8.49027e-09
10.2,9.1,0,3.89649,-0.136591,-2.31433e-08
10.2,9.2,0,3.89786,-0.131245,-3.63006e-08
10.2,9.3,0,3.89743,-0.124917,-3.47074e-08
10.2,9.4,0,3.89774,-0.119271,-2.31122e-08
10.2,9.5,0,3.89878,-0.114306,-1.51519e-09
10.2,9.6,0,3.89831,-0.108491,3.66903e-09
10.2,9.7,0,3.89766,-0.102677,2.5084e-09
10.2,9.8,0,3.89838,-0.0982442,-7.93563e-09
10.2,9.9,0,3.8984,-0.0935484,-1.94762e-08
10.2,10,0,3.89748,-0.0884995,-3.24874e-08
10.2,10.1,0,3.89766,-0.0842168,-5.1478e-08
10.2,10.2,0,3.898,-0.0800926,-6.9951e-08
10.2,10.3,0,3.89703,-0.0755735,-6.43487e-08
10.2,10.4,0,3.89662,-0.0714012,-4.75723e-08
10.2,10.5,0,3.89689,-0.0676529,-1.71385e-08
10.2,10.6,0,3.89631,-0.0637523,-9.93047e-09
10.2,10.7,0,3.8955,-0.0598432,-1.3101e-08
10.2,10.8,0,3.89565,-0.0563702,-3.12403e-08
10.2,10.9,0,3.89544,-0.052873,-4.28014e-08
10.2,11,0,3.89463,-0.0493361,-4.34982e-08
10.2,11.1,0,3.89449,-0.0460199,-4.78433e-08
10.2,11.2,0,3.89454,-0.0427787,-5.28561e-08
10.2,11.3,0,3.89386,-0.0395881,-3.82072e-08
10.2,11.4,0,3.89341,-0.0364512,-2.3472e-08
10.2,11.5,0,3.89331,-0.0333947,-8.60717e-09
10.2,11.6,0,3.89284,-0.0304298,-8.5692e-09
10.2,11.7,0,3.89201,-0.0275071,-1.61682e-08
10.2,11.8,0,3.88802,-0.0245564,-3.45523e-08
10.2,11.9,0,3.88394,-0.0216673,-4.36761e-08
10.2,12,0,3.87965,-0.0189049,-3.37539e-08
10.2,12.1,0,3.81928,-0.0160942,-2.54097e-08
10.2,12.2,0,3.73486,-0.0132628,-1.77419e-08
10.2,12.3,0,3.65014,-0.0106066,-2.77657e-09
10.2,12.4,0,3.22072,-0.00795021,7.31559e-10
10.2,12.5,0,2.15117,-0.00528606,-1.7355e-08
10.2,12.6,0,1.07697,-0.00263819,-1.48104e-08
10.2,12.7,0,0,0,0
10.3,0,0,0,0,0
10.3,0.1,0,1.35707,0.00445473,-1.42e-09
10.3,0.2,0,2.72254,0.00934444,1.294e-09
10.3,0.3,0,3.50538,0.0147439,3.07975e-09
10.3,0.4,0,3.69441,0.020073,-1.57475e-09
10.3,0.5,0,3.88516,0.0258369,-4.67157e-09
10.3,0.6,0,3.90089,0.0314338,-5.69157e-09
10.3,0.7,0,3.91683,0.0371797,-5.82271e-09
10.3,0.8,0,3.92508,0.0429681,2.40357e-11
10.3,0.9,0,3.92538,0.0486001,1.06635e-08
10.3,1,0,3.92638,0.0546269,2.0465e-08
10.3,1.1,0,3.92543,0.0604127,1.366e-08
10.3,1.2,0,3.92492,0.0664492,4.08857e-09
10.3,1.3,0,3.92433,0.0726161,5.22357e-09
10.3,1.4,0,3.92306,0.0785793,2.07536e-08
10.3,1.5,0,3.92299,0.0852728,1.956e-08
10.3,1.6,0,3.9214,0.0914511,1.064e-08
10.3,1.7,0,3.92047,0.0980654,3.60571e-09
10.3,1.8,0,3.91945,0.104888,-1.11679e-09
10.3,1.9,0,3.9175,0.111339,-6.04179e-09
10.3,2,0,3.91714,0.11901,-1.03168e-08
10.3,2.1,0,3.91473,0.125729,2.90821e-09
10.3,2.2,0,3.91312,0.133121,1.42046e-08
10.3,2.3,0,3.9114,0.140848,1.32921e-08
10.3,2.4,0,3.90848,0.148016,2.74214e-09
10.3,2.5,0,3.90747,0.157102,8.14964e-09
10.3,2.6,0,3.90382,0.16448,2.38496e-08
10.3,2.7,0,3.90106,0.172759,3.29925e-08
10.3,2.8,0,3.89814,0.181682,2.37675e-08
10.3,2.9,0,3.89391,0.190046,4.9175e-09
10.3,3,0,3.89176,0.201354,-1.38286e-09
10.3,3.1,0,3.88619,0.209109,-8.82857e-10
10.3,3.2,0,3.88135,0.217899,-1.54e-09
10.3,3.3,0,3.87644,0.228114,3.485e-09
10.3,3.4,0,3.87046,0.238375,1.5735e-08
10.3,3.5,0,3.86638,0.253558,1.39218e-08
10.3,3.6,0,3.85783,0.260997,1.47768e-08
10.3,3.7,0,3.84958,0.269459,1.62939e-08
10.3,3.8,0,3.84006,0.280245,1.98439e-08
10.3,3.9,0,3.82885,0.291992,2.45439e-08
10.3,4,0,3.81839,0.312506,1.70007e-08
10.3,4.1,0,3.815,0.318832,6.74571e-09
10.3,4.2,0,3.80837,0.326391,-2.37143e-09
10.3,4.3,0,3.78338,0.337015,-8.89643e-09
10.3,4.4,0,3.74437,0.349063,-1.43464e-08
10.3,4.5,0,3.72203,0.370867,-1.26e-08
10.3,4.6,0,3.7029,0.374907,2.95e-09
10.3,4.7,0,3.65277,0.382918,2.33214e-08
10.3,4.8,0,3.62275,0.382128,5.27853e-08
10.3,4.9,0,3.65419,0.367246,8.4913e-08
10.3,5,0,3.60765,0.349048,1.37842e-07
10.3,5.1,0,3.64564,0.339031,1.45679e-07
10.3,5.2,0,3.36256,0.320942,-7.14286e-10
10.3,5.3,0,2.71203,0.275272,-1.875e-07
10.3,5.4,0,2.13553,0.162233,-2.85357e-07
10.3,5.5,0,1.91103,0.00701096,-3.85e-07
10.3,5.6,0,2.07014,-0.150188,-3.71071e-07
10.3,5.7,0,2.58696,-0.269853,1.85714e-08
10.3,5.8,0,3.25158,-0.323905,4.71071e-07
10.3,5.9,0,3.65413,-0.343116,4.30929e-07
10.3,6,0,3.76694,-0.351182,-9.30606e-09
10.3,6.1,0,3.73374,-0.360798,-6.71458e-08
10.3,6.2,0,3.70053,-0.370414,-1.24986e-07
10.3,6.3,0,3.70214,-0.386249,-1.6167e-07
10.3,6.4,0,3.68858,-0.389217,-1.57704e-07
10.3,6.5,0,3.66463,-0.38486,-1.33197e-07
10.3,6.6,0,3.67199,-0.373992,-8.93511e-08
10.3,6.7,0,3.70666,-0.359452,-4.07653e-08
10.3,6.8,0,3.74388,-0.349064,-1.88996e-08
10.3,6.9,0,3.77941,-0.336441,-6.22441e-10
10.3,7,0,3.80793,-0.314545,2.77308e-09
10.3,7.1,0,3.81515,-0.306425,-2.41205e-11
10.3,7.2,0,3.82126,-0.29903,-3.14725e-09
10.3,7.3,0,3.82873,-0.290385,-1.53213e-08
10.3,7.4,0,3.83532,-0.28059,-2.0769e-08
10.3,7.5,0,3.84116,-0.270182,-2.06198e-08
10.3,7.6,0,3.84585,-0.255828,-2.09832e-08
10.3,7.7,0,3.85015,-0.240458,-1.61334e-08
10.3,7.8,0,3.85677,-0.23415,5.93001e-09
10.3,7.9,0,3.86313,-0.227625,2.46162e-08
10.3,8,0,3.86799,-0.219813,2.32729e-08
10.3,8.1,0,3.8714,-0.21135,9.80648e-09
10.3,8.2,0,3.87465,-0.202815,-5.00695e-09
10.3,8.3,0,3.87567,-0.190907,-1.28455e-08
10.3,8.4,0,3.87772,-0.181987,-9.34985e-09
10.3,8.5,0,3.88109,-0.176226,1.94119e-09
10.3,8.6,0,3.88348,-0.169788,9.63319e-09
10.3,8.7,0,3.88483,-0.162693,1.39705e-08
10.3,8.8,0,3.88682,-0.156362,2.28959e-08
10.3,8.9,0,3.88857,-0.149813,2.9947e-08
10.3,9,0,3.88807,-0.141177,1.8994e-08
10.3,9.1,0,3.88938,-0.135459,4.341e-09
10.3,9.2,0,3.89101,-0.130256,-1.0965e-08
10.3,9.3,0,3.89111,-0.124216,-1.36931e-08
10.3,9.4,0,3.89141,-0.11857,-2.09792e-09
10.3,9.5,0,3.89246,-0.113605,1.94991e-08
10.3,9.6,0,3.89273,-0.108209,3.2769e-08
10.3,9.7,0,3.89207,-0.102395,3.16084e-08
10.3,9.8,0,3.8928,-0.0979622,2.11644e-08
10.3,9.9,0,3.89345,-0.0935023,1.06066e-08
10.3,10,0,3.89253,-0.0884534,-2.40455e-09
10.3,10.1,0,3.8927,-0.0841707,-2.13951e-08
10.3,10.2,0,3.89316,-0.0800795,-4.18806e-08
10.3,10.3,0,3.89262,-0.0756913,-4.42537e-08
10.3,10.4,0,3.89221,-0.071519,-2.74773e-08
10.3,10.5,0,3.89249,-0.0677706,2.95646e-09
10.3,10.6,0,3.89235,-0.0639502,2.23934e-08
10.3,10.7,0,3.89155,-0.060041,1.92229e-08
10.3,10.8,0,3.8917,-0.056568,1.08354e-09
10.3,10.9,0,3.89185,-0.053095,-1.70558e-08
10.3,11,0,3.89105,-0.0495584,-1.78523e-08
10.3,11.1,0,3.8909,-0.0462422,-2.21975e-08
10.3,11.2,0,3.89098,-0.0429996,-2.77588e-08
10.3,11.3,0,3.89057,-0.0397905,-2.0299e-08
10.3,11.4,0,3.89012,-0.0366536,-5.56374e-09
10.3,11.5,0,3.89002,-0.0335971,9.30111e-09
10.3,11.6,0,3.88976,-0.0305804,1.77222e-08
10.3,11.7,0,3.88893,-0.0276577,1.01232e-08
10.3,11.8,0,3.88495,-0.0247071,-8.26087e-09
10.3,11.9,0,3.88096,-0.0217564,-2.66449e-08
10.3,12,0,3.87669,-0.0189834,-1.82997e-08
10.3,12.1,0,3.81631,-0.0161727,-9.95558e-09
10.3,12.2,0,3.7319,-0.0133414,-2.28779e-09
10.3,12.3,0,3.6473,-0.0106165,9.81829e-09
10.3,12.4,0,3.21788,-0.00796015,1.33264e-08
10.3,12.5,0,2.14833,-0.005296,-4.76015e-09
10.3,12.6,0,1.07697,-0.00263819,-1.48104e-08
10.3,12.7,0,0,0,0
10.4,0,0,0,0,0
10.4,0.1,0,1.35707,0.00445473,-1.42e-09
10.4,0.2,0,2.71694,0.00905445,-1.462e-09
10.4,0.3,0,3.49979,0.0144539,3.2375e-10
10.4,0.4,0,3.68882,0.019783,-4.33075e-09
10.4,0.5,0,3.87903,0.0254132,-7.90686e-09
10.4,0.6,0,3.89477,0.0310101,-8.92686e-09
10.4,0.7,0,3.91057,0.0366566,-9.65057e-09
10.4,0.8,0,3.91882,0.042445,-3.80382e-09
10.4,0.9,0,3.91912,0.048077,6.83568e-09
10.4,1,0,3.91991,0.0539824,1.6895e-08
10.4,1.1,0,3.91895,0.0597682,1.009e-08
10.4,1.2,0,3.91815,0.0656375,2.36286e-09
10.4,1.3,0,3.91756,0.0718045,3.49786e-09
10.4,1.4,0,3.91629,0.0777677,1.90279e-08
10.4,1.5,0,3.91585,0.0842364,2.298e-08
10.4,1.6,0,3.91426,0.0904147,1.406e-08
10.4,1.7,0,3.91289,0.0967384,5.76857e-09
10.4,1.8,0,3.91188,0.103561,1.04607e-09
10.4,1.9,0,3.90992,0.110012,-3.87893e-09
10.4,2,0,3.90907,0.117307,-8.35393e-09
10.4,2.1,0,3.90666,0.124027,4.87107e-09
10.4,2.2,0,3.90451,0.13097,1.74532e-08
10.4,2.3,0,3.90279,0.138698,1.65407e-08
10.4,2.4,0,3.89987,0.145865,5.99071e-09
10.4,2.5,0,3.89827,0.154361,6.48821e-09
10.4,2.6,0,3.89463,0.161739,2.21882e-08
10.4,2.7,0,3.89128,0.169418,3.57025e-08
10.4,2.8,0,3.88836,0.17834,2.64775e-08
10.4,2.9,0,3.88413,0.186705,7.6275e-09
10.4,3,0,3.88135,0.197107,-2.53429e-09
10.4,3.1,0,3.87577,0.204862,-2.03429e-09
10.4,3.2,0,3.87044,0.212962,-1.92e-09
10.4,3.3,0,3.86553,0.223177,3.105e-09
10.4,3.4,0,3.85955,0.233438,1.5355e-08
10.4,3.5,0,3.85489,0.247106,1.78689e-08
10.4,3.6,0,3.84634,0.254545,1.87239e-08
10.4,3.7,0,3.83788,0.262325,1.97996e-08
10.4,3.8,0,3.82836,0.273111,2.33496e-08
10.4,3.9,0,3.81715,0.284858,2.80496e-08
10.4,4,0,3.80646,0.302675,2.42736e-08
10.4,4.1,0,3.80307,0.309001,1.40186e-08
10.4,4.2,0,3.7986,0.315738,4.14286e-09
10.4,4.3,0,3.77362,0.326363,-2.38214e-09
10.4,4.4,0,3.73461,0.33841,-7.83214e-09
10.4,4.5,0,3.70714,0.357213,-8.3e-09
10.4,4.6,0,3.68801,0.361253,7.25e-09
10.4,4.7,0,3.65855,0.366616,2.44071e-08
10.4,4.8,0,3.62853,0.365827,5.3871e-08
10.4,4.9,0,3.65997,0.350945,8.59988e-08
10.4,5,0,3.63742,0.333767,1.32527e-07
10.4,5.1,0,3.65709,0.323413,1.27393e-07
10.4,5.2,0,3.37075,0.307118,-1.85714e-08
10.4,5.3,0,2.76078,0.263152,-1.875e-07
10.4,5.4,0,2.23611,0.155091,-2.66786e-07
10.4,5.5,0,2.03534,0.00683661,-3.55e-07
10.4,5.6,0,2.17682,-0.143559,-3.45357e-07
10.4,5.7,0,2.6435,-0.25856,1.28571e-08
10.4,5.8,0,3.26025,-0.31132,4.40357e-07
10.4,5.9,0,3.65558,-0.329086,4.20643e-07
10.4,6,0,3.78962,-0.336437,1.29537e-08
10.4,6.1,0,3.75642,-0.346053,-4.4886e-08
10.4,6.2,0,3.72321,-0.355669,-1.02726e-07
10.4,6.3,0,3.70992,-0.368841,-1.48467e-07
10.4,6.4,0,3.69635,-0.371809,-1.44502e-07
10.4,6.5,0,3.67241,-0.367453,-1.19994e-07
10.4,6.6,0,3.65774,-0.361165,-8.97511e-08
10.4,6.7,0,3.69241,-0.346625,-4.11653e-08
10.4,6.8,0,3.72963,-0.336237,-1.92996e-08
10.4,6.9,0,3.76685,-0.32585,2.56604e-09
10.4,7,0,3.79702,-0.306124,9.44451e-09
10.4,7.1,0,3.80424,-0.298004,6.64731e-09
10.4,7.2,0,3.81034,-0.290609,3.52417e-09
10.4,7.3,0,3.81719,-0.282531,-4.54554e-09
10.4,7.4,0,3.82378,-0.272736,-9.9933e-09
10.4,7.5,0,3.82962,-0.262328,-9.84405e-09
10.4,7.6,0,3.8352,-0.25103,-9.81038e-09
10.4,7.7,0,3.8395,-0.23566,-4.96057e-09
10.4,7.8,0,3.84612,-0.229352,1.71029e-08
10.4,7.9,0,3.85273,-0.223043,3.91663e-08
10.4,8,0,3.85801,-0.21559,4.34072e-08
10.4,8.1,0,3.86142,-0.207127,2.99408e-08
10.4,8.2,0,3.86467,-0.198592,1.51273e-08
10.4,8.3,0,3.86677,-0.18831,3.9268e-09
10.4,8.4,0,3.86882,-0.17939,7.42243e-09
10.4,8.5,0,3.87218,-0.173629,1.87135e-08
10.4,8.6,0,3.87542,-0.167774,2.95069e-08
10.4,8.7,0,3.87676,-0.16068,3.38442e-08
10.4,8.8,0,3.87875,-0.154348,4.27696e-08
10.4,8.9,0,3.88074,-0.148017,5.1695e-08
10.4,9,0,3.88096,-0.140046,4.64783e-08
10.4,9.1,0,3.88227,-0.134328,3.18253e-08
10.4,9.2,0,3.88389,-0.129125,1.65193e-08
10.4,9.3,0,3.88478,-0.123516,7.32122e-09
10.4,9.4,0,3.88509,-0.117869,1.89164e-08
10.4,9.5,0,3.88613,-0.112905,4.05134e-08
10.4,9.6,0,3.88715,-0.107927,6.1869e-08
10.4,9.7,0,3.88649,-0.102113,6.07084e-08
10.4,9.8,0,3.88722,-0.0976801,5.02644e-08
10.4,9.9,0,3.88794,-0.0932475,3.98203e-08
10.4,10,0,3.88758,-0.0884072,2.76783e-08
10.4,10.1,0,3.88775,-0.0841245,8.68771e-09
10.4,10.2,0,3.8882,-0.0800334,-1.17977e-08
10.4,10.3,0,3.88821,-0.075809,-2.41587e-08
10.4,10.4,0,3.8878,-0.0716367,-7.3823e-09
10.4,10.5,0,3.88808,-0.0678883,2.30515e-08
10.4,10.6,0,3.88835,-0.0641399,5.34852e-08
10.4,10.7,0,3.88759,-0.0602389,5.15468e-08
10.4,10.8,0,3.88775,-0.0567659,3.34074e-08
10.4,10.9,0,3.8879,-0.0532928,1.5268e-08
10.4,11,0,3.88746,-0.0497807,7.79353e-09
10.4,11.1,0,3.88732,-0.0464645,3.44837e-09
10.4,11.2,0,3.8874,-0.0432219,-2.1129e-09
10.4,11.3,0,3.88728,-0.0399929,-2.39068e-09
10.4,11.4,0,3.88683,-0.036856,1.23445e-08
10.4,11.5,0,3.88673,-0.0337995,2.72094e-08
10.4,11.6,0,3.88663,-0.030743,4.20742e-08
10.4,11.7,0,3.88586,-0.0278083,3.64146e-08
10.4,11.8,0,3.88187,-0.0248577,1.80305e-08
10.4,11.9,0,3.87788,-0.021907,-3.5352e-10
10.4,12,0,3.87373,-0.019062,-2.8456e-09
10.4,12.1,0,3.81335,-0.0162513,5.49854e-09
10.4,12.2,0,3.72894,-0.0134199,1.31663e-08
10.4,12.3,0,3.64446,-0.0106264,2.24131e-08
10.4,12.4,0,3.21504,-0.00797009,2.59213e-08
10.4,12.5,0,2.14549,-0.00530594,7.83471e-09
10.4,12.6,0,1.07594,-0.00264179,-1.02519e-08
10.4,12.7,0,0,0,0
10.5,0,0,0,0,0
10.5,0.1,0,1.35707,0.00445473,-1.42e-09
10.5,0.2,0,2.71415,0.00890946,-2.84e-09
10.5,0.3,0,3.49419,0.0141639,-2.43225e-09
10.5,0.4,0,3.68322,0.0194931,-7.08675e-09
10.5,0.5,0,3.87291,0.0249894,-1.11421e-08
10.5,0.6,0,3.88865,0.0305863,-1.21621e-08
10.5,0.7,0,3.90438,0.0361832,-1.31821e-08
10.5,0.8,0,3.91256,0.0419219,-7.63168e-09
10.5,0.9,0,3.91286,0.047554,3.00782e-09
10.5,1,0,3.91343,0.0533378,1.3325e-08
10.5,1.1,0,3.91248,0.0591236,6.52e-09
10.5,1.2,0,3.91153,0.0649094,-2.85e-10
10.5,1.3,0,3.91079,0.0709928,1.77214e-09
10.5,1.4,0,3.90952,0.076956,1.73021e-08
10.5,1.5,0,3.90871,0.0832001,2.64e-08
10.5,1.6,0,3.90712,0.0893784,1.748e-08
10.5,1.7,0,3.90553,0.0955566,8.56e-09
10.5,1.8,0,3.9043,0.102234,3.20893e-09
10.5,1.9,0,3.90235,0.108685,-1.71607e-09
10.5,2,0,3.90101,0.115605,-6.39107e-09
10.5,2.1,0,3.89859,0.122324,6.83393e-09
10.5,2.2,0,3.89618,0.129044,2.00589e-08
10.5,2.3,0,3.89418,0.136547,1.97893e-08
10.5,2.4,0,3.89126,0.143715,9.23929e-09
10.5,2.5,0,3.88907,0.15162,4.82679e-09
10.5,2.6,0,3.88543,0.158998,2.05268e-08
10.5,2.7,0,3.88179,0.166376,3.62268e-08
10.5,2.8,0,3.87858,0.174999,2.91875e-08
10.5,2.9,0,3.87436,0.183363,1.03375e-08
10.5,3,0,3.87093,0.19286,-3.68571e-09
10.5,3.1,0,3.86535,0.200615,-3.18571e-09
10.5,3.2,0,3.85978,0.20837,-2.68571e-09
10.5,3.3,0,3.85462,0.21824,2.725e-09
10.5,3.4,0,3.84864,0.228501,1.4975e-08
10.5,3.5,0,3.84339,0.240655,2.18161e-08
10.5,3.6,0,3.83484,0.248094,2.26711e-08
10.5,3.7,0,3.82629,0.255533,2.35261e-08
10.5,3.8,0,3.81666,0.265978,2.68554e-08
10.5,3.9,0,3.80545,0.277725,3.15554e-08
10.5,4,0,3.79453,0.292844,3.15464e-08
10.5,4.1,0,3.79114,0.29917,2.12914e-08
10.5,4.2,0,3.78775,0.305496,1.10364e-08
10.5,4.3,0,3.76385,0.31571,4.13214e-09
10.5,4.4,0,3.72484,0.327758,-1.31786e-09
10.5,4.5,0,3.69224,0.343558,-4e-09
10.5,4.6,0,3.67312,0.347598,1.155e-08
10.5,4.7,0,3.65399,0.351638,2.71e-08
10.5,4.8,0,3.63431,0.349526,5.49567e-08
10.5,4.9,0,3.66574,0.334643,8.70845e-08
10.5,5,0,3.66719,0.318486,1.27213e-07
10.5,5.1,0,3.66853,0.307795,1.09107e-07
10.5,5.2,0,3.37895,0.293294,-3.64286e-08
10.5,5.3,0,2.80953,0.251031,-1.875e-07
10.5,5.4,0,2.33668,0.147948,-2.48214e-07
10.5,5.5,0,2.15964,0.00666227,-3.25e-07
10.5,5.6,0,2.2835,-0.13693,-3.19643e-07
10.5,5.7,0,2.70005,-0.247268,7.14286e-09
10.5,5.8,0,3.26893,-0.298735,4.09643e-07
10.5,5.9,0,3.65704,-0.315056,4.10357e-07
10.5,6,0,3.8123,-0.321692,3.52134e-08
10.5,6.1,0,3.77909,-0.331308,-2.26263e-08
10.5,6.2,0,3.74589,-0.340924,-8.0466e-08
10.5,6.3,0,3.71769,-0.351434,-1.35264e-07
10.5,6.4,0,3.70413,-0.354402,-1.31299e-07
10.5,6.5,0,3.68018,-0.350045,-1.06791e-07
10.5,6.6,0,3.65623,-0.345689,-8.22838e-08
10.5,6.7,0,3.67816,-0.333798,-4.15653e-08
10.5,6.8,0,3.71538,-0.32341,-1.96996e-08
10.5,6.9,0,3.75261,-0.313023,2.16604e-09
10.5,7,0,3.7861,-0.297703,1.61159e-08
10.5,7.1,0,3.79332,-0.289583,1.33187e-08
10.5,7.2,0,3.79943,-0.282188,1.01956e-08
10.5,7.3,0,3.80565,-0.274676,6.23017e-09
10.5,7.4,0,3.81225,-0.264881,7.82409e-10
10.5,7.5,0,3.81808,-0.254473,9.31663e-10
10.5,7.6,0,3.82392,-0.244065,1.08092e-09
10.5,7.7,0,3.82885,-0.230861,6.21229e-09
10.5,7.8,0,3.83546,-0.224553,2.82757e-08
10.5,7.9,0,3.84208,-0.218245,5.03392e-08
10.5,8,0,3.84803,-0.211368,6.35415e-08
10.5,8.1,0,3.85145,-0.202905,5.00751e-08
10.5,8.2,0,3.85469,-0.194369,3.52616e-08
10.5,8.3,0,3.85786,-0.185713,2.06991e-08
10.5,8.4,0,3.85991,-0.176792,2.41947e-08
10.5,8.5,0,3.86328,-0.171032,3.54858e-08
10.5,8.6,0,3.86665,-0.165271,4.67768e-08
10.5,8.7,0,3.86869,-0.158667,5.37179e-08
10.5,8.8,0,3.87068,-0.152335,6.26433e-08
10.5,8.9,0,3.87267,-0.146003,7.15687e-08
10.5,9,0,3.87385,-0.138915,7.39626e-08
10.5,9.1,0,3.87515,-0.133197,5.93096e-08
10.5,9.2,0,3.87678,-0.127994,4.40036e-08
10.5,9.3,0,3.87841,-0.122791,2.86976e-08
10.5,9.4,0,3.87876,-0.117169,3.99307e-08
10.5,9.5,0,3.8798,-0.112204,6.15277e-08
10.5,9.6,0,3.88084,-0.107239,8.31247e-08
10.5,9.7,0,3.88091,-0.101831,8.98084e-08
10.5,9.8,0,3.88163,-0.097398,7.93644e-08
10.5,9.9,0,3.88236,-0.0929654,6.89203e-08
10.5,10,0,3.88262,-0.0883611,5.77612e-08
10.5,10.1,0,3.8828,-0.0840784,3.87706e-08
10.5,10.2,0,3.88325,-0.0799873,1.82851e-08
10.5,10.3,0,3.88371,-0.0758961,-2.20033e-09
10.5,10.4,0,3.8834,-0.0717544,1.27127e-08
10.5,10.5,0,3.88367,-0.0680061,4.31465e-08
10.5,10.6,0,3.88394,-0.0642577,7.35802e-08
10.5,10.7,0,3.88364,-0.0604367,8.38706e-08
10.5,10.8,0,3.88379,-0.0569637,6.57313e-08
10.5,10.9,0,3.88395,-0.0534907,4.75919e-08
10.5,11,0,3.88388,-0.0500031,3.34394e-08
10.5,11.1,0,3.88373,-0.0466869,2.90942e-08
10.5,11.2,0,3.88381,-0.0434443,2.3533e-08
10.5,11.3,0,3.88389,-0.0402017,1.79717e-08
10.5,11.4,0,3.88353,-0.0370584,3.02528e-08
10.5,11.5,0,3.88344,-0.0340019,4.51177e-08
10.5,11.6,0,3.88334,-0.0309454,5.99825e-08
10.5,11.7,0,3.88278,-0.027959,6.2706e-08
10.5,11.8,0,3.87879,-0.0250083,4.4322e-08
10.5,11.9,0,3.87481,-0.0220576,2.59379e-08
10.5,12,0,3.87077,-0.0191406,1.26085e-08
10.5,12.1,0,3.81039,-0.0163299,2.09527e-08
10.5,12.2,0,3.72598,-0.0134985,2.86205e-08
10.5,12.3,0,3.64156,-0.0106671,3.62883e-08
10.5,12.4,0,3.2122,-0.00798003,3.85161e-08
10.5,12.5,0,2.14265,-0.00531588,2.04296e-08
10.5,12.6,0,1.0731,-0.00265173,2.343e-09
10.5,12.7,0,0,0,0
10.6,0,0,0,0,0
10.6,0.1,0,1.35707,0.00445473,-1.42e-09
10.6,0.2,0,2.71415,0.00890946,-2.84e-09
10.6,0.3,0,3.4886,0.0138739,-5.18825e-09
10.6,0.4,0,3.67763,0.0192031,-9.84275e-09
10.6,0.5,0,3.86679,0.0245657,-1.43774e-08
10.6,0.6,0,3.88252,0.0301626,-1.53974e-08
10.6,0.7,0,3.89826,0.0357595,-1.64174e-08
10.6,0.8,0,3.90631,0.0413988,-1.14595e-08
10.6,0.9,0,3.9066,0.0470309,-8.20036e-10
10.6,1,0,3.90696,0.0526933,9.755e-09
10.6,1.1,0,3.906,0.0584791,2.95e-09
10.6,1.2,0,3.90505,0.0642649,-3.855e-09
10.6,1.3,0,3.90402,0.0701812,4.64286e-11
10.6,1.4,0,3.90274,0.0761443,1.55764e-08
10.6,1.5,0,3.90157,0.0821637,2.982e-08
10.6,1.6,0,3.89998,0.088342,2.09e-08
10.6,1.7,0,3.89839,0.0945203,1.198e-08
10.6,1.8,0,3.89673,0.100907,5.37179e-09
10.6,1.9,0,3.89477,0.107358,4.46786e-10
10.6,2,0,3.89294,0.113902,-4.42821e-09
10.6,2.1,0,3.89052,0.120622,8.79679e-09
10.6,2.2,0,3.88811,0.127341,2.20218e-08
10.6,2.3,0,3.88557,0.134397,2.30379e-08
10.6,2.4,0,3.88265,0.141564,1.24879e-08
10.6,2.5,0,3.87988,0.14888,3.16536e-09
10.6,2.6,0,3.87624,0.156258,1.88654e-08
10.6,2.7,0,3.87259,0.163636,3.45654e-08
10.6,2.8,0,3.86881,0.171657,3.18975e-08
10.6,2.9,0,3.86458,0.180022,1.30475e-08
10.6,3,0,3.86051,0.188613,-4.83714e-09
10.6,3.1,0,3.85493,0.196368,-4.33714e-09
10.6,3.2,0,3.84936,0.204123,-3.83714e-09
10.6,3.3,0,3.84371,0.213303,2.345e-09
10.6,3.4,0,3.83773,0.223564,1.4595e-08
10.6,3.5,0,3.8319,0.234203,2.57632e-08
10.6,3.6,0,3.82334,0.241642,2.66182e-08
10.6,3.7,0,3.81479,0.249081,2.74732e-08
10.6,3.8,0,3.80496,0.258845,3.03611e-08
10.6,3.9,0,3.79375,0.270591,3.50611e-08
10.6,4,0,3.7826,0.283013,3.88193e-08
10.6,4.1,0,3.77921,0.289339,2.85643e-08
10.6,4.2,0,3.77582,0.295665,1.83093e-08
10.6,4.3,0,3.75408,0.305058,1.06464e-08
10.6,4.4,0,3.71508,0.317105,5.19643e-09
10.6,4.5,0,3.67735,0.329904,3e-10
10.6,4.6,0,3.65822,0.333944,1.585e-08
10.6,4.7,0,3.6391,0.337984,3.14e-08
10.6,4.8,0,3.64009,0.333224,5.60424e-08
10.6,4.9,0,3.67152,0.318342,8.81702e-08
10.6,5,0,3.69695,0.303204,1.21898e-07
10.6,5.1,0,3.67997,0.292176,9.08214e-08
10.6,5.2,0,3.38714,0.27947,-5.42857e-08
10.6,5.3,0,2.85828,0.23891,-1.875e-07
10.6,5.4,0,2.43725,0.140806,-2.29643e-07
10.6,5.5,0,2.28394,0.00648792,-2.95e-07
10.6,5.6,0,2.39018,-0.130302,-2.93929e-07
10.6,5.7,0,2.7566,-0.235975,1.42857e-09
10.6,5.8,0,3.2776,-0.28615,3.78929e-07
10.6,5.9,0,3.6585,-0.301026,4.00071e-07
10.6,6,0,3.83498,-0.306947,5.74732e-08
10.6,6.1,0,3.80177,-0.316563,-3.66547e-10
10.6,6.2,0,3.76857,-0.326179,-5.82063e-08
10.6,6.3,0,3.73536,-0.335795,-1.16046e-07
10.6,6.4,0,3.7119,-0.336994,-1.18096e-07
10.6,6.5,0,3.68795,-0.332638,-9.35884e-08
10.6,6.6,0,3.66401,-0.328282,-6.90809e-08
10.6,6.7,0,3.66392,-0.320971,-4.19653e-08
10.6,6.8,0,3.70114,-0.310583,-2.00996e-08
10.6,6.9,0,3.73836,-0.300196,1.76604e-09
10.6,7,0,3.77519,-0.289282,2.27874e-08
10.6,7.1,0,3.78241,-0.281162,1.99902e-08
10.6,7.2,0,3.78851,-0.273766,1.6867e-08
10.6,7.3,0,3.79461,-0.266371,1.37439e-08
10.6,7.4,0,3.80071,-0.257026,1.15581e-08
10.6,7.5,0,3.80655,-0.246618,1.17074e-08
10.6,7.6,0,3.81239,-0.23621,1.18566e-08
10.6,7.7,0,3.8182,-0.226063,1.73851e-08
10.6,7.8,0,3.82481,-0.219755,3.94486e-08
10.6,7.9,0,3.83143,-0.213447,6.1512e-08
10.6,8,0,3.83805,-0.207138,8.35754e-08
10.6,8.1,0,3.84146,-0.198682,7.02093e-08
10.6,8.2,0,3.84471,-0.190146,5.53959e-08
10.6,8.3,0,3.84796,-0.181611,4.05825e-08
10.6,8.4,0,3.85101,-0.174195,4.0967e-08
10.6,8.5,0,3.85438,-0.168435,5.2258e-08
10.6,8.6,0,3.85774,-0.162674,6.35491e-08
10.6,8.7,0,3.86063,-0.156653,7.35916e-08
10.6,8.8,0,3.86262,-0.150321,8.2517e-08
10.6,8.9,0,3.86461,-0.14399,9.14424e-08
10.6,9,0,3.8666,-0.137658,1.00368e-07
10.6,9.1,0,3.86804,-0.132065,8.67939e-08
10.6,9.2,0,3.86967,-0.126862,7.14879e-08
10.6,9.3,0,3.87129,-0.121659,5.61819e-08
10.6,9.4,0,3.87243,-0.116468,6.09449e-08
10.6,9.5,0,3.87347,-0.111503,8.2542e-08
10.6,9.6,0,3.87452,-0.106538,1.04139e-07
10.6,9.7,0,3.87532,-0.101549,1.18908e-07
10.6,9.8,0,3.87605,-0.0971159,1.08464e-07
10.6,9.9,0,3.87678,-0.0926833,9.80203e-08
10.6,10,0,3.8775,-0.0882507,8.75763e-08
10.6,10.1,0,3.87785,-0.0840323,6.88534e-08
10.6,10.2,0,3.8783,-0.0799412,4.8368e-08
10.6,10.3,0,3.87875,-0.07585,2.78825e-08
10.6,10.4,0,3.87899,-0.0718722,3.28077e-08
10.6,10.5,0,3.87926,-0.0681238,6.32415e-08
10.6,10.6,0,3.87954,-0.0643754,9.36752e-08
10.6,10.7,0,3.87969,-0.0606345,1.16194e-07
10.6,10.8,0,3.87984,-0.0571615,9.80551e-08
10.6,10.9,0,3.87999,-0.0536885,7.99157e-08
10.6,11,0,3.88015,-0.0502155,6.17764e-08
10.6,11.1,0,3.88015,-0.0469092,5.47401e-08
10.6,11.2,0,3.88023,-0.0436666,4.91788e-08
10.6,11.3,0,3.88031,-0.040424,4.36175e-08
10.6,11.4,0,3.88024,-0.0372608,4.81611e-08
10.6,11.5,0,3.88014,-0.0342043,6.3026e-08
10.6,11.6,0,3.88005,-0.0311478,7.78908e-08
10.6,11.7,0,3.8797,-0.0281096,8.89974e-08
10.6,11.8,0,3.87572,-0.0251589,7.06134e-08
10.6,11.9,0,3.87173,-0.0222082,5.22293e-08
10.6,12,0,3.86774,-0.0192576,3.38452e-08
10.6,12.1,0,3.80743,-0.0164084,3.64068e-08
10.6,12.2,0,3.72302,-0.013577,4.40746e-08
10.6,12.3,0,3.6386,-0.0107457,5.17424e-08
10.6,12.4,0,3.20936,-0.00798997,5.1111e-08
10.6,12.5,0,2.13981,-0.00532582,3.30244e-08
10.6,12.6,0,1.07026,-0.00266167,1.49379e-08
10.6,12.7,0,0,0,0
10.7,0,0,0,0,0
10.7,0.1,0,1.35373,0.00419687,-2.41021e-09
10.7,0.2,0,2.7108,0.0086516,-3.83021e-09
10.7,0.3,0,3.48326,0.0133342,-5.45114e-09
10.7,0.4,0,3.67229,0.0186633,-1.01056e-08
10.7,0.5,0,3.86132,0.0239925,-1.47601e-08
10.7,0.6,0,3.87694,0.029393,-1.51864e-08
10.7,0.7,0,3.89267,0.0349899,-1.62064e-08
10.7,0.8,0,3.90063,0.0403982,-1.33154e-08
10.7,0.9,0,3.90092,0.0460303,-2.67593e-09
10.7,1,0,3.90122,0.0516623,7.96357e-09
10.7,1.1,0,3.9002,0.05722,5.65107e-09
10.7,1.2,0,3.89924,0.0630058,-1.15393e-09
10.7,1.3,0,3.89805,0.0686245,-1.08893e-09
10.7,1.4,0,3.89678,0.0745877,1.44411e-08
10.7,1.5,0,3.8955,0.0805509,2.99711e-08
10.7,1.6,0,3.89382,0.0864407,2.23957e-08
10.7,1.7,0,3.89223,0.092619,1.34757e-08
10.7,1.8,0,3.89035,0.098603,6.04321e-09
10.7,1.9,0,3.88839,0.105054,1.11821e-09
10.7,2,0,3.88644,0.111504,-3.80679e-09
10.7,2.1,0,3.88391,0.117849,6.23071e-09
10.7,2.2,0,3.8815,0.124569,1.94557e-08
10.7,2.3,0,3.87872,0.131063,2.36261e-08
10.7,2.4,0,3.8758,0.138231,1.30761e-08
10.7,2.5,0,3.87287,0.145399,2.52607e-09
10.7,2.6,0,3.86914,0.152278,1.48039e-08
10.7,2.7,0,3.8655,0.159657,3.05039e-08
10.7,2.8,0,3.86146,0.166861,3.24689e-08
10.7,2.9,0,3.85723,0.175226,1.36189e-08
10.7,3,0,3.853,0.18359,-5.23107e-09
10.7,3.1,0,3.84739,0.19072,-5.50679e-09
10.7,3.2,0,3.84182,0.198475,-5.00679e-09
10.7,3.3,0,3.83595,0.206416,1.23536e-09
10.7,3.4,0,3.82997,0.216677,1.34854e-08
10.7,3.5,0,3.82399,0.226938,2.57354e-08
10.7,3.6,0,3.81553,0.23374,2.68464e-08
10.7,3.7,0,3.80698,0.241179,2.77014e-08
10.7,3.8,0,3.79738,0.249068,2.95682e-08
10.7,3.9,0,3.78617,0.260815,3.42682e-08
10.7,4,0,3.77496,0.272562,3.89682e-08
10.7,4.1,0,3.77113,0.278314,2.98039e-08
10.7,4.2,0,3.76774,0.284641,1.95489e-08
10.7,4.3,0,3.74802,0.291808,1.19643e-08
10.7,4.4,0,3.70901,0.303855,6.51429e-09
10.7,4.5,0,3.67,0.315903,1.06429e-09
10.7,4.6,0,3.6572,0.317993,1.65393e-08
10.7,4.7,0,3.63808,0.322033,3.20893e-08
10.7,4.8,0,3.64327,0.31855,5.04447e-08
10.7,4.9,0,3.67471,0.303667,8.25725e-08
10.7,5,0,3.70614,0.288784,1.147e-07
10.7,5.1,0,3.67659,0.27861,7.69286e-08
10.7,5.2,0,3.38934,0.266564,-6.42143e-08
10.7,5.3,0,2.89318,0.227073,-1.86e-07
10.7,5.4,0,2.50582,0.13327,-2.18786e-07
10.7,5.5,0,2.36641,0.0055423,-2.74964e-07
10.7,5.6,0,2.46287,-0.124563,-2.74214e-07
10.7,5.7,0,2.79863,-0.225645,-1.82143e-09
10.7,5.8,0,3.28438,-0.274552,3.53786e-07
10.7,5.9,0,3.65157,-0.289068,3.8325e-07
10.7,6,0,3.83637,-0.293677,6.6899e-08
10.7,6.1,0,3.80764,-0.300404,1.62384e-08
10.7,6.2,0,3.77444,-0.31002,-4.16014e-08
10.7,6.3,0,3.74124,-0.319636,-9.94411e-08
10.7,6.4,0,3.71193,-0.322639,-1.08202e-07
10.7,6.5,0,3.68798,-0.318283,-8.36941e-08
10.7,6.6,0,3.66403,-0.313926,-5.91867e-08
10.7,6.7,0,3.65561,-0.310444,-4.2256e-08
10.7,6.8,0,3.69284,-0.300057,-2.03903e-08
10.7,6.9,0,3.73006,-0.289669,1.47533e-09
10.7,7,0,3.76728,-0.279282,2.3341e-08
10.7,7.1,0,3.77518,-0.272449,2.47834e-08
10.7,7.2,0,3.78128,-0.265054,2.16602e-08
10.7,7.3,0,3.78738,-0.257659,1.85371e-08
10.7,7.4,0,3.79351,-0.250408,1.64035e-08
10.7,7.5,0,3.79935,-0.24,1.65527e-08
10.7,7.6,0,3.80518,-0.229592,1.6702e-08
10.7,7.7,0,3.81115,-0.220739,1.64399e-08
10.7,7.8,0,3.81776,-0.21451,3.76282e-08
10.7,7.9,0,3.82438,-0.208202,5.96917e-08
10.7,8,0,3.83099,-0.201894,8.17551e-08
10.7,8.1,0,3.83486,-0.194675,8.21086e-08
10.7,8.2,0,3.83811,-0.18614,6.72952e-08
10.7,8.3,0,3.84136,-0.177604,5.24818e-08
10.7,8.4,0,3.84481,-0.171104,4.53251e-08
10.7,8.5,0,3.84818,-0.165343,5.66161e-08
10.7,8.6,0,3.85155,-0.159583,6.79072e-08
10.7,8.7,0,3.85482,-0.154125,7.62019e-08
10.7,8.8,0,3.85689,-0.147975,8.40279e-08
10.7,8.9,0,3.85888,-0.141643,9.29533e-08
10.7,9,0,3.86087,-0.135312,1.01879e-07
10.7,9.1,0,3.86277,-0.130328,1.00598e-07
10.7,9.2,0,3.86439,-0.125124,8.52922e-08
10.7,9.3,0,3.86602,-0.119921,6.99862e-08
10.7,9.4,0,3.86759,-0.115189,6.41917e-08
10.7,9.5,0,3.86864,-0.110224,8.57887e-08
10.7,9.6,0,3.86968,-0.105259,1.07386e-07
10.7,9.7,0,3.87079,-0.100512,1.24553e-07
10.7,9.8,0,3.87162,-0.0962051,1.14453e-07
10.7,9.9,0,3.87234,-0.0917725,1.04009e-07
10.7,10,0,3.87307,-0.0873399,9.35645e-08
10.7,10.1,0,3.87378,-0.0833935,7.9491e-08
10.7,10.2,0,3.87423,-0.0793023,5.90056e-08
10.7,10.3,0,3.87468,-0.0752112,3.85201e-08
10.7,10.4,0,3.87524,-0.0714366,3.6702e-08
10.7,10.5,0,3.87551,-0.0676882,6.71358e-08
10.7,10.6,0,3.87578,-0.0639399,9.75695e-08
10.7,10.7,0,3.8761,-0.0602622,1.22726e-07
10.7,10.8,0,3.87635,-0.0568699,1.03802e-07
10.7,10.9,0,3.87651,-0.0533969,8.56623e-08
10.7,11,0,3.87666,-0.0499239,6.75229e-08
10.7,11.1,0,3.87689,-0.0467159,6.42704e-08
10.7,11.2,0,3.87696,-0.0434733,5.87091e-08
10.7,11.3,0,3.87704,-0.0402307,5.31479e-08
10.7,11.4,0,3.87715,-0.0371303,4.99001e-08
10.7,11.5,0,3.87705,-0.0340738,6.47649e-08
10.7,11.6,0,3.87695,-0.0310173,7.96298e-08
10.7,11.7,0,3.87667,-0.0279752,9.24271e-08
10.7,11.8,0,3.87274,-0.0250675,7.21216e-08
10.7,11.9,0,3.86876,-0.0221168,5.37375e-08
10.7,12,0,3.86477,-0.0191662,3.53534e-08
10.7,12.1,0,3.80464,-0.0163493,4.04807e-08
10.7,12.2,0,3.72022,-0.013518,4.81485e-08
10.7,12.3,0,3.63581,-0.0106866,5.58163e-08
10.7,12.4,0,3.20865,-0.00799246,5.42597e-08
10.7,12.5,0,2.1391,-0.00532831,3.61731e-08
10.7,12.6,0,1.06955,-0.00266415,1.80866e-08
10.7,12.7,0,0,0,0
10.8,0,0,0,0,0
10.8,0.1,0,1.34927,0.00385305,-3.7305e-09
10.8,0.2,0,2.70634,0.00830778,-5.1505e-09
10.8,0.3,0,3.47801,0.0127112,-4.883e-09
10.8,0.4,0,3.66704,0.0180404,-9.5375e-09
10.8,0.5,0,3.85607,0.0233695,-1.4192e-08
10.8,0.6,0,3.87153,0.0285081,-1.38265e-08
10.8,0.7,0,3.88726,0.034105,-1.48465e-08
10.8,0.8,0,3.89514,0.0392384,-1.4514e-08
10.8,0.9,0,3.89543,0.0448705,-3.8745e-09
10.8,1,0,3.89573,0.0505026,6.765e-09
10.8,1.1,0,3.89461,0.055756,1.04425e-08
10.8,1.2,0,3.89366,0.0615418,3.6375e-09
10.8,1.3,0,3.89235,0.0668195,-2.0275e-09
10.8,1.4,0,3.89107,0.0727827,1.35025e-08
10.8,1.5,0,3.8898,0.0787459,2.90325e-08
10.8,1.6,0,3.88799,0.0842511,2.325e-08
10.8,1.7,0,3.8864,0.0904294,1.433e-08
10.8,1.8,0,3.88438,0.095973,6.2175e-09
10.8,1.9,0,3.88242,0.102423,1.2925e-09
10.8,2,0,3.88046,0.108874,-3.6325e-09
10.8,2.1,0,3.87779,0.11472,2.155e-09
10.8,2.2,0,3.87538,0.12144,1.538e-08
10.8,2.3,0,3.87244,0.127335,2.33275e-08
10.8,2.4,0,3.86952,0.134503,1.27775e-08
10.8,2.5,0,3.8666,0.141671,2.2275e-09
10.8,2.6,0,3.86274,0.147886,9.9425e-09
10.8,2.7,0,3.8591,0.155264,2.56425e-08
10.8,2.8,0,3.85491,0.16158,3.23275e-08
10.8,2.9,0,3.85069,0.169945,1.34775e-08
10.8,3,0,3.84646,0.178309,-5.3725e-09
10.8,3.1,0,3.8408,0.184605,-6.6825e-09
10.8,3.2,0,3.83523,0.19236,-6.1825e-09
10.8,3.3,0,3.82925,0.198879,-1.175e-10
10.8,3.4,0,3.82327,0.20914,1.21325e-08
10.8,3.5,0,3.81729,0.219401,2.43825e-08
10.8,3.6,0,3.80895,0.225353,2.5835e-08
10.8,3.7,0,3.80039,0.232792,2.669e-08
10.8,3.8,0,3.79117,0.23841,2.73425e-08
10.8,3.9,0,3.77996,0.250157,3.20425e-08
10.8,4,0,3.76875,0.261904,3.67425e-08
10.8,4.1,0,3.76433,0.266892,2.90325e-08
10.8,4.2,0,3.76094,0.273218,1.87775e-08
10.8,4.3,0,3.74318,0.277692,1.155e-08
10.8,4.4,0,3.70417,0.289739,6.1e-09
10.8,4.5,0,3.66516,0.301787,6.5e-10
10.8,4.6,0,3.66081,0.301278,1.6025e-08
10.8,4.7,0,3.64168,0.305318,3.1575e-08
10.8,4.8,0,3.6456,0.304417,4.26191e-08
10.8,4.9,0,3.67703,0.289534,7.47469e-08
10.8,5,0,3.70847,0.274652,1.06875e-07
10.8,5.1,0,3.66827,0.265727,6.45e-08
10.8,5.2,0,3.38954,0.253966,-7.15e-08
10.8,5.3,0,2.92345,0.215331,-1.84e-07
10.8,5.4,0,2.56373,0.125603,-2.105e-07
10.8,5.5,0,2.43492,0.00433959,-2.5825e-07
10.8,5.6,0,2.52423,-0.11912,-2.565e-07
10.8,5.7,0,2.83582,-0.215637,-4.25e-09
10.8,5.8,0,3.29054,-0.263282,3.305e-07
10.8,5.9,0,3.64185,-0.2778,3.6425e-07
10.8,6,0,3.83067,-0.280899,7.20468e-08
10.8,6.1,0,3.80791,-0.283775,3.09584e-08
10.8,6.2,0,3.77471,-0.293391,-2.68814e-08
10.8,6.3,0,3.7415,-0.303007,-8.47211e-08
10.8,6.4,0,3.70952,-0.309129,-9.91004e-08
10.8,6.5,0,3.68542,-0.304945,-7.49027e-08
10.8,6.6,0,3.66147,-0.300589,-5.03952e-08
10.8,6.7,0,3.65293,-0.297227,-3.37684e-08
10.8,6.8,0,3.68652,-0.290298,-2.06446e-08
10.8,6.9,0,3.72374,-0.27991,1.22104e-09
10.8,7,0,3.76096,-0.269522,2.30867e-08
10.8,7.1,0,3.76917,-0.26364,2.89505e-08
10.8,7.2,0,3.77528,-0.256245,2.58274e-08
10.8,7.3,0,3.78138,-0.248849,2.27043e-08
10.8,7.4,0,3.78771,-0.243726,1.95095e-08
10.8,7.5,0,3.79359,-0.233794,1.94213e-08
10.8,7.6,0,3.79943,-0.223386,1.95706e-08
10.8,7.7,0,3.8054,-0.214533,1.93084e-08
10.8,7.8,0,3.81191,-0.209116,3.14768e-08
10.8,7.9,0,3.81852,-0.202808,5.35402e-08
10.8,8,0,3.82514,-0.1965,7.56037e-08
10.8,8.1,0,3.82938,-0.19074,9.12629e-08
10.8,8.2,0,3.83263,-0.182205,7.64495e-08
10.8,8.3,0,3.83588,-0.17367,6.1636e-08
10.8,8.4,0,3.83946,-0.167636,4.83454e-08
10.8,8.5,0,3.84289,-0.162088,5.68361e-08
10.8,8.6,0,3.84625,-0.156327,6.81272e-08
10.8,8.7,0,3.84952,-0.150869,7.64219e-08
10.8,8.8,0,3.85193,-0.145517,7.94179e-08
10.8,8.9,0,3.85392,-0.139185,8.83433e-08
10.8,9,0,3.85591,-0.132854,9.72687e-08
10.8,9.1,0,3.85811,-0.128387,1.09842e-07
10.8,9.2,0,3.85974,-0.123184,9.45365e-08
10.8,9.3,0,3.86136,-0.117981,7.92305e-08
10.8,9.4,0,3.86311,-0.113509,6.68088e-08
10.8,9.5,0,3.86429,-0.108753,8.3113e-08
10.8,9.6,0,3.86533,-0.103788,1.0471e-07
10.8,9.7,0,3.86644,-0.0990405,1.21877e-07
10.8,9.8,0,3.86757,-0.0950848,1.12737e-07
10.8,9.9,0,3.86829,-0.0906522,1.02293e-07
10.8,10,0,3.86902,-0.0862196,9.18488e-08
10.8,10.1,0,3.87,-0.082557,8.36469e-08
10.8,10.2,0,3.87045,-0.0784659,6.31614e-08
10.8,10.3,0,3.87091,-0.0743747,4.2676e-08
10.8,10.4,0,3.87156,-0.0706923,3.84495e-08
10.8,10.5,0,3.87198,-0.0670683,6.56298e-08
10.8,10.6,0,3.87225,-0.0633199,9.60636e-08
10.8,10.7,0,3.87257,-0.0596422,1.2122e-07
10.8,10.8,0,3.87303,-0.056415,1.00689e-07
10.8,10.9,0,3.87318,-0.052942,8.25497e-08
10.8,11,0,3.87333,-0.049469,6.44103e-08
10.8,11.1,0,3.87373,-0.046384,6.84288e-08
10.8,11.2,0,3.87381,-0.0431414,6.28676e-08
10.8,11.3,0,3.87388,-0.0398988,5.73063e-08
10.8,11.4,0,3.87403,-0.0368251,5.17566e-08
10.8,11.5,0,3.87402,-0.0338324,6.11141e-08
10.8,11.6,0,3.87393,-0.0307759,7.5979e-08
10.8,11.7,0,3.87365,-0.0277337,8.87763e-08
10.8,11.8,0,3.8698,-0.0248954,6.53687e-08
10.8,11.9,0,3.86582,-0.0219448,4.69846e-08
10.8,12,0,3.86183,-0.0189941,2.86005e-08
10.8,12.1,0,3.8019,-0.0162444,4.07611e-08
10.8,12.2,0,3.71748,-0.013413,4.84289e-08
10.8,12.3,0,3.63307,-0.0105816,5.60967e-08
10.8,12.4,0,3.20636,-0.00790473,5.44941e-08
10.8,12.5,0,2.1391,-0.00532831,3.61731e-08
10.8,12.6,0,1.06955,-0.00266415,1.80866e-08
10.8,12.7,0,0,0,0
10.9,0,0,0,0,0
10.9,0.1,0,1.34481,0.00350923,-5.05079e-09
10.9,0.2,0,2.70189,0.00796396,-6.47079e-09
10.9,0.3,0,3.47356,0.0123674,-6.20329e-09
10.9,0.4,0,3.6618,0.0174174,-8.96936e-09
10.9,0.5,0,3.85083,0.0227465,-1.36239e-08
10.9,0.6,0,3.86612,0.0276232,-1.24666e-08
10.9,0.7,0,3.88185,0.0332201,-1.34866e-08
10.9,0.8,0,3.88973,0.0383535,-1.31541e-08
10.9,0.9,0,3.88994,0.0437107,-5.07307e-09
10.9,1,0,3.89024,0.0493428,5.56643e-09
10.9,1.1,0,3.88903,0.054292,1.52339e-08
10.9,1.2,0,3.88808,0.0600778,8.42893e-09
10.9,1.3,0,3.88676,0.0653555,2.76393e-09
10.9,1.4,0,3.88537,0.0709777,1.25639e-08
10.9,1.5,0,3.8841,0.0769409,2.80939e-08
10.9,1.6,0,3.88215,0.0820616,2.41043e-08
10.9,1.7,0,3.88057,0.0882399,1.51843e-08
10.9,1.8,0,3.87854,0.0937835,7.07179e-09
10.9,1.9,0,3.87644,0.0997935,1.46679e-09
10.9,2,0,3.87449,0.106244,-3.45821e-09
10.9,2.1,0,3.87167,0.111591,-1.92071e-09
10.9,2.2,0,3.86925,0.118311,1.13043e-08
10.9,2.3,0,3.86632,0.124207,1.92518e-08
10.9,2.4,0,3.86325,0.130775,1.24789e-08
10.9,2.5,0,3.86033,0.137943,1.92893e-09
10.9,2.6,0,3.85634,0.143494,5.08107e-09
10.9,2.7,0,3.8527,0.150872,2.07811e-08
10.9,2.8,0,3.84852,0.157188,2.74661e-08
10.9,2.9,0,3.84414,0.164664,1.33361e-08
10.9,3,0,3.83992,0.173028,-5.51393e-09
10.9,3.1,0,3.83422,0.17849,-7.85821e-09
10.9,3.2,0,3.82864,0.186245,-7.35821e-09
10.9,3.3,0,3.82266,0.192765,-1.29321e-09
10.9,3.4,0,3.81656,0.201604,1.07796e-08
10.9,3.5,0,3.81059,0.211865,2.30296e-08
10.9,3.6,0,3.80236,0.216967,2.48236e-08
10.9,3.7,0,3.79381,0.224406,2.56786e-08
10.9,3.8,0,3.78458,0.230024,2.63311e-08
10.9,3.9,0,3.77375,0.2395,2.98168e-08
10.9,4,0,3.76254,0.251247,3.45168e-08
10.9,4.1,0,3.75753,0.255469,2.82611e-08
10.9,4.2,0,3.75414,0.261796,1.80061e-08
10.9,4.3,0,3.73638,0.266269,1.07786e-08
10.9,4.4,0,3.69934,0.275623,5.68571e-09
10.9,4.5,0,3.66033,0.287671,2.35714e-10
10.9,4.6,0,3.66441,0.284562,1.55107e-08
10.9,4.7,0,3.64529,0.288602,3.10607e-08
10.9,4.8,0,3.6492,0.287701,4.21049e-08
10.9,4.9,0,3.67936,0.275402,6.69213e-08
10.9,5,0,3.71079,0.260519,9.90491e-08
10.9,5.1,0,3.65995,0.252844,5.20714e-08
10.9,5.2,0,3.38974,0.241367,-7.87857e-08
10.9,5.3,0,2.95372,0.203589,-1.82e-07
10.9,5.4,0,2.62163,0.117936,-2.02214e-07
10.9,5.5,0,2.50344,0.00313687,-2.41536e-07
10.9,5.6,0,2.5856,-0.113677,-2.38786e-07
10.9,5.7,0,2.87302,-0.205628,-6.67857e-09
10.9,5.8,0,3.29669,-0.252013,3.07214e-07
10.9,5.9,0,3.63213,-0.266532,3.4525e-07
10.9,6,0,3.82498,-0.268122,7.71946e-08
10.9,6.1,0,3.80736,-0.267677,4.43569e-08
10.9,6.2,0,3.77498,-0.276761,-1.21614e-08
10.9,6.3,0,3.74177,-0.286377,-7.00011e-08
10.9,6.4,0,3.70979,-0.2925,-8.43804e-08
10.9,6.5,0,3.68286,-0.291607,-6.61113e-08
10.9,6.6,0,3.65892,-0.287251,-4.16038e-08
10.9,6.7,0,3.65037,-0.283889,-2.49769e-08
10.9,6.8,0,3.6802,-0.280538,-2.08989e-08
10.9,6.9,0,3.71742,-0.270151,9.66759e-10
10.9,7,0,3.75464,-0.259763,2.28324e-08
10.9,7.1,0,3.76309,-0.254575,3.19298e-08
10.9,7.2,0,3.76927,-0.247435,2.99945e-08
10.9,7.3,0,3.77537,-0.24004,2.68714e-08
10.9,7.4,0,3.7817,-0.234917,2.36766e-08
10.9,7.5,0,3.78783,-0.227588,2.22899e-08
10.9,7.6,0,3.79367,-0.21718,2.24391e-08
10.9,7.7,0,3.79964,-0.208327,2.2177e-08
10.9,7.8,0,3.80605,-0.203722,2.53254e-08
10.9,7.9,0,3.81267,-0.197414,4.73888e-08
10.9,8,0,3.81929,-0.191106,6.94522e-08
10.9,8.1,0,3.82375,-0.186223,9.43063e-08
10.9,8.2,0,3.82714,-0.17827,8.56038e-08
10.9,8.3,0,3.83039,-0.169735,7.07903e-08
10.9,8.4,0,3.83398,-0.163701,5.74997e-08
10.9,8.5,0,3.83759,-0.158832,5.70561e-08
10.9,8.6,0,3.84096,-0.153071,6.83472e-08
10.9,8.7,0,3.84423,-0.147613,7.66419e-08
10.9,8.8,0,3.84698,-0.143059,7.48079e-08
10.9,8.9,0,3.84897,-0.136727,8.37333e-08
10.9,9,0,3.85096,-0.130396,9.26587e-08
10.9,9.1,0,3.85329,-0.126173,1.11746e-07
10.9,9.2,0,3.85508,-0.121244,1.03781e-07
10.9,9.3,0,3.8567,-0.116041,8.84748e-08
10.9,9.4,0,3.85845,-0.111569,7.60531e-08
10.9,9.5,0,3.85995,-0.107281,8.04373e-08
10.9,9.6,0,3.86099,-0.102317,1.02034e-07
10.9,9.7,0,3.8621,-0.0975691,1.19201e-07
10.9,9.8,0,3.86352,-0.0939644,1.11021e-07
10.9,9.9,0,3.86424,-0.0895318,1.00577e-07
10.9,10,0,3.86497,-0.0850992,9.01331e-08
10.9,10.1,0,3.86604,-0.081533,8.39249e-08
10.9,10.2,0,3.86668,-0.0776294,6.73173e-08
10.9,10.3,0,3.86713,-0.0735383,4.68319e-08
10.9,10.4,0,3.86779,-0.0698558,4.26053e-08
10.9,10.5,0,3.86844,-0.0664483,6.41239e-08
10.9,10.6,0,3.86871,-0.0626999,9.45577e-08
10.9,10.7,0,3.86903,-0.0590222,1.19714e-07
10.9,10.8,0,3.8697,-0.0559602,9.75765e-08
10.9,10.9,0,3.86985,-0.0524872,7.94371e-08
10.9,11,0,3.87001,-0.0490142,6.12978e-08
10.9,11.1,0,3.87044,-0.0459549,6.68356e-08
10.9,11.2,0,3.87065,-0.0428096,6.7026e-08
10.9,11.3,0,3.87073,-0.039567,6.14648e-08
10.9,11.4,0,3.87087,-0.0364932,5.5915e-08
10.9,11.5,0,3.871,-0.0335909,5.74633e-08
10.9,11.6,0,3.8709,-0.0305344,7.23282e-08
10.9,11.7,0,3.87062,-0.0274923,8.51255e-08
10.9,11.8,0,3.86686,-0.0247228,5.86389e-08
10.9,11.9,0,3.86288,-0.0217727,4.02317e-08
10.9,12,0,3.85889,-0.018822,2.18476e-08
10.9,12.1,0,3.79898,-0.0160776,3.45593e-08
10.9,12.2,0,3.71475,-0.013308,4.87093e-08
10.9,12.3,0,3.63033,-0.0104767,5.63771e-08
10.9,12.4,0,3.20363,-0.00779976,5.47745e-08
10.9,12.5,0,2.1391,-0.00532831,3.61731e-08
10.9,12.6,0,1.06955,-0.00266415,1.80866e-08
10.9,12.7,0,0,0,0
11,0,0,0,0,0
11,0.1,0,1.34147,0.00325137,-6.041e-09
11,0.2,0,2.69743,0.00762014,-7.79107e-09
11,0.3,0,3.4691,0.0120236,-7.52357e-09
11,0.4,0,3.65655,0.0167944,-8.40121e-09
11,0.5,0,3.84558,0.0221236,-1.30557e-08
11,0.6,0,3.86075,0.0268038,-1.13047e-08
11,0.7,0,3.87645,0.0323352,-1.21268e-08
11,0.8,0,3.88432,0.0374687,-1.17943e-08
11,0.9,0,3.88446,0.042551,-6.27164e-09
11,1,0,3.88475,0.0481831,4.36786e-09
11,1.1,0,3.88347,0.0529041,1.85279e-08
11,1.2,0,3.88249,0.0586139,1.32204e-08
11,1.3,0,3.88118,0.0638916,7.55536e-09
11,1.4,0,3.87967,0.0691727,1.16254e-08
11,1.5,0,3.8784,0.0751359,2.71554e-08
11,1.6,0,3.87635,0.0799681,2.45104e-08
11,1.7,0,3.87473,0.0860503,1.60386e-08
11,1.8,0,3.87271,0.0915939,7.92607e-09
11,1.9,0,3.87047,0.0971635,1.64107e-09
11,2,0,3.86851,0.103614,-3.28393e-09
11,2.1,0,3.86558,0.108587,-4.93393e-09
11,2.2,0,3.86313,0.115182,7.22857e-09
11,2.3,0,3.8602,0.121078,1.51761e-08
11,2.4,0,3.85698,0.127048,1.21804e-08
11,2.5,0,3.85406,0.134215,1.63036e-09
11,2.6,0,3.84997,0.139268,1.36036e-09
11,2.7,0,3.8463,0.14648,1.59196e-08
11,2.8,0,3.84212,0.152796,2.26046e-08
11,2.9,0,3.8376,0.159383,1.31946e-08
11,3,0,3.83338,0.167748,-5.65536e-09
11,3.1,0,3.82764,0.172584,-8.77536e-09
11,3.2,0,3.82206,0.18013,-8.53393e-09
11,3.3,0,3.81607,0.18665,-2.46893e-09
11,3.4,0,3.80986,0.194067,9.42679e-09
11,3.5,0,3.80388,0.204328,2.16768e-08
11,3.6,0,3.79575,0.208793,2.37268e-08
11,3.7,0,3.78722,0.216019,2.46671e-08
11,3.8,0,3.778,0.221638,2.53196e-08
11,3.9,0,3.76754,0.228842,2.75911e-08
11,4,0,3.75633,0.240589,3.22911e-08
11,4.1,0,3.75088,0.244238,2.71261e-08
11,4.2,0,3.74734,0.250373,1.72346e-08
11,4.3,0,3.72958,0.254847,1.00071e-08
11,4.4,0,3.6945,0.261507,5.27143e-09
11,4.5,0,3.65549,0.273555,-1.78571e-10
11,4.6,0,3.66591,0.268496,1.50214e-08
11,4.7,0,3.64889,0.271886,3.05464e-08
11,4.8,0,3.65281,0.270985,4.15906e-08
11,4.9,0,3.68168,0.261269,5.90958e-08
11,5,0,3.71311,0.246387,9.12235e-08
11,5.1,0,3.65163,0.239962,3.96429e-08
11,5.2,0,3.38993,0.228768,-8.60714e-08
11,5.3,0,2.984,0.191846,-1.8e-07
11,5.4,0,2.67954,0.110269,-1.93929e-07
11,5.5,0,2.57195,0.00193416,-2.24821e-07
11,5.6,0,2.64696,-0.108235,-2.21071e-07
11,5.7,0,2.91021,-0.19562,-9.10714e-09
11,5.8,0,3.30284,-0.240744,2.83929e-07
11,5.9,0,3.62241,-0.255264,3.2625e-07
11,6,0,3.81928,-0.255344,8.23424e-08
11,6.1,0,3.80166,-0.254899,4.95047e-08
11,6.2,0,3.77525,-0.260132,2.55865e-09
11,6.3,0,3.74204,-0.269748,-5.52811e-08
11,6.4,0,3.71005,-0.27587,-6.96604e-08
11,6.5,0,3.68031,-0.278269,-5.73198e-08
11,6.6,0,3.65636,-0.273913,-3.28124e-08
11,6.7,0,3.64781,-0.270551,-1.61855e-08
11,6.8,0,3.67521,-0.26951,-1.79467e-08
11,6.9,0,3.7111,-0.260391,7.12473e-10
11,7,0,3.74832,-0.250004,2.25781e-08
11,7.1,0,3.75677,-0.244816,3.16755e-08
11,7.2,0,3.76327,-0.238626,3.41617e-08
11,7.3,0,3.76937,-0.231231,3.10385e-08
11,7.4,0,3.7757,-0.226107,2.78438e-08
11,7.5,0,3.78208,-0.221382,2.51584e-08
11,7.6,0,3.78791,-0.210974,2.53077e-08
11,7.7,0,3.79388,-0.202121,2.50456e-08
11,7.8,0,3.80025,-0.197935,2.35493e-08
11,7.9,0,3.80682,-0.192021,4.12374e-08
11,8,0,3.81343,-0.185712,6.33008e-08
11,8.1,0,3.81789,-0.18083,8.81549e-08
11,8.2,0,3.82166,-0.174336,9.4758e-08
11,8.3,0,3.82491,-0.1658,7.99446e-08
11,8.4,0,3.8285,-0.159766,6.66539e-08
11,8.5,0,3.8323,-0.155576,5.72761e-08
11,8.6,0,3.83566,-0.149815,6.85672e-08
11,8.7,0,3.83893,-0.144357,7.68619e-08
11,8.8,0,3.84182,-0.14011,7.31716e-08
11,8.9,0,3.84402,-0.134269,7.91233e-08
11,9,0,3.84601,-0.127938,8.80487e-08
11,9.1,0,3.84834,-0.123715,1.07136e-07
11,9.2,0,3.85042,-0.119304,1.13025e-07
11,9.3,0,3.85204,-0.114101,9.77191e-08
11,9.4,0,3.85379,-0.109629,8.52974e-08
11,9.5,0,3.85561,-0.10581,7.77616e-08
11,9.6,0,3.85665,-0.100845,9.93586e-08
11,9.7,0,3.85776,-0.0960977,1.16526e-07
11,9.8,0,3.85925,-0.092582,1.08589e-07
11,9.9,0,3.86019,-0.0884114,9.88614e-08
11,10,0,3.86092,-0.0839788,8.84174e-08
11,10.1,0,3.86199,-0.0804127,8.22092e-08
11,10.2,0,3.8629,-0.076793,7.14732e-08
11,10.3,0,3.86335,-0.0727018,5.09877e-08
11,10.4,0,3.86401,-0.0690194,4.67612e-08
11,10.5,0,3.86491,-0.0658283,6.2618e-08
11,10.6,0,3.86518,-0.0620799,9.30518e-08
11,10.7,0,3.8655,-0.0584022,1.18209e-07
11,10.8,0,3.86619,-0.0553606,9.58727e-08
11,10.9,0,3.86652,-0.0520324,7.63246e-08
11,11,0,3.86668,-0.0485594,5.81852e-08
11,11.1,0,3.86711,-0.0455001,6.3723e-08
11,11.2,0,3.86749,-0.0424777,7.11845e-08
11,11.3,0,3.86757,-0.0392351,6.56232e-08
11,11.4,0,3.86771,-0.0361614,6.00735e-08
11,11.5,0,3.86796,-0.033341,5.4541e-08
11,11.6,0,3.86787,-0.0302929,6.86774e-08
11,11.7,0,3.86759,-0.0272508,8.14747e-08
11,11.8,0,3.86384,-0.0244814,5.49881e-08
11,11.9,0,3.85994,-0.0216006,3.34788e-08
11,12,0,3.85595,-0.0186499,1.50947e-08
11,12.1,0,3.79604,-0.0159055,2.78064e-08
11,12.2,0,3.71201,-0.0132031,4.89897e-08
11,12.3,0,3.6276,-0.0103717,5.66575e-08
11,12.4,0,3.20089,-0.0076948,5.50549e-08
11,12.5,0,2.13849,-0.00530481,3.62359e-08
11,12.6,0,1.06955,-0.00266415,1.80866e-08
11,12.7,0,0,0,0
11.1,0,0,0,0,0
11.1,0.1,0,1.34147,0.00325137,-6.041e-09
11.1,0.2,0,2.69297,0.00727632,-9.11136e-09
11.1,0.3,0,3.46464,0.0116797,-8.84386e-09
11.1,0.4,0,3.6513,0.0161714,-7.83307e-09
11.1,0.5,0,3.84033,0.0215006,-1.24876e-08
11.1,0.6,0,3.8555,0.0261808,-1.07366e-08
11.1,0.7,0,3.87104,0.0314504,-1.07669e-08
11.1,0.8,0,3.87891,0.0365838,-1.04344e-08
11.1,0.9,0,3.87897,0.0413912,-7.47021e-09
11.1,1,0,3.87926,0.0470233,3.16929e-09
11.1,1.1,0,3.87798,0.0517444,1.73293e-08
11.1,1.2,0,3.87691,0.0571499,1.80118e-08
11.1,1.3,0,3.87559,0.0624276,1.23468e-08
11.1,1.4,0,3.87397,0.0673677,1.06868e-08
11.1,1.5,0,3.8727,0.0733309,2.62168e-08
11.1,1.6,0,3.87065,0.0781631,2.35718e-08
11.1,1.7,0,3.8689,0.0838607,1.68929e-08
11.1,1.8,0,3.86688,0.0894043,8.78036e-09
11.1,1.9,0,3.86449,0.0945335,1.81536e-09
11.1,2,0,3.86253,0.100984,-3.10964e-09
11.1,2.1,0,3.85961,0.105957,-4.75964e-09
11.1,2.2,0,3.85701,0.112053,3.15286e-09
11.1,2.3,0,3.85408,0.117949,1.11004e-08
11.1,2.4,0,3.85071,0.12332,1.18818e-08
11.1,2.5,0,3.84778,0.130488,1.33179e-09
11.1,2.6,0,3.8437,0.13554,1.06179e-09
11.1,2.7,0,3.8399,0.142088,1.10582e-08
11.1,2.8,0,3.83572,0.148404,1.77432e-08
11.1,2.9,0,3.83106,0.154102,1.30532e-08
11.1,3,0,3.82683,0.162467,-5.79679e-09
11.1,3.1,0,3.8211,0.167303,-8.91679e-09
11.1,3.2,0,3.81547,0.174016,-9.70964e-09
11.1,3.3,0,3.80949,0.180535,-3.64464e-09
11.1,3.4,0,3.80316,0.18653,8.07393e-09
11.1,3.5,0,3.79718,0.196791,2.03239e-08
11.1,3.6,0,3.78904,0.201256,2.23739e-08
11.1,3.7,0,3.78064,0.207633,2.36557e-08
11.1,3.8,0,3.77141,0.213251,2.43082e-08
11.1,3.9,0,3.76133,0.218185,2.53654e-08
11.1,4,0,3.75012,0.229931,3.00654e-08
11.1,4.1,0,3.74467,0.23358,2.49004e-08
11.1,4.2,0,3.74054,0.238951,1.64632e-08
11.1,4.3,0,3.72278,0.243424,9.23571e-09
11.1,4.4,0,3.68967,0.247391,4.85714e-09
11.1,4.5,0,3.65066,0.259439,-5.92857e-10
11.1,4.6,0,3.66107,0.25438,1.46071e-08
11.1,4.7,0,3.6525,0.25517,3.00321e-08
11.1,4.8,0,3.65641,0.25427,4.10763e-08
11.1,4.9,0,3.68401,0.247137,5.12702e-08
11.1,5,0,3.71544,0.232254,8.3398e-08
11.1,5.1,0,3.64331,0.227079,2.72143e-08
11.1,5.2,0,3.39013,0.216169,-9.33571e-08
11.1,5.3,0,3.01427,0.180104,-1.78e-07
11.1,5.4,0,2.73744,0.102602,-1.85643e-07
11.1,5.5,0,2.64047,0.000731445,-2.08107e-07
11.1,5.6,0,2.70833,-0.102792,-2.03357e-07
11.1,5.7,0,2.9474,-0.185611,-1.15357e-08
11.1,5.8,0,3.309,-0.229474,2.60643e-07
11.1,5.9,0,3.61269,-0.243996,3.0725e-07
11.1,6,0,3.81358,-0.242567,8.74902e-08
11.1,6.1,0,3.79596,-0.242122,5.46525e-08
11.1,6.2,0,3.77551,-0.243502,1.72786e-08
11.1,6.3,0,3.74231,-0.253118,-4.05611e-08
11.1,6.4,0,3.71032,-0.259241,-5.49404e-08
11.1,6.5,0,3.67899,-0.263482,-4.59181e-08
11.1,6.6,0,3.6538,-0.260575,-2.40209e-08
11.1,6.7,0,3.64526,-0.257213,-7.39407e-09
11.1,6.8,0,3.67265,-0.256172,-9.15527e-09
11.1,6.9,0,3.70478,-0.250632,4.58188e-10
11.1,7,0,3.742,-0.240244,2.23239e-08
11.1,7.1,0,3.75045,-0.235057,3.14212e-08
11.1,7.2,0,3.75727,-0.229816,3.83288e-08
11.1,7.3,0,3.76337,-0.222421,3.52057e-08
11.1,7.4,0,3.7697,-0.217298,3.20109e-08
11.1,7.5,0,3.77618,-0.213689,2.87684e-08
11.1,7.6,0,3.78216,-0.204767,2.81763e-08
11.1,7.7,0,3.78813,-0.195915,2.79141e-08
11.1,7.8,0,3.79449,-0.191729,2.64179e-08
11.1,7.9,0,3.80096,-0.186627,3.50859e-08
11.1,8,0,3.80758,-0.180319,5.71494e-08
11.1,8.1,0,3.81204,-0.175436,8.20035e-08
11.1,8.2,0,3.81618,-0.170401,1.03912e-07
11.1,8.3,0,3.81943,-0.161866,8.90989e-08
11.1,8.4,0,3.82301,-0.155832,7.58082e-08
11.1,8.5,0,3.82687,-0.151844,6.37635e-08
11.1,8.6,0,3.83037,-0.146559,6.87872e-08
11.1,8.7,0,3.83364,-0.141101,7.70819e-08
11.1,8.8,0,3.83652,-0.136854,7.33916e-08
11.1,8.9,0,3.83906,-0.131811,7.45133e-08
11.1,9,0,3.84105,-0.12548,8.34387e-08
11.1,9.1,0,3.84339,-0.121257,1.02526e-07
11.1,9.2,0,3.84576,-0.117364,1.22269e-07
11.1,9.3,0,3.84738,-0.112161,1.06963e-07
11.1,9.4,0,3.84913,-0.107689,9.45417e-08
11.1,9.5,0,3.851,-0.103948,8.50044e-08
11.1,9.6,0,3.85231,-0.0993737,9.66829e-08
11.1,9.7,0,3.85342,-0.0946262,1.1385e-07
11.1,9.8,0,3.85491,-0.0911106,1.05913e-07
11.1,9.9,0,3.85614,-0.0872911,9.71457e-08
11.1,10,0,3.85687,-0.0828585,8.67017e-08
11.1,10.1,0,3.85795,-0.0792923,8.04935e-08
11.1,10.2,0,3.85911,-0.0759427,7.53442e-08
11.1,10.3,0,3.85957,-0.0718654,5.51436e-08
11.1,10.4,0,3.86023,-0.0681829,5.09171e-08
11.1,10.5,0,3.86114,-0.0649999,6.65626e-08
11.1,10.6,0,3.86164,-0.06146,9.15458e-08
11.1,10.7,0,3.86196,-0.0577823,1.16703e-07
11.1,10.8,0,3.86265,-0.0547406,9.43668e-08
11.1,10.9,0,3.8632,-0.0515776,7.3212e-08
11.1,11,0,3.86335,-0.0481046,5.50726e-08
11.1,11.1,0,3.86378,-0.0450452,6.06105e-08
11.1,11.2,0,3.8643,-0.0421238,7.40407e-08
11.1,11.3,0,3.86441,-0.0389032,6.97817e-08
11.1,11.4,0,3.86456,-0.0358295,6.42319e-08
11.1,11.5,0,3.8648,-0.0330091,5.86995e-08
11.1,11.6,0,3.86484,-0.0300515,6.50266e-08
11.1,11.7,0,3.86456,-0.0270093,7.78239e-08
11.1,11.8,0,3.86081,-0.0242399,5.13373e-08
11.1,11.9,0,3.857,-0.0214285,2.67259e-08
11.1,12,0,3.85302,-0.0184779,8.34182e-09
11.1,12.1,0,3.7931,-0.0157334,2.10535e-08
11.1,12.2,0,3.70921,-0.0130773,4.70919e-08
11.1,12.3,0,3.62486,-0.0102667,5.6938e-08
11.1,12.4,0,3.19815,-0.00758983,5.53354e-08
11.1,12.5,0,2.13575,-0.00519984,3.65163e-08
11.1,12.6,0,1.06955,-0.00266415,1.80866e-08
11.1,12.7,0,0,0,0
11.2,0,0,0,0,0
11.2,0.1,0,1.34147,0.00325137,-6.041e-09
11.2,0.2,0,2.68851,0.0069325,-1.04316e-08
11.2,0.3,0,3.46018,0.0113359,-1.01641e-08
11.2,0.4,0,3.64645,0.015688,-8.20914e-09
11.2,0.5,0,3.83508,0.0208776,-1.19194e-08
11.2,0.6,0,3.85026,0.0255578,-1.01684e-08
11.2,0.7,0,3.86563,0.0305655,-9.40707e-09
11.2,0.8,0,3.8735,0.0356989,-9.07457e-09
11.2,0.9,0,3.87352,0.0403689,-7.38957e-09
11.2,1,0,3.87377,0.0458635,1.97071e-09
11.2,1.1,0,3.87249,0.0505846,1.61307e-08
11.2,1.2,0,3.87132,0.0556859,2.28032e-08
11.2,1.3,0,3.87001,0.0609636,1.71382e-08
11.2,1.4,0,3.86833,0.0657333,1.26132e-08
11.2,1.5,0,3.867,0.0715259,2.52782e-08
11.2,1.6,0,3.86495,0.0763582,2.26332e-08
11.2,1.7,0,3.86307,0.0816711,1.77471e-08
11.2,1.8,0,3.86105,0.0872147,9.63464e-09
11.2,1.9,0,3.85859,0.0921237,2.32964e-09
11.2,2,0,3.85656,0.0983539,-2.93536e-09
11.2,2.1,0,3.85363,0.103327,-4.58536e-09
11.2,2.2,0,3.85089,0.108924,-9.22857e-10
11.2,2.3,0,3.84795,0.11482,7.02464e-09
11.2,2.4,0,3.84451,0.119892,9.69464e-09
11.2,2.5,0,3.84151,0.12676,1.03321e-09
11.2,2.6,0,3.83743,0.131812,7.63214e-10
11.2,2.7,0,3.8335,0.137696,6.19679e-09
11.2,2.8,0,3.82932,0.144012,1.28818e-08
11.2,2.9,0,3.82459,0.149266,1.05518e-08
11.2,3,0,3.82029,0.157186,-5.93821e-09
11.2,3.1,0,3.81456,0.162022,-9.05821e-09
11.2,3.2,0,3.80889,0.167901,-1.08854e-08
11.2,3.3,0,3.8029,0.174421,-4.82036e-09
11.2,3.4,0,3.79651,0.179705,6.80964e-09
11.2,3.5,0,3.79047,0.189255,1.89711e-08
11.2,3.6,0,3.78234,0.19372,2.10211e-08
11.2,3.7,0,3.77406,0.199247,2.26443e-08
11.2,3.8,0,3.76483,0.204865,2.32968e-08
11.2,3.9,0,3.75493,0.208663,2.37468e-08
11.2,4,0,3.74391,0.219274,2.78396e-08
11.2,4.1,0,3.73846,0.222923,2.26746e-08
11.2,4.2,0,3.73374,0.227528,1.56918e-08
11.2,4.3,0,3.71598,0.232001,8.46429e-09
11.2,4.4,0,3.68385,0.234622,4.26429e-09
11.2,4.5,0,3.64582,0.245323,-1.00714e-09
11.2,4.6,0,3.65624,0.240264,1.41929e-08
11.2,4.7,0,3.6561,0.238455,2.95179e-08
11.2,4.8,0,3.66002,0.237554,4.0562e-08
11.2,4.9,0,3.68697,0.231712,4.71003e-08
11.2,5,0,3.71776,0.218121,7.55724e-08
11.2,5.1,0,3.63498,0.214196,1.47857e-08
11.2,5.2,0,3.39033,0.20357,-1.00643e-07
11.2,5.3,0,3.04455,0.168362,-1.76e-07
11.2,5.4,0,2.79535,0.0949346,-1.77357e-07
11.2,5.5,0,2.70899,-0.00047127,-1.91393e-07
11.2,5.6,0,2.76969,-0.0973497,-1.85643e-07
11.2,5.7,0,2.98459,-0.175603,-1.39643e-08
11.2,5.8,0,3.31515,-0.218205,2.37357e-07
11.2,5.9,0,3.60296,-0.232729,2.8825e-07
11.2,6,0,3.80788,-0.229789,9.2638e-08
11.2,6.1,0,3.79026,-0.229344,5.98002e-08
11.2,6.2,0,3.77264,-0.228899,2.69625e-08
11.2,6.3,0,3.74258,-0.236489,-2.58411e-08
11.2,6.4,0,3.71059,-0.242611,-4.02204e-08
11.2,6.5,0,3.67926,-0.246853,-3.11981e-08
11.2,6.6,0,3.65124,-0.247237,-1.52295e-08
11.2,6.7,0,3.6427,-0.243876,1.39736e-09
11.2,6.8,0,3.67009,-0.242835,-3.63838e-10
11.2,6.9,0,3.69846,-0.240872,2.03902e-10
11.2,7,0,3.73568,-0.230485,2.20696e-08
11.2,7.1,0,3.74412,-0.225297,3.1167e-08
11.2,7.2,0,3.75106,-0.220383,3.95923e-08
11.2,7.3,0,3.75737,-0.213612,3.93728e-08
11.2,7.4,0,3.76369,-0.208488,3.6178e-08
11.2,7.5,0,3.77018,-0.20488,3.29355e-08
11.2,7.6,0,3.7764,-0.198561,3.10448e-08
11.2,7.7,0,3.78237,-0.189709,3.07827e-08
11.2,7.8,0,3.78873,-0.185523,2.92864e-08
11.2,7.9,0,3.79511,-0.181233,2.89345e-08
11.2,8,0,3.80172,-0.174925,5.09979e-08
11.2,8.1,0,3.80618,-0.170042,7.5852e-08
11.2,8.2,0,3.81041,-0.165318,1.01016e-07
11.2,8.3,0,3.81395,-0.157931,9.82532e-08
11.2,8.4,0,3.81753,-0.151897,8.49625e-08
11.2,8.5,0,3.82139,-0.147909,7.29177e-08
11.2,8.6,0,3.82507,-0.143304,6.90072e-08
11.2,8.7,0,3.82834,-0.137845,7.73019e-08
11.2,8.8,0,3.83123,-0.133598,7.36116e-08
11.2,8.9,0,3.83411,-0.12935,6.99213e-08
11.2,9,0,3.8361,-0.123022,7.88287e-08
11.2,9.1,0,3.83843,-0.118799,9.7916e-08
11.2,9.2,0,3.84083,-0.114948,1.18797e-07
11.2,9.3,0,3.84272,-0.110221,1.16208e-07
11.2,9.4,0,3.84447,-0.105749,1.03786e-07
11.2,9.5,0,3.84634,-0.102008,9.42487e-08
11.2,9.6,0,3.84796,-0.0979023,9.40072e-08
11.2,9.7,0,3.84907,-0.0931548,1.11174e-07
11.2,9.8,0,3.85056,-0.0896392,1.03238e-07
11.2,9.9,0,3.85205,-0.0861235,9.5301e-08
11.2,10,0,3.85282,-0.0817381,8.49859e-08
11.2,10.1,0,3.8539,-0.0781719,7.87777e-08
11.2,10.2,0,3.85506,-0.0748224,7.36285e-08
11.2,10.3,0,3.8558,-0.0710289,5.92994e-08
11.2,10.4,0,3.85645,-0.0673465,5.50729e-08
11.2,10.5,0,3.85736,-0.0641635,7.07184e-08
11.2,10.6,0,3.85811,-0.06084,9.00399e-08
11.2,10.7,0,3.85842,-0.0571623,1.15197e-07
11.2,10.8,0,3.85912,-0.0541206,9.28609e-08
11.2,10.9,0,3.85981,-0.051079,7.05251e-08
11.2,11,0,3.86002,-0.0476497,5.19601e-08
11.2,11.1,0,3.86045,-0.0445904,5.74979e-08
11.2,11.2,0,3.86097,-0.041669,7.09281e-08
11.2,11.3,0,3.86125,-0.0385714,7.39401e-08
11.2,11.4,0,3.8614,-0.0354977,6.83904e-08
11.2,11.5,0,3.86164,-0.0326773,6.28579e-08
11.2,11.6,0,3.86182,-0.02981,6.13758e-08
11.2,11.7,0,3.86154,-0.0267679,7.41731e-08
11.2,11.8,0,3.85778,-0.0239984,4.76865e-08
11.2,11.9,0,3.85403,-0.021229,2.11999e-08
11.2,12,0,3.85008,-0.0183058,1.58892e-09
11.2,12.1,0,3.79016,-0.0155613,1.43006e-08
11.2,12.2,0,3.70627,-0.0129052,4.0339e-08
11.2,12.3,0,3.62212,-0.0101618,5.72184e-08
11.2,12.4,0,3.19541,-0.00748487,5.56158e-08
11.2,12.5,0,2.13301,-0.00509488,3.67968e-08
11.2,12.6,0,1.06955,-0.00266415,1.80866e-08
11.2,12.7,0,0,0,0
11.3,0,0,0,0,0
11.3,0.1,0,1.34147,0.00325137,-6.041e-09
11.3,0.2,0,2.68405,0.00658868,-1.17519e-08
11.3,0.3,0,3.45572,0.0109921,-1.14844e-08
11.3,0.4,0,3.64199,0.0153442,-9.52943e-09
11.3,0.5,0,3.82984,0.0202546,-1.13513e-08
11.3,0.6,0,3.84501,0.0249349,-9.60029e-09
11.3,0.7,0,3.86022,0.0296806,-8.04721e-09
11.3,0.8,0,3.8681,0.034814,-7.71471e-09
11.3,0.9,0,3.86811,0.039484,-6.02971e-09
11.3,1,0,3.86828,0.0447038,7.72143e-10
11.3,1.1,0,3.867,0.0494248,1.49321e-08
11.3,1.2,0,3.86574,0.0542219,2.75946e-08
11.3,1.3,0,3.86442,0.0594997,2.19296e-08
11.3,1.4,0,3.86275,0.0642693,1.74046e-08
11.3,1.5,0,3.8613,0.0697209,2.43396e-08
11.3,1.6,0,3.85925,0.0745532,2.16946e-08
11.3,1.7,0,3.85724,0.0794816,1.86014e-08
11.3,1.8,0,3.85521,0.0850252,1.04889e-08
11.3,1.9,0,3.85275,0.0899341,3.18393e-09
11.3,2,0,3.85058,0.0957239,-2.76107e-09
11.3,2.1,0,3.84765,0.100697,-4.41107e-09
11.3,2.2,0,3.84476,0.105795,-4.99857e-09
11.3,2.3,0,3.84183,0.111691,2.94893e-09
11.3,2.4,0,3.83839,0.116763,5.61893e-09
11.3,2.5,0,3.83524,0.123032,7.34643e-10
11.3,2.6,0,3.83116,0.128085,4.64643e-10
11.3,2.7,0,3.82711,0.133303,1.33536e-09
11.3,2.8,0,3.82292,0.139619,8.02036e-09
11.3,2.9,0,3.81819,0.144874,5.69036e-09
11.3,3,0,3.81375,0.151905,-6.07964e-09
11.3,3.1,0,3.80802,0.156741,-9.19964e-09
11.3,3.2,0,3.8023,0.161786,-1.20611e-08
11.3,3.3,0,3.79632,0.168306,-5.99607e-09
11.3,3.4,0,3.78992,0.17359,5.63393e-09
11.3,3.5,0,3.78377,0.181718,1.76182e-08
11.3,3.6,0,3.77563,0.186183,1.96682e-08
11.3,3.7,0,3.76747,0.19086,2.16329e-08
11.3,3.8,0,3.75824,0.196479,2.22854e-08
11.3,3.9,0,3.74834,0.200276,2.27354e-08
11.3,4,0,3.7377,0.208616,2.56139e-08
11.3,4.1,0,3.73225,0.212265,2.04489e-08
11.3,4.2,0,3.72694,0.216105,1.49204e-08
11.3,4.3,0,3.70918,0.220579,7.69286e-09
11.3,4.4,0,3.67705,0.2232,3.49286e-09
11.3,4.5,0,3.64099,0.231207,-1.42143e-09
11.3,4.6,0,3.6514,0.226148,1.37786e-08
11.3,4.7,0,3.65971,0.221739,2.90036e-08
11.3,4.8,0,3.66362,0.220838,4.00477e-08
11.3,4.9,0,3.69058,0.214997,4.6586e-08
11.3,5,0,3.72009,0.203989,6.77469e-08
11.3,5.1,0,3.62666,0.201313,2.35714e-09
11.3,5.2,0,3.39053,0.190971,-1.07929e-07
11.3,5.3,0,3.07482,0.15662,-1.74e-07
11.3,5.4,0,2.85325,0.0872676,-1.69071e-07
11.3,5.5,0,2.7775,-0.00167398,-1.74679e-07
11.3,5.6,0,2.83105,-0.0919071,-1.67929e-07
11.3,5.7,0,3.02179,-0.165594,-1.63929e-08
11.3,5.8,0,3.3213,-0.206936,2.14071e-07
11.3,5.9,0,3.59324,-0.221461,2.6925e-07
11.3,6,0,3.80218,-0.217011,9.77858e-08
11.3,6.1,0,3.78456,-0.216567,6.4948e-08
11.3,6.2,0,3.76694,-0.216122,3.21103e-08
11.3,6.3,0,3.74285,-0.219859,-1.11211e-08
11.3,6.4,0,3.71086,-0.225982,-2.55004e-08
11.3,6.5,0,3.67953,-0.230223,-1.64781e-08
11.3,6.6,0,3.64868,-0.2339,-6.43808e-09
11.3,6.7,0,3.64014,-0.230538,1.01888e-08
11.3,6.8,0,3.66754,-0.229497,8.42759e-09
11.3,6.9,0,3.69493,-0.228456,6.6664e-09
11.3,7,0,3.72936,-0.220725,2.18153e-08
11.3,7.1,0,3.7378,-0.215538,3.09127e-08
11.3,7.2,0,3.74474,-0.210624,3.9338e-08
11.3,7.3,0,3.75136,-0.204802,4.354e-08
11.3,7.4,0,3.75769,-0.199679,4.03452e-08
11.3,7.5,0,3.76417,-0.196071,3.71027e-08
11.3,7.6,0,3.77064,-0.192355,3.39134e-08
11.3,7.7,0,3.77661,-0.183503,3.36513e-08
11.3,7.8,0,3.78298,-0.179316,3.2155e-08
11.3,7.9,0,3.78934,-0.17513,3.06588e-08
11.3,8,0,3.79587,-0.169531,4.48465e-08
11.3,8.1,0,3.80033,-0.164649,6.97006e-08
11.3,8.2,0,3.80455,-0.159924,9.48648e-08
11.3,8.3,0,3.80847,-0.153996,1.07407e-07
11.3,8.4,0,3.81205,-0.147962,9.41168e-08
11.3,8.5,0,3.81591,-0.143975,8.2072e-08
11.3,8.6,0,3.81976,-0.139987,7.00272e-08
11.3,8.7,0,3.82305,-0.13459,7.75219e-08
11.3,8.8,0,3.82593,-0.130342,7.38316e-08
11.3,8.9,0,3.82881,-0.126095,7.01413e-08
11.3,9,0,3.83115,-0.120564,7.42187e-08
11.3,9.1,0,3.83348,-0.116341,9.3306e-08
11.3,9.2,0,3.83587,-0.112491,1.14187e-07
11.3,9.3,0,3.83806,-0.108281,1.25452e-07
11.3,9.4,0,3.83981,-0.103809,1.1303e-07
11.3,9.5,0,3.84168,-0.100068,1.03493e-07
11.3,9.6,0,3.84355,-0.0963276,9.39556e-08
11.3,9.7,0,3.84473,-0.0916834,1.08498e-07
11.3,9.8,0,3.84622,-0.0881678,1.00562e-07
11.3,9.9,0,3.84771,-0.0846521,9.26253e-08
11.3,10,0,3.84877,-0.0806177,8.32702e-08
11.3,10.1,0,3.84985,-0.0770516,7.7062e-08
11.3,10.2,0,3.85101,-0.073702,7.19128e-08
11.3,10.3,0,3.85202,-0.0701925,6.34553e-08
11.3,10.4,0,3.85268,-0.06651,5.92288e-08
11.3,10.5,0,3.85358,-0.0633271,7.48743e-08
11.3,10.6,0,3.85449,-0.0601441,9.05198e-08
11.3,10.7,0,3.85489,-0.0565423,1.13691e-07
11.3,10.8,0,3.85558,-0.0535007,9.1355e-08
11.3,10.9,0,3.85628,-0.050459,6.90191e-08
11.3,11,0,3.85669,-0.0471949,4.88475e-08
11.3,11.1,0,3.85712,-0.0441356,5.43853e-08
11.3,11.2,0,3.85765,-0.0412142,6.78155e-08
11.3,11.3,0,3.8581,-0.0382395,7.80986e-08
11.3,11.4,0,3.85824,-0.0351658,7.25489e-08
11.3,11.5,0,3.85848,-0.0323454,6.70164e-08
11.3,11.6,0,3.85873,-0.029525,6.14839e-08
11.3,11.7,0,3.85851,-0.0265264,7.05223e-08
11.3,11.8,0,3.85475,-0.023757,4.40357e-08
11.3,11.9,0,3.851,-0.0209876,1.75491e-08
11.3,12,0,3.84714,-0.0181337,-5.16398e-09
11.3,12.1,0,3.78722,-0.0153893,7.5477e-09
11.3,12.2,0,3.70333,-0.0127332,3.35861e-08
11.3,12.3,0,3.61939,-0.0100568,5.74988e-08
11.3,12.4,0,3.19268,-0.0073799,5.58962e-08
11.3,12.5,0,2.13028,-0.00498991,3.70772e-08
11.3,12.6,0,1.06788,-0.00259992,1.82582e-08
11.3,12.7,0,0,0,0
11.4,0,0,0,0,0
11.4,0.1,0,1.34147,0.00325137,-6.041e-09
11.4,0.2,0,2.68294,0.00650273,-1.2082e-08
11.4,0.3,0,3.45126,0.0106483,-1.28047e-08
11.4,0.4,0,3.63753,0.0150004,-1.08497e-08
11.4,0.5,0,3.82459,0.0196316,-1.07831e-08
11.4,0.6,0,3.83976,0.0243119,-9.03214e-09
11.4,0.7,0,3.85493,0.0289921,-7.28114e-09
11.4,0.8,0,3.86269,0.0339292,-6.35486e-09
11.4,0.9,0,3.8627,0.0385991,-4.66986e-09
11.4,1,0,3.86279,0.043544,-4.26429e-10
11.4,1.1,0,3.86151,0.0482651,1.37336e-08
11.4,1.2,0,3.86022,0.0529861,2.78936e-08
11.4,1.3,0,3.85884,0.0580357,2.67211e-08
11.4,1.4,0,3.85716,0.0628053,2.21961e-08
11.4,1.5,0,3.8556,0.0679159,2.34011e-08
11.4,1.6,0,3.85355,0.0727482,2.07561e-08
11.4,1.7,0,3.8515,0.0775804,1.81111e-08
11.4,1.8,0,3.84938,0.0828356,1.13432e-08
11.4,1.9,0,3.84692,0.0877445,4.03821e-09
11.4,2,0,3.8446,0.0930939,-2.58679e-09
11.4,2.1,0,3.84168,0.0980672,-4.23679e-09
11.4,2.2,0,3.83875,0.10304,-5.88679e-09
11.4,2.3,0,3.83571,0.108562,-1.12679e-09
11.4,2.4,0,3.83226,0.113634,1.54321e-09
11.4,2.5,0,3.82897,0.119304,4.36071e-10
11.4,2.6,0,3.82488,0.124357,1.66071e-10
11.4,2.7,0,3.8208,0.129409,-1.03929e-10
11.4,2.8,0,3.81652,0.135227,3.15893e-09
11.4,2.9,0,3.8118,0.140481,8.28929e-10
11.4,3,0,3.80721,0.146624,-6.22107e-09
11.4,3.1,0,3.80148,0.151461,-9.34107e-09
11.4,3.2,0,3.79575,0.156297,-1.24611e-08
11.4,3.3,0,3.78973,0.162191,-7.17179e-09
11.4,3.4,0,3.78334,0.167475,4.45821e-09
11.4,3.5,0,3.77706,0.174181,1.62654e-08
11.4,3.6,0,3.76893,0.178646,1.83154e-08
11.4,3.7,0,3.7608,0.183111,2.03654e-08
11.4,3.8,0,3.75166,0.188092,2.12739e-08
11.4,3.9,0,3.74176,0.19189,2.17239e-08
11.4,4,0,3.73149,0.197959,2.33882e-08
11.4,4.1,0,3.72604,0.201608,1.82232e-08
11.4,4.2,0,3.72059,0.205257,1.30582e-08
11.4,4.3,0,3.70238,0.209156,6.92143e-09
11.4,4.4,0,3.67025,0.211777,2.72143e-09
11.4,4.5,0,3.63615,0.217091,-1.83571e-09
11.4,4.6,0,3.64657,0.212032,1.33643e-08
11.4,4.7,0,3.65698,0.206973,2.85643e-08
11.4,4.8,0,3.66723,0.204122,3.95334e-08
11.4,4.9,0,3.69418,0.198281,4.60717e-08
11.4,5,0,3.72241,0.189856,5.99213e-08
11.4,5.1,0,3.61834,0.188431,-1.00714e-08
11.4,5.2,0,3.39073,0.178373,-1.15214e-07
11.4,5.3,0,3.10509,0.144877,-1.72e-07
11.4,5.4,0,2.91116,0.0796006,-1.60786e-07
11.4,5.5,0,2.84602,-0.0028767,-1.57964e-07
11.4,5.6,0,2.89242,-0.0864646,-1.50214e-07
11.4,5.7,0,3.05898,-0.155586,-1.88214e-08
11.4,5.8,0,3.32745,-0.195666,1.90786e-07
11.4,5.9,0,3.58352,-0.210193,2.5025e-07
11.4,6,0,3.79648,-0.204234,1.02934e-07
11.4,6.1,0,3.77886,-0.203789,7.00958e-08
11.4,6.2,0,3.76125,-0.203344,3.72581e-08
11.4,6.3,0,3.74312,-0.20323,3.59891e-09
11.4,6.4,0,3.71113,-0.209352,-1.07804e-08
11.4,6.5,0,3.6798,-0.213594,-1.75806e-09
11.4,6.6,0,3.64847,-0.217835,7.26433e-09
11.4,6.7,0,3.63758,-0.2172,1.89802e-08
11.4,6.8,0,3.66498,-0.216159,1.7219e-08
11.4,6.9,0,3.69237,-0.215118,1.54578e-08
11.4,7,0,3.72304,-0.210966,2.1561e-08
11.4,7.1,0,3.73148,-0.205778,3.06584e-08
11.4,7.2,0,3.73841,-0.200864,3.90838e-08
11.4,7.3,0,3.74535,-0.19595,4.75091e-08
11.4,7.4,0,3.75169,-0.19087,4.45123e-08
11.4,7.5,0,3.75817,-0.187261,4.12698e-08
11.4,7.6,0,3.76465,-0.183653,3.80273e-08
11.4,7.7,0,3.77086,-0.177297,3.65199e-08
11.4,7.8,0,3.77722,-0.17311,3.50236e-08
11.4,7.9,0,3.78358,-0.168924,3.35273e-08
11.4,8,0,3.79002,-0.164138,3.86951e-08
11.4,8.1,0,3.79448,-0.159255,6.35492e-08
11.4,8.2,0,3.7987,-0.15453,8.87134e-08
11.4,8.3,0,3.80292,-0.149806,1.13878e-07
11.4,8.4,0,3.80657,-0.144027,1.03271e-07
11.4,8.5,0,3.81042,-0.14004,9.12263e-08
11.4,8.6,0,3.81428,-0.136052,7.91815e-08
11.4,8.7,0,3.81776,-0.131334,7.77419e-08
11.4,8.8,0,3.82064,-0.127086,7.40516e-08
11.4,8.9,0,3.82352,-0.122839,7.03613e-08
11.4,9,0,3.82619,-0.118106,6.96087e-08
11.4,9.1,0,3.82853,-0.113883,8.8696e-08
11.4,9.2,0,3.83092,-0.110033,1.09577e-07
11.4,9.3,0,3.83331,-0.106182,1.30457e-07
11.4,9.4,0,3.83515,-0.101869,1.22275e-07
11.4,9.5,0,3.83702,-0.098128,1.12737e-07
11.4,9.6,0,3.83889,-0.0943875,1.032e-07
11.4,9.7,0,3.84039,-0.090212,1.05823e-07
11.4,9.8,0,3.84188,-0.0866963,9.78862e-08
11.4,9.9,0,3.84337,-0.0831807,8.99496e-08
11.4,10,0,3.84472,-0.0794974,8.15545e-08
11.4,10.1,0,3.8458,-0.0759312,7.53463e-08
11.4,10.2,0,3.84696,-0.0725816,7.01971e-08
11.4,10.3,0,3.84812,-0.0692321,6.50478e-08
11.4,10.4,0,3.8489,-0.0656736,6.33846e-08
11.4,10.5,0,3.84981,-0.0624906,7.90302e-08
11.4,10.6,0,3.85071,-0.0593076,9.46757e-08
11.4,10.7,0,3.85135,-0.0559223,1.12185e-07
11.4,10.8,0,3.85205,-0.0528807,8.9849e-08
11.4,10.9,0,3.85274,-0.049839,6.75132e-08
11.4,11,0,3.85337,-0.0467401,4.57349e-08
11.4,11.1,0,3.8538,-0.0436808,5.12727e-08
11.4,11.2,0,3.85432,-0.0407593,6.4703e-08
11.4,11.3,0,3.85484,-0.0378379,7.81332e-08
11.4,11.4,0,3.85508,-0.0348339,7.67073e-08
11.4,11.5,0,3.85532,-0.0320136,7.11748e-08
11.4,11.6,0,3.85557,-0.0291932,6.56424e-08
11.4,11.7,0,3.85548,-0.0262849,6.68715e-08
11.4,11.8,0,3.85173,-0.0235155,4.03849e-08
11.4,11.9,0,3.84797,-0.0207461,1.38983e-08
11.4,12,0,3.8442,-0.0179616,-1.19169e-08
11.4,12.1,0,3.78428,-0.0152172,7.94803e-10
11.4,12.2,0,3.7004,-0.0125611,2.68332e-08
11.4,12.3,0,3.61651,-0.009905,5.28717e-08
11.4,12.4,0,3.18994,-0.00727494,5.61767e-08
11.4,12.5,0,2.12754,-0.00488495,3.73576e-08
11.4,12.6,0,1.06514,-0.00249496,1.85386e-08
11.4,12.7,0,0,0,0
11.5,0,0,0,0,0
11.5,0.1,0,1.34147,0.00325137,-6.041e-09
11.5,0.2,0,2.68294,0.00650273,-1.2082e-08
11.5,0.3,0,3.44681,0.0103045,-1.4125e-08
11.5,0.4,0,3.63307,0.0146565,-1.217e-08
11.5,0.5,0,3.81934,0.0190086,-1.0215e-08
11.5,0.6,0,3.83451,0.0236889,-8.464e-09
11.5,0.7,0,3.84969,0.0283692,-6.713e-09
11.5,0.8,0,3.85728,0.0330443,-4.995e-09
11.5,0.9,0,3.85729,0.0377143,-3.31e-09
11.5,1,0,3.85731,0.0423842,-1.625e-09
11.5,1.1,0,3.85602,0.0471053,1.2535e-08
11.5,1.2,0,3.85473,0.0518264,2.6695e-08
11.5,1.3,0,3.85325,0.0565717,3.15125e-08
11.5,1.4,0,3.85158,0.0613413,2.69875e-08
11.5,1.5,0,3.8499,0.066111,2.24625e-08
11.5,1.6,0,3.84785,0.0709432,1.98175e-08
11.5,1.7,0,3.8458,0.0757754,1.71725e-08
11.5,1.8,0,3.84355,0.080646,1.21975e-08
11.5,1.9,0,3.84109,0.085555,4.8925e-09
11.5,2,0,3.83863,0.0904639,-2.4125e-09
11.5,2.1,0,3.8357,0.0954372,-4.0625e-09
11.5,2.2,0,3.83277,0.10041,-5.7125e-09
11.5,2.3,0,3.82959,0.105433,-5.2025e-09
11.5,2.4,0,3.82614,0.110505,-2.5325e-09
11.5,2.5,0,3.82269,0.115576,1.375e-10
11.5,2.6,0,3.81861,0.120629,-1.325e-10
11.5,2.7,0,3.81453,0.125682,-4.025e-10
11.5,2.8,0,3.81012,0.130835,-1.7025e-09
11.5,2.9,0,3.8054,0.136089,-4.0325e-09
11.5,3,0,3.80067,0.141343,-6.3625e-09
11.5,3.1,0,3.79494,0.14618,-9.4825e-09
11.5,3.2,0,3.78921,0.151016,-1.26025e-08
11.5,3.3,0,3.78314,0.156076,-8.3475e-09
11.5,3.4,0,3.77675,0.16136,3.2825e-09
11.5,3.5,0,3.77036,0.166644,1.49125e-08
11.5,3.6,0,3.76223,0.171109,1.69625e-08
11.5,3.7,0,3.75409,0.175574,1.90125e-08
11.5,3.8,0,3.74507,0.179706,2.02625e-08
11.5,3.9,0,3.73517,0.183503,2.07125e-08
11.5,4,0,3.72527,0.187301,2.11625e-08
11.5,4.1,0,3.71982,0.19095,1.59975e-08
11.5,4.2,0,3.71437,0.194599,1.08325e-08
11.5,4.3,0,3.69558,0.197734,6.15e-09
11.5,4.4,0,3.66345,0.200355,1.95e-09
11.5,4.5,0,3.63132,0.202975,-2.25e-09
11.5,4.6,0,3.64173,0.197916,1.295e-08
11.5,4.7,0,3.65215,0.192857,2.815e-08
11.5,4.8,0,3.67083,0.187407,3.90191e-08
11.5,4.9,0,3.69778,0.181565,4.55574e-08
11.5,5,0,3.72474,0.175723,5.20957e-08
11.5,5.1,0,3.61002,0.175548,-2.25e-08
11.5,5.2,0,3.39093,0.165774,-1.225e-07
11.5,5.3,0,3.13537,0.133135,-1.7e-07
11.5,5.4,0,2.96906,0.0719336,-1.525e-07
11.5,5.5,0,2.91453,-0.00407941,-1.4125e-07
11.5,5.6,0,2.95378,-0.081022,-1.325e-07
11.5,5.7,0,3.09617,-0.145577,-2.125e-08
11.5,5.8,0,3.33361,-0.184397,1.675e-07
11.5,5.9,0,3.5738,-0.198925,2.3125e-07
11.5,6,0,3.79078,-0.191456,1.08081e-07
11.5,6.1,0,3.77317,-0.191011,7.52436e-08
11.5,6.2,0,3.75555,-0.190567,4.24059e-08
11.5,6.3,0,3.73793,-0.190122,9.5682e-09
11.5,6.4,0,3.7114,-0.192723,3.93955e-09
11.5,6.5,0,3.68007,-0.196964,1.29619e-08
11.5,6.6,0,3.64874,-0.201206,2.19843e-08
11.5,6.7,0,3.63502,-0.203862,2.77716e-08
11.5,6.8,0,3.66242,-0.202821,2.60104e-08
11.5,6.9,0,3.68981,-0.20178,2.42493e-08
11.5,7,0,3.71721,-0.200739,2.24881e-08
11.5,7.1,0,3.72516,-0.196019,3.04041e-08
11.5,7.2,0,3.73209,-0.191105,3.88295e-08
11.5,7.3,0,3.73903,-0.186191,4.72549e-08
11.5,7.4,0,3.74569,-0.18206,4.86795e-08
11.5,7.5,0,3.75217,-0.178452,4.54369e-08
11.5,7.6,0,3.75865,-0.174843,4.21944e-08
11.5,7.7,0,3.7651,-0.17109,3.93884e-08
11.5,7.8,0,3.77146,-0.166904,3.78922e-08
11.5,7.9,0,3.77783,-0.162718,3.63959e-08
11.5,8,0,3.78419,-0.158532,3.48996e-08
11.5,8.1,0,3.78862,-0.153861,5.73978e-08
11.5,8.2,0,3.79284,-0.149137,8.25619e-08
11.5,8.3,0,3.79707,-0.144412,1.07726e-07
11.5,8.4,0,3.80109,-0.140093,1.12425e-07
11.5,8.5,0,3.80494,-0.136105,1.00381e-07
11.5,8.6,0,3.8088,-0.132118,8.83358e-08
11.5,8.7,0,3.81246,-0.128078,7.79619e-08
11.5,8.8,0,3.81534,-0.12383,7.42716e-08
11.5,8.9,0,3.81822,-0.119583,7.05813e-08
11.5,9,0,3.82111,-0.115335,6.6891e-08
11.5,9.1,0,3.82357,-0.111425,8.4086e-08
11.5,9.2,0,3.82597,-0.107575,1.04967e-07
11.5,9.3,0,3.82836,-0.103724,1.25847e-07
11.5,9.4,0,3.83049,-0.0999284,1.31519e-07
11.5,9.5,0,3.83236,-0.0961879,1.21982e-07
11.5,9.6,0,3.83423,-0.0924473,1.12444e-07
11.5,9.7,0,3.83605,-0.0887405,1.03147e-07
11.5,9.8,0,3.83754,-0.0852249,9.52104e-08
11.5,9.9,0,3.83903,-0.0817093,8.72739e-08
11.5,10,0,3.84052,-0.0781936,7.93373e-08
11.5,10.1,0,3.84175,-0.0748108,7.36306e-08
11.5,10.2,0,3.84291,-0.0714613,6.84813e-08
11.5,10.3,0,3.84407,-0.0681117,6.33321e-08
11.5,10.4,0,3.84512,-0.0648371,6.75405e-08
11.5,10.5,0,3.84603,-0.0616542,8.3186e-08
11.5,10.6,0,3.84693,-0.0584712,9.88315e-08
11.5,10.7,0,3.84782,-0.0553024,1.10679e-07
11.5,10.8,0,3.84851,-0.0522607,8.83431e-08
11.5,10.9,0,3.84921,-0.0492191,6.60073e-08
11.5,11,0,3.8499,-0.0461774,4.36715e-08
11.5,11.1,0,3.85047,-0.0432259,4.81602e-08
11.5,11.2,0,3.85099,-0.0403045,6.15904e-08
11.5,11.3,0,3.85151,-0.0373831,7.50206e-08
11.5,11.4,0,3.85192,-0.0345021,8.08658e-08
11.5,11.5,0,3.85217,-0.0316817,7.53333e-08
11.5,11.6,0,3.85241,-0.0288613,6.98008e-08
11.5,11.7,0,3.85245,-0.0260435,6.32207e-08
11.5,11.8,0,3.8487,-0.0232741,3.67341e-08
11.5,11.9,0,3.84494,-0.0205046,1.02475e-08
11.5,12,0,3.84119,-0.0177352,-1.6239e-08
11.5,12.1,0,3.78134,-0.0150451,-5.9581e-09
11.5,12.2,0,3.69746,-0.012389,2.00803e-08
11.5,12.3,0,3.61357,-0.00973293,4.61188e-08
11.5,12.4,0,3.1872,-0.00716997,5.64571e-08
11.5,12.5,0,2.1248,-0.00477998,3.76381e-08
11.5,12.6,0,1.0624,-0.00238999,1.8819e-08
11.5,12.7,0,0,0,0
11.6,0,0,0,0,0
11.6,0.1,0,1.33824,0.00296113,-4.56929e-09
11.6,0.2,0,2.6797,0.0062125,-1.06103e-08
11.6,0.3,0,3.44276,0.00971116,-1.5103e-08
11.6,0.4,0,3.62902,0.0140633,-1.3148e-08
11.6,0.5,0,3.81529,0.0184153,-1.1193e-08
11.6,0.6,0,3.8303,0.0227886,-1.1918e-08
11.6,0.7,0,3.84548,0.0274688,-1.0167e-08
11.6,0.8,0,3.85306,0.0318289,-7.205e-09
11.6,0.9,0,3.85307,0.0364989,-5.52e-09
11.6,1,0,3.85309,0.0411689,-3.835e-09
11.6,1.1,0,3.85181,0.0455561,4.66786e-09
11.6,1.2,0,3.85053,0.0502772,1.88279e-08
11.6,1.3,0,3.84906,0.0546639,2.47511e-08
11.6,1.4,0,3.84738,0.0594336,2.02261e-08
11.6,1.5,0,3.84571,0.0642032,1.57011e-08
11.6,1.6,0,3.84368,0.0686457,1.49389e-08
11.6,1.7,0,3.84163,0.0734779,1.22939e-08
11.6,1.8,0,3.83941,0.0779193,6.94607e-09
11.6,1.9,0,3.83695,0.0828282,-3.58929e-10
11.6,2,0,3.83449,0.0877372,-7.66393e-09
11.6,2.1,0,3.83161,0.0922375,-8.83536e-09
11.6,2.2,0,3.82869,0.0972108,-1.04854e-08
11.6,2.3,0,3.82558,0.101701,-1.08839e-08
11.6,2.4,0,3.82213,0.106773,-8.21393e-09
11.6,2.5,0,3.81868,0.111844,-5.54393e-09
11.6,2.6,0,3.81472,0.116318,-5.69393e-09
11.6,2.7,0,3.81063,0.12137,-5.96393e-09
11.6,2.8,0,3.80639,0.125841,-5.1025e-09
11.6,2.9,0,3.80166,0.131095,-7.4325e-09
11.6,3,0,3.79694,0.136349,-9.7625e-09
11.6,3.1,0,3.79147,0.140515,-1.11382e-08
11.6,3.2,0,3.78574,0.145351,-1.42582e-08
11.6,3.3,0,3.77999,0.149515,-1.13589e-08
11.6,3.4,0,3.77359,0.1548,2.71071e-10
11.6,3.5,0,3.7672,0.160084,1.19011e-08
11.6,3.6,0,3.75962,0.163851,1.35068e-08
11.6,3.7,0,3.75149,0.168316,1.55568e-08
11.6,3.8,0,3.74326,0.171426,1.62225e-08
11.6,3.9,0,3.73336,0.175223,1.66725e-08
11.6,4,0,3.72346,0.179021,1.71225e-08
11.6,4.1,0,3.71801,0.182026,1.44818e-08
11.6,4.2,0,3.71256,0.185675,9.31679e-09
11.6,4.3,0,3.69791,0.187714,5.88286e-09
11.6,4.4,0,3.66578,0.190335,1.68286e-09
11.6,4.5,0,3.63365,0.192956,-2.51714e-09
11.6,4.6,0,3.6442,0.187811,1.07686e-08
11.6,4.7,0,3.65462,0.182752,2.59686e-08
11.6,4.8,0,3.66789,0.178986,3.42228e-08
11.6,4.9,0,3.69485,0.173145,4.07611e-08
11.6,5,0,3.7218,0.167303,4.72994e-08
11.6,5.1,0,3.60917,0.167427,-2.40714e-08
11.6,5.2,0,3.40241,0.157548,-1.17071e-07
11.6,5.3,0,3.16454,0.125888,-1.60429e-07
11.6,5.4,0,3.01066,0.0675229,-1.44071e-07
11.6,5.5,0,2.96035,-0.00459996,-1.34536e-07
11.6,5.6,0,2.99665,-0.0775805,-1.28214e-07
11.6,5.7,0,3.12846,-0.139044,-2.71071e-08
11.6,5.8,0,3.34925,-0.176474,1.485e-07
11.6,5.9,0,3.57489,-0.190992,2.1225e-07
11.6,6,0,3.78334,-0.183454,1.05421e-07
11.6,6.1,0,3.77133,-0.181477,8.31879e-08
11.6,6.2,0,3.75371,-0.181032,5.03502e-08
11.6,6.3,0,3.73609,-0.180587,1.75125e-08
11.6,6.4,0,3.71455,-0.183362,1.31527e-09
11.6,6.5,0,3.68322,-0.187603,1.03377e-08
11.6,6.6,0,3.65189,-0.191844,1.936e-08
11.6,6.7,0,3.63446,-0.195477,2.55503e-08
11.6,6.8,0,3.66083,-0.194705,2.39004e-08
11.6,6.9,0,3.68823,-0.193664,2.21393e-08
11.6,7,0,3.71562,-0.192623,2.03781e-08
11.6,7.1,0,3.72305,-0.188949,2.54555e-08
11.6,7.2,0,3.72998,-0.184035,3.38809e-08
11.6,7.3,0,3.73692,-0.179121,4.23063e-08
11.6,7.4,0,3.7432,-0.176258,4.10352e-08
11.6,7.5,0,3.74968,-0.172649,3.77927e-08
11.6,7.6,0,3.75616,-0.169041,3.45501e-08
11.6,7.7,0,3.76228,-0.165789,3.12152e-08
11.6,7.8,0,3.76847,-0.161869,2.94379e-08
11.6,7.9,0,3.77483,-0.157683,2.79416e-08
11.6,8,0,3.78119,-0.153496,2.64453e-08
11.6,8.1,0,3.78553,-0.149803,4.78863e-08
11.6,8.2,0,3.78975,-0.145078,7.30505e-08
11.6,8.3,0,3.79397,-0.140353,9.82147e-08
11.6,8.4,0,3.79787,-0.136664,9.86097e-08
11.6,8.5,0,3.80172,-0.132677,8.65649e-08
11.6,8.6,0,3.80558,-0.128689,7.45201e-08
11.6,8.7,0,3.80925,-0.124983,6.50925e-08
11.6,8.8,0,3.81213,-0.12104,6.22674e-08
11.6,8.9,0,3.81501,-0.116793,5.85771e-08
11.6,9,0,3.81789,-0.112545,5.48868e-08
11.6,9.1,0,3.82038,-0.109121,7.31917e-08
11.6,9.2,0,3.82278,-0.105271,9.40723e-08
11.6,9.3,0,3.82517,-0.10142,1.14953e-07
11.6,9.4,0,3.82737,-0.0980523,1.09897e-07
11.6,9.5,0,3.82924,-0.0943118,1.0036e-07
11.6,9.6,0,3.83111,-0.0905712,9.08228e-08
11.6,9.7,0,3.83295,-0.087002,8.67812e-08
11.6,9.8,0,3.83449,-0.0836999,8.70033e-08
11.6,9.9,0,3.83598,-0.0801842,7.90667e-08
11.6,10,0,3.83747,-0.0766686,7.11302e-08
11.6,10.1,0,3.83878,-0.0735838,6.25377e-08
11.6,10.2,0,3.83995,-0.0702343,5.73885e-08
11.6,10.3,0,3.84111,-0.0668847,5.22392e-08
11.6,10.4,0,3.84224,-0.0638602,4.83848e-08
11.6,10.5,0,3.84315,-0.0606772,6.40303e-08
11.6,10.6,0,3.84406,-0.0574943,7.96758e-08
11.6,10.7,0,3.84496,-0.0543808,9.55605e-08
11.6,10.8,0,3.84572,-0.0514958,8.46445e-08
11.6,10.9,0,3.84641,-0.0484541,6.23087e-08
11.6,11,0,3.84711,-0.0454125,3.99729e-08
11.6,11.1,0,3.84774,-0.0426418,3.6092e-08
11.6,11.2,0,3.84826,-0.0397203,4.95222e-08
11.6,11.3,0,3.84878,-0.0367989,6.29525e-08
11.6,11.4,0,3.84925,-0.0340742,7.20428e-08
11.6,11.5,0,3.84949,-0.0312538,6.65103e-08
11.6,11.6,0,3.84974,-0.0284334,6.09778e-08
11.6,11.7,0,3.84979,-0.025634,5.57e-08
11.6,11.8,0,3.84608,-0.0229869,3.7883e-08
11.6,11.9,0,3.84233,-0.0202175,1.13965e-08
11.6,12,0,3.83858,-0.0174481,-1.50901e-08
11.6,12.1,0,3.77896,-0.0148937,-1.11295e-08
11.6,12.2,0,3.69507,-0.0122376,1.4909e-08
11.6,12.3,0,3.61119,-0.00958155,4.09474e-08
11.6,12.4,0,3.187,-0.00715698,5.60133e-08
11.6,12.5,0,2.1248,-0.00477998,3.76381e-08
11.6,12.6,0,1.0624,-0.00238999,1.8819e-08
11.6,12.7,0,0,0,0
11.7,0,0,0,0,0
11.7,0.1,0,1.335,0.0026709,-3.09757e-09
11.7,0.2,0,2.67647,0.00592227,-9.13857e-09
11.7,0.3,0,3.43891,0.00919363,-1.54686e-08
11.7,0.4,0,3.62497,0.01347,-1.4126e-08
11.7,0.5,0,3.81124,0.017822,-1.2171e-08
11.7,0.6,0,3.82609,0.0218882,-1.5372e-08
11.7,0.7,0,3.84127,0.0265685,-1.3621e-08
11.7,0.8,0,3.84885,0.0306924,-9.726e-09
11.7,0.9,0,3.84886,0.0352836,-7.73e-09
11.7,1,0,3.84887,0.0399536,-6.045e-09
11.7,1.1,0,3.8476,0.0440069,-3.19929e-09
11.7,1.2,0,3.84632,0.0487279,1.09607e-08
11.7,1.3,0,3.84486,0.0528458,1.77132e-08
11.7,1.4,0,3.84319,0.0575258,1.34646e-08
11.7,1.5,0,3.84152,0.0622954,8.93964e-09
11.7,1.6,0,3.83951,0.0663481,1.00604e-08
11.7,1.7,0,3.83746,0.0711804,7.41536e-09
11.7,1.8,0,3.83526,0.0752999,1.78786e-09
11.7,1.9,0,3.83281,0.0801015,-5.61036e-09
11.7,2,0,3.83035,0.0850105,-1.29154e-08
11.7,2.1,0,3.82753,0.0890378,-1.36082e-08
11.7,2.2,0,3.8246,0.0940111,-1.52582e-08
11.7,2.3,0,3.82154,0.0981017,-1.63382e-08
11.7,2.4,0,3.81812,0.10304,-1.38954e-08
11.7,2.5,0,3.81467,0.108112,-1.12254e-08
11.7,2.6,0,3.81082,0.112006,-1.12554e-08
11.7,2.7,0,3.80674,0.117059,-1.15254e-08
11.7,2.8,0,3.80261,0.121017,-9.04286e-09
11.7,2.9,0,3.79793,0.1261,-1.08325e-08
11.7,3,0,3.7932,0.131354,-1.31625e-08
11.7,3.1,0,3.788,0.13485,-1.27939e-08
11.7,3.2,0,3.78227,0.139686,-1.59139e-08
11.7,3.3,0,3.77675,0.143179,-1.40314e-08
11.7,3.4,0,3.77043,0.148239,-2.74036e-09
11.7,3.5,0,3.76404,0.153523,8.88964e-09
11.7,3.6,0,3.75702,0.156592,1.00511e-08
11.7,3.7,0,3.74888,0.161057,1.21011e-08
11.7,3.8,0,3.74126,0.163401,1.23286e-08
11.7,3.9,0,3.73155,0.166943,1.26325e-08
11.7,4,0,3.72165,0.170741,1.30825e-08
11.7,4.1,0,3.7162,0.173102,1.29661e-08
11.7,4.2,0,3.71075,0.176751,7.80107e-09
11.7,4.3,0,3.6992,0.177969,5.30357e-09
11.7,4.4,0,3.66811,0.180316,1.41571e-09
11.7,4.5,0,3.63597,0.182936,-2.78429e-09
11.7,4.6,0,3.64668,0.177705,8.58714e-09
11.7,4.7,0,3.65709,0.172646,2.37871e-08
11.7,4.8,0,3.66631,0.170145,3.00803e-08
11.7,4.9,0,3.69191,0.164724,3.59648e-08
11.7,5,0,3.71886,0.158883,4.25031e-08
11.7,5.1,0,3.60832,0.159306,-2.56429e-08
11.7,5.2,0,3.41389,0.149322,-1.11643e-07
11.7,5.3,0,3.1937,0.118641,-1.50857e-07
11.7,5.4,0,3.05226,0.0631122,-1.35643e-07
11.7,5.5,0,3.00617,-0.00512051,-1.27821e-07
11.7,5.6,0,3.03952,-0.0741391,-1.23929e-07
11.7,5.7,0,3.16075,-0.132512,-3.29643e-08
11.7,5.8,0,3.36489,-0.16855,1.295e-07
11.7,5.9,0,3.57597,-0.183058,1.9325e-07
11.7,6,0,3.7759,-0.175452,1.0276e-07
11.7,6.1,0,3.76949,-0.171943,9.11322e-08
11.7,6.2,0,3.75187,-0.171498,5.82945e-08
11.7,6.3,0,3.73426,-0.171053,2.54568e-08
11.7,6.4,0,3.7162,-0.173948,1.88521e-09
11.7,6.5,0,3.68638,-0.178242,7.71337e-09
11.7,6.6,0,3.65505,-0.182483,1.67358e-08
11.7,6.7,0,3.63762,-0.186115,2.29261e-08
11.7,6.8,0,3.65924,-0.186589,2.17904e-08
11.7,6.9,0,3.68664,-0.185548,2.00293e-08
11.7,7,0,3.71404,-0.184507,1.82681e-08
11.7,7.1,0,3.72094,-0.18188,2.0507e-08
11.7,7.2,0,3.72787,-0.176966,2.89323e-08
11.7,7.3,0,3.73481,-0.172052,3.73577e-08
11.7,7.4,0,3.74087,-0.169907,3.45577e-08
11.7,7.5,0,3.74719,-0.166847,3.01484e-08
11.7,7.6,0,3.75367,-0.163239,2.69058e-08
11.7,7.7,0,3.75979,-0.159987,2.35709e-08
11.7,7.8,0,3.76547,-0.156833,2.09836e-08
11.7,7.9,0,3.77184,-0.152647,1.94873e-08
11.7,8,0,3.7782,-0.148461,1.79911e-08
11.7,8.1,0,3.78244,-0.145744,3.83749e-08
11.7,8.2,0,3.78666,-0.141019,6.35391e-08
11.7,8.3,0,3.79088,-0.136295,8.87033e-08
11.7,8.4,0,3.79472,-0.132881,8.72191e-08
11.7,8.5,0,3.79851,-0.129248,7.27492e-08
11.7,8.6,0,3.80236,-0.12526,6.07044e-08
11.7,8.7,0,3.80603,-0.121554,5.12768e-08
11.7,8.8,0,3.80892,-0.11825,5.02631e-08
11.7,8.9,0,3.8118,-0.114003,4.65728e-08
11.7,9,0,3.81468,-0.109755,4.28825e-08
11.7,9.1,0,3.81719,-0.106817,6.22974e-08
11.7,9.2,0,3.81959,-0.102967,8.3178e-08
11.7,9.3,0,3.82198,-0.0991161,1.04059e-07
11.7,9.4,0,3.8242,-0.0958793,9.57209e-08
11.7,9.5,0,3.82611,-0.0924357,7.87387e-08
11.7,9.6,0,3.82798,-0.0886951,6.92014e-08
11.7,9.7,0,3.82983,-0.0851259,6.51598e-08
11.7,9.8,0,3.83144,-0.0821748,7.87962e-08
11.7,9.9,0,3.83293,-0.0786592,7.08596e-08
11.7,10,0,3.83442,-0.0751436,6.2923e-08
11.7,10.1,0,3.83582,-0.0723569,5.14449e-08
11.7,10.2,0,3.83698,-0.0690073,4.62956e-08
11.7,10.3,0,3.83815,-0.0656577,4.11464e-08
11.7,10.4,0,3.8393,-0.0626771,3.58779e-08
11.7,10.5,0,3.84027,-0.0597003,4.48746e-08
11.7,10.6,0,3.84118,-0.0565174,6.05201e-08
11.7,10.7,0,3.84208,-0.0534039,7.64048e-08
11.7,10.8,0,3.84292,-0.0507309,8.0946e-08
11.7,10.9,0,3.84361,-0.0476892,5.86101e-08
11.7,11,0,3.84431,-0.0446476,3.62743e-08
11.7,11.1,0,3.84501,-0.0420501,2.43674e-08
11.7,11.2,0,3.84553,-0.0391361,3.74541e-08
11.7,11.3,0,3.84605,-0.0362147,5.08843e-08
11.7,11.4,0,3.84652,-0.033497,6.01199e-08
11.7,11.5,0,3.84682,-0.0308259,5.76873e-08
11.7,11.6,0,3.84706,-0.0280055,5.21548e-08
11.7,11.7,0,3.84711,-0.025206,4.6877e-08
11.7,11.8,0,3.84347,-0.0226998,3.9032e-08
11.7,11.9,0,3.83971,-0.0199303,1.25454e-08
11.7,12,0,3.83596,-0.0171609,-1.39412e-08
11.7,12.1,0,3.77654,-0.014719,-1.5216e-08
11.7,12.2,0,3.69269,-0.0120863,9.73762e-09
11.7,12.3,0,3.60881,-0.00943017,3.57761e-08
11.7,12.4,0,3.18462,-0.0070056,5.08419e-08
11.7,12.5,0,2.1248,-0.00477998,3.76381e-08
11.7,12.6,0,1.0624,-0.00238999,1.8819e-08
11.7,12.7,0,0,0,0
11.8,0,0,0,0,0
11.8,0.1,0,1.33177,0.00238067,-1.62586e-09
11.8,0.2,0,2.67324,0.00563203,-7.66686e-09
11.8,0.3,0,3.43568,0.0089034,-1.39969e-08
11.8,0.4,0,3.62092,0.0128767,-1.5104e-08
11.8,0.5,0,3.80719,0.0172288,-1.3149e-08
11.8,0.6,0,3.82189,0.0209879,-1.8826e-08
11.8,0.7,0,3.83706,0.0256681,-1.7075e-08
11.8,0.8,0,3.84464,0.029792,-1.318e-08
11.8,0.9,0,3.84464,0.0340683,-9.94e-09
11.8,1,0,3.84465,0.0387382,-8.255e-09
11.8,1.1,0,3.8434,0.0424577,-1.10664e-08
11.8,1.2,0,3.84211,0.0471787,3.09357e-09
11.8,1.3,0,3.84066,0.0512966,9.84607e-09
11.8,1.4,0,3.839,0.055618,6.70321e-09
11.8,1.5,0,3.83732,0.0603877,2.17821e-09
11.8,1.6,0,3.83534,0.0640506,5.18179e-09
11.8,1.7,0,3.83329,0.0688829,2.53679e-09
11.8,1.8,0,3.83109,0.0730024,-3.09071e-09
11.8,1.9,0,3.82867,0.0773748,-1.08618e-08
11.8,2,0,3.82621,0.0822837,-1.81668e-08
11.8,2.1,0,3.82344,0.0858381,-1.83811e-08
11.8,2.2,0,3.82051,0.0908113,-2.00311e-08
11.8,2.3,0,3.81746,0.094902,-2.11111e-08
11.8,2.4,0,3.81411,0.0993081,-1.95768e-08
11.8,2.5,0,3.81066,0.10438,-1.69068e-08
11.8,2.6,0,3.80693,0.107695,-1.68168e-08
11.8,2.7,0,3.80285,0.112748,-1.70868e-08
11.8,2.8,0,3.79872,0.116705,-1.46043e-08
11.8,2.9,0,3.79419,0.121106,-1.42325e-08
11.8,3,0,3.78947,0.12636,-1.65625e-08
11.8,3.1,0,3.78453,0.129185,-1.44496e-08
11.8,3.2,0,3.7788,0.134021,-1.75696e-08
11.8,3.3,0,3.77328,0.137514,-1.56871e-08
11.8,3.4,0,3.76728,0.141678,-5.75179e-09
11.8,3.5,0,3.76088,0.146962,5.87821e-09
11.8,3.6,0,3.75441,0.149333,6.59536e-09
11.8,3.7,0,3.74628,0.153798,8.64536e-09
11.8,3.8,0,3.73865,0.156142,8.87286e-09
11.8,3.9,0,3.72974,0.158663,8.5925e-09
11.8,4,0,3.71984,0.16246,9.0425e-09
11.8,4.1,0,3.71439,0.164178,1.14504e-08
11.8,4.2,0,3.70894,0.167827,6.28536e-09
11.8,4.3,0,3.69739,0.169045,3.78786e-09
11.8,4.4,0,3.67043,0.170296,1.14857e-09
11.8,4.5,0,3.6383,0.172917,-3.05143e-09
11.8,4.6,0,3.64915,0.1676,6.40571e-09
11.8,4.7,0,3.65956,0.162541,2.16057e-08
11.8,4.8,0,3.66878,0.160039,2.78988e-08
11.8,4.9,0,3.68897,0.156304,3.11685e-08
11.8,5,0,3.71592,0.150462,3.77068e-08
11.8,5.1,0,3.60747,0.151185,-2.72143e-08
11.8,5.2,0,3.42537,0.141097,-1.06214e-07
11.8,5.3,0,3.22287,0.111394,-1.41286e-07
11.8,5.4,0,3.09385,0.0587015,-1.27214e-07
11.8,5.5,0,3.05198,-0.00564105,-1.21107e-07
11.8,5.6,0,3.08239,-0.0706976,-1.19643e-07
11.8,5.7,0,3.19304,-0.125979,-3.88214e-08
11.8,5.8,0,3.38053,-0.160627,1.105e-07
11.8,5.9,0,3.57706,-0.175124,1.7425e-07
11.8,6,0,3.76846,-0.16745,1.001e-07
11.8,6.1,0,3.76548,-0.163003,9.49612e-08
11.8,6.2,0,3.75004,-0.161964,6.62388e-08
11.8,6.3,0,3.73242,-0.161519,3.34011e-08
11.8,6.4,0,3.71437,-0.164414,9.8295e-09
11.8,6.5,0,3.68954,-0.168881,5.08908e-09
11.8,6.6,0,3.65821,-0.173122,1.41115e-08
11.8,6.7,0,3.64078,-0.176754,2.03018e-08
11.8,6.8,0,3.65766,-0.178473,1.96804e-08
11.8,6.9,0,3.68505,-0.177432,1.79193e-08
11.8,7,0,3.71245,-0.176391,1.61581e-08
11.8,7.1,0,3.71911,-0.174268,1.70306e-08
11.8,7.2,0,3.72576,-0.169896,2.39838e-08
11.8,7.3,0,3.7327,-0.164982,3.24091e-08
11.8,7.4,0,3.73876,-0.162838,2.96091e-08
11.8,7.5,0,3.7447,-0.161045,2.25041e-08
11.8,7.6,0,3.75119,-0.157437,1.92615e-08
11.8,7.7,0,3.75731,-0.154184,1.59267e-08
11.8,7.8,0,3.76248,-0.151798,1.25293e-08
11.8,7.9,0,3.76884,-0.147612,1.1033e-08
11.8,8,0,3.7752,-0.143425,9.53677e-09
11.8,8.1,0,3.77941,-0.141051,2.95498e-08
11.8,8.2,0,3.78357,-0.136961,5.40277e-08
11.8,8.3,0,3.78779,-0.132236,7.91918e-08
11.8,8.4,0,3.79163,-0.128822,7.77077e-08
11.8,8.5,0,3.79529,-0.12582,5.89335e-08
11.8,8.6,0,3.79914,-0.121832,4.68887e-08
11.8,8.7,0,3.80281,-0.118126,3.74611e-08
11.8,8.8,0,3.8057,-0.11546,3.82588e-08
11.8,8.9,0,3.80858,-0.111212,3.45685e-08
11.8,9,0,3.81146,-0.106965,3.08782e-08
11.8,9.1,0,3.81399,-0.104134,5.05375e-08
11.8,9.2,0,3.8164,-0.100663,7.22837e-08
11.8,9.3,0,3.81879,-0.0968122,9.31643e-08
11.8,9.4,0,3.82101,-0.0935754,8.48267e-08
11.8,9.5,0,3.82299,-0.0905596,5.71172e-08
11.8,9.6,0,3.82486,-0.086819,4.75799e-08
11.8,9.7,0,3.8267,-0.0832498,4.35383e-08
11.8,9.8,0,3.82839,-0.0806498,7.0589e-08
11.8,9.9,0,3.82988,-0.0771342,6.26525e-08
11.8,10,0,3.83137,-0.0736185,5.47159e-08
11.8,10.1,0,3.83278,-0.0708585,4.29793e-08
11.8,10.2,0,3.83402,-0.0677803,3.52028e-08
11.8,10.3,0,3.83519,-0.0644307,3.00535e-08
11.8,10.4,0,3.83633,-0.0614501,2.4785e-08
11.8,10.5,0,3.8374,-0.0587234,2.57189e-08
11.8,10.6,0,3.8383,-0.0555405,4.13644e-08
11.8,10.7,0,3.83921,-0.052427,5.72491e-08
11.8,10.8,0,3.84011,-0.049939,7.52864e-08
11.8,10.9,0,3.84081,-0.0469243,5.49116e-08
11.8,11,0,3.84151,-0.0438826,3.25757e-08
11.8,11.1,0,3.84221,-0.0412852,2.06688e-08
11.8,11.2,0,3.8428,-0.038552,2.5386e-08
11.8,11.3,0,3.84332,-0.0356305,3.88162e-08
11.8,11.4,0,3.84379,-0.0329128,4.80518e-08
11.8,11.5,0,3.84414,-0.030398,4.88643e-08
11.8,11.6,0,3.84439,-0.0275776,4.33318e-08
11.8,11.7,0,3.84444,-0.0247781,3.8054e-08
11.8,11.8,0,3.84084,-0.0223764,3.76135e-08
11.8,11.9,0,3.8371,-0.0196432,1.36943e-08
11.8,12,0,3.83334,-0.0168738,-1.27922e-08
11.8,12.1,0,3.77392,-0.0144319,-1.40671e-08
11.8,12.2,0,3.69031,-0.0119349,4.56626e-09
11.8,12.3,0,3.60642,-0.00927879,3.06047e-08
11.8,12.4,0,3.18223,-0.00685422,4.56706e-08
11.8,12.5,0,2.1248,-0.00477998,3.76381e-08
11.8,12.6,0,1.0624,-0.00238999,1.8819e-08
11.8,12.7,0,0,0,0
11.9,0,0,0,0,0
11.9,0.1,0,1.33015,0.00223555,-8.9e-10
11.9,0.2,0,2.67,0.0053418,-6.19514e-09
11.9,0.3,0,3.43244,0.00861317,-1.25251e-08
11.9,0.4,0,3.61687,0.0122834,-1.6082e-08
11.9,0.5,0,3.80314,0.0166355,-1.4127e-08
11.9,0.6,0,3.81776,0.0202411,-2.1042e-08
11.9,0.7,0,3.83285,0.0247678,-2.0529e-08
11.9,0.8,0,3.84043,0.0288917,-1.6634e-08
11.9,0.9,0,3.84042,0.0328529,-1.215e-08
11.9,1,0,3.84043,0.0375229,-1.0465e-08
11.9,1.1,0,3.83919,0.0410754,-1.6105e-08
11.9,1.2,0,3.8379,0.0456295,-4.77357e-09
11.9,1.3,0,3.83645,0.0497474,1.97893e-09
11.9,1.4,0,3.83481,0.0537103,-5.82143e-11
11.9,1.5,0,3.83313,0.0584799,-4.58321e-09
11.9,1.6,0,3.83116,0.061948,-6.38214e-10
11.9,1.7,0,3.82912,0.0665853,-2.34179e-09
11.9,1.8,0,3.82692,0.0707048,-7.96929e-09
11.9,1.9,0,3.82454,0.0746481,-1.61132e-08
11.9,2,0,3.82208,0.079557,-2.34182e-08
11.9,2.1,0,3.81933,0.0828748,-2.33932e-08
11.9,2.2,0,3.81643,0.0876116,-2.48039e-08
11.9,2.3,0,3.81337,0.0917023,-2.58839e-08
11.9,2.4,0,3.81009,0.0955759,-2.52582e-08
11.9,2.5,0,3.80665,0.100648,-2.25882e-08
11.9,2.6,0,3.80298,0.103673,-2.24382e-08
11.9,2.7,0,3.79895,0.108436,-2.26482e-08
11.9,2.8,0,3.79483,0.112394,-2.01657e-08
11.9,2.9,0,3.79046,0.116111,-1.76325e-08
11.9,3,0,3.78573,0.121365,-1.99625e-08
11.9,3.1,0,3.78093,0.123855,-1.69775e-08
11.9,3.2,0,3.77533,0.128357,-1.92254e-08
11.9,3.3,0,3.76981,0.131849,-1.73429e-08
11.9,3.4,0,3.76412,0.135117,-8.76321e-09
11.9,3.5,0,3.75772,0.140401,2.86679e-09
11.9,3.6,0,3.75153,0.142423,3.36179e-09
11.9,3.7,0,3.74367,0.146539,5.18964e-09
11.9,3.8,0,3.73605,0.148883,5.41714e-09
11.9,3.9,0,3.72793,0.150383,4.5525e-09
11.9,4,0,3.71803,0.15418,5.0025e-09
11.9,4.1,0,3.71258,0.155576,8.6725e-09
11.9,4.2,0,3.70713,0.158903,4.76964e-09
11.9,4.3,0,3.69558,0.160121,2.27214e-09
11.9,4.4,0,3.67276,0.160277,8.81429e-10
11.9,4.5,0,3.64063,0.162897,-3.31857e-09
11.9,4.6,0,3.65155,0.157538,5.18143e-09
11.9,4.7,0,3.66204,0.152436,1.94243e-08
11.9,4.8,0,3.67125,0.149934,2.57174e-08
11.9,4.9,0,3.68603,0.147884,2.63722e-08
11.9,5,0,3.71299,0.142042,3.29105e-08
11.9,5.1,0,3.60662,0.143064,-2.87857e-08
11.9,5.2,0,3.43685,0.132871,-1.00786e-07
11.9,5.3,0,3.25204,0.104147,-1.31714e-07
11.9,5.4,0,3.13545,0.0542909,-1.18786e-07
11.9,5.5,0,3.0978,-0.0061616,-1.14393e-07
11.9,5.6,0,3.12526,-0.0672561,-1.15357e-07
11.9,5.7,0,3.22533,-0.119446,-4.46786e-08
11.9,5.8,0,3.39617,-0.152704,9.15e-08
11.9,5.9,0,3.57814,-0.167191,1.5525e-07
11.9,6,0,3.76102,-0.159448,9.74395e-08
11.9,6.1,0,3.75804,-0.155001,9.23008e-08
11.9,6.2,0,3.7482,-0.152429,7.41831e-08
11.9,6.3,0,3.73058,-0.151984,4.13453e-08
11.9,6.4,0,3.71253,-0.154879,1.77738e-08
11.9,6.5,0,3.69269,-0.159519,2.4648e-09
11.9,6.6,0,3.66136,-0.163761,1.14872e-08
11.9,6.7,0,3.64393,-0.167393,1.76775e-08
11.9,6.8,0,3.65894,-0.169604,1.72596e-08
11.9,6.9,0,3.68346,-0.169316,1.58093e-08
11.9,7,0,3.71086,-0.168275,1.40481e-08
11.9,7.1,0,3.71752,-0.166151,1.49206e-08
11.9,7.2,0,3.72365,-0.162827,1.90352e-08
11.9,7.3,0,3.73059,-0.157913,2.74606e-08
11.9,7.4,0,3.73665,-0.155768,2.46606e-08
11.9,7.5,0,3.74222,-0.155243,1.48598e-08
11.9,7.6,0,3.7487,-0.151634,1.16173e-08
11.9,7.7,0,3.75482,-0.148382,8.28237e-09
11.9,7.8,0,3.75985,-0.146199,4.67043e-09
11.9,7.9,0,3.76584,-0.142576,2.57875e-09
11.9,8,0,3.77221,-0.13839,1.08248e-09
11.9,8.1,0,3.77641,-0.136016,2.10955e-08
11.9,8.2,0,3.78047,-0.132902,4.45162e-08
11.9,8.3,0,3.7847,-0.128178,6.96804e-08
11.9,8.4,0,3.78854,-0.124764,6.81963e-08
11.9,8.5,0,3.79207,-0.122391,4.51177e-08
11.9,8.6,0,3.79593,-0.118403,3.3073e-08
11.9,8.7,0,3.79959,-0.114697,2.36454e-08
11.9,8.8,0,3.80248,-0.112117,2.46864e-08
11.9,8.9,0,3.80537,-0.108422,2.25642e-08
11.9,9,0,3.80825,-0.104175,1.88739e-08
11.9,9.1,0,3.81077,-0.101344,3.85332e-08
11.9,9.2,0,3.81321,-0.0983589,6.13895e-08
11.9,9.3,0,3.8156,-0.0945083,8.22701e-08
11.9,9.4,0,3.81782,-0.0912714,7.39324e-08
11.9,9.5,0,3.81986,-0.0886483,3.63764e-08
11.9,9.6,0,3.82173,-0.0849429,2.59585e-08
11.9,9.7,0,3.82357,-0.0813737,2.19169e-08
11.9,9.8,0,3.82527,-0.078775,4.90176e-08
11.9,9.9,0,3.82683,-0.0756091,5.44453e-08
11.9,10,0,3.82832,-0.0720935,4.65087e-08
11.9,10.1,0,3.82973,-0.0693335,3.47722e-08
11.9,10.2,0,3.83106,-0.0665533,2.41099e-08
11.9,10.3,0,3.83222,-0.0632037,1.89607e-08
11.9,10.4,0,3.83337,-0.0602231,1.36922e-08
11.9,10.5,0,3.8345,-0.0576933,8.27801e-09
11.9,10.6,0,3.83542,-0.0545635,2.22087e-08
11.9,10.7,0,3.83633,-0.0514501,3.80934e-08
11.9,10.8,0,3.83723,-0.0489621,5.61307e-08
11.9,10.9,0,3.83802,-0.0461594,5.1213e-08
11.9,11,0,3.83871,-0.0431177,2.88772e-08
11.9,11.1,0,3.83941,-0.0405203,1.69703e-08
11.9,11.2,0,3.84007,-0.0379678,1.33178e-08
11.9,11.3,0,3.8406,-0.0350464,2.6748e-08
11.9,11.4,0,3.84106,-0.0323286,3.59836e-08
11.9,11.5,0,3.84145,-0.0299164,3.89273e-08
11.9,11.6,0,3.84171,-0.0271497,3.45088e-08
11.9,11.7,0,3.84176,-0.0243502,2.9231e-08
11.9,11.8,0,3.83816,-0.0219485,2.87905e-08
11.9,11.9,0,3.83448,-0.019356,1.48433e-08
11.9,12,0,3.83073,-0.0165866,-1.16433e-08
11.9,12.1,0,3.77131,-0.0141448,-1.29181e-08
11.9,12.2,0,3.68793,-0.0117835,-6.05093e-10
11.9,12.3,0,3.60404,-0.00912741,2.54333e-08
11.9,12.4,0,3.17985,-0.00670284,4.04992e-08
11.9,12.5,0,2.12367,-0.00470825,3.51875e-08
11.9,12.6,0,1.0624,-0.00238999,1.8819e-08
11.9,12.7,0,0,0,0
12,0,0,0,0,0
12,0.1,0,1.33015,0.00223555,-8.9e-10
12,0.2,0,2.66677,0.00505157,-4.72343e-09
12,0.3,0,3.42921,0.00832294,-1.10534e-08
12,0.4,0,3.61282,0.0116901,-1.706e-08
12,0.5,0,3.79909,0.0160422,-1.5105e-08
12,0.6,0,3.81371,0.0196478,-2.202e-08
12,0.7,0,3.82864,0.0238675,-2.3983e-08
12,0.8,0,3.83622,0.0279913,-2.0088e-08
12,0.9,0,3.8362,0.0316376,-1.436e-08
12,1,0,3.83622,0.0363076,-1.2675e-08
12,1.1,0,3.83497,0.03986,-1.8315e-08
12,1.2,0,3.8337,0.0440803,-1.26407e-08
12,1.3,0,3.83224,0.0481982,-5.88821e-09
12,1.4,0,3.83061,0.0518025,-6.81964e-09
12,1.5,0,3.82894,0.0565721,-1.13446e-08
12,1.6,0,3.82696,0.0600402,-7.39964e-09
12,1.7,0,3.82495,0.0642878,-7.22036e-09
12,1.8,0,3.82275,0.0684073,-1.28479e-08
12,1.9,0,3.8204,0.0719214,-2.13646e-08
12,2,0,3.81794,0.0768303,-2.86696e-08
12,2.1,0,3.81519,0.0801481,-2.86446e-08
12,2.2,0,3.81234,0.0844119,-2.95768e-08
12,2.3,0,3.80928,0.0885026,-3.06568e-08
12,2.4,0,3.80608,0.0918437,-3.09396e-08
12,2.5,0,3.80263,0.0969155,-2.82696e-08
12,2.6,0,3.79896,0.0999411,-2.81196e-08
12,2.7,0,3.79506,0.104125,-2.82096e-08
12,2.8,0,3.79093,0.108083,-2.57271e-08
12,2.9,0,3.78672,0.111117,-2.10325e-08
12,3,0,3.782,0.116371,-2.33625e-08
12,3.1,0,3.7772,0.118861,-2.03775e-08
12,3.2,0,3.77186,0.122692,-2.08811e-08
12,3.3,0,3.76634,0.126184,-1.89986e-08
12,3.4,0,3.76096,0.128556,-1.17746e-08
12,3.5,0,3.75457,0.13384,-1.44643e-10
12,3.6,0,3.74837,0.135862,3.50357e-10
12,3.7,0,3.74107,0.13928,1.73393e-09
12,3.8,0,3.73344,0.141624,1.96143e-09
12,3.9,0,3.72612,0.142102,5.125e-10
12,4,0,3.71622,0.1459,9.625e-10
12,4.1,0,3.71077,0.147296,4.6325e-09
12,4.2,0,3.70532,0.149979,3.25393e-09
12,4.3,0,3.69377,0.151197,7.56429e-10
12,4.4,0,3.67509,0.150257,6.14286e-10
12,4.5,0,3.64296,0.152878,-3.58571e-09
12,4.6,0,3.65388,0.147518,4.91429e-09
12,4.7,0,3.66451,0.14233,1.72429e-08
12,4.8,0,3.67373,0.139829,2.3536e-08
12,4.9,0,3.6831,0.139463,2.15759e-08
12,5,0,3.71005,0.133622,2.81142e-08
12,5.1,0,3.60577,0.134943,-3.03571e-08
12,5.2,0,3.44833,0.124645,-9.53571e-08
12,5.3,0,3.28121,0.0968997,-1.22143e-07
12,5.4,0,3.17705,0.0498802,-1.10357e-07
12,5.5,0,3.14361,-0.00668214,-1.07679e-07
12,5.6,0,3.16813,-0.0638146,-1.11071e-07
12,5.7,0,3.25762,-0.112914,-5.05357e-08
12,5.8,0,3.41181,-0.14478,7.25e-08
12,5.9,0,3.57923,-0.159257,1.3625e-07
12,6,0,3.75357,-0.151446,9.47791e-08
12,6.1,0,3.7506,-0.146999,8.96403e-08
12,6.2,0,3.74636,-0.142895,8.21274e-08
12,6.3,0,3.72875,-0.14245,4.92896e-08
12,6.4,0,3.71069,-0.145345,2.57181e-08
12,6.5,0,3.6924,-0.150039,7.13598e-09
12,6.6,0,3.66452,-0.1544,8.8629e-09
12,6.7,0,3.64709,-0.158032,1.50532e-08
12,6.8,0,3.66209,-0.160243,1.46353e-08
12,6.9,0,3.68188,-0.1612,1.36993e-08
12,7,0,3.70927,-0.160159,1.19381e-08
12,7.1,0,3.71593,-0.158035,1.28106e-08
12,7.2,0,3.72154,-0.155757,1.40866e-08
12,7.3,0,3.72848,-0.150843,2.2512e-08
12,7.4,0,3.73454,-0.148699,1.9712e-08
12,7.5,0,3.74004,-0.1484,9.42841e-09
12,7.6,0,3.74621,-0.145832,3.97297e-09
12,7.7,0,3.75233,-0.14258,6.38086e-10
12,7.8,0,3.75737,-0.140396,-2.97385e-09
12,7.9,0,3.76285,-0.13754,-5.87553e-09
12,8,0,3.76921,-0.133354,-7.3718e-09
12,8.1,0,3.77342,-0.13098,1.26413e-08
12,8.2,0,3.77739,-0.128807,3.50442e-08
12,8.3,0,3.7816,-0.124119,6.0169e-08
12,8.4,0,3.78544,-0.120705,5.86848e-08
12,8.5,0,3.78897,-0.118363,3.53975e-08
12,8.6,0,3.79271,-0.114975,1.92572e-08
12,8.7,0,3.79637,-0.111269,9.82964e-09
12,8.8,0,3.79927,-0.108689,1.08707e-08
12,8.9,0,3.80216,-0.105632,1.05599e-08
12,9,0,3.80504,-0.101385,6.86962e-09
12,9.1,0,3.80756,-0.0985539,2.65289e-08
12,9.2,0,3.81002,-0.0959733,5.03088e-08
12,9.3,0,3.81241,-0.0922043,7.13758e-08
12,9.4,0,3.81463,-0.0889675,6.30381e-08
12,9.5,0,3.81667,-0.0863444,2.54821e-08
12,9.6,0,3.81861,-0.0830668,4.33707e-09
12,9.7,0,3.82045,-0.0794976,2.95469e-10
12,9.8,0,3.82214,-0.0768989,2.73962e-08
12,9.9,0,3.82378,-0.0740841,4.62382e-08
12,10,0,3.82527,-0.0705685,3.83016e-08
12,10.1,0,3.82668,-0.0678085,2.6565e-08
12,10.2,0,3.82807,-0.0652373,1.38785e-08
12,10.3,0,3.82926,-0.0619767,7.8678e-09
12,10.4,0,3.83041,-0.0589961,2.59933e-09
12,10.5,0,3.83154,-0.0564663,-2.81485e-09
12,10.6,0,3.83255,-0.0535866,3.05296e-09
12,10.7,0,3.83345,-0.0504732,1.89377e-08
12,10.8,0,3.83435,-0.0479852,3.6975e-08
12,10.9,0,3.83522,-0.0453944,4.75144e-08
12,11,0,3.83591,-0.0423528,2.51786e-08
12,11.1,0,3.83661,-0.0397554,1.32717e-08
12,11.2,0,3.83731,-0.037306,4.8411e-09
12,11.3,0,3.83787,-0.0344622,1.46799e-08
12,11.4,0,3.83833,-0.0317444,2.39155e-08
12,11.5,0,3.83872,-0.0293322,2.68592e-08
12,11.6,0,3.83904,-0.0267218,2.56858e-08
12,11.7,0,3.83909,-0.0239223,2.0408e-08
12,11.8,0,3.83549,-0.0215206,1.99675e-08
12,11.9,0,3.83187,-0.0190689,1.59922e-08
12,12,0,3.82811,-0.0162995,-1.04944e-08
12,12.1,0,3.76869,-0.0138576,-1.17692e-08
12,12.2,0,3.68542,-0.0115561,-2.23898e-09
12,12.3,0,3.60166,-0.00897603,2.0262e-08
12,12.4,0,3.17747,-0.00655146,3.53279e-08
12,12.5,0,2.12129,-0.00455687,3.00161e-08
12,12.6,0,1.0624,-0.00238999,1.8819e-08
12,12.7,0,0,0,0
12.1,0,0,0,0,0
12.1,0.1,0,1.33015,0.00223555,-8.9e-10
12.1,0.2,0,2.66354,0.00476134,-3.25171e-09
12.1,0.3,0,3.42598,0.00803271,-9.58171e-09
12.1,0.4,0,3.60938,0.0113241,-1.62007e-08
12.1,0.5,0,3.79504,0.0154489,-1.6083e-08
12.1,0.6,0,3.80965,0.0190545,-2.2998e-08
12.1,0.7,0,3.82443,0.0229671,-2.7437e-08
12.1,0.8,0,3.83201,0.027091,-2.3542e-08
12.1,0.9,0,3.83199,0.0306585,-1.7503e-08
12.1,1,0,3.832,0.0350922,-1.4885e-08
12.1,1.1,0,3.83075,0.0386447,-2.0525e-08
12.1,1.2,0,3.82949,0.0425311,-2.05079e-08
12.1,1.3,0,3.82804,0.0466489,-1.37554e-08
12.1,1.4,0,3.82641,0.0501636,-1.44104e-08
12.1,1.5,0,3.82475,0.0546644,-1.81061e-08
12.1,1.6,0,3.82277,0.0581324,-1.41611e-08
12.1,1.7,0,3.82078,0.0619903,-1.20989e-08
12.1,1.8,0,3.81858,0.0661098,-1.77264e-08
12.1,1.9,0,3.81623,0.0695165,-2.63364e-08
12.1,2,0,3.8138,0.0741036,-3.39211e-08
12.1,2.1,0,3.81105,0.0774214,-3.38961e-08
12.1,2.2,0,3.80825,0.0812122,-3.43496e-08
12.1,2.3,0,3.8052,0.0853029,-3.54296e-08
12.1,2.4,0,3.80201,0.0885109,-3.59396e-08
12.1,2.5,0,3.79862,0.0931833,-3.39511e-08
12.1,2.6,0,3.79495,0.0962089,-3.38011e-08
12.1,2.7,0,3.79116,0.0998136,-3.37711e-08
12.1,2.8,0,3.78704,0.103771,-3.12886e-08
12.1,2.9,0,3.78287,0.106634,-2.60536e-08
12.1,3,0,3.77826,0.111376,-2.67625e-08
12.1,3.1,0,3.77346,0.113866,-2.37775e-08
12.1,3.2,0,3.7684,0.117027,-2.25368e-08
12.1,3.3,0,3.76288,0.120519,-2.06543e-08
12.1,3.4,0,3.75757,0.122668,-1.37693e-08
12.1,3.5,0,3.75141,0.12728,-3.15607e-09
12.1,3.6,0,3.74521,0.129301,-2.66107e-09
12.1,3.7,0,3.73847,0.132021,-1.72179e-09
12.1,3.8,0,3.73084,0.134365,-1.49429e-09
12.1,3.9,0,3.72372,0.134588,-3.08929e-09
12.1,4,0,3.71441,0.13762,-3.0775e-09
12.1,4.1,0,3.70896,0.139016,5.925e-10
12.1,4.2,0,3.70351,0.141055,1.73821e-09
12.1,4.3,0,3.69196,0.142273,-7.59286e-10
12.1,4.4,0,3.67431,0.141059,-5.89286e-10
12.1,4.5,0,3.64528,0.142858,-3.85286e-09
12.1,4.6,0,3.6562,0.137499,4.64714e-09
12.1,4.7,0,3.66698,0.132225,1.50614e-08
12.1,4.8,0,3.6762,0.129723,2.13545e-08
12.1,4.9,0,3.68422,0.129779,1.87408e-08
12.1,5,0,3.70711,0.125201,2.33179e-08
12.1,5.1,0,3.60493,0.126822,-3.19286e-08
12.1,5.2,0,3.45982,0.116419,-8.99286e-08
12.1,5.3,0,3.31038,0.0896527,-1.12571e-07
12.1,5.4,0,3.21865,0.0454695,-1.01929e-07
12.1,5.5,0,3.18943,-0.00720269,-1.00964e-07
12.1,5.6,0,3.21099,-0.0603731,-1.06786e-07
12.1,5.7,0,3.2899,-0.106381,-5.63929e-08
12.1,5.8,0,3.42745,-0.136857,5.35e-08
12.1,5.9,0,3.58032,-0.151323,1.1725e-07
12.1,6,0,3.74613,-0.143444,9.21186e-08
12.1,6.1,0,3.74315,-0.138997,8.69799e-08
12.1,6.2,0,3.74018,-0.13455,8.18411e-08
12.1,6.3,0,3.72691,-0.132916,5.72339e-08
12.1,6.4,0,3.70886,-0.135811,3.36624e-08
12.1,6.5,0,3.69057,-0.140504,1.50803e-08
12.1,6.6,0,3.66768,-0.145038,6.23861e-09
12.1,6.7,0,3.65025,-0.148671,1.24289e-08
12.1,6.8,0,3.66525,-0.150882,1.2011e-08
12.1,6.9,0,3.68029,-0.153083,1.15893e-08
12.1,7,0,3.70769,-0.152042,9.82806e-09
12.1,7.1,0,3.71434,-0.149919,1.07006e-08
12.1,7.2,0,3.71991,-0.147739,1.17118e-08
12.1,7.3,0,3.72637,-0.143774,1.75634e-08
12.1,7.4,0,3.73243,-0.141629,1.47634e-08
12.1,7.5,0,3.73793,-0.141331,4.47984e-09
12.1,7.6,0,3.74372,-0.14003,-3.67131e-09
12.1,7.7,0,3.74984,-0.136777,-7.0062e-09
12.1,7.8,0,3.75488,-0.134594,-1.06181e-08
12.1,7.9,0,3.75992,-0.132411,-1.42301e-08
12.1,8,0,3.76622,-0.128319,-1.58261e-08
12.1,8.1,0,3.77042,-0.125945,4.18697e-09
12.1,8.2,0,3.77439,-0.123772,2.659e-08
12.1,8.3,0,3.77851,-0.12006,5.06575e-08
12.1,8.4,0,3.78235,-0.116646,4.91734e-08
12.1,8.5,0,3.78588,-0.114304,2.58861e-08
12.1,8.6,0,3.78949,-0.111546,5.44154e-09
12.1,8.7,0,3.79315,-0.10784,-3.98608e-09
12.1,8.8,0,3.79605,-0.10526,-2.94503e-09
12.1,8.9,0,3.79894,-0.10268,-1.90399e-09
12.1,9,0,3.80182,-0.0985944,-5.13467e-09
12.1,9.1,0,3.80434,-0.0957637,1.45247e-08
12.1,9.2,0,3.8068,-0.0931831,3.83045e-08
12.1,9.3,0,3.80922,-0.0899004,6.04815e-08
12.1,9.4,0,3.81144,-0.0866635,5.21438e-08
12.1,9.5,0,3.81348,-0.0840405,1.45878e-08
12.1,9.6,0,3.81548,-0.0811907,-1.72844e-08
12.1,9.7,0,3.81732,-0.0776215,-2.1326e-08
12.1,9.8,0,3.81901,-0.0750228,5.77479e-09
12.1,9.9,0,3.82071,-0.0724242,3.28755e-08
12.1,10,0,3.82223,-0.0690435,3.00945e-08
12.1,10.1,0,3.82363,-0.0662834,1.83579e-08
12.1,10.2,0,3.82502,-0.0637123,5.67132e-09
12.1,10.3,0,3.8263,-0.0607498,-3.22505e-09
12.1,10.4,0,3.82745,-0.0577691,-8.49352e-09
12.1,10.5,0,3.82857,-0.0552393,-1.39077e-08
12.1,10.6,0,3.82967,-0.0526097,-1.61028e-08
12.1,10.7,0,3.83057,-0.0494963,-2.18054e-10
12.1,10.8,0,3.83148,-0.0470083,1.78193e-08
12.1,10.9,0,3.83238,-0.0445204,3.58566e-08
12.1,11,0,3.83311,-0.0415879,2.148e-08
12.1,11.1,0,3.83381,-0.0389905,9.57312e-09
12.1,11.2,0,3.83452,-0.0365411,1.14253e-09
12.1,11.3,0,3.83514,-0.033878,2.61176e-09
12.1,11.4,0,3.8356,-0.0311603,1.18474e-08
12.1,11.5,0,3.83599,-0.0287481,1.4791e-08
12.1,11.6,0,3.83636,-0.0262939,1.68628e-08
12.1,11.7,0,3.83641,-0.0234944,1.1585e-08
12.1,11.8,0,3.83281,-0.0210927,1.11445e-08
12.1,11.9,0,3.82921,-0.0186909,1.0704e-08
12.1,12,0,3.8255,-0.0160123,-9.34546e-09
12.1,12.1,0,3.76608,-0.0135705,-1.06203e-08
12.1,12.2,0,3.6828,-0.011269,-1.09005e-09
12.1,12.3,0,3.59928,-0.00882465,1.50906e-08
12.1,12.4,0,3.17509,-0.00640008,3.01565e-08
12.1,12.5,0,2.11891,-0.00440549,2.48447e-08
12.1,12.6,0,1.0624,-0.00238999,1.8819e-08
12.1,12.7,0,0,0,0
12.2,0,0,0,0,0
12.2,0.1,0,1.33015,0.00223555,-8.9e-10
12.2,0.2,0,2.6603,0.00447111,-1.78e-09
12.2,0.3,0,3.42274,0.00774247,-8.11e-09
12.2,0.4,0,3.60615,0.0110338,-1.4729e-08
12.2,0.5,0,3.79099,0.0148556,-1.7061e-08
12.2,0.6,0,3.8056,0.0184612,-2.3976e-08
12.2,0.7,0,3.82022,0.0220668,-3.0891e-08
12.2,0.8,0,3.8278,0.0261906,-2.6996e-08
12.2,0.9,0,3.82778,0.0297582,-2.0957e-08
12.2,1,0,3.82778,0.0338769,-1.7095e-08
12.2,1.1,0,3.82653,0.0374294,-2.2735e-08
12.2,1.2,0,3.82528,0.0409818,-2.8375e-08
12.2,1.3,0,3.82383,0.0450997,-2.16225e-08
12.2,1.4,0,3.8222,0.0486144,-2.22775e-08
12.2,1.5,0,3.82055,0.0527566,-2.48675e-08
12.2,1.6,0,3.81858,0.0562247,-2.09225e-08
12.2,1.7,0,3.81661,0.0596928,-1.69775e-08
12.2,1.8,0,3.81441,0.0638122,-2.2605e-08
12.2,1.9,0,3.81206,0.067219,-3.1215e-08
12.2,2,0,3.80966,0.0713769,-3.91725e-08
12.2,2.1,0,3.80691,0.0746947,-3.91475e-08
12.2,2.2,0,3.80417,0.0780125,-3.91225e-08
12.2,2.3,0,3.80111,0.0821032,-4.02025e-08
12.2,2.4,0,3.79793,0.0853112,-4.07125e-08
12.2,2.5,0,3.79461,0.0894511,-3.96325e-08
12.2,2.6,0,3.79094,0.0924767,-3.94825e-08
12.2,2.7,0,3.78727,0.0955023,-3.93325e-08
12.2,2.8,0,3.78314,0.0994601,-3.685e-08
12.2,2.9,0,3.77897,0.102323,-3.1615e-08
12.2,3,0,3.77453,0.106382,-3.01625e-08
12.2,3.1,0,3.76973,0.108872,-2.71775e-08
12.2,3.2,0,3.76493,0.111362,-2.41925e-08
12.2,3.3,0,3.75941,0.114854,-2.231e-08
12.2,3.4,0,3.7541,0.117003,-1.5425e-08
12.2,3.5,0,3.74825,0.120719,-6.1675e-09
12.2,3.6,0,3.74206,0.12274,-5.6725e-09
12.2,3.7,0,3.73586,0.124762,-5.1775e-09
12.2,3.8,0,3.72823,0.127106,-4.95e-09
12.2,3.9,0,3.72111,0.127329,-6.545e-09
12.2,4,0,3.7126,0.12934,-7.1175e-09
12.2,4.1,0,3.70715,0.130735,-3.4475e-09
12.2,4.2,0,3.7017,0.132131,2.225e-10
12.2,4.3,0,3.69015,0.133349,-2.275e-09
12.2,4.4,0,3.6725,0.132135,-2.105e-09
12.2,4.5,0,3.64761,0.132839,-4.12e-09
12.2,4.6,0,3.65853,0.127479,4.38e-09
12.2,4.7,0,3.66945,0.122119,1.288e-08
12.2,4.8,0,3.67867,0.119618,1.91731e-08
12.2,4.9,0,3.68669,0.119674,1.65593e-08
12.2,5,0,3.70417,0.116781,1.85216e-08
12.2,5.1,0,3.60408,0.118701,-3.35e-08
12.2,5.2,0,3.4713,0.108194,-8.45e-08
12.2,5.3,0,3.33954,0.0824056,-1.03e-07
12.2,5.4,0,3.26024,0.0410588,-9.35e-08
12.2,5.5,0,3.23525,-0.00772324,-9.425e-08
12.2,5.6,0,3.25386,-0.0569317,-1.025e-07
12.2,5.7,0,3.32219,-0.0998482,-6.225e-08
12.2,5.8,0,3.44309,-0.128934,3.45e-08
12.2,5.9,0,3.5814,-0.14339,9.825e-08
12.2,6,0,3.73869,-0.135442,8.94582e-08
12.2,6.1,0,3.73571,-0.130995,8.43194e-08
12.2,6.2,0,3.73274,-0.126548,7.91806e-08
12.2,6.3,0,3.72507,-0.123381,6.51782e-08
12.2,6.4,0,3.70702,-0.126276,4.16066e-08
12.2,6.5,0,3.68873,-0.13097,2.30246e-08
12.2,6.6,0,3.67044,-0.135664,4.44246e-09
12.2,6.7,0,3.6534,-0.139309,9.80463e-09
12.2,6.8,0,3.66841,-0.14152,9.38672e-09
12.2,6.9,0,3.68341,-0.143731,8.96881e-09
12.2,7,0,3.7061,-0.143926,7.71806e-09
12.2,7.1,0,3.71276,-0.141803,8.59063e-09
12.2,7.2,0,3.71832,-0.139623,9.60183e-09
12.2,7.3,0,3.72426,-0.136704,1.26149e-08
12.2,7.4,0,3.73032,-0.13456,9.81485e-09
12.2,7.5,0,3.73582,-0.134261,-4.68731e-10
12.2,7.6,0,3.74131,-0.133963,-1.07523e-08
12.2,7.7,0,3.74736,-0.130975,-1.46505e-08
12.2,7.8,0,3.75239,-0.128792,-1.82624e-08
12.2,7.9,0,3.75743,-0.126608,-2.18744e-08
12.2,8,0,3.76322,-0.123283,-2.42804e-08
12.2,8.1,0,3.76743,-0.120909,-4.26731e-09
12.2,8.2,0,3.77139,-0.118736,1.81357e-08
12.2,8.3,0,3.77542,-0.116002,4.11461e-08
12.2,8.4,0,3.77926,-0.112588,3.9662e-08
12.2,8.5,0,3.78279,-0.110246,1.63747e-08
12.2,8.6,0,3.78631,-0.107904,-6.91265e-09
12.2,8.7,0,3.78994,-0.104412,-1.78018e-08
12.2,8.8,0,3.79283,-0.101831,-1.67607e-08
12.2,8.9,0,3.79572,-0.0992513,-1.57197e-08
12.2,9,0,3.79861,-0.0958042,-1.7139e-08
12.2,9.1,0,3.80113,-0.0929736,2.52037e-09
12.2,9.2,0,3.80359,-0.090393,2.63002e-08
12.2,9.3,0,3.80603,-0.0875965,4.95872e-08
12.2,9.4,0,3.80825,-0.0843596,4.12495e-08
12.2,9.5,0,3.81029,-0.0817365,3.69354e-09
12.2,9.6,0,3.81232,-0.0791135,-3.38624e-08
12.2,9.7,0,3.8142,-0.0757454,-4.29474e-08
12.2,9.8,0,3.81589,-0.0731467,-1.58466e-08
12.2,9.9,0,3.81758,-0.0705481,1.12541e-08
12.2,10,0,3.81918,-0.0675184,2.18873e-08
12.2,10.1,0,3.82059,-0.0647584,1.01507e-08
12.2,10.2,0,3.82197,-0.0621873,-2.53582e-09
12.2,10.3,0,3.82333,-0.0595228,-1.43179e-08
12.2,10.4,0,3.82448,-0.0565421,-1.95864e-08
12.2,10.5,0,3.82561,-0.0540123,-2.50006e-08
12.2,10.6,0,3.82674,-0.0514826,-3.04147e-08
12.2,10.7,0,3.8277,-0.0485193,-1.93738e-08
12.2,10.8,0,3.8286,-0.0460314,-1.33646e-09
12.2,10.9,0,3.8295,-0.0435434,1.67009e-08
12.2,11,0,3.83032,-0.0408229,1.77815e-08
12.2,11.1,0,3.83102,-0.0382255,5.87455e-09
12.2,11.2,0,3.83172,-0.0357762,-2.55604e-09
12.2,11.3,0,3.83241,-0.0332938,-9.45638e-09
12.2,11.4,0,3.83287,-0.0305761,-2.20787e-10
12.2,11.5,0,3.83326,-0.0281639,2.72287e-09
12.2,11.6,0,3.83365,-0.0257517,5.66653e-09
12.2,11.7,0,3.83374,-0.0230665,2.76198e-09
12.2,11.8,0,3.83014,-0.0206647,2.32149e-09
12.2,11.9,0,3.82654,-0.018263,1.88101e-09
12.2,12,0,3.82288,-0.0157252,-8.19653e-09
12.2,12.1,0,3.76346,-0.0132833,-9.47134e-09
12.2,12.2,0,3.68019,-0.0109818,5.88806e-11
12.2,12.3,0,3.5969,-0.00867327,9.91927e-09
12.2,12.4,0,3.17271,-0.0062487,2.49851e-08
12.2,12.5,0,2.11653,-0.00425411,1.96734e-08
12.2,12.6,0,1.06035,-0.00225951,1.43616e-08
12.2,12.7,0,0,0,0
12.3,0,0,0,0,0
12.3,0.1,0,1.33015,0.00223555,-8.9e-10
12.3,0.2,0,2.6603,0.00447111,-1.78e-09
12.3,0.3,0,3.41951,0.00745224,-6.63829e-09
12.3,0.4,0,3.60292,0.0107436,-1.32573e-08
12.3,0.5,0,3.78694,0.0142623,-1.8039e-08
12.3,0.6,0,3.80155,0.0178679,-2.4954e-08
12.3,0.7,0,3.81617,0.0214735,-3.1869e-08
12.3,0.8,0,3.82359,0.0252903,-3.045e-08
12.3,0.9,0,3.82357,0.0288578,-2.4411e-08
12.3,1,0,3.82356,0.0326616,-1.9305e-08
12.3,1.1,0,3.82231,0.036214,-2.4945e-08
12.3,1.2,0,3.82106,0.0397665,-3.0585e-08
12.3,1.3,0,3.81962,0.0435505,-2.94896e-08
12.3,1.4,0,3.818,0.0470652,-3.01446e-08
12.3,1.5,0,3.81636,0.0508488,-3.16289e-08
12.3,1.6,0,3.81439,0.0543169,-2.76839e-08
12.3,1.7,0,3.81241,0.057785,-2.37389e-08
12.3,1.8,0,3.81024,0.0615147,-2.74836e-08
12.3,1.9,0,3.80789,0.0649215,-3.60936e-08
12.3,2,0,3.80552,0.0686501,-4.44239e-08
12.3,2.1,0,3.80278,0.0719679,-4.43989e-08
12.3,2.2,0,3.80003,0.0752858,-4.43739e-08
12.3,2.3,0,3.79702,0.0789034,-4.49754e-08
12.3,2.4,0,3.79384,0.0821115,-4.54854e-08
12.3,2.5,0,3.7906,0.0857189,-4.53139e-08
12.3,2.6,0,3.78693,0.0887445,-4.51639e-08
12.3,2.7,0,3.78326,0.0917701,-4.50139e-08
12.3,2.8,0,3.77925,0.0951487,-4.24114e-08
12.3,2.9,0,3.77508,0.0980117,-3.71764e-08
12.3,3,0,3.77079,0.101387,-3.35625e-08
12.3,3.1,0,3.76599,0.103877,-3.05775e-08
12.3,3.2,0,3.76119,0.106368,-2.75925e-08
12.3,3.3,0,3.75594,0.10919,-2.39657e-08
12.3,3.4,0,3.75063,0.111338,-1.70807e-08
12.3,3.5,0,3.74509,0.114158,-9.17893e-09
12.3,3.6,0,3.7389,0.11618,-8.68393e-09
12.3,3.7,0,3.7327,0.118201,-8.18893e-09
12.3,3.8,0,3.72563,0.119847,-8.40571e-09
12.3,3.9,0,3.71851,0.12007,-1.00007e-08
12.3,4,0,3.71079,0.121059,-1.11575e-08
12.3,4.1,0,3.70534,0.122455,-7.4875e-09
12.3,4.2,0,3.69988,0.123851,-3.8175e-09
12.3,4.3,0,3.68834,0.124425,-3.79071e-09
12.3,4.4,0,3.67069,0.123211,-3.62071e-09
12.3,4.5,0,3.64994,0.122819,-4.38714e-09
12.3,4.6,0,3.66086,0.11746,4.11286e-09
12.3,4.7,0,3.67178,0.1121,1.26129e-08
12.3,4.8,0,3.68114,0.109513,1.69917e-08
12.3,4.9,0,3.68916,0.109569,1.43779e-08
12.3,5,0,3.70124,0.108361,1.37253e-08
12.3,5.1,0,3.60323,0.11058,-3.50714e-08
12.3,5.2,0,3.48278,0.099968,-7.90714e-08
12.3,5.3,0,3.36871,0.0751585,-9.34286e-08
12.3,5.4,0,3.30184,0.0366481,-8.50714e-08
12.3,5.5,0,3.28106,-0.00824378,-8.75357e-08
12.3,5.6,0,3.29673,-0.0534902,-9.82143e-08
12.3,5.7,0,3.35448,-0.0933155,-6.81071e-08
12.3,5.8,0,3.45873,-0.12101,1.55e-08
12.3,5.9,0,3.58249,-0.135456,7.925e-08
12.3,6,0,3.73125,-0.12744,8.67977e-08
12.3,6.1,0,3.72827,-0.122993,8.1659e-08
12.3,6.2,0,3.72529,-0.118546,7.65202e-08
12.3,6.3,0,3.72232,-0.114099,7.13814e-08
12.3,6.4,0,3.70518,-0.116742,4.95509e-08
12.3,6.5,0,3.68689,-0.121436,3.09688e-08
12.3,6.6,0,3.66861,-0.126129,1.23867e-08
12.3,6.7,0,3.65656,-0.129948,7.18034e-09
12.3,6.8,0,3.67156,-0.132159,6.76243e-09
12.3,6.9,0,3.68657,-0.13437,6.34452e-09
12.3,7,0,3.70451,-0.13581,5.60806e-09
12.3,7.1,0,3.71117,-0.133687,6.48063e-09
12.3,7.2,0,3.71673,-0.131506,7.49183e-09
12.3,7.3,0,3.7223,-0.129326,8.50302e-09
12.3,7.4,0,3.72821,-0.12749,4.86628e-09
12.3,7.5,0,3.73371,-0.127192,-5.4173e-09
12.3,7.6,0,3.7392,-0.126893,-1.57009e-08
12.3,7.7,0,3.74487,-0.125173,-2.22948e-08
12.3,7.8,0,3.7499,-0.122989,-2.59067e-08
12.3,7.9,0,3.75494,-0.120806,-2.95187e-08
12.3,8,0,3.76023,-0.118248,-3.27347e-08
12.3,8.1,0,3.76443,-0.115873,-1.27216e-08
12.3,8.2,0,3.7684,-0.113701,9.68139e-09
12.3,8.3,0,3.77237,-0.111528,3.20844e-08
12.3,8.4,0,3.77617,-0.108529,3.01505e-08
12.3,8.5,0,3.77969,-0.106187,6.86324e-09
12.3,8.6,0,3.78322,-0.103845,-1.64241e-08
12.3,8.7,0,3.78672,-0.100983,-3.16175e-08
12.3,8.8,0,3.78961,-0.0984029,-3.05765e-08
12.3,8.9,0,3.7925,-0.0958228,-2.95354e-08
12.3,9,0,3.7954,-0.093014,-2.91432e-08
12.3,9.1,0,3.79792,-0.0901834,-9.48391e-09
12.3,9.2,0,3.80037,-0.0876028,1.42959e-08
12.3,9.3,0,3.80283,-0.0850222,3.80758e-08
12.3,9.4,0,3.80506,-0.0820557,3.03552e-08
12.3,9.5,0,3.8071,-0.0794326,-7.20074e-09
12.3,9.6,0,3.80914,-0.0768095,-4.47567e-08
12.3,9.7,0,3.81107,-0.0738693,-6.45688e-08
12.3,9.8,0,3.81276,-0.0712706,-3.74681e-08
12.3,9.9,0,3.81445,-0.068672,-1.03673e-08
12.3,10,0,3.81613,-0.0659934,1.36802e-08
12.3,10.1,0,3.81754,-0.0632334,1.9436e-09
12.3,10.2,0,3.81892,-0.0606623,-1.0743e-08
12.3,10.3,0,3.82031,-0.0580911,-2.34295e-08
12.3,10.4,0,3.82152,-0.0553151,-3.06792e-08
12.3,10.5,0,3.82265,-0.0527853,-3.60934e-08
12.3,10.6,0,3.82378,-0.0502556,-4.15076e-08
12.3,10.7,0,3.82482,-0.0475424,-3.85295e-08
12.3,10.8,0,3.82572,-0.0450545,-2.04922e-08
12.3,10.9,0,3.82662,-0.0425665,-2.45486e-09
12.3,11,0,3.82752,-0.040058,1.40829e-08
12.3,11.1,0,3.82822,-0.0374606,2.17598e-09
12.3,11.2,0,3.82892,-0.0350113,-6.25462e-09
12.3,11.3,0,3.82962,-0.0325619,-1.46852e-08
12.3,11.4,0,3.83014,-0.0299919,-1.22889e-08
12.3,11.5,0,3.83053,-0.0275797,-9.34527e-09
12.3,11.6,0,3.83092,-0.0251675,-6.40162e-09
12.3,11.7,0,3.83106,-0.0226386,-6.06102e-09
12.3,11.8,0,3.82746,-0.0202368,-6.50151e-09
12.3,11.9,0,3.82386,-0.0178351,-6.94199e-09
12.3,12,0,3.82026,-0.0154333,-7.38248e-09
12.3,12.1,0,3.76085,-0.0129962,-8.32241e-09
12.3,12.2,0,3.67757,-0.0106947,1.20781e-09
12.3,12.3,0,3.59429,-0.00839322,1.0738e-08
12.3,12.4,0,3.17033,-0.00609732,1.98138e-08
12.3,12.5,0,2.11415,-0.00410273,1.4502e-08
12.3,12.6,0,1.05797,-0.00210813,9.19027e-09
12.3,12.7,0,0,0,0
12.4,0,0,0,0,0
12.4,0.1,0,1.3296,0.00218073,-7.90357e-10
12.4,0.2,0,2.65975,0.00441629,-1.68036e-09
12.4,0.3,0,3.41635,0.00711189,-5.3905e-09
12.4,0.4,0,3.59976,0.0104033,-1.20095e-08
12.4,0.5,0,3.78316,0.0136946,-1.86285e-08
12.4,0.6,0,3.79775,0.0172284,-2.51142e-08
12.4,0.7,0,3.81237,0.020834,-3.20292e-08
12.4,0.8,0,3.81967,0.0243479,-3.25162e-08
12.4,0.9,0,3.81965,0.0279154,-2.64772e-08
12.4,1,0,3.81964,0.0314829,-2.04382e-08
12.4,1.1,0,3.8184,0.0349604,-2.6195e-08
12.4,1.2,0,3.81716,0.0385129,-3.1835e-08
12.4,1.3,0,3.81574,0.0419687,-3.41514e-08
12.4,1.4,0,3.81411,0.0454834,-3.48064e-08
12.4,1.5,0,3.81249,0.0489981,-3.54614e-08
12.4,1.6,0,3.81054,0.0523851,-3.16879e-08
12.4,1.7,0,3.80857,0.0558531,-2.77429e-08
12.4,1.8,0,3.80644,0.0592056,-2.94771e-08
12.4,1.9,0,3.80409,0.0626123,-3.80871e-08
12.4,2,0,3.80175,0.0660191,-4.66971e-08
12.4,2.1,0,3.79904,0.0692481,-4.63764e-08
12.4,2.2,0,3.79629,0.0725659,-4.63514e-08
12.4,2.3,0,3.79337,0.0757356,-4.68554e-08
12.4,2.4,0,3.79019,0.0789437,-4.73654e-08
12.4,2.5,0,3.787,0.0821517,-4.78754e-08
12.4,2.6,0,3.78339,0.0850819,-4.73486e-08
12.4,2.7,0,3.77972,0.0881075,-4.71986e-08
12.4,2.8,0,3.77587,0.090951,-4.50368e-08
12.4,2.9,0,3.7717,0.0938139,-3.98018e-08
12.4,3,0,3.76753,0.0966769,-3.45668e-08
12.4,3.1,0,3.76283,0.0990713,-3.11814e-08
12.4,3.2,0,3.75803,0.101562,-2.81964e-08
12.4,3.3,0,3.75309,0.103779,-2.40271e-08
12.4,3.4,0,3.74778,0.105927,-1.71421e-08
12.4,3.5,0,3.74247,0.108075,-1.02571e-08
12.4,3.6,0,3.73643,0.109997,-1.01239e-08
12.4,3.7,0,3.73023,0.112018,-9.62893e-09
12.4,3.8,0,3.72376,0.113076,-1.01231e-08
12.4,3.9,0,3.71664,0.113299,-1.17181e-08
12.4,4,0,3.70951,0.113522,-1.33131e-08
12.4,4.1,0,3.70417,0.114819,-1.0061e-08
12.4,4.2,0,3.69872,0.116215,-6.39096e-09
12.4,4.3,0,3.68783,0.11625,-4.00143e-09
12.4,4.4,0,3.67019,0.115036,-3.83143e-09
12.4,4.5,0,3.65254,0.113823,-3.66143e-09
12.4,4.6,0,3.66299,0.108585,4.57571e-09
12.4,4.7,0,3.67392,0.103226,1.30757e-08
12.4,4.8,0,3.68278,0.100604,1.48778e-08
12.4,4.9,0,3.6908,0.10066,1.2264e-08
12.4,5,0,3.69881,0.100716,9.65028e-09
12.4,5.1,0,3.60367,0.103071,-3.76e-08
12.4,5.2,0,3.49437,0.0924291,-7.61821e-08
12.4,5.3,0,3.39546,0.0686233,-8.7075e-08
12.4,5.4,0,3.33904,0.0327331,-7.92929e-08
12.4,5.5,0,3.32178,-0.00864117,-8.27036e-08
12.4,5.6,0,3.33498,-0.05031,-9.49821e-08
12.4,5.7,0,3.38383,-0.0873007,-7.305e-08
12.4,5.8,0,3.47388,-0.113631,-5.46429e-10
12.4,5.9,0,3.58474,-0.127965,6.28821e-08
12.4,6,0,3.72499,-0.120067,8.3948e-08
12.4,6.1,0,3.72247,-0.115787,7.8914e-08
12.4,6.2,0,3.71949,-0.111339,7.37752e-08
12.4,6.3,0,3.71651,-0.106892,6.86364e-08
12.4,6.4,0,3.7047,-0.108249,5.44799e-08
12.4,6.5,0,3.68641,-0.112942,3.58978e-08
12.4,6.6,0,3.66812,-0.117636,1.73157e-08
12.4,6.7,0,3.6591,-0.121594,6.34952e-09
12.4,6.8,0,3.6741,-0.123805,5.93161e-09
12.4,6.9,0,3.6891,-0.126016,5.5137e-09
12.4,7,0,3.70411,-0.128227,5.09579e-09
12.4,7.1,0,3.70996,-0.126428,5.11088e-09
12.4,7.2,0,3.71553,-0.124248,6.12208e-09
12.4,7.3,0,3.72109,-0.122068,7.13327e-09
12.4,7.4,0,3.72647,-0.121097,2.85235e-09
12.4,7.5,0,3.73197,-0.120799,-7.43123e-09
12.4,7.6,0,3.73746,-0.1205,-1.77148e-08
12.4,7.7,0,3.7427,-0.119855,-2.47091e-08
12.4,7.8,0,3.74773,-0.117672,-2.8321e-08
12.4,7.9,0,3.75277,-0.115488,-3.19329e-08
12.4,8,0,3.75781,-0.113305,-3.55449e-08
12.4,8.1,0,3.7618,-0.111253,-2.10616e-08
12.4,8.2,0,3.76577,-0.10908,1.34139e-09
12.4,8.3,0,3.76974,-0.106907,2.37444e-08
12.4,8.4,0,3.77339,-0.104746,2.53159e-08
12.4,8.5,0,3.77692,-0.102403,2.02859e-09
12.4,8.6,0,3.78045,-0.100061,-2.12587e-08
12.4,8.7,0,3.78381,-0.0977767,-3.98e-08
12.4,8.8,0,3.7867,-0.0951967,-3.8759e-08
12.4,8.9,0,3.7896,-0.0926166,-3.77179e-08
12.4,9,0,3.79249,-0.0900365,-3.66769e-08
12.4,9.1,0,3.79498,-0.0875469,-2.00132e-08
12.4,9.2,0,3.79744,-0.0849663,3.76665e-09
12.4,9.3,0,3.7999,-0.0823858,2.75465e-08
12.4,9.4,0,3.80213,-0.0798672,2.55499e-08
12.4,9.5,0,3.80416,-0.0772442,-1.20061e-08
12.4,9.6,0,3.8062,-0.0746211,-4.95621e-08
12.4,9.7,0,3.80818,-0.0720753,-7.99255e-08
12.4,9.8,0,3.80987,-0.0694766,-5.28248e-08
12.4,9.9,0,3.81156,-0.066878,-2.5724e-08
12.4,10,0,3.81325,-0.0642793,1.37671e-09
12.4,10.1,0,3.81469,-0.0617684,-2.98086e-09
12.4,10.2,0,3.81608,-0.0591973,-1.56674e-08
12.4,10.3,0,3.81747,-0.0566262,-2.8354e-08
12.4,10.4,0,3.81874,-0.0541322,-3.60247e-08
12.4,10.5,0,3.81987,-0.0516024,-4.14388e-08
12.4,10.6,0,3.821,-0.0490726,-4.6853e-08
12.4,10.7,0,3.8221,-0.0465995,-5.28055e-08
12.4,10.8,0,3.82301,-0.0441116,-3.47682e-08
12.4,10.9,0,3.82391,-0.0416236,-1.67309e-08
12.4,11,0,3.82481,-0.0391357,1.30646e-09
12.4,11.1,0,3.82556,-0.0367241,7.21659e-10
12.4,11.2,0,3.82626,-0.0342748,-7.70894e-09
12.4,11.3,0,3.82697,-0.0318255,-1.61395e-08
12.4,11.4,0,3.82754,-0.0294345,-1.89015e-08
12.4,11.5,0,3.82793,-0.0270223,-1.59578e-08
12.4,11.6,0,3.82832,-0.0246101,-1.30142e-08
12.4,11.7,0,3.82851,-0.0222198,-1.12393e-08
12.4,11.8,0,3.82491,-0.0198376,-1.25937e-08
12.4,11.9,0,3.82131,-0.0174359,-1.30342e-08
12.4,12,0,3.81771,-0.0150341,-1.34747e-08
12.4,12.1,0,3.7584,-0.012742,-7.20161e-09
12.4,12.2,0,3.67512,-0.0104405,2.32861e-09
12.4,12.3,0,3.59185,-0.00813902,1.18588e-08
12.4,12.4,0,3.16854,-0.00598379,1.59353e-08
12.4,12.5,0,2.11236,-0.00398919,1.06235e-08
12.4,12.6,0,1.05618,-0.0019946,5.31175e-09
12.4,12.7,0,0,0,0
12.5,0,0,0,0,0
12.5,0.1,0,1.32737,0.00196146,-3.91786e-10
12.5,0.2,0,2.65752,0.00419701,-1.28179e-09
12.5,0.3,0,3.41342,0.00662119,-4.8145e-09
12.5,0.4,0,3.59682,0.00991256,-1.14335e-08
12.5,0.5,0,3.78023,0.0132039,-1.80525e-08
12.5,0.6,0,3.79468,0.0164502,-2.28211e-08
12.5,0.7,0,3.8093,0.0200558,-2.97361e-08
12.5,0.8,0,3.81663,0.0232791,-3.04191e-08
12.5,0.9,0,3.81661,0.0268466,-2.43801e-08
12.5,1,0,3.81659,0.0304141,-1.83411e-08
12.5,1.1,0,3.81542,0.0335918,-2.4565e-08
12.5,1.2,0,3.81417,0.0371443,-3.0205e-08
12.5,1.3,0,3.81283,0.0402891,-2.91971e-08
12.5,1.4,0,3.8112,0.0438038,-2.98521e-08
12.5,1.5,0,3.80958,0.0473185,-3.05071e-08
12.5,1.6,0,3.80773,0.050381,-2.74193e-08
12.5,1.7,0,3.80575,0.0538491,-2.34743e-08
12.5,1.8,0,3.80374,0.0568616,-2.28157e-08
12.5,1.9,0,3.8014,0.0602683,-3.14257e-08
12.5,2,0,3.79905,0.0636751,-4.00357e-08
12.5,2.1,0,3.79649,0.0665487,-3.85321e-08
12.5,2.2,0,3.79375,0.0698665,-3.85071e-08
12.5,2.3,0,3.79102,0.0726636,-4.00568e-08
12.5,2.4,0,3.78783,0.0758716,-4.05668e-08
12.5,2.5,0,3.78465,0.0790797,-4.10768e-08
12.5,2.6,0,3.78128,0.0816281,-3.90429e-08
12.5,2.7,0,3.77761,0.0846537,-3.88929e-08
12.5,2.8,0,3.77405,0.0870939,-3.88539e-08
12.5,2.9,0,3.76988,0.0899569,-3.36189e-08
12.5,3,0,3.76571,0.0928199,-2.83839e-08
12.5,3.1,0,3.76139,0.0948306,-2.33971e-08
12.5,3.2,0,3.75659,0.0973208,-2.04121e-08
12.5,3.3,0,3.75209,0.0991297,-1.93057e-08
12.5,3.4,0,3.74678,0.101278,-1.24207e-08
12.5,3.5,0,3.74147,0.103426,-5.53571e-09
12.5,3.6,0,3.73602,0.104948,-6.84964e-09
12.5,3.7,0,3.72983,0.10697,-6.35464e-09
12.5,3.8,0,3.72408,0.107767,-6.62554e-09
12.5,3.9,0,3.71696,0.10799,-8.22054e-09
12.5,4,0,3.70984,0.108214,-9.81554e-09
12.5,4.1,0,3.70493,0.109115,-8.23482e-09
12.5,4.2,0,3.69948,0.110511,-4.56482e-09
12.5,4.3,0,3.69126,0.110322,-2.97143e-10
12.5,4.4,0,3.67362,0.109109,-1.27143e-10
12.5,4.5,0,3.65597,0.107895,4.28571e-11
12.5,4.6,0,3.66455,0.103147,7.22857e-09
12.5,4.7,0,3.67547,0.0977876,1.57286e-08
12.5,4.8,0,3.68191,0.0952837,1.29666e-08
12.5,4.9,0,3.68993,0.0953397,1.03528e-08
12.5,5,0,3.69794,0.0953958,7.73908e-09
12.5,5.1,0,3.60797,0.0973975,-4.3e-08
12.5,5.2,0,3.5063,0.0869508,-8.09107e-08
12.5,5.3,0,3.41497,0.0642233,-9.0375e-08
12.5,5.4,0,3.36305,0.0303052,-8.14643e-08
12.5,5.5,0,3.3472,-0.00866906,-8.35179e-08
12.5,5.6,0,3.35937,-0.0479135,-9.49107e-08
12.5,5.7,0,3.40438,-0.0828397,-7.525e-08
12.5,5.8,0,3.48754,-0.107885,-7.73214e-09
12.5,5.9,0,3.59051,-0.121801,5.44107e-08
12.5,6,0,3.7223,-0.114579,8.05305e-08
12.5,6.1,0,3.72158,-0.110967,7.59154e-08
12.5,6.2,0,3.7186,-0.10652,7.07766e-08
12.5,6.3,0,3.71563,-0.102072,6.56379e-08
12.5,6.4,0,3.70828,-0.102879,5.03627e-08
12.5,6.5,0,3.68999,-0.107572,3.17806e-08
12.5,6.6,0,3.67171,-0.112266,1.31985e-08
12.5,6.7,0,3.66112,-0.116244,6.85678e-09
12.5,6.8,0,3.67477,-0.118472,1.04812e-08
12.5,6.9,0,3.68977,-0.120683,1.00633e-08
12.5,7,0,3.70478,-0.122894,9.64536e-09
12.5,7.1,0,3.7099,-0.121742,5.96188e-09
12.5,7.2,0,3.71547,-0.119562,6.97308e-09
12.5,7.3,0,3.72104,-0.117382,7.98427e-09
12.5,7.4,0,3.72583,-0.116735,9.64235e-09
12.5,7.5,0,3.73132,-0.116436,-6.41231e-10
12.5,7.6,0,3.73682,-0.116138,-1.09248e-08
12.5,7.7,0,3.74182,-0.115694,-1.53054e-08
12.5,7.8,0,3.74652,-0.113808,-1.50453e-08
12.5,7.9,0,3.75156,-0.111625,-1.86572e-08
12.5,8,0,3.75659,-0.109441,-2.22692e-08
12.5,8.1,0,3.76026,-0.107878,-2.90587e-08
12.5,8.2,0,3.76423,-0.105705,-6.65576e-09
12.5,8.3,0,3.7682,-0.103532,1.57472e-08
12.5,8.4,0,3.77159,-0.101787,3.45116e-08
12.5,8.5,0,3.77511,-0.0994448,1.12243e-08
12.5,8.6,0,3.77864,-0.0971028,-1.2063e-08
12.5,8.7,0,3.78196,-0.0949324,-3.07346e-08
12.5,8.8,0,3.78473,-0.0926576,-3.00418e-08
12.5,8.9,0,3.78762,-0.0900775,-2.90008e-08
12.5,9,0,3.79051,-0.0874974,-2.79597e-08
12.5,9.1,0,3.79289,-0.0853717,-2.61175e-08
12.5,9.2,0,3.79535,-0.0827911,-2.33763e-09
12.5,9.3,0,3.7978,-0.0802105,2.14422e-08
12.5,9.4,0,3.79996,-0.0780253,3.90113e-08
12.5,9.5,0,3.802,-0.0754022,1.45533e-09
12.5,9.6,0,3.80404,-0.0727791,-3.61006e-08
12.5,9.7,0,3.80601,-0.0702751,-6.78854e-08
12.5,9.8,0,3.80766,-0.067929,-4.93874e-08
12.5,9.9,0,3.80935,-0.0653304,-2.22866e-08
12.5,10,0,3.81104,-0.0627317,4.81414e-09
12.5,10.1,0,3.81247,-0.0604837,1.94271e-09
12.5,10.2,0,3.81386,-0.0579126,-1.07439e-08
12.5,10.3,0,3.81524,-0.0553414,-2.34304e-08
12.5,10.4,0,3.81651,-0.053064,-2.46482e-08
12.5,10.5,0,3.81764,-0.0505516,-2.9542e-08
12.5,10.6,0,3.81876,-0.0480219,-3.49562e-08
12.5,10.7,0,3.81987,-0.0455511,-4.10377e-08
12.5,10.8,0,3.82078,-0.0432706,-3.4405e-08
12.5,10.9,0,3.82168,-0.0407826,-1.63677e-08
12.5,11,0,3.82258,-0.0382947,1.6696e-09
12.5,11.1,0,3.82334,-0.036073,6.00009e-09
12.5,11.2,0,3.82404,-0.0336237,-2.43051e-09
12.5,11.3,0,3.82474,-0.0311744,-1.08611e-08
12.5,11.4,0,3.82533,-0.0289216,-1.00659e-08
12.5,11.5,0,3.82571,-0.0265451,-6.2037e-09
12.5,11.6,0,3.8261,-0.0241329,-3.26005e-09
12.5,11.7,0,3.82629,-0.0217427,-1.48517e-09
12.5,11.8,0,3.82273,-0.0195245,-1.04934e-08
12.5,11.9,0,3.81913,-0.0171228,-1.09339e-08
12.5,12,0,3.81553,-0.014721,-1.13744e-08
12.5,12.1,0,3.75645,-0.0125866,-6.16518e-09
12.5,12.2,0,3.67317,-0.0102851,3.36504e-09
12.5,12.3,0,3.5899,-0.00798363,1.28953e-08
12.5,12.4,0,3.16789,-0.00593161,1.62833e-08
12.5,12.5,0,2.11236,-0.00398919,1.06235e-08
12.5,12.6,0,1.05618,-0.0019946,5.31175e-09
12.5,12.7,0,0,0,0
12.6,0,0,0,0,0
12.6,0.1,0,1.32514,0.00174219,6.78571e-12
12.6,0.2,0,2.6553,0.00397774,-8.83214e-10
12.6,0.3,0,3.41084,0.0062662,-4.32721e-09
12.6,0.4,0,3.59389,0.00942186,-1.08575e-08
12.6,0.5,0,3.7773,0.0127132,-1.74765e-08
12.6,0.6,0,3.79161,0.0156721,-2.05279e-08
12.6,0.7,0,3.80623,0.0192777,-2.74429e-08
12.6,0.8,0,3.81357,0.0223557,-2.82239e-08
12.6,0.9,0,3.81357,0.0257779,-2.22829e-08
12.6,1,0,3.81355,0.0293454,-1.62439e-08
12.6,1.1,0,3.81243,0.0322232,-2.2935e-08
12.6,1.2,0,3.81118,0.0357757,-2.8575e-08
12.6,1.3,0,3.80988,0.038765,-2.5905e-08
12.6,1.4,0,3.80829,0.0421242,-2.48979e-08
12.6,1.5,0,3.80667,0.0456389,-2.55529e-08
12.6,1.6,0,3.80491,0.0483769,-2.31507e-08
12.6,1.7,0,3.80294,0.051845,-1.92057e-08
12.6,1.8,0,3.80099,0.0546875,-1.73507e-08
12.6,1.9,0,3.7987,0.0579243,-2.47643e-08
12.6,2,0,3.79636,0.061331,-3.33743e-08
12.6,2.1,0,3.79395,0.0638493,-3.06879e-08
12.6,2.2,0,3.7912,0.0671672,-3.06629e-08
12.6,2.3,0,3.78857,0.0697779,-3.27354e-08
12.6,2.4,0,3.78548,0.0727996,-3.37682e-08
12.6,2.5,0,3.7823,0.0760076,-3.42782e-08
12.6,2.6,0,3.77916,0.0781743,-3.07371e-08
12.6,2.7,0,3.77549,0.0811999,-3.05871e-08
12.6,2.8,0,3.77209,0.0834385,-3.16096e-08
12.6,2.9,0,3.76806,0.0860999,-2.74361e-08
12.6,3,0,3.76389,0.0889629,-2.22011e-08
12.6,3.1,0,3.75995,0.0905899,-1.56129e-08
12.6,3.2,0,3.75515,0.0930802,-1.26279e-08
12.6,3.3,0,3.75087,0.0946849,-1.30529e-08
12.6,3.4,0,3.74578,0.096629,-7.69929e-09
12.6,3.5,0,3.74047,0.0987772,-8.14286e-10
12.6,3.6,0,3.73562,0.0998993,-3.57536e-09
12.6,3.7,0,3.72943,0.101921,-3.08036e-09
12.6,3.8,0,3.72404,0.102589,-3.23961e-09
12.6,3.9,0,3.71729,0.102682,-4.72296e-09
12.6,4,0,3.71017,0.102905,-6.31796e-09
12.6,4.1,0,3.70569,0.103411,-6.40868e-09
12.6,4.2,0,3.70024,0.104807,-2.73868e-09
12.6,4.3,0,3.69336,0.104507,2.46807e-09
12.6,4.4,0,3.67704,0.103181,3.57714e-09
12.6,4.5,0,3.6594,0.101967,3.74714e-09
12.6,4.6,0,3.66611,0.0977091,9.88143e-09
12.6,4.7,0,3.67703,0.0923494,1.83814e-08
12.6,4.8,0,3.68225,0.0899047,1.33374e-08
12.6,4.9,0,3.68905,0.0900199,8.44165e-09
12.6,5,0,3.69707,0.0900759,5.82788e-09
12.6,5.1,0,3.61228,0.0917243,-4.84e-08
12.6,5.2,0,3.51823,0.0814725,-8.56393e-08
12.6,5.3,0,3.43448,0.0598233,-9.3675e-08
12.6,5.4,0,3.38706,0.0278772,-8.36357e-08
12.6,5.5,0,3.37262,-0.00869695,-8.43321e-08
12.6,5.6,0,3.38376,-0.045517,-9.48393e-08
12.6,5.7,0,3.42493,-0.0783786,-7.745e-08
12.6,5.8,0,3.5012,-0.10214,-1.49179e-08
12.6,5.9,0,3.59627,-0.115637,4.59393e-08
12.6,6,0,3.7196,-0.109091,7.71131e-08
12.6,6.1,0,3.72069,-0.106147,7.29168e-08
12.6,6.2,0,3.71772,-0.1017,6.77781e-08
12.6,6.3,0,3.71474,-0.0972525,6.26393e-08
12.6,6.4,0,3.7094,-0.0978123,4.68633e-08
12.6,6.5,0,3.69358,-0.102202,2.76635e-08
12.6,6.6,0,3.67529,-0.106895,9.08139e-09
12.6,6.7,0,3.66471,-0.110873,2.73964e-09
12.6,6.8,0,3.67544,-0.113139,1.50308e-08
12.6,6.9,0,3.69044,-0.11535,1.46128e-08
12.6,7,0,3.70545,-0.117561,1.41949e-08
12.6,7.1,0,3.70985,-0.117056,6.81288e-09
12.6,7.2,0,3.71541,-0.114876,7.82408e-09
12.6,7.3,0,3.72098,-0.112696,8.83527e-09
12.6,7.4,0,3.72558,-0.112151,1.2377e-08
12.6,7.5,0,3.73068,-0.112074,6.14877e-09
12.6,7.6,0,3.73617,-0.111775,-4.13481e-09
12.6,7.7,0,3.74118,-0.111331,-8.51541e-09
12.6,7.8,0,3.74531,-0.109944,-1.76957e-09
12.6,7.9,0,3.75034,-0.107761,-5.38151e-09
12.6,8,0,3.75538,-0.105577,-8.99345e-09
12.6,8.1,0,3.75873,-0.104502,-3.70559e-08
12.6,8.2,0,3.76269,-0.102329,-1.46529e-08
12.6,8.3,0,3.76666,-0.100156,7.75009e-09
12.6,8.4,0,3.77,-0.0984892,2.97221e-08
12.6,8.5,0,3.77331,-0.0964862,2.042e-08
12.6,8.6,0,3.77683,-0.0941442,-2.86729e-09
12.6,8.7,0,3.78015,-0.0919737,-2.15389e-08
12.6,8.8,0,3.78275,-0.0901185,-2.13247e-08
12.6,8.9,0,3.78564,-0.0875384,-2.02836e-08
12.6,9,0,3.78854,-0.0849583,-1.92426e-08
12.6,9.1,0,3.7908,-0.0831856,-3.17793e-08
12.6,9.2,0,3.79325,-0.0806159,-8.44192e-09
12.6,9.3,0,3.79571,-0.0780353,1.53379e-08
12.6,9.4,0,3.79786,-0.0758687,3.40021e-08
12.6,9.5,0,3.79984,-0.0735602,1.49168e-08
12.6,9.6,0,3.80187,-0.0709372,-2.26392e-08
12.6,9.7,0,3.80384,-0.0684331,-5.4424e-08
12.6,9.8,0,3.80546,-0.0663814,-4.59499e-08
12.6,9.9,0,3.80715,-0.0637828,-1.88492e-08
12.6,10,0,3.80884,-0.0611841,8.25157e-09
12.6,10.1,0,3.81025,-0.0591568,6.62783e-09
12.6,10.2,0,3.81163,-0.0566278,-5.82029e-09
12.6,10.3,0,3.81302,-0.0540567,-1.85069e-08
12.6,10.4,0,3.81428,-0.0517792,-1.97246e-08
12.6,10.5,0,3.8154,-0.0495009,-1.76451e-08
12.6,10.6,0,3.81653,-0.0469711,-2.30593e-08
12.6,10.7,0,3.81764,-0.0445003,-2.91409e-08
12.6,10.8,0,3.81855,-0.0424296,-3.40419e-08
12.6,10.9,0,3.81945,-0.0399416,-1.60046e-08
12.6,11,0,3.82035,-0.0374537,2.03274e-09
12.6,11.1,0,3.82111,-0.0353667,9.84795e-09
12.6,11.2,0,3.82182,-0.0329726,2.84792e-09
12.6,11.3,0,3.82252,-0.0305233,-5.58268e-09
12.6,11.4,0,3.8231,-0.0282705,-4.78745e-09
12.6,11.5,0,3.8235,-0.026068,3.55044e-09
12.6,11.6,0,3.82388,-0.0236558,6.4941e-09
12.6,11.7,0,3.82408,-0.0212655,8.26898e-09
12.6,11.8,0,3.82056,-0.0192115,-8.39312e-09
12.6,11.9,0,3.81696,-0.0168097,-8.8336e-09
12.6,12,0,3.81336,-0.0144079,-9.27409e-09
12.6,12.1,0,3.75441,-0.0123647,-4.68019e-09
12.6,12.2,0,3.67123,-0.0101297,4.40147e-09
12.6,12.3,0,3.58795,-0.00782825,1.39317e-08
12.6,12.4,0,3.16594,-0.00577623,1.73197e-08
12.6,12.5,0,2.11236,-0.00398919,1.06235e-08
12.6,12.6,0,1.05618,-0.0019946,5.31175e-09
12.6,12.7,0,0,0,0
12.7,0,0,0,0,0
12.7,0.1,0,1.32292,0.00152291,4.05357e-10
12.7,0.2,0,2.65307,0.00375847,-4.84643e-10
12.7,0.3,0,3.40861,0.00604693,-3.92864e-09
12.7,0.4,0,3.59096,0.00893115,-1.02815e-08
12.7,0.5,0,3.77437,0.0122225,-1.69005e-08
12.7,0.6,0,3.78854,0.014894,-1.82348e-08
12.7,0.7,0,3.80316,0.0184996,-2.51498e-08
12.7,0.8,0,3.8105,0.0215776,-2.59308e-08
12.7,0.9,0,3.81052,0.0247092,-2.01858e-08
12.7,1,0,3.8105,0.0282767,-1.41468e-08
12.7,1.1,0,3.80945,0.0308547,-2.1305e-08
12.7,1.2,0,3.8082,0.0344071,-2.6945e-08
12.7,1.3,0,3.80689,0.0373965,-2.4275e-08
12.7,1.4,0,3.80538,0.0404446,-1.99436e-08
12.7,1.5,0,3.80376,0.0439593,-2.05986e-08
12.7,1.6,0,3.8021,0.0463729,-1.88821e-08
12.7,1.7,0,3.80012,0.049841,-1.49371e-08
12.7,1.8,0,3.79817,0.0526835,-1.30821e-08
12.7,1.9,0,3.79601,0.0555803,-1.81029e-08
12.7,2,0,3.79366,0.058987,-2.67129e-08
12.7,2.1,0,3.79141,0.06115,-2.28436e-08
12.7,2.2,0,3.78866,0.0644678,-2.28186e-08
12.7,2.3,0,3.78603,0.0670785,-2.48911e-08
12.7,2.4,0,3.78313,0.0697275,-2.69696e-08
12.7,2.5,0,3.77994,0.0729356,-2.74796e-08
12.7,2.6,0,3.77705,0.0747206,-2.24314e-08
12.7,2.7,0,3.77338,0.0777462,-2.22814e-08
12.7,2.8,0,3.76997,0.0799847,-2.33039e-08
12.7,2.9,0,3.76624,0.0822428,-2.12532e-08
12.7,3,0,3.76207,0.0851058,-1.60182e-08
12.7,3.1,0,3.7585,0.0863492,-7.82857e-09
12.7,3.2,0,3.75371,0.0888395,-4.84357e-09
12.7,3.3,0,3.74943,0.0904442,-5.26857e-09
12.7,3.4,0,3.74478,0.09198,-2.97786e-09
12.7,3.5,0,3.73947,0.0941282,3.90714e-09
12.7,3.6,0,3.73521,0.0948505,-3.01071e-10
12.7,3.7,0,3.72902,0.096872,1.93929e-10
12.7,3.8,0,3.72364,0.0975399,3.46786e-11
12.7,3.9,0,3.71761,0.0973734,-1.22539e-09
12.7,4,0,3.71049,0.0975966,-2.82039e-09
12.7,4.1,0,3.70646,0.0977072,-4.58254e-09
12.7,4.2,0,3.701,0.099103,-9.12536e-10
12.7,4.3,0,3.69412,0.0988026,4.29421e-09
12.7,4.4,0,3.68047,0.0972535,7.28143e-09
12.7,4.5,0,3.66282,0.0960399,7.45143e-09
12.7,4.6,0,3.66766,0.0922709,1.25343e-08
12.7,4.7,0,3.67858,0.0869112,2.10343e-08
12.7,4.8,0,3.6838,0.0844665,1.59903e-08
12.7,4.9,0,3.68818,0.0847,6.53045e-09
12.7,5,0,3.6962,0.084756,3.91668e-09
12.7,5.1,0,3.61658,0.0860511,-5.38e-08
12.7,5.2,0,3.53016,0.0759942,-9.03679e-08
12.7,5.3,0,3.45399,0.0554233,-9.6975e-08
12.7,5.4,0,3.41107,0.0254492,-8.58071e-08
12.7,5.5,0,3.39803,-0.00872485,-8.51464e-08
12.7,5.6,0,3.40815,-0.0431206,-9.47679e-08
12.7,5.7,0,3.44548,-0.0739175,-7.965e-08
12.7,5.8,0,3.51486,-0.0963937,-2.21036e-08
12.7,5.9,0,3.60203,-0.109473,3.74679e-08
12.7,6,0,3.7169,-0.103603,7.36956e-08
12.7,6.1,0,3.71865,-0.100901,6.9651e-08
12.7,6.2,0,3.71683,-0.0968799,6.47795e-08
12.7,6.3,0,3.71385,-0.0924327,5.96407e-08
12.7,6.4,0,3.70851,-0.0929924,4.38647e-08
12.7,6.5,0,3.69716,-0.0968316,2.35463e-08
12.7,6.6,0,3.67887,-0.101525,4.96425e-09
12.7,6.7,0,3.66829,-0.105503,-1.37751e-09
12.7,6.8,0,3.67611,-0.107806,1.95803e-08
12.7,6.9,0,3.69111,-0.110017,1.91624e-08
12.7,7,0,3.70612,-0.112228,1.87445e-08
12.7,7.1,0,3.71035,-0.111873,1.05068e-08
12.7,7.2,0,3.71535,-0.11019,8.67508e-09
12.7,7.3,0,3.72092,-0.10801,9.68627e-09
12.7,7.4,0,3.72552,-0.107466,1.3228e-08
12.7,7.5,0,3.73003,-0.107711,1.29388e-08
12.7,7.6,0,3.73553,-0.107413,2.65519e-09
12.7,7.7,0,3.74053,-0.106969,-1.72541e-09
12.7,7.8,0,3.74409,-0.106081,1.15061e-08
12.7,7.9,0,3.74913,-0.103897,7.89421e-09
12.7,8,0,3.75416,-0.101714,4.28227e-09
12.7,8.1,0,3.75748,-0.100688,-2.59233e-08
12.7,8.2,0,3.76116,-0.0989538,-2.265e-08
12.7,8.3,0,3.76512,-0.0967809,-2.47058e-10
12.7,8.4,0,3.76846,-0.0951137,2.1725e-08
12.7,8.5,0,3.7715,-0.0935275,2.96157e-08
12.7,8.6,0,3.77503,-0.0911855,6.32842e-09
12.7,8.7,0,3.77834,-0.089015,-1.23432e-08
12.7,8.8,0,3.78079,-0.0875309,-1.25522e-08
12.7,8.9,0,3.78367,-0.0849993,-1.15665e-08
12.7,9,0,3.78656,-0.0824192,-1.05254e-08
12.7,9.1,0,3.78882,-0.0806465,-2.30622e-08
12.7,9.2,0,3.79116,-0.0784407,-1.45462e-08
12.7,9.3,0,3.79362,-0.0758601,9.23365e-09
12.7,9.4,0,3.79577,-0.0736935,2.78978e-08
12.7,9.5,0,3.79767,-0.0717183,2.83782e-08
12.7,9.6,0,3.79971,-0.0690952,-9.17778e-09
12.7,9.7,0,3.80168,-0.0665911,-4.09626e-08
12.7,9.8,0,3.80326,-0.0647613,-4.00439e-08
12.7,9.9,0,3.80494,-0.0622352,-1.54118e-08
12.7,10,0,3.80663,-0.0596365,1.1689e-08
12.7,10.1,0,3.80804,-0.0576092,1.00653e-08
12.7,10.2,0,3.8094,-0.0553431,-8.96714e-10
12.7,10.3,0,3.81079,-0.052772,-1.35833e-08
12.7,10.4,0,3.81206,-0.0504945,-1.48011e-08
12.7,10.5,0,3.81317,-0.0484501,-5.74827e-09
12.7,10.6,0,3.8143,-0.0459203,-1.11625e-08
12.7,10.7,0,3.81541,-0.0434496,-1.7244e-08
12.7,10.8,0,3.81632,-0.0415095,-2.93321e-08
12.7,10.9,0,3.81722,-0.0391006,-1.56414e-08
12.7,11,0,3.81812,-0.0366127,2.39589e-09
12.7,11.1,0,3.81888,-0.0345257,1.02111e-08
12.7,11.2,0,3.81959,-0.0323215,8.12635e-09
12.7,11.3,0,3.82029,-0.0298721,-3.04249e-10
12.7,11.4,0,3.82088,-0.0276194,4.90975e-10
12.7,11.5,0,3.82128,-0.0255908,1.33046e-08
12.7,11.6,0,3.82167,-0.0231786,1.62482e-08
12.7,11.7,0,3.82186,-0.0207884,1.80231e-08
12.7,11.8,0,3.81836,-0.0188151,-2.40878e-09
12.7,11.9,0,3.81478,-0.0164966,-6.73332e-09
12.7,12,0,3.81118,-0.0140948,-7.1738e-09
12.7,12.1,0,3.75223,-0.0120516,-2.5799e-09
12.7,12.2,0,3.66928,-0.00997435,5.4379e-09
12.7,12.3,0,3.58601,-0.00767287,1.49681e-08
12.7,12.4,0,3.16399,-0.00562085,1.83562e-08
12.7,12.5,0,2.11236,-0.00398919,1.06235e-08
12.7,12.6,0,1.05618,-0.0019946,5.31175e-09
12.7,12.7,0,0,0,0
12.8,0,0,0,0,0
12.8,0.1,0,1.32236,0.0014681,5.05e-10
12.8,0.2,0,2.65085,0.00353919,-8.60714e-11
12.8,0.3,0,3.40639,0.00582765,-3.53007e-09
12.8,0.4,0,3.58803,0.00844045,-9.7055e-09
12.8,0.5,0,3.77143,0.0117318,-1.63245e-08
12.8,0.6,0,3.78558,0.0143314,-1.72295e-08
12.8,0.7,0,3.80009,0.0177214,-2.28566e-08
12.8,0.8,0,3.80744,0.0207994,-2.36376e-08
12.8,0.9,0,3.80748,0.0236405,-1.80886e-08
12.8,1,0,3.80746,0.027208,-1.20496e-08
12.8,1.1,0,3.80642,0.029711,-1.93246e-08
12.8,1.2,0,3.80521,0.0330386,-2.5315e-08
12.8,1.3,0,3.80391,0.0360279,-2.2645e-08
12.8,1.4,0,3.80248,0.038765,-1.49893e-08
12.8,1.5,0,3.80085,0.0422797,-1.56443e-08
12.8,1.6,0,3.79921,0.0446122,-1.40993e-08
12.8,1.7,0,3.79731,0.0478369,-1.06686e-08
12.8,1.8,0,3.79536,0.0506794,-8.81357e-09
12.8,1.9,0,3.79332,0.0532362,-1.14414e-08
12.8,2,0,3.79097,0.056643,-2.00514e-08
12.8,2.1,0,3.78875,0.0587171,-1.58864e-08
12.8,2.2,0,3.78612,0.0617684,-1.49743e-08
12.8,2.3,0,3.78348,0.0643792,-1.70468e-08
12.8,2.4,0,3.78077,0.0666555,-2.01711e-08
12.8,2.5,0,3.77759,0.0698635,-2.06811e-08
12.8,2.6,0,3.77476,0.0715531,-1.52561e-08
12.8,2.7,0,3.77127,0.0742924,-1.39757e-08
12.8,2.8,0,3.76786,0.076531,-1.49982e-08
12.8,2.9,0,3.76442,0.0783858,-1.50704e-08
12.8,3,0,3.76025,0.0812488,-9.83536e-09
12.8,3.1,0,3.75678,0.0823963,-1.24536e-09
12.8,3.2,0,3.75226,0.0845988,2.94071e-09
12.8,3.3,0,3.74798,0.0862035,2.51571e-09
12.8,3.4,0,3.74378,0.087331,1.74357e-09
12.8,3.5,0,3.73847,0.0894792,8.62857e-09
12.8,3.6,0,3.73436,0.0901016,4.05857e-09
12.8,3.7,0,3.72862,0.0918233,3.46821e-09
12.8,3.8,0,3.72324,0.0924911,3.30896e-09
12.8,3.9,0,3.71794,0.0920649,2.27218e-09
12.8,4,0,3.71082,0.0922881,6.77179e-10
12.8,4.1,0,3.70689,0.0922998,-1.50282e-09
12.8,4.2,0,3.70176,0.093399,9.13607e-10
12.8,4.3,0,3.69488,0.0930987,6.12036e-09
12.8,4.4,0,3.6839,0.0913259,1.09857e-08
12.8,4.5,0,3.66625,0.0901122,1.11557e-08
12.8,4.6,0,3.67062,0.0864656,1.59757e-08
12.8,4.7,0,3.68014,0.081473,2.36871e-08
12.8,4.8,0,3.68536,0.0790283,1.86432e-08
12.8,4.9,0,3.68731,0.0793801,4.61925e-09
12.8,5,0,3.69533,0.0794362,2.00548e-09
12.8,5.1,0,3.62088,0.0803779,-5.92e-08
12.8,5.2,0,3.54209,0.0705158,-9.50964e-08
12.8,5.3,0,3.47349,0.0510233,-1.00275e-07
12.8,5.4,0,3.43508,0.0230213,-8.79786e-08
12.8,5.5,0,3.42345,-0.00875274,-8.59607e-08
12.8,5.6,0,3.43254,-0.0407241,-9.46964e-08
12.8,5.7,0,3.46602,-0.0694565,-8.185e-08
12.8,5.8,0,3.52852,-0.0906479,-2.92893e-08
12.8,5.9,0,3.60779,-0.103309,2.89964e-08
12.8,6,0,3.71421,-0.0981144,7.02781e-08
12.8,6.1,0,3.71596,-0.0954126,6.62335e-08
12.8,6.2,0,3.71595,-0.0920601,6.17809e-08
12.8,6.3,0,3.71297,-0.0876128,5.66421e-08
12.8,6.4,0,3.70762,-0.0881726,4.08661e-08
12.8,6.5,0,3.70074,-0.0914613,1.94292e-08
12.8,6.6,0,3.68245,-0.0961549,8.47106e-10
12.8,6.7,0,3.67187,-0.100133,-5.49465e-09
12.8,6.8,0,3.67927,-0.102441,1.67244e-08
12.8,6.9,0,3.69178,-0.104684,2.3712e-08
12.8,7,0,3.70679,-0.106895,2.32941e-08
12.8,7.1,0,3.71102,-0.10654,1.50564e-08
12.8,7.2,0,3.7153,-0.105504,9.52608e-09
12.8,7.3,0,3.72086,-0.103324,1.05373e-08
12.8,7.4,0,3.72546,-0.10278,1.4079e-08
12.8,7.5,0,3.72943,-0.103326,1.93077e-08
12.8,7.6,0,3.73488,-0.103051,9.44519e-09
12.8,7.7,0,3.73989,-0.102606,5.06459e-09
12.8,7.8,0,3.74344,-0.101726,1.83929e-08
12.8,7.9,0,3.74791,-0.100033,2.11699e-08
12.8,8,0,3.75295,-0.0978498,1.7558e-08
12.8,8.1,0,3.75627,-0.0968238,-1.26476e-08
12.8,8.2,0,3.75962,-0.0955783,-3.06472e-08
12.8,8.3,0,3.76359,-0.0934055,-8.2442e-09
12.8,8.4,0,3.76692,-0.0917383,1.37278e-08
12.8,8.5,0,3.76974,-0.0904849,3.53472e-08
12.8,8.6,0,3.77322,-0.0882268,1.55241e-08
12.8,8.7,0,3.77653,-0.0860564,-3.14751e-09
12.8,8.8,0,3.77899,-0.0845722,-3.35646e-09
12.8,8.9,0,3.78169,-0.0824602,-2.84934e-09
12.8,9,0,3.78459,-0.0798801,-1.8083e-09
12.8,9.1,0,3.78685,-0.0781074,-1.43451e-08
12.8,9.2,0,3.78907,-0.0762654,-2.06505e-08
12.8,9.3,0,3.79152,-0.0736848,3.12936e-09
12.8,9.4,0,3.79368,-0.0715182,2.17935e-08
12.8,9.5,0,3.79553,-0.0697656,3.5342e-08
12.8,9.6,0,3.79754,-0.0672532,4.28365e-09
12.8,9.7,0,3.79951,-0.0647492,-2.75011e-08
12.8,9.8,0,3.80109,-0.0629194,-2.65825e-08
12.8,9.9,0,3.80273,-0.0606876,-1.19743e-08
12.8,10,0,3.80443,-0.0580889,1.51264e-08
12.8,10.1,0,3.80583,-0.0560616,1.35027e-08
12.8,10.2,0,3.80718,-0.0540583,4.02686e-09
12.8,10.3,0,3.80857,-0.0514872,-8.65971e-09
12.8,10.4,0,3.80983,-0.0492097,-9.87749e-09
12.8,10.5,0,3.81094,-0.0472911,2.92214e-09
12.8,10.6,0,3.81207,-0.0448696,7.34404e-10
12.8,10.7,0,3.81317,-0.0423988,-5.34716e-09
12.8,10.8,0,3.81408,-0.0404588,-1.74352e-08
12.8,10.9,0,3.81499,-0.0382596,-1.52783e-08
12.8,11,0,3.81589,-0.0357717,2.75903e-09
12.8,11.1,0,3.81665,-0.0336847,1.05742e-08
12.8,11.2,0,3.81737,-0.0316704,1.34048e-08
12.8,11.3,0,3.81807,-0.029221,4.97418e-09
12.8,11.4,0,3.81865,-0.0269683,5.7694e-09
12.8,11.5,0,3.81906,-0.0250105,2.04034e-08
12.8,11.6,0,3.81945,-0.0227015,2.60024e-08
12.8,11.7,0,3.81965,-0.0203112,2.77773e-08
12.8,11.8,0,3.81614,-0.018338,7.34536e-09
12.8,11.9,0,3.8126,-0.0161835,-4.63303e-09
12.8,12,0,3.809,-0.0137818,-5.07352e-09
12.8,12.1,0,3.75005,-0.0117385,-4.79616e-10
12.8,12.2,0,3.66734,-0.00981897,6.47433e-09
12.8,12.3,0,3.58406,-0.00751749,1.60046e-08
12.8,12.4,0,3.16205,-0.00546546,1.93926e-08
12.8,12.5,0,2.11095,-0.00387672,1.13738e-08
12.8,12.6,0,1.05618,-0.0019946,5.31175e-09
12.8,12.7,0,0,0,0
12.9,0,0,0,0,0
12.9,0.1,0,1.32236,0.0014681,5.05e-10
12.9,0.2,0,2.64862,0.00331992,3.125e-10
12.9,0.3,0,3.40416,0.00560838,-3.1315e-09
12.9,0.4,0,3.58509,0.00794975,-9.1295e-09
12.9,0.5,0,3.7685,0.0112411,-1.57485e-08
12.9,0.6,0,3.78264,0.0138407,-1.66535e-08
12.9,0.7,0,3.79702,0.0169433,-2.05635e-08
12.9,0.8,0,3.80437,0.0200213,-2.13445e-08
12.9,0.9,0,3.80443,0.0225717,-1.59915e-08
12.9,1,0,3.80442,0.0261392,-9.9525e-09
12.9,1.1,0,3.80337,0.0286422,-1.72275e-08
12.9,1.2,0,3.80223,0.03167,-2.3685e-08
12.9,1.3,0,3.80092,0.0346593,-2.1015e-08
12.9,1.4,0,3.79957,0.0370855,-1.0035e-08
12.9,1.5,0,3.79794,0.0406002,-1.069e-08
12.9,1.6,0,3.7963,0.0429326,-9.145e-09
12.9,1.7,0,3.7945,0.0458328,-6.4e-09
12.9,1.8,0,3.79255,0.0486753,-4.545e-09
12.9,1.9,0,3.79062,0.0508922,-4.78e-09
12.9,2,0,3.78828,0.054299,-1.339e-08
12.9,2.1,0,3.78606,0.0563731,-9.225e-09
12.9,2.2,0,3.78357,0.0590691,-7.13e-09
12.9,2.3,0,3.78094,0.0616798,-9.2025e-09
12.9,2.4,0,3.77842,0.0635834,-1.33725e-08
12.9,2.5,0,3.77524,0.0667915,-1.38825e-08
12.9,2.6,0,3.7724,0.068481,-8.4575e-09
12.9,2.7,0,3.76915,0.0708386,-5.67e-09
12.9,2.8,0,3.76575,0.0730772,-6.6925e-09
12.9,2.9,0,3.7626,0.0745288,-8.8875e-09
12.9,3,0,3.75843,0.0773918,-3.6525e-09
12.9,3.1,0,3.75496,0.0785393,4.9375e-09
12.9,3.2,0,3.75082,0.0803581,1.0725e-08
12.9,3.3,0,3.74654,0.0819628,1.03e-08
12.9,3.4,0,3.74278,0.0826819,6.465e-09
12.9,3.5,0,3.73747,0.0848302,1.335e-08
12.9,3.6,0,3.73336,0.0854525,8.78e-09
12.9,3.7,0,3.72821,0.0867745,6.7425e-09
12.9,3.8,0,3.72283,0.0874423,6.58325e-09
12.9,3.9,0,3.71826,0.0867564,5.76975e-09
12.9,4,0,3.71114,0.0869796,4.17475e-09
12.9,4.1,0,3.70722,0.0869913,1.99475e-09
12.9,4.2,0,3.70253,0.087695,2.73975e-09
12.9,4.3,0,3.69564,0.0873947,7.9465e-09
12.9,4.4,0,3.68733,0.0853982,1.469e-08
12.9,4.5,0,3.66968,0.0841846,1.486e-08
12.9,4.6,0,3.67405,0.080538,1.968e-08
12.9,4.7,0,3.68169,0.0760348,2.634e-08
12.9,4.8,0,3.68691,0.0735901,2.1296e-08
12.9,4.9,0,3.68644,0.0740603,2.70805e-09
12.9,5,0,3.69446,0.0741163,9.42859e-11
12.9,5.1,0,3.62519,0.0747047,-6.46e-08
12.9,5.2,0,3.55401,0.0650375,-9.9825e-08
12.9,5.3,0,3.493,0.0466233,-1.03575e-07
12.9,5.4,0,3.45908,0.0205933,-9.015e-08
12.9,5.5,0,3.44887,-0.00878063,-8.6775e-08
12.9,5.6,0,3.45692,-0.0383277,-9.4625e-08
12.9,5.7,0,3.48657,-0.0649954,-8.405e-08
12.9,5.8,0,3.54218,-0.0849021,-3.6475e-08
12.9,5.9,0,3.61356,-0.097145,2.0525e-08
12.9,6,0,3.71151,-0.0926263,6.68606e-08
12.9,6.1,0,3.71326,-0.0899246,6.2816e-08
12.9,6.2,0,3.71501,-0.0872228,5.87714e-08
12.9,6.3,0,3.71208,-0.082793,5.36436e-08
12.9,6.4,0,3.70674,-0.0833528,3.78676e-08
12.9,6.5,0,3.70012,-0.0866087,1.63638e-08
12.9,6.6,0,3.68603,-0.0907847,-3.27004e-09
12.9,6.7,0,3.67545,-0.0947627,-9.61179e-09
12.9,6.8,0,3.68285,-0.0970711,1.26072e-08
12.9,6.9,0,3.69246,-0.0993513,2.82616e-08
12.9,7,0,3.70746,-0.101562,2.78436e-08
12.9,7.1,0,3.71169,-0.101207,1.9606e-08
12.9,7.2,0,3.71535,-0.100717,1.09567e-08
12.9,7.3,0,3.7208,-0.0986381,1.13883e-08
12.9,7.4,0,3.72541,-0.0980938,1.493e-08
12.9,7.5,0,3.72937,-0.0986401,2.01587e-08
12.9,7.6,0,3.73424,-0.098688,1.62352e-08
12.9,7.7,0,3.73924,-0.098244,1.18546e-08
12.9,7.8,0,3.74279,-0.0973631,2.51829e-08
12.9,7.9,0,3.7467,-0.0961695,3.44456e-08
12.9,8,0,3.75174,-0.0939861,3.08337e-08
12.9,8.1,0,3.75505,-0.09296,6.28097e-10
12.9,8.2,0,3.75817,-0.0920626,-3.25324e-08
12.9,8.3,0,3.76205,-0.09003,-1.62413e-08
12.9,8.4,0,3.76538,-0.0883628,5.73067e-09
12.9,8.5,0,3.76821,-0.0871094,2.73501e-08
12.9,8.6,0,3.77141,-0.0852682,2.47199e-08
12.9,8.7,0,3.77472,-0.0830977,6.04821e-09
12.9,8.8,0,3.77718,-0.0816135,5.83925e-09
12.9,8.9,0,3.77972,-0.0799211,5.8678e-09
12.9,9,0,3.78261,-0.077341,6.90884e-09
12.9,9.1,0,3.78487,-0.0755683,-5.62791e-09
12.9,9.2,0,3.78702,-0.0739381,-2.05607e-08
12.9,9.3,0,3.78943,-0.0715096,-2.97493e-09
12.9,9.4,0,3.79158,-0.069343,1.56893e-08
12.9,9.5,0,3.79344,-0.0675904,2.92378e-08
12.9,9.6,0,3.79538,-0.0654113,1.77451e-08
12.9,9.7,0,3.79735,-0.0629072,-1.40397e-08
12.9,9.8,0,3.79893,-0.0610774,-1.3121e-08
12.9,9.9,0,3.80053,-0.05914,-8.5369e-09
12.9,10,0,3.80222,-0.0565413,1.85639e-08
12.9,10.1,0,3.80363,-0.054514,1.69401e-08
12.9,10.2,0,3.80496,-0.0526294,8.13527e-09
12.9,10.3,0,3.80634,-0.0502025,-3.73614e-09
12.9,10.4,0,3.8076,-0.047925,-4.95392e-09
12.9,10.5,0,3.80872,-0.0460063,7.84571e-09
12.9,10.6,0,3.80984,-0.0438188,1.26313e-08
12.9,10.7,0,3.81094,-0.041348,6.54969e-09
12.9,10.8,0,3.81185,-0.039408,-5.53837e-09
12.9,10.9,0,3.81276,-0.0374187,-1.49151e-08
12.9,11,0,3.81366,-0.0349307,3.12217e-09
12.9,11.1,0,3.81442,-0.0328437,1.09374e-08
12.9,11.2,0,3.81514,-0.0308903,1.53452e-08
12.9,11.3,0,3.81585,-0.0285699,1.02526e-08
12.9,11.4,0,3.81643,-0.0263172,1.10478e-08
12.9,11.5,0,3.81684,-0.0243594,2.56818e-08
12.9,11.6,0,3.81724,-0.0222244,3.57565e-08
12.9,11.7,0,3.81743,-0.0198341,3.75314e-08
12.9,11.8,0,3.81393,-0.0178608,1.70995e-08
12.9,11.9,0,3.81042,-0.0158704,-2.53274e-09
12.9,12,0,3.80682,-0.0134687,-2.97323e-09
12.9,12.1,0,3.74787,-0.0114254,1.62067e-09
12.9,12.2,0,3.6652,-0.00953589,8.37216e-09
12.9,12.3,0,3.58211,-0.00736211,1.7041e-08
12.9,12.4,0,3.1601,-0.00531008,2.0429e-08
12.9,12.5,0,2.109,-0.00372133,1.24102e-08
12.9,12.6,0,1.05618,-0.0019946,5.31175e-09
12.9,12.7,0,0,0,0
13,0,0,0,0,0
13,0.1,0,1.32236,0.0014681,5.05e-10
13,0.2,0,2.6464,0.00310065,7.11071e-10
13,0.3,0,3.40194,0.00538911,-2.73293e-09
13,0.4,0,3.58287,0.00773047,-8.73093e-09
13,0.5,0,3.76557,0.0107504,-1.51725e-08
13,0.6,0,3.77971,0.01335,-1.60775e-08
13,0.7,0,3.79395,0.0161652,-1.82704e-08
13,0.8,0,3.8013,0.0192432,-1.90514e-08
13,0.9,0,3.80137,0.0217936,-1.36984e-08
13,1,0,3.80137,0.0250705,-7.85536e-09
13,1.1,0,3.80033,0.0275735,-1.51304e-08
13,1.2,0,3.79924,0.0303014,-2.2055e-08
13,1.3,0,3.79794,0.0332907,-1.9385e-08
13,1.4,0,3.79658,0.0357169,-8.405e-09
13,1.5,0,3.79503,0.0389206,-5.73571e-09
13,1.6,0,3.79339,0.041253,-4.19071e-09
13,1.7,0,3.79168,0.0438288,-2.13143e-09
13,1.8,0,3.78973,0.0466713,-2.76429e-10
13,1.9,0,3.78781,0.0488882,-5.11429e-10
13,2,0,3.78558,0.051955,-6.72857e-09
13,2.1,0,3.78336,0.0540291,-2.56357e-09
13,2.2,0,3.78103,0.0563697,7.14286e-10
13,2.3,0,3.7784,0.0589805,-1.35821e-09
13,2.4,0,3.77588,0.0608841,-5.52821e-09
13,2.5,0,3.77288,0.0637194,-7.08393e-09
13,2.6,0,3.77005,0.065409,-1.65893e-09
13,2.7,0,3.76704,0.0673848,2.63571e-09
13,2.8,0,3.76363,0.0696234,1.61321e-09
13,2.9,0,3.76049,0.071075,-5.81786e-10
13,3,0,3.75661,0.0735347,2.53036e-09
13,3.1,0,3.75314,0.0746822,1.11204e-08
13,3.2,0,3.74938,0.0761175,1.85093e-08
13,3.3,0,3.7451,0.0777221,1.80843e-08
13,3.4,0,3.74134,0.0784413,1.42493e-08
13,3.5,0,3.73647,0.0801812,1.80714e-08
13,3.6,0,3.73236,0.0808035,1.35014e-08
13,3.7,0,3.72781,0.0817257,1.00168e-08
13,3.8,0,3.72243,0.0823935,9.85754e-09
13,3.9,0,3.71786,0.0817076,9.04404e-09
13,4,0,3.71147,0.0816711,7.67232e-09
13,4.1,0,3.70754,0.0816828,5.49232e-09
13,4.2,0,3.70329,0.0819911,4.56589e-09
13,4.3,0,3.6964,0.0816907,9.77264e-09
13,4.4,0,3.68809,0.0796943,1.65161e-08
13,4.5,0,3.67311,0.078257,1.85643e-08
13,4.6,0,3.67747,0.0746103,2.33843e-08
13,4.7,0,3.68325,0.0705966,2.89929e-08
13,4.8,0,3.68847,0.0681519,2.39489e-08
13,4.9,0,3.68799,0.0686221,5.36091e-09
13,5,0,3.69359,0.0687965,-1.81691e-09
13,5.1,0,3.62949,0.0690315,-7e-08
13,5.2,0,3.56594,0.0595592,-1.04554e-07
13,5.3,0,3.51251,0.0422233,-1.06875e-07
13,5.4,0,3.48309,0.0181653,-9.23214e-08
13,5.5,0,3.47429,-0.00880852,-8.75893e-08
13,5.6,0,3.48131,-0.0359312,-9.45536e-08
13,5.7,0,3.50712,-0.0605343,-8.625e-08
13,5.8,0,3.55584,-0.0791562,-4.36607e-08
13,5.9,0,3.61932,-0.090981,1.20536e-08
13,6,0,3.70881,-0.0871382,6.34431e-08
13,6.1,0,3.71057,-0.0844365,5.93985e-08
13,6.2,0,3.71232,-0.0817347,5.53539e-08
13,6.3,0,3.7112,-0.0779732,5.0645e-08
13,6.4,0,3.70585,-0.078533,3.4869e-08
13,6.5,0,3.69923,-0.0817888,1.33653e-08
13,6.6,0,3.68961,-0.0854144,-7.38718e-09
13,6.7,0,3.67903,-0.0893924,-1.37289e-08
13,6.8,0,3.68643,-0.0917009,8.4901e-09
13,6.9,0,3.69383,-0.0940093,3.07091e-08
13,7,0,3.70813,-0.0962294,3.23932e-08
13,7.1,0,3.71236,-0.0958742,2.41555e-08
13,7.2,0,3.71602,-0.095384,1.55063e-08
13,7.3,0,3.72074,-0.0939522,1.22393e-08
13,7.4,0,3.72535,-0.0934079,1.5781e-08
13,7.5,0,3.72931,-0.0939542,2.10097e-08
13,7.6,0,3.73359,-0.0943256,2.30252e-08
13,7.7,0,3.7386,-0.0938815,1.86446e-08
13,7.8,0,3.74215,-0.0930006,3.19729e-08
13,7.9,0,3.7457,-0.0921197,4.53013e-08
13,8,0,3.75052,-0.0901223,4.41094e-08
13,8.1,0,3.75384,-0.0890963,1.39038e-08
13,8.2,0,3.75696,-0.0881988,-1.92566e-08
13,8.3,0,3.76051,-0.0866546,-2.42385e-08
13,8.4,0,3.76385,-0.0849874,-2.26647e-09
13,8.5,0,3.76667,-0.083734,1.93529e-08
13,8.6,0,3.7696,-0.0823095,3.39156e-08
13,8.7,0,3.77291,-0.0801391,1.52439e-08
13,8.8,0,3.77537,-0.0786549,1.5035e-08
13,8.9,0,3.77782,-0.0771707,1.4826e-08
13,9,0,3.78063,-0.074802,1.5626e-08
13,9.1,0,3.78289,-0.0730293,3.08923e-09
13,9.2,0,3.78505,-0.071399,-1.18436e-08
13,9.3,0,3.78734,-0.0693344,-9.07921e-09
13,9.4,0,3.78949,-0.0671678,9.58497e-09
13,9.5,0,3.79134,-0.0654152,2.31335e-08
13,9.6,0,3.79321,-0.0635693,3.12065e-08
13,9.7,0,3.79518,-0.0610652,-5.78273e-10
13,9.8,0,3.79676,-0.0592355,3.40384e-10
13,9.9,0,3.79835,-0.0574057,1.25904e-09
13,10,0,3.80001,-0.0549937,2.20013e-08
13,10.1,0,3.80142,-0.0529664,2.03775e-08
13,10.2,0,3.80276,-0.0510818,1.15727e-08
13,10.3,0,3.80411,-0.0489177,1.18743e-09
13,10.4,0,3.80538,-0.0466402,-3.03465e-11
13,10.5,0,3.80649,-0.0447216,1.27693e-08
13,10.6,0,3.8076,-0.0427681,2.45281e-08
13,10.7,0,3.80871,-0.0402973,1.84466e-08
13,10.8,0,3.80962,-0.0383572,6.35849e-09
13,10.9,0,3.81053,-0.0364172,-5.72957e-09
13,11,0,3.81143,-0.0340897,3.48531e-09
13,11.1,0,3.81219,-0.0320027,1.13005e-08
13,11.2,0,3.81291,-0.0300493,1.57084e-08
13,11.3,0,3.81362,-0.0279188,1.5531e-08
13,11.4,0,3.81421,-0.0256661,1.63263e-08
13,11.5,0,3.81461,-0.0237083,3.09602e-08
13,11.6,0,3.81502,-0.0217472,4.55107e-08
13,11.7,0,3.81521,-0.019357,4.72855e-08
13,11.8,0,3.81171,-0.0173837,2.68536e-08
13,11.9,0,3.80821,-0.0154104,6.42174e-09
13,12,0,3.80464,-0.0131556,-8.72944e-10
13,12.1,0,3.74569,-0.0111124,3.72096e-09
13,12.2,0,3.66302,-0.0092228,1.04724e-08
13,12.3,0,3.58017,-0.00720673,1.80774e-08
13,12.4,0,3.15815,-0.0051547,2.14655e-08
13,12.5,0,2.10706,-0.00356595,1.34466e-08
13,12.6,0,1.05596,-0.0019772,5.42777e-09
13,12.7,0,0,0,0
13.1,0,0,0,0,0
13.1,0.1,0,1.32236,0.0014681,5.05e-10
13.1,0.2,0,2.64473,0.00293619,1.01e-09
13.1,0.3,0,3.39971,0.00516983,-2.33436e-09
13.1,0.4,0,3.58064,0.0075112,-8.33236e-09
13.1,0.5,0,3.76263,0.0102597,-1.45965e-08
13.1,0.6,0,3.77678,0.0128593,-1.55015e-08
13.1,0.7,0,3.79092,0.0154589,-1.64065e-08
13.1,0.8,0,3.79823,0.018465,-1.67582e-08
13.1,0.9,0,3.7983,0.0210155,-1.14052e-08
13.1,1,0,3.79833,0.0240018,-5.75821e-09
13.1,1.1,0,3.79728,0.0265048,-1.30332e-08
13.1,1.2,0,3.79624,0.0290078,-2.03082e-08
13.1,1.3,0,3.79495,0.0319222,-1.7755e-08
13.1,1.4,0,3.79359,0.0343483,-6.775e-09
13.1,1.5,0,3.79212,0.037241,-7.81429e-10
13.1,1.6,0,3.79048,0.0395734,7.63571e-10
13.1,1.7,0,3.78884,0.0419058,2.30857e-09
13.1,1.8,0,3.78692,0.0446672,3.99214e-09
13.1,1.9,0,3.78499,0.0468841,3.75714e-09
13.1,2,0,3.78289,0.0496109,-6.71429e-11
13.1,2.1,0,3.78067,0.0516851,4.09786e-09
13.1,2.2,0,3.77845,0.0537592,8.26286e-09
13.1,2.3,0,3.77585,0.0562811,6.48607e-09
13.1,2.4,0,3.77333,0.0581847,2.31607e-09
13.1,2.5,0,3.77053,0.0606474,-2.85357e-10
13.1,2.6,0,3.7677,0.0623369,5.13964e-09
13.1,2.7,0,3.76486,0.0640265,1.05646e-08
13.1,2.8,0,3.76152,0.0661696,9.91893e-09
13.1,2.9,0,3.75838,0.0676212,7.72393e-09
13.1,3,0,3.75479,0.0696777,8.71321e-09
13.1,3.1,0,3.75132,0.0708252,1.73032e-08
13.1,3.2,0,3.74784,0.0719727,2.58932e-08
13.1,3.3,0,3.74366,0.0734815,2.58686e-08
13.1,3.4,0,3.7399,0.0742006,2.20336e-08
13.1,3.5,0,3.73547,0.0755322,2.27929e-08
13.1,3.6,0,3.73136,0.0761545,1.82229e-08
13.1,3.7,0,3.72726,0.0767769,1.36529e-08
13.1,3.8,0,3.72202,0.0773448,1.31318e-08
13.1,3.9,0,3.71746,0.0766589,1.23183e-08
13.1,4,0,3.71179,0.0763626,1.11699e-08
13.1,4.1,0,3.70787,0.0763743,8.98989e-09
13.1,4.2,0,3.70394,0.076386,6.80989e-09
13.1,4.3,0,3.69716,0.0759868,1.15988e-08
13.1,4.4,0,3.68885,0.0739903,1.83423e-08
13.1,4.5,0,3.67653,0.0723293,2.22686e-08
13.1,4.6,0,3.6809,0.0686827,2.70886e-08
13.1,4.7,0,3.68527,0.0650361,3.19086e-08
13.1,4.8,0,3.69002,0.0627137,2.66017e-08
13.1,4.9,0,3.68955,0.0631839,8.01377e-09
13.1,5,0,3.69271,0.0634766,-3.72811e-09
13.1,5.1,0,3.6338,0.0633583,-7.54e-08
13.1,5.2,0,3.57787,0.0540808,-1.09282e-07
13.1,5.3,0,3.53202,0.0378233,-1.10175e-07
13.1,5.4,0,3.5071,0.0157374,-9.44929e-08
13.1,5.5,0,3.49971,-0.00883642,-8.84036e-08
13.1,5.6,0,3.5057,-0.0335348,-9.44821e-08
13.1,5.7,0,3.52766,-0.0560732,-8.845e-08
13.1,5.8,0,3.5695,-0.0734104,-5.08464e-08
13.1,5.9,0,3.62508,-0.084817,3.58214e-09
13.1,6,0,3.70612,-0.0816502,6.00257e-08
13.1,6.1,0,3.70787,-0.0789484,5.5981e-08
13.1,6.2,0,3.70962,-0.0762466,5.19364e-08
13.1,6.3,0,3.71031,-0.0731533,4.76464e-08
13.1,6.4,0,3.70497,-0.0737131,3.18704e-08
13.1,6.5,0,3.69835,-0.076969,1.03667e-08
13.1,6.6,0,3.69173,-0.0802249,-1.1137e-08
13.1,6.7,0,3.68261,-0.0840222,-1.78461e-08
13.1,6.8,0,3.69001,-0.0863306,4.37295e-09
13.1,6.9,0,3.69741,-0.088639,2.6592e-08
13.1,7,0,3.7088,-0.0908964,3.69428e-08
13.1,7.1,0,3.71303,-0.0905413,2.87051e-08
13.1,7.2,0,3.71669,-0.0900511,2.00558e-08
13.1,7.3,0,3.72069,-0.0892663,1.30903e-08
13.1,7.4,0,3.72529,-0.088722,1.6632e-08
13.1,7.5,0,3.72925,-0.0892683,2.18607e-08
13.1,7.6,0,3.73322,-0.0898147,2.70895e-08
13.1,7.7,0,3.73795,-0.0895191,2.54346e-08
13.1,7.8,0,3.7415,-0.0886381,3.87629e-08
13.1,7.9,0,3.74505,-0.0877572,5.20913e-08
13.1,8,0,3.74931,-0.0862585,5.73851e-08
13.1,8.1,0,3.75262,-0.0852325,2.71795e-08
13.1,8.2,0,3.75575,-0.0843351,-5.98092e-09
13.1,8.3,0,3.75897,-0.0832791,-3.22356e-08
13.1,8.4,0,3.76231,-0.081612,-1.02636e-08
13.1,8.5,0,3.76513,-0.0803585,1.13558e-08
13.1,8.6,0,3.76795,-0.0791051,3.29752e-08
13.1,8.7,0,3.77111,-0.0771804,2.44396e-08
13.1,8.8,0,3.77356,-0.0756962,2.42307e-08
13.1,8.9,0,3.77602,-0.074212,2.40217e-08
13.1,9,0,3.77866,-0.0722629,2.43431e-08
13.1,9.1,0,3.78092,-0.0704902,1.18064e-08
13.1,9.2,0,3.78307,-0.06886,-3.12646e-09
13.1,9.3,0,3.78524,-0.0671591,-1.51835e-08
13.1,9.4,0,3.7874,-0.0649925,3.48068e-09
13.1,9.5,0,3.78925,-0.0632399,1.70292e-08
13.1,9.6,0,3.7911,-0.0614874,3.05777e-08
13.1,9.7,0,3.79302,-0.0592233,1.28832e-08
13.1,9.8,0,3.7946,-0.0573935,1.38018e-08
13.1,9.9,0,3.79618,-0.0555637,1.47205e-08
13.1,10,0,3.79781,-0.0534461,2.54387e-08
13.1,10.1,0,3.79921,-0.0514188,2.3815e-08
13.1,10.2,0,3.80055,-0.0495342,1.50101e-08
13.1,10.3,0,3.80189,-0.047633,6.111e-09
13.1,10.4,0,3.80315,-0.0453555,4.89322e-09
13.1,10.5,0,3.80426,-0.0434369,1.76929e-08
13.1,10.6,0,3.80538,-0.0415182,3.04925e-08
13.1,10.7,0,3.80648,-0.0392465,3.03434e-08
13.1,10.8,0,3.80739,-0.0373065,1.82553e-08
13.1,10.9,0,3.8083,-0.0353664,6.16729e-09
13.1,11,0,3.8092,-0.0332487,3.84846e-09
13.1,11.1,0,3.80996,-0.0311617,1.16637e-08
13.1,11.2,0,3.81068,-0.0292083,1.60715e-08
13.1,11.3,0,3.8114,-0.027255,2.04793e-08
13.1,11.4,0,3.81198,-0.025015,2.16047e-08
13.1,11.5,0,3.81239,-0.0230572,3.62386e-08
13.1,11.6,0,3.8128,-0.0210994,5.08726e-08
13.1,11.7,0,3.813,-0.0188798,5.70397e-08
13.1,11.8,0,3.80949,-0.0169065,3.66078e-08
13.1,11.9,0,3.80599,-0.0149333,1.61759e-08
13.1,12,0,3.80246,-0.0128425,1.22734e-09
13.1,12.1,0,3.74351,-0.0107993,5.82124e-09
13.1,12.2,0,3.66084,-0.00890971,1.25727e-08
13.1,12.3,0,3.57817,-0.00702016,1.93242e-08
13.1,12.4,0,3.15621,-0.00499932,2.25019e-08
13.1,12.5,0,2.10511,-0.00341057,1.4483e-08
13.1,12.6,0,1.05402,-0.00182182,6.4642e-09
13.1,12.7,0,0,0,0
13.2,0,0,0,0,0
13.2,0.1,0,1.32236,0.0014681,5.05e-10
13.2,0.2,0,2.64473,0.00293619,1.01e-09
13.2,0.3,0,3.39749,0.00495056,-1.93579e-09
13.2,0.4,0,3.57842,0.00729193,-7.93379e-09
13.2,0.5,0,3.7597,0.00976901,-1.40205e-08
13.2,0.6,0,3.77384,0.0123686,-1.49255e-08
13.2,0.7,0,3.78799,0.0149682,-1.58305e-08
13.2,0.8,0,3.79516,0.0176869,-1.44651e-08
13.2,0.9,0,3.79523,0.0202373,-9.11207e-09
13.2,1,0,3.79528,0.022933,-3.66107e-09
13.2,1.1,0,3.79424,0.0254361,-1.09361e-08
13.2,1.2,0,3.7932,0.0279391,-1.82111e-08
13.2,1.3,0,3.79197,0.0305536,-1.6125e-08
13.2,1.4,0,3.79061,0.0329797,-5.145e-09
13.2,1.5,0,3.78921,0.0355614,4.17286e-09
13.2,1.6,0,3.78757,0.0378938,5.71786e-09
13.2,1.7,0,3.78593,0.0402263,7.26286e-09
13.2,1.8,0,3.7841,0.0426632,8.26071e-09
13.2,1.9,0,3.78218,0.04488,8.02571e-09
13.2,2,0,3.78019,0.0472669,6.59429e-09
13.2,2.1,0,3.77798,0.0493411,1.07593e-08
13.2,2.2,0,3.77576,0.0514152,1.49243e-08
13.2,2.3,0,3.77331,0.0535817,1.43304e-08
13.2,2.4,0,3.77079,0.0554854,1.01604e-08
13.2,2.5,0,3.76818,0.0575753,6.51321e-09
13.2,2.6,0,3.76534,0.0592649,1.19382e-08
13.2,2.7,0,3.76251,0.0609544,1.73632e-08
13.2,2.8,0,3.7594,0.0627159,1.82246e-08
13.2,2.9,0,3.75626,0.0641674,1.60296e-08
13.2,3,0,3.75297,0.0658207,1.48961e-08
13.2,3.1,0,3.7495,0.0669682,2.34861e-08
13.2,3.2,0,3.74602,0.0681157,3.20761e-08
13.2,3.3,0,3.74222,0.0692408,3.36529e-08
13.2,3.4,0,3.73845,0.0699599,2.98179e-08
13.2,3.5,0,3.73447,0.0708832,2.75143e-08
13.2,3.6,0,3.73036,0.0715055,2.29443e-08
13.2,3.7,0,3.72626,0.0721279,1.83743e-08
13.2,3.8,0,3.72162,0.072296,1.64061e-08
13.2,3.9,0,3.71705,0.0716101,1.55926e-08
13.2,4,0,3.71212,0.0710541,1.46675e-08
13.2,4.1,0,3.70819,0.0710658,1.24875e-08
13.2,4.2,0,3.70427,0.0710775,1.03075e-08
13.2,4.3,0,3.69793,0.0702828,1.34249e-08
13.2,4.4,0,3.68961,0.0682863,2.01684e-08
13.2,4.5,0,3.67996,0.0664017,2.59729e-08
13.2,4.6,0,3.68433,0.0627551,3.07929e-08
13.2,4.7,0,3.6887,0.0591085,3.56129e-08
13.2,4.8,0,3.69158,0.0572755,2.92546e-08
13.2,4.9,0,3.6911,0.0577457,1.06666e-08
13.2,5,0,3.69184,0.0581567,-5.63931e-09
13.2,5.1,0,3.6381,0.0576851,-8.08e-08
13.2,5.2,0,3.5898,0.0486025,-1.14011e-07
13.2,5.3,0,3.55152,0.0334233,-1.13475e-07
13.2,5.4,0,3.53111,0.0133094,-9.66643e-08
13.2,5.5,0,3.52513,-0.00886431,-8.92179e-08
13.2,5.6,0,3.53009,-0.0311383,-9.44107e-08
13.2,5.7,0,3.54821,-0.0516122,-9.065e-08
13.2,5.8,0,3.58316,-0.0676646,-5.80321e-08
13.2,5.9,0,3.63084,-0.0786531,-4.88929e-09
13.2,6,0,3.70342,-0.0761621,5.66082e-08
13.2,6.1,0,3.70517,-0.0734603,5.25636e-08
13.2,6.2,0,3.70692,-0.0707585,4.8519e-08
13.2,6.3,0,3.70868,-0.0680567,4.44744e-08
13.2,6.4,0,3.70408,-0.0688933,2.88719e-08
13.2,6.5,0,3.69746,-0.0721492,7.36813e-09
13.2,6.6,0,3.69084,-0.0754051,-1.41356e-08
13.2,6.7,0,3.6862,-0.0786519,-2.19632e-08
13.2,6.8,0,3.6936,-0.0809603,2.5581e-10
13.2,6.9,0,3.70099,-0.0832688,2.24748e-08
13.2,7,0,3.70947,-0.0855634,4.14924e-08
13.2,7.1,0,3.7137,-0.0852083,3.32547e-08
13.2,7.2,0,3.71736,-0.0847181,2.46054e-08
13.2,7.3,0,3.72102,-0.0842279,1.59562e-08
13.2,7.4,0,3.72523,-0.0840361,1.7483e-08
13.2,7.5,0,3.72919,-0.0845824,2.27117e-08
13.2,7.6,0,3.73316,-0.0851288,2.79405e-08
13.2,7.7,0,3.73731,-0.0851566,3.22246e-08
13.2,7.8,0,3.74086,-0.0842757,4.55529e-08
13.2,7.9,0,3.74441,-0.0833948,5.88813e-08
13.2,8,0,3.74809,-0.0823948,7.06608e-08
13.2,8.1,0,3.75141,-0.0813687,4.04552e-08
13.2,8.2,0,3.75453,-0.0804713,7.29479e-09
13.2,8.3,0,3.75765,-0.0795739,-2.58657e-08
13.2,8.4,0,3.76077,-0.0782365,-1.82608e-08
13.2,8.5,0,3.76359,-0.0769831,3.35865e-09
13.2,8.6,0,3.76641,-0.0757297,2.4978e-08
13.2,8.7,0,3.7693,-0.0742217,3.36354e-08
13.2,8.8,0,3.77175,-0.0727375,3.34264e-08
13.2,8.9,0,3.77421,-0.0712534,3.32174e-08
13.2,9,0,3.77668,-0.0697238,3.30603e-08
13.2,9.1,0,3.77894,-0.0679511,2.05235e-08
13.2,9.2,0,3.78109,-0.0663209,5.59068e-09
13.2,9.3,0,3.78324,-0.0646907,-9.34215e-09
13.2,9.4,0,3.7853,-0.0628173,-2.6236e-09
13.2,9.5,0,3.78715,-0.0610647,1.09249e-08
13.2,9.6,0,3.78901,-0.0593121,2.44734e-08
13.2,9.7,0,3.79085,-0.0573813,2.63446e-08
13.2,9.8,0,3.79244,-0.0555515,2.72632e-08
13.2,9.9,0,3.79402,-0.0537217,2.81819e-08
13.2,10,0,3.7956,-0.051892,2.91006e-08
13.2,10.1,0,3.79701,-0.0498712,2.72524e-08
13.2,10.2,0,3.79834,-0.0479866,1.84476e-08
13.2,10.3,0,3.79968,-0.0461021,9.6427e-09
13.2,10.4,0,3.80093,-0.0440708,9.8168e-09
13.2,10.5,0,3.80204,-0.0421521,2.26164e-08
13.2,10.6,0,3.80315,-0.0402335,3.54161e-08
13.2,10.7,0,3.80425,-0.0381957,4.22403e-08
13.2,10.8,0,3.80516,-0.0362557,3.01522e-08
13.2,10.9,0,3.80606,-0.0343157,1.80641e-08
13.2,11,0,3.80697,-0.0323756,5.97609e-09
13.2,11.1,0,3.80773,-0.0303207,1.20268e-08
13.2,11.2,0,3.80845,-0.0283673,1.64346e-08
13.2,11.3,0,3.80917,-0.026414,2.08425e-08
13.2,11.4,0,3.80976,-0.0243639,2.68831e-08
13.2,11.5,0,3.81017,-0.0224061,4.15171e-08
13.2,11.6,0,3.81057,-0.0204482,5.6151e-08
13.2,11.7,0,3.81078,-0.0184027,6.67938e-08
13.2,11.8,0,3.80728,-0.0164294,4.63619e-08
13.2,11.9,0,3.80378,-0.0144561,2.593e-08
13.2,12,0,3.80027,-0.0124829,5.49812e-09
13.2,12.1,0,3.74133,-0.0104862,7.92153e-09
13.2,12.2,0,3.65866,-0.00859662,1.4673e-08
13.2,12.3,0,3.57599,-0.00670706,2.14245e-08
13.2,12.4,0,3.15426,-0.00484394,2.35383e-08
13.2,12.5,0,2.10316,-0.00325519,1.55195e-08
13.2,12.6,0,1.05207,-0.00166644,7.50063e-09
13.2,12.7,0,0,0,0
13.3,0,0,-7.10488e-32,-1.97044e-35,-1.18896e-36
13.3,0.1,0,1.32163,0.0013906,1.19214e-09
13.3,0.2,0,2.64399,0.0028587,1.69714e-09
13.3,0.3,0,3.39536,0.00465534,3.64714e-10
13.3,0.4,0,3.5763,0.0069967,-5.63329e-09
13.3,0.5,0,3.75723,0.00933807,-1.16313e-08
13.3,0.6,0,3.77132,0.0118204,-1.16521e-08
13.3,0.7,0,3.78546,0.01442,-1.25571e-08
13.3,0.8,0,3.79259,0.0168782,-1.10738e-08
13.3,0.9,0,3.79265,0.0194286,-5.72079e-09
13.3,1,0,3.79272,0.0219791,-3.67786e-10
13.3,1.1,0,3.79171,0.0243645,-5.70086e-09
13.3,1.2,0,3.79067,0.0268675,-1.29759e-08
13.3,1.3,0,3.78952,0.029214,-1.28669e-08
13.3,1.4,0,3.78816,0.0316402,-1.88693e-09
13.3,1.5,0,3.7868,0.0340663,9.09307e-09
13.3,1.6,0,3.78522,0.0362803,1.02475e-08
13.3,1.7,0,3.78358,0.0386127,1.17925e-08
13.3,1.8,0,3.78187,0.0407688,1.27524e-08
13.3,1.9,0,3.77994,0.0429857,1.25174e-08
13.3,2,0,3.77802,0.0452026,1.22824e-08
13.3,2.1,0,3.77588,0.0471588,1.59736e-08
13.3,2.2,0,3.77367,0.049233,2.01386e-08
13.3,2.3,0,3.7714,0.0511053,2.11036e-08
13.3,2.4,0,3.76888,0.0530089,1.69336e-08
13.3,2.5,0,3.76636,0.0549126,1.27636e-08
13.3,2.6,0,3.76364,0.0564892,1.68407e-08
13.3,2.7,0,3.76081,0.0581787,2.22657e-08
13.3,2.8,0,3.75796,0.0596397,2.37604e-08
13.3,2.9,0,3.75482,0.0610912,2.15654e-08
13.3,3,0,3.75167,0.0625428,1.93704e-08
13.3,3.1,0,3.74836,0.0635895,2.64876e-08
13.3,3.2,0,3.74488,0.064737,3.50776e-08
13.3,3.3,0,3.74145,0.0655836,3.70063e-08
13.3,3.4,0,3.73769,0.0663028,3.31713e-08
13.3,3.5,0,3.73392,0.0670219,2.93363e-08
13.3,3.6,0,3.73003,0.067547,2.54393e-08
13.3,3.7,0,3.72592,0.0681693,2.08693e-08
13.3,3.8,0,3.72183,0.0681235,1.82162e-08
13.3,3.9,0,3.71727,0.0674376,1.74027e-08
13.3,4,0,3.7127,0.0667518,1.65892e-08
13.3,4.1,0,3.70897,0.0666728,1.45422e-08
13.3,4.2,0,3.70504,0.0666845,1.23622e-08
13.3,4.3,0,3.69955,0.0657299,1.44309e-08
13.3,4.4,0,3.69124,0.0637334,2.11744e-08
13.3,4.5,0,3.68292,0.0617369,2.79179e-08
13.3,4.6,0,3.68674,0.0582749,3.243e-08
13.3,4.7,0,3.69111,0.0546282,3.725e-08
13.3,4.8,0,3.69287,0.0529074,3.14331e-08
13.3,4.9,0,3.69239,0.0533776,1.28451e-08
13.3,5,0,3.69192,0.0538478,-5.74283e-09
13.3,5.1,0,3.64248,0.0531023,-8.12864e-08
13.3,5.2,0,3.59966,0.044304,-1.13406e-07
13.3,5.3,0,3.56654,0.0300625,-1.11882e-07
13.3,5.4,0,3.54911,0.0115052,-9.46786e-08
13.3,5.5,0,3.54404,-0.00882437,-8.65536e-08
13.3,5.6,0,3.54832,-0.0292382,-9.10679e-08
13.3,5.7,0,3.56389,-0.0480952,-8.86e-08
13.3,5.8,0,3.59417,-0.0630729,-5.95157e-08
13.3,5.9,0,3.63625,-0.0735986,-8.25571e-09
13.3,6,0,3.70224,-0.0716448,5.49068e-08
13.3,6.1,0,3.70402,-0.0693692,4.99634e-08
13.3,6.2,0,3.70577,-0.0666674,4.59188e-08
13.3,6.3,0,3.70752,-0.0639656,4.18742e-08
13.3,6.4,0,3.70487,-0.0649263,2.98576e-08
13.3,6.5,0,3.69825,-0.0681822,8.35384e-09
13.3,6.6,0,3.69163,-0.0714381,-1.31499e-08
13.3,6.7,0,3.68852,-0.0742966,-2.52763e-08
13.3,6.8,0,3.69591,-0.0766051,-3.05726e-09
13.3,6.9,0,3.70331,-0.0789135,1.91618e-08
13.3,7,0,3.71071,-0.0812219,4.13808e-08
13.3,7.1,0,3.71432,-0.0810239,3.54121e-08
13.3,7.2,0,3.71798,-0.0805337,2.67628e-08
13.3,7.3,0,3.72164,-0.0800435,1.81136e-08
13.3,7.4,0,3.72524,-0.0801863,2.05609e-08
13.3,7.5,0,3.7292,-0.0807326,2.57896e-08
13.3,7.6,0,3.73316,-0.081279,3.10184e-08
13.3,7.7,0,3.73681,-0.0815994,3.33127e-08
13.3,7.8,0,3.74036,-0.0807185,4.6641e-08
13.3,7.9,0,3.74391,-0.0798376,5.99694e-08
13.3,8,0,3.74746,-0.0789567,7.32977e-08
13.3,8.1,0,3.75046,-0.0781693,4.86589e-08
13.3,8.2,0,3.75358,-0.0772719,1.54984e-08
13.3,8.3,0,3.75671,-0.0763745,-1.7662e-08
13.3,8.4,0,3.75953,-0.0753996,-2.05866e-08
13.3,8.5,0,3.76235,-0.0741462,1.03279e-09
13.3,8.6,0,3.76517,-0.0728928,2.26522e-08
13.3,8.7,0,3.76781,-0.0717161,3.56524e-08
13.3,8.8,0,3.77027,-0.070232,3.54434e-08
13.3,8.9,0,3.77272,-0.0687478,3.52344e-08
13.3,9,0,3.77518,-0.0672636,3.50255e-08
13.3,9.1,0,3.77729,-0.0657737,2.69313e-08
13.3,9.2,0,3.77944,-0.0641435,1.19985e-08
13.3,9.3,0,3.78159,-0.0625133,-2.93437e-09
13.3,9.4,0,3.78353,-0.060937,-5.4686e-09
13.3,9.5,0,3.78538,-0.0591844,8.0799e-09
13.3,9.6,0,3.78723,-0.0574319,2.16284e-08
13.3,9.7,0,3.789,-0.0557531,3.18339e-08
13.3,9.8,0,3.79058,-0.0539469,3.23525e-08
13.3,9.9,0,3.79216,-0.0521171,3.32712e-08
13.3,10,0,3.79374,-0.0502873,3.41898e-08
13.3,10.1,0,3.79509,-0.0485167,3.23443e-08
13.3,10.2,0,3.79643,-0.0466322,2.35394e-08
13.3,10.3,0,3.79777,-0.0447476,1.47346e-08
13.3,10.4,0,3.79898,-0.0429444,1.11703e-08
13.3,10.5,0,3.80009,-0.0410258,2.39699e-08
13.3,10.6,0,3.8012,-0.0391072,3.67696e-08
13.3,10.7,0,3.80228,-0.0372339,4.80109e-08
13.3,10.8,0,3.80318,-0.0353373,3.67736e-08
13.3,10.9,0,3.80409,-0.0333973,2.46856e-08
13.3,11,0,3.805,-0.0314573,1.25975e-08
13.3,11.1,0,3.80575,-0.0295933,1.26382e-08
13.3,11.2,0,3.80647,-0.0276399,1.70461e-08
13.3,11.3,0,3.80718,-0.0256865,2.14539e-08
13.3,11.4,0,3.80777,-0.0238132,2.51929e-08
13.3,11.5,0,3.80817,-0.0218554,3.98269e-08
13.3,11.6,0,3.80858,-0.0198976,5.44608e-08
13.3,11.7,0,3.8088,-0.0179597,6.82188e-08
13.3,11.8,0,3.8053,-0.0160451,5.02686e-08
13.3,11.9,0,3.8018,-0.0140718,2.98367e-08
13.3,12,0,3.7983,-0.0120986,9.4048e-09
13.3,12.1,0,3.73948,-0.01026,7.07806e-09
13.3,12.2,0,3.65681,-0.00837041,1.38296e-08
13.3,12.3,0,3.57414,-0.00648085,2.0581e-08
13.3,12.4,0,3.15329,-0.00476625,2.40565e-08
13.3,12.5,0,2.10219,-0.0031775,1.60377e-08
13.3,12.6,0,1.0511,-0.00158875,8.01884e-09
13.3,12.7,0,0,0,0
13.4,0,0,-7.10488e-32,-1.97044e-35,-1.18896e-36
13.4,0.1,0,1.32016,0.00123561,2.56643e-09
13.4,0.2,0,2.64252,0.0027037,3.07143e-09
13.4,0.3,0,3.39335,0.00428416,4.56714e-09
13.4,0.4,0,3.57428,0.00662552,-1.43086e-09
13.4,0.5,0,3.75521,0.00896689,-7.42886e-09
13.4,0.6,0,3.7692,0.0112148,-5.68121e-09
13.4,0.7,0,3.78334,0.0138143,-6.58621e-09
13.4,0.8,0,3.7905,0.016039,-6.58436e-09
13.4,0.9,0,3.79057,0.0185894,-1.23136e-09
13.4,1,0,3.79064,0.0211398,4.12164e-09
13.4,1.1,0,3.78971,0.02329,2.67243e-09
13.4,1.2,0,3.78866,0.025793,-4.60257e-09
13.4,1.3,0,3.7876,0.0279034,-7.98079e-09
13.4,1.4,0,3.78624,0.0303296,2.99921e-09
13.4,1.5,0,3.78489,0.0327557,1.39792e-08
13.4,1.6,0,3.78342,0.0347327,1.43525e-08
13.4,1.7,0,3.78178,0.0370652,1.58975e-08
13.4,1.8,0,3.78021,0.0389842,1.74673e-08
13.4,1.9,0,3.77829,0.0412011,1.72323e-08
13.4,2,0,3.77636,0.0434179,1.69973e-08
13.4,2.1,0,3.7744,0.0451384,1.97409e-08
13.4,2.2,0,3.77218,0.0472126,2.39059e-08
13.4,2.3,0,3.77011,0.0488519,2.68059e-08
13.4,2.4,0,3.76759,0.0507555,2.26359e-08
13.4,2.5,0,3.76507,0.0526591,1.84659e-08
13.4,2.6,0,3.76259,0.0540098,1.98471e-08
13.4,2.7,0,3.75976,0.0556994,2.52721e-08
13.4,2.8,0,3.75718,0.056941,2.65261e-08
13.4,2.9,0,3.75404,0.0583926,2.43311e-08
13.4,3,0,3.7509,0.0598442,2.21361e-08
13.4,3.1,0,3.7479,0.0606893,2.63079e-08
13.4,3.2,0,3.74443,0.0618368,3.48979e-08
13.4,3.3,0,3.74135,0.06251,3.59289e-08
13.4,3.4,0,3.73759,0.0632292,3.20939e-08
13.4,3.5,0,3.73383,0.0639483,2.82589e-08
13.4,3.6,0,3.73036,0.064279,2.57079e-08
13.4,3.7,0,3.72625,0.0649013,2.11379e-08
13.4,3.8,0,3.72266,0.0648274,1.8562e-08
13.4,3.9,0,3.7181,0.0641415,1.77485e-08
13.4,4,0,3.71353,0.0634556,1.6935e-08
13.4,4.1,0,3.7102,0.0631955,1.5154e-08
13.4,4.2,0,3.70627,0.0632071,1.2974e-08
13.4,4.3,0,3.70204,0.062328,1.46166e-08
13.4,4.4,0,3.69372,0.0603315,2.13601e-08
13.4,4.5,0,3.68541,0.0583351,2.81036e-08
13.4,4.6,0,3.68814,0.0552421,3.2e-08
13.4,4.7,0,3.69251,0.0515955,3.682e-08
13.4,4.8,0,3.69388,0.0496094,3.31373e-08
13.4,4.9,0,3.69341,0.0500796,1.45493e-08
13.4,5,0,3.69293,0.0505498,-4.03867e-09
13.4,5.1,0,3.64694,0.0496098,-7.68593e-08
13.4,5.2,0,3.60747,0.0411852,-1.07469e-07
13.4,5.3,0,3.57706,0.0277407,-1.05396e-07
13.4,5.4,0,3.56109,0.0103247,-8.85357e-08
13.4,5.5,0,3.55646,-0.00871659,-8.04107e-08
13.4,5.6,0,3.56039,-0.0278345,-8.44536e-08
13.4,5.7,0,3.57469,-0.0455224,-8.23e-08
13.4,5.8,0,3.60252,-0.0596355,-5.52971e-08
13.4,5.9,0,3.64131,-0.0696536,-6.51714e-09
13.4,6,0,3.70256,-0.0680983,5.49216e-08
13.4,6.1,0,3.7044,-0.066675,4.81805e-08
13.4,6.2,0,3.70615,-0.0639732,4.41359e-08
13.4,6.3,0,3.70791,-0.0612714,4.00913e-08
13.4,6.4,0,3.70733,-0.0618122,3.48276e-08
13.4,6.5,0,3.70071,-0.0650681,1.33238e-08
13.4,6.6,0,3.6941,-0.0683239,-8.17989e-09
13.4,6.7,0,3.69058,-0.0711183,-2.24272e-08
13.4,6.8,0,3.69697,-0.0732647,-5.56626e-09
13.4,6.9,0,3.70437,-0.0755732,1.66528e-08
13.4,7,0,3.71177,-0.0778816,3.88718e-08
13.4,7.1,0,3.71488,-0.077988,3.51774e-08
13.4,7.2,0,3.71855,-0.0774977,2.65281e-08
13.4,7.3,0,3.72221,-0.0770075,1.78789e-08
13.4,7.4,0,3.72531,-0.0771725,2.58658e-08
13.4,7.5,0,3.72927,-0.0777189,3.10945e-08
13.4,7.6,0,3.73324,-0.0782652,3.63232e-08
13.4,7.7,0,3.73682,-0.0786257,3.71001e-08
13.4,7.8,0,3.74,-0.0779665,4.20272e-08
13.4,7.9,0,3.74355,-0.0770856,5.53555e-08
13.4,8,0,3.7471,-0.0762047,6.86839e-08
13.4,8.1,0,3.74978,-0.0756342,5.17905e-08
13.4,8.2,0,3.7529,-0.0747367,1.863e-08
13.4,8.3,0,3.75603,-0.0738393,-1.45304e-08
13.4,8.4,0,3.75859,-0.0730862,-1.72548e-08
13.4,8.5,0,3.76139,-0.0718478,4.37822e-09
13.4,8.6,0,3.76421,-0.0705944,2.59976e-08
13.4,8.7,0,3.76685,-0.0694233,3.88073e-08
13.4,8.8,0,3.7691,-0.0681794,3.02817e-08
13.4,8.9,0,3.77156,-0.0666952,3.00727e-08
13.4,9,0,3.77401,-0.0652111,2.98638e-08
13.4,9.1,0,3.77596,-0.0639581,3.10297e-08
13.4,9.2,0,3.77811,-0.0623279,1.60969e-08
13.4,9.3,0,3.78026,-0.0606977,1.16406e-09
13.4,9.4,0,3.7821,-0.0593071,-4.33948e-09
13.4,9.5,0,3.78392,-0.0575991,8.49419e-09
13.4,9.6,0,3.78577,-0.0558465,2.20427e-08
13.4,9.7,0,3.78755,-0.0541678,3.22482e-08
13.4,9.8,0,3.78903,-0.0525797,2.90697e-08
13.4,9.9,0,3.79061,-0.0507499,2.99883e-08
13.4,10,0,3.79219,-0.0489201,3.0907e-08
13.4,10.1,0,3.79347,-0.0473554,3.90905e-08
13.4,10.2,0,3.79481,-0.0454708,3.02857e-08
13.4,10.3,0,3.79614,-0.0435863,2.14808e-08
13.4,10.4,0,3.79732,-0.0419137,1.18633e-08
13.4,10.5,0,3.79841,-0.0400579,2.17534e-08
13.4,10.6,0,3.79953,-0.0381393,3.4553e-08
13.4,10.7,0,3.80061,-0.036266,4.57944e-08
13.4,10.8,0,3.80147,-0.0345514,3.81196e-08
13.4,10.9,0,3.80238,-0.0326114,2.60316e-08
13.4,11,0,3.80329,-0.0306713,1.39435e-08
13.4,11.1,0,3.80401,-0.0289794,1.34979e-08
13.4,11.2,0,3.80472,-0.027026,1.79058e-08
13.4,11.3,0,3.80544,-0.0250726,2.23136e-08
13.4,11.4,0,3.80602,-0.0232885,2.08671e-08
13.4,11.5,0,3.80642,-0.0214052,3.1168e-08
13.4,11.6,0,3.80682,-0.0194473,4.5802e-08
13.4,11.7,0,3.80704,-0.0175095,5.956e-08
13.4,11.8,0,3.80357,-0.0157537,4.83278e-08
13.4,11.9,0,3.80006,-0.0137804,2.78959e-08
13.4,12,0,3.79656,-0.0118072,7.46402e-09
13.4,12.1,0,3.73795,-0.0101206,3.29085e-09
13.4,12.2,0,3.65528,-0.00823108,1.00423e-08
13.4,12.3,0,3.57261,-0.00634153,1.67938e-08
13.4,12.4,0,3.15239,-0.00468462,2.18379e-08
13.4,12.5,0,2.10219,-0.0031775,1.60377e-08
13.4,12.6,0,1.0511,-0.00158875,8.01884e-09
13.4,12.7,0,0,0,0
13.5,0,0,-7.10488e-32,-1.97044e-35,-1.18896e-36
13.5,0.1,0,1.31869,0.00108062,3.94071e-09
13.5,0.2,0,2.64106,0.00254871,4.44571e-09
13.5,0.3,0,3.39174,0.00407512,6.64846e-09
13.5,0.4,0,3.57226,0.00625435,2.77157e-09
13.5,0.5,0,3.75319,0.00859571,-3.22643e-09
13.5,0.6,0,3.76708,0.0106091,2.89643e-10
13.5,0.7,0,3.78122,0.0132087,-6.15357e-10
13.5,0.8,0,3.78839,0.0153749,-9.83857e-10
13.5,0.9,0,3.78849,0.0177501,3.25807e-09
13.5,1,0,3.78856,0.0203006,8.61107e-09
13.5,1.1,0,3.7877,0.0222156,1.10457e-08
13.5,1.2,0,3.78665,0.0247186,3.77071e-09
13.5,1.3,0,3.78562,0.0267699,-4.79286e-10
13.5,1.4,0,3.78433,0.029019,7.88536e-09
13.5,1.5,0,3.78297,0.0314451,1.88654e-08
13.5,1.6,0,3.78162,0.0331852,1.84575e-08
13.5,1.7,0,3.77998,0.0355176,2.00025e-08
13.5,1.8,0,3.77845,0.0373774,2.17247e-08
13.5,1.9,0,3.77663,0.0394164,2.19471e-08
13.5,2,0,3.7747,0.0416333,2.17121e-08
13.5,2.1,0,3.77291,0.043118,2.35082e-08
13.5,2.2,0,3.77069,0.0451922,2.76732e-08
13.5,2.3,0,3.76867,0.0467732,3.1057e-08
13.5,2.4,0,3.7663,0.048502,2.83382e-08
13.5,2.5,0,3.76378,0.0504056,2.41682e-08
13.5,2.6,0,3.76154,0.0515305,2.28536e-08
13.5,2.7,0,3.7587,0.0532201,2.82786e-08
13.5,2.8,0,3.7562,0.0544068,2.94723e-08
13.5,2.9,0,3.75326,0.0556939,2.70968e-08
13.5,3,0,3.75012,0.0571455,2.49018e-08
13.5,3.1,0,3.74745,0.0577891,2.61282e-08
13.5,3.2,0,3.74397,0.0589366,3.47182e-08
13.5,3.3,0,3.74098,0.0595665,3.55247e-08
13.5,3.4,0,3.73749,0.0601556,3.10164e-08
13.5,3.5,0,3.73373,0.0608747,2.71814e-08
13.5,3.6,0,3.73069,0.0610109,2.59764e-08
13.5,3.7,0,3.72658,0.0616332,2.14064e-08
13.5,3.8,0,3.72312,0.0615523,1.88499e-08
13.5,3.9,0,3.71893,0.0608454,1.80944e-08
13.5,4,0,3.71436,0.0601595,1.72809e-08
13.5,4.1,0,3.71142,0.0597181,1.57659e-08
13.5,4.2,0,3.70749,0.0597298,1.35859e-08
13.5,4.3,0,3.70358,0.0588695,1.51219e-08
13.5,4.4,0,3.69621,0.0569297,2.15458e-08
13.5,4.5,0,3.6879,0.0549332,2.82893e-08
13.5,4.6,0,3.68955,0.0522093,3.157e-08
13.5,4.7,0,3.69391,0.0485627,3.639e-08
13.5,4.8,0,3.69519,0.0465103,3.32408e-08
13.5,4.9,0,3.69443,0.0467816,1.62535e-08
13.5,5,0,3.69395,0.0472518,-2.33451e-09
13.5,5.1,0,3.6514,0.0461173,-7.24321e-08
13.5,5.2,0,3.61527,0.0380664,-1.01532e-07
13.5,5.3,0,3.58758,0.025419,-9.89107e-08
13.5,5.4,0,3.57307,0.00914428,-8.23929e-08
13.5,5.5,0,3.56887,-0.00860881,-7.42679e-08
13.5,5.6,0,3.57247,-0.0264308,-7.78393e-08
13.5,5.7,0,3.58549,-0.0429496,-7.6e-08
13.5,5.8,0,3.61087,-0.056198,-5.10786e-08
13.5,5.9,0,3.64636,-0.0657086,-4.77857e-09
13.5,6,0,3.70289,-0.0645519,5.49363e-08
13.5,6.1,0,3.70479,-0.0639808,4.63977e-08
13.5,6.2,0,3.70654,-0.0612791,4.23531e-08
13.5,6.3,0,3.70829,-0.0585773,3.83085e-08
13.5,6.4,0,3.70813,-0.059035,3.43802e-08
13.5,6.5,0,3.70318,-0.0619539,1.82938e-08
13.5,6.6,0,3.69656,-0.0652098,-3.20989e-09
13.5,6.7,0,3.69304,-0.0680042,-1.74572e-08
13.5,6.8,0,3.69803,-0.0699244,-8.07526e-09
13.5,6.9,0,3.70543,-0.0722328,1.41438e-08
13.5,7,0,3.71283,-0.0745413,3.63628e-08
13.5,7.1,0,3.71546,-0.0749464,3.49002e-08
13.5,7.2,0,3.71911,-0.0744618,2.62934e-08
13.5,7.3,0,3.72278,-0.0739716,1.76442e-08
13.5,7.4,0,3.72584,-0.0741381,2.60031e-08
13.5,7.5,0,3.72935,-0.0747051,3.63994e-08
13.5,7.6,0,3.73331,-0.0752515,4.16281e-08
13.5,7.7,0,3.73689,-0.075612,4.2405e-08
13.5,7.8,0,3.73965,-0.0752146,3.74133e-08
13.5,7.9,0,3.74319,-0.0743337,5.07417e-08
13.5,8,0,3.74674,-0.0734527,6.407e-08
13.5,8.1,0,3.74915,-0.0730667,5.3766e-08
13.5,8.2,0,3.75222,-0.0722016,2.17616e-08
13.5,8.3,0,3.75535,-0.0713042,-1.13989e-08
13.5,8.4,0,3.75791,-0.0705511,-1.41232e-08
13.5,8.5,0,3.76044,-0.0695495,7.72365e-09
13.5,8.6,0,3.76326,-0.0682961,2.9343e-08
13.5,8.7,0,3.7659,-0.0671249,4.21528e-08
13.5,8.8,0,3.76794,-0.0661269,2.512e-08
13.5,8.9,0,3.77039,-0.0646427,2.4911e-08
13.5,9,0,3.77285,-0.0631585,2.47021e-08
13.5,9.1,0,3.77468,-0.0620763,3.25367e-08
13.5,9.2,0,3.77678,-0.0605123,2.01953e-08
13.5,9.3,0,3.77893,-0.0588821,5.26249e-09
13.5,9.4,0,3.78077,-0.0574915,-2.41055e-10
13.5,9.5,0,3.78247,-0.0560138,8.90848e-09
13.5,9.6,0,3.78432,-0.0542612,2.2457e-08
13.5,9.7,0,3.78609,-0.0525825,3.26625e-08
13.5,9.8,0,3.78747,-0.0512124,2.57868e-08
13.5,9.9,0,3.78906,-0.0493826,2.67055e-08
13.5,10,0,3.79064,-0.0475528,2.76241e-08
13.5,10.1,0,3.79188,-0.0461095,4.17204e-08
13.5,10.2,0,3.79318,-0.0443095,3.7032e-08
13.5,10.3,0,3.79452,-0.042425,2.82271e-08
13.5,10.4,0,3.79569,-0.0407524,1.86096e-08
13.5,10.5,0,3.79674,-0.03909,1.95368e-08
13.5,10.6,0,3.79785,-0.0371713,3.23364e-08
13.5,10.7,0,3.79893,-0.0352981,4.35778e-08
13.5,10.8,0,3.79976,-0.0337654,3.94656e-08
13.5,10.9,0,3.80066,-0.0318254,2.73776e-08
13.5,11,0,3.80157,-0.0298854,1.52895e-08
13.5,11.1,0,3.80228,-0.0282724,1.46208e-08
13.5,11.2,0,3.80298,-0.0264121,1.87655e-08
13.5,11.3,0,3.8037,-0.0244587,2.31733e-08
13.5,11.4,0,3.80427,-0.0226746,2.17268e-08
13.5,11.5,0,3.80466,-0.0209549,2.25091e-08
13.5,11.6,0,3.80507,-0.0189971,3.71431e-08
13.5,11.7,0,3.80528,-0.0170593,5.09011e-08
13.5,11.8,0,3.80183,-0.0154623,4.6387e-08
13.5,11.9,0,3.79833,-0.013489,2.59551e-08
13.5,12,0,3.79482,-0.0115157,5.52323e-09
13.5,12.1,0,3.73628,-0.00987915,7.43773e-10
13.5,12.2,0,3.65375,-0.00809175,6.25513e-09
13.5,12.3,0,3.57108,-0.0062022,1.30066e-08
13.5,12.4,0,3.15086,-0.0045453,1.80507e-08
13.5,12.5,0,2.10219,-0.0031775,1.60377e-08
13.5,12.6,0,1.0511,-0.00158875,8.01884e-09
13.5,12.7,0,0,0,0
13.6,0,0,-7.10488e-32,-1.97044e-35,-1.18896e-36
13.6,0.1,0,1.31722,0.000925623,5.315e-09
13.6,0.2,0,2.63959,0.00239372,5.82e-09
13.6,0.3,0,3.39027,0.00392013,8.02275e-09
13.6,0.4,0,3.57025,0.00588317,6.974e-09
13.6,0.5,0,3.75118,0.00822453,9.76e-10
13.6,0.6,0,3.76496,0.0100034,6.2605e-09
13.6,0.7,0,3.7791,0.012603,5.3555e-09
13.6,0.8,0,3.78628,0.0147693,4.987e-09
13.6,0.9,0,3.78641,0.0169109,7.7475e-09
13.6,1,0,3.78648,0.0194613,1.31005e-08
13.6,1.1,0,3.78569,0.0211411,1.9419e-08
13.6,1.2,0,3.78464,0.0236441,1.2144e-08
13.6,1.3,0,3.78361,0.0256955,7.894e-09
13.6,1.4,0,3.78242,0.0277084,1.27715e-08
13.6,1.5,0,3.78106,0.0301345,2.37515e-08
13.6,1.6,0,3.77983,0.0316377,2.25625e-08
13.6,1.7,0,3.77819,0.0339701,2.41075e-08
13.6,1.8,0,3.77665,0.0358298,2.58297e-08
13.6,1.9,0,3.77497,0.0376318,2.6662e-08
13.6,2,0,3.77305,0.0398487,2.6427e-08
13.6,2.1,0,3.77142,0.0410976,2.72755e-08
13.6,2.2,0,3.7692,0.0431718,3.14405e-08
13.6,2.3,0,3.76718,0.0447528,3.48242e-08
13.6,2.4,0,3.76501,0.0462485,3.40405e-08
13.6,2.5,0,3.76249,0.0481522,2.98705e-08
13.6,2.6,0,3.76048,0.0490512,2.586e-08
13.6,2.7,0,3.75765,0.0507407,3.1285e-08
13.6,2.8,0,3.75514,0.0519275,3.24788e-08
13.6,2.9,0,3.75248,0.0529953,2.98625e-08
13.6,3,0,3.74934,0.0544469,2.76675e-08
13.6,3.1,0,3.74699,0.0548889,2.59485e-08
13.6,3.2,0,3.74351,0.0560364,3.45385e-08
13.6,3.3,0,3.74053,0.0566663,3.5345e-08
13.6,3.4,0,3.7374,0.057082,2.9939e-08
13.6,3.5,0,3.73364,0.0578011,2.6104e-08
13.6,3.6,0,3.73102,0.0577428,2.6245e-08
13.6,3.7,0,3.72692,0.0583652,2.1675e-08
13.6,3.8,0,3.72345,0.0582843,1.91185e-08
13.6,3.9,0,3.71976,0.0575493,1.84402e-08
13.6,4,0,3.71519,0.0568634,1.76268e-08
13.6,4.1,0,3.71265,0.0562407,1.63778e-08
13.6,4.2,0,3.70872,0.0562524,1.41977e-08
13.6,4.3,0,3.70481,0.0553922,1.57337e-08
13.6,4.4,0,3.6987,0.0535278,2.17315e-08
13.6,4.5,0,3.69039,0.0515314,2.8475e-08
13.6,4.6,0,3.69095,0.0491766,3.114e-08
13.6,4.7,0,3.69531,0.0455299,3.596e-08
13.6,4.8,0,3.69659,0.0434776,3.28108e-08
13.6,4.9,0,3.69544,0.0434836,1.79576e-08
13.6,5,0,3.69497,0.0439538,-6.30354e-10
13.6,5.1,0,3.65586,0.0426248,-6.8005e-08
13.6,5.2,0,3.62308,0.0349477,-9.5595e-08
13.6,5.3,0,3.5981,0.0230972,-9.2425e-08
13.6,5.4,0,3.58505,0.00796382,-7.625e-08
13.6,5.5,0,3.58128,-0.00850104,-6.8125e-08
13.6,5.6,0,3.58454,-0.0250271,-7.1225e-08
13.6,5.7,0,3.5963,-0.0403768,-6.97e-08
13.6,5.8,0,3.61921,-0.0527606,-4.686e-08
13.6,5.9,0,3.65142,-0.0617636,-3.04e-09
13.6,6,0,3.70321,-0.0610054,5.49511e-08
13.6,6.1,0,3.70512,-0.0605298,4.62112e-08
13.6,6.2,0,3.70693,-0.0585849,4.05702e-08
13.6,6.3,0,3.70868,-0.0558831,3.65256e-08
13.6,6.4,0,3.70851,-0.0563408,3.25973e-08
13.6,6.5,0,3.70564,-0.0588398,2.32638e-08
13.6,6.6,0,3.69902,-0.0620957,1.76011e-09
13.6,6.7,0,3.69551,-0.0648901,-1.24872e-08
13.6,6.8,0,3.69923,-0.0666077,-9.80287e-09
13.6,6.9,0,3.70648,-0.0688925,1.16348e-08
13.6,7,0,3.71388,-0.071201,3.38538e-08
13.6,7.1,0,3.71652,-0.071606,3.23912e-08
13.6,7.2,0,3.71968,-0.0714259,2.60587e-08
13.6,7.3,0,3.72334,-0.0709357,1.74095e-08
13.6,7.4,0,3.72641,-0.0711022,2.57684e-08
13.6,7.5,0,3.72942,-0.0716914,4.17042e-08
13.6,7.6,0,3.73338,-0.0722377,4.6933e-08
13.6,7.7,0,3.73696,-0.0725982,4.77098e-08
13.6,7.8,0,3.73939,-0.0724011,3.51311e-08
13.6,7.9,0,3.74284,-0.0715817,4.61278e-08
13.6,8,0,3.74639,-0.0707008,5.94562e-08
13.6,8.1,0,3.74879,-0.0703147,4.91521e-08
13.6,8.2,0,3.75154,-0.0696665,2.48931e-08
13.6,8.3,0,3.75467,-0.0687691,-8.2673e-09
13.6,8.4,0,3.75723,-0.068016,-1.09916e-08
13.6,8.5,0,3.75948,-0.0672511,1.10691e-08
13.6,8.6,0,3.7623,-0.0659977,3.26885e-08
13.6,8.7,0,3.76494,-0.0648265,4.54982e-08
13.6,8.8,0,3.76685,-0.0639845,2.30691e-08
13.6,8.9,0,3.76923,-0.0625902,1.97493e-08
13.6,9,0,3.77169,-0.061106,1.95403e-08
13.6,9.1,0,3.77351,-0.0600237,2.7375e-08
13.6,9.2,0,3.77545,-0.0586968,2.42938e-08
13.6,9.3,0,3.7776,-0.0570665,9.36092e-09
13.6,9.4,0,3.77944,-0.0556759,3.85737e-09
13.6,9.5,0,3.78101,-0.0544285,9.32276e-09
13.6,9.6,0,3.78286,-0.0526759,2.28713e-08
13.6,9.7,0,3.78464,-0.0509972,3.30768e-08
13.6,9.8,0,3.78597,-0.0497369,2.43387e-08
13.6,9.9,0,3.7875,-0.0480153,2.34226e-08
13.6,10,0,3.78909,-0.0461856,2.43413e-08
13.6,10.1,0,3.79032,-0.0447423,3.84375e-08
13.6,10.2,0,3.79156,-0.0431482,4.37783e-08
13.6,10.3,0,3.7929,-0.0412636,3.49734e-08
13.6,10.4,0,3.79407,-0.0395911,2.53559e-08
13.6,10.5,0,3.79506,-0.0381221,1.73202e-08
13.6,10.6,0,3.79618,-0.0362034,3.01198e-08
13.6,10.7,0,3.79726,-0.0343302,4.13612e-08
13.6,10.8,0,3.79807,-0.0328654,3.85784e-08
13.6,10.9,0,3.79895,-0.0310395,2.87236e-08
13.6,11,0,3.79986,-0.0290994,1.66355e-08
13.6,11.1,0,3.80057,-0.0274864,1.59668e-08
13.6,11.2,0,3.80124,-0.0257982,1.96252e-08
13.6,11.3,0,3.80196,-0.0238448,2.4033e-08
13.6,11.4,0,3.80253,-0.0220607,2.25866e-08
13.6,11.5,0,3.8029,-0.0205047,1.38503e-08
13.6,11.6,0,3.80331,-0.0185469,2.84842e-08
13.6,11.7,0,3.80352,-0.016609,4.22423e-08
13.6,11.8,0,3.80008,-0.0150505,3.93576e-08
13.6,11.9,0,3.79659,-0.0131976,2.40143e-08
13.6,12,0,3.79309,-0.0112243,3.58245e-09
13.6,12.1,0,3.73455,-0.00958772,-1.19701e-09
13.6,12.2,0,3.65222,-0.00795242,2.46791e-09
13.6,12.3,0,3.56956,-0.00606287,9.2194e-09
13.6,12.4,0,3.14933,-0.00440597,1.42635e-08
13.6,12.5,0,2.10219,-0.0031775,1.60377e-08
13.6,12.6,0,1.0511,-0.00158875,8.01884e-09
13.6,12.7,0,0,0,0
13.7,0,0,-7.10488e-32,-1.97044e-35,-1.18896e-36
13.7,0.1,0,1.31722,0.000925623,5.315e-09
13.7,0.2,0,2.63812,0.00223873,7.19429e-09
13.7,0.3,0,3.38881,0.00376513,9.39704e-09
13.7,0.4,0,3.56823,0.00551199,1.11764e-08
13.7,0.5,0,3.74916,0.00785336,5.17843e-09
13.7,0.6,0,3.76294,0.00963225,1.04629e-08
13.7,0.7,0,3.77698,0.0119973,1.13264e-08
13.7,0.8,0,3.78416,0.0141636,1.09579e-08
13.7,0.9,0,3.78433,0.0160717,1.22369e-08
13.7,1,0,3.7844,0.0186221,1.75899e-08
13.7,1.1,0,3.78361,0.0203019,2.39084e-08
13.7,1.2,0,3.78264,0.0225697,2.05173e-08
13.7,1.3,0,3.7816,0.024621,1.62673e-08
13.7,1.4,0,3.7805,0.0263978,1.76576e-08
13.7,1.5,0,3.77914,0.028824,2.86376e-08
13.7,1.6,0,3.77791,0.0303271,2.74486e-08
13.7,1.7,0,3.77639,0.0324226,2.82125e-08
13.7,1.8,0,3.77485,0.0342823,2.99348e-08
13.7,1.9,0,3.77332,0.0358471,3.13769e-08
13.7,2,0,3.77139,0.038064,3.11419e-08
13.7,2.1,0,3.76976,0.039313,3.19904e-08
13.7,2.2,0,3.76771,0.0411514,3.52078e-08
13.7,2.3,0,3.76569,0.0427324,3.85915e-08
13.7,2.4,0,3.76372,0.0439951,3.97428e-08
13.7,2.5,0,3.7612,0.0458987,3.55728e-08
13.7,2.6,0,3.7592,0.0467977,3.15623e-08
13.7,2.7,0,3.7566,0.0482614,3.42914e-08
13.7,2.8,0,3.75409,0.0494482,3.54852e-08
13.7,2.9,0,3.7517,0.0502966,3.26282e-08
13.7,3,0,3.74856,0.0517482,3.04332e-08
13.7,3.1,0,3.74621,0.0521902,2.87142e-08
13.7,3.2,0,3.74306,0.0531362,3.43588e-08
13.7,3.3,0,3.74007,0.0537661,3.51653e-08
13.7,3.4,0,3.7373,0.0540084,2.88616e-08
13.7,3.5,0,3.73354,0.0547275,2.50266e-08
13.7,3.6,0,3.73093,0.0546692,2.51676e-08
13.7,3.7,0,3.72725,0.0550971,2.19436e-08
13.7,3.8,0,3.72378,0.0550162,1.93871e-08
13.7,3.9,0,3.72059,0.0542532,1.87861e-08
13.7,4,0,3.71602,0.0535673,1.79726e-08
13.7,4.1,0,3.71348,0.0529446,1.67236e-08
13.7,4.2,0,3.70995,0.052775,1.48096e-08
13.7,4.3,0,3.70604,0.0519148,1.63456e-08
13.7,4.4,0,3.70119,0.050126,2.19172e-08
13.7,4.5,0,3.69287,0.0481295,2.86607e-08
13.7,4.6,0,3.69343,0.0457747,3.13257e-08
13.7,4.7,0,3.69671,0.0424972,3.553e-08
13.7,4.8,0,3.69799,0.0404448,3.23808e-08
13.7,4.9,0,3.69646,0.0401856,1.96618e-08
13.7,5,0,3.69598,0.0406558,1.0738e-09
13.7,5.1,0,3.66032,0.0391323,-6.35779e-08
13.7,5.2,0,3.63088,0.0318289,-8.96579e-08
13.7,5.3,0,3.60862,0.0207755,-8.59393e-08
13.7,5.4,0,3.59703,0.00678336,-7.01071e-08
13.7,5.5,0,3.5937,-0.00839326,-6.19821e-08
13.7,5.6,0,3.59662,-0.0236234,-6.46107e-08
13.7,5.7,0,3.6071,-0.0378039,-6.34e-08
13.7,5.8,0,3.62756,-0.0493231,-4.26414e-08
13.7,5.9,0,3.65647,-0.0578186,-1.30143e-09
13.7,6,0,3.70354,-0.057459,5.49658e-08
13.7,6.1,0,3.70545,-0.0569833,4.6226e-08
13.7,6.2,0,3.70731,-0.0558907,3.87874e-08
13.7,6.3,0,3.70906,-0.053189,3.47428e-08
13.7,6.4,0,3.7089,-0.0536466,3.08145e-08
13.7,6.5,0,3.70771,-0.0558056,2.69488e-08
13.7,6.6,0,3.70148,-0.0589815,6.73011e-09
13.7,6.7,0,3.69797,-0.0617759,-7.5172e-09
13.7,6.8,0,3.70169,-0.0634936,-4.83287e-09
13.7,6.9,0,3.70754,-0.0655522,9.12577e-09
13.7,7,0,3.71494,-0.0678606,3.13448e-08
13.7,7.1,0,3.71757,-0.0682657,2.98822e-08
13.7,7.2,0,3.72025,-0.06839,2.5824e-08
13.7,7.3,0,3.72391,-0.0678998,1.71747e-08
13.7,7.4,0,3.72698,-0.0680663,2.55337e-08
13.7,7.5,0,3.72965,-0.0686705,4.52315e-08
13.7,7.6,0,3.73345,-0.069224,5.22378e-08
13.7,7.7,0,3.73703,-0.0695845,5.30147e-08
13.7,7.8,0,3.73946,-0.0693873,4.04359e-08
13.7,7.9,0,3.74248,-0.0688297,4.15139e-08
13.7,8,0,3.74603,-0.0679488,5.48423e-08
13.7,8.1,0,3.74843,-0.0675628,4.45383e-08
13.7,8.2,0,3.75086,-0.0671314,2.80247e-08
13.7,8.3,0,3.75398,-0.0662339,-5.13573e-09
13.7,8.4,0,3.75655,-0.0654808,-7.86004e-09
13.7,8.5,0,3.75865,-0.0648458,1.43179e-08
13.7,8.6,0,3.76135,-0.0636993,3.60339e-08
13.7,8.7,0,3.76399,-0.0625282,4.88436e-08
13.7,8.8,0,3.7659,-0.0616861,2.64145e-08
13.7,8.9,0,3.76807,-0.0605377,1.45876e-08
13.7,9,0,3.77052,-0.0590535,1.43786e-08
13.7,9.1,0,3.77235,-0.0579712,2.22133e-08
13.7,9.2,0,3.77412,-0.0568812,2.83922e-08
13.7,9.3,0,3.77627,-0.055251,1.34593e-08
13.7,9.4,0,3.77811,-0.0538603,7.9558e-09
13.7,9.5,0,3.77963,-0.0527092,1.18815e-08
13.7,9.6,0,3.78141,-0.0510906,2.32856e-08
13.7,9.7,0,3.78318,-0.0494119,3.34911e-08
13.7,9.8,0,3.78451,-0.0481516,2.4753e-08
13.7,9.9,0,3.78595,-0.0466481,2.01398e-08
13.7,10,0,3.78754,-0.0448183,2.10584e-08
13.7,10.1,0,3.78877,-0.043375,3.51547e-08
13.7,10.2,0,3.78994,-0.0419869,5.05246e-08
13.7,10.3,0,3.79127,-0.0401023,4.17197e-08
13.7,10.4,0,3.79245,-0.0384298,3.21022e-08
13.7,10.5,0,3.79343,-0.0370163,2.14913e-08
13.7,10.6,0,3.7945,-0.0352355,2.79033e-08
13.7,10.7,0,3.79558,-0.0333623,3.91446e-08
13.7,10.8,0,3.79639,-0.0318975,3.63618e-08
13.7,10.9,0,3.79724,-0.0302535,3.00696e-08
13.7,11,0,3.79814,-0.0283135,1.79815e-08
13.7,11.1,0,3.79885,-0.0267005,1.73128e-08
13.7,11.2,0,3.7995,-0.0251843,2.04849e-08
13.7,11.3,0,3.80022,-0.0232309,2.48928e-08
13.7,11.4,0,3.80079,-0.0214468,2.34463e-08
13.7,11.5,0,3.80115,-0.0199165,1.32183e-08
13.7,11.6,0,3.80155,-0.0180967,1.98254e-08
13.7,11.7,0,3.80176,-0.0161588,3.35834e-08
13.7,11.8,0,3.79832,-0.0146003,3.06987e-08
13.7,11.9,0,3.79485,-0.0129061,2.20736e-08
13.7,12,0,3.79135,-0.0109329,1.64166e-09
13.7,12.1,0,3.73281,-0.00929628,-3.1378e-09
13.7,12.2,0,3.65068,-0.00780401,-1.20907e-09
13.7,12.3,0,3.56803,-0.00592354,5.43219e-09
13.7,12.4,0,3.14781,-0.00426664,1.04763e-08
13.7,12.5,0,2.1007,-0.00304181,1.23494e-08
13.7,12.6,0,1.0511,-0.00158875,8.01884e-09
13.7,12.7,0,0,0,0
13.8,0,0,-7.10488e-32,-1.97044e-35,-1.18896e-36
13.8,0.1,0,1.31722,0.000925623,5.315e-09
13.8,0.2,0,2.63665,0.00208373,8.56857e-09
13.8,0.3,0,3.38734,0.00361014,1.07713e-08
13.8,0.4,0,3.56635,0.00519486,1.46718e-08
13.8,0.5,0,3.74714,0.00748218,9.38086e-09
13.8,0.6,0,3.76093,0.00926107,1.46654e-08
13.8,0.7,0,3.77487,0.0113917,1.72972e-08
13.8,0.8,0,3.78204,0.0135579,1.69287e-08
13.8,0.9,0,3.78224,0.0152908,1.70967e-08
13.8,1,0,3.78231,0.0177828,2.20794e-08
13.8,1.1,0,3.78153,0.0194626,2.83979e-08
13.8,1.2,0,3.78063,0.0214952,2.88906e-08
13.8,1.3,0,3.77959,0.0235466,2.46406e-08
13.8,1.4,0,3.77856,0.0251462,2.34156e-08
13.8,1.5,0,3.77723,0.0275134,3.35238e-08
13.8,1.6,0,3.776,0.0290165,3.23348e-08
13.8,1.7,0,3.77459,0.0308751,3.23175e-08
13.8,1.8,0,3.77305,0.0327348,3.40398e-08
13.8,1.9,0,3.77162,0.0341218,3.59393e-08
13.8,2,0,3.76973,0.0362794,3.58567e-08
13.8,2.1,0,3.76811,0.0375284,3.67052e-08
13.8,2.2,0,3.76622,0.039131,3.89751e-08
13.8,2.3,0,3.7642,0.040712,4.23588e-08
13.8,2.4,0,3.76238,0.0417999,4.49613e-08
13.8,2.5,0,3.75991,0.0436452,4.12751e-08
13.8,2.6,0,3.75791,0.0445442,3.72646e-08
13.8,2.7,0,3.75555,0.045782,3.72979e-08
13.8,2.8,0,3.75304,0.0469688,3.84916e-08
13.8,2.9,0,3.75086,0.0476528,3.54541e-08
13.8,3,0,3.74778,0.0490495,3.31989e-08
13.8,3.1,0,3.74543,0.0494916,3.14799e-08
13.8,3.2,0,3.7426,0.050236,3.41791e-08
13.8,3.3,0,3.73961,0.0508658,3.49856e-08
13.8,3.4,0,3.73712,0.0509781,2.80086e-08
13.8,3.5,0,3.73345,0.0516539,2.39491e-08
13.8,3.6,0,3.73083,0.0515956,2.40901e-08
13.8,3.7,0,3.72758,0.0518291,2.22121e-08
13.8,3.8,0,3.72411,0.0517482,1.96556e-08
13.8,3.9,0,3.7213,0.0509641,1.91126e-08
13.8,4,0,3.71685,0.0502712,1.83185e-08
13.8,4.1,0,3.71431,0.0496485,1.70695e-08
13.8,4.2,0,3.71117,0.0492977,1.54215e-08
13.8,4.3,0,3.70726,0.0484374,1.69575e-08
13.8,4.4,0,3.70336,0.0467052,2.22095e-08
13.8,4.5,0,3.69536,0.0447276,2.88464e-08
13.8,4.6,0,3.69592,0.0423728,3.15114e-08
13.8,4.7,0,3.69812,0.0394644,3.51e-08
13.8,4.8,0,3.69939,0.037412,3.19508e-08
13.8,4.9,0,3.69757,0.0369539,2.08324e-08
13.8,5,0,3.697,0.0373577,2.77796e-09
13.8,5.1,0,3.66478,0.0356398,-5.91507e-08
13.8,5.2,0,3.63868,0.0287102,-8.37207e-08
13.8,5.3,0,3.61914,0.0184537,-7.94536e-08
13.8,5.4,0,3.60901,0.0056029,-6.39643e-08
13.8,5.5,0,3.60611,-0.00828548,-5.58393e-08
13.8,5.6,0,3.60869,-0.0222196,-5.79964e-08
13.8,5.7,0,3.61791,-0.0352311,-5.71e-08
13.8,5.8,0,3.63591,-0.0458856,-3.84229e-08
13.8,5.9,0,3.66153,-0.0538736,4.37143e-10
13.8,6,0,3.70386,-0.0539125,5.49806e-08
13.8,6.1,0,3.70577,-0.0534369,4.62407e-08
13.8,6.2,0,3.70768,-0.0529613,3.75009e-08
13.8,6.3,0,3.70945,-0.0504948,3.29599e-08
13.8,6.4,0,3.70929,-0.0509525,2.90316e-08
13.8,6.5,0,3.70809,-0.0531114,2.51659e-08
13.8,6.6,0,3.70395,-0.0558674,1.17001e-08
13.8,6.7,0,3.70043,-0.0586618,-2.5472e-09
13.8,6.8,0,3.70416,-0.0603795,1.37127e-10
13.8,6.9,0,3.70859,-0.0622119,6.61677e-09
13.8,7,0,3.71599,-0.0645203,2.88358e-08
13.8,7.1,0,3.71863,-0.0649254,2.73732e-08
13.8,7.2,0,3.72101,-0.0652303,2.46643e-08
13.8,7.3,0,3.72448,-0.0648639,1.694e-08
13.8,7.4,0,3.72755,-0.0650304,2.5299e-08
13.8,7.5,0,3.73022,-0.0656346,4.49967e-08
13.8,7.6,0,3.73353,-0.0662103,5.75427e-08
13.8,7.7,0,3.7371,-0.0665707,5.83195e-08
13.8,7.8,0,3.73953,-0.0663736,4.57408e-08
13.8,7.9,0,3.74212,-0.0660778,3.69001e-08
13.8,8,0,3.74567,-0.0651969,5.02284e-08
13.8,8.1,0,3.74808,-0.0648108,3.99244e-08
13.8,8.2,0,3.75035,-0.0644797,2.69946e-08
13.8,8.3,0,3.7533,-0.0636988,-2.00416e-09
13.8,8.4,0,3.75587,-0.0629457,-4.72847e-09
13.8,8.5,0,3.75797,-0.0623107,1.74495e-08
13.8,8.6,0,3.7604,-0.0614009,3.93793e-08
13.8,8.7,0,3.76303,-0.0602298,5.2189e-08
13.8,8.8,0,3.76494,-0.0593878,2.97599e-08
13.8,8.9,0,3.7669,-0.0584852,9.42587e-09
13.8,9,0,3.76936,-0.057001,9.21691e-09
13.8,9.1,0,3.77118,-0.0559187,1.70516e-08
13.8,9.2,0,3.7729,-0.0549073,2.63057e-08
13.8,9.3,0,3.77494,-0.0534354,1.75578e-08
13.8,9.4,0,3.77678,-0.0520447,1.20542e-08
13.8,9.5,0,3.7783,-0.0508936,1.598e-08
13.8,9.6,0,3.77995,-0.0495053,2.36998e-08
13.8,9.7,0,3.78172,-0.0478265,3.39054e-08
13.8,9.8,0,3.78306,-0.0465663,2.51673e-08
13.8,9.9,0,3.7844,-0.0452808,1.68569e-08
13.8,10,0,3.78598,-0.043451,1.77756e-08
13.8,10.1,0,3.78722,-0.0420078,3.18718e-08
13.8,10.2,0,3.78837,-0.0406611,4.92625e-08
13.8,10.3,0,3.78965,-0.038941,4.8466e-08
13.8,10.4,0,3.79083,-0.0372684,3.88485e-08
13.8,10.5,0,3.7918,-0.035855,2.82376e-08
13.8,10.6,0,3.79283,-0.0342676,2.56867e-08
13.8,10.7,0,3.79391,-0.0323944,3.69281e-08
13.8,10.8,0,3.79472,-0.0309296,3.41452e-08
13.8,10.9,0,3.79552,-0.0294649,3.13624e-08
13.8,11,0,3.79643,-0.0275275,1.93275e-08
13.8,11.1,0,3.79714,-0.0259145,1.86588e-08
13.8,11.2,0,3.79778,-0.0244105,2.17965e-08
13.8,11.3,0,3.79847,-0.022617,2.57525e-08
13.8,11.4,0,3.79905,-0.0208328,2.4306e-08
13.8,11.5,0,3.79941,-0.0193025,1.4078e-08
13.8,11.6,0,3.79979,-0.0176464,1.11665e-08
13.8,11.7,0,3.80001,-0.0157086,2.49246e-08
13.8,11.8,0,3.79656,-0.0141501,2.20398e-08
13.8,11.9,0,3.79311,-0.0125916,1.91551e-08
13.8,12,0,3.78961,-0.0106414,-2.99126e-10
13.8,12.1,0,3.73107,-0.00900485,-5.07858e-09
13.8,12.2,0,3.64895,-0.00751258,-3.14985e-09
13.8,12.3,0,3.5665,-0.00578421,1.64498e-09
13.8,12.4,0,3.14628,-0.00412731,6.68904e-09
13.8,12.5,0,2.09917,-0.00290248,8.56218e-09
13.8,12.6,0,1.0511,-0.00158875,8.01884e-09
13.8,12.7,0,0,0,0
13.9,0,0,-7.10488e-32,-1.97044e-35,-1.18896e-36
13.9,0.1,0,1.31722,0.000925623,5.315e-09
13.9,0.2,0,2.63518,0.00192874,9.94286e-09
13.9,0.3,0,3.38587,0.00345515,1.21456e-08
13.9,0.4,0,3.56488,0.00503987,1.60461e-08
13.9,0.5,0,3.74513,0.007111,1.35833e-08
13.9,0.6,0,3.75891,0.00888989,1.88678e-08
13.9,0.7,0,3.77275,0.010786,2.32681e-08
13.9,0.8,0,3.77992,0.0129523,2.28996e-08
13.9,0.9,0,3.78012,0.0146852,2.30676e-08
13.9,1,0,3.78023,0.0169436,2.65688e-08
13.9,1.1,0,3.77944,0.0186234,3.28873e-08
13.9,1.2,0,3.77862,0.0204208,3.72639e-08
13.9,1.3,0,3.77758,0.0224721,3.30139e-08
13.9,1.4,0,3.77655,0.0240718,3.17889e-08
13.9,1.5,0,3.77531,0.0262028,3.84099e-08
13.9,1.6,0,3.77408,0.0277059,3.72209e-08
13.9,1.7,0,3.77279,0.0293275,3.64225e-08
13.9,1.8,0,3.77126,0.0311872,3.81448e-08
13.9,1.9,0,3.76982,0.0325742,4.00443e-08
13.9,2,0,3.76808,0.0344947,4.05716e-08
13.9,2.1,0,3.76645,0.0357437,4.14201e-08
13.9,2.2,0,3.76474,0.0371106,4.27424e-08
13.9,2.3,0,3.76272,0.0386916,4.61261e-08
13.9,2.4,0,3.7609,0.0397795,4.87286e-08
13.9,2.5,0,3.75863,0.0413918,4.69774e-08
13.9,2.6,0,3.75662,0.0422908,4.29669e-08
13.9,2.7,0,3.75449,0.0433027,4.03043e-08
13.9,2.8,0,3.75199,0.0444895,4.1498e-08
13.9,2.9,0,3.7498,0.0451735,3.84605e-08
13.9,3,0,3.74701,0.0463509,3.59646e-08
13.9,3.1,0,3.74465,0.0467929,3.42456e-08
13.9,3.2,0,3.74214,0.0473358,3.39994e-08
13.9,3.3,0,3.73916,0.0479656,3.48059e-08
13.9,3.4,0,3.73666,0.0480779,2.78289e-08
13.9,3.5,0,3.73335,0.0485803,2.28717e-08
13.9,3.6,0,3.73074,0.048522,2.30127e-08
13.9,3.7,0,3.72791,0.048561,2.24807e-08
13.9,3.8,0,3.72445,0.0484801,1.99242e-08
13.9,3.9,0,3.72163,0.047696,1.93812e-08
13.9,4,0,3.71768,0.0469751,1.86643e-08
13.9,4.1,0,3.71514,0.0463524,1.74153e-08
13.9,4.2,0,3.7124,0.0458203,1.60333e-08
13.9,4.3,0,3.70849,0.0449601,1.75693e-08
13.9,4.4,0,3.70459,0.0432279,2.28213e-08
13.9,4.5,0,3.69785,0.0413258,2.90321e-08
13.9,4.6,0,3.69841,0.038971,3.16971e-08
13.9,4.7,0,3.69952,0.0364316,3.467e-08
13.9,4.8,0,3.70079,0.0343792,3.15208e-08
13.9,4.9,0,3.69897,0.0339211,2.04024e-08
13.9,5,0,3.69802,0.0340597,4.48212e-09
13.9,5.1,0,3.66924,0.0321473,-5.47236e-08
13.9,5.2,0,3.64649,0.0255914,-7.77836e-08
13.9,5.3,0,3.62966,0.016132,-7.29679e-08
13.9,5.4,0,3.62099,0.00442244,-5.78214e-08
13.9,5.5,0,3.61853,-0.00817771,-4.96964e-08
13.9,5.6,0,3.62077,-0.0208159,-5.13821e-08
13.9,5.7,0,3.62871,-0.0326583,-5.08e-08
13.9,5.8,0,3.64426,-0.0424482,-3.42043e-08
13.9,5.9,0,3.66658,-0.0499286,2.17571e-09
13.9,6,0,3.70418,-0.0503661,5.49953e-08
13.9,6.1,0,3.7061,-0.0498904,4.62555e-08
13.9,6.2,0,3.70801,-0.0494148,3.75156e-08
13.9,6.3,0,3.70983,-0.0478006,3.1177e-08
13.9,6.4,0,3.70967,-0.0482583,2.72487e-08
13.9,6.5,0,3.70848,-0.0504172,2.33831e-08
13.9,6.6,0,3.70641,-0.0527533,1.66701e-08
13.9,6.7,0,3.7029,-0.0555477,2.4228e-09
13.9,6.8,0,3.70662,-0.0572653,5.10713e-09
13.9,6.9,0,3.71034,-0.058983,7.79146e-09
13.9,7,0,3.71705,-0.06118,2.63268e-08
13.9,7.1,0,3.71968,-0.0615851,2.48642e-08
13.9,7.2,0,3.72207,-0.06189,2.21553e-08
13.9,7.3,0,3.72504,-0.061828,1.67053e-08
13.9,7.4,0,3.72811,-0.0619945,2.50643e-08
13.9,7.5,0,3.73078,-0.0625987,4.4762e-08
13.9,7.6,0,3.7336,-0.0631965,6.28475e-08
13.9,7.7,0,3.73718,-0.063557,6.36244e-08
13.9,7.8,0,3.73961,-0.0633598,5.10457e-08
13.9,7.9,0,3.74204,-0.0631627,3.84669e-08
13.9,8,0,3.74532,-0.0624449,4.56146e-08
13.9,8.1,0,3.74772,-0.0620588,3.53106e-08
13.9,8.2,0,3.75,-0.0617278,2.23807e-08
13.9,8.3,0,3.75262,-0.0611637,1.12742e-09
13.9,8.4,0,3.75519,-0.0604106,-1.59689e-09
13.9,8.5,0,3.75729,-0.0597756,2.05811e-08
13.9,8.6,0,3.75944,-0.0591026,4.27248e-08
13.9,8.7,0,3.76208,-0.0579314,5.55345e-08
13.9,8.8,0,3.76399,-0.0570894,3.31054e-08
13.9,8.9,0,3.7659,-0.0562473,1.06763e-08
13.9,9,0,3.76819,-0.0549484,4.0552e-09
13.9,9.1,0,3.77002,-0.0538662,1.18898e-08
13.9,9.2,0,3.77174,-0.0528548,2.1144e-08
13.9,9.3,0,3.77361,-0.0516198,2.16562e-08
13.9,9.4,0,3.77545,-0.0502291,1.61527e-08
13.9,9.5,0,3.77697,-0.049078,2.00784e-08
13.9,9.6,0,3.77849,-0.04792,2.41141e-08
13.9,9.7,0,3.78027,-0.0462412,3.43196e-08
13.9,9.8,0,3.7816,-0.044981,2.55816e-08
13.9,9.9,0,3.78293,-0.0437207,1.68435e-08
13.9,10,0,3.78443,-0.0420838,1.44927e-08
13.9,10.1,0,3.78567,-0.0406405,2.8589e-08
13.9,10.2,0,3.78682,-0.0392938,4.59796e-08
13.9,10.3,0,3.78803,-0.0377797,5.52123e-08
13.9,10.4,0,3.7892,-0.0361071,4.55947e-08
13.9,10.5,0,3.79018,-0.0346937,3.49839e-08
13.9,10.6,0,3.79116,-0.0332802,2.43731e-08
13.9,10.7,0,3.79223,-0.0314265,3.47115e-08
13.9,10.8,0,3.79304,-0.0299617,3.19287e-08
13.9,10.9,0,3.79385,-0.0284969,2.91458e-08
13.9,11,0,3.79472,-0.0267416,2.06735e-08
13.9,11.1,0,3.79543,-0.0251286,2.00048e-08
13.9,11.2,0,3.79607,-0.0236246,2.31425e-08
13.9,11.3,0,3.79673,-0.0220031,2.66122e-08
13.9,11.4,0,3.79731,-0.0202189,2.51657e-08
13.9,11.5,0,3.79767,-0.0186886,1.49377e-08
13.9,11.6,0,3.79804,-0.0171583,4.70973e-09
13.9,11.7,0,3.79825,-0.0152583,1.62657e-08
13.9,11.8,0,3.7948,-0.0136998,1.3381e-08
13.9,11.9,0,3.79135,-0.0121414,1.04963e-08
13.9,12,0,3.78788,-0.01035,-2.23991e-09
13.9,12.1,0,3.72934,-0.00871342,-7.01937e-09
13.9,12.2,0,3.64721,-0.00722115,-5.09064e-09
13.9,12.3,0,3.56497,-0.00564488,-2.14224e-09
13.9,12.4,0,3.14475,-0.00398798,2.90183e-09
13.9,12.5,0,2.09765,-0.00276315,4.77496e-09
13.9,12.6,0,1.05054,-0.00153832,6.6481e-09
13.9,12.7,0,0,0,0
14,0,0,-7.10488e-32,-1.97044e-35,-1.18896e-36
14,0.1,0,1.31722,0.000925623,5.315e-09
14,0.2,0,2.63445,0.00185125,1.063e-08
14,0.3,0,3.3844,0.00330016,1.35199e-08
14,0.4,0,3.56341,0.00488487,1.74204e-08
14,0.5,0,3.74311,0.00673982,1.77857e-08
14,0.6,0,3.75689,0.00851871,2.30702e-08
14,0.7,0,3.77068,0.0102976,2.83547e-08
14,0.8,0,3.7778,0.0123466,2.88704e-08
14,0.9,0,3.778,0.0140795,2.90384e-08
14,1,0,3.77815,0.0161044,3.10582e-08
14,1.1,0,3.77736,0.0177841,3.73767e-08
14,1.2,0,3.77657,0.0194639,4.36952e-08
14,1.3,0,3.77557,0.0213977,4.13871e-08
14,1.4,0,3.77455,0.0229973,4.01621e-08
14,1.5,0,3.7734,0.0248922,4.32961e-08
14,1.6,0,3.77217,0.0263953,4.21071e-08
14,1.7,0,3.77094,0.0278985,4.09181e-08
14,1.8,0,3.76946,0.0296397,4.22498e-08
14,1.9,0,3.76803,0.0310267,4.41493e-08
14,2,0,3.76642,0.0327101,4.52864e-08
14,2.1,0,3.76479,0.0339591,4.61349e-08
14,2.2,0,3.76316,0.035208,4.69834e-08
14,2.3,0,3.76123,0.0366712,4.98934e-08
14,2.4,0,3.75941,0.0377591,5.24959e-08
14,2.5,0,3.75734,0.0391383,5.26796e-08
14,2.6,0,3.75533,0.0400373,4.86691e-08
14,2.7,0,3.75332,0.0409363,4.46586e-08
14,2.8,0,3.75093,0.0420101,4.45045e-08
14,2.9,0,3.74875,0.0426941,4.1467e-08
14,3,0,3.74623,0.0436522,3.87304e-08
14,3.1,0,3.74388,0.0440943,3.70114e-08
14,3.2,0,3.74153,0.0445363,3.52924e-08
14,3.3,0,3.7387,0.0450654,3.46261e-08
14,3.4,0,3.7362,0.0451777,2.76491e-08
14,3.5,0,3.73326,0.0455067,2.17943e-08
14,3.6,0,3.73064,0.0454484,2.19353e-08
14,3.7,0,3.72803,0.0453902,2.20763e-08
14,3.8,0,3.72478,0.0452121,2.01928e-08
14,3.9,0,3.72196,0.044428,1.96498e-08
14,4,0,3.71851,0.0436789,1.90102e-08
14,4.1,0,3.71597,0.0430563,1.77612e-08
14,4.2,0,3.71343,0.0424336,1.65122e-08
14,4.3,0,3.70972,0.0414827,1.81812e-08
14,4.4,0,3.70582,0.0397505,2.34332e-08
14,4.5,0,3.70034,0.0379239,2.92179e-08
14,4.6,0,3.7009,0.0355691,3.18829e-08
14,4.7,0,3.70146,0.0332143,3.45479e-08
14,4.8,0,3.70219,0.0313465,3.10908e-08
14,4.9,0,3.70037,0.0308883,1.99724e-08
14,5,0,3.69904,0.0307617,6.18628e-09
14,5.1,0,3.6737,0.0286548,-5.02964e-08
14,5.2,0,3.65429,0.0224726,-7.18464e-08
14,5.3,0,3.64018,0.0138102,-6.64821e-08
14,5.4,0,3.63297,0.00324198,-5.16786e-08
14,5.5,0,3.63094,-0.00806993,-4.35536e-08
14,5.6,0,3.63284,-0.0194122,-4.47679e-08
14,5.7,0,3.63951,-0.0300855,-4.45e-08
14,5.8,0,3.65261,-0.0390107,-2.99857e-08
14,5.9,0,3.67164,-0.0459836,3.91429e-09
14,6,0,3.70451,-0.0468196,5.50101e-08
14,6.1,0,3.70642,-0.046344,4.62702e-08
14,6.2,0,3.70833,-0.0458683,3.75304e-08
14,6.3,0,3.71022,-0.0451065,2.93942e-08
14,6.4,0,3.71006,-0.0455642,2.54659e-08
14,6.5,0,3.70887,-0.0477231,2.16002e-08
14,6.6,0,3.70767,-0.049882,1.77345e-08
14,6.7,0,3.70536,-0.0524335,7.3928e-09
14,6.8,0,3.70908,-0.0541512,1.00771e-08
14,6.9,0,3.71281,-0.0558688,1.27615e-08
14,7,0,3.71811,-0.0578397,2.38178e-08
14,7.1,0,3.72074,-0.0582448,2.23552e-08
14,7.2,0,3.72313,-0.0585497,1.96463e-08
14,7.3,0,3.72561,-0.0587921,1.64706e-08
14,7.4,0,3.72868,-0.0589586,2.48295e-08
14,7.5,0,3.73135,-0.0595628,4.45273e-08
14,7.6,0,3.73402,-0.0601671,6.42251e-08
14,7.7,0,3.73725,-0.0605433,6.89292e-08
14,7.8,0,3.73968,-0.0603461,5.63505e-08
14,7.9,0,3.74211,-0.0601489,4.37718e-08
14,8,0,3.74496,-0.0596929,4.10007e-08
14,8.1,0,3.74736,-0.0593069,3.06967e-08
14,8.2,0,3.74964,-0.0589758,1.77669e-08
14,8.3,0,3.75194,-0.0586286,4.25899e-09
14,8.4,0,3.75451,-0.0578755,1.53468e-09
14,8.5,0,3.75661,-0.0572404,2.37127e-08
14,8.6,0,3.75872,-0.0566054,4.58906e-08
14,8.7,0,3.76112,-0.0556331,5.88799e-08
14,8.8,0,3.76303,-0.054791,3.64508e-08
14,8.9,0,3.76494,-0.053949,1.40217e-08
14,9,0,3.76703,-0.0528959,-1.10651e-09
14,9.1,0,3.76886,-0.0518136,6.72813e-09
14,9.2,0,3.77057,-0.0508023,1.59822e-08
14,9.3,0,3.77229,-0.0497909,2.52363e-08
14,9.4,0,3.77412,-0.0484135,2.02511e-08
14,9.5,0,3.77564,-0.0472624,2.41768e-08
14,9.6,0,3.77716,-0.0461113,2.81026e-08
14,9.7,0,3.77881,-0.0446559,3.47339e-08
14,9.8,0,3.78014,-0.0433957,2.59959e-08
14,9.9,0,3.78148,-0.0421354,1.72578e-08
14,10,0,3.78288,-0.0407165,1.12098e-08
14,10.1,0,3.78412,-0.0392732,2.53061e-08
14,10.2,0,3.78527,-0.0379266,4.26968e-08
14,10.3,0,3.78642,-0.0365799,6.00875e-08
14,10.4,0,3.78758,-0.0349458,5.2341e-08
14,10.5,0,3.78856,-0.0335323,4.17302e-08
14,10.6,0,3.78953,-0.0321189,3.11194e-08
14,10.7,0,3.79056,-0.0304586,3.24949e-08
14,10.8,0,3.79137,-0.0289938,2.97121e-08
14,10.9,0,3.79217,-0.027529,2.69293e-08
14,11,0,3.793,-0.0259556,2.20195e-08
14,11.1,0,3.79371,-0.0243426,2.13508e-08
14,11.2,0,3.79436,-0.0228386,2.44885e-08
14,11.3,0,3.795,-0.0213346,2.76261e-08
14,11.4,0,3.79557,-0.019605,2.60254e-08
14,11.5,0,3.79593,-0.0180747,1.57974e-08
14,11.6,0,3.79629,-0.0165444,5.56944e-09
14,11.7,0,3.79649,-0.0148081,7.60684e-09
14,11.8,0,3.79304,-0.0132496,4.72213e-09
14,11.9,0,3.7896,-0.0116911,1.83743e-09
14,12,0,3.78614,-0.0100586,-4.1807e-09
14,12.1,0,3.7276,-0.00842199,-8.96016e-09
14,12.2,0,3.64547,-0.00692972,-7.03142e-09
14,12.3,0,3.56335,-0.00543744,-5.10269e-09
14,12.4,0,3.14322,-0.00384865,-8.85385e-10
14,12.5,0,2.09612,-0.00262382,9.87749e-10
14,12.6,0,1.04901,-0.00139899,2.86088e-09
14,12.7,0,0,0,0
14.1,0,0,-7.10488e-32,-1.97044e-35,-1.18896e-36
14.1,0.1,0,1.31722,0.000925623,5.315e-09
14.1,0.2,0,2.63445,0.00185125,1.063e-08
14.1,0.3,0,3.38293,0.00314516,1.48942e-08
14.1,0.4,0,3.56195,0.00472988,1.87947e-08
14.1,0.5,0,3.74109,0.00636864,2.19881e-08
14.1,0.6,0,3.75488,0.00814753,2.72726e-08
14.1,0.7,0,3.76866,0.00992642,3.25571e-08
14.1,0.8,0,3.77568,0.0117409,3.48413e-08
14.1,0.9,0,3.77588,0.0134738,3.50093e-08
14.1,1,0,3.77607,0.0152651,3.55476e-08
14.1,1.1,0,3.77528,0.0169449,4.18661e-08
14.1,1.2,0,3.77449,0.0186247,4.81846e-08
14.1,1.3,0,3.77357,0.0203232,4.97604e-08
14.1,1.4,0,3.77254,0.0219229,4.85354e-08
14.1,1.5,0,3.77149,0.0235816,4.81822e-08
14.1,1.6,0,3.77025,0.0250847,4.69932e-08
14.1,1.7,0,3.76902,0.0265879,4.58042e-08
14.1,1.8,0,3.76766,0.0280922,4.63548e-08
14.1,1.9,0,3.76623,0.0294792,4.82543e-08
14.1,2,0,3.76476,0.0309254,5.00013e-08
14.1,2.1,0,3.76313,0.0321744,5.08498e-08
14.1,2.2,0,3.76151,0.0334234,5.16983e-08
14.1,2.3,0,3.75974,0.0346508,5.36607e-08
14.1,2.4,0,3.75792,0.0357387,5.62632e-08
14.1,2.5,0,3.75605,0.0368848,5.83819e-08
14.1,2.6,0,3.75404,0.0377838,5.43714e-08
14.1,2.7,0,3.75204,0.0386828,5.03609e-08
14.1,2.8,0,3.74988,0.0395308,4.75109e-08
14.1,2.9,0,3.7477,0.0402148,4.44734e-08
14.1,3,0,3.74545,0.0409536,4.14961e-08
14.1,3.1,0,3.7431,0.0413956,3.97771e-08
14.1,3.2,0,3.74075,0.0418377,3.80581e-08
14.1,3.3,0,3.73824,0.0421652,3.44464e-08
14.1,3.4,0,3.73575,0.0422775,2.74694e-08
14.1,3.5,0,3.73316,0.0424331,2.07169e-08
14.1,3.6,0,3.73055,0.0423748,2.08579e-08
14.1,3.7,0,3.72793,0.0423166,2.09989e-08
14.1,3.8,0,3.72511,0.041944,2.04614e-08
14.1,3.9,0,3.72229,0.0411599,1.99184e-08
14.1,4,0,3.71934,0.0403828,1.9356e-08
14.1,4.1,0,3.7168,0.0397601,1.8107e-08
14.1,4.2,0,3.71426,0.0391374,1.6858e-08
14.1,4.3,0,3.71094,0.0380053,1.8793e-08
14.1,4.4,0,3.70704,0.0362731,2.4045e-08
14.1,4.5,0,3.70283,0.0345221,2.94036e-08
14.1,4.6,0,3.70339,0.0321673,3.20686e-08
14.1,4.7,0,3.70395,0.0298125,3.47336e-08
14.1,4.8,0,3.70359,0.0283137,3.06608e-08
14.1,4.9,0,3.70178,0.0278556,1.95424e-08
14.1,5,0,3.70005,0.0274637,7.89044e-09
14.1,5.1,0,3.67816,0.0251623,-4.58693e-08
14.1,5.2,0,3.66209,0.0193539,-6.59093e-08
14.1,5.3,0,3.6507,0.0114884,-5.99964e-08
14.1,5.4,0,3.64495,0.00206152,-4.55357e-08
14.1,5.5,0,3.64335,-0.00796215,-3.74107e-08
14.1,5.6,0,3.64492,-0.0180085,-3.81536e-08
14.1,5.7,0,3.65032,-0.0275127,-3.82e-08
14.1,5.8,0,3.66096,-0.0355732,-2.57671e-08
14.1,5.9,0,3.67669,-0.0420386,5.65286e-09
14.1,6,0,3.70483,-0.0432732,5.50248e-08
14.1,6.1,0,3.70674,-0.0427975,4.6285e-08
14.1,6.2,0,3.70865,-0.0423219,3.75451e-08
14.1,6.3,0,3.71057,-0.0418463,2.88053e-08
14.1,6.4,0,3.71044,-0.04287,2.3683e-08
14.1,6.5,0,3.70925,-0.0450289,1.98174e-08
14.1,6.6,0,3.70806,-0.0471879,1.59517e-08
14.1,6.7,0,3.70782,-0.0493194,1.23628e-08
14.1,6.8,0,3.71155,-0.051037,1.50471e-08
14.1,6.9,0,3.71527,-0.0527547,1.77315e-08
14.1,7,0,3.71916,-0.0544994,2.13088e-08
14.1,7.1,0,3.7218,-0.0549044,1.98462e-08
14.1,7.2,0,3.72418,-0.0552094,1.71373e-08
14.1,7.3,0,3.72657,-0.0555143,1.44283e-08
14.1,7.4,0,3.72925,-0.0559227,2.45948e-08
14.1,7.5,0,3.73192,-0.0565269,4.42926e-08
14.1,7.6,0,3.73459,-0.0571312,6.39904e-08
14.1,7.7,0,3.73732,-0.0575295,7.42341e-08
14.1,7.8,0,3.73975,-0.0573324,6.16554e-08
14.1,7.9,0,3.74218,-0.0571352,4.90766e-08
14.1,8,0,3.74461,-0.0569381,3.64979e-08
14.1,8.1,0,3.74701,-0.0565549,2.60828e-08
14.1,8.2,0,3.74929,-0.0562238,1.3153e-08
14.1,8.3,0,3.75156,-0.0558928,2.23147e-10
14.1,8.4,0,3.75383,-0.0553403,4.66625e-09
14.1,8.5,0,3.75593,-0.0547053,2.68442e-08
14.1,8.6,0,3.75804,-0.0540703,4.90222e-08
14.1,8.7,0,3.76017,-0.0533347,6.22253e-08
14.1,8.8,0,3.76208,-0.0524926,3.97962e-08
14.1,8.9,0,3.76399,-0.0516506,1.73671e-08
14.1,9,0,3.76589,-0.0508085,-5.06199e-09
14.1,9.1,0,3.76769,-0.0497611,1.56642e-09
14.1,9.2,0,3.76941,-0.0487498,1.08205e-08
14.1,9.3,0,3.77113,-0.0477384,2.00746e-08
14.1,9.4,0,3.77279,-0.0465979,2.43495e-08
14.1,9.5,0,3.77431,-0.0454468,2.82753e-08
14.1,9.6,0,3.77583,-0.0442957,3.2201e-08
14.1,9.7,0,3.77735,-0.0430706,3.51482e-08
14.1,9.8,0,3.77869,-0.0418104,2.64102e-08
14.1,9.9,0,3.78002,-0.0405501,1.76721e-08
14.1,10,0,3.78135,-0.0392899,8.93404e-09
14.1,10.1,0,3.78257,-0.037906,2.20233e-08
14.1,10.2,0,3.78372,-0.0365593,3.94139e-08
14.1,10.3,0,3.78487,-0.0352127,5.68046e-08
14.1,10.4,0,3.78596,-0.0337845,5.90873e-08
14.1,10.5,0,3.78693,-0.032371,4.84765e-08
14.1,10.6,0,3.78791,-0.0309576,3.78657e-08
14.1,10.7,0,3.78888,-0.0294907,3.02784e-08
14.1,10.8,0,3.78969,-0.0280259,2.74955e-08
14.1,10.9,0,3.7905,-0.0265611,2.47127e-08
14.1,11,0,3.79131,-0.0250964,2.19299e-08
14.1,11.1,0,3.792,-0.0235567,2.26968e-08
14.1,11.2,0,3.79264,-0.0220527,2.58345e-08
14.1,11.3,0,3.79329,-0.0205487,2.89721e-08
14.1,11.4,0,3.79382,-0.0189911,2.68851e-08
14.1,11.5,0,3.79419,-0.0174608,1.66571e-08
14.1,11.6,0,3.79455,-0.0159305,6.42916e-09
14.1,11.7,0,3.79473,-0.0143579,-1.05202e-09
14.1,11.8,0,3.79128,-0.0127994,-3.93672e-09
14.1,11.9,0,3.78784,-0.0112409,-6.82142e-09
14.1,12,0,3.78439,-0.0096824,-9.70613e-09
14.1,12.1,0,3.72586,-0.00813056,-1.09009e-08
14.1,12.2,0,3.64374,-0.00663828,-8.97221e-09
14.1,12.3,0,3.56161,-0.00514601,-7.04348e-09
14.1,12.4,0,3.14169,-0.00370932,-4.6726e-09
14.1,12.5,0,2.09459,-0.00248449,-2.79947e-09
14.1,12.6,0,1.04749,-0.00125966,-9.26331e-10
14.1,12.7,0,0,0,0
14.2,0,0,0,0,0
14.2,0.1,0,1.31653,0.000848008,3.17321e-09
14.2,0.2,0,2.63375,0.00177363,8.48821e-09
14.2,0.3,0,3.38157,0.00290988,1.2609e-08
14.2,0.4,0,3.56058,0.0044946,1.65095e-08
14.2,0.5,0,3.7396,0.00607932,2.041e-08
14.2,0.6,0,3.75333,0.00772706,2.44921e-08
14.2,0.7,0,3.76711,0.00950595,2.97766e-08
14.2,0.8,0,3.77413,0.0111326,3.18665e-08
14.2,0.9,0,3.77433,0.0128655,3.20345e-08
14.2,1,0,3.77453,0.0145984,3.22025e-08
14.2,1.1,0,3.77379,0.0161503,3.7824e-08
14.2,1.2,0,3.773,0.0178301,4.41425e-08
14.2,1.3,0,3.77216,0.0193445,4.56219e-08
14.2,1.4,0,3.77113,0.0209442,4.43969e-08
14.2,1.5,0,3.7701,0.0225439,4.31719e-08
14.2,1.6,0,3.76895,0.0239249,4.26608e-08
14.2,1.7,0,3.76771,0.025428,4.14718e-08
14.2,1.8,0,3.76647,0.0267549,4.14109e-08
14.2,1.9,0,3.76504,0.0281419,4.33104e-08
14.2,2,0,3.76361,0.0295289,4.52099e-08
14.2,2.1,0,3.76209,0.0306649,4.56267e-08
14.2,2.2,0,3.76046,0.0319139,4.64752e-08
14.2,2.3,0,3.75886,0.0329758,4.74179e-08
14.2,2.4,0,3.75704,0.0340637,5.00204e-08
14.2,2.5,0,3.75522,0.0351516,5.26229e-08
14.2,2.6,0,3.75335,0.0359526,4.74391e-08
14.2,2.7,0,3.75135,0.0368516,4.34286e-08
14.2,2.8,0,3.74941,0.0375551,4.04758e-08
14.2,2.9,0,3.74723,0.0382391,3.74383e-08
14.2,3,0,3.74504,0.0389231,3.44008e-08
14.2,3.1,0,3.74287,0.0392898,3.21085e-08
14.2,3.2,0,3.74052,0.0397318,3.03895e-08
14.2,3.3,0,3.73829,0.039956,2.83588e-08
14.2,3.4,0,3.73579,0.0400682,2.13817e-08
14.2,3.5,0,3.73329,0.0401805,1.44047e-08
14.2,3.6,0,3.73089,0.0400685,1.59701e-08
14.2,3.7,0,3.72827,0.0400103,1.61111e-08
14.2,3.8,0,3.7258,0.0396108,1.68606e-08
14.2,3.9,0,3.72298,0.0388267,1.63176e-08
14.2,4,0,3.72016,0.0380426,1.57746e-08
14.2,4.1,0,3.71783,0.0373932,1.60499e-08
14.2,4.2,0,3.71529,0.0367705,1.48009e-08
14.2,4.3,0,3.71249,0.0356913,1.62762e-08
14.2,4.4,0,3.7086,0.0339592,2.15282e-08
14.2,4.5,0,3.7047,0.032227,2.67802e-08
14.2,4.6,0,3.70503,0.0300447,2.95374e-08
14.2,4.7,0,3.70559,0.0276899,3.22024e-08
14.2,4.8,0,3.70508,0.0261963,3.17768e-08
14.2,4.9,0,3.70327,0.0257381,2.06584e-08
14.2,5,0,3.70145,0.02528,9.54002e-09
14.2,5.1,0,3.68159,0.0229356,-3.80007e-08
14.2,5.2,0,3.66726,0.0174391,-5.59446e-08
14.2,5.3,0,3.6572,0.0101072,-5.06329e-08
14.2,5.4,0,3.65214,0.0013873,-3.76829e-08
14.2,5.5,0,3.65075,-0.00785835,-3.02821e-08
14.2,5.6,0,3.65215,-0.0171233,-3.06371e-08
14.2,5.7,0,3.65693,-0.0259081,-3.0295e-08
14.2,5.8,0,3.66636,-0.0334059,-1.90211e-08
14.2,5.9,0,3.6804,-0.0394873,8.97071e-09
14.2,6,0,3.70585,-0.0408841,5.15676e-08
14.2,6.1,0,3.70756,-0.0406921,4.27681e-08
14.2,6.2,0,3.70947,-0.0402165,3.40283e-08
14.2,6.3,0,3.71138,-0.0397408,2.52884e-08
14.2,6.4,0,3.71174,-0.0407753,2.356e-08
14.2,6.5,0,3.71054,-0.0429342,1.96944e-08
14.2,6.6,0,3.70935,-0.0450931,1.58287e-08
14.2,6.7,0,3.70913,-0.0469682,7.46687e-09
14.2,6.8,0,3.71286,-0.0486858,1.01512e-08
14.2,6.9,0,3.71658,-0.0504035,1.28355e-08
14.2,7,0,3.72031,-0.0521212,1.55199e-08
14.2,7.1,0,3.72253,-0.0525656,1.74602e-08
14.2,7.2,0,3.72491,-0.0528705,1.47513e-08
14.2,7.3,0,3.7273,-0.0531754,1.20423e-08
14.2,7.4,0,3.72959,-0.0536334,1.77412e-08
14.2,7.5,0,3.73227,-0.0542377,3.7439e-08
14.2,7.6,0,3.73494,-0.0548419,5.71367e-08
14.2,7.7,0,3.73736,-0.0553183,6.60629e-08
14.2,7.8,0,3.73976,-0.0551319,5.30827e-08
14.2,7.9,0,3.74219,-0.0549347,4.0504e-08
14.2,8,0,3.74461,-0.0547376,2.79252e-08
14.2,8.1,0,3.74672,-0.0544926,2.72767e-08
14.2,8.2,0,3.74899,-0.0541615,1.43468e-08
14.2,8.3,0,3.75127,-0.0538305,1.41697e-09
14.2,8.4,0,3.75329,-0.0534278,-4.8865e-09
14.2,8.5,0,3.75539,-0.0527928,1.72915e-08
14.2,8.6,0,3.7575,-0.0521578,3.94695e-08
14.2,8.7,0,3.75946,-0.0515547,5.78152e-08
14.2,8.8,0,3.76133,-0.0507445,3.76035e-08
14.2,8.9,0,3.76324,-0.0499025,1.51744e-08
14.2,9,0,3.76515,-0.0490604,-7.25467e-09
14.2,9.1,0,3.76677,-0.0481849,-9.43725e-10
14.2,9.2,0,3.76849,-0.0471735,8.31038e-09
14.2,9.3,0,3.77021,-0.0461622,1.75645e-08
14.2,9.4,0,3.77173,-0.0451945,1.60542e-08
14.2,9.5,0,3.77325,-0.0440434,1.99799e-08
14.2,9.6,0,3.77477,-0.0428922,2.39057e-08
14.2,9.7,0,3.77622,-0.0417843,2.9991e-08
14.2,9.8,0,3.77752,-0.0405786,2.49641e-08
14.2,9.9,0,3.77885,-0.0393183,1.62261e-08
14.2,10,0,3.78018,-0.0380581,7.488e-09
14.2,10.1,0,3.78131,-0.0368419,1.50645e-08
14.2,10.2,0,3.78246,-0.0354953,3.24552e-08
14.2,10.3,0,3.78361,-0.0341486,4.98459e-08
14.2,10.4,0,3.78463,-0.0328833,5.33725e-08
14.2,10.5,0,3.78561,-0.0314699,4.27616e-08
14.2,10.6,0,3.78658,-0.0300564,3.21508e-08
14.2,10.7,0,3.78753,-0.0286759,2.50748e-08
14.2,10.8,0,3.78831,-0.0272823,2.74422e-08
14.2,10.9,0,3.78912,-0.0258175,2.46593e-08
14.2,11,0,3.78992,-0.0243528,2.18765e-08
14.2,11.1,0,3.79058,-0.0229655,1.52601e-08
14.2,11.2,0,3.79122,-0.0214615,1.83977e-08
14.2,11.3,0,3.79186,-0.0199575,2.15354e-08
14.2,11.4,0,3.79237,-0.0185478,2.44437e-08
14.2,11.5,0,3.79274,-0.0170175,1.42158e-08
14.2,11.6,0,3.7931,-0.0154872,3.98778e-09
14.2,11.7,0,3.79328,-0.0139736,-5.10511e-09
14.2,11.8,0,3.78984,-0.0125009,-4.34764e-09
14.2,11.9,0,3.78639,-0.0109424,-7.23234e-09
14.2,12,0,3.78295,-0.00938388,-1.0117e-08
14.2,12.1,0,3.72455,-0.00797112,-1.47828e-08
14.2,12.2,0,3.64243,-0.00647885,-1.2854e-08
14.2,12.3,0,3.5603,-0.00498657,-1.09253e-08
14.2,12.4,0,3.14131,-0.00367449,-5.6194e-09
14.2,12.5,0,2.09421,-0.00244966,-3.74627e-09
14.2,12.6,0,1.0471,-0.00122483,-1.87313e-09
14.2,12.7,0,0,0,0
14.3,0,0,0,0,0
14.3,0.1,0,1.31559,0.000744521,3.175e-10
14.3,0.2,0,2.63282,0.00167014,5.6325e-09
14.3,0.3,0,3.38025,0.00264784,9.104e-09
14.3,0.4,0,3.55926,0.00423256,1.30045e-08
14.3,0.5,0,3.73827,0.00581727,1.6905e-08
14.3,0.6,0,3.75193,0.00729016,1.9384e-08
14.3,0.7,0,3.76571,0.00906905,2.46685e-08
14.3,0.8,0,3.77277,0.0105234,2.59097e-08
14.3,0.9,0,3.77297,0.0122563,2.60777e-08
14.3,1,0,3.77317,0.0139892,2.62457e-08
14.3,1.1,0,3.7725,0.0153706,3.0938e-08
14.3,1.2,0,3.77171,0.0170504,3.72565e-08
14.3,1.3,0,3.77095,0.0183978,3.73128e-08
14.3,1.4,0,3.76992,0.0199974,3.60878e-08
14.3,1.5,0,3.76889,0.0215971,3.48628e-08
14.3,1.6,0,3.76784,0.0228152,3.52555e-08
14.3,1.7,0,3.76661,0.0243184,3.40665e-08
14.3,1.8,0,3.76549,0.0254877,3.34508e-08
14.3,1.9,0,3.76406,0.0268747,3.53503e-08
14.3,2,0,3.76263,0.0282617,3.72498e-08
14.3,2.1,0,3.76125,0.0292471,3.7091e-08
14.3,2.2,0,3.75962,0.030496,3.79395e-08
14.3,2.3,0,3.75818,0.0314159,3.78385e-08
14.3,2.4,0,3.75636,0.0325038,4.0441e-08
14.3,2.5,0,3.75454,0.0335917,4.30435e-08
14.3,2.6,0,3.75286,0.0342621,3.62952e-08
14.3,2.7,0,3.75086,0.0351611,3.22848e-08
14.3,2.8,0,3.74913,0.0357474,3.00935e-08
14.3,2.9,0,3.74695,0.0364313,2.7056e-08
14.3,3,0,3.74476,0.0371153,2.40185e-08
14.3,3.1,0,3.74282,0.0373816,2.09618e-08
14.3,3.2,0,3.74047,0.0378236,1.92428e-08
14.3,3.3,0,3.73849,0.037977,2.03018e-08
14.3,3.4,0,3.736,0.0380893,1.33247e-08
14.3,3.5,0,3.7335,0.0382016,6.34775e-09
14.3,3.6,0,3.73138,0.0380179,9.81225e-09
14.3,3.7,0,3.72876,0.0379597,9.95325e-09
14.3,3.8,0,3.72661,0.0375892,1.197e-08
14.3,3.9,0,3.72379,0.0368051,1.1427e-08
14.3,4,0,3.72097,0.036021,1.0884e-08
14.3,4.1,0,3.71892,0.035336,1.31918e-08
14.3,4.2,0,3.71638,0.0347133,1.19428e-08
14.3,4.3,0,3.71416,0.0337651,1.27165e-08
14.3,4.4,0,3.71026,0.032033,1.79685e-08
14.3,4.5,0,3.70636,0.0303008,2.32205e-08
14.3,4.6,0,3.70638,0.0283485,2.61005e-08
14.3,4.7,0,3.70694,0.0259937,2.87655e-08
14.3,4.8,0,3.70661,0.024384,3.34082e-08
14.3,4.9,0,3.70479,0.0239258,2.22898e-08
14.3,5,0,3.70297,0.0234677,1.11714e-08
14.3,5.1,0,3.68467,0.0211307,-2.8985e-08
14.3,5.2,0,3.67155,0.0159257,-4.46375e-08
14.3,5.3,0,3.66235,0.00903935,-4.031e-08
14.3,5.4,0,3.65773,0.000881837,-2.926e-08
14.3,5.5,0,3.65647,-0.00775587,-2.2825e-08
14.3,5.6,0,3.65776,-0.0164108,-2.282e-08
14.3,5.7,0,3.66214,-0.0246264,-2.1855e-08
14.3,5.8,0,3.67078,-0.0316619,-1.14325e-08
14.3,5.9,0,3.68365,-0.0374007,1.2815e-08
14.3,6,0,3.7071,-0.0388808,4.69531e-08
14.3,6.1,0,3.70853,-0.0390671,3.80741e-08
14.3,6.2,0,3.71044,-0.0385914,2.93343e-08
14.3,6.3,0,3.71235,-0.0381158,2.05944e-08
14.3,6.4,0,3.7133,-0.0388944,2.37226e-08
14.3,6.5,0,3.71214,-0.0410393,2.01246e-08
14.3,6.6,0,3.71094,-0.0431982,1.6259e-08
14.3,6.7,0,3.71071,-0.0450665,7.60785e-09
14.3,6.8,0,3.71379,-0.046589,1.96663e-09
14.3,6.9,0,3.71751,-0.0483066,4.65096e-09
14.3,7,0,3.72124,-0.0500243,7.33528e-09
14.3,7.1,0,3.72315,-0.0505606,1.51152e-08
14.3,7.2,0,3.72554,-0.0508655,1.24063e-08
14.3,7.3,0,3.72792,-0.0511704,9.69733e-09
14.3,7.4,0,3.72993,-0.0515996,9.90901e-09
14.3,7.5,0,3.73254,-0.0521974,2.8379e-08
14.3,7.6,0,3.73521,-0.0528016,4.80768e-08
14.3,7.7,0,3.73763,-0.0532779,5.7003e-08
14.3,7.8,0,3.73974,-0.0532025,3.98842e-08
14.3,7.9,0,3.74217,-0.0530053,2.73055e-08
14.3,8,0,3.7446,-0.0528082,1.47267e-08
14.3,8.1,0,3.74644,-0.0526602,3.04064e-08
14.3,8.2,0,3.74872,-0.0523291,1.74765e-08
14.3,8.3,0,3.751,-0.051998,4.54668e-09
14.3,8.4,0,3.75286,-0.0516829,-1.3367e-08
14.3,8.5,0,3.7549,-0.0510878,3.51063e-09
14.3,8.6,0,3.757,-0.0504528,2.56886e-08
14.3,8.7,0,3.75897,-0.0498497,4.40344e-08
14.3,8.8,0,3.76065,-0.0491799,3.35648e-08
14.3,8.9,0,3.76256,-0.0483378,1.11357e-08
14.3,9,0,3.76447,-0.0474958,-1.12934e-08
14.3,9.1,0,3.76594,-0.0467674,-2.57001e-09
14.3,9.2,0,3.76765,-0.045756,6.68409e-09
14.3,9.3,0,3.76937,-0.0447447,1.59382e-08
14.3,9.4,0,3.77082,-0.0438612,8.42327e-09
14.3,9.5,0,3.77228,-0.0427773,7.55337e-09
14.3,9.6,0,3.7738,-0.0416261,1.14791e-08
14.3,9.7,0,3.77525,-0.0405182,1.75644e-08
14.3,9.8,0,3.77644,-0.0394646,2.2898e-08
14.3,9.9,0,3.77778,-0.0382043,1.41599e-08
14.3,10,0,3.77911,-0.0369441,5.42186e-09
14.3,10.1,0,3.78015,-0.0358789,6.88054e-09
14.3,10.2,0,3.7813,-0.0345323,2.42712e-08
14.3,10.3,0,3.78245,-0.0331856,4.16619e-08
14.3,10.4,0,3.78344,-0.0319835,4.44719e-08
14.3,10.5,0,3.78438,-0.0306554,3.28931e-08
14.3,10.6,0,3.78535,-0.029242,2.22822e-08
14.3,10.7,0,3.7863,-0.0278614,1.52062e-08
14.3,10.8,0,3.78703,-0.0266135,2.81099e-08
14.3,10.9,0,3.78783,-0.0251487,2.5327e-08
14.3,11,0,3.78864,-0.023684,2.25442e-08
14.3,11.1,0,3.78925,-0.0224393,4.89576e-09
14.3,11.2,0,3.7899,-0.0209353,8.03345e-09
14.3,11.3,0,3.79054,-0.0194313,1.11711e-08
14.3,11.4,0,3.79104,-0.0180628,1.60906e-08
14.3,11.5,0,3.79139,-0.016631,1.0674e-08
14.3,11.6,0,3.79175,-0.0151007,4.46036e-10
14.3,11.7,0,3.79192,-0.0135871,-8.64686e-09
14.3,11.8,0,3.7885,-0.0122529,-2.00924e-09
14.3,11.9,0,3.78505,-0.0106944,-4.89394e-09
14.3,12,0,3.7816,-0.00913593,-7.77864e-09
14.3,12.1,0,3.72339,-0.00785568,-1.93116e-08
14.3,12.2,0,3.64126,-0.00636341,-1.73829e-08
14.3,12.3,0,3.55913,-0.00487114,-1.54542e-08
14.3,12.4,0,3.14033,-0.003578,-9.40472e-09
14.3,12.5,0,2.09421,-0.00244966,-3.74627e-09
14.3,12.6,0,1.0471,-0.00122483,-1.87313e-09
14.3,12.7,0,0,0,0
14.4,0,0,0,0,0
14.4,0.1,0,1.31466,0.000641035,-2.53821e-09
14.4,0.2,0,2.63189,0.00156666,2.77679e-09
14.4,0.3,0,3.37931,0.00254435,6.24829e-09
14.4,0.4,0,3.55793,0.00397051,9.4995e-09
14.4,0.5,0,3.73694,0.00555523,1.34e-08
14.4,0.6,0,3.75053,0.00685326,1.42759e-08
14.4,0.7,0,3.76431,0.00863215,1.95604e-08
14.4,0.8,0,3.77137,0.0100865,2.08016e-08
14.4,0.9,0,3.77161,0.011647,2.0121e-08
14.4,1,0,3.77181,0.0133799,2.0289e-08
14.4,1.1,0,3.7712,0.0145909,2.4052e-08
14.4,1.2,0,3.77041,0.0162707,3.03705e-08
14.4,1.3,0,3.76966,0.0176181,3.04268e-08
14.4,1.4,0,3.76871,0.0190507,2.77786e-08
14.4,1.5,0,3.76768,0.0206503,2.65536e-08
14.4,1.6,0,3.76674,0.0217056,2.78502e-08
14.4,1.7,0,3.76551,0.0232087,2.66612e-08
14.4,1.8,0,3.76439,0.0243781,2.60455e-08
14.4,1.9,0,3.76308,0.0256076,2.73901e-08
14.4,2,0,3.76165,0.0269945,2.92896e-08
14.4,2.1,0,3.76041,0.0278292,2.85553e-08
14.4,2.2,0,3.75878,0.0290782,2.94038e-08
14.4,2.3,0,3.75735,0.0299981,2.93028e-08
14.4,2.4,0,3.75569,0.030944,3.08616e-08
14.4,2.5,0,3.75387,0.0320319,3.34641e-08
14.4,2.6,0,3.75237,0.0325715,2.51514e-08
14.4,2.7,0,3.75037,0.0334705,2.11409e-08
14.4,2.8,0,3.74864,0.0340568,1.89496e-08
14.4,2.9,0,3.74666,0.0346236,1.66737e-08
14.4,3,0,3.74448,0.0353076,1.36362e-08
14.4,3.1,0,3.74277,0.0354733,9.81504e-09
14.4,3.2,0,3.74042,0.0359154,8.09604e-09
14.4,3.3,0,3.73845,0.0360688,9.15504e-09
14.4,3.4,0,3.73621,0.0361104,5.26775e-09
14.4,3.5,0,3.73371,0.0362226,-1.70925e-09
14.4,3.6,0,3.73187,0.0359673,3.65439e-09
14.4,3.7,0,3.72925,0.0359091,3.79539e-09
14.4,3.8,0,3.7271,0.0355386,5.81214e-09
14.4,3.9,0,3.7246,0.0347835,6.53643e-09
14.4,4,0,3.72178,0.0339994,5.99343e-09
14.4,4.1,0,3.72001,0.0332787,1.03336e-08
14.4,4.2,0,3.71747,0.032656,9.08461e-09
14.4,4.3,0,3.71525,0.0317079,9.85836e-09
14.4,4.4,0,3.71192,0.0301068,1.44088e-08
14.4,4.5,0,3.70802,0.0283746,1.96608e-08
14.4,4.6,0,3.70774,0.0266524,2.26636e-08
14.4,4.7,0,3.7083,0.0242976,2.53286e-08
14.4,4.8,0,3.70796,0.0226878,2.99714e-08
14.4,4.9,0,3.70631,0.0221135,2.39212e-08
14.4,5,0,3.70449,0.0216554,1.28028e-08
14.4,5.1,0,3.68776,0.0193259,-1.99693e-08
14.4,5.2,0,3.67583,0.0144123,-3.33304e-08
14.4,5.3,0,3.66751,0.00797154,-2.99871e-08
14.4,5.4,0,3.66333,0.000376372,-2.08371e-08
14.4,5.5,0,3.66219,-0.00765339,-1.53679e-08
14.4,5.6,0,3.66337,-0.0156984,-1.50029e-08
14.4,5.7,0,3.66736,-0.0233446,-1.3415e-08
14.4,5.8,0,3.6752,-0.0299179,-3.84393e-09
14.4,5.9,0,3.68691,-0.035314,1.66593e-08
14.4,6,0,3.70834,-0.0368775,4.23386e-08
14.4,6.1,0,3.70955,-0.0373898,3.33911e-08
14.4,6.2,0,3.71142,-0.0369664,2.46403e-08
14.4,6.3,0,3.71333,-0.0364907,1.59004e-08
14.4,6.4,0,3.71427,-0.0372694,1.90286e-08
14.4,6.5,0,3.71373,-0.0391443,2.05549e-08
14.4,6.6,0,3.71254,-0.0413033,1.66893e-08
14.4,6.7,0,3.7123,-0.0431716,8.03814e-09
14.4,6.8,0,3.71472,-0.0444921,-6.21794e-09
14.4,6.9,0,3.71844,-0.0462097,-3.53362e-09
14.4,7,0,3.72217,-0.0479274,-8.49288e-10
14.4,7.1,0,3.72386,-0.0485309,1.12014e-08
14.4,7.2,0,3.72616,-0.0488605,1.00613e-08
14.4,7.3,0,3.72855,-0.0491655,7.35233e-09
14.4,7.4,0,3.73056,-0.0495946,7.56401e-09
14.4,7.5,0,3.73282,-0.050157,1.93191e-08
14.4,7.6,0,3.73549,-0.0507613,3.90169e-08
14.4,7.7,0,3.73791,-0.0512376,4.79431e-08
14.4,7.8,0,3.73972,-0.0512731,2.66857e-08
14.4,7.9,0,3.74215,-0.0510759,1.4107e-08
14.4,8,0,3.74458,-0.0508788,1.52825e-09
14.4,8.1,0,3.74627,-0.0507891,2.7017e-08
14.4,8.2,0,3.74845,-0.0504967,2.06062e-08
14.4,8.3,0,3.75073,-0.0501656,7.6764e-09
14.4,8.4,0,3.75259,-0.0498504,-1.02373e-08
14.4,8.5,0,3.7544,-0.0493828,-1.02702e-08
14.4,8.6,0,3.75651,-0.0487478,1.19078e-08
14.4,8.7,0,3.75848,-0.0481447,3.02535e-08
14.4,8.8,0,3.75997,-0.0476152,2.95261e-08
14.4,8.9,0,3.76188,-0.0467731,7.09701e-09
14.4,9,0,3.76379,-0.0459311,-1.53321e-08
14.4,9.1,0,3.76518,-0.0452719,-5.47452e-09
14.4,9.2,0,3.76681,-0.0443385,5.05781e-09
14.4,9.3,0,3.76853,-0.0433272,1.43119e-08
14.4,9.4,0,3.76998,-0.0424437,6.79699e-09
14.4,9.5,0,3.77131,-0.0415112,-4.8732e-09
14.4,9.6,0,3.77283,-0.0403601,-9.47456e-10
14.4,9.7,0,3.77429,-0.0392522,5.13784e-09
14.4,9.8,0,3.77537,-0.0383506,2.08318e-08
14.4,9.9,0,3.7767,-0.0370904,1.20938e-08
14.4,10,0,3.77804,-0.0358301,3.35572e-09
14.4,10.1,0,3.77904,-0.0348162,2.73706e-09
14.4,10.2,0,3.78014,-0.0335693,1.60872e-08
14.4,10.3,0,3.78129,-0.0322226,3.34779e-08
14.4,10.4,0,3.78228,-0.0310205,3.62879e-08
14.4,10.5,0,3.78315,-0.029841,2.30245e-08
14.4,10.6,0,3.78412,-0.0284275,1.24137e-08
14.4,10.7,0,3.78507,-0.027047,5.33766e-09
14.4,10.8,0,3.78574,-0.0259447,2.87776e-08
14.4,10.9,0,3.78655,-0.0244799,2.59948e-08
14.4,11,0,3.78736,-0.0230152,2.32119e-08
14.4,11.1,0,3.78796,-0.0218003,3.25829e-09
14.4,11.2,0,3.78857,-0.0204091,-2.33083e-09
14.4,11.3,0,3.78921,-0.0189051,8.06852e-10
14.4,11.4,0,3.78972,-0.0175365,5.7263e-09
14.4,11.5,0,3.79003,-0.0162446,7.13228e-09
14.4,11.6,0,3.7904,-0.0147142,-3.09571e-09
14.4,11.7,0,3.79057,-0.0132006,-1.21886e-08
14.4,11.8,0,3.78716,-0.0120039,2.85282e-10
14.4,11.9,0,3.78371,-0.0104465,-2.55554e-09
14.4,12,0,3.78026,-0.00888799,-5.44024e-09
14.4,12.1,0,3.72206,-0.00761812,-1.75113e-08
14.4,12.2,0,3.64009,-0.00624797,-2.19118e-08
14.4,12.3,0,3.55797,-0.0047557,-1.9983e-08
14.4,12.4,0,3.13917,-0.00346256,-1.39336e-08
14.4,12.5,0,2.09421,-0.00244966,-3.74627e-09
14.4,12.6,0,1.0471,-0.00122483,-1.87313e-09
14.4,12.7,0,0,0,0
14.5,0,0,0,0,0
14.5,0.1,0,1.31396,0.00056342,-4.68e-09
14.5,0.2,0,2.63096,0.00146317,-7.89286e-11
14.5,0.3,0,3.37838,0.00244087,3.39257e-09
14.5,0.4,0,3.55661,0.00370847,5.9945e-09
14.5,0.5,0,3.73562,0.00529319,9.895e-09
14.5,0.6,0,3.74915,0.00646007,9.5685e-09
14.5,0.7,0,3.76292,0.00819525,1.44522e-08
14.5,0.8,0,3.76997,0.00964957,1.56935e-08
14.5,0.9,0,3.77025,0.0110378,1.41643e-08
14.5,1,0,3.77045,0.0127707,1.43323e-08
14.5,1.1,0,3.76989,0.0138538,1.73983e-08
14.5,1.2,0,3.76912,0.015491,2.34845e-08
14.5,1.3,0,3.76836,0.0168384,2.35408e-08
14.5,1.4,0,3.7675,0.0181039,1.94695e-08
14.5,1.5,0,3.76648,0.0197036,1.82445e-08
14.5,1.6,0,3.76561,0.0206366,2.0219e-08
14.5,1.7,0,3.7644,0.0220991,1.92559e-08
14.5,1.8,0,3.76328,0.0232685,1.86402e-08
14.5,1.9,0,3.7621,0.0243404,1.943e-08
14.5,2,0,3.76066,0.0257274,2.13295e-08
14.5,2.1,0,3.75954,0.0264491,2.01635e-08
14.5,2.2,0,3.75794,0.0276604,2.08681e-08
14.5,2.3,0,3.75651,0.0285803,2.07671e-08
14.5,2.4,0,3.75501,0.0293841,2.12821e-08
14.5,2.5,0,3.75319,0.030472,2.38846e-08
14.5,2.6,0,3.75184,0.0309137,1.43986e-08
14.5,2.7,0,3.74988,0.03178,9.99704e-09
14.5,2.8,0,3.74815,0.0323663,7.80579e-09
14.5,2.9,0,3.74638,0.0328158,6.29143e-09
14.5,3,0,3.7442,0.0334998,3.25393e-09
14.5,3.1,0,3.74267,0.0335902,-1.14057e-09
14.5,3.2,0,3.74037,0.0340072,-3.05068e-09
14.5,3.3,0,3.7384,0.0341606,-1.99168e-09
14.5,3.4,0,3.73641,0.0341315,-2.78925e-09
14.5,3.5,0,3.73392,0.0342437,-9.76625e-09
14.5,3.6,0,3.73229,0.0339346,-2.97825e-09
14.5,3.7,0,3.72974,0.0338585,-2.36246e-09
14.5,3.8,0,3.72759,0.033488,-3.45714e-10
14.5,3.9,0,3.72541,0.0327619,1.64586e-09
14.5,4,0,3.72259,0.0319778,1.10286e-09
14.5,4.1,0,3.72103,0.0312304,6.96736e-09
14.5,4.2,0,3.71856,0.0305988,6.22646e-09
14.5,4.3,0,3.71634,0.0296507,7.00021e-09
14.5,4.4,0,3.71358,0.0281806,1.08491e-08
14.5,4.5,0,3.70969,0.0264484,1.61011e-08
14.5,4.6,0,3.70917,0.0248987,1.91961e-08
14.5,4.7,0,3.70965,0.0226014,2.18918e-08
14.5,4.8,0,3.70931,0.0209917,2.65345e-08
14.5,4.9,0,3.70783,0.0203012,2.55526e-08
14.5,5,0,3.70601,0.0198431,1.44342e-08
14.5,5.1,0,3.69084,0.017521,-1.09536e-08
14.5,5.2,0,3.68012,0.012899,-2.20232e-08
14.5,5.3,0,3.67266,0.00690373,-1.96643e-08
14.5,5.4,0,3.66892,-0.000129093,-1.24143e-08
14.5,5.5,0,3.66791,-0.00755091,-7.91071e-09
14.5,5.6,0,3.66898,-0.014986,-7.18571e-09
14.5,5.7,0,3.67257,-0.0220628,-4.975e-09
14.5,5.8,0,3.67962,-0.0281739,3.74464e-09
14.5,5.9,0,3.69016,-0.0332274,2.05036e-08
14.5,6,0,3.70959,-0.0348742,3.77241e-08
14.5,6.1,0,3.71079,-0.0353865,2.87766e-08
14.5,6.2,0,3.7124,-0.0353413,1.99463e-08
14.5,6.3,0,3.71431,-0.0348657,1.12064e-08
14.5,6.4,0,3.71525,-0.0356443,1.43346e-08
14.5,6.5,0,3.71532,-0.0372494,2.09852e-08
14.5,6.6,0,3.71413,-0.0394083,1.71195e-08
14.5,6.7,0,3.71389,-0.0412766,8.46842e-09
14.5,6.8,0,3.71588,-0.0424668,-1.13487e-08
14.5,6.9,0,3.71937,-0.0441128,-1.17182e-08
14.5,7,0,3.7231,-0.0458305,-9.03386e-09
14.5,7.1,0,3.72479,-0.0464341,3.01683e-09
14.5,7.2,0,3.72679,-0.0468555,7.71629e-09
14.5,7.3,0,3.72917,-0.0471605,5.00733e-09
14.5,7.4,0,3.73118,-0.0475896,5.21901e-09
14.5,7.5,0,3.73309,-0.0481167,1.02592e-08
14.5,7.6,0,3.73576,-0.0487209,2.99569e-08
14.5,7.7,0,3.73818,-0.0491973,3.88832e-08
14.5,7.8,0,3.73985,-0.0492899,1.54947e-08
14.5,7.9,0,3.74213,-0.0491465,9.08479e-10
14.5,8,0,3.74456,-0.0489494,-1.16703e-08
14.5,8.1,0,3.74626,-0.0488597,1.38185e-08
14.5,8.2,0,3.74818,-0.0486643,2.3736e-08
14.5,8.3,0,3.75046,-0.0483332,1.08061e-08
14.5,8.4,0,3.75232,-0.048018,-7.1076e-09
14.5,8.5,0,3.75391,-0.0476778,-2.40511e-08
14.5,8.6,0,3.75602,-0.0470428,-1.8731e-09
14.5,8.7,0,3.75798,-0.0464397,1.64726e-08
14.5,8.8,0,3.7594,-0.0459641,1.94894e-08
14.5,8.9,0,3.7612,-0.0452084,3.05829e-09
14.5,9,0,3.76311,-0.0443664,-1.93708e-08
14.5,9.1,0,3.7645,-0.0437072,-9.51324e-09
14.5,9.2,0,3.76598,-0.042921,3.43152e-09
14.5,9.3,0,3.76769,-0.0419097,1.26856e-08
14.5,9.4,0,3.76914,-0.0410262,5.1707e-09
14.5,9.5,0,3.77034,-0.0402451,-1.72998e-08
14.5,9.6,0,3.77187,-0.039094,-1.3374e-08
14.5,9.7,0,3.77332,-0.0379861,-7.28873e-09
14.5,9.8,0,3.77437,-0.0371232,1.1034e-08
14.5,9.9,0,3.77563,-0.0359764,1.00276e-08
14.5,10,0,3.77696,-0.0347162,1.28958e-09
14.5,10.1,0,3.77797,-0.0337023,6.7092e-10
14.5,10.2,0,3.77898,-0.0326063,7.90321e-09
14.5,10.3,0,3.78013,-0.0312596,2.52939e-08
14.5,10.4,0,3.78112,-0.0300575,2.81039e-08
14.5,10.5,0,3.78192,-0.0290265,1.31559e-08
14.5,10.6,0,3.78289,-0.0276131,2.5451e-09
14.5,10.7,0,3.78384,-0.0262325,-4.53091e-09
14.5,10.8,0,3.78451,-0.0251482,2.02064e-08
14.5,10.9,0,3.78527,-0.0238111,2.66625e-08
14.5,11,0,3.78607,-0.0223464,2.38796e-08
14.5,11.1,0,3.78668,-0.0211315,3.926e-09
14.5,11.2,0,3.78725,-0.0198829,-1.26951e-08
14.5,11.3,0,3.78789,-0.0183788,-9.55743e-09
14.5,11.4,0,3.78839,-0.0170103,-4.63799e-09
14.5,11.5,0,3.78868,-0.015845,2.9541e-09
14.5,11.6,0,3.78904,-0.0143278,-6.63745e-09
14.5,11.7,0,3.78922,-0.0128142,-1.57303e-08
14.5,11.8,0,3.7858,-0.0116175,-3.25646e-09
14.5,11.9,0,3.78237,-0.0101985,-2.17138e-10
14.5,12,0,3.77892,-0.00864004,-3.10184e-09
14.5,12.1,0,3.72072,-0.00737017,-1.51729e-08
14.5,12.2,0,3.63893,-0.00613253,-2.64406e-08
14.5,12.3,0,3.5568,-0.00464026,-2.45119e-08
14.5,12.4,0,3.138,-0.00334712,-1.84624e-08
14.5,12.5,0,2.09394,-0.00242381,-4.76019e-09
14.5,12.6,0,1.0471,-0.00122483,-1.87313e-09
14.5,12.7,0,0,0,0
14.6,0,0,0,0,0
14.6,0.1,0,1.31396,0.00056342,-4.68e-09
14.6,0.2,0,2.63002,0.00135968,-2.93464e-09
14.6,0.3,0,3.37745,0.00233738,5.36857e-10
14.6,0.4,0,3.55528,0.00344643,2.4895e-09
14.6,0.5,0,3.73429,0.00503114,6.39e-09
14.6,0.6,0,3.74782,0.00619803,6.0635e-09
14.6,0.7,0,3.76152,0.00775834,9.34407e-09
14.6,0.8,0,3.76857,0.00921266,1.05853e-08
14.6,0.9,0,3.76889,0.0104286,8.20761e-09
14.6,1,0,3.76909,0.0121615,8.37561e-09
14.6,1.1,0,3.76853,0.0132446,1.14416e-08
14.6,1.2,0,3.76783,0.0147113,1.65985e-08
14.6,1.3,0,3.76707,0.0160587,1.66548e-08
14.6,1.4,0,3.7663,0.0171571,1.11603e-08
14.6,1.5,0,3.76527,0.0187568,9.93532e-09
14.6,1.6,0,3.7644,0.0196899,1.19098e-08
14.6,1.7,0,3.7633,0.0209894,1.18506e-08
14.6,1.8,0,3.76218,0.0221588,1.12349e-08
14.6,1.9,0,3.76111,0.0230732,1.14698e-08
14.6,2,0,3.75968,0.0244602,1.33693e-08
14.6,2.1,0,3.75855,0.0251819,1.22033e-08
14.6,2.2,0,3.7571,0.0262426,1.23324e-08
14.6,2.3,0,3.75567,0.0271625,1.22314e-08
14.6,2.4,0,3.75434,0.0278243,1.17027e-08
14.6,2.5,0,3.75252,0.0289122,1.43052e-08
14.6,2.6,0,3.75116,0.0293538,4.81921e-09
14.6,2.7,0,3.74939,0.0300895,-1.14682e-09
14.6,2.8,0,3.74766,0.0306758,-3.33807e-09
14.6,2.9,0,3.7461,0.031008,-4.09086e-09
14.6,3,0,3.74392,0.031692,-7.12836e-09
14.6,3.1,0,3.74238,0.0317825,-1.15229e-08
14.6,3.2,0,3.74033,0.0320989,-1.41974e-08
14.6,3.3,0,3.73835,0.0322524,-1.31384e-08
14.6,3.4,0,3.73662,0.0321525,-1.08462e-08
14.6,3.5,0,3.73413,0.0322648,-1.78233e-08
14.6,3.6,0,3.73249,0.0319557,-1.10353e-08
14.6,3.7,0,3.73023,0.0318079,-8.52032e-09
14.6,3.8,0,3.72808,0.0314374,-6.50357e-09
14.6,3.9,0,3.72622,0.0307403,-3.24471e-09
14.6,4,0,3.7234,0.0299561,-3.78771e-09
14.6,4.1,0,3.72184,0.0292088,2.07679e-09
14.6,4.2,0,3.71965,0.0285416,3.36832e-09
14.6,4.3,0,3.71743,0.0275935,4.14207e-09
14.6,4.4,0,3.71524,0.0262544,7.28936e-09
14.6,4.5,0,3.71135,0.0245222,1.25414e-08
14.6,4.6,0,3.71083,0.0229725,1.56364e-08
14.6,4.7,0,3.711,0.0209052,1.84549e-08
14.6,4.8,0,3.71067,0.0192955,2.30977e-08
14.6,4.9,0,3.70935,0.0184889,2.7184e-08
14.6,5,0,3.70754,0.0180308,1.60656e-08
14.6,5.1,0,3.69392,0.0157162,-1.93786e-09
14.6,5.2,0,3.6844,0.0113856,-1.07161e-08
14.6,5.3,0,3.67781,0.00583593,-9.34143e-09
14.6,5.4,0,3.67452,-0.000634558,-3.99143e-09
14.6,5.5,0,3.67363,-0.00744843,-4.53571e-10
14.6,5.6,0,3.67459,-0.0142736,6.31429e-10
14.6,5.7,0,3.67778,-0.0207811,3.465e-09
14.6,5.8,0,3.68404,-0.02643,1.13332e-08
14.6,5.9,0,3.69342,-0.0311407,2.43479e-08
14.6,6,0,3.71084,-0.0328709,3.31096e-08
14.6,6.1,0,3.71204,-0.0333832,2.41621e-08
14.6,6.2,0,3.71337,-0.0337162,1.52523e-08
14.6,6.3,0,3.71528,-0.0332406,6.51245e-09
14.6,6.4,0,3.71623,-0.0340193,9.64063e-09
14.6,6.5,0,3.71665,-0.0354733,1.91593e-08
14.6,6.6,0,3.71573,-0.0375134,1.75498e-08
14.6,6.7,0,3.71549,-0.0393817,8.89871e-09
14.6,6.8,0,3.71748,-0.0405719,-1.09185e-08
14.6,6.9,0,3.7203,-0.042016,-1.99028e-08
14.6,7,0,3.72403,-0.0437336,-1.72184e-08
14.6,7.1,0,3.72572,-0.0443372,-5.16774e-09
14.6,7.2,0,3.72741,-0.0448506,5.37129e-09
14.6,7.3,0,3.7298,-0.0451555,2.66233e-09
14.6,7.4,0,3.73181,-0.0455846,2.87401e-09
14.6,7.5,0,3.73357,-0.0460965,5.03278e-09
14.6,7.6,0,3.73604,-0.0466806,2.0897e-08
14.6,7.7,0,3.73846,-0.0471569,2.98232e-08
14.6,7.8,0,3.74012,-0.0472496,6.4348e-09
14.6,7.9,0,3.74212,-0.0472171,-1.229e-08
14.6,8,0,3.74455,-0.04702,-2.48688e-08
14.6,8.1,0,3.74624,-0.0469303,6.19998e-10
14.6,8.2,0,3.74791,-0.0468319,2.68657e-08
14.6,8.3,0,3.75018,-0.0465008,1.39358e-08
14.6,8.4,0,3.75205,-0.0461856,-3.97789e-09
14.6,8.5,0,3.75357,-0.0458834,-2.59693e-08
14.6,8.6,0,3.75552,-0.0453378,-1.5654e-08
14.6,8.7,0,3.75749,-0.0447347,2.69179e-09
14.6,8.8,0,3.75891,-0.0442591,5.70858e-09
14.6,8.9,0,3.76052,-0.0436438,-9.80423e-10
14.6,9,0,3.76243,-0.0428017,-2.34095e-08
14.6,9.1,0,3.76382,-0.0421425,-1.3552e-08
14.6,9.2,0,3.76514,-0.0415035,1.80524e-09
14.6,9.3,0,3.76686,-0.0404922,1.10593e-08
14.6,9.4,0,3.7683,-0.0396087,3.54442e-09
14.6,9.5,0,3.76949,-0.0388531,-2.07395e-08
14.6,9.6,0,3.7709,-0.0378279,-2.58006e-08
14.6,9.7,0,3.77235,-0.03672,-1.97153e-08
14.6,9.8,0,3.77341,-0.0358571,-1.39254e-09
14.6,9.9,0,3.77455,-0.0348625,7.96149e-09
14.6,10,0,3.77589,-0.0336022,-7.76567e-10
14.6,10.1,0,3.77689,-0.0325883,-1.39522e-09
14.6,10.2,0,3.77782,-0.031636,1.59707e-11
14.6,10.3,0,3.77897,-0.0302966,1.71099e-08
14.6,10.4,0,3.77996,-0.0290945,1.99199e-08
14.6,10.5,0,3.78075,-0.0280691,4.90906e-09
14.6,10.6,0,3.78166,-0.0267986,-7.32348e-09
14.6,10.7,0,3.78261,-0.0254181,-1.43995e-08
14.6,10.8,0,3.78328,-0.0243337,1.03378e-08
14.6,10.9,0,3.78398,-0.0231423,2.73302e-08
14.6,11,0,3.78479,-0.0216776,2.45474e-08
14.6,11.1,0,3.78539,-0.0204627,4.59371e-09
14.6,11.2,0,3.78593,-0.0193311,-2.10835e-08
14.6,11.3,0,3.78656,-0.0178526,-1.99217e-08
14.6,11.4,0,3.78707,-0.0164841,-1.50023e-08
14.6,11.5,0,3.78736,-0.0153188,-7.41018e-09
14.6,11.6,0,3.78769,-0.0139413,-1.01792e-08
14.6,11.7,0,3.78786,-0.0124277,-1.92721e-08
14.6,11.8,0,3.78445,-0.011231,-6.7982e-09
14.6,11.9,0,3.78103,-0.00995059,2.12126e-09
14.6,12,0,3.77758,-0.0083921,-7.6344e-10
14.6,12.1,0,3.71938,-0.00712223,-1.28345e-08
14.6,12.2,0,3.63771,-0.00597605,-2.88427e-08
14.6,12.3,0,3.55563,-0.00452482,-2.90407e-08
14.6,12.4,0,3.13683,-0.00323168,-2.29913e-08
14.6,12.5,0,2.09278,-0.00230837,-9.28905e-09
14.6,12.6,0,1.0471,-0.00122483,-1.87313e-09
14.6,12.7,0,0,0,0
14.7,0,0,0,0,0
14.7,0.1,0,1.31396,0.00056342,-4.68e-09
14.7,0.2,0,2.62909,0.0012562,-5.79036e-09
14.7,0.3,0,3.37652,0.00223389,-2.31886e-09
14.7,0.4,0,3.55415,0.00326366,-6.90857e-10
14.7,0.5,0,3.73297,0.0047691,2.885e-09
14.7,0.6,0,3.7465,0.00593598,2.5585e-09
14.7,0.7,0,3.76012,0.00732144,4.23593e-09
14.7,0.8,0,3.76718,0.00877576,5.47718e-09
14.7,0.9,0,3.76751,0.00990551,2.67518e-09
14.7,1,0,3.76773,0.0115522,2.41889e-09
14.7,1.1,0,3.76717,0.0126354,5.48489e-09
14.7,1.2,0,3.76653,0.0139316,9.7125e-09
14.7,1.3,0,3.76577,0.015279,9.76875e-09
14.7,1.4,0,3.76505,0.0162939,3.56275e-09
14.7,1.5,0,3.76406,0.01781,1.62618e-09
14.7,1.6,0,3.76319,0.0187431,3.60068e-09
14.7,1.7,0,3.76219,0.0198798,4.44536e-09
14.7,1.8,0,3.76107,0.0210492,3.82961e-09
14.7,1.9,0,3.76007,0.0218848,3.78711e-09
14.7,2,0,3.7587,0.023193,5.40918e-09
14.7,2.1,0,3.75757,0.0239147,4.24318e-09
14.7,2.2,0,3.75626,0.0248247,3.79664e-09
14.7,2.3,0,3.75483,0.0257446,3.69564e-09
14.7,2.4,0,3.75358,0.0263354,2.64514e-09
14.7,2.5,0,3.75184,0.0273523,4.72579e-09
14.7,2.6,0,3.75049,0.027794,-4.76021e-09
14.7,2.7,0,3.7489,0.028399,-1.22907e-08
14.7,2.8,0,3.74717,0.0289853,-1.44819e-08
14.7,2.9,0,3.74572,0.0292589,-1.48539e-08
14.7,3,0,3.74364,0.0298843,-1.75106e-08
14.7,3.1,0,3.7421,0.0299747,-2.19051e-08
14.7,3.2,0,3.74028,0.0301907,-2.53441e-08
14.7,3.3,0,3.7383,0.0303441,-2.42851e-08
14.7,3.4,0,3.7367,0.030209,-2.04481e-08
14.7,3.5,0,3.73433,0.0302859,-2.58803e-08
14.7,3.6,0,3.7327,0.0299768,-1.90923e-08
14.7,3.7,0,3.73072,0.0297573,-1.46782e-08
14.7,3.8,0,3.72856,0.0293868,-1.26614e-08
14.7,3.9,0,3.72687,0.0287042,-8.76893e-09
14.7,4,0,3.72421,0.0279345,-8.67829e-09
14.7,4.1,0,3.72265,0.0271872,-2.81379e-09
14.7,4.2,0,3.72074,0.0264844,5.10179e-10
14.7,4.3,0,3.71852,0.0255362,1.28393e-09
14.7,4.4,0,3.71662,0.0242627,4.08043e-09
14.7,4.5,0,3.71301,0.022596,8.98164e-09
14.7,4.6,0,3.71249,0.0210463,1.20766e-08
14.7,4.7,0,3.71236,0.0192091,1.50181e-08
14.7,4.8,0,3.71202,0.0175993,1.96608e-08
14.7,4.9,0,3.71079,0.0167347,2.62813e-08
14.7,5,0,3.70906,0.0162185,1.7697e-08
14.7,5.1,0,3.69701,0.0139113,7.07786e-09
14.7,5.2,0,3.68869,0.00987217,5.91071e-10
14.7,5.3,0,3.68297,0.00476812,9.81429e-10
14.7,5.4,0,3.68011,-0.00114002,4.43143e-09
14.7,5.5,0,3.67935,-0.00734595,7.00357e-09
14.7,5.6,0,3.6802,-0.0135612,8.44857e-09
14.7,5.7,0,3.683,-0.0194993,1.1905e-08
14.7,5.8,0,3.68846,-0.024686,1.89218e-08
14.7,5.9,0,3.69667,-0.029054,2.81921e-08
14.7,6,0,3.71208,-0.0308676,2.8495e-08
14.7,6.1,0,3.71329,-0.0313799,1.95476e-08
14.7,6.2,0,3.71449,-0.0318922,1.06001e-08
14.7,6.3,0,3.71626,-0.0316155,1.81845e-09
14.7,6.4,0,3.7172,-0.0323942,4.94663e-09
14.7,6.5,0,3.71762,-0.0338483,1.44653e-08
14.7,6.6,0,3.71732,-0.0356185,1.79801e-08
14.7,6.7,0,3.71708,-0.0374868,9.32899e-09
14.7,6.8,0,3.71907,-0.0386769,-1.04882e-08
14.7,6.9,0,3.72123,-0.0399191,-2.80873e-08
14.7,7,0,3.72496,-0.0416367,-2.5403e-08
14.7,7.1,0,3.72665,-0.0422403,-1.33523e-08
14.7,7.2,0,3.72824,-0.0427852,-8.08655e-10
14.7,7.3,0,3.73042,-0.0431505,3.17332e-10
14.7,7.4,0,3.73243,-0.0435796,5.29011e-10
14.7,7.5,0,3.73419,-0.0440915,2.68778e-09
14.7,7.6,0,3.73631,-0.0446403,1.18371e-08
14.7,7.7,0,3.73873,-0.0451166,2.07633e-08
14.7,7.8,0,3.7404,-0.0452092,-2.62513e-09
14.7,7.9,0,3.7421,-0.0452878,-2.54885e-08
14.7,8,0,3.74453,-0.0450906,-3.80673e-08
14.7,8.1,0,3.74622,-0.0450009,-1.25785e-08
14.7,8.2,0,3.74784,-0.0449231,1.714e-08
14.7,8.3,0,3.74991,-0.0446684,1.70655e-08
14.7,8.4,0,3.75178,-0.0443532,-8.48173e-10
14.7,8.5,0,3.7533,-0.044051,-2.28396e-08
14.7,8.6,0,3.75503,-0.0436328,-2.94348e-08
14.7,8.7,0,3.757,-0.0430296,-1.10891e-08
14.7,8.8,0,3.75842,-0.0425541,-8.07228e-09
14.7,8.9,0,3.75984,-0.0420786,-5.05549e-09
14.7,9,0,3.76175,-0.041237,-2.74482e-08
14.7,9.1,0,3.76314,-0.0405778,-1.75907e-08
14.7,9.2,0,3.76445,-0.0399509,-2.03544e-09
14.7,9.3,0,3.76602,-0.0390747,9.43305e-09
14.7,9.4,0,3.76747,-0.0381912,1.91813e-09
14.7,9.5,0,3.76865,-0.0374356,-2.23658e-08
14.7,9.6,0,3.76993,-0.0365619,-3.82272e-08
14.7,9.7,0,3.77138,-0.035454,-3.21419e-08
14.7,9.8,0,3.77244,-0.034591,-1.38191e-08
14.7,9.9,0,3.77349,-0.0337281,4.50365e-09
14.7,10,0,3.77481,-0.0324883,-2.84271e-09
14.7,10.1,0,3.77582,-0.0314743,-3.46137e-09
14.7,10.2,0,3.77675,-0.030522,-2.05017e-09
14.7,10.3,0,3.77781,-0.0293337,8.92588e-09
14.7,10.4,0,3.7788,-0.0281315,1.17359e-08
14.7,10.5,0,3.77959,-0.0271061,-3.27494e-09
14.7,10.6,0,3.78043,-0.0259842,-1.7192e-08
14.7,10.7,0,3.78138,-0.0246036,-2.42681e-08
14.7,10.8,0,3.78205,-0.0235193,4.69259e-10
14.7,10.9,0,3.78271,-0.0224349,2.52066e-08
14.7,11,0,3.78351,-0.0210088,2.52151e-08
14.7,11.1,0,3.78411,-0.0197939,5.26143e-09
14.7,11.2,0,3.78465,-0.0186623,-2.04158e-08
14.7,11.3,0,3.78524,-0.0173264,-3.0286e-08
14.7,11.4,0,3.78574,-0.0159579,-2.53666e-08
14.7,11.5,0,3.78603,-0.0147926,-1.77745e-08
14.7,11.6,0,3.78634,-0.0135548,-1.37209e-08
14.7,11.7,0,3.78651,-0.0120412,-2.28138e-08
14.7,11.8,0,3.7831,-0.0108445,-1.03399e-08
14.7,11.9,0,3.77968,-0.00964786,2.13393e-09
14.7,12,0,3.77624,-0.00814415,1.57496e-09
14.7,12.1,0,3.71804,-0.00687428,-1.04961e-08
14.7,12.2,0,3.63636,-0.00572811,-2.65043e-08
14.7,12.3,0,3.55447,-0.00440938,-3.35696e-08
14.7,12.4,0,3.13566,-0.00311625,-2.75201e-08
14.7,12.5,0,2.09161,-0.00219294,-1.38179e-08
14.7,12.6,0,1.0471,-0.00122483,-1.87313e-09
14.7,12.7,0,0,0,0
14.8,0,0,0,0,0
14.8,0.1,0,1.31396,0.00056342,-4.68e-09
14.8,0.2,0,2.62816,0.00115271,-8.64607e-09
14.8,0.3,0,3.37559,0.00213041,-5.17457e-09
14.8,0.4,0,3.55322,0.00316017,-3.54657e-09
14.8,0.5,0,3.73164,0.00450706,-6.2e-10
14.8,0.6,0,3.74517,0.00567394,-9.465e-10
14.8,0.7,0,3.75872,0.00688454,-8.72214e-10
14.8,0.8,0,3.76578,0.00833886,3.69036e-10
14.8,0.9,0,3.76611,0.00946861,-2.43296e-09
14.8,1,0,3.76636,0.010943,-3.53782e-09
14.8,1.1,0,3.76581,0.0120262,-4.71821e-10
14.8,1.2,0,3.76524,0.0131519,2.8265e-09
14.8,1.3,0,3.76448,0.0144993,2.88275e-09
14.8,1.4,0,3.76375,0.0155142,-3.32325e-09
14.8,1.5,0,3.76285,0.0168633,-6.68296e-09
14.8,1.6,0,3.76198,0.0177963,-4.70846e-09
14.8,1.7,0,3.76109,0.0187701,-2.95993e-09
14.8,1.8,0,3.75997,0.0199395,-3.57568e-09
14.8,1.9,0,3.75897,0.0207751,-3.61818e-09
14.8,2,0,3.75772,0.0219258,-2.55096e-09
14.8,2.1,0,3.75659,0.0226475,-3.71696e-09
14.8,2.2,0,3.75543,0.0234069,-4.73907e-09
14.8,2.3,0,3.75399,0.0243268,-4.84007e-09
14.8,2.4,0,3.75274,0.0249176,-5.89057e-09
14.8,2.5,0,3.75117,0.0257925,-4.85364e-09
14.8,2.6,0,3.74981,0.0262341,-1.43396e-08
14.8,2.7,0,3.74841,0.0267085,-2.34345e-08
14.8,2.8,0,3.74668,0.0272948,-2.56258e-08
14.8,2.9,0,3.74523,0.0275684,-2.59978e-08
14.8,3,0,3.74336,0.0280765,-2.78929e-08
14.8,3.1,0,3.74182,0.0281669,-3.22874e-08
14.8,3.2,0,3.74023,0.0282825,-3.64908e-08
14.8,3.3,0,3.73825,0.0284359,-3.54318e-08
14.8,3.4,0,3.73665,0.0283007,-3.15948e-08
14.8,3.5,0,3.73454,0.028307,-3.39373e-08
14.8,3.6,0,3.73291,0.0279979,-2.71493e-08
14.8,3.7,0,3.73121,0.0277067,-2.0836e-08
14.8,3.8,0,3.72905,0.0273362,-1.88193e-08
14.8,3.9,0,3.72736,0.0266536,-1.49268e-08
14.8,4,0,3.72502,0.0259129,-1.35689e-08
14.8,4.1,0,3.72346,0.0251656,-7.70436e-09
14.8,4.2,0,3.72184,0.0244271,-2.34796e-09
14.8,4.3,0,3.71961,0.023479,-1.57421e-09
14.8,4.4,0,3.71771,0.0222055,1.22229e-09
14.8,4.5,0,3.71467,0.0206698,5.42193e-09
14.8,4.6,0,3.71415,0.0191201,8.51693e-09
14.8,4.7,0,3.71371,0.0175129,1.15812e-08
14.8,4.8,0,3.71338,0.0159032,1.62239e-08
14.8,4.9,0,3.71215,0.0150385,2.28444e-08
14.8,5,0,3.71058,0.0144061,1.93284e-08
14.8,5.1,0,3.70009,0.0121065,1.60936e-08
14.8,5.2,0,3.69298,0.00835877,1.18982e-08
14.8,5.3,0,3.68812,0.00370031,1.13043e-08
14.8,5.4,0,3.6857,-0.00164549,1.28543e-08
14.8,5.5,0,3.68507,-0.00724347,1.44607e-08
14.8,5.6,0,3.68581,-0.0128488,1.62657e-08
14.8,5.7,0,3.68821,-0.0182175,2.0345e-08
14.8,5.8,0,3.69288,-0.022942,2.65104e-08
14.8,5.9,0,3.69993,-0.0269674,3.20364e-08
14.8,6,0,3.71333,-0.0288642,2.38805e-08
14.8,6.1,0,3.71453,-0.0293766,1.49331e-08
14.8,6.2,0,3.71574,-0.0298889,5.9856e-09
14.8,6.3,0,3.71723,-0.0299905,-2.87555e-09
14.8,6.4,0,3.71818,-0.0307691,2.52627e-10
14.8,6.5,0,3.7186,-0.0322232,9.77128e-09
14.8,6.6,0,3.71891,-0.0337236,1.84104e-08
14.8,6.7,0,3.71868,-0.0355919,9.75928e-09
14.8,6.8,0,3.72067,-0.036782,-1.00579e-08
14.8,6.9,0,3.72266,-0.0379721,-2.9875e-08
14.8,7,0,3.72589,-0.0395398,-3.35876e-08
14.8,7.1,0,3.72758,-0.0401434,-2.15369e-08
14.8,7.2,0,3.72917,-0.0406883,-8.99323e-09
14.8,7.3,0,3.73105,-0.0411455,-2.02767e-09
14.8,7.4,0,3.73306,-0.0415746,-1.81599e-09
14.8,7.5,0,3.73482,-0.0420865,3.4278e-10
14.8,7.6,0,3.73659,-0.0425999,2.77716e-09
14.8,7.7,0,3.73901,-0.0430763,1.17034e-08
14.8,7.8,0,3.74067,-0.0431689,-1.16851e-08
14.8,7.9,0,3.74234,-0.0432615,-3.50735e-08
14.8,8,0,3.74451,-0.0431612,-5.12658e-08
14.8,8.1,0,3.74621,-0.0430715,-2.5777e-08
14.8,8.2,0,3.74782,-0.0429937,3.94147e-09
14.8,8.3,0,3.74964,-0.0428359,2.01953e-08
14.8,8.4,0,3.7515,-0.0425208,2.28154e-09
14.8,8.5,0,3.75303,-0.0422186,-1.97099e-08
14.8,8.6,0,3.75456,-0.0419164,-4.17013e-08
14.8,8.7,0,3.7565,-0.0413246,-2.48699e-08
14.8,8.8,0,3.75792,-0.0408491,-2.18531e-08
14.8,8.9,0,3.75935,-0.0403735,-1.88363e-08
14.8,9,0,3.76107,-0.0396723,-3.1487e-08
14.8,9.1,0,3.76246,-0.0390131,-2.16294e-08
14.8,9.2,0,3.76377,-0.0383862,-6.07416e-09
14.8,9.3,0,3.76518,-0.0376572,7.80677e-09
14.8,9.4,0,3.76663,-0.0367737,2.91844e-10
14.8,9.5,0,3.76781,-0.0360181,-2.39921e-08
14.8,9.6,0,3.76899,-0.0352625,-4.82761e-08
14.8,9.7,0,3.77041,-0.0341879,-4.45684e-08
14.8,9.8,0,3.77147,-0.0333249,-2.62457e-08
14.8,9.9,0,3.77252,-0.032462,-7.92292e-09
14.8,10,0,3.77374,-0.0313743,-4.90885e-09
14.8,10.1,0,3.77475,-0.0303604,-5.52751e-09
14.8,10.2,0,3.77567,-0.0294081,-4.11632e-09
14.8,10.3,0,3.77665,-0.0283707,7.41881e-10
14.8,10.4,0,3.77764,-0.0271686,3.55188e-09
14.8,10.5,0,3.77843,-0.0261431,-1.14589e-08
14.8,10.6,0,3.77923,-0.0251176,-2.64698e-08
14.8,10.7,0,3.78015,-0.0237892,-3.41366e-08
14.8,10.8,0,3.78082,-0.0227048,-9.39931e-09
14.8,10.9,0,3.78148,-0.0216205,1.5338e-08
14.8,11,0,3.78222,-0.02034,2.58828e-08
14.8,11.1,0,3.78283,-0.0191251,5.92914e-09
14.8,11.2,0,3.78336,-0.0179935,-1.97481e-08
14.8,11.3,0,3.78391,-0.0168002,-4.06503e-08
14.8,11.4,0,3.78442,-0.0154317,-3.57308e-08
14.8,11.5,0,3.78471,-0.0142664,-2.81388e-08
14.8,11.6,0,3.785,-0.0131011,-2.05467e-08
14.8,11.7,0,3.78516,-0.0116548,-2.63556e-08
14.8,11.8,0,3.78174,-0.0104581,-1.38817e-08
14.8,11.9,0,3.77833,-0.00926139,-1.40781e-09
14.8,12,0,3.7749,-0.00789621,3.91336e-09
14.8,12.1,0,3.71669,-0.00662634,-8.15774e-09
14.8,12.2,0,3.63502,-0.00548016,-2.41659e-08
14.8,12.3,0,3.5533,-0.00429394,-3.80985e-08
14.8,12.4,0,3.1345,-0.00300081,-3.2049e-08
14.8,12.5,0,2.09044,-0.0020775,-1.83468e-08
14.8,12.6,0,1.04639,-0.00115419,-4.64452e-09
14.8,12.7,0,0,0,0
14.9,0,0,0,0,0
14.9,0.1,0,1.31396,0.00056342,-4.68e-09
14.9,0.2,0,2.62793,0.00112684,-9.36e-09
14.9,0.3,0,3.37466,0.00202692,-8.03029e-09
14.9,0.4,0,3.55229,0.00305669,-6.40229e-09
14.9,0.5,0,3.73031,0.00424501,-4.125e-09
14.9,0.6,0,3.74385,0.0054119,-4.4515e-09
14.9,0.7,0,3.75738,0.00657878,-4.778e-09
14.9,0.8,0,3.76438,0.00790196,-4.73911e-09
14.9,0.9,0,3.76471,0.00903171,-7.54111e-09
14.9,1,0,3.765,0.0103338,-9.49454e-09
14.9,1.1,0,3.76445,0.0114169,-6.42854e-09
14.9,1.2,0,3.7639,0.0125001,-3.36254e-09
14.9,1.3,0,3.76319,0.0137196,-4.00325e-09
14.9,1.4,0,3.76246,0.0147345,-1.02093e-08
14.9,1.5,0,3.76164,0.0159165,-1.49921e-08
14.9,1.6,0,3.76077,0.0168496,-1.30176e-08
14.9,1.7,0,3.7599,0.0177826,-1.10431e-08
14.9,1.8,0,3.75886,0.0188299,-1.0981e-08
14.9,1.9,0,3.75786,0.0196655,-1.10235e-08
14.9,2,0,3.75673,0.0206586,-1.05111e-08
14.9,2.1,0,3.75561,0.0213804,-1.16771e-08
14.9,2.2,0,3.75448,0.0221021,-1.28431e-08
14.9,2.3,0,3.75315,0.022909,-1.33758e-08
14.9,2.4,0,3.7519,0.0234998,-1.44263e-08
14.9,2.5,0,3.75049,0.0242326,-1.44331e-08
14.9,2.6,0,3.74913,0.0246743,-2.39191e-08
14.9,2.7,0,3.74778,0.0251159,-3.34051e-08
14.9,2.8,0,3.74619,0.0256042,-3.67696e-08
14.9,2.9,0,3.74474,0.0258779,-3.71416e-08
14.9,3,0,3.74308,0.0262687,-3.82752e-08
14.9,3.1,0,3.74154,0.0263592,-4.26697e-08
14.9,3.2,0,3.74001,0.0264496,-4.70642e-08
14.9,3.3,0,3.73821,0.0265277,-4.65785e-08
14.9,3.4,0,3.73661,0.0263925,-4.27415e-08
14.9,3.5,0,3.73475,0.026328,-4.19943e-08
14.9,3.6,0,3.73312,0.026019,-3.52063e-08
14.9,3.7,0,3.73149,0.0257099,-2.84183e-08
14.9,3.8,0,3.72954,0.0252857,-2.49771e-08
14.9,3.9,0,3.72785,0.024603,-2.10846e-08
14.9,4,0,3.72583,0.0238913,-1.84594e-08
14.9,4.1,0,3.72427,0.023144,-1.25949e-08
14.9,4.2,0,3.72272,0.0223966,-6.73043e-09
14.9,4.3,0,3.72071,0.0214218,-4.43236e-09
14.9,4.4,0,3.7188,0.0201482,-1.63586e-09
14.9,4.5,0,3.71633,0.0187436,1.86221e-09
14.9,4.6,0,3.71582,0.0171939,4.95721e-09
14.9,4.7,0,3.7153,0.0156442,8.05221e-09
14.9,4.8,0,3.71473,0.014207,1.27871e-08
14.9,4.9,0,3.7135,0.0133424,1.94075e-08
14.9,5,0,3.7121,0.0125938,2.09598e-08
14.9,5.1,0,3.70317,0.0103016,2.51093e-08
14.9,5.2,0,3.69726,0.00684538,2.32054e-08
14.9,5.3,0,3.69327,0.00263251,2.16271e-08
14.9,5.4,0,3.6913,-0.00215095,2.12771e-08
14.9,5.5,0,3.69079,-0.00714099,2.19179e-08
14.9,5.6,0,3.69142,-0.0121364,2.40829e-08
14.9,5.7,0,3.69342,-0.0169358,2.8785e-08
14.9,5.8,0,3.6973,-0.021198,3.40989e-08
14.9,5.9,0,3.70318,-0.0248807,3.58807e-08
14.9,6,0,3.71457,-0.0268609,1.9266e-08
14.9,6.1,0,3.71578,-0.0273732,1.03186e-08
14.9,6.2,0,3.71698,-0.0278856,1.37109e-09
14.9,6.3,0,3.71821,-0.0283654,-7.56955e-09
14.9,6.4,0,3.71915,-0.0291441,-4.44137e-09
14.9,6.5,0,3.71957,-0.0305981,5.07728e-09
14.9,6.6,0,3.72,-0.0320522,1.45959e-08
14.9,6.7,0,3.72027,-0.0336969,1.01896e-08
14.9,6.8,0,3.72226,-0.0348871,-9.6276e-09
14.9,6.9,0,3.72425,-0.0360772,-2.94448e-08
14.9,7,0,3.72682,-0.037443,-4.17721e-08
14.9,7.1,0,3.72851,-0.0380465,-2.97215e-08
14.9,7.2,0,3.7301,-0.0385914,-1.71778e-08
14.9,7.3,0,3.73169,-0.0391364,-4.63414e-09
14.9,7.4,0,3.73368,-0.0395696,-4.16099e-09
14.9,7.5,0,3.73544,-0.0400815,-2.00222e-09
14.9,7.6,0,3.7372,-0.0405935,1.56549e-10
14.9,7.7,0,3.73929,-0.0410359,2.64345e-09
14.9,7.8,0,3.74095,-0.0411285,-2.0745e-08
14.9,7.9,0,3.74262,-0.0412212,-4.41334e-08
14.9,8,0,3.7445,-0.0412318,-6.44643e-08
14.9,8.1,0,3.74619,-0.0411421,-3.89755e-08
14.9,8.2,0,3.7478,-0.0410643,-9.25703e-09
14.9,8.3,0,3.74941,-0.0409865,2.04614e-08
14.9,8.4,0,3.75123,-0.0406883,5.41126e-09
14.9,8.5,0,3.75276,-0.0403861,-1.65802e-08
14.9,8.6,0,3.75428,-0.0400839,-3.85716e-08
14.9,8.7,0,3.75601,-0.0396196,-3.86508e-08
14.9,8.8,0,3.75743,-0.0391441,-3.5634e-08
14.9,8.9,0,3.75885,-0.0386685,-3.26172e-08
14.9,9,0,3.76039,-0.0381077,-3.55257e-08
14.9,9.1,0,3.76178,-0.0374485,-2.56681e-08
14.9,9.2,0,3.76309,-0.0368215,-1.01129e-08
14.9,9.3,0,3.76439,-0.0361946,5.44235e-09
14.9,9.4,0,3.76579,-0.0353562,-1.33444e-09
14.9,9.5,0,3.76697,-0.0346006,-2.56184e-08
14.9,9.6,0,3.76815,-0.033845,-4.99024e-08
14.9,9.7,0,3.76945,-0.0329218,-5.6995e-08
14.9,9.8,0,3.7705,-0.0320589,-3.86723e-08
14.9,9.9,0,3.77156,-0.0311959,-2.03495e-08
14.9,10,0,3.77266,-0.0302603,-6.975e-09
14.9,10.1,0,3.77367,-0.0292464,-7.59365e-09
14.9,10.2,0,3.7746,-0.0282941,-6.18246e-09
14.9,10.3,0,3.77552,-0.0273418,-4.77126e-09
14.9,10.4,0,3.77648,-0.0262056,-4.63212e-09
14.9,10.5,0,3.77727,-0.0251801,-1.96429e-08
14.9,10.6,0,3.77807,-0.0241546,-3.46538e-08
14.9,10.7,0,3.77892,-0.0229747,-4.40052e-08
14.9,10.8,0,3.77959,-0.0218904,-1.92679e-08
14.9,10.9,0,3.78025,-0.020806,5.46943e-09
14.9,11,0,3.78094,-0.0196712,2.65505e-08
14.9,11.1,0,3.78154,-0.0184563,6.59686e-09
14.9,11.2,0,3.78208,-0.0173247,-1.90804e-08
14.9,11.3,0,3.78261,-0.0161931,-4.47576e-08
14.9,11.4,0,3.78309,-0.0149055,-4.60951e-08
14.9,11.5,0,3.78338,-0.0137402,-3.8503e-08
14.9,11.6,0,3.78367,-0.0125749,-3.09109e-08
14.9,11.7,0,3.7838,-0.0112683,-2.98973e-08
14.9,11.8,0,3.78039,-0.0100716,-1.74234e-08
14.9,11.9,0,3.77698,-0.00887492,-4.94955e-09
14.9,12,0,3.77356,-0.00764826,6.25176e-09
14.9,12.1,0,3.71535,-0.00637839,-5.81934e-09
14.9,12.2,0,3.63368,-0.00523222,-2.18275e-08
14.9,12.3,0,3.55201,-0.00408605,-3.78356e-08
14.9,12.4,0,3.13333,-0.00288537,-3.65779e-08
14.9,12.5,0,2.08928,-0.00196206,-2.28756e-08
14.9,12.6,0,1.04522,-0.00103875,-9.17338e-09
14.9,12.7,0,0,0,0
15,0,0,0,0,0
15,0.1,0,1.31396,0.00056342,-4.68e-09
15,0.2,0,2.62793,0.00112684,-9.36e-09
15,0.3,0,3.37373,0.00192343,-1.0886e-08
15,0.4,0,3.55136,0.0029532,-9.258e-09
15,0.5,0,3.72899,0.00398297,-7.63e-09
15,0.6,0,3.74252,0.00514985,-7.9565e-09
15,0.7,0,3.75605,0.00631674,-8.283e-09
15,0.8,0,3.76298,0.00746506,-9.84725e-09
15,0.9,0,3.76331,0.0085948,-1.26492e-08
15,1,0,3.76364,0.00972455,-1.54513e-08
15,1.1,0,3.76309,0.0108077,-1.23853e-08
15,1.2,0,3.76253,0.0118908,-9.31925e-09
15,1.3,0,3.76189,0.0129399,-1.08893e-08
15,1.4,0,3.76116,0.0139548,-1.70953e-08
15,1.5,0,3.76044,0.0149697,-2.33013e-08
15,1.6,0,3.75957,0.0159028,-2.13268e-08
15,1.7,0,3.7587,0.0168359,-1.93523e-08
15,1.8,0,3.75776,0.0177202,-1.83863e-08
15,1.9,0,3.75676,0.0185558,-1.84287e-08
15,2,0,3.75575,0.0193915,-1.84712e-08
15,2.1,0,3.75462,0.0201132,-1.96372e-08
15,2.2,0,3.7535,0.0208349,-2.08032e-08
15,2.3,0,3.75231,0.0214912,-2.19115e-08
15,2.4,0,3.75106,0.022082,-2.2962e-08
15,2.5,0,3.74981,0.0226728,-2.40125e-08
15,2.6,0,3.74846,0.0231144,-3.34985e-08
15,2.7,0,3.7471,0.0235561,-4.29845e-08
15,2.8,0,3.7457,0.0239137,-4.79135e-08
15,2.9,0,3.74425,0.0241873,-4.82855e-08
15,3,0,3.7428,0.0244609,-4.86575e-08
15,3.1,0,3.74126,0.0245514,-5.3052e-08
15,3.2,0,3.73973,0.0246418,-5.74465e-08
15,3.3,0,3.73816,0.0246195,-5.77253e-08
15,3.4,0,3.73656,0.0244843,-5.38883e-08
15,3.5,0,3.73496,0.0243491,-5.00513e-08
15,3.6,0,3.73333,0.02404,-4.32633e-08
15,3.7,0,3.73169,0.0237309,-3.64753e-08
15,3.8,0,3.73003,0.0232351,-3.1135e-08
15,3.9,0,3.72834,0.0225524,-2.72425e-08
15,4,0,3.72664,0.0218697,-2.335e-08
15,4.1,0,3.72508,0.0211223,-1.74855e-08
15,4.2,0,3.72353,0.020375,-1.1621e-08
15,4.3,0,3.7218,0.0193646,-7.2905e-09
15,4.4,0,3.7199,0.018091,-4.494e-09
15,4.5,0,3.718,0.0168175,-1.6975e-09
15,4.6,0,3.71748,0.0152678,1.3975e-09
15,4.7,0,3.71696,0.0137181,4.4925e-09
15,4.8,0,3.71608,0.0125109,9.35023e-09
15,4.9,0,3.71485,0.0116462,1.59707e-08
15,5,0,3.71362,0.0107815,2.25912e-08
15,5.1,0,3.70625,0.00849675,3.4125e-08
15,5.2,0,3.70155,0.00533199,3.45125e-08
15,5.3,0,3.69843,0.0015647,3.195e-08
15,5.4,0,3.69689,-0.00265642,2.97e-08
15,5.5,0,3.69651,-0.0070385,2.9375e-08
15,5.6,0,3.69704,-0.011424,3.19e-08
15,5.7,0,3.69864,-0.015654,3.7225e-08
15,5.8,0,3.70172,-0.019454,4.16875e-08
15,5.9,0,3.70644,-0.0227941,3.9725e-08
15,6,0,3.71582,-0.0248576,1.46515e-08
15,6.1,0,3.71703,-0.0253699,5.70404e-09
15,6.2,0,3.71823,-0.0258823,-3.24343e-09
15,6.3,0,3.71943,-0.0263946,-1.21909e-08
15,6.4,0,3.72013,-0.027519,-9.13537e-09
15,6.5,0,3.72055,-0.0289731,3.83284e-10
15,6.6,0,3.72097,-0.0304271,9.90194e-09
15,6.7,0,3.72186,-0.031802,1.06199e-08
15,6.8,0,3.72385,-0.0329922,-9.19731e-09
15,6.9,0,3.72584,-0.0341823,-2.90145e-08
15,7,0,3.72783,-0.0353724,-4.88316e-08
15,7.1,0,3.72944,-0.0359496,-3.7906e-08
15,7.2,0,3.73103,-0.0364946,-2.53624e-08
15,7.3,0,3.73262,-0.0370395,-1.28187e-08
15,7.4,0,3.73431,-0.0375646,-6.50599e-09
15,7.5,0,3.73607,-0.0380766,-4.34722e-09
15,7.6,0,3.73783,-0.0385885,-2.18845e-09
15,7.7,0,3.73956,-0.0389956,-6.41648e-09
15,7.8,0,3.74123,-0.0390882,-2.98049e-08
15,7.9,0,3.74289,-0.0391808,-5.31933e-08
15,8,0,3.74456,-0.0392734,-7.65818e-08
15,8.1,0,3.74617,-0.0392127,-5.2174e-08
15,8.2,0,3.74779,-0.0391349,-2.24555e-08
15,8.3,0,3.7494,-0.0390571,7.26294e-09
15,8.4,0,3.75096,-0.0388559,8.54097e-09
15,8.5,0,3.75249,-0.0385537,-1.34504e-08
15,8.6,0,3.75401,-0.0382515,-3.54419e-08
15,8.7,0,3.75552,-0.0379146,-5.24316e-08
15,8.8,0,3.75694,-0.0374391,-4.94149e-08
15,8.9,0,3.75836,-0.0369635,-4.63981e-08
15,9,0,3.75978,-0.036488,-4.33813e-08
15,9.1,0,3.7611,-0.0358838,-2.97068e-08
15,9.2,0,3.76241,-0.0352569,-1.41516e-08
15,9.3,0,3.76371,-0.0346299,1.40364e-09
15,9.4,0,3.76495,-0.0339387,-2.96073e-09
15,9.5,0,3.76613,-0.0331831,-2.72447e-08
15,9.6,0,3.76732,-0.0324275,-5.15286e-08
15,9.7,0,3.76848,-0.0316557,-6.94216e-08
15,9.8,0,3.76953,-0.0307928,-5.10988e-08
15,9.9,0,3.77059,-0.0299298,-3.27761e-08
15,10,0,3.77164,-0.0290669,-1.44533e-08
15,10.1,0,3.7726,-0.0281325,-9.65979e-09
15,10.2,0,3.77352,-0.0271801,-8.2486e-09
15,10.3,0,3.77445,-0.0262278,-6.83741e-09
15,10.4,0,3.77532,-0.0252426,-1.28161e-08
15,10.5,0,3.77611,-0.0242171,-2.78269e-08
15,10.6,0,3.77691,-0.0231917,-4.28378e-08
15,10.7,0,3.77769,-0.0221603,-5.38738e-08
15,10.8,0,3.77836,-0.021076,-2.91365e-08
15,10.9,0,3.77903,-0.0199916,-4.39914e-09
15,11,0,3.77969,-0.0189073,2.03382e-08
15,11.1,0,3.78026,-0.0177875,7.26457e-09
15,11.2,0,3.7808,-0.0166559,-1.84127e-08
15,11.3,0,3.78133,-0.0155243,-4.40899e-08
15,11.4,0,3.78177,-0.0143792,-5.64594e-08
15,11.5,0,3.78206,-0.013214,-4.88673e-08
15,11.6,0,3.78235,-0.0120487,-4.12752e-08
15,11.7,0,3.78245,-0.0108818,-3.34391e-08
15,11.8,0,3.77904,-0.00968514,-2.09652e-08
15,11.9,0,3.77562,-0.00848845,-8.49129e-09
15,12,0,3.77221,-0.00729177,3.98259e-09
15,12.1,0,3.71401,-0.00613045,-3.48094e-09
15,12.2,0,3.63234,-0.00498427,-1.94891e-08
15,12.3,0,3.55067,-0.0038381,-3.54972e-08
15,12.4,0,3.13216,-0.00276993,-4.11067e-08
15,12.5,0,2.08811,-0.00184662,-2.74045e-08
15,12.6,0,1.04405,-0.00092331,-1.37022e-08
15,12.7,0,0,0,0
15.1,0,0,0,0,0
15.1,0.1,0,1.31339,0.000496722,-5.27171e-09
15.1,0.2,0,2.62736,0.00106014,-9.95171e-09
15.1,0.3,0,3.37289,0.00174649,-1.31353e-08
15.1,0.4,0,3.55052,0.00277626,-1.15073e-08
15.1,0.5,0,3.72815,0.00380603,-9.87929e-09
15.1,0.6,0,3.74163,0.00484976,-1.05936e-08
15.1,0.7,0,3.75516,0.00601665,-1.09201e-08
15.1,0.8,0,3.76213,0.00704449,-1.183e-08
15.1,0.9,0,3.76246,0.00817424,-1.4632e-08
15.1,1,0,3.76279,0.00930398,-1.7434e-08
15.1,1.1,0,3.76228,0.0102695,-1.52428e-08
15.1,1.2,0,3.76173,0.0113526,-1.21768e-08
15.1,1.3,0,3.76116,0.0122884,-1.16587e-08
15.1,1.4,0,3.76043,0.0133034,-1.78647e-08
15.1,1.5,0,3.7597,0.0143183,-2.40707e-08
15.1,1.6,0,3.75891,0.0151435,-2.16883e-08
15.1,1.7,0,3.75804,0.0160766,-1.97138e-08
15.1,1.8,0,3.7572,0.0168597,-1.86082e-08
15.1,1.9,0,3.75619,0.0176953,-1.86507e-08
15.1,2,0,3.75519,0.0185309,-1.86932e-08
15.1,2.1,0,3.75417,0.0191593,-1.94038e-08
15.1,2.2,0,3.75304,0.019881,-2.05698e-08
15.1,2.3,0,3.75198,0.0204535,-2.1972e-08
15.1,2.4,0,3.75073,0.0210443,-2.30225e-08
15.1,2.5,0,3.74948,0.0216351,-2.4073e-08
15.1,2.6,0,3.74826,0.0220045,-3.12609e-08
15.1,2.7,0,3.7469,0.0224462,-4.07469e-08
15.1,2.8,0,3.74565,0.0227452,-4.51095e-08
15.1,2.9,0,3.7442,0.0230188,-4.54815e-08
15.1,3,0,3.74275,0.0232925,-4.58535e-08
15.1,3.1,0,3.74137,0.0233397,-4.92391e-08
15.1,3.2,0,3.73984,0.0234301,-5.36336e-08
15.1,3.3,0,3.73844,0.0233871,-5.4116e-08
15.1,3.4,0,3.73684,0.0232519,-5.0279e-08
15.1,3.5,0,3.73524,0.0231168,-4.6442e-08
15.1,3.6,0,3.73379,0.0227985,-4.20244e-08
15.1,3.7,0,3.73216,0.0224894,-3.52364e-08
15.1,3.8,0,3.7307,0.0220354,-3.17495e-08
15.1,3.9,0,3.72901,0.0213527,-2.7857e-08
15.1,4,0,3.72731,0.0206701,-2.39645e-08
15.1,4.1,0,3.72594,0.0199536,-2.07874e-08
15.1,4.2,0,3.72438,0.0192063,-1.49229e-08
15.1,4.3,0,3.72292,0.0183081,-1.41368e-08
15.1,4.4,0,3.72102,0.0170346,-1.13403e-08
15.1,4.5,0,3.71912,0.015761,-8.5438e-09
15.1,4.6,0,3.7186,0.0143604,-7.94994e-09
15.1,4.7,0,3.71808,0.0128107,-4.85494e-09
15.1,4.8,0,3.71738,0.0116219,3.51177e-09
15.1,4.9,0,3.71615,0.0107572,1.01322e-08
15.1,5,0,3.71492,0.00989254,1.67527e-08
15.1,5.1,0,3.70812,0.00767841,3.51334e-08
15.1,5.2,0,3.7038,0.00468109,3.80132e-08
15.1,5.3,0,3.70093,0.00113022,3.49069e-08
15.1,5.4,0,3.69953,-0.00283802,3.1319e-08
15.1,5.5,0,3.69918,-0.00695402,3.03824e-08
15.1,5.6,0,3.69967,-0.0110731,3.34341e-08
15.1,5.7,0,3.70115,-0.015049,3.98496e-08
15.1,5.8,0,3.704,-0.0186295,4.46798e-08
15.1,5.9,0,3.70834,-0.0217868,4.08451e-08
15.1,6,0,3.71701,-0.02381,9.65405e-09
15.1,6.1,0,3.71801,-0.0243841,3.28032e-09
15.1,6.2,0,3.71922,-0.0248965,-5.66714e-09
15.1,6.3,0,3.72042,-0.0254088,-1.46146e-08
15.1,6.4,0,3.7212,-0.0263513,-1.23561e-08
15.1,6.5,0,3.72162,-0.0278054,-2.83743e-09
15.1,6.6,0,3.72204,-0.0292594,6.68123e-09
15.1,6.7,0,3.72267,-0.0305195,1.35275e-08
15.1,6.8,0,3.72459,-0.031678,-4.59701e-09
15.1,6.9,0,3.72658,-0.0328681,-2.44142e-08
15.1,7,0,3.72857,-0.0340583,-4.42313e-08
15.1,7.1,0,3.72997,-0.0346232,-3.60767e-08
15.1,7.2,0,3.73156,-0.0351682,-2.35331e-08
15.1,7.3,0,3.73315,-0.0357131,-1.09894e-08
15.1,7.4,0,3.73461,-0.0361954,-9.5009e-09
15.1,7.5,0,3.73637,-0.0367073,-7.34213e-09
15.1,7.6,0,3.73813,-0.0372193,-5.18337e-09
15.1,7.7,0,3.73973,-0.0376463,-1.72623e-09
15.1,7.8,0,3.74132,-0.0377495,-2.10305e-08
15.1,7.9,0,3.74299,-0.0378421,-4.4419e-08
15.1,8,0,3.74465,-0.0379347,-6.78074e-08
15.1,8.1,0,3.74609,-0.0379132,-5.40863e-08
15.1,8.2,0,3.7477,-0.0378354,-2.43678e-08
15.1,8.3,0,3.74931,-0.0377576,5.35062e-09
15.1,8.4,0,3.75071,-0.0376205,1.33658e-08
15.1,8.5,0,3.75223,-0.0373183,-8.62563e-09
15.1,8.6,0,3.75376,-0.0370161,-3.06171e-08
15.1,8.7,0,3.75518,-0.0367202,-4.55004e-08
15.1,8.8,0,3.75653,-0.0362822,-4.05577e-08
15.1,8.9,0,3.75795,-0.0358067,-3.75409e-08
15.1,9,0,3.75937,-0.0353311,-3.45241e-08
15.1,9.1,0,3.76057,-0.0348166,-3.09002e-08
15.1,9.2,0,3.76187,-0.0341897,-1.5345e-08
15.1,9.3,0,3.76318,-0.0335628,2.10209e-10
15.1,9.4,0,3.76431,-0.0329696,7.2677e-09
15.1,9.5,0,3.76549,-0.032214,-1.70163e-08
15.1,9.6,0,3.76667,-0.0314584,-4.13002e-08
15.1,9.7,0,3.76779,-0.0307273,-6.18175e-08
15.1,9.8,0,3.76879,-0.0299274,-4.75688e-08
15.1,9.9,0,3.76985,-0.0290645,-2.92461e-08
15.1,10,0,3.7709,-0.0282015,-1.09233e-08
15.1,10.1,0,3.77177,-0.0273746,-1.16782e-08
15.1,10.2,0,3.7727,-0.0264223,-1.0267e-08
15.1,10.3,0,3.77362,-0.02547,-8.85584e-09
15.1,10.4,0,3.77442,-0.0245947,-1.76241e-09
15.1,10.5,0,3.77522,-0.0235693,-1.67732e-08
15.1,10.6,0,3.77602,-0.0225438,-3.1784e-08
15.1,10.7,0,3.77679,-0.0215415,-4.67908e-08
15.1,10.8,0,3.77741,-0.0205394,-3.3285e-08
15.1,10.9,0,3.77808,-0.019455,-8.54771e-09
15.1,11,0,3.77875,-0.0183707,1.61896e-08
15.1,11.1,0,3.77927,-0.017363,1.45933e-08
15.1,11.2,0,3.77981,-0.0162314,-1.1084e-08
15.1,11.3,0,3.78034,-0.0150999,-3.67612e-08
15.1,11.4,0,3.78075,-0.0140671,-4.56007e-08
15.1,11.5,0,3.78104,-0.0129018,-3.80086e-08
15.1,11.6,0,3.78133,-0.0117366,-3.04165e-08
15.1,11.7,0,3.78143,-0.0105845,-2.40198e-08
15.1,11.8,0,3.77802,-0.00948603,-2.11285e-08
15.1,11.9,0,3.77461,-0.00828934,-8.65458e-09
15.1,12,0,3.77119,-0.00709266,3.8193e-09
15.1,12.1,0,3.71314,-0.00603964,2.08977e-09
15.1,12.2,0,3.63147,-0.00489346,-1.39184e-08
15.1,12.3,0,3.54979,-0.00374729,-2.99265e-08
15.1,12.4,0,3.13209,-0.00276214,-4.06286e-08
15.1,12.5,0,2.08811,-0.00184662,-2.74045e-08
15.1,12.6,0,1.04405,-0.00092331,-1.37022e-08
15.1,12.7,0,0,0,0
15.2,0,0,0,0,0
15.2,0.1,0,1.31283,0.000430025,-5.86343e-09
15.2,0.2,0,2.62679,0.000993445,-1.05434e-08
15.2,0.3,0,3.37212,0.00159712,-1.49702e-08
15.2,0.4,0,3.54968,0.00259932,-1.37566e-08
15.2,0.5,0,3.72731,0.00362909,-1.21286e-08
15.2,0.6,0,3.74075,0.00454967,-1.32306e-08
15.2,0.7,0,3.75428,0.00571655,-1.35571e-08
15.2,0.8,0,3.76126,0.00665404,-1.39764e-08
15.2,0.9,0,3.7616,0.00775367,-1.66148e-08
15.2,1,0,3.76193,0.00888342,-1.94168e-08
15.2,1.1,0,3.76148,0.00973126,-1.81004e-08
15.2,1.2,0,3.76093,0.0108144,-1.50344e-08
15.2,1.3,0,3.7604,0.0116653,-1.29501e-08
15.2,1.4,0,3.75969,0.0126519,-1.86341e-08
15.2,1.5,0,3.75896,0.0136669,-2.48401e-08
15.2,1.6,0,3.75825,0.0143842,-2.20498e-08
15.2,1.7,0,3.75738,0.0153173,-2.00753e-08
15.2,1.8,0,3.75661,0.0160244,-1.88651e-08
15.2,1.9,0,3.75563,0.0168347,-1.88727e-08
15.2,2,0,3.75463,0.0176703,-1.89152e-08
15.2,2.1,0,3.75372,0.0182054,-1.91703e-08
15.2,2.2,0,3.75259,0.0189271,-2.03363e-08
15.2,2.3,0,3.75161,0.0194368,-2.19591e-08
15.2,2.4,0,3.75039,0.0200067,-2.30831e-08
15.2,2.5,0,3.74915,0.0205975,-2.41336e-08
15.2,2.6,0,3.74806,0.0208947,-2.90233e-08
15.2,2.7,0,3.74671,0.0213363,-3.85093e-08
15.2,2.8,0,3.74556,0.0215914,-4.24471e-08
15.2,2.9,0,3.74415,0.0218504,-4.26774e-08
15.2,3,0,3.7427,0.022124,-4.30494e-08
15.2,3.1,0,3.74148,0.022128,-4.54261e-08
15.2,3.2,0,3.73995,0.0222185,-4.98206e-08
15.2,3.3,0,3.73869,0.0221599,-5.04557e-08
15.2,3.4,0,3.73713,0.0220196,-4.66697e-08
15.2,3.5,0,3.73553,0.0218844,-4.28327e-08
15.2,3.6,0,3.73426,0.021557,-4.07855e-08
15.2,3.7,0,3.73263,0.0212479,-3.39975e-08
15.2,3.8,0,3.73132,0.0208253,-3.19007e-08
15.2,3.9,0,3.72968,0.0201531,-2.84715e-08
15.2,4,0,3.72798,0.0194704,-2.4579e-08
15.2,4.1,0,3.7268,0.0187849,-2.40894e-08
15.2,4.2,0,3.72524,0.0180375,-1.82249e-08
15.2,4.3,0,3.72398,0.0172236,-2.0097e-08
15.2,4.4,0,3.72215,0.0159782,-1.81866e-08
15.2,4.5,0,3.72025,0.0147046,-1.53901e-08
15.2,4.6,0,3.71972,0.0134531,-1.72974e-08
15.2,4.7,0,3.7192,0.0119034,-1.42024e-08
15.2,4.8,0,3.71863,0.0107283,-3.20393e-09
15.2,4.9,0,3.71744,0.0098682,4.29378e-09
15.2,5,0,3.71621,0.00900353,1.09142e-08
15.2,5.1,0,3.70999,0.00686007,3.61419e-08
15.2,5.2,0,3.70605,0.00403018,4.15139e-08
15.2,5.3,0,3.70344,0.000695748,3.78637e-08
15.2,5.4,0,3.70216,-0.00301963,3.2938e-08
15.2,5.5,0,3.70185,-0.00686953,3.13899e-08
15.2,5.6,0,3.7023,-0.0107221,3.49683e-08
15.2,5.7,0,3.70367,-0.014444,4.24741e-08
15.2,5.8,0,3.70627,-0.0178049,4.76721e-08
15.2,5.9,0,3.71025,-0.0207796,4.19653e-08
15.2,6,0,3.7182,-0.0227624,4.65659e-09
15.2,6.1,0,3.719,-0.0233984,8.56609e-10
15.2,6.2,0,3.72021,-0.0239107,-8.09085e-09
15.2,6.3,0,3.72141,-0.024423,-1.70383e-08
15.2,6.4,0,3.72224,-0.0252386,-1.53359e-08
15.2,6.5,0,3.72268,-0.0266376,-6.05814e-09
15.2,6.6,0,3.7231,-0.0280917,3.46051e-09
15.2,6.7,0,3.72374,-0.0293518,1.03068e-08
15.2,6.8,0,3.72533,-0.0303638,3.28657e-12
15.2,6.9,0,3.72731,-0.031554,-1.98139e-08
15.2,7,0,3.7293,-0.0327441,-3.9631e-08
15.2,7.1,0,3.73051,-0.0332968,-3.42474e-08
15.2,7.2,0,3.73209,-0.0338418,-2.17038e-08
15.2,7.3,0,3.73368,-0.0343867,-9.16011e-09
15.2,7.4,0,3.73501,-0.0348447,-1.04077e-08
15.2,7.5,0,3.73667,-0.0353381,-1.0337e-08
15.2,7.6,0,3.73843,-0.03585,-8.17828e-09
15.2,7.7,0,3.74003,-0.0362771,-4.72114e-09
15.2,7.8,0,3.74142,-0.0364108,-1.22562e-08
15.2,7.9,0,3.74309,-0.0365034,-3.56446e-08
15.2,8,0,3.74475,-0.036596,-5.9033e-08
15.2,8.1,0,3.746,-0.0366137,-5.59986e-08
15.2,8.2,0,3.74761,-0.0365359,-2.62802e-08
15.2,8.3,0,3.74922,-0.0364581,3.43831e-09
15.2,8.4,0,3.75054,-0.036349,1.43947e-08
15.2,8.5,0,3.75197,-0.0360829,-3.80082e-09
15.2,8.6,0,3.7535,-0.0357807,-2.57922e-08
15.2,8.7,0,3.75493,-0.0354848,-4.06756e-08
15.2,8.8,0,3.75613,-0.0351253,-3.17006e-08
15.2,8.9,0,3.75755,-0.0346498,-2.86838e-08
15.2,9,0,3.75897,-0.0341742,-2.5667e-08
15.2,9.1,0,3.76003,-0.0337495,-3.20937e-08
15.2,9.2,0,3.76134,-0.0331226,-1.65384e-08
15.2,9.3,0,3.76264,-0.0324956,-9.83219e-10
15.2,9.4,0,3.76374,-0.0319325,9.56902e-09
15.2,9.5,0,3.76484,-0.0312449,-6.78783e-09
15.2,9.6,0,3.76602,-0.0304893,-3.10718e-08
15.2,9.7,0,3.76715,-0.0297582,-5.15891e-08
15.2,9.8,0,3.76805,-0.0290621,-4.40388e-08
15.2,9.9,0,3.7691,-0.0281991,-2.57161e-08
15.2,10,0,3.77016,-0.0273362,-7.3933e-09
15.2,10.1,0,3.77095,-0.0266168,-1.36967e-08
15.2,10.2,0,3.77187,-0.0256645,-1.22855e-08
15.2,10.3,0,3.7728,-0.0247122,-1.08743e-08
15.2,10.4,0,3.77359,-0.0238562,-1.48833e-09
15.2,10.5,0,3.77433,-0.0229214,-5.71951e-09
15.2,10.6,0,3.77513,-0.0218959,-2.07303e-08
15.2,10.7,0,3.77589,-0.0208937,-3.57371e-08
15.2,10.8,0,3.77647,-0.0200028,-3.74336e-08
15.2,10.9,0,3.77713,-0.0189184,-1.26963e-08
15.2,11,0,3.7778,-0.0178341,1.2041e-08
15.2,11.1,0,3.77828,-0.016934,2.14509e-08
15.2,11.2,0,3.77882,-0.015807,-3.75524e-09
15.2,11.3,0,3.77935,-0.0146754,-2.94325e-08
15.2,11.4,0,3.77976,-0.0136477,-3.81139e-08
15.2,11.5,0,3.78002,-0.0125897,-2.71499e-08
15.2,11.6,0,3.78031,-0.0114244,-1.95578e-08
15.2,11.7,0,3.78041,-0.0102723,-1.31611e-08
15.2,11.8,0,3.77701,-0.00928691,-2.12918e-08
15.2,11.9,0,3.7736,-0.00809023,-8.81787e-09
15.2,12,0,3.77018,-0.00689355,3.65601e-09
15.2,12.1,0,3.71224,-0.00593024,6.67629e-09
15.2,12.2,0,3.63059,-0.00480265,-8.34765e-09
15.2,12.3,0,3.54892,-0.00365648,-2.43558e-08
15.2,12.4,0,3.13121,-0.00267133,-3.50579e-08
15.2,12.5,0,2.08811,-0.00184662,-2.74045e-08
15.2,12.6,0,1.04405,-0.00092331,-1.37022e-08
15.2,12.7,0,0,0,0
15.3,0,0,0,0,0
15.3,0.1,0,1.31226,0.000363327,-6.45514e-09
15.3,0.2,0,2.62622,0.000926747,-1.11351e-08
15.3,0.3,0,3.37155,0.00153042,-1.55619e-08
15.3,0.4,0,3.54884,0.00242238,-1.60059e-08
15.3,0.5,0,3.72647,0.00345215,-1.43779e-08
15.3,0.6,0,3.73986,0.00424958,-1.58677e-08
15.3,0.7,0,3.75339,0.00541646,-1.61942e-08
15.3,0.8,0,3.76037,0.00635395,-1.66135e-08
15.3,0.9,0,3.76074,0.0073331,-1.85976e-08
15.3,1,0,3.76107,0.00846285,-2.13996e-08
15.3,1.1,0,3.76068,0.00919305,-2.0958e-08
15.3,1.2,0,3.76012,0.0102762,-1.7892e-08
15.3,1.3,0,3.7596,0.0111271,-1.58077e-08
15.3,1.4,0,3.75895,0.0120005,-1.94035e-08
15.3,1.5,0,3.75822,0.0130154,-2.56095e-08
15.3,1.6,0,3.7576,0.013625,-2.24113e-08
15.3,1.7,0,3.75673,0.014558,-2.04368e-08
15.3,1.8,0,3.75595,0.0152651,-1.92266e-08
15.3,1.9,0,3.75507,0.0159742,-1.90947e-08
15.3,2,0,3.75407,0.0168098,-1.91372e-08
15.3,2.1,0,3.75326,0.0172516,-1.89369e-08
15.3,2.2,0,3.75213,0.0179733,-2.01029e-08
15.3,2.3,0,3.75116,0.0184829,-2.17256e-08
15.3,2.4,0,3.75006,0.0189691,-2.31436e-08
15.3,2.5,0,3.74881,0.0195599,-2.41941e-08
15.3,2.6,0,3.74786,0.0197848,-2.67857e-08
15.3,2.7,0,3.74651,0.0202264,-3.62717e-08
15.3,2.8,0,3.74536,0.0204815,-4.02095e-08
15.3,2.9,0,3.7441,0.0206819,-3.98734e-08
15.3,3,0,3.74265,0.0209555,-4.02454e-08
15.3,3.1,0,3.7416,0.0209163,-4.16132e-08
15.3,3.2,0,3.74006,0.0210068,-4.60077e-08
15.3,3.3,0,3.7388,0.0209482,-4.66428e-08
15.3,3.4,0,3.73742,0.0207872,-4.30604e-08
15.3,3.5,0,3.73582,0.0206521,-3.92234e-08
15.3,3.6,0,3.73473,0.0203154,-3.95466e-08
15.3,3.7,0,3.7331,0.0200064,-3.27586e-08
15.3,3.8,0,3.73179,0.0195838,-3.06618e-08
15.3,3.9,0,3.73035,0.0189535,-2.9086e-08
15.3,4,0,3.72865,0.0182708,-2.51935e-08
15.3,4.1,0,3.72765,0.0176161,-2.73913e-08
15.3,4.2,0,3.72609,0.0168688,-2.15268e-08
15.3,4.3,0,3.72484,0.0160549,-2.3399e-08
15.3,4.4,0,3.72327,0.0149217,-2.50329e-08
15.3,4.5,0,3.72137,0.0136482,-2.22364e-08
15.3,4.6,0,3.72084,0.0125458,-2.66448e-08
15.3,4.7,0,3.72032,0.0109961,-2.35498e-08
15.3,4.8,0,3.71975,0.00982096,-1.25514e-08
15.3,4.9,0,3.71874,0.0089792,-1.54468e-09
15.3,5,0,3.71751,0.00811453,5.07578e-09
15.3,5.1,0,3.71186,0.00604174,3.71503e-08
15.3,5.2,0,3.7083,0.00337928,4.50146e-08
15.3,5.3,0,3.70594,0.000261272,4.08206e-08
15.3,5.4,0,3.70479,-0.00320123,3.4557e-08
15.3,5.5,0,3.70452,-0.00678505,3.23973e-08
15.3,5.6,0,3.70494,-0.0103712,3.65024e-08
15.3,5.7,0,3.70618,-0.013839,4.50987e-08
15.3,5.8,0,3.70855,-0.0169804,5.06644e-08
15.3,5.9,0,3.71216,-0.0197723,4.30854e-08
15.3,6,0,3.71939,-0.0217148,-3.40863e-10
15.3,6.1,0,3.72007,-0.0223886,-2.56587e-09
15.3,6.2,0,3.7212,-0.0229249,-1.05146e-08
15.3,6.3,0,3.7224,-0.0234372,-1.9462e-08
15.3,6.4,0,3.72323,-0.0242528,-1.77596e-08
15.3,6.5,0,3.72375,-0.0254699,-9.27886e-09
15.3,6.6,0,3.72417,-0.026924,2.39797e-10
15.3,6.7,0,3.7248,-0.0281841,7.08611e-09
15.3,6.8,0,3.72606,-0.0290497,4.60359e-09
15.3,6.9,0,3.72805,-0.0302398,-1.52136e-08
15.3,7,0,3.73004,-0.0314299,-3.50307e-08
15.3,7.1,0,3.73114,-0.0319768,-3.09809e-08
15.3,7.2,0,3.73263,-0.0325154,-1.98745e-08
15.3,7.3,0,3.73421,-0.0330603,-7.33081e-09
15.3,7.4,0,3.73554,-0.0335183,-8.57842e-09
15.3,7.5,0,3.73697,-0.0339689,-1.3332e-08
15.3,7.6,0,3.73873,-0.0344808,-1.11732e-08
15.3,7.7,0,3.74033,-0.0349079,-7.71606e-09
15.3,7.8,0,3.74152,-0.0350721,-3.4818e-09
15.3,7.9,0,3.74319,-0.0351647,-2.68702e-08
15.3,8,0,3.74485,-0.0352573,-5.02587e-08
15.3,8.1,0,3.74603,-0.0352887,-5.09726e-08
15.3,8.2,0,3.74752,-0.0352364,-2.81925e-08
15.3,8.3,0,3.74913,-0.0351586,1.526e-09
15.3,8.4,0,3.75046,-0.0350494,1.24824e-08
15.3,8.5,0,3.75172,-0.0348474,1.024e-09
15.3,8.6,0,3.75324,-0.0345452,-2.09674e-08
15.3,8.7,0,3.75467,-0.0342494,-3.58508e-08
15.3,8.8,0,3.75572,-0.0339684,-2.28435e-08
15.3,8.9,0,3.75714,-0.0334929,-1.98267e-08
15.3,9,0,3.75857,-0.0330173,-1.68099e-08
15.3,9.1,0,3.7596,-0.0326123,-2.54492e-08
15.3,9.2,0,3.7608,-0.0320554,-1.77319e-08
15.3,9.3,0,3.76211,-0.0314285,-2.17665e-09
15.3,9.4,0,3.7632,-0.0308653,8.37559e-09
15.3,9.5,0,3.76419,-0.0302759,3.4406e-09
15.3,9.6,0,3.76537,-0.0295202,-2.08434e-08
15.3,9.7,0,3.7665,-0.0287892,-4.13607e-08
15.3,9.8,0,3.7673,-0.0281967,-4.05088e-08
15.3,9.9,0,3.76836,-0.0273338,-2.21861e-08
15.3,10,0,3.76941,-0.0264708,-3.8633e-09
15.3,10.1,0,3.7702,-0.0257611,-1.06635e-08
15.3,10.2,0,3.77105,-0.0249067,-1.43039e-08
15.3,10.3,0,3.77198,-0.0239543,-1.28927e-08
15.3,10.4,0,3.77276,-0.0230984,-3.50676e-09
15.3,10.5,0,3.77344,-0.0222735,5.3342e-09
15.3,10.6,0,3.77423,-0.0212481,-9.67662e-09
15.3,10.7,0,3.775,-0.0202458,-2.46834e-08
15.3,10.8,0,3.77553,-0.0194521,-3.96535e-08
15.3,10.9,0,3.77619,-0.0183819,-1.68449e-08
15.3,11,0,3.77685,-0.0172975,7.89246e-09
15.3,11.1,0,3.77734,-0.0163974,1.73023e-08
15.3,11.2,0,3.77783,-0.0153826,3.57347e-09
15.3,11.3,0,3.77836,-0.014251,-2.21038e-08
15.3,11.4,0,3.77877,-0.0132233,-3.07852e-08
15.3,11.5,0,3.779,-0.0122776,-1.62912e-08
15.3,11.6,0,3.77929,-0.0111123,-8.6991e-09
15.3,11.7,0,3.7794,-0.00996022,-2.30236e-09
15.3,11.8,0,3.776,-0.00905871,-1.86173e-08
15.3,11.9,0,3.77258,-0.00789112,-8.98116e-09
15.3,12,0,3.76917,-0.00669444,3.49272e-09
15.3,12.1,0,3.71123,-0.00573113,6.513e-09
15.3,12.2,0,3.62972,-0.00471184,-2.77694e-09
15.3,12.3,0,3.54805,-0.00356567,-1.87851e-08
15.3,12.4,0,3.13034,-0.00258052,-2.94872e-08
15.3,12.5,0,2.08811,-0.00184662,-2.74045e-08
15.3,12.6,0,1.04405,-0.00092331,-1.37022e-08
15.3,12.7,0,0,0,0
15.4,0,0,0,0,0
15.4,0.1,0,1.31197,0.000329978,-6.751e-09
15.4,0.2,0,2.62565,0.00086005,-1.17269e-08
15.4,0.3,0,3.37098,0.00146372,-1.61536e-08
15.4,0.4,0,3.548,0.00224544,-1.82551e-08
15.4,0.5,0,3.72563,0.00327521,-1.66271e-08
15.4,0.6,0,3.739,0.00401106,-1.83109e-08
15.4,0.7,0,3.7525,0.00511637,-1.88313e-08
15.4,0.8,0,3.75949,0.00605385,-1.92505e-08
15.4,0.9,0,3.75989,0.00691253,-2.05804e-08
15.4,1,0,3.76022,0.00804228,-2.33824e-08
15.4,1.1,0,3.75985,0.00871366,-2.33781e-08
15.4,1.2,0,3.75932,0.00973798,-2.07495e-08
15.4,1.3,0,3.75879,0.0105889,-1.86653e-08
15.4,1.4,0,3.75822,0.0113491,-2.0173e-08
15.4,1.5,0,3.75749,0.012364,-2.6379e-08
15.4,1.6,0,3.7569,0.0129196,-2.29767e-08
15.4,1.7,0,3.75607,0.0137987,-2.07983e-08
15.4,1.8,0,3.7553,0.0145059,-1.95881e-08
15.4,1.9,0,3.75451,0.0151136,-1.93167e-08
15.4,2,0,3.7535,0.0159492,-1.93592e-08
15.4,2.1,0,3.75275,0.0163443,-1.89311e-08
15.4,2.2,0,3.75168,0.0170194,-1.98694e-08
15.4,2.3,0,3.7507,0.0175291,-2.14922e-08
15.4,2.4,0,3.74973,0.0179314,-2.32042e-08
15.4,2.5,0,3.74848,0.0185222,-2.42547e-08
15.4,2.6,0,3.7476,0.018711,-2.56972e-08
15.4,2.7,0,3.74631,0.0191166,-3.40341e-08
15.4,2.8,0,3.74517,0.0193716,-3.79719e-08
15.4,2.9,0,3.74405,0.0195134,-3.70694e-08
15.4,3,0,3.7426,0.019787,-3.74414e-08
15.4,3.1,0,3.74163,0.0197263,-3.83047e-08
15.4,3.2,0,3.74017,0.0197951,-4.21947e-08
15.4,3.3,0,3.73891,0.0197366,-4.28299e-08
15.4,3.4,0,3.7377,0.0195549,-3.94511e-08
15.4,3.5,0,3.7361,0.0194197,-3.56141e-08
15.4,3.6,0,3.73511,0.0190785,-3.71226e-08
15.4,3.7,0,3.73357,0.0187648,-3.15198e-08
15.4,3.8,0,3.73226,0.0183423,-2.94229e-08
15.4,3.9,0,3.73102,0.0177538,-2.97006e-08
15.4,4,0,3.72932,0.0170711,-2.58081e-08
15.4,4.1,0,3.72841,0.016432,-2.93496e-08
15.4,4.2,0,3.72695,0.0157001,-2.48288e-08
15.4,4.3,0,3.72569,0.0148862,-2.67009e-08
15.4,4.4,0,3.7244,0.0138653,-3.18792e-08
15.4,4.5,0,3.7225,0.0125918,-2.90827e-08
15.4,4.6,0,3.72197,0.0115639,-3.47417e-08
15.4,4.7,0,3.72145,0.0100888,-3.28973e-08
15.4,4.8,0,3.72087,0.00891364,-2.18988e-08
15.4,4.9,0,3.72003,0.00809019,-7.38313e-09
15.4,5,0,3.7188,0.00722553,-7.62673e-10
15.4,5.1,0,3.71373,0.0052234,3.81587e-08
15.4,5.2,0,3.71055,0.00272838,4.85154e-08
15.4,5.3,0,3.70845,-0.000173203,4.37774e-08
15.4,5.4,0,3.70743,-0.00338283,3.6176e-08
15.4,5.5,0,3.70719,-0.00670056,3.34047e-08
15.4,5.6,0,3.70757,-0.0100202,3.80366e-08
15.4,5.7,0,3.7087,-0.0132341,4.77233e-08
15.4,5.8,0,3.71082,-0.0161558,5.36566e-08
15.4,5.9,0,3.71406,-0.0187651,4.42056e-08
15.4,6,0,3.72058,-0.0206672,-5.33832e-09
15.4,6.1,0,3.72126,-0.021341,-7.56332e-09
15.4,6.2,0,3.72218,-0.0219391,-1.29383e-08
15.4,6.3,0,3.72339,-0.0224514,-2.18857e-08
15.4,6.4,0,3.72421,-0.023267,-2.01833e-08
15.4,6.5,0,3.72481,-0.0243022,-1.24996e-08
15.4,6.6,0,3.72524,-0.0257563,-2.98092e-09
15.4,6.7,0,3.72587,-0.0270164,3.8654e-09
15.4,6.8,0,3.727,-0.027824,4.47626e-09
15.4,6.9,0,3.72879,-0.0289256,-1.06133e-08
15.4,7,0,3.73078,-0.0301158,-3.04304e-08
15.4,7.1,0,3.73188,-0.0306626,-2.63806e-08
15.4,7.2,0,3.73316,-0.031189,-1.80452e-08
15.4,7.3,0,3.73475,-0.0317339,-5.50151e-09
15.4,7.4,0,3.73607,-0.0321919,-6.74912e-09
15.4,7.5,0,3.73727,-0.0325997,-1.63269e-08
15.4,7.6,0,3.73903,-0.0331116,-1.41681e-08
15.4,7.7,0,3.74063,-0.0335386,-1.0711e-08
15.4,7.8,0,3.74177,-0.033711,-3.35873e-09
15.4,7.9,0,3.74329,-0.033826,-1.80959e-08
15.4,8,0,3.74495,-0.0339186,-4.14843e-08
15.4,8.1,0,3.74613,-0.03395,-4.21982e-08
15.4,8.2,0,3.74743,-0.0339369,-3.01048e-08
15.4,8.3,0,3.74905,-0.0338591,-3.86319e-10
15.4,8.4,0,3.75037,-0.0337499,1.05701e-08
15.4,8.5,0,3.75146,-0.033612,5.84881e-09
15.4,8.6,0,3.75299,-0.0333098,-1.61426e-08
15.4,8.7,0,3.75442,-0.033014,-3.1026e-08
15.4,8.8,0,3.75545,-0.0327436,-1.7477e-08
15.4,8.9,0,3.75674,-0.032336,-1.09695e-08
15.4,9,0,3.75816,-0.0318604,-7.95275e-09
15.4,9.1,0,3.75919,-0.0314555,-1.6592e-08
15.4,9.2,0,3.76027,-0.0309883,-1.89253e-08
15.4,9.3,0,3.76157,-0.0303613,-3.37008e-09
15.4,9.4,0,3.76267,-0.0297982,7.18216e-09
15.4,9.5,0,3.76355,-0.0292987,1.27314e-08
15.4,9.6,0,3.76473,-0.0285512,-1.06149e-08
15.4,9.7,0,3.76585,-0.0278201,-3.11323e-08
15.4,9.8,0,3.76666,-0.027228,-3.03054e-08
15.4,9.9,0,3.76762,-0.0264684,-1.86561e-08
15.4,10,0,3.76867,-0.0256055,-3.33302e-10
15.4,10.1,0,3.76945,-0.0248957,-7.13353e-09
15.4,10.2,0,3.77022,-0.0241488,-1.63223e-08
15.4,10.3,0,3.77115,-0.0231965,-1.49111e-08
15.4,10.4,0,3.77194,-0.0223405,-5.52519e-09
15.4,10.5,0,3.77256,-0.0216023,1.36076e-08
15.4,10.6,0,3.77334,-0.0206002,1.3771e-09
15.4,10.7,0,3.77411,-0.0195979,-1.36297e-08
15.4,10.8,0,3.77464,-0.0188042,-2.85998e-08
15.4,10.9,0,3.77524,-0.0178453,-2.09934e-08
15.4,11,0,3.77591,-0.0167609,3.74389e-09
15.4,11.1,0,3.77639,-0.0158608,1.31538e-08
15.4,11.2,0,3.77684,-0.0149581,1.09022e-08
15.4,11.3,0,3.77738,-0.0138265,-1.4775e-08
15.4,11.4,0,3.77778,-0.0127988,-2.34565e-08
15.4,11.5,0,3.77799,-0.0119269,-6.64427e-09
15.4,11.6,0,3.77827,-0.0108002,2.15961e-09
15.4,11.7,0,3.77838,-0.0096481,8.55635e-09
15.4,11.8,0,3.77498,-0.00874659,-7.75858e-09
15.4,11.9,0,3.77157,-0.00769201,-9.14445e-09
15.4,12,0,3.76815,-0.00649533,3.32943e-09
15.4,12.1,0,3.71021,-0.00553202,6.34971e-09
15.4,12.2,0,3.62884,-0.00462103,2.79378e-09
15.4,12.3,0,3.54717,-0.00347486,-1.32144e-08
15.4,12.4,0,3.12947,-0.0024897,-2.39165e-08
15.4,12.5,0,2.08769,-0.00180359,-2.47646e-08
15.4,12.6,0,1.04405,-0.00092331,-1.37022e-08
15.4,12.7,0,0,0,0
15.5,0,0,0,0,0
15.5,0.1,0,1.31197,0.000329978,-6.751e-09
15.5,0.2,0,2.62508,0.000793352,-1.23186e-08
15.5,0.3,0,3.37041,0.00139702,-1.67453e-08
15.5,0.4,0,3.54716,0.0020685,-2.05044e-08
15.5,0.5,0,3.72479,0.00309827,-1.88764e-08
15.5,0.6,0,3.73816,0.00383412,-2.05602e-08
15.5,0.7,0,3.75162,0.00481628,-2.14684e-08
15.5,0.8,0,3.7586,0.00575376,-2.18876e-08
15.5,0.9,0,3.75903,0.00649196,-2.25632e-08
15.5,1,0,3.75936,0.00762171,-2.53652e-08
15.5,1.1,0,3.75899,0.00829309,-2.53609e-08
15.5,1.2,0,3.75851,0.00919976,-2.36071e-08
15.5,1.3,0,3.75799,0.0100507,-2.15229e-08
15.5,1.4,0,3.75748,0.0106976,-2.09424e-08
15.5,1.5,0,3.75675,0.0117125,-2.71484e-08
15.5,1.6,0,3.75616,0.0122682,-2.37461e-08
15.5,1.7,0,3.75541,0.0130395,-2.11598e-08
15.5,1.8,0,3.75464,0.0137466,-1.99496e-08
15.5,1.9,0,3.75394,0.014253,-1.95387e-08
15.5,2,0,3.75294,0.0150886,-1.95812e-08
15.5,2.1,0,3.75219,0.0154838,-1.91531e-08
15.5,2.2,0,3.75122,0.0160655,-1.9636e-08
15.5,2.3,0,3.75025,0.0165752,-2.12587e-08
15.5,2.4,0,3.7494,0.0168938,-2.32647e-08
15.5,2.5,0,3.74815,0.0174846,-2.43152e-08
15.5,2.6,0,3.74727,0.0176734,-2.57577e-08
15.5,2.7,0,3.74611,0.0180067,-3.17965e-08
15.5,2.8,0,3.74497,0.0182617,-3.57343e-08
15.5,2.9,0,3.744,0.0183449,-3.42654e-08
15.5,3,0,3.74255,0.0186185,-3.46374e-08
15.5,3.1,0,3.74158,0.0185578,-3.55007e-08
15.5,3.2,0,3.74029,0.0185834,-3.83818e-08
15.5,3.3,0,3.73902,0.0185249,-3.90169e-08
15.5,3.4,0,3.73799,0.0183225,-3.58418e-08
15.5,3.5,0,3.73639,0.0181874,-3.20048e-08
15.5,3.6,0,3.7354,0.0178462,-3.35133e-08
15.5,3.7,0,3.73404,0.0175233,-3.02809e-08
15.5,3.8,0,3.73273,0.0171007,-2.81841e-08
15.5,3.9,0,3.73169,0.0165542,-3.03151e-08
15.5,4,0,3.73,0.0158715,-2.64226e-08
15.5,4.1,0,3.72909,0.0152323,-2.99641e-08
15.5,4.2,0,3.72781,0.0145313,-2.81307e-08
15.5,4.3,0,3.72655,0.0137174,-3.00028e-08
15.5,4.4,0,3.72553,0.0128089,-3.87255e-08
15.5,4.5,0,3.72362,0.0115354,-3.5929e-08
15.5,4.6,0,3.72309,0.0105075,-4.1588e-08
15.5,4.7,0,3.72257,0.00918144,-4.22447e-08
15.5,4.8,0,3.722,0.00800632,-3.12463e-08
15.5,4.9,0,3.72132,0.00720119,-1.32216e-08
15.5,5,0,3.72009,0.00633653,-6.60113e-09
15.5,5.1,0,3.71559,0.00440506,3.91671e-08
15.5,5.2,0,3.7128,0.00207748,5.20161e-08
15.5,5.3,0,3.71096,-0.000607678,4.67343e-08
15.5,5.4,0,3.71006,-0.00356444,3.7795e-08
15.5,5.5,0,3.70986,-0.00661607,3.44121e-08
15.5,5.6,0,3.71021,-0.00966931,3.95707e-08
15.5,5.7,0,3.71121,-0.0126291,5.03479e-08
15.5,5.8,0,3.7131,-0.0153313,5.66489e-08
15.5,5.9,0,3.71597,-0.0177579,4.53257e-08
15.5,6,0,3.72177,-0.0196196,-1.03358e-08
15.5,6.1,0,3.72245,-0.0202933,-1.25608e-08
15.5,6.2,0,3.72317,-0.0209533,-1.5362e-08
15.5,6.3,0,3.72438,-0.0214656,-2.43095e-08
15.5,6.4,0,3.7252,-0.0222812,-2.26071e-08
15.5,6.5,0,3.72583,-0.0232601,-1.51701e-08
15.5,6.6,0,3.7263,-0.0245885,-6.20163e-09
15.5,6.7,0,3.72694,-0.0258487,6.44686e-10
15.5,6.8,0,3.72806,-0.0266563,1.25554e-09
15.5,6.9,0,3.72952,-0.0276115,-6.01298e-09
15.5,7,0,3.73151,-0.0288016,-2.58301e-08
15.5,7.1,0,3.73261,-0.0293485,-2.17803e-08
15.5,7.2,0,3.73369,-0.0298626,-1.62159e-08
15.5,7.3,0,3.73528,-0.0304075,-3.67221e-09
15.5,7.4,0,3.73661,-0.0308655,-4.91982e-09
15.5,7.5,0,3.73776,-0.0312656,-1.53616e-08
15.5,7.6,0,3.73933,-0.0317424,-1.7163e-08
15.5,7.7,0,3.74093,-0.0321694,-1.37059e-08
15.5,7.8,0,3.74207,-0.0323417,-6.35365e-09
15.5,7.9,0,3.74338,-0.0324873,-9.32149e-09
15.5,8,0,3.74505,-0.0325799,-3.27099e-08
15.5,8.1,0,3.74623,-0.0326113,-3.34238e-08
15.5,8.2,0,3.74735,-0.0326359,-3.16183e-08
15.5,8.3,0,3.74896,-0.0325596,-2.29863e-09
15.5,8.4,0,3.75028,-0.0324504,8.65774e-09
15.5,8.5,0,3.75137,-0.0323156,4.2633e-09
15.5,8.6,0,3.75273,-0.0320744,-1.13178e-08
15.5,8.7,0,3.75416,-0.0317785,-2.62011e-08
15.5,8.8,0,3.75519,-0.0315081,-1.26522e-08
15.5,8.9,0,3.75634,-0.0311791,-2.11242e-09
15.5,9,0,3.75776,-0.0307036,9.04374e-10
15.5,9.1,0,3.75879,-0.0302986,-7.7349e-09
15.5,9.2,0,3.75975,-0.029906,-1.84311e-08
15.5,9.3,0,3.76104,-0.0292942,-4.5635e-09
15.5,9.4,0,3.76213,-0.028731,5.98873e-09
15.5,9.5,0,3.76302,-0.0282316,1.1538e-08
15.5,9.6,0,3.76408,-0.0275821,-3.86495e-10
15.5,9.7,0,3.7652,-0.026851,-2.09038e-08
15.5,9.8,0,3.76601,-0.026259,-2.0077e-08
15.5,9.9,0,3.76687,-0.0256031,-1.51261e-08
15.5,10,0,3.76793,-0.0247401,3.1967e-09
15.5,10.1,0,3.76871,-0.0240304,-3.60353e-09
15.5,10.2,0,3.76942,-0.0233589,-1.66845e-08
15.5,10.3,0,3.77033,-0.0224387,-1.69295e-08
15.5,10.4,0,3.77112,-0.0215827,-7.54362e-09
15.5,10.5,0,3.77174,-0.0208445,1.15892e-08
15.5,10.6,0,3.77245,-0.0199524,1.24308e-08
15.5,10.7,0,3.77322,-0.0189501,-2.57594e-09
15.5,10.8,0,3.77374,-0.0181564,-1.75461e-08
15.5,10.9,0,3.7743,-0.0173087,-2.5142e-08
15.5,11,0,3.77496,-0.0162244,-4.04686e-10
15.5,11.1,0,3.77545,-0.0153243,9.0052e-09
15.5,11.2,0,3.77587,-0.0144856,1.33059e-08
15.5,11.3,0,3.77639,-0.0134021,-7.44634e-09
15.5,11.4,0,3.77679,-0.0123744,-1.61278e-08
15.5,11.5,0,3.777,-0.0115025,6.84445e-10
15.5,11.6,0,3.77725,-0.0104881,1.30183e-08
15.5,11.7,0,3.77736,-0.00933598,1.94151e-08
15.5,11.8,0,3.77396,-0.00843447,3.10014e-09
15.5,11.9,0,3.77055,-0.0074929,-9.30774e-09
15.5,12,0,3.76714,-0.00629622,3.16614e-09
15.5,12.1,0,3.7092,-0.0053329,6.18642e-09
15.5,12.2,0,3.62789,-0.0044696,5.15516e-09
15.5,12.3,0,3.5463,-0.00338405,-7.64364e-09
15.5,12.4,0,3.12859,-0.00239889,-1.83458e-08
15.5,12.5,0,2.08682,-0.00171278,-1.91939e-08
15.5,12.6,0,1.04405,-0.00092331,-1.37022e-08
15.5,12.7,0,0,0,0
15.6,0,0,0,0,0
15.6,0.1,0,1.31197,0.000329978,-6.751e-09
15.6,0.2,0,2.62451,0.000726654,-1.29103e-08
15.6,0.3,0,3.36984,0.00133032,-1.7337e-08
15.6,0.4,0,3.54653,0.00197425,-2.15105e-08
15.6,0.5,0,3.72395,0.00292133,-2.11257e-08
15.6,0.6,0,3.73732,0.00365718,-2.28095e-08
15.6,0.7,0,3.75073,0.00451618,-2.41054e-08
15.6,0.8,0,3.75771,0.00545367,-2.45247e-08
15.6,0.9,0,3.75815,0.00616175,-2.50367e-08
15.6,1,0,3.7585,0.00720115,-2.7348e-08
15.6,1.1,0,3.75813,0.00787252,-2.73437e-08
15.6,1.2,0,3.75771,0.00866154,-2.64647e-08
15.6,1.3,0,3.75719,0.00951244,-2.43804e-08
15.6,1.4,0,3.75669,0.0101311,-2.32779e-08
15.6,1.5,0,3.75601,0.0110611,-2.79178e-08
15.6,1.6,0,3.75543,0.0116167,-2.45156e-08
15.6,1.7,0,3.75476,0.0122802,-2.15213e-08
15.6,1.8,0,3.75399,0.0129873,-2.03111e-08
15.6,1.9,0,3.75331,0.0134684,-1.98653e-08
15.6,2,0,3.75238,0.0142281,-1.98032e-08
15.6,2.1,0,3.75163,0.0146232,-1.93751e-08
15.6,2.2,0,3.75077,0.0151116,-1.94025e-08
15.6,2.3,0,3.74979,0.0156213,-2.10253e-08
15.6,2.4,0,3.74897,0.015919,-2.31048e-08
15.6,2.5,0,3.74781,0.016447,-2.43758e-08
15.6,2.6,0,3.74693,0.0166357,-2.58183e-08
15.6,2.7,0,3.74591,0.0168968,-2.95589e-08
15.6,2.8,0,3.74477,0.0171519,-3.34967e-08
15.6,2.9,0,3.74384,0.0172203,-3.18862e-08
15.6,3,0,3.7425,0.01745,-3.18333e-08
15.6,3.1,0,3.74153,0.0173893,-3.26966e-08
15.6,3.2,0,3.7404,0.0173717,-3.45688e-08
15.6,3.3,0,3.73913,0.0173132,-3.5204e-08
15.6,3.4,0,3.73814,0.0171057,-3.20797e-08
15.6,3.5,0,3.73667,0.016955,-2.83955e-08
15.6,3.6,0,3.73568,0.0166138,-2.9904e-08
15.6,3.7,0,3.73451,0.0162818,-2.9042e-08
15.6,3.8,0,3.7332,0.0158592,-2.69452e-08
15.6,3.9,0,3.73221,0.0153231,-2.95395e-08
15.6,4,0,3.73067,0.0146719,-2.70371e-08
15.6,4.1,0,3.72976,0.0140327,-3.05786e-08
15.6,4.2,0,3.72866,0.0133626,-3.14327e-08
15.6,4.3,0,3.7274,0.0125487,-3.33048e-08
15.6,4.4,0,3.72645,0.0116683,-4.29135e-08
15.6,4.5,0,3.72475,0.0104789,-4.27753e-08
15.6,4.6,0,3.72422,0.00945108,-4.84343e-08
15.6,4.7,0,3.72369,0.00827412,-5.15921e-08
15.6,4.8,0,3.72312,0.007099,-4.05937e-08
15.6,4.9,0,3.72249,0.00629845,-2.16918e-08
15.6,5,0,3.72139,0.00544752,-1.24396e-08
15.6,5.1,0,3.71746,0.00358673,4.01756e-08
15.6,5.2,0,3.71504,0.00142658,5.55168e-08
15.6,5.3,0,3.71346,-0.00104215,4.96911e-08
15.6,5.4,0,3.71269,-0.00374604,3.9414e-08
15.6,5.5,0,3.71253,-0.00653159,3.54196e-08
15.6,5.6,0,3.71284,-0.00931837,4.11049e-08
15.6,5.7,0,3.71373,-0.0120241,5.29724e-08
15.6,5.8,0,3.71537,-0.0145068,5.96412e-08
15.6,5.9,0,3.71788,-0.0167506,4.64459e-08
15.6,6,0,3.72296,-0.018572,-1.53332e-08
15.6,6.1,0,3.72364,-0.0192457,-1.75582e-08
15.6,6.2,0,3.72432,-0.0199195,-1.97832e-08
15.6,6.3,0,3.72536,-0.0204798,-2.67332e-08
15.6,6.4,0,3.72619,-0.0212954,-2.50308e-08
15.6,6.5,0,3.72682,-0.0222743,-1.75938e-08
15.6,6.6,0,3.72737,-0.0234208,-9.42235e-09
15.6,6.7,0,3.728,-0.0246809,-2.57603e-09
15.6,6.8,0,3.72913,-0.0254886,-1.96517e-09
15.6,6.9,0,3.73026,-0.0262973,-1.41268e-09
15.6,7,0,3.73225,-0.0274875,-2.12298e-08
15.6,7.1,0,3.73335,-0.0280343,-1.718e-08
15.6,7.2,0,3.73441,-0.0285473,-1.18741e-08
15.6,7.3,0,3.73581,-0.0290811,-1.84291e-09
15.6,7.4,0,3.73714,-0.0295391,-3.09052e-09
15.6,7.5,0,3.73829,-0.0299392,-1.35323e-08
15.6,7.6,0,3.73963,-0.0303731,-2.01579e-08
15.6,7.7,0,3.74123,-0.0308002,-1.67008e-08
15.6,7.8,0,3.74237,-0.0309725,-9.34856e-09
15.6,7.9,0,3.74351,-0.0311448,-1.99632e-09
15.6,8,0,3.74515,-0.0312412,-2.39356e-08
15.6,8.1,0,3.74633,-0.0312726,-2.46495e-08
15.6,8.2,0,3.74745,-0.0312972,-2.2844e-08
15.6,8.3,0,3.74887,-0.03126,-4.21095e-09
15.6,8.4,0,3.75019,-0.0311509,6.74542e-09
15.6,8.5,0,3.75128,-0.0310161,2.35098e-09
15.6,8.6,0,3.75248,-0.030839,-6.49298e-09
15.6,8.7,0,3.7539,-0.0305431,-2.13763e-08
15.6,8.8,0,3.75494,-0.0302727,-7.82737e-09
15.6,8.9,0,3.75597,-0.0300023,5.72159e-09
15.6,9,0,3.75735,-0.0295467,9.7615e-09
15.6,9.1,0,3.75838,-0.0291417,1.12222e-09
15.6,9.2,0,3.75935,-0.0287491,-9.57401e-09
15.6,9.3,0,3.7605,-0.028227,-5.75693e-09
15.6,9.4,0,3.7616,-0.0276639,4.79531e-09
15.6,9.5,0,3.76248,-0.0271644,1.03446e-08
15.6,9.6,0,3.76343,-0.026613,9.84193e-09
15.6,9.7,0,3.76456,-0.025882,-1.06754e-08
15.6,9.8,0,3.76536,-0.0252899,-9.84853e-09
15.6,9.9,0,3.76617,-0.0246978,-9.02167e-09
15.6,10,0,3.76718,-0.0238748,6.7267e-09
15.6,10.1,0,3.76797,-0.023165,-7.35261e-11
15.6,10.2,0,3.76868,-0.0224936,-1.31545e-08
15.6,10.3,0,3.7695,-0.0216809,-1.8948e-08
15.6,10.4,0,3.77029,-0.0208249,-9.56205e-09
15.6,10.5,0,3.77091,-0.0200867,9.57079e-09
15.6,10.6,0,3.77156,-0.0193045,2.34845e-08
15.6,10.7,0,3.77233,-0.0183022,8.47777e-09
15.6,10.8,0,3.77285,-0.0175085,-6.49238e-09
15.6,10.9,0,3.77338,-0.0167148,-2.14625e-08
15.6,11,0,3.77402,-0.0156878,-4.55326e-09
15.6,11.1,0,3.7745,-0.0147877,4.85663e-09
15.6,11.2,0,3.77492,-0.013949,9.15738e-09
15.6,11.3,0,3.7754,-0.0129777,-1.17621e-10
15.6,11.4,0,3.7758,-0.0119499,-8.79907e-09
15.6,11.5,0,3.77601,-0.011078,8.01316e-09
15.6,11.6,0,3.77623,-0.010176,2.3877e-08
15.6,11.7,0,3.77634,-0.00902386,3.02738e-08
15.6,11.8,0,3.77294,-0.00812235,1.39588e-08
15.6,11.9,0,3.76954,-0.00722084,-2.35608e-09
15.6,12,0,3.76613,-0.00609711,3.00285e-09
15.6,12.1,0,3.70819,-0.00513379,6.02314e-09
15.6,12.2,0,3.62688,-0.00427049,4.99187e-09
15.6,12.3,0,3.54542,-0.00329324,-2.07293e-09
15.6,12.4,0,3.12772,-0.00230808,-1.27751e-08
15.6,12.5,0,2.08595,-0.00162197,-1.36232e-08
15.6,12.6,0,1.04405,-0.00092331,-1.37022e-08
15.6,12.7,0,0,0,0
15.7,0,0,0,0,0
15.7,0.1,0,1.31197,0.000329978,-6.751e-09
15.7,0.2,0,2.62394,0.000659957,-1.3502e-08
15.7,0.3,0,3.36927,0.00126363,-1.79287e-08
15.7,0.4,0,3.54596,0.00190755,-2.21023e-08
15.7,0.5,0,3.72312,0.00274439,-2.3375e-08
15.7,0.6,0,3.73648,0.00348024,-2.50588e-08
15.7,0.7,0,3.74984,0.00421609,-2.67425e-08
15.7,0.8,0,3.75683,0.00515358,-2.71617e-08
15.7,0.9,0,3.75726,0.00586166,-2.76737e-08
15.7,1,0,3.75764,0.00678058,-2.93307e-08
15.7,1.1,0,3.75728,0.00745195,-2.93265e-08
15.7,1.2,0,3.75691,0.00812333,-2.93222e-08
15.7,1.3,0,3.75638,0.00897423,-2.7238e-08
15.7,1.4,0,3.75589,0.00959289,-2.61355e-08
15.7,1.5,0,3.75528,0.0104097,-2.86873e-08
15.7,1.6,0,3.75469,0.0109653,-2.5285e-08
15.7,1.7,0,3.7541,0.0115209,-2.18828e-08
15.7,1.8,0,3.75333,0.012228,-2.06726e-08
15.7,1.9,0,3.75266,0.0127091,-2.02268e-08
15.7,2,0,3.75182,0.0133675,-2.00252e-08
15.7,2.1,0,3.75107,0.0137626,-1.95971e-08
15.7,2.2,0,3.75031,0.0141578,-1.9169e-08
15.7,2.3,0,3.74934,0.0146675,-2.07918e-08
15.7,2.4,0,3.74852,0.0149651,-2.28713e-08
15.7,2.5,0,3.74748,0.0154093,-2.44363e-08
15.7,2.6,0,3.7466,0.0155981,-2.58788e-08
15.7,2.7,0,3.74572,0.0157869,-2.73213e-08
15.7,2.8,0,3.74457,0.016042,-3.12591e-08
15.7,2.9,0,3.74364,0.0161104,-2.96486e-08
15.7,3,0,3.74245,0.0162815,-2.90293e-08
15.7,3.1,0,3.74148,0.0162208,-2.98926e-08
15.7,3.2,0,3.74051,0.0161601,-3.07559e-08
15.7,3.3,0,3.73925,0.0161015,-3.1391e-08
15.7,3.4,0,3.73825,0.015894,-2.82668e-08
15.7,3.5,0,3.73696,0.0157227,-2.47862e-08
15.7,3.6,0,3.73597,0.0153815,-2.62947e-08
15.7,3.7,0,3.73498,0.0150402,-2.78032e-08
15.7,3.8,0,3.73367,0.0146177,-2.57063e-08
15.7,3.9,0,3.73268,0.0140816,-2.83007e-08
15.7,4,0,3.73134,0.0134722,-2.76516e-08
15.7,4.1,0,3.73043,0.012833,-3.11931e-08
15.7,4.2,0,3.72952,0.0121939,-3.47346e-08
15.7,4.3,0,3.72826,0.01138,-3.66067e-08
15.7,4.4,0,3.7273,0.0104995,-4.62155e-08
15.7,4.5,0,3.72588,0.00942253,-4.96216e-08
15.7,4.6,0,3.72535,0.00839466,-5.52806e-08
15.7,4.7,0,3.72481,0.0073668,-6.09396e-08
15.7,4.8,0,3.72424,0.00619167,-4.99411e-08
15.7,4.9,0,3.72361,0.00539113,-3.10392e-08
15.7,5,0,3.72268,0.00455852,-1.8278e-08
15.7,5.1,0,3.71933,0.00276839,4.1184e-08
15.7,5.2,0,3.71729,0.000775681,5.90175e-08
15.7,5.3,0,3.71597,-0.00147663,5.2648e-08
15.7,5.4,0,3.71533,-0.00392764,4.1033e-08
15.7,5.5,0,3.7152,-0.0064471,3.6427e-08
15.7,5.6,0,3.71548,-0.00896743,4.2639e-08
15.7,5.7,0,3.71624,-0.0114191,5.5597e-08
15.7,5.8,0,3.71765,-0.0136822,6.26335e-08
15.7,5.9,0,3.71978,-0.0157434,4.7566e-08
15.7,6,0,3.72415,-0.0175244,-2.03307e-08
15.7,6.1,0,3.72483,-0.0181981,-2.25557e-08
15.7,6.2,0,3.72551,-0.0188719,-2.47807e-08
15.7,6.3,0,3.72635,-0.019494,-2.91569e-08
15.7,6.4,0,3.72718,-0.0203096,-2.74545e-08
15.7,6.5,0,3.7278,-0.0212885,-2.00175e-08
15.7,6.6,0,3.72843,-0.0222674,-1.25806e-08
15.7,6.7,0,3.72907,-0.0235132,-5.79674e-09
15.7,6.8,0,3.73019,-0.0243209,-5.18588e-09
15.7,6.9,0,3.73132,-0.0251285,-4.57503e-09
15.7,7,0,3.73298,-0.0261733,-1.66295e-08
15.7,7.1,0,3.73409,-0.0267201,-1.25797e-08
15.7,7.2,0,3.73514,-0.0272331,-7.27376e-09
15.7,7.3,0,3.73634,-0.0277547,-1.36127e-11
15.7,7.4,0,3.73767,-0.0282127,-1.26122e-09
15.7,7.5,0,3.73882,-0.0286128,-1.1703e-08
15.7,7.6,0,3.73998,-0.0290129,-2.21448e-08
15.7,7.7,0,3.74153,-0.029431,-1.96957e-08
15.7,7.8,0,3.74267,-0.0296033,-1.23435e-08
15.7,7.9,0,3.74381,-0.0297756,-4.99124e-09
15.7,8,0,3.74525,-0.0299025,-1.51612e-08
15.7,8.1,0,3.74642,-0.0299339,-1.58751e-08
15.7,8.2,0,3.74755,-0.0299585,-1.40696e-08
15.7,8.3,0,3.74878,-0.0299605,-6.12326e-09
15.7,8.4,0,3.7501,-0.0298514,4.83311e-09
15.7,8.5,0,3.75119,-0.0297166,4.38668e-10
15.7,8.6,0,3.75228,-0.0295818,-3.95577e-09
15.7,8.7,0,3.75365,-0.0293077,-1.65515e-08
15.7,8.8,0,3.75468,-0.0290373,-3.00255e-09
15.7,8.9,0,3.75571,-0.0287669,1.05464e-08
15.7,9,0,3.75695,-0.0283898,1.86186e-08
15.7,9.1,0,3.75798,-0.0279848,9.97935e-09
15.7,9.2,0,3.75894,-0.0275923,-7.16878e-10
15.7,9.3,0,3.75997,-0.0271599,-6.95036e-09
15.7,9.4,0,3.76106,-0.0265967,3.60188e-09
15.7,9.5,0,3.76195,-0.0260973,9.15113e-09
15.7,9.6,0,3.76284,-0.0255979,1.47004e-08
15.7,9.7,0,3.76391,-0.0249129,-4.4697e-10
15.7,9.8,0,3.76471,-0.0243208,3.79896e-10
15.7,9.9,0,3.76552,-0.0237288,1.20676e-09
15.7,10,0,3.76644,-0.0230094,1.02567e-08
15.7,10.1,0,3.76722,-0.0222996,3.45647e-09
15.7,10.2,0,3.76794,-0.0216282,-9.6245e-09
15.7,10.3,0,3.76868,-0.0209231,-2.09664e-08
15.7,10.4,0,3.76947,-0.0200671,-1.15805e-08
15.7,10.5,0,3.77009,-0.0193288,7.55236e-09
15.7,10.6,0,3.77071,-0.0185906,2.66852e-08
15.7,10.7,0,3.77144,-0.0176544,1.95315e-08
15.7,10.8,0,3.77196,-0.0168607,4.56134e-09
15.7,10.9,0,3.77249,-0.016067,-1.04088e-08
15.7,11,0,3.77307,-0.0151512,-8.70183e-09
15.7,11.1,0,3.77356,-0.0142511,7.0806e-10
15.7,11.2,0,3.77398,-0.0134124,5.00881e-09
15.7,11.3,0,3.77441,-0.0125532,7.21109e-09
15.7,11.4,0,3.77481,-0.0115255,-1.47036e-09
15.7,11.5,0,3.77502,-0.0106536,1.53419e-08
15.7,11.6,0,3.77524,-0.00978169,3.21541e-08
15.7,11.7,0,3.77532,-0.00871174,4.11325e-08
15.7,11.8,0,3.77192,-0.00781023,2.48176e-08
15.7,11.9,0,3.76852,-0.00690872,8.50263e-09
15.7,12,0,3.76511,-0.005898,2.83957e-09
15.7,12.1,0,3.70717,-0.00493468,5.85985e-09
15.7,12.2,0,3.62586,-0.00407138,4.82859e-09
15.7,12.3,0,3.54455,-0.00320243,3.49779e-09
15.7,12.4,0,3.12684,-0.00221727,-7.20435e-09
15.7,12.5,0,2.08507,-0.00153115,-8.05248e-09
15.7,12.6,0,1.0433,-0.000845037,-8.90062e-09
15.7,12.7,0,0,0,0
15.8,0,0,0,0,0
15.8,0.1,0,1.31197,0.000329978,-6.751e-09
15.8,0.2,0,2.62394,0.000659957,-1.3502e-08
15.8,0.3,0,3.3687,0.00119693,-1.85205e-08
15.8,0.4,0,3.54539,0.00184085,-2.2694e-08
15.8,0.5,0,3.72228,0.00256745,-2.56243e-08
15.8,0.6,0,3.73564,0.0033033,-2.7308e-08
15.8,0.7,0,3.749,0.00403915,-2.89918e-08
15.8,0.8,0,3.75594,0.00485348,-2.97988e-08
15.8,0.9,0,3.75637,0.00556157,-3.03108e-08
15.8,1,0,3.75679,0.00636001,-3.13135e-08
15.8,1.1,0,3.75642,0.00703138,-3.13093e-08
15.8,1.2,0,3.75605,0.00770276,-3.1305e-08
15.8,1.3,0,3.75558,0.00843601,-3.00956e-08
15.8,1.4,0,3.75508,0.00905467,-2.89931e-08
15.8,1.5,0,3.75454,0.00975824,-2.94567e-08
15.8,1.6,0,3.75395,0.0103139,-2.60544e-08
15.8,1.7,0,3.75336,0.0108695,-2.26522e-08
15.8,1.8,0,3.75267,0.0114687,-2.10341e-08
15.8,1.9,0,3.752,0.0119499,-2.05883e-08
15.8,2,0,3.75125,0.012507,-2.02471e-08
15.8,2.1,0,3.7505,0.0129021,-1.98191e-08
15.8,2.2,0,3.74975,0.0132972,-1.9391e-08
15.8,2.3,0,3.74888,0.0137136,-2.05583e-08
15.8,2.4,0,3.74806,0.0140112,-2.26378e-08
15.8,2.5,0,3.74715,0.0143717,-2.44968e-08
15.8,2.6,0,3.74627,0.0145605,-2.59393e-08
15.8,2.7,0,3.74538,0.0147493,-2.73818e-08
15.8,2.8,0,3.74437,0.0149321,-2.90215e-08
15.8,2.9,0,3.74344,0.0150006,-2.7411e-08
15.8,3,0,3.7424,0.015113,-2.62253e-08
15.8,3.1,0,3.74143,0.0150523,-2.70886e-08
15.8,3.2,0,3.74046,0.0149916,-2.79519e-08
15.8,3.3,0,3.73936,0.0148898,-2.75781e-08
15.8,3.4,0,3.73837,0.0146823,-2.44538e-08
15.8,3.5,0,3.73725,0.0144903,-2.11769e-08
15.8,3.6,0,3.73625,0.0141491,-2.26854e-08
15.8,3.7,0,3.73526,0.0138079,-2.41939e-08
15.8,3.8,0,3.73414,0.0133761,-2.44675e-08
15.8,3.9,0,3.73315,0.0128401,-2.70618e-08
15.8,4,0,3.73201,0.0122726,-2.82661e-08
15.8,4.1,0,3.7311,0.0116334,-3.18076e-08
15.8,4.2,0,3.73019,0.0109942,-3.53491e-08
15.8,4.3,0,3.72912,0.0102112,-3.99087e-08
15.8,4.4,0,3.72816,0.00933079,-4.95174e-08
15.8,4.5,0,3.727,0.00836611,-5.64679e-08
15.8,4.6,0,3.72647,0.00733825,-6.21269e-08
15.8,4.7,0,3.72594,0.00631038,-6.77859e-08
15.8,4.8,0,3.72536,0.00528435,-5.92886e-08
15.8,4.9,0,3.72473,0.0044838,-4.03867e-08
15.8,5,0,3.72398,0.00366952,-2.41165e-08
15.8,5.1,0,3.7212,0.00195005,4.21924e-08
15.8,5.2,0,3.71954,0.00012478,6.25182e-08
15.8,5.3,0,3.71847,-0.0019111,5.56049e-08
15.8,5.4,0,3.71796,-0.00410925,4.2652e-08
15.8,5.5,0,3.71787,-0.00636262,3.74344e-08
15.8,5.6,0,3.71811,-0.00861649,4.41731e-08
15.8,5.7,0,3.71876,-0.0108141,5.82216e-08
15.8,5.8,0,3.71993,-0.0128577,6.56258e-08
15.8,5.9,0,3.72169,-0.0147362,4.86861e-08
15.8,6,0,3.72534,-0.0164767,-2.53281e-08
15.8,6.1,0,3.72602,-0.0171505,-2.75531e-08
15.8,6.2,0,3.7267,-0.0178243,-2.97781e-08
15.8,6.3,0,3.72738,-0.0184981,-3.20032e-08
15.8,6.4,0,3.72817,-0.0193238,-2.98782e-08
15.8,6.5,0,3.72879,-0.0203027,-2.24413e-08
15.8,6.6,0,3.72942,-0.0212816,-1.50043e-08
15.8,6.7,0,3.73013,-0.0223455,-9.01746e-09
15.8,6.8,0,3.73126,-0.0231531,-8.4066e-09
15.8,6.9,0,3.73239,-0.0239608,-7.79574e-09
15.8,7,0,3.73372,-0.0248591,-1.20292e-08
15.8,7.1,0,3.73482,-0.025406,-7.97943e-09
15.8,7.2,0,3.73588,-0.0259189,-2.67346e-09
15.8,7.3,0,3.73694,-0.0264319,2.63251e-09
15.8,7.4,0,3.7382,-0.0268863,5.68075e-10
15.8,7.5,0,3.73936,-0.0272864,-9.87372e-09
15.8,7.6,0,3.74051,-0.0276865,-2.03155e-08
15.8,7.7,0,3.74183,-0.0280617,-2.26906e-08
15.8,7.8,0,3.74297,-0.0282341,-1.53384e-08
15.8,7.9,0,3.74411,-0.0284064,-7.98615e-09
15.8,8,0,3.74534,-0.0285638,-6.38681e-09
15.8,8.1,0,3.74652,-0.0285952,-7.10072e-09
15.8,8.2,0,3.74765,-0.0286198,-5.29523e-09
15.8,8.3,0,3.74877,-0.0286443,-3.48975e-09
15.8,8.4,0,3.75002,-0.0285519,2.92079e-09
15.8,8.5,0,3.7511,-0.0284171,-1.47365e-09
15.8,8.6,0,3.75219,-0.0282823,-5.86809e-09
15.8,8.7,0,3.75339,-0.0280723,-1.17267e-08
15.8,8.8,0,3.75442,-0.0278019,1.82226e-09
15.8,8.9,0,3.75546,-0.0275314,1.53712e-08
15.8,9,0,3.75654,-0.0272329,2.74758e-08
15.8,9.1,0,3.75758,-0.0268279,1.88365e-08
15.8,9.2,0,3.75854,-0.0264354,8.14025e-09
15.8,9.3,0,3.7595,-0.0260428,-2.55598e-09
15.8,9.4,0,3.76053,-0.0255296,2.40845e-09
15.8,9.5,0,3.76141,-0.0250301,7.9577e-09
15.8,9.6,0,3.7623,-0.0245307,1.3507e-08
15.8,9.7,0,3.76326,-0.0239438,9.78146e-09
15.8,9.8,0,3.76407,-0.0233518,1.06083e-08
15.8,9.9,0,3.76487,-0.0227597,1.14352e-08
15.8,10,0,3.7657,-0.022144,1.37867e-08
15.8,10.1,0,3.76648,-0.0214343,6.98647e-09
15.8,10.2,0,3.76719,-0.0207628,-6.0945e-09
15.8,10.3,0,3.76791,-0.0200914,-1.91755e-08
15.8,10.4,0,3.76864,-0.0193092,-1.35989e-08
15.8,10.5,0,3.76926,-0.018571,5.53393e-09
15.8,10.6,0,3.76988,-0.0178328,2.46668e-08
15.8,10.7,0,3.77055,-0.0170065,3.05852e-08
15.8,10.8,0,3.77107,-0.0162128,1.56151e-08
15.8,10.9,0,3.7716,-0.0154191,6.44901e-10
15.8,11,0,3.77213,-0.0146146,-1.28504e-08
15.8,11.1,0,3.77261,-0.0137145,-3.44051e-09
15.8,11.2,0,3.77303,-0.0128758,8.60235e-10
15.8,11.3,0,3.77346,-0.0120371,5.16098e-09
15.8,11.4,0,3.77383,-0.0111011,5.85836e-09
15.8,11.5,0,3.77404,-0.0102292,2.26706e-08
15.8,11.6,0,3.77425,-0.00935725,3.94828e-08
15.8,11.7,0,3.7743,-0.00839963,5.19912e-08
15.8,11.8,0,3.7709,-0.00749811,3.56763e-08
15.8,11.9,0,3.7675,-0.0065966,1.93613e-08
15.8,12,0,3.7641,-0.00569509,3.04642e-09
15.8,12.1,0,3.70616,-0.00473557,5.69656e-09
15.8,12.2,0,3.62485,-0.00387227,4.6653e-09
15.8,12.3,0,3.54354,-0.00300897,3.63404e-09
15.8,12.4,0,3.12597,-0.00212646,-1.63363e-09
15.8,12.5,0,2.0842,-0.00144034,-2.48177e-09
15.8,12.6,0,1.04243,-0.000754226,-3.3299e-09
15.8,12.7,0,0,0,0
15.9,0,0,0,0,0
15.9,0.1,0,1.31189,0.000319486,-5.65746e-09
15.9,0.2,0,2.62386,0.000649464,-1.24085e-08
15.9,0.3,0,3.36815,0.00111798,-1.76339e-08
15.9,0.4,0,3.54483,0.0017619,-2.18074e-08
15.9,0.5,0,3.72152,0.00240582,-2.59809e-08
15.9,0.6,0,3.73488,0.00312089,-2.7574e-08
15.9,0.7,0,3.74824,0.00385674,-2.92577e-08
15.9,0.8,0,3.75514,0.00455851,-3.03369e-08
15.9,0.9,0,3.75558,0.0052666,-3.08489e-08
15.9,1,0,3.75602,0.00597468,-3.13609e-08
15.9,1.1,0,3.75566,0.00662655,-3.14496e-08
15.9,1.2,0,3.75529,0.00729793,-3.14454e-08
15.9,1.3,0,3.75487,0.00792449,-3.09368e-08
15.9,1.4,0,3.75437,0.00854314,-2.98343e-08
15.9,1.5,0,3.75388,0.0091618,-2.87318e-08
15.9,1.6,0,3.75331,0.00970021,-2.56323e-08
15.9,1.7,0,3.75272,0.0102558,-2.22301e-08
15.9,1.8,0,3.7521,0.0107585,-2.03348e-08
15.9,1.9,0,3.75143,0.0112397,-1.9889e-08
15.9,2,0,3.75076,0.0117208,-1.94432e-08
15.9,2.1,0,3.75002,0.012102,-1.8907e-08
15.9,2.2,0,3.74927,0.0124972,-1.8479e-08
15.9,2.3,0,3.74851,0.0128317,-1.89781e-08
15.9,2.4,0,3.74769,0.0131294,-2.10576e-08
15.9,2.5,0,3.74686,0.013427,-2.31371e-08
15.9,2.6,0,3.746,0.0136065,-2.41356e-08
15.9,2.7,0,3.74512,0.0137953,-2.55781e-08
15.9,2.8,0,3.74424,0.0139173,-2.54692e-08
15.9,2.9,0,3.74331,0.0139858,-2.38587e-08
15.9,3,0,3.74237,0.0140543,-2.22482e-08
15.9,3.1,0,3.74143,0.0139901,-2.30343e-08
15.9,3.2,0,3.74046,0.0139294,-2.38976e-08
15.9,3.3,0,3.73951,0.0137956,-2.31012e-08
15.9,3.4,0,3.73852,0.0135881,-1.99769e-08
15.9,3.5,0,3.73753,0.0133806,-1.68527e-08
15.9,3.6,0,3.73657,0.0130429,-1.85977e-08
15.9,3.7,0,3.73558,0.0127017,-2.01062e-08
15.9,3.8,0,3.73462,0.0122729,-2.2291e-08
15.9,3.9,0,3.73363,0.0117368,-2.48854e-08
15.9,4,0,3.73264,0.0112007,-2.74797e-08
15.9,4.1,0,3.73176,0.0105729,-3.12098e-08
15.9,4.2,0,3.73085,0.00993374,-3.47513e-08
15.9,4.3,0,3.72995,0.00919434,-4.15224e-08
15.9,4.4,0,3.72899,0.0083139,-5.11311e-08
15.9,4.5,0,3.72804,0.00743345,-6.07399e-08
15.9,4.6,0,3.72752,0.00643051,-6.6543e-08
15.9,4.7,0,3.72699,0.00540264,-7.2202e-08
15.9,4.8,0,3.72643,0.00450323,-6.53299e-08
15.9,4.9,0,3.7258,0.00370268,-4.64279e-08
15.9,5,0,3.72517,0.00290214,-2.7526e-08
15.9,5.1,0,3.72287,0.00125204,4.40912e-08
15.9,5.2,0,3.72153,-0.000426035,6.62848e-08
15.9,5.3,0,3.72067,-0.00227439,5.87756e-08
15.9,5.4,0,3.72027,-0.00425494,4.44397e-08
15.9,5.5,0,3.7202,-0.00627989,3.82249e-08
15.9,5.6,0,3.72042,-0.00830508,4.46858e-08
15.9,5.7,0,3.72097,-0.0102842,5.88859e-08
15.9,5.8,0,3.72194,-0.0121378,6.62285e-08
15.9,5.9,0,3.7234,-0.0138567,4.82451e-08
15.9,6,0,3.72645,-0.0155521,-2.85363e-08
15.9,6.1,0,3.7271,-0.0162137,-2.98543e-08
15.9,6.2,0,3.72778,-0.0168874,-3.20793e-08
15.9,6.3,0,3.72846,-0.0175612,-3.43043e-08
15.9,6.4,0,3.72909,-0.0184019,-3.15483e-08
15.9,6.5,0,3.72971,-0.0193808,-2.41113e-08
15.9,6.6,0,3.73034,-0.0203597,-1.66744e-08
15.9,6.7,0,3.73107,-0.0212618,-9.8031e-09
15.9,6.8,0,3.7322,-0.0220694,-9.19225e-09
15.9,6.9,0,3.73332,-0.022877,-8.58139e-09
15.9,7,0,3.73445,-0.0236847,-7.97053e-09
15.9,7.1,0,3.73548,-0.0242012,-4.52928e-09
15.9,7.2,0,3.73653,-0.0247142,7.76688e-10
15.9,7.3,0,3.73759,-0.0252272,6.08266e-09
15.9,7.4,0,3.73867,-0.0256624,3.30169e-09
15.9,7.5,0,3.73982,-0.0260624,-7.1401e-09
15.9,7.6,0,3.74097,-0.0264625,-1.75819e-08
15.9,7.7,0,3.74209,-0.0268046,-2.31258e-08
15.9,7.8,0,3.74323,-0.026977,-1.57736e-08
15.9,7.9,0,3.74436,-0.0271493,-8.42133e-09
15.9,8,0,3.7455,-0.0273216,-1.06909e-09
15.9,8.1,0,3.74659,-0.0273636,-7.77738e-10
15.9,8.2,0,3.74772,-0.0273882,1.02775e-09
15.9,8.3,0,3.74884,-0.0274128,2.83323e-09
15.9,8.4,0,3.74992,-0.027357,4.04684e-09
15.9,8.5,0,3.751,-0.0272222,-3.476e-10
15.9,8.6,0,3.75209,-0.0270874,-4.74204e-09
15.9,8.7,0,3.75314,-0.026936,-8.86171e-09
15.9,8.8,0,3.75417,-0.0266656,4.68724e-09
15.9,8.9,0,3.7552,-0.0263952,1.82362e-08
15.9,9,0,3.75624,-0.0261248,3.17852e-08
15.9,9.1,0,3.75718,-0.025764,2.70028e-08
15.9,9.2,0,3.75815,-0.0253715,1.63066e-08
15.9,9.3,0,3.75911,-0.0249789,5.61039e-09
15.9,9.4,0,3.76002,-0.0245487,2.32818e-09
15.9,9.5,0,3.7609,-0.0240492,7.87743e-09
15.9,9.6,0,3.76179,-0.0235498,1.34267e-08
15.9,9.7,0,3.76265,-0.0230539,1.71616e-08
15.9,9.8,0,3.76345,-0.0224619,1.79885e-08
15.9,9.9,0,3.76426,-0.0218698,1.88153e-08
15.9,10,0,3.76506,-0.0212778,1.96422e-08
15.9,10.1,0,3.76578,-0.020641,1.23339e-08
15.9,10.2,0,3.76649,-0.0199696,-7.47028e-10
15.9,10.3,0,3.76721,-0.0192982,-1.3828e-08
15.9,10.4,0,3.76786,-0.0186165,-1.65686e-08
15.9,10.5,0,3.76848,-0.0178783,2.56426e-09
15.9,10.6,0,3.76911,-0.0171401,2.16971e-08
15.9,10.7,0,3.7697,-0.016417,4.06719e-08
15.9,10.8,0,3.77023,-0.0156233,2.57017e-08
15.9,10.9,0,3.77075,-0.0148296,1.07316e-08
15.9,11,0,3.77128,-0.0140359,-4.23856e-09
15.9,11.1,0,3.77172,-0.0132298,-5.60127e-09
15.9,11.2,0,3.77214,-0.0123911,-1.30052e-09
15.9,11.3,0,3.77256,-0.0115524,3.00023e-09
15.9,11.4,0,3.77289,-0.0107221,9.48704e-09
15.9,11.5,0,3.77311,-0.00985021,2.62993e-08
15.9,11.6,0,3.77332,-0.00897831,4.31115e-08
15.9,11.7,0,3.77335,-0.00811649,6.00272e-08
15.9,11.8,0,3.76995,-0.00722555,4.53212e-08
15.9,11.9,0,3.76655,-0.00632404,2.90063e-08
15.9,12,0,3.76315,-0.00542253,1.26914e-08
15.9,12.1,0,3.70524,-0.00456893,5.90306e-09
15.9,12.2,0,3.62393,-0.00370563,4.8718e-09
15.9,12.3,0,3.54262,-0.00284233,3.84053e-09
15.9,12.4,0,3.12531,-0.00205835,2.5444e-09
15.9,12.5,0,2.08354,-0.00137224,1.69627e-09
15.9,12.6,0,1.04177,-0.000686118,8.48134e-10
15.9,12.7,0,0,0,0
16,0,0,0,0,0
16,0.1,0,1.31155,0.000277515,-1.28332e-09
16,0.2,0,2.62353,0.000607493,-8.03432e-09
16,0.3,0,3.36764,0.00100229,-1.23123e-08
16,0.4,0,3.54432,0.00164621,-1.64858e-08
16,0.5,0,3.72101,0.00229013,-2.06593e-08
16,0.6,0,3.73433,0.00292207,-2.18899e-08
16,0.7,0,3.7477,0.00365792,-2.35736e-08
16,0.8,0,3.75462,0.0042789,-2.45778e-08
16,0.9,0,3.75506,0.00498698,-2.50898e-08
16,1,0,3.7555,0.00569507,-2.56018e-08
16,1.1,0,3.75518,0.00626894,-2.60626e-08
16,1.2,0,3.75481,0.00694032,-2.60583e-08
16,1.3,0,3.75444,0.00749304,-2.57291e-08
16,1.4,0,3.75394,0.0081117,-2.46266e-08
16,1.5,0,3.75345,0.00873035,-2.35241e-08
16,1.6,0,3.75293,0.00919997,-2.16357e-08
16,1.7,0,3.75235,0.00975558,-1.82334e-08
16,1.8,0,3.7518,0.0101955,-1.6453e-08
16,1.9,0,3.75113,0.0106767,-1.60072e-08
16,2,0,3.75045,0.0111578,-1.55614e-08
16,2.1,0,3.7498,0.0114835,-1.45928e-08
16,2.2,0,3.74905,0.0118786,-1.41647e-08
16,2.3,0,3.74836,0.0121661,-1.33573e-08
16,2.4,0,3.74754,0.0124637,-1.54368e-08
16,2.5,0,3.74672,0.0127614,-1.75163e-08
16,2.6,0,3.74595,0.0129033,-1.6739e-08
16,2.7,0,3.74507,0.0130921,-1.81815e-08
16,2.8,0,3.74429,0.0131879,-1.79731e-08
16,2.9,0,3.74336,0.0132564,-1.63626e-08
16,3,0,3.74242,0.0133249,-1.47521e-08
16,3.1,0,3.74159,0.0132468,-1.52292e-08
16,3.2,0,3.74062,0.0131861,-1.60925e-08
16,3.3,0,3.73978,0.0130538,-1.66324e-08
16,3.4,0,3.73879,0.0128463,-1.35082e-08
16,3.5,0,3.7378,0.0126388,-1.03839e-08
16,3.6,0,3.73695,0.012315,-1.30751e-08
16,3.7,0,3.73596,0.0119738,-1.45836e-08
16,3.8,0,3.73513,0.0115843,-1.73018e-08
16,3.9,0,3.73414,0.0110482,-1.98962e-08
16,4,0,3.73315,0.0105122,-2.24905e-08
16,4.1,0,3.73238,0.00992989,-2.69751e-08
16,4.2,0,3.73147,0.00929071,-3.05166e-08
16,4.3,0,3.7307,0.00863296,-3.80714e-08
16,4.4,0,3.72975,0.00775251,-4.76802e-08
16,4.5,0,3.72879,0.00687207,-5.72889e-08
16,4.6,0,3.72833,0.00596881,-6.36686e-08
16,4.7,0,3.7278,0.00494094,-6.93276e-08
16,4.8,0,3.72734,0.00410072,-6.14526e-08
16,4.9,0,3.72671,0.00330017,-4.25507e-08
16,5,0,3.72608,0.00249962,-2.36488e-08
16,5.1,0,3.72397,0.000914981,4.86611e-08
16,5.2,0,3.72274,-0.000676595,7.08491e-08
16,5.3,0,3.72196,-0.00242411,6.2588e-08
16,5.4,0,3.72159,-0.00429287,4.67334e-08
16,5.5,0,3.72153,-0.00620246,3.83645e-08
16,5.6,0,3.72174,-0.00811225,4.21341e-08
16,5.7,0,3.72225,-0.00997972,5.36693e-08
16,5.8,0,3.72315,-0.0117319,5.96625e-08
16,5.9,0,3.7245,-0.0133604,4.31207e-08
16,6,0,3.72732,-0.0149964,-2.63764e-08
16,6.1,0,3.72787,-0.0156091,-2.40666e-08
16,6.2,0,3.72855,-0.0162828,-2.62916e-08
16,6.3,0,3.72922,-0.0169566,-2.85166e-08
16,6.4,0,3.7298,-0.0176717,-3.09575e-08
16,6.5,0,3.73043,-0.0186506,-2.35205e-08
16,6.6,0,3.73105,-0.0196295,-1.60836e-08
16,6.7,0,3.73169,-0.0204774,-6.04881e-09
16,6.8,0,3.73274,-0.0212376,-2.67269e-09
16,6.9,0,3.73387,-0.0220452,-2.06183e-09
16,7,0,3.73499,-0.0228528,-1.45097e-09
16,7.1,0,3.73588,-0.0233247,-4.5296e-09
16,7.2,0,3.73694,-0.0238377,7.76372e-10
16,7.3,0,3.738,-0.0243507,6.08234e-09
16,7.4,0,3.73892,-0.0247457,8.74825e-09
16,7.5,0,3.74008,-0.0251457,-1.69354e-09
16,7.6,0,3.74123,-0.0255458,-1.21353e-08
16,7.7,0,3.74229,-0.0258864,-1.69549e-08
16,7.8,0,3.74335,-0.0260563,-8.52954e-09
16,7.9,0,3.74448,-0.0262287,-1.1773e-09
16,8,0,3.74562,-0.026401,6.17494e-09
16,8.1,0,3.74658,-0.0264535,-1.80894e-09
16,8.2,0,3.74771,-0.0264781,-3.45336e-12
16,8.3,0,3.74883,-0.0265027,1.80203e-09
16,8.4,0,3.74978,-0.0264759,1.4288e-08
16,8.5,0,3.75087,-0.0263411,9.89353e-09
16,8.6,0,3.75195,-0.0262063,5.49909e-09
16,8.7,0,3.75297,-0.0260666,-2.23126e-09
16,8.8,0,3.75392,-0.025827,1.67273e-09
16,8.9,0,3.75495,-0.0255566,1.52217e-08
16,9,0,3.75599,-0.0252862,2.87706e-08
16,9.1,0,3.75684,-0.0249791,3.30969e-08
16,9.2,0,3.7578,-0.0245866,2.24007e-08
16,9.3,0,3.75876,-0.0241941,1.17045e-08
16,9.4,0,3.75958,-0.0238265,5.58738e-09
16,9.5,0,3.76046,-0.0233271,1.11366e-08
16,9.6,0,3.76135,-0.0228277,1.66859e-08
16,9.7,0,3.7622,-0.0223417,1.97935e-08
16,9.8,0,3.76293,-0.0218096,1.68237e-08
16,9.9,0,3.76374,-0.0212175,1.76506e-08
16,10,0,3.76454,-0.0206254,1.84774e-08
16,10.1,0,3.76519,-0.0200641,2.31338e-08
16,10.2,0,3.7659,-0.0193927,1.00528e-08
16,10.3,0,3.76662,-0.0187212,-3.02813e-09
16,10.4,0,3.76722,-0.0181133,-2.11514e-08
16,10.5,0,3.76784,-0.017381,-3.25914e-09
16,10.6,0,3.76846,-0.0166427,1.58737e-08
16,10.7,0,3.76906,-0.0159206,3.49941e-08
16,10.8,0,3.76954,-0.0152088,3.28874e-08
16,10.9,0,3.77006,-0.0144151,1.79172e-08
16,11,0,3.77059,-0.0136214,2.94706e-09
16,11.1,0,3.77099,-0.0129005,-1.79857e-09
16,11.2,0,3.77141,-0.0120618,2.50218e-09
16,11.3,0,3.77183,-0.0112231,6.80293e-09
16,11.4,0,3.77214,-0.0104618,4.32933e-09
16,11.5,0,3.77235,-0.00960775,1.88278e-08
16,11.6,0,3.77256,-0.00873584,3.56401e-08
16,11.7,0,3.77259,-0.00787403,5.25557e-08
16,11.8,0,3.76919,-0.00707166,5.13248e-08
16,11.9,0,3.76579,-0.00617015,3.50099e-08
16,12,0,3.76239,-0.00526863,1.8695e-08
16,12.1,0,3.70459,-0.00449968,7.21891e-09
16,12.2,0,3.62328,-0.00363638,6.18765e-09
16,12.3,0,3.54197,-0.00277308,5.15639e-09
16,12.4,0,3.1251,-0.0020351,2.9863e-09
16,12.5,0,2.08354,-0.00137224,1.69627e-09
16,12.6,0,1.04177,-0.000686118,8.48134e-10
16,12.7,0,0,0,0
16.1,0,0,0,0,0
16.1,0.1,0,1.31122,0.000235544,3.09082e-09
16.1,0.2,0,2.62319,0.000565523,-3.66018e-09
16.1,0.3,0,3.36721,0.000923455,-7.46443e-09
16.1,0.4,0,3.54381,0.00153051,-1.11642e-08
16.1,0.5,0,3.7205,0.00217443,-1.53377e-08
16.1,0.6,0,3.73379,0.00272324,-1.62058e-08
16.1,0.7,0,3.74715,0.00345909,-1.78895e-08
16.1,0.8,0,3.75409,0.00403968,-1.88562e-08
16.1,0.9,0,3.75454,0.00470737,-1.93307e-08
16.1,1,0,3.75498,0.00541546,-1.98427e-08
16.1,1.1,0,3.7547,0.00591133,-2.06755e-08
16.1,1.2,0,3.75433,0.0065827,-2.06712e-08
16.1,1.3,0,3.75398,0.00709851,-2.04317e-08
16.1,1.4,0,3.75351,0.00768025,-1.94189e-08
16.1,1.5,0,3.75302,0.00829891,-1.83164e-08
16.1,1.6,0,3.75256,0.00869972,-1.76391e-08
16.1,1.7,0,3.75197,0.00925534,-1.42368e-08
16.1,1.8,0,3.75146,0.00966391,-1.25139e-08
16.1,1.9,0,3.75082,0.0101137,-1.21255e-08
16.1,2,0,3.75015,0.0105948,-1.16797e-08
16.1,2.1,0,3.74957,0.010865,-1.02785e-08
16.1,2.2,0,3.74882,0.0112601,-9.85045e-09
16.1,2.3,0,3.74818,0.011524,-8.38985e-09
16.1,2.4,0,3.7474,0.011798,-9.81611e-09
16.1,2.5,0,3.74658,0.0120957,-1.18956e-08
16.1,2.6,0,3.7459,0.0122002,-9.3424e-09
16.1,2.7,0,3.74502,0.012389,-1.07849e-08
16.1,2.8,0,3.74429,0.0124717,-1.05267e-08
16.1,2.9,0,3.74341,0.012527,-8.86643e-09
16.1,3,0,3.74248,0.0125955,-7.25593e-09
16.1,3.1,0,3.74175,0.0125035,-7.4242e-09
16.1,3.2,0,3.74078,0.0124428,-8.2875e-09
16.1,3.3,0,3.74,0.0123113,-9.4955e-09
16.1,3.4,0,3.73906,0.0121045,-7.03939e-09
16.1,3.5,0,3.73807,0.011897,-3.91514e-09
16.1,3.6,0,3.73734,0.0115872,-7.55249e-09
16.1,3.7,0,3.73635,0.011246,-9.06099e-09
16.1,3.8,0,3.73557,0.0108761,-1.20459e-08
16.1,3.9,0,3.73465,0.0103597,-1.4907e-08
16.1,4,0,3.73366,0.00982359,-1.75014e-08
16.1,4.1,0,3.733,0.00928686,-2.27403e-08
16.1,4.2,0,3.73209,0.00864768,-2.62818e-08
16.1,4.3,0,3.73139,0.00803075,-3.42286e-08
16.1,4.4,0,3.73051,0.00719113,-4.42292e-08
16.1,4.5,0,3.72955,0.00631069,-5.3838e-08
16.1,4.6,0,3.72914,0.00550711,-6.07943e-08
16.1,4.7,0,3.72861,0.00447924,-6.64533e-08
16.1,4.8,0,3.7282,0.00366861,-5.80769e-08
16.1,4.9,0,3.72762,0.00289766,-3.86735e-08
16.1,5,0,3.72699,0.00209711,-1.97716e-08
16.1,5.1,0,3.72507,0.000577926,5.32309e-08
16.1,5.2,0,3.72395,-0.000927155,7.54134e-08
16.1,5.3,0,3.72324,-0.00257382,6.64005e-08
16.1,5.4,0,3.72291,-0.00433081,4.90271e-08
16.1,5.5,0,3.72286,-0.00612503,3.8504e-08
16.1,5.6,0,3.72306,-0.00791942,3.95824e-08
16.1,5.7,0,3.72353,-0.0096752,4.84527e-08
16.1,5.8,0,3.72436,-0.011326,5.30965e-08
16.1,5.9,0,3.7256,-0.0128641,3.79963e-08
16.1,6,0,3.7282,-0.0144407,-2.42165e-08
16.1,6.1,0,3.72863,-0.0150045,-1.82789e-08
16.1,6.2,0,3.72931,-0.0156783,-2.05039e-08
16.1,6.3,0,3.72999,-0.016352,-2.2729e-08
16.1,6.4,0,3.73055,-0.0170109,-2.74967e-08
16.1,6.5,0,3.73114,-0.0179205,-2.29297e-08
16.1,6.6,0,3.73177,-0.0188993,-1.54927e-08
16.1,6.7,0,3.73241,-0.0197472,-5.45798e-09
16.1,6.8,0,3.73328,-0.0204057,3.84687e-09
16.1,6.9,0,3.73441,-0.0212134,4.45772e-09
16.1,7,0,3.73554,-0.022021,5.06858e-09
16.1,7.1,0,3.73629,-0.0224483,-4.52991e-09
16.1,7.2,0,3.73735,-0.0229612,7.76056e-10
16.1,7.3,0,3.7384,-0.0234742,6.08203e-09
16.1,7.4,0,3.73928,-0.0238564,1.04755e-08
16.1,7.5,0,3.74034,-0.024229,3.75301e-09
16.1,7.6,0,3.74149,-0.0246291,-6.68878e-09
16.1,7.7,0,3.74255,-0.0249696,-1.15083e-08
16.1,7.8,0,3.74346,-0.0251357,-1.28551e-09
16.1,7.9,0,3.7446,-0.025308,6.06673e-09
16.1,8,0,3.74574,-0.0254804,1.3419e-08
16.1,8.1,0,3.74657,-0.0255434,-2.84014e-09
16.1,8.2,0,3.74769,-0.025568,-1.03465e-09
16.1,8.3,0,3.74882,-0.0255926,7.70832e-10
16.1,8.4,0,3.74974,-0.0255712,1.53598e-08
16.1,8.5,0,3.75073,-0.0254601,2.01347e-08
16.1,8.6,0,3.75182,-0.0253253,1.57402e-08
16.1,8.7,0,3.75283,-0.0251855,8.00987e-09
16.1,8.8,0,3.75367,-0.0249884,-1.34179e-09
16.1,8.9,0,3.75471,-0.024718,1.22072e-08
16.1,9,0,3.75574,-0.0244476,2.57561e-08
16.1,9.1,0,3.75649,-0.0241927,3.89191e-08
16.1,9.2,0,3.75745,-0.0238017,2.84948e-08
16.1,9.3,0,3.75841,-0.0234092,1.77986e-08
16.1,9.4,0,3.75922,-0.0230451,1.15228e-08
16.1,9.5,0,3.76003,-0.0226049,1.43958e-08
16.1,9.6,0,3.76091,-0.0221055,1.99451e-08
16.1,9.7,0,3.76176,-0.0216196,2.30527e-08
16.1,9.8,0,3.76241,-0.0211573,1.5659e-08
16.1,9.9,0,3.76322,-0.0205652,1.64858e-08
16.1,10,0,3.76402,-0.0199731,1.73127e-08
16.1,10.1,0,3.76461,-0.0194751,3.2014e-08
16.1,10.2,0,3.76532,-0.0188157,2.08527e-08
16.1,10.3,0,3.76603,-0.0181443,7.77174e-09
16.1,10.4,0,3.76664,-0.0175363,-1.03516e-08
16.1,10.5,0,3.7672,-0.0168836,-9.08254e-09
16.1,10.6,0,3.76782,-0.0161454,1.00503e-08
16.1,10.7,0,3.76842,-0.0154232,2.91707e-08
16.1,10.8,0,3.76885,-0.0147943,4.0073e-08
16.1,10.9,0,3.76937,-0.0140006,2.51028e-08
16.1,11,0,3.76989,-0.0132069,1.01327e-08
16.1,11.1,0,3.77027,-0.0125464,2.98871e-09
16.1,11.2,0,3.77068,-0.0117325,6.30488e-09
16.1,11.3,0,3.7711,-0.0108938,1.06056e-08
16.1,11.4,0,3.77141,-0.0101325,8.13203e-09
16.1,11.5,0,3.77159,-0.00936529,1.13564e-08
16.1,11.6,0,3.7718,-0.00849338,2.81686e-08
16.1,11.7,0,3.77183,-0.00763156,4.50843e-08
16.1,11.8,0,3.76844,-0.00691776,5.73284e-08
16.1,11.9,0,3.76504,-0.00601625,4.10135e-08
16.1,12,0,3.76164,-0.00511474,2.46986e-08
16.1,12.1,0,3.7039,-0.00439475,1.05113e-08
16.1,12.2,0,3.62263,-0.00356714,7.50351e-09
16.1,12.3,0,3.54133,-0.00270384,6.47225e-09
16.1,12.4,0,3.12445,-0.00196585,4.30215e-09
16.1,12.5,0,2.08354,-0.00137224,1.69627e-09
16.1,12.6,0,1.04177,-0.000686118,8.48134e-10
16.1,12.7,0,0,0,0
16.2,0,0,0,0,0
16.2,0.1,0,1.31089,0.000193574,7.46496e-09
16.2,0.2,0,2.62286,0.000523552,7.13964e-10
16.2,0.3,0,3.36688,0.000881484,-3.09029e-09
16.2,0.4,0,3.5433,0.00141482,-5.84264e-09
16.2,0.5,0,3.71999,0.00205874,-1.00161e-08
16.2,0.6,0,3.73325,0.00252442,-1.05217e-08
16.2,0.7,0,3.74661,0.00326027,-1.22054e-08
16.2,0.8,0,3.75355,0.00384086,-1.31721e-08
16.2,0.9,0,3.75402,0.00442776,-1.35716e-08
16.2,1,0,3.75446,0.00513584,-1.40836e-08
16.2,1.1,0,3.75422,0.00555371,-1.52884e-08
16.2,1.2,0,3.75385,0.00622509,-1.52842e-08
16.2,1.3,0,3.7535,0.0067409,-1.50447e-08
16.2,1.4,0,3.75308,0.0072488,-1.42112e-08
16.2,1.5,0,3.75259,0.00786746,-1.31087e-08
16.2,1.6,0,3.75219,0.00819948,-1.36424e-08
16.2,1.7,0,3.7516,0.00875509,-1.02402e-08
16.2,1.8,0,3.75109,0.00916367,-8.51721e-09
16.2,1.9,0,3.75052,0.00955069,-8.24376e-09
16.2,2,0,3.74984,0.0100318,-7.79796e-09
16.2,2.1,0,3.74934,0.0102464,-5.96424e-09
16.2,2.2,0,3.74859,0.0106415,-5.53619e-09
16.2,2.3,0,3.74795,0.0109054,-4.07559e-09
16.2,2.4,0,3.74726,0.0111323,-4.19538e-09
16.2,2.5,0,3.74643,0.01143,-6.27488e-09
16.2,2.6,0,3.74585,0.0114971,-1.9458e-09
16.2,2.7,0,3.74497,0.0116859,-3.3883e-09
16.2,2.8,0,3.74424,0.0117686,-3.1301e-09
16.2,2.9,0,3.74346,0.0117977,-1.37029e-09
16.2,3,0,3.74253,0.0118662,2.40214e-10
16.2,3.1,0,3.74191,0.0117602,3.80839e-10
16.2,3.2,0,3.74094,0.0116995,-4.82461e-10
16.2,3.3,0,3.74016,0.011568,-1.69046e-09
16.2,3.4,0,3.73933,0.0113627,-5.70618e-10
16.2,3.5,0,3.73834,0.0111552,2.55363e-09
16.2,3.6,0,3.73773,0.0108594,-2.02988e-09
16.2,3.7,0,3.73674,0.0105182,-3.53838e-09
16.2,3.8,0,3.73596,0.0101482,-6.52333e-09
16.2,3.9,0,3.73516,0.00967108,-9.91784e-09
16.2,4,0,3.73417,0.00913502,-1.25122e-08
16.2,4.1,0,3.73363,0.00864383,-1.85056e-08
16.2,4.2,0,3.73272,0.00800465,-2.20471e-08
16.2,4.3,0,3.73202,0.00738772,-2.99939e-08
16.2,4.4,0,3.73126,0.00662975,-4.07783e-08
16.2,4.5,0,3.73031,0.00574931,-5.0387e-08
16.2,4.6,0,3.72996,0.00504541,-5.79199e-08
16.2,4.7,0,3.72942,0.00401754,-6.35789e-08
16.2,4.8,0,3.72901,0.00320691,-5.52025e-08
16.2,4.9,0,3.72853,0.00249514,-3.47963e-08
16.2,5,0,3.7279,0.00169459,-1.58944e-08
16.2,5.1,0,3.72616,0.000240871,5.78008e-08
16.2,5.2,0,3.72516,-0.00117771,7.99777e-08
16.2,5.3,0,3.72452,-0.00272354,7.02129e-08
16.2,5.4,0,3.72423,-0.00436874,5.13208e-08
16.2,5.5,0,3.72419,-0.00604759,3.86436e-08
16.2,5.6,0,3.72438,-0.00772659,3.70307e-08
16.2,5.7,0,3.72482,-0.00937068,4.32361e-08
16.2,5.8,0,3.72558,-0.0109201,4.65305e-08
16.2,5.9,0,3.72671,-0.0123678,3.28719e-08
16.2,6,0,3.72907,-0.013885,-2.20567e-08
16.2,6.1,0,3.72947,-0.0144311,-1.4806e-08
16.2,6.2,0,3.73007,-0.0150737,-1.47163e-08
16.2,6.3,0,3.73075,-0.0157474,-1.69413e-08
16.2,6.4,0,3.73131,-0.0164063,-2.1709e-08
16.2,6.5,0,3.73186,-0.0171903,-2.23389e-08
16.2,6.6,0,3.73248,-0.0181692,-1.49019e-08
16.2,6.7,0,3.73312,-0.019017,-4.86716e-09
16.2,6.8,0,3.73383,-0.0195739,1.03664e-08
16.2,6.9,0,3.73495,-0.0203816,1.09773e-08
16.2,7,0,3.73608,-0.0211892,1.15881e-08
16.2,7.1,0,3.7368,-0.0216061,4.81314e-10
16.2,7.2,0,3.73776,-0.0220848,7.75741e-10
16.2,7.3,0,3.73881,-0.0225977,6.08171e-09
16.2,7.4,0,3.73969,-0.0229799,1.04752e-08
16.2,7.5,0,3.74059,-0.0233123,9.19957e-09
16.2,7.6,0,3.74175,-0.0237124,-1.24222e-09
16.2,7.7,0,3.74281,-0.0240529,-6.06178e-09
16.2,7.8,0,3.74358,-0.0242151,5.95852e-09
16.2,7.9,0,3.74472,-0.0243874,1.33108e-08
16.2,8,0,3.74586,-0.0245597,2.0663e-08
16.2,8.1,0,3.74667,-0.0246238,3.57019e-09
16.2,8.2,0,3.74768,-0.0246579,-2.06585e-09
16.2,8.3,0,3.7488,-0.0246825,-2.60368e-10
16.2,8.4,0,3.74973,-0.0246611,1.43286e-08
16.2,8.5,0,3.75059,-0.024579,3.03758e-08
16.2,8.6,0,3.75168,-0.0244442,2.59813e-08
16.2,8.7,0,3.7527,-0.0243045,1.8251e-08
16.2,8.8,0,3.75344,-0.0241449,-2.823e-09
16.2,8.9,0,3.75446,-0.0238794,9.19266e-09
16.2,9,0,3.75549,-0.0236089,2.27416e-08
16.2,9.1,0,3.75624,-0.023354,3.59046e-08
16.2,9.2,0,3.7571,-0.0230169,3.45889e-08
16.2,9.3,0,3.75806,-0.0226243,2.38926e-08
16.2,9.4,0,3.75887,-0.0222603,1.76169e-08
16.2,9.5,0,3.75959,-0.0218828,1.7655e-08
16.2,9.6,0,3.76047,-0.0213834,2.32043e-08
16.2,9.7,0,3.76132,-0.0208974,2.63119e-08
16.2,9.8,0,3.76192,-0.0204877,1.55837e-08
16.2,9.9,0,3.7627,-0.0199129,1.53211e-08
16.2,10,0,3.76351,-0.0193208,1.6148e-08
16.2,10.1,0,3.7641,-0.0188228,3.08492e-08
16.2,10.2,0,3.76473,-0.0182388,3.16526e-08
16.2,10.3,0,3.76545,-0.0175674,1.85716e-08
16.2,10.4,0,3.76605,-0.0169594,4.48312e-10
16.2,10.5,0,3.76655,-0.0163863,-1.49059e-08
16.2,10.6,0,3.76717,-0.015648,4.2269e-09
16.2,10.7,0,3.76777,-0.0149259,2.33473e-08
16.2,10.8,0,3.76817,-0.0143485,4.23559e-08
16.2,10.9,0,3.76868,-0.013586,3.22884e-08
16.2,11,0,3.7692,-0.0127923,1.73183e-08
16.2,11.1,0,3.76958,-0.0121318,1.01743e-08
16.2,11.2,0,3.76995,-0.0114032,1.01076e-08
16.2,11.3,0,3.77037,-0.0105645,1.44083e-08
16.2,11.4,0,3.77068,-0.00980324,1.19347e-08
16.2,11.5,0,3.77083,-0.00912283,3.88498e-09
16.2,11.6,0,3.77105,-0.00825092,2.06972e-08
16.2,11.7,0,3.77108,-0.0073891,3.76129e-08
16.2,11.8,0,3.76768,-0.00671892,5.64939e-08
16.2,11.9,0,3.76428,-0.00586236,4.70171e-08
16.2,12,0,3.76088,-0.00496085,3.07022e-08
16.2,12.1,0,3.70314,-0.00424085,1.65149e-08
16.2,12.2,0,3.62199,-0.00349789,8.81937e-09
16.2,12.3,0,3.54068,-0.00263459,7.78811e-09
16.2,12.4,0,3.1238,-0.00189661,5.61801e-09
16.2,12.5,0,2.08354,-0.00137224,1.69627e-09
16.2,12.6,0,1.04177,-0.000686118,8.48134e-10
16.2,12.7,0,0,0,0
16.3,0,0,0,0,0
16.3,0.1,0,1.3108,0.000183081,8.5585e-09
16.3,0.2,0,2.62252,0.000481581,5.08811e-09
16.3,0.3,0,3.36655,0.000839513,1.28386e-09
16.3,0.4,0,3.54279,0.00129912,-5.21071e-10
16.3,0.5,0,3.71948,0.00194304,-4.69457e-09
16.3,0.6,0,3.73273,0.00238794,-5.10946e-09
16.3,0.7,0,3.74607,0.00306145,-6.52131e-09
16.3,0.8,0,3.75301,0.00364203,-7.48796e-09
16.3,0.9,0,3.7535,0.00414815,-7.8125e-09
16.3,1,0,3.75394,0.00485623,-8.3245e-09
16.3,1.1,0,3.75371,0.0052546,-9.62236e-09
16.3,1.2,0,3.75337,0.00586748,-9.89713e-09
16.3,1.3,0,3.75302,0.00638328,-9.65763e-09
16.3,1.4,0,3.75265,0.00681735,-9.00352e-09
16.3,1.5,0,3.75215,0.00743601,-7.90103e-09
16.3,1.6,0,3.75177,0.00775083,-8.73748e-09
16.3,1.7,0,3.75123,0.00825484,-6.24352e-09
16.3,1.8,0,3.75071,0.00866342,-4.52057e-09
16.3,1.9,0,3.75021,0.0089877,-4.36202e-09
16.3,2,0,3.74954,0.00946884,-3.91622e-09
16.3,2.1,0,3.74905,0.00966954,-1.97437e-09
16.3,2.2,0,3.74836,0.010023,-1.22193e-09
16.3,2.3,0,3.74772,0.0102869,2.38668e-10
16.3,2.4,0,3.74711,0.0104666,1.42535e-09
16.3,2.5,0,3.74629,0.0107643,-6.54154e-10
16.3,2.6,0,3.74573,0.0108221,4.1189e-09
16.3,2.7,0,3.74492,0.0109828,4.0083e-09
16.3,2.8,0,3.74419,0.0110655,4.2665e-09
16.3,2.9,0,3.74351,0.0110683,6.12586e-09
16.3,3,0,3.74258,0.0111368,7.73636e-09
16.3,3.1,0,3.74198,0.0110273,7.95421e-09
16.3,3.2,0,3.7411,0.0109562,7.32258e-09
16.3,3.3,0,3.74031,0.0108247,6.11458e-09
16.3,3.4,0,3.73961,0.0106209,5.89815e-09
16.3,3.5,0,3.73861,0.0104134,9.0224e-09
16.3,3.6,0,3.73803,0.0101211,4.20235e-09
16.3,3.7,0,3.73713,0.00979034,1.98424e-09
16.3,3.8,0,3.73635,0.00942041,-1.00071e-09
16.3,3.9,0,3.73567,0.00898251,-4.92867e-09
16.3,4,0,3.73468,0.00844645,-7.52302e-09
16.3,4.1,0,3.73416,0.00796665,-1.3705e-08
16.3,4.2,0,3.73334,0.00736162,-1.78123e-08
16.3,4.3,0,3.73264,0.00674469,-2.57591e-08
16.3,4.4,0,3.73202,0.00606837,-3.73274e-08
16.3,4.5,0,3.73107,0.00518792,-4.69361e-08
16.3,4.6,0,3.73073,0.00450894,-5.46131e-08
16.3,4.7,0,3.73024,0.00355584,-6.07045e-08
16.3,4.8,0,3.72983,0.00274521,-5.23281e-08
16.3,4.9,0,3.72944,0.00209263,-3.09191e-08
16.3,5,0,3.72881,0.00129208,-1.20172e-08
16.3,5.1,0,3.72726,-9.61844e-05,6.23706e-08
16.3,5.2,0,3.72637,-0.00142827,8.4542e-08
16.3,5.3,0,3.7258,-0.00287326,7.40253e-08
16.3,5.4,0,3.72555,-0.00440668,5.36145e-08
16.3,5.5,0,3.72552,-0.00597016,3.87832e-08
16.3,5.6,0,3.7257,-0.00753376,3.4479e-08
16.3,5.7,0,3.7261,-0.00906616,3.80196e-08
16.3,5.8,0,3.72679,-0.0105142,3.99645e-08
16.3,5.9,0,3.72781,-0.0118715,2.77474e-08
16.3,6,0,3.72995,-0.0133292,-1.98968e-08
16.3,6.1,0,3.73034,-0.0138754,-1.26462e-08
16.3,6.2,0,3.73084,-0.0144691,-8.92858e-09
16.3,6.3,0,3.73152,-0.0151428,-1.11536e-08
16.3,6.4,0,3.73208,-0.0158017,-1.59213e-08
16.3,6.5,0,3.73257,-0.0164601,-2.1748e-08
16.3,6.6,0,3.7332,-0.017439,-1.43111e-08
16.3,6.7,0,3.73384,-0.0182869,-4.27633e-09
16.3,6.8,0,3.73452,-0.018829,1.182e-08
16.3,6.9,0,3.7355,-0.0195497,1.74968e-08
16.3,7,0,3.73662,-0.0203574,1.81077e-08
16.3,7.1,0,3.73735,-0.0207743,7.00087e-09
16.3,7.2,0,3.73816,-0.0212083,7.75425e-10
16.3,7.3,0,3.73922,-0.0217212,6.0814e-09
16.3,7.4,0,3.7401,-0.0221034,1.04749e-08
16.3,7.5,0,3.74086,-0.0223984,1.426e-08
16.3,7.6,0,3.742,-0.0227957,4.20434e-09
16.3,7.7,0,3.74306,-0.0231362,-6.15225e-10
16.3,7.8,0,3.74384,-0.0232983,1.14319e-08
16.3,7.9,0,3.74484,-0.0234668,2.05548e-08
16.3,8,0,3.74598,-0.0236391,2.7907e-08
16.3,8.1,0,3.74679,-0.0237032,1.08142e-08
16.3,8.2,0,3.74767,-0.0237478,-3.09705e-09
16.3,8.3,0,3.74879,-0.0237723,-1.29157e-09
16.3,8.4,0,3.74972,-0.023751,1.32974e-08
16.3,8.5,0,3.75048,-0.0236921,3.83456e-08
16.3,8.6,0,3.75155,-0.0235632,3.62225e-08
16.3,8.7,0,3.75256,-0.0234234,2.84921e-08
16.3,8.8,0,3.7533,-0.0232638,7.41813e-09
16.3,8.9,0,3.75421,-0.0230407,6.17814e-09
16.3,9,0,3.75524,-0.0227703,1.97271e-08
16.3,9.1,0,3.75599,-0.0225154,3.28901e-08
16.3,9.2,0,3.75675,-0.022232,4.0683e-08
16.3,9.3,0,3.75772,-0.0218394,2.99867e-08
16.3,9.4,0,3.75852,-0.0214754,2.3711e-08
16.3,9.5,0,3.75918,-0.0211398,2.18557e-08
16.3,9.6,0,3.76003,-0.0206612,2.64635e-08
16.3,9.7,0,3.76088,-0.0201753,2.95711e-08
16.3,9.8,0,3.76148,-0.0197656,1.88429e-08
16.3,9.9,0,3.76218,-0.0192606,1.41564e-08
16.3,10,0,3.76299,-0.0186685,1.49832e-08
16.3,10.1,0,3.76358,-0.0181705,2.96845e-08
16.3,10.2,0,3.76415,-0.0176619,4.24525e-08
16.3,10.3,0,3.76486,-0.0169904,2.93715e-08
16.3,10.4,0,3.76546,-0.0163825,1.12482e-08
16.3,10.5,0,3.76594,-0.0158521,-1.3038e-08
16.3,10.6,0,3.76653,-0.0151507,-1.5965e-09
16.3,10.7,0,3.76713,-0.0144285,1.75239e-08
16.3,10.8,0,3.76753,-0.0138512,3.65325e-08
16.3,10.9,0,3.76799,-0.0131715,3.9474e-08
16.3,11,0,3.76851,-0.0123778,2.45039e-08
16.3,11.1,0,3.76889,-0.0117173,1.73599e-08
16.3,11.2,0,3.76922,-0.0110739,1.39103e-08
16.3,11.3,0,3.76964,-0.0102352,1.8211e-08
16.3,11.4,0,3.76995,-0.00947395,1.57374e-08
16.3,11.5,0,3.77009,-0.00882885,3.10231e-09
16.3,11.6,0,3.77029,-0.00800846,1.32258e-08
16.3,11.7,0,3.77032,-0.00714664,3.01415e-08
16.3,11.8,0,3.76692,-0.00647646,4.90225e-08
16.3,11.9,0,3.76353,-0.00570846,5.30207e-08
16.3,12,0,3.76013,-0.00480695,3.67058e-08
16.3,12.1,0,3.70239,-0.00408696,2.25185e-08
16.3,12.2,0,3.62134,-0.00342865,1.01352e-08
16.3,12.3,0,3.54003,-0.00256535,9.10396e-09
16.3,12.4,0,3.12315,-0.00182736,6.93387e-09
16.3,12.5,0,2.08307,-0.00132211,2.64879e-09
16.3,12.6,0,1.04177,-0.000686118,8.48134e-10
16.3,12.7,0,0,0,0
16.4,0,0,0,0,0
16.4,0.1,0,1.3108,0.000183081,8.5585e-09
16.4,0.2,0,2.62219,0.000439611,9.46225e-09
16.4,0.3,0,3.36621,0.000797543,5.658e-09
16.4,0.4,0,3.54228,0.00118343,4.8005e-09
16.4,0.5,0,3.71897,0.00182735,6.27e-10
16.4,0.6,0,3.73222,0.00227225,2.1211e-10
16.4,0.7,0,3.74553,0.00286262,-8.3721e-10
16.4,0.8,0,3.75247,0.00344321,-1.80386e-09
16.4,0.9,0,3.75298,0.00386853,-2.05341e-09
16.4,1,0,3.75342,0.00457662,-2.56541e-09
16.4,1.1,0,3.75319,0.00497499,-3.86327e-09
16.4,1.2,0,3.75289,0.00550986,-4.51007e-09
16.4,1.3,0,3.75254,0.00602567,-4.27057e-09
16.4,1.4,0,3.75222,0.00638591,-3.79582e-09
16.4,1.5,0,3.75172,0.00700456,-2.69333e-09
16.4,1.6,0,3.75134,0.00731938,-3.52978e-09
16.4,1.7,0,3.75085,0.0077546,-2.24688e-09
16.4,1.8,0,3.75034,0.00816318,-5.23925e-10
16.4,1.9,0,3.74991,0.00842472,-4.80275e-10
16.4,2,0,3.74923,0.00890585,-3.4475e-11
16.4,2.1,0,3.74875,0.00910655,1.90737e-09
16.4,2.2,0,3.74813,0.00940447,3.09233e-09
16.4,2.3,0,3.74749,0.00966834,4.55293e-09
16.4,2.4,0,3.74697,0.00980096,7.04608e-09
16.4,2.5,0,3.74615,0.0100986,4.96657e-09
16.4,2.6,0,3.74559,0.0101564,9.73962e-09
16.4,2.7,0,3.74487,0.0102797,1.14049e-08
16.4,2.8,0,3.74414,0.0103623,1.16631e-08
16.4,2.9,0,3.74356,0.0103389,1.3622e-08
16.4,3,0,3.74263,0.0104074,1.52325e-08
16.4,3.1,0,3.74204,0.010298,1.54504e-08
16.4,3.2,0,3.74125,0.0102129,1.51276e-08
16.4,3.3,0,3.74047,0.0100814,1.39196e-08
16.4,3.4,0,3.73988,0.00987911,1.23669e-08
16.4,3.5,0,3.73889,0.00967159,1.54912e-08
16.4,3.6,0,3.7383,0.00937927,1.06711e-08
16.4,3.7,0,3.73752,0.0090625,7.50685e-09
16.4,3.8,0,3.73674,0.00869258,4.5219e-09
16.4,3.9,0,3.73617,0.00829395,6.05e-11
16.4,4,0,3.73519,0.00775788,-2.53385e-09
16.4,4.1,0,3.73467,0.00727808,-8.71585e-09
16.4,4.2,0,3.73396,0.00671859,-1.35776e-08
16.4,4.3,0,3.73326,0.00610166,-2.15244e-08
16.4,4.4,0,3.73278,0.00550699,-3.38764e-08
16.4,4.5,0,3.73182,0.00462654,-4.34852e-08
16.4,4.6,0,3.73148,0.00394756,-5.11622e-08
16.4,4.7,0,3.73105,0.00309414,-5.78302e-08
16.4,4.8,0,3.73064,0.00228351,-4.94537e-08
16.4,4.9,0,3.73035,0.00169011,-2.70419e-08
16.4,5,0,3.72972,0.000889566,-8.13999e-09
16.4,5.1,0,3.72836,-0.000433239,6.69405e-08
16.4,5.2,0,3.72758,-0.00167883,8.91062e-08
16.4,5.3,0,3.72708,-0.00302298,7.78378e-08
16.4,5.4,0,3.72686,-0.00444461,5.59083e-08
16.4,5.5,0,3.72685,-0.00589273,3.89228e-08
16.4,5.6,0,3.72702,-0.00734093,3.19273e-08
16.4,5.7,0,3.72738,-0.00876164,3.2803e-08
16.4,5.8,0,3.728,-0.0101084,3.33985e-08
16.4,5.9,0,3.72891,-0.0113752,2.2623e-08
16.4,6,0,3.73082,-0.0127735,-1.77369e-08
16.4,6.1,0,3.73121,-0.0133197,-1.04863e-08
16.4,6.2,0,3.73161,-0.0138658,-3.23565e-09
16.4,6.3,0,3.73228,-0.0145383,-5.3659e-09
16.4,6.4,0,3.73284,-0.0151972,-1.01337e-08
16.4,6.5,0,3.73334,-0.0158481,-1.62706e-08
16.4,6.6,0,3.73391,-0.0167089,-1.37203e-08
16.4,6.7,0,3.73455,-0.0175567,-3.6855e-09
16.4,6.8,0,3.73523,-0.0180988,1.24108e-08
16.4,6.9,0,3.73604,-0.0187179,2.40164e-08
16.4,7,0,3.73717,-0.0195255,2.46272e-08
16.4,7.1,0,3.73789,-0.0199424,1.35204e-08
16.4,7.2,0,3.73859,-0.0203388,1.79688e-09
16.4,7.3,0,3.73963,-0.0208448,6.08108e-09
16.4,7.4,0,3.74051,-0.021227,1.04745e-08
16.4,7.5,0,3.74127,-0.021522,1.42597e-08
16.4,7.6,0,3.74226,-0.0218789,9.65089e-09
16.4,7.7,0,3.74332,-0.0222195,4.83133e-09
16.4,7.8,0,3.7441,-0.0223816,1.68785e-08
16.4,7.9,0,3.74496,-0.0225461,2.77988e-08
16.4,8,0,3.7461,-0.0227185,3.51511e-08
16.4,8.1,0,3.74691,-0.0227826,1.80582e-08
16.4,8.2,0,3.74769,-0.0228346,-1.75067e-09
16.4,8.3,0,3.74878,-0.0228622,-2.32277e-09
16.4,8.4,0,3.7497,-0.0228409,1.22662e-08
16.4,8.5,0,3.75047,-0.022782,3.73144e-08
16.4,8.6,0,3.75141,-0.0226821,4.64636e-08
16.4,8.7,0,3.75243,-0.0225423,3.87333e-08
16.4,8.8,0,3.75317,-0.0223828,1.76593e-08
16.4,8.9,0,3.75396,-0.0222021,3.16363e-09
16.4,9,0,3.75499,-0.0219317,1.67126e-08
16.4,9.1,0,3.75574,-0.0216768,2.98756e-08
16.4,9.2,0,3.75644,-0.0214246,4.29705e-08
16.4,9.3,0,3.75737,-0.0210546,3.60808e-08
16.4,9.4,0,3.75817,-0.0206905,2.98051e-08
16.4,9.5,0,3.75883,-0.0203549,2.79498e-08
16.4,9.6,0,3.7596,-0.0199391,2.97227e-08
16.4,9.7,0,3.76044,-0.0194531,3.28303e-08
16.4,9.8,0,3.76104,-0.0190435,2.21021e-08
16.4,9.9,0,3.76167,-0.0186083,1.29916e-08
16.4,10,0,3.76247,-0.0180162,1.38185e-08
16.4,10.1,0,3.76306,-0.0175182,2.85198e-08
16.4,10.2,0,3.7636,-0.0170436,4.66896e-08
16.4,10.3,0,3.76427,-0.0164135,4.01714e-08
16.4,10.4,0,3.76488,-0.0158056,2.20481e-08
16.4,10.5,0,3.76535,-0.0152752,-2.2381e-09
16.4,10.6,0,3.76589,-0.0146533,-7.4199e-09
16.4,10.7,0,3.76648,-0.0139312,1.17005e-08
16.4,10.8,0,3.76688,-0.0133538,3.07091e-08
16.4,10.9,0,3.7673,-0.012757,4.66597e-08
16.4,11,0,3.76782,-0.0119633,3.16895e-08
16.4,11.1,0,3.76819,-0.0113028,2.45456e-08
16.4,11.2,0,3.76852,-0.0106867,2.00103e-08
16.4,11.3,0,3.76892,-0.0099059,2.20137e-08
16.4,11.4,0,3.76922,-0.00914465,1.95401e-08
16.4,11.5,0,3.76936,-0.00849955,6.90501e-09
16.4,11.6,0,3.76953,-0.00776599,5.75436e-09
16.4,11.7,0,3.76956,-0.00690417,2.267e-08
16.4,11.8,0,3.76617,-0.006234,4.15511e-08
16.4,11.9,0,3.76277,-0.00555457,5.90243e-08
16.4,12,0,3.75937,-0.00465306,4.27094e-08
16.4,12.1,0,3.70163,-0.00393306,2.85221e-08
16.4,12.2,0,3.62061,-0.00329086,1.52468e-08
16.4,12.3,0,3.53938,-0.0024961,1.04198e-08
16.4,12.4,0,3.12251,-0.00175812,8.24972e-09
16.4,12.5,0,2.08243,-0.00125287,3.96465e-09
16.4,12.6,0,1.04177,-0.000686118,8.48134e-10
16.4,12.7,0,0,0,0
16.5,0,0,0,0,0
16.5,0.1,0,1.3108,0.000183081,8.5585e-09
16.5,0.2,0,2.62186,0.00039764,1.38364e-08
16.5,0.3,0,3.36588,0.000755572,1.00321e-08
16.5,0.4,0,3.54195,0.00114146,9.17464e-09
16.5,0.5,0,3.71846,0.00171165,5.94857e-09
16.5,0.6,0,3.73171,0.00215655,5.53368e-09
16.5,0.7,0,3.74499,0.0026638,4.84689e-09
16.5,0.8,0,3.75193,0.00324439,3.88024e-09
16.5,0.9,0,3.75244,0.00366971,3.63069e-09
16.5,1,0,3.7529,0.00429701,3.19368e-09
16.5,1.1,0,3.75267,0.00469538,1.89582e-09
16.5,1.2,0,3.75241,0.00515225,8.76982e-10
16.5,1.3,0,3.75206,0.00566805,1.11648e-09
16.5,1.4,0,3.75174,0.00602829,1.59123e-09
16.5,1.5,0,3.75129,0.00657312,2.51437e-09
16.5,1.6,0,3.75091,0.00688793,1.67792e-09
16.5,1.7,0,3.75048,0.00725435,1.74977e-09
16.5,1.8,0,3.74997,0.00766293,3.47272e-09
16.5,1.9,0,3.74953,0.00792447,3.51637e-09
16.5,2,0,3.74893,0.00834286,3.84727e-09
16.5,2.1,0,3.74844,0.00854357,5.78912e-09
16.5,2.2,0,3.7479,0.00878593,7.40658e-09
16.5,2.3,0,3.74727,0.0090498,8.86718e-09
16.5,2.4,0,3.74674,0.00918242,1.13603e-08
16.5,2.5,0,3.746,0.00943292,1.05873e-08
16.5,2.6,0,3.74545,0.00949069,1.53604e-08
16.5,2.7,0,3.74482,0.00957653,1.88015e-08
16.5,2.8,0,3.74409,0.00965921,1.90597e-08
16.5,2.9,0,3.74351,0.0096358,2.10186e-08
16.5,3,0,3.74268,0.00967802,2.27286e-08
16.5,3.1,0,3.74209,0.00956858,2.29465e-08
16.5,3.2,0,3.74141,0.00946958,2.29327e-08
16.5,3.3,0,3.74063,0.00933808,2.17247e-08
16.5,3.4,0,3.74004,0.00913581,2.0172e-08
16.5,3.5,0,3.73916,0.00892979,2.19599e-08
16.5,3.6,0,3.73858,0.00863747,1.71399e-08
16.5,3.7,0,3.7379,0.00833467,1.30295e-08
16.5,3.8,0,3.73713,0.00796474,1.00445e-08
16.5,3.9,0,3.73656,0.00756611,5.58311e-09
16.5,4,0,3.7357,0.00706931,2.45532e-09
16.5,4.1,0,3.73518,0.00658951,-3.72668e-09
16.5,4.2,0,3.73458,0.00607556,-9.34286e-09
16.5,4.3,0,3.73389,0.00545863,-1.72896e-08
16.5,4.4,0,3.7334,0.00486396,-2.96417e-08
16.5,4.5,0,3.73258,0.00406516,-4.00342e-08
16.5,4.6,0,3.73224,0.00338618,-4.77112e-08
16.5,4.7,0,3.73186,0.00263244,-5.49558e-08
16.5,4.8,0,3.73145,0.00182181,-4.65794e-08
16.5,4.9,0,3.73116,0.00122841,-2.41675e-08
16.5,5,0,3.73063,0.000487052,-4.26278e-09
16.5,5.1,0,3.72945,-0.000770295,7.15104e-08
16.5,5.2,0,3.72879,-0.00192939,9.36705e-08
16.5,5.3,0,3.72837,-0.00317269,8.16502e-08
16.5,5.4,0,3.72818,-0.00448255,5.8202e-08
16.5,5.5,0,3.72818,-0.00581529,3.90623e-08
16.5,5.6,0,3.72833,-0.0071481,2.93755e-08
16.5,5.7,0,3.72867,-0.00845712,2.75864e-08
16.5,5.8,0,3.72922,-0.00970248,2.68325e-08
16.5,5.9,0,3.73002,-0.0108789,1.74986e-08
16.5,6,0,3.73169,-0.0122178,-1.55771e-08
16.5,6.1,0,3.73209,-0.0127639,-8.32642e-09
16.5,6.2,0,3.73248,-0.0133101,-1.07578e-09
16.5,6.3,0,3.73305,-0.0139337,4.21788e-10
16.5,6.4,0,3.73361,-0.0145926,-4.34598e-09
16.5,6.5,0,3.7341,-0.0152435,-1.04829e-08
16.5,6.6,0,3.73463,-0.0159787,-1.31294e-08
16.5,6.7,0,3.73527,-0.0168265,-3.09467e-09
16.5,6.8,0,3.73595,-0.0173686,1.30017e-08
16.5,6.9,0,3.73662,-0.0179107,2.9098e-08
16.5,7,0,3.73771,-0.0186937,3.11468e-08
16.5,7.1,0,3.73843,-0.0191106,2.004e-08
16.5,7.2,0,3.73914,-0.019507,8.31644e-09
16.5,7.3,0,3.74004,-0.0199683,6.08076e-09
16.5,7.4,0,3.74092,-0.0203505,1.04742e-08
16.5,7.5,0,3.74168,-0.0206455,1.42593e-08
16.5,7.6,0,3.74252,-0.0209622,1.50975e-08
16.5,7.7,0,3.74358,-0.0213028,1.02779e-08
16.5,7.8,0,3.74435,-0.0214649,2.2325e-08
16.5,7.9,0,3.74513,-0.021627,3.43721e-08
16.5,8,0,3.74622,-0.0217978,4.23951e-08
16.5,8.1,0,3.74703,-0.0218619,2.53023e-08
16.5,8.2,0,3.74781,-0.021914,5.49336e-09
16.5,8.3,0,3.74876,-0.0219521,-3.35397e-09
16.5,8.4,0,3.74969,-0.0219308,1.1235e-08
16.5,8.5,0,3.75046,-0.0218719,3.62832e-08
16.5,8.6,0,3.75127,-0.0218011,5.67047e-08
16.5,8.7,0,3.75229,-0.0216613,4.89744e-08
16.5,8.8,0,3.75303,-0.0215017,2.79004e-08
16.5,8.9,0,3.75377,-0.0213421,6.82639e-09
16.5,9,0,3.75475,-0.0210931,1.36981e-08
16.5,9.1,0,3.7555,-0.0208382,2.68611e-08
16.5,9.2,0,3.7562,-0.020586,3.9956e-08
16.5,9.3,0,3.75702,-0.0202697,4.21749e-08
16.5,9.4,0,3.75783,-0.0199056,3.58991e-08
16.5,9.5,0,3.75848,-0.0195701,3.40438e-08
16.5,9.6,0,3.75916,-0.019217,3.29819e-08
16.5,9.7,0,3.76,-0.018731,3.60895e-08
16.5,9.8,0,3.7606,-0.0183213,2.53613e-08
16.5,9.9,0,3.7612,-0.0179117,1.46331e-08
16.5,10,0,3.76195,-0.0173639,1.26537e-08
16.5,10.1,0,3.76254,-0.0168658,2.7355e-08
16.5,10.2,0,3.76308,-0.0163913,4.55249e-08
16.5,10.3,0,3.76369,-0.0158366,5.09712e-08
16.5,10.4,0,3.76429,-0.0152286,3.28479e-08
16.5,10.5,0,3.76476,-0.0146983,8.56177e-09
16.5,10.6,0,3.76524,-0.014156,-1.32433e-08
16.5,10.7,0,3.76584,-0.0134339,5.87711e-09
16.5,10.8,0,3.76624,-0.0128565,2.48857e-08
16.5,10.9,0,3.76664,-0.0122791,4.38944e-08
16.5,11,0,3.76713,-0.0115488,3.88751e-08
16.5,11.1,0,3.7675,-0.0108883,3.17312e-08
16.5,11.2,0,3.76783,-0.0102722,2.71959e-08
16.5,11.3,0,3.76819,-0.00957661,2.58164e-08
16.5,11.4,0,3.7685,-0.00881536,2.33428e-08
16.5,11.5,0,3.76863,-0.00817025,1.07077e-08
16.5,11.6,0,3.76877,-0.00752353,-1.71707e-09
16.5,11.7,0,3.7688,-0.00666171,1.51986e-08
16.5,11.8,0,3.76541,-0.00599153,3.40796e-08
16.5,11.9,0,3.76202,-0.00532136,5.29607e-08
16.5,12,0,3.75862,-0.00449916,4.8713e-08
16.5,12.1,0,3.70088,-0.00377917,3.45257e-08
16.5,12.2,0,3.61985,-0.00313697,2.12504e-08
16.5,12.3,0,3.53874,-0.00242686,1.17357e-08
16.5,12.4,0,3.12186,-0.00168888,9.56558e-09
16.5,12.5,0,2.08178,-0.00118362,5.28051e-09
16.5,12.6,0,1.0417,-0.000678366,9.95432e-10
16.5,12.7,0,0,0,0
16.6,0,0,0,0,0
16.6,0.1,0,1.3108,0.000183081,8.5585e-09
16.6,0.2,0,2.62161,0.000366162,1.7117e-08
16.6,0.3,0,3.36554,0.000713601,1.44063e-08
16.6,0.4,0,3.54161,0.00109949,1.35488e-08
16.6,0.5,0,3.71795,0.00159596,1.12701e-08
16.6,0.6,0,3.7312,0.00204086,1.08553e-08
16.6,0.7,0,3.74445,0.00248576,1.04404e-08
16.6,0.8,0,3.75138,0.00304556,9.56435e-09
16.6,0.9,0,3.7519,0.00347089,9.3148e-09
16.6,1,0,3.75238,0.0040174,8.95277e-09
16.6,1.1,0,3.75215,0.00441577,7.65491e-09
16.6,1.2,0,3.75192,0.00481414,6.35705e-09
16.6,1.3,0,3.75158,0.00531044,6.50354e-09
16.6,1.4,0,3.75126,0.00567068,6.97829e-09
16.6,1.5,0,3.75086,0.00614167,7.72207e-09
16.6,1.6,0,3.75048,0.00645649,6.88562e-09
16.6,1.7,0,3.75009,0.00677131,6.04917e-09
16.6,1.8,0,3.7496,0.00716268,7.46936e-09
16.6,1.9,0,3.74916,0.00742422,7.51301e-09
16.6,2,0,3.74862,0.00777988,7.72901e-09
16.6,2.1,0,3.74814,0.00798058,9.67086e-09
16.6,2.2,0,3.74766,0.00818128,1.16127e-08
16.6,2.3,0,3.74704,0.00843127,1.31814e-08
16.6,2.4,0,3.74651,0.00856389,1.56746e-08
16.6,2.5,0,3.74586,0.00876723,1.6208e-08
16.6,2.6,0,3.7453,0.008825,2.09811e-08
16.6,2.7,0,3.74475,0.00888277,2.57541e-08
16.6,2.8,0,3.74404,0.00895609,2.64563e-08
16.6,2.9,0,3.74346,0.00893268,2.84152e-08
16.6,3,0,3.74273,0.00894864,3.02248e-08
16.6,3.1,0,3.74214,0.0088392,3.04426e-08
16.6,3.2,0,3.74154,0.00872976,3.06605e-08
16.6,3.3,0,3.74079,0.00859479,2.95297e-08
16.6,3.4,0,3.74019,0.00839251,2.7977e-08
16.6,3.5,0,3.73943,0.00818799,2.84287e-08
16.6,3.6,0,3.73885,0.00789567,2.36087e-08
16.6,3.7,0,3.73826,0.00760334,1.87886e-08
16.6,3.8,0,3.73752,0.00723691,1.55671e-08
16.6,3.9,0,3.73695,0.00683828,1.11057e-08
16.6,4,0,3.73621,0.00638074,7.44449e-09
16.6,4.1,0,3.73569,0.00590095,1.26249e-09
16.6,4.2,0,3.73518,0.00542115,-4.91951e-09
16.6,4.3,0,3.73451,0.0048156,-1.30549e-08
16.6,4.4,0,3.73402,0.00422093,-2.54069e-08
16.6,4.5,0,3.73334,0.00350378,-3.65833e-08
16.6,4.6,0,3.733,0.0028248,-4.42603e-08
16.6,4.7,0,3.73266,0.00214582,-5.19373e-08
16.6,4.8,0,3.73226,0.00136011,-4.3705e-08
16.6,4.9,0,3.73198,0.000766713,-2.12932e-08
16.6,5,0,3.73154,8.4538e-05,-3.85569e-10
16.6,5.1,0,3.73055,-0.00110735,7.60802e-08
16.6,5.2,0,3.72999,-0.00217995,9.82348e-08
16.6,5.3,0,3.72965,-0.00332241,8.54626e-08
16.6,5.4,0,3.7295,-0.00452048,6.04957e-08
16.6,5.5,0,3.72951,-0.00573786,3.92019e-08
16.6,5.6,0,3.72965,-0.00695527,2.68238e-08
16.6,5.7,0,3.72995,-0.0081526,2.23699e-08
16.6,5.8,0,3.73043,-0.00929659,2.02665e-08
16.6,5.9,0,3.73112,-0.0103826,1.23741e-08
16.6,6,0,3.73257,-0.0116621,-1.34172e-08
16.6,6.1,0,3.73296,-0.0122082,-6.16655e-09
16.6,6.2,0,3.73336,-0.0127543,1.08409e-09
16.6,6.3,0,3.73381,-0.0133291,6.20947e-09
16.6,6.4,0,3.73437,-0.013988,1.44171e-09
16.6,6.5,0,3.73487,-0.0146389,-4.69523e-09
16.6,6.6,0,3.73536,-0.0152898,-1.08322e-08
16.6,6.7,0,3.73598,-0.0160964,-2.50384e-09
16.6,6.8,0,3.73666,-0.0166385,1.35925e-08
16.6,6.9,0,3.73734,-0.0171806,2.96888e-08
16.6,7,0,3.73825,-0.0178619,3.76664e-08
16.6,7.1,0,3.73898,-0.0182788,2.65595e-08
16.6,7.2,0,3.73968,-0.0186751,1.4836e-08
16.6,7.3,0,3.74044,-0.0190918,6.08045e-09
16.6,7.4,0,3.74132,-0.019474,1.04739e-08
16.6,7.5,0,3.74209,-0.019769,1.4259e-08
16.6,7.6,0,3.74285,-0.020064,1.80441e-08
16.6,7.7,0,3.74384,-0.0203861,1.57244e-08
16.6,7.8,0,3.74461,-0.0205482,2.77716e-08
16.6,7.9,0,3.74539,-0.0207103,3.98187e-08
16.6,8,0,3.74634,-0.0208772,4.96391e-08
16.6,8.1,0,3.74715,-0.0209413,3.25463e-08
16.6,8.2,0,3.74793,-0.0209934,1.27374e-08
16.6,8.3,0,3.74875,-0.021042,-4.38517e-09
16.6,8.4,0,3.74968,-0.0210207,1.02038e-08
16.6,8.5,0,3.75044,-0.0209618,3.5252e-08
16.6,8.6,0,3.75121,-0.0209029,6.03002e-08
16.6,8.7,0,3.75215,-0.0207802,5.92155e-08
16.6,8.8,0,3.75289,-0.0206207,3.81415e-08
16.6,8.9,0,3.75363,-0.0204611,1.70675e-08
16.6,9,0,3.7545,-0.0202544,1.06836e-08
16.6,9.1,0,3.75525,-0.0199995,2.38466e-08
16.6,9.2,0,3.75595,-0.0197474,3.69414e-08
16.6,9.3,0,3.75667,-0.0194848,4.8269e-08
16.6,9.4,0,3.75748,-0.0191208,4.19932e-08
16.6,9.5,0,3.75813,-0.0187852,4.01379e-08
16.6,9.6,0,3.75878,-0.0184496,3.82826e-08
16.6,9.7,0,3.75956,-0.0180088,3.93487e-08
16.6,9.8,0,3.76016,-0.0175992,2.86205e-08
16.6,9.9,0,3.76076,-0.0171895,1.78923e-08
16.6,10,0,3.76143,-0.0167116,1.1489e-08
16.6,10.1,0,3.76202,-0.0162135,2.61903e-08
16.6,10.2,0,3.76256,-0.015739,4.43602e-08
16.6,10.3,0,3.7631,-0.0152597,6.17711e-08
16.6,10.4,0,3.76371,-0.0146517,4.36478e-08
16.6,10.5,0,3.76418,-0.0141213,1.93616e-08
16.6,10.6,0,3.76465,-0.013591,-4.92452e-09
16.6,10.7,0,3.7652,-0.0129365,5.37119e-11
16.6,10.8,0,3.7656,-0.0123592,1.90623e-08
16.6,10.9,0,3.766,-0.0117818,3.8071e-08
16.6,11,0,3.76644,-0.0111343,4.60607e-08
16.6,11.1,0,3.76681,-0.0104738,3.89168e-08
16.6,11.2,0,3.76713,-0.00985768,3.43816e-08
16.6,11.3,0,3.76746,-0.00924159,2.98463e-08
16.6,11.4,0,3.76777,-0.00848606,2.71455e-08
16.6,11.5,0,3.7679,-0.00784096,1.45104e-08
16.6,11.6,0,3.76804,-0.00719585,1.87529e-09
16.6,11.7,0,3.76805,-0.00641925,7.72717e-09
16.6,11.8,0,3.76465,-0.00574907,2.66082e-08
16.6,11.9,0,3.76126,-0.0050789,4.54893e-08
16.6,12,0,3.75786,-0.00434527,5.47166e-08
16.6,12.1,0,3.70012,-0.00362528,4.05293e-08
16.6,12.2,0,3.6191,-0.00298307,2.7254e-08
16.6,12.3,0,3.53807,-0.00234087,1.39786e-08
16.6,12.4,0,3.12121,-0.00161963,1.08814e-08
16.6,12.5,0,2.08113,-0.00111438,6.59636e-09
16.6,12.6,0,1.04105,-0.000609122,2.31129e-09
16.6,12.7,0,0,0,0
16.7,0,0,0,0,0
16.7,0.1,0,1.3108,0.000183081,8.5585e-09
16.7,0.2,0,2.62161,0.000366162,1.7117e-08
16.7,0.3,0,3.36521,0.000671631,1.87804e-08
16.7,0.4,0,3.54128,0.00105752,1.79229e-08
16.7,0.5,0,3.71744,0.00148026,1.65917e-08
16.7,0.6,0,3.73069,0.00192516,1.61768e-08
16.7,0.7,0,3.74394,0.00237006,1.57619e-08
16.7,0.8,0,3.75084,0.00284674,1.52484e-08
16.7,0.9,0,3.75136,0.00327206,1.49989e-08
16.7,1,0,3.75186,0.00373778,1.47119e-08
16.7,1.1,0,3.75163,0.00413615,1.3414e-08
16.7,1.2,0,3.7514,0.00453452,1.21161e-08
16.7,1.3,0,3.7511,0.00495283,1.18906e-08
16.7,1.4,0,3.75078,0.00531307,1.23653e-08
16.7,1.5,0,3.75043,0.00571022,1.29298e-08
16.7,1.6,0,3.75005,0.00602504,1.20933e-08
16.7,1.7,0,3.74966,0.00633986,1.12569e-08
16.7,1.8,0,3.74922,0.00666244,1.1466e-08
16.7,1.9,0,3.74879,0.00692398,1.15097e-08
16.7,2,0,3.74832,0.00721689,1.16108e-08
16.7,2.1,0,3.74783,0.00741759,1.35526e-08
16.7,2.2,0,3.74735,0.0076183,1.54945e-08
16.7,2.3,0,3.74681,0.00781273,1.74957e-08
16.7,2.4,0,3.74628,0.00794535,1.99888e-08
16.7,2.5,0,3.74572,0.00810154,2.18288e-08
16.7,2.6,0,3.74516,0.00815931,2.66018e-08
16.7,2.7,0,3.7446,0.00821708,3.13749e-08
16.7,2.8,0,3.74399,0.00825297,3.38529e-08
16.7,2.9,0,3.74341,0.00822956,3.58118e-08
16.7,3,0,3.74278,0.00821927,3.77209e-08
16.7,3.1,0,3.74219,0.00810983,3.79388e-08
16.7,3.2,0,3.7416,0.00800039,3.81566e-08
16.7,3.3,0,3.74095,0.00785149,3.73348e-08
16.7,3.4,0,3.74035,0.00764921,3.57821e-08
16.7,3.5,0,3.7397,0.00744619,3.48975e-08
16.7,3.6,0,3.73912,0.00715386,3.00774e-08
16.7,3.7,0,3.73854,0.00686154,2.52574e-08
16.7,3.8,0,3.7379,0.00650908,2.10897e-08
16.7,3.9,0,3.73734,0.00611044,1.66283e-08
16.7,4,0,3.73672,0.00569218,1.24337e-08
16.7,4.1,0,3.7362,0.00521238,6.25166e-09
16.7,4.2,0,3.73569,0.00473258,6.96643e-11
16.7,4.3,0,3.73513,0.00417257,-8.82014e-09
16.7,4.4,0,3.73465,0.0035779,-2.11722e-08
16.7,4.5,0,3.73409,0.0029424,-3.31323e-08
16.7,4.6,0,3.73376,0.00226342,-4.08093e-08
16.7,4.7,0,3.73342,0.00158444,-4.84863e-08
16.7,4.8,0,3.73308,0.000898407,-4.08306e-08
16.7,4.9,0,3.73279,0.000305012,-1.84188e-08
16.7,5,0,3.73245,-0.000317976,3.49164e-09
16.7,5.1,0,3.73164,-0.0014444,8.06501e-08
16.7,5.2,0,3.7312,-0.00243051,1.02799e-07
16.7,5.3,0,3.73093,-0.00347213,8.9275e-08
16.7,5.4,0,3.73082,-0.00455842,6.27894e-08
16.7,5.5,0,3.73084,-0.00566043,3.93415e-08
16.7,5.6,0,3.73097,-0.00676244,2.42721e-08
16.7,5.7,0,3.73123,-0.00784808,1.71533e-08
16.7,5.8,0,3.73164,-0.00889071,1.37005e-08
16.7,5.9,0,3.73223,-0.00988628,7.24971e-09
16.7,6,0,3.73344,-0.0111064,-1.12573e-08
16.7,6.1,0,3.73384,-0.0116525,-4.00669e-09
16.7,6.2,0,3.73423,-0.0121986,3.24395e-09
16.7,6.3,0,3.73462,-0.0127447,1.04946e-08
16.7,6.4,0,3.73514,-0.0133834,7.2294e-09
16.7,6.5,0,3.73563,-0.0140343,1.09246e-09
16.7,6.6,0,3.73612,-0.0146852,-5.04448e-09
16.7,6.7,0,3.7367,-0.0153662,-1.91301e-09
16.7,6.8,0,3.73738,-0.0159083,1.41833e-08
16.7,6.9,0,3.73806,-0.0164504,3.02797e-08
16.7,7,0,3.7388,-0.01703,4.41859e-08
16.7,7.1,0,3.73952,-0.017447,3.30791e-08
16.7,7.2,0,3.74022,-0.0178433,2.13555e-08
16.7,7.3,0,3.74092,-0.0182396,9.632e-09
16.7,7.4,0,3.74173,-0.0185975,1.04736e-08
16.7,7.5,0,3.74249,-0.0188925,1.42587e-08
16.7,7.6,0,3.74325,-0.0191875,1.80438e-08
16.7,7.7,0,3.74409,-0.0194694,2.1171e-08
16.7,7.8,0,3.74487,-0.0196315,3.32181e-08
16.7,7.9,0,3.74565,-0.0197936,4.52653e-08
16.7,8,0,3.74645,-0.0199566,5.68831e-08
16.7,8.1,0,3.74727,-0.0200207,3.97903e-08
16.7,8.2,0,3.74805,-0.0200727,1.99814e-08
16.7,8.3,0,3.74883,-0.0201248,1.72499e-10
16.7,8.4,0,3.74967,-0.0201106,9.17261e-09
16.7,8.5,0,3.75043,-0.0200517,3.42208e-08
16.7,8.6,0,3.7512,-0.0199928,5.9269e-08
16.7,8.7,0,3.75202,-0.0198992,6.94566e-08
16.7,8.8,0,3.75276,-0.0197396,4.83826e-08
16.7,8.9,0,3.7535,-0.01958,2.73087e-08
16.7,9,0,3.75425,-0.0194158,7.66904e-09
16.7,9.1,0,3.755,-0.0191609,2.0832e-08
16.7,9.2,0,3.7557,-0.0189088,3.39269e-08
16.7,9.3,0,3.7564,-0.0186566,4.70218e-08
16.7,9.4,0,3.75713,-0.0183359,4.80873e-08
16.7,9.5,0,3.75778,-0.0180003,4.6232e-08
16.7,9.6,0,3.75843,-0.0176648,4.43767e-08
16.7,9.7,0,3.75912,-0.0172867,4.26079e-08
16.7,9.8,0,3.75972,-0.016877,3.18797e-08
16.7,9.9,0,3.76032,-0.0164674,2.11515e-08
16.7,10,0,3.76092,-0.0160577,1.04233e-08
16.7,10.1,0,3.76151,-0.0155612,2.50255e-08
16.7,10.2,0,3.76204,-0.0150867,4.31954e-08
16.7,10.3,0,3.76258,-0.0146121,6.13653e-08
16.7,10.4,0,3.76312,-0.0140748,5.44477e-08
16.7,10.5,0,3.76359,-0.0135444,3.01615e-08
16.7,10.6,0,3.76406,-0.013014,5.87536e-09
16.7,10.7,0,3.76455,-0.0124392,-5.76969e-09
16.7,10.8,0,3.76495,-0.0118618,1.32389e-08
16.7,10.9,0,3.76535,-0.0112844,3.22476e-08
16.7,11,0,3.76575,-0.0107071,5.12562e-08
16.7,11.1,0,3.76612,-0.0100593,4.61024e-08
16.7,11.2,0,3.76644,-0.00944317,4.15672e-08
16.7,11.3,0,3.76677,-0.00882707,3.7032e-08
16.7,11.4,0,3.76704,-0.00815676,3.09482e-08
16.7,11.5,0,3.76718,-0.00751166,1.83131e-08
16.7,11.6,0,3.76731,-0.00686656,5.67799e-09
16.7,11.7,0,3.76729,-0.00617678,2.55742e-10
16.7,11.8,0,3.7639,-0.00550661,1.91368e-08
16.7,11.9,0,3.7605,-0.00483643,3.80178e-08
16.7,12,0,3.75711,-0.00416626,5.68989e-08
16.7,12.1,0,3.69937,-0.00347138,4.65329e-08
16.7,12.2,0,3.61834,-0.00282918,3.32576e-08
16.7,12.3,0,3.53731,-0.00218698,1.99822e-08
16.7,12.4,0,3.12056,-0.00155039,1.21973e-08
16.7,12.5,0,2.08048,-0.00104513,7.91222e-09
16.7,12.6,0,1.0404,-0.000539877,3.62715e-09
16.7,12.7,0,0,0,0
16.8,0,0,3.53492e-32,3.59412e-37,1.41472e-37
16.8,0.1,0,1.31071,0.000170225,7.9265e-09
16.8,0.2,0,2.62151,0.000353305,1.6485e-08
16.8,0.3,0,3.36489,0.000613977,2.08314e-08
16.8,0.4,0,3.54096,0.000999862,1.99739e-08
16.8,0.5,0,3.71703,0.00138575,1.91164e-08
16.8,0.6,0,3.73028,0.00180361,1.85391e-08
16.8,0.7,0,3.74353,0.00224851,1.81242e-08
16.8,0.8,0,3.75042,0.00265751,1.75316e-08
16.8,0.9,0,3.75094,0.00308283,1.72821e-08
16.8,1,0,3.75145,0.00350816,1.70325e-08
16.8,1.1,0,3.75123,0.00388158,1.5609e-08
16.8,1.2,0,3.751,0.00427995,1.43111e-08
16.8,1.3,0,3.75074,0.004636,1.35967e-08
16.8,1.4,0,3.75042,0.00499624,1.40715e-08
16.8,1.5,0,3.75009,0.00535648,1.45462e-08
16.8,1.6,0,3.74973,0.00565008,1.3571e-08
16.8,1.7,0,3.74935,0.0059649,1.27345e-08
16.8,1.8,0,3.74896,0.0062343,1.22952e-08
16.8,1.9,0,3.74853,0.00649584,1.23389e-08
16.8,2,0,3.74809,0.00675738,1.23825e-08
16.8,2.1,0,3.74763,0.00694212,1.41386e-08
16.8,2.2,0,3.74715,0.00714282,1.60805e-08
16.8,2.3,0,3.74667,0.00729676,1.81523e-08
16.8,2.4,0,3.74615,0.00742937,2.06455e-08
16.8,2.5,0,3.74562,0.00756199,2.31386e-08
16.8,2.6,0,3.7451,0.00761067,2.74869e-08
16.8,2.7,0,3.74454,0.00766844,3.226e-08
16.8,2.8,0,3.74401,0.00768059,3.54052e-08
16.8,2.9,0,3.74343,0.00765717,3.73641e-08
16.8,3,0,3.74285,0.00763375,3.9323e-08
16.8,3.1,0,3.74229,0.0075237,3.96197e-08
16.8,3.2,0,3.7417,0.00741426,3.98375e-08
16.8,3.3,0,3.74114,0.00726283,3.94309e-08
16.8,3.4,0,3.74054,0.00706055,3.78782e-08
16.8,3.5,0,3.73995,0.00685828,3.63255e-08
16.8,3.6,0,3.7394,0.00657511,3.22274e-08
16.8,3.7,0,3.73882,0.00628278,2.74074e-08
16.8,3.8,0,3.73828,0.00595304,2.3471e-08
16.8,3.9,0,3.73772,0.0055544,1.90096e-08
16.8,4,0,3.73715,0.00515577,1.45482e-08
16.8,4.1,0,3.73667,0.00469578,9.28645e-09
16.8,4.2,0,3.73616,0.00421598,3.10445e-09
16.8,4.3,0,3.7357,0.00370676,-4.60892e-09
16.8,4.4,0,3.73521,0.00311209,-1.6961e-08
16.8,4.5,0,3.73472,0.00251741,-2.9313e-08
16.8,4.6,0,3.73441,0.00187165,-3.6382e-08
16.8,4.7,0,3.73407,0.00119266,-4.4059e-08
16.8,4.8,0,3.73378,0.000583561,-3.93742e-08
16.8,4.9,0,3.73349,-9.8335e-06,-1.69623e-08
16.8,5,0,3.73321,-0.000603228,5.44953e-09
16.8,5.1,0,3.73252,-0.00167421,7.94751e-08
16.8,5.2,0,3.73215,-0.00259462,1.0048e-07
16.8,5.3,0,3.73193,-0.00356151,8.70523e-08
16.8,5.4,0,3.73184,-0.00456602,6.0749e-08
16.8,5.5,0,3.73187,-0.00558392,3.67142e-08
16.8,5.6,0,3.73199,-0.0066018,2.00898e-08
16.8,5.7,0,3.73223,-0.00760571,1.0987e-08
16.8,5.8,0,3.73259,-0.00857324,6.48805e-09
16.8,5.9,0,3.73311,-0.00950079,1.60032e-09
16.8,6,0,3.73417,-0.0106676,-9.29804e-09
16.8,6.1,0,3.73454,-0.0111822,-1.769e-09
16.8,6.2,0,3.73493,-0.0117283,5.48164e-09
16.8,6.3,0,3.73532,-0.0122744,1.27323e-08
16.8,6.4,0,3.73575,-0.0128457,1.12086e-08
16.8,6.5,0,3.73625,-0.0134966,5.07169e-09
16.8,6.6,0,3.73674,-0.0141475,-1.06525e-09
16.8,6.7,0,3.73725,-0.0147308,-3.96751e-09
16.8,6.8,0,3.73792,-0.0152729,1.21288e-08
16.8,6.9,0,3.7386,-0.015815,2.82252e-08
16.8,7,0,3.73928,-0.0163571,4.43215e-08
16.8,7.1,0,3.73994,-0.0167384,3.58082e-08
16.8,7.2,0,3.74064,-0.0171348,2.40846e-08
16.8,7.3,0,3.74134,-0.0175311,1.23611e-08
16.8,7.4,0,3.74203,-0.0178499,9.67339e-09
16.8,7.5,0,3.74279,-0.0181449,1.34585e-08
16.8,7.6,0,3.74356,-0.0184399,1.72436e-08
16.8,7.7,0,3.74427,-0.0186945,2.04558e-08
16.8,7.8,0,3.74505,-0.0188566,3.2503e-08
16.8,7.9,0,3.74583,-0.0190187,4.45501e-08
16.8,8,0,3.7466,-0.0191807,5.65972e-08
16.8,8.1,0,3.74733,-0.019243,4.32041e-08
16.8,8.2,0,3.74811,-0.0192951,2.33951e-08
16.8,8.3,0,3.74889,-0.0193472,3.58622e-09
16.8,8.4,0,3.74962,-0.019344,4.04859e-09
16.8,8.5,0,3.75039,-0.0192851,2.90968e-08
16.8,8.6,0,3.75115,-0.0192262,5.4145e-08
16.8,8.7,0,3.75187,-0.0191584,7.23134e-08
16.8,8.8,0,3.75261,-0.0189988,5.12394e-08
16.8,8.9,0,3.75335,-0.0188392,3.01654e-08
16.8,9,0,3.75409,-0.0186796,9.0914e-09
16.8,9.1,0,3.75476,-0.0184573,1.62354e-08
16.8,9.2,0,3.75546,-0.0182051,2.93303e-08
16.8,9.3,0,3.75616,-0.017953,4.24252e-08
16.8,9.4,0,3.7568,-0.0176791,4.65285e-08
16.8,9.5,0,3.75745,-0.0173436,4.46732e-08
16.8,9.6,0,3.75811,-0.017008,4.28179e-08
16.8,9.7,0,3.75873,-0.0166796,4.22909e-08
16.8,9.8,0,3.75932,-0.016275,3.22972e-08
16.8,9.9,0,3.75992,-0.0158654,2.1569e-08
16.8,10,0,3.76052,-0.0154557,1.08408e-08
16.8,10.1,0,3.76104,-0.0150203,2.01705e-08
16.8,10.2,0,3.76157,-0.0145457,3.83403e-08
16.8,10.3,0,3.76211,-0.0140712,5.65102e-08
16.8,10.4,0,3.76259,-0.0136,5.75091e-08
16.8,10.5,0,3.76306,-0.0130696,3.32229e-08
16.8,10.6,0,3.76353,-0.0125392,8.93678e-09
16.8,10.7,0,3.76399,-0.0120199,-1.07246e-08
16.8,10.8,0,3.76438,-0.011457,8.55391e-09
16.8,10.9,0,3.76478,-0.0108797,2.75625e-08
16.8,11,0,3.76518,-0.0103023,4.65711e-08
16.8,11.1,0,3.76551,-0.00972759,4.4525e-08
16.8,11.2,0,3.76583,-0.00911149,3.99898e-08
16.8,11.3,0,3.76615,-0.0084954,3.54546e-08
16.8,11.4,0,3.76639,-0.00790043,3.24828e-08
16.8,11.5,0,3.76653,-0.00725532,1.98477e-08
16.8,11.6,0,3.76667,-0.00661022,7.2126e-09
16.8,11.7,0,3.76663,-0.00597266,-4.48507e-09
16.8,11.8,0,3.76324,-0.00532736,1.25903e-08
16.8,11.9,0,3.75985,-0.00465718,3.14714e-08
16.8,12,0,3.75645,-0.00398701,5.03524e-08
16.8,12.1,0,3.69875,-0.00336864,4.68876e-08
16.8,12.2,0,3.61773,-0.00272644,3.36122e-08
16.8,12.3,0,3.5367,-0.00208424,2.03368e-08
16.8,12.4,0,3.12024,-0.00151576,1.28552e-08
16.8,12.5,0,2.08016,-0.00101051,8.57015e-09
16.8,12.6,0,1.04008,-0.000505255,4.28507e-09
16.8,12.7,0,0,0,0
16.9,0,0,3.53492e-32,3.59412e-37,1.41472e-37
16.9,0.1,0,1.31052,0.000144512,6.6625e-09
16.9,0.2,0,2.62133,0.000327593,1.5221e-08
16.9,0.3,0,3.3646,0.000540641,2.05591e-08
16.9,0.4,0,3.54067,0.000926526,1.97016e-08
16.9,0.5,0,3.71674,0.00131241,1.88441e-08
16.9,0.6,0,3.72996,0.0016762,1.7942e-08
16.9,0.7,0,3.74321,0.0021211,1.75272e-08
16.9,0.8,0,3.75012,0.00247786,1.64139e-08
16.9,0.9,0,3.75064,0.00290319,1.61643e-08
16.9,1,0,3.75115,0.00332851,1.59148e-08
16.9,1.1,0,3.75096,0.00365204,1.42398e-08
16.9,1.2,0,3.75073,0.00405041,1.2942e-08
16.9,1.3,0,3.7505,0.00435996,1.16219e-08
16.9,1.4,0,3.75018,0.0047202,1.20967e-08
16.9,1.5,0,3.74985,0.00508043,1.25714e-08
16.9,1.6,0,3.74953,0.00533162,1.13186e-08
16.9,1.7,0,3.74915,0.00564644,1.04821e-08
16.9,1.8,0,3.74881,0.00587827,9.95696e-09
16.9,1.9,0,3.74837,0.00613981,1.00006e-08
16.9,2,0,3.74794,0.00640135,1.00443e-08
16.9,2.1,0,3.74753,0.00655417,1.1429e-08
16.9,2.2,0,3.74705,0.00675487,1.33708e-08
16.9,2.3,0,3.74663,0.00688334,1.51514e-08
16.9,2.4,0,3.74611,0.00701596,1.76445e-08
16.9,2.5,0,3.74558,0.00714858,2.01377e-08
16.9,2.6,0,3.74512,0.00717907,2.36364e-08
16.9,2.7,0,3.74456,0.00723684,2.84094e-08
16.9,2.8,0,3.74409,0.00723894,3.11133e-08
16.9,2.9,0,3.74351,0.00721552,3.30722e-08
16.9,3,0,3.74294,0.0071921,3.50311e-08
16.9,3.1,0,3.74245,0.00708083,3.54853e-08
16.9,3.2,0,3.74185,0.00697139,3.57031e-08
16.9,3.3,0,3.74136,0.0068288,3.58181e-08
16.9,3.4,0,3.74077,0.00662653,3.42654e-08
16.9,3.5,0,3.74017,0.00642425,3.27127e-08
16.9,3.6,0,3.7397,0.0061594,3.00586e-08
16.9,3.7,0,3.73912,0.00586708,2.52385e-08
16.9,3.8,0,3.73865,0.00556879,2.27109e-08
16.9,3.9,0,3.73809,0.00517016,1.82495e-08
16.9,4,0,3.73752,0.00477152,1.37881e-08
16.9,4.1,0,3.73711,0.00435115,1.03668e-08
16.9,4.2,0,3.7366,0.00387135,4.18485e-09
16.9,4.3,0,3.7362,0.00341817,-4.21225e-10
16.9,4.4,0,3.73571,0.0028235,-1.27733e-08
16.9,4.5,0,3.73523,0.00222882,-2.51253e-08
16.9,4.6,0,3.73496,0.00164949,-3.09783e-08
16.9,4.7,0,3.73462,0.000970506,-3.86553e-08
16.9,4.8,0,3.73438,0.000415571,-3.93356e-08
16.9,4.9,0,3.73409,-0.000177824,-1.69237e-08
16.9,5,0,3.7338,-0.000771219,5.4881e-09
16.9,5.1,0,3.73317,-0.00179675,7.25553e-08
16.9,5.2,0,3.73284,-0.00267229,9.12762e-08
16.9,5.3,0,3.73264,-0.00359055,7.87945e-08
16.9,5.4,0,3.73256,-0.00454329,5.43745e-08
16.9,5.5,0,3.73259,-0.00550833,3.13202e-08
16.9,5.6,0,3.73271,-0.00647334,1.42768e-08
16.9,5.7,0,3.73294,-0.00742547,3.87098e-09
16.9,5.8,0,3.73328,-0.0083442,-1.37085e-09
16.9,5.9,0,3.73376,-0.0092261,-4.57404e-09
16.9,6,0,3.73476,-0.0103458,-7.53934e-09
16.9,6.1,0,3.73507,-0.0107973,5.46504e-10
16.9,6.2,0,3.73546,-0.0113434,7.79714e-09
16.9,6.3,0,3.73585,-0.0118895,1.50478e-08
16.9,6.4,0,3.73623,-0.0123749,1.33794e-08
16.9,6.5,0,3.73672,-0.0130258,7.24246e-09
16.9,6.6,0,3.73722,-0.0136767,1.10552e-09
16.9,6.7,0,3.73769,-0.0142402,-3.74511e-09
16.9,6.8,0,3.7383,-0.0147323,7.42902e-09
16.9,6.9,0,3.73898,-0.0152744,2.35254e-08
16.9,7,0,3.73966,-0.0158165,3.96217e-08
16.9,7.1,0,3.74023,-0.0161533,3.47468e-08
16.9,7.2,0,3.74093,-0.0165496,2.30233e-08
16.9,7.3,0,3.74163,-0.0169459,1.12997e-08
16.9,7.4,0,3.74223,-0.0172311,8.07331e-09
16.9,7.5,0,3.74299,-0.0175261,1.18584e-08
16.9,7.6,0,3.74375,-0.0178211,1.56435e-08
16.9,7.7,0,3.74445,-0.0180735,1.80485e-08
16.9,7.8,0,3.74515,-0.0182235,2.56261e-08
16.9,7.9,0,3.74593,-0.0183856,3.76732e-08
16.9,8,0,3.7467,-0.0185477,4.97204e-08
16.9,8.1,0,3.74734,-0.0186083,4.27875e-08
16.9,8.2,0,3.74812,-0.0186604,2.29785e-08
16.9,8.3,0,3.7489,-0.0187125,3.16962e-09
16.9,8.4,0,3.74955,-0.0187202,-4.61004e-09
16.9,8.5,0,3.75031,-0.018662,1.98799e-08
16.9,8.6,0,3.75107,-0.0186031,4.49282e-08
16.9,8.7,0,3.75179,-0.0185358,6.32015e-08
16.9,8.8,0,3.75245,-0.0183981,4.67117e-08
16.9,8.9,0,3.75319,-0.0182385,2.56378e-08
16.9,9,0,3.75393,-0.0180789,4.56376e-09
16.9,9.1,0,3.75452,-0.0178887,1.00567e-08
16.9,9.2,0,3.75522,-0.0176365,2.31516e-08
16.9,9.3,0,3.75592,-0.0173843,3.62465e-08
16.9,9.4,0,3.75651,-0.0171427,3.79052e-08
16.9,9.5,0,3.75715,-0.0168149,3.54614e-08
16.9,9.6,0,3.7578,-0.0164793,3.36061e-08
16.9,9.7,0,3.75842,-0.016151,3.30791e-08
16.9,9.8,0,3.75895,-0.0157932,2.98729e-08
16.9,9.9,0,3.75955,-0.0153835,1.91447e-08
16.9,10,0,3.76015,-0.0149738,8.41648e-09
16.9,10.1,0,3.76062,-0.0145907,1.16251e-08
16.9,10.2,0,3.76116,-0.0141162,2.97949e-08
16.9,10.3,0,3.76169,-0.0136417,4.79648e-08
16.9,10.4,0,3.76214,-0.0132088,5.15763e-08
16.9,10.5,0,3.7626,-0.0126969,2.85459e-08
16.9,10.6,0,3.76307,-0.0121665,4.25977e-09
16.9,10.7,0,3.76352,-0.0116472,-1.54017e-08
16.9,10.8,0,3.76387,-0.0111449,5.00727e-09
16.9,10.9,0,3.76427,-0.0105675,2.40159e-08
16.9,11,0,3.76467,-0.00999014,4.30245e-08
16.9,11.1,0,3.76497,-0.00947876,3.41847e-08
16.9,11.2,0,3.76529,-0.00886266,2.96495e-08
16.9,11.3,0,3.76562,-0.00824656,2.51142e-08
16.9,11.4,0,3.76584,-0.00768725,2.73761e-08
16.9,11.5,0,3.76597,-0.00707195,1.91143e-08
16.9,11.6,0,3.76611,-0.00642685,6.47913e-09
16.9,11.7,0,3.76608,-0.00578928,-5.21854e-09
16.9,11.8,0,3.76268,-0.00521131,6.96884e-09
16.9,11.9,0,3.75929,-0.00454114,2.58499e-08
16.9,12,0,3.7559,-0.00387096,4.47309e-08
16.9,12.1,0,3.69828,-0.00331707,4.15933e-08
16.9,12.2,0,3.61725,-0.00267486,2.83179e-08
16.9,12.3,0,3.53622,-0.00203266,1.50426e-08
16.9,12.4,0,3.11996,-0.00148555,9.75372e-09
16.9,12.5,0,2.08016,-0.00101051,8.57015e-09
16.9,12.6,0,1.04008,-0.000505255,4.28507e-09
16.9,12.7,0,0,0,0
17,0,0,3.53492e-32,3.59412e-37,1.41472e-37
17,0.1,0,1.31034,0.000118799,5.3985e-09
17,0.2,0,2.62114,0.00030188,1.3957e-08
17,0.3,0,3.36438,0.000503022,1.9543e-08
17,0.4,0,3.54037,0.00085319,1.94293e-08
17,0.5,0,3.71644,0.00123908,1.85718e-08
17,0.6,0,3.72964,0.00154878,1.7345e-08
17,0.7,0,3.7429,0.00199368,1.69301e-08
17,0.8,0,3.74981,0.00233739,1.56866e-08
17,0.9,0,3.75034,0.00272354,1.50466e-08
17,1,0,3.75085,0.00314887,1.4797e-08
17,1.1,0,3.75069,0.0034225,1.28707e-08
17,1.2,0,3.75046,0.00382087,1.15728e-08
17,1.3,0,3.75024,0.00411879,1.01013e-08
17,1.4,0,3.74994,0.00444416,1.01218e-08
17,1.5,0,3.74962,0.00480439,1.05966e-08
17,1.6,0,3.74933,0.00501316,9.06621e-09
17,1.7,0,3.74895,0.00532798,8.22976e-09
17,1.8,0,3.74862,0.00555041,7.68311e-09
17,1.9,0,3.74822,0.00578377,7.66237e-09
17,2,0,3.74779,0.00604532,7.70602e-09
17,2.1,0,3.74743,0.00616621,8.71933e-09
17,2.2,0,3.74695,0.00636691,1.06612e-08
17,2.3,0,3.74655,0.00648902,1.23689e-08
17,2.4,0,3.74606,0.00660254,1.46435e-08
17,2.5,0,3.74554,0.00673516,1.71367e-08
17,2.6,0,3.74514,0.00674748,1.97859e-08
17,2.7,0,3.74458,0.00680525,2.45589e-08
17,2.8,0,3.74413,0.00680483,2.71524e-08
17,2.9,0,3.7436,0.00677387,2.87803e-08
17,3,0,3.74302,0.00675046,3.07392e-08
17,3.1,0,3.7426,0.00663795,3.13509e-08
17,3.2,0,3.74201,0.00652851,3.15687e-08
17,3.3,0,3.74154,0.00638814,3.18142e-08
17,3.4,0,3.74099,0.0061925,3.06527e-08
17,3.5,0,3.7404,0.00599023,2.91e-08
17,3.6,0,3.73999,0.00574369,2.78898e-08
17,3.7,0,3.73941,0.00545137,2.30697e-08
17,3.8,0,3.73896,0.00516095,2.08942e-08
17,3.9,0,3.73845,0.00478591,1.74893e-08
17,4,0,3.73789,0.00438728,1.30279e-08
17,4.1,0,3.73754,0.00400652,1.14472e-08
17,4.2,0,3.73703,0.00352673,5.26525e-09
17,4.3,0,3.73665,0.00308755,1.436e-09
17,4.4,0,3.73622,0.00253491,-8.58557e-09
17,4.5,0,3.73573,0.00194023,-2.09376e-08
17,4.6,0,3.73551,0.00142733,-2.55745e-08
17,4.7,0,3.73517,0.000748347,-3.32515e-08
17,4.8,0,3.73494,0.000206954,-3.52731e-08
17,4.9,0,3.73469,-0.000345814,-1.68852e-08
17,5,0,3.7344,-0.000939209,5.52668e-09
17,5.1,0,3.73383,-0.0019193,6.56354e-08
17,5.2,0,3.73353,-0.00274995,8.20728e-08
17,5.3,0,3.73335,-0.00361959,7.05366e-08
17,5.4,0,3.73328,-0.00452055,4.8e-08
17,5.5,0,3.73332,-0.00543275,2.59262e-08
17,5.6,0,3.73343,-0.00634489,8.46389e-09
17,5.7,0,3.73365,-0.00724524,-3.24504e-09
17,5.8,0,3.73397,-0.00811515,-9.22975e-09
17,5.9,0,3.73442,-0.00895141,-1.07484e-08
17,6,0,3.73534,-0.0100241,-5.78064e-09
17,6.1,0,3.73559,-0.0104124,2.86201e-09
17,6.2,0,3.73599,-0.0109585,1.01127e-08
17,6.3,0,3.73638,-0.0115046,1.73633e-08
17,6.4,0,3.73674,-0.011973,1.56663e-08
17,6.5,0,3.73719,-0.012555,9.41324e-09
17,6.6,0,3.73769,-0.0132059,3.2763e-09
17,6.7,0,3.73816,-0.0137694,-1.57433e-09
17,6.8,0,3.73868,-0.0141917,2.7292e-09
17,6.9,0,3.73936,-0.0147337,1.88255e-08
17,7,0,3.74004,-0.0152758,3.49219e-08
17,7.1,0,3.74052,-0.0155689,3.36176e-08
17,7.2,0,3.74122,-0.0159644,2.19619e-08
17,7.3,0,3.74192,-0.0163608,1.02384e-08
17,7.4,0,3.74251,-0.0166436,6.97577e-09
17,7.5,0,3.74318,-0.0169072,1.02583e-08
17,7.6,0,3.74394,-0.0172022,1.40435e-08
17,7.7,0,3.74465,-0.0174547,1.64484e-08
17,7.8,0,3.74525,-0.0175904,1.87492e-08
17,7.9,0,3.74603,-0.0177525,3.07964e-08
17,8,0,3.7468,-0.0179146,4.28435e-08
17,8.1,0,3.74737,-0.0179739,4.14066e-08
17,8.2,0,3.74813,-0.0180258,2.25619e-08
17,8.3,0,3.74891,-0.0180778,2.75302e-09
17,8.4,0,3.74956,-0.0180855,-5.02663e-09
17,8.5,0,3.75023,-0.0180389,1.06631e-08
17,8.6,0,3.751,-0.01798,3.57113e-08
17,8.7,0,3.75171,-0.0179127,5.39847e-08
17,8.8,0,3.75229,-0.0177975,4.21841e-08
17,8.9,0,3.75303,-0.0176379,2.11101e-08
17,9,0,3.75377,-0.0174783,3.61167e-11
17,9.1,0,3.75431,-0.0173111,4.34002e-09
17,9.2,0,3.75499,-0.0170678,1.69728e-08
17,9.3,0,3.75569,-0.0168157,3.00677e-08
17,9.4,0,3.75628,-0.0165741,3.17265e-08
17,9.5,0,3.75685,-0.0162863,2.62496e-08
17,9.6,0,3.7575,-0.0159507,2.43943e-08
17,9.7,0,3.75812,-0.0156224,2.38674e-08
17,9.8,0,3.75859,-0.0153113,2.74486e-08
17,9.9,0,3.75919,-0.0149016,1.67204e-08
17,10,0,3.75979,-0.014492,5.99221e-09
17,10.1,0,3.76022,-0.0141397,5.59206e-09
17,10.2,0,3.76074,-0.0136866,2.12495e-08
17,10.3,0,3.76127,-0.0132121,3.94194e-08
17,10.4,0,3.76173,-0.0127792,4.30309e-08
17,10.5,0,3.76213,-0.0123242,2.38689e-08
17,10.6,0,3.7626,-0.0117938,-4.17245e-10
17,10.7,0,3.76306,-0.0112745,-2.00787e-08
17,10.8,0,3.76337,-0.0108327,1.46062e-09
17,10.9,0,3.76377,-0.0102553,2.04692e-08
17,11,0,3.76417,-0.00967795,3.94779e-08
17,11.1,0,3.76445,-0.00919564,2.752e-08
17,11.2,0,3.76476,-0.00861383,1.93091e-08
17,11.3,0,3.76508,-0.00799773,1.47739e-08
17,11.4,0,3.76531,-0.00743842,1.70357e-08
17,11.5,0,3.76542,-0.00688857,1.83808e-08
17,11.6,0,3.76556,-0.00624347,5.74566e-09
17,11.7,0,3.76552,-0.00560591,-5.95201e-09
17,11.8,0,3.76213,-0.00509527,1.34736e-09
17,11.9,0,3.75873,-0.0044251,2.02284e-08
17,12,0,3.75534,-0.00375492,3.91094e-08
17,12.1,0,3.69775,-0.00322219,3.60792e-08
17,12.2,0,3.61678,-0.00262328,2.30236e-08
17,12.3,0,3.53575,-0.00198108,9.74827e-09
17,12.4,0,3.11949,-0.00143397,4.45943e-09
17,12.5,0,2.08016,-0.00101051,8.57015e-09
17,12.6,0,1.04008,-0.000505255,4.28507e-09
17,12.7,0,0,0,0
17.1,0,0,3.53492e-32,3.59412e-37,1.41472e-37
17.1,0.1,0,1.31015,9.30858e-05,4.1345e-09
17.1,0.2,0,2.62096,0.000276167,1.2693e-08
17.1,0.3,0,3.3642,0.000477309,1.8279e-08
17.1,0.4,0,3.54007,0.000779853,1.9157e-08
17.1,0.5,0,3.71614,0.00116574,1.82995e-08
17.1,0.6,0,3.72933,0.00142137,1.6748e-08
17.1,0.7,0,3.74258,0.00186627,1.63331e-08
17.1,0.8,0,3.74949,0.00220998,1.50896e-08
17.1,0.9,0,3.75004,0.0025439,1.39288e-08
17.1,1,0,3.75055,0.00296922,1.36792e-08
17.1,1.1,0,3.75042,0.00319296,1.15015e-08
17.1,1.2,0,3.75018,0.00359133,1.02037e-08
17.1,1.3,0,3.74996,0.00388925,8.7322e-09
17.1,1.4,0,3.7497,0.00416811,8.14702e-09
17.1,1.5,0,3.74938,0.00452835,8.62177e-09
17.1,1.6,0,3.74914,0.0046947,6.81382e-09
17.1,1.7,0,3.74875,0.00500952,5.97738e-09
17.1,1.8,0,3.74843,0.00523195,5.43073e-09
17.1,1.9,0,3.74807,0.00542774,5.32413e-09
17.1,2,0,3.74764,0.00568928,5.36778e-09
17.1,2.1,0,3.74733,0.00577825,6.00967e-09
17.1,2.2,0,3.74685,0.00597895,7.95152e-09
17.1,2.3,0,3.74645,0.00610106,9.65922e-09
17.1,2.4,0,3.74602,0.00618913,1.16426e-08
17.1,2.5,0,3.7455,0.00632175,1.41357e-08
17.1,2.6,0,3.74516,0.00631588,1.59353e-08
17.1,2.7,0,3.7446,0.00637365,2.07084e-08
17.1,2.8,0,3.74415,0.00637323,2.33019e-08
17.1,2.9,0,3.74369,0.00633222,2.44884e-08
17.1,3,0,3.74311,0.00630881,2.64473e-08
17.1,3.1,0,3.74275,0.00619508,2.72165e-08
17.1,3.2,0,3.74216,0.00608564,2.74343e-08
17.1,3.3,0,3.74169,0.00594527,2.76798e-08
17.1,3.4,0,3.74122,0.00575848,2.70399e-08
17.1,3.5,0,3.74062,0.0055562,2.54872e-08
17.1,3.6,0,3.74029,0.00532798,2.57209e-08
17.1,3.7,0,3.73971,0.00503566,2.09009e-08
17.1,3.8,0,3.73926,0.00474524,1.87254e-08
17.1,3.9,0,3.73882,0.00440167,1.67292e-08
17.1,4,0,3.73826,0.00400303,1.22678e-08
17.1,4.1,0,3.73798,0.0036619,1.25276e-08
17.1,4.2,0,3.73747,0.0031821,6.34565e-09
17.1,4.3,0,3.73709,0.00274293,2.5164e-09
17.1,4.4,0,3.73672,0.00224632,-4.39787e-09
17.1,4.5,0,3.73623,0.00165164,-1.67499e-08
17.1,4.6,0,3.73606,0.00120517,-2.01708e-08
17.1,4.7,0,3.73572,0.000526187,-2.78478e-08
17.1,4.8,0,3.73549,-1.52049e-05,-2.98694e-08
17.1,4.9,0,3.73528,-0.000513804,-1.68466e-08
17.1,5,0,3.735,-0.0011072,5.56525e-09
17.1,5.1,0,3.73448,-0.00204184,5.87156e-08
17.1,5.2,0,3.73421,-0.00282762,7.28694e-08
17.1,5.3,0,3.73405,-0.00364863,6.22788e-08
17.1,5.4,0,3.734,-0.00449782,4.16255e-08
17.1,5.5,0,3.73404,-0.00535716,2.05322e-08
17.1,5.6,0,3.73415,-0.00621643,2.65095e-09
17.1,5.7,0,3.73436,-0.00706501,-1.0361e-08
17.1,5.8,0,3.73466,-0.0078861,-1.70886e-08
17.1,5.9,0,3.73507,-0.00867673,-1.69228e-08
17.1,6,0,3.73592,-0.00970227,-4.02193e-09
17.1,6.1,0,3.73617,-0.0100835,4.68304e-09
17.1,6.2,0,3.73651,-0.0105736,1.24282e-08
17.1,6.3,0,3.73691,-0.0111197,1.96788e-08
17.1,6.4,0,3.73727,-0.0115881,1.79818e-08
17.1,6.5,0,3.73767,-0.0120842,1.1584e-08
17.1,6.6,0,3.73816,-0.0127351,5.44708e-09
17.1,6.7,0,3.73864,-0.0132986,5.96447e-10
17.1,6.8,0,3.73907,-0.0136583,-1.2528e-09
17.1,6.9,0,3.73974,-0.0141931,1.41257e-08
17.1,7,0,3.74042,-0.0147352,3.02221e-08
17.1,7.1,0,3.7409,-0.0150283,2.89178e-08
17.1,7.2,0,3.74151,-0.0153792,2.09006e-08
17.1,7.3,0,3.74221,-0.0157756,9.17702e-09
17.1,7.4,0,3.7428,-0.0160584,5.91441e-09
17.1,7.5,0,3.74338,-0.0162884,8.65827e-09
17.1,7.6,0,3.74414,-0.0165834,1.24434e-08
17.1,7.7,0,3.74484,-0.0168359,1.48483e-08
17.1,7.8,0,3.74538,-0.0169607,1.31128e-08
17.1,7.9,0,3.74613,-0.0171195,2.39195e-08
17.1,8,0,3.7469,-0.0172815,3.59666e-08
17.1,8.1,0,3.74747,-0.0173409,3.45298e-08
17.1,8.2,0,3.74814,-0.0173911,2.21453e-08
17.1,8.3,0,3.74892,-0.0174432,2.33643e-09
17.1,8.4,0,3.74957,-0.0174508,-5.44323e-09
17.1,8.5,0,3.75015,-0.0174158,1.44624e-09
17.1,8.6,0,3.75092,-0.0173569,2.64944e-08
17.1,8.7,0,3.75164,-0.0172896,4.47678e-08
17.1,8.8,0,3.75216,-0.0171886,3.59417e-08
17.1,8.9,0,3.75287,-0.0170373,1.65825e-08
17.1,9,0,3.75361,-0.0168777,-4.49153e-09
17.1,9.1,0,3.75415,-0.0167104,-1.87627e-10
17.1,9.2,0,3.75475,-0.0164992,1.07941e-08
17.1,9.3,0,3.75545,-0.016247,2.3889e-08
17.1,9.4,0,3.75604,-0.0160054,2.55477e-08
17.1,9.5,0,3.75654,-0.0157576,1.70379e-08
17.1,9.6,0,3.7572,-0.0154221,1.51826e-08
17.1,9.7,0,3.75782,-0.0150937,1.46556e-08
17.1,9.8,0,3.75826,-0.0148062,2.16559e-08
17.1,9.9,0,3.75882,-0.0144198,1.42962e-08
17.1,10,0,3.75942,-0.0140101,3.56794e-09
17.1,10.1,0,3.75986,-0.0136578,3.16779e-09
17.1,10.2,0,3.76032,-0.0132571,1.27041e-08
17.1,10.3,0,3.76086,-0.0127825,3.0874e-08
17.1,10.4,0,3.76131,-0.0123497,3.44855e-08
17.1,10.5,0,3.76167,-0.0119515,1.91919e-08
17.1,10.6,0,3.76214,-0.0114211,-5.09426e-09
17.1,10.7,0,3.76259,-0.0109018,-2.47557e-08
17.1,10.8,0,3.76289,-0.0104825,-2.79461e-09
17.1,10.9,0,3.76327,-0.00994312,1.69226e-08
17.1,11,0,3.76367,-0.00936576,3.59312e-08
17.1,11.1,0,3.76395,-0.00888346,2.39734e-08
17.1,11.2,0,3.76422,-0.00836499,8.96878e-09
17.1,11.3,0,3.76455,-0.0077489,4.43356e-09
17.1,11.4,0,3.76478,-0.00718959,6.69541e-09
17.1,11.5,0,3.76486,-0.0067052,1.76473e-08
17.1,11.6,0,3.765,-0.0060601,5.01219e-09
17.1,11.7,0,3.76496,-0.00542253,-6.68548e-09
17.1,11.8,0,3.76157,-0.00492823,-5.7164e-10
17.1,11.9,0,3.75818,-0.00430906,1.46069e-08
17.1,12,0,3.75478,-0.00363888,3.3488e-08
17.1,12.1,0,3.69719,-0.00310615,3.04578e-08
17.1,12.2,0,3.6163,-0.00257171,1.77294e-08
17.1,12.3,0,3.53527,-0.0019295,4.45399e-09
17.1,12.4,0,3.11901,-0.00138239,-8.34851e-10
17.1,12.5,0,2.08016,-0.00101051,8.57015e-09
17.1,12.6,0,1.04008,-0.000505255,4.28507e-09
17.1,12.7,0,0,0,0
17.2,0,0,3.53492e-32,3.59412e-37,1.41472e-37
17.2,0.1,0,1.31015,9.30858e-05,4.1345e-09
17.2,0.2,0,2.62077,0.000250454,1.1429e-08
17.2,0.3,0,3.36401,0.000451596,1.7015e-08
17.2,0.4,0,3.53978,0.000706517,1.88847e-08
17.2,0.5,0,3.71585,0.0010924,1.80272e-08
17.2,0.6,0,3.72903,0.00134804,1.64757e-08
17.2,0.7,0,3.74226,0.00173886,1.5736e-08
17.2,0.8,0,3.74918,0.00208257,1.44926e-08
17.2,0.9,0,3.74974,0.00236426,1.2811e-08
17.2,1,0,3.75025,0.00278958,1.25615e-08
17.2,1.1,0,3.75012,0.00301331,1.03838e-08
17.2,1.2,0,3.74991,0.00336179,8.83454e-09
17.2,1.3,0,3.74969,0.00365971,7.36306e-09
17.2,1.4,0,3.74946,0.00389207,6.17221e-09
17.2,1.5,0,3.74914,0.00425231,6.64696e-09
17.2,1.6,0,3.7489,0.00441866,4.83901e-09
17.2,1.7,0,3.74856,0.00469105,3.72499e-09
17.2,1.8,0,3.74823,0.00491349,3.17834e-09
17.2,1.9,0,3.74792,0.00507171,2.98588e-09
17.2,2,0,3.74748,0.00533325,3.02953e-09
17.2,2.1,0,3.74718,0.00542222,3.67143e-09
17.2,2.2,0,3.74675,0.005591,5.24187e-09
17.2,2.3,0,3.74635,0.00571311,6.94957e-09
17.2,2.4,0,3.74598,0.00577571,8.6416e-09
17.2,2.5,0,3.74545,0.00590833,1.11348e-08
17.2,2.6,0,3.74512,0.00590247,1.29344e-08
17.2,2.7,0,3.74462,0.00594205,1.68578e-08
17.2,2.8,0,3.74417,0.00594164,1.94514e-08
17.2,2.9,0,3.74377,0.00589057,2.01964e-08
17.2,3,0,3.74319,0.00586716,2.21553e-08
17.2,3.1,0,3.74284,0.00575343,2.29245e-08
17.2,3.2,0,3.74231,0.00564276,2.32999e-08
17.2,3.3,0,3.74184,0.00550239,2.35454e-08
17.2,3.4,0,3.74144,0.00532445,2.34272e-08
17.2,3.5,0,3.74085,0.00512218,2.18745e-08
17.2,3.6,0,3.74052,0.00489396,2.21082e-08
17.2,3.7,0,3.74,0.00461995,1.87321e-08
17.2,3.8,0,3.73956,0.00432953,1.65566e-08
17.2,3.9,0,3.73919,0.00401742,1.59691e-08
17.2,4,0,3.73862,0.00361879,1.15077e-08
17.2,4.1,0,3.73835,0.00327765,1.17675e-08
17.2,4.2,0,3.7379,0.00283747,7.42605e-09
17.2,4.3,0,3.73752,0.0023983,3.5968e-09
17.2,4.4,0,3.73722,0.00195773,-2.10174e-10
17.2,4.5,0,3.73674,0.00136305,-1.25622e-08
17.2,4.6,0,3.73656,0.000916578,-1.59831e-08
17.2,4.7,0,3.73627,0.000304029,-2.2444e-08
17.2,4.8,0,3.73604,-0.000237364,-2.44657e-08
17.2,4.9,0,3.73588,-0.000681795,-1.6808e-08
17.2,5,0,3.73559,-0.00127519,5.60382e-09
17.2,5.1,0,3.73514,-0.00216439,5.17958e-08
17.2,5.2,0,3.7349,-0.00290528,6.36661e-08
17.2,5.3,0,3.73476,-0.00367767,5.40209e-08
17.2,5.4,0,3.73473,-0.00447509,3.5251e-08
17.2,5.5,0,3.73476,-0.00528158,1.51382e-08
17.2,5.6,0,3.73487,-0.00608798,-3.16199e-09
17.2,5.7,0,3.73506,-0.00688477,-1.74771e-08
17.2,5.8,0,3.73534,-0.00765705,-2.49475e-08
17.2,5.9,0,3.73573,-0.00840204,-2.30971e-08
17.2,6,0,3.73651,-0.00938048,-2.26323e-09
17.2,6.1,0,3.73676,-0.00976175,6.44174e-09
17.2,6.2,0,3.73704,-0.0101887,1.47437e-08
17.2,6.3,0,3.73744,-0.0107348,2.19943e-08
17.2,6.4,0,3.7378,-0.0112032,2.02973e-08
17.2,6.5,0,3.73815,-0.0116297,1.37823e-08
17.2,6.6,0,3.73863,-0.0122643,7.61786e-09
17.2,6.7,0,3.73911,-0.0128278,2.76722e-09
17.2,6.8,0,3.73954,-0.0131875,9.17982e-10
17.2,6.9,0,3.74012,-0.0136525,9.4259e-09
17.2,7,0,3.74079,-0.0141946,2.55222e-08
17.2,7.1,0,3.74128,-0.0144876,2.4218e-08
17.2,7.2,0,3.7418,-0.014794,1.98392e-08
17.2,7.3,0,3.7425,-0.0151904,8.11566e-09
17.2,7.4,0,3.74309,-0.0154732,4.85305e-09
17.2,7.5,0,3.7436,-0.0156804,7.23106e-09
17.2,7.6,0,3.74433,-0.0159646,1.08433e-08
17.2,7.7,0,3.74504,-0.0162171,1.32483e-08
17.2,7.8,0,3.74557,-0.0163419,1.15127e-08
17.2,7.9,0,3.74623,-0.0164864,1.70426e-08
17.2,8,0,3.74701,-0.0166485,2.90898e-08
17.2,8.1,0,3.74757,-0.0167078,2.76529e-08
17.2,8.2,0,3.74815,-0.0167564,2.17288e-08
17.2,8.3,0,3.74893,-0.0168085,1.91983e-09
17.2,8.4,0,3.74958,-0.0168162,-5.85983e-09
17.2,8.5,0,3.75012,-0.0167875,-3.79736e-09
17.2,8.6,0,3.75084,-0.0167338,1.72776e-08
17.2,8.7,0,3.75156,-0.0166665,3.5551e-08
17.2,8.8,0,3.75208,-0.0165655,2.67249e-08
17.2,8.9,0,3.75271,-0.0164366,1.20548e-08
17.2,9,0,3.75345,-0.016277,-9.01917e-09
17.2,9.1,0,3.75399,-0.0161098,-4.71527e-09
17.2,9.2,0,3.75452,-0.0159306,4.61539e-09
17.2,9.3,0,3.75522,-0.0156784,1.77103e-08
17.2,9.4,0,3.75581,-0.0154368,1.9369e-08
17.2,9.5,0,3.75628,-0.0152057,9.59158e-09
17.2,9.6,0,3.75689,-0.0148934,5.97078e-09
17.2,9.7,0,3.75752,-0.0145651,5.44383e-09
17.2,9.8,0,3.75795,-0.0142776,1.24442e-08
17.2,9.9,0,3.75846,-0.0139379,1.18719e-08
17.2,10,0,3.75906,-0.0135282,1.14367e-09
17.2,10.1,0,3.75949,-0.013176,7.43521e-10
17.2,10.2,0,3.7599,-0.0128275,4.15875e-09
17.2,10.3,0,3.76044,-0.012353,2.23286e-08
17.2,10.4,0,3.76089,-0.0119201,2.59401e-08
17.2,10.5,0,3.76124,-0.0115382,1.17579e-08
17.2,10.6,0,3.76168,-0.0110484,-9.77127e-09
17.2,10.7,0,3.76213,-0.0105291,-2.94327e-08
17.2,10.8,0,3.76243,-0.0101098,-7.47162e-09
17.2,10.9,0,3.76276,-0.00963093,1.3376e-08
17.2,11,0,3.76316,-0.00905357,3.23846e-08
17.2,11.1,0,3.76345,-0.00857127,2.04268e-08
17.2,11.2,0,3.76369,-0.00811616,-1.37156e-09
17.2,11.3,0,3.76401,-0.00750006,-5.90678e-09
17.2,11.4,0,3.76424,-0.00694075,-3.64494e-09
17.2,11.5,0,3.76432,-0.00646662,8.81252e-09
17.2,11.6,0,3.76444,-0.00587672,4.27872e-09
17.2,11.7,0,3.7644,-0.00523916,-7.41895e-09
17.2,11.8,0,3.76101,-0.00474485,-1.30511e-09
17.2,11.9,0,3.75762,-0.00419301,8.98543e-09
17.2,12,0,3.75423,-0.00352284,2.78665e-08
17.2,12.1,0,3.69664,-0.00299011,2.48363e-08
17.2,12.2,0,3.61582,-0.00251628,1.24155e-08
17.2,12.3,0,3.5348,-0.00187792,-8.40298e-10
17.2,12.4,0,3.11853,-0.00133081,-6.12914e-09
17.2,12.5,0,2.0797,-0.000960277,3.41415e-09
17.2,12.6,0,1.04008,-0.000505255,4.28507e-09
17.2,12.7,0,0,0,0
17.3,0,0,3.53492e-32,3.59412e-37,1.41472e-37
17.3,0.1,0,1.31015,9.30858e-05,4.1345e-09
17.3,0.2,0,2.62059,0.000224741,1.0165e-08
17.3,0.3,0,3.36383,0.000425883,1.5751e-08
17.3,0.4,0,3.53951,0.000645086,1.83645e-08
17.3,0.5,0,3.71555,0.00101907,1.77549e-08
17.3,0.6,0,3.72873,0.0012747,1.62034e-08
17.3,0.7,0,3.74195,0.00161145,1.5139e-08
17.3,0.8,0,3.74886,0.00195515,1.38955e-08
17.3,0.9,0,3.74943,0.00219767,1.18235e-08
17.3,1,0,3.74995,0.00260994,1.14437e-08
17.3,1.1,0,3.74982,0.00283367,9.26603e-09
17.3,1.2,0,3.74964,0.00313225,7.46539e-09
17.3,1.3,0,3.74942,0.00343017,5.99391e-09
17.3,1.4,0,3.74921,0.00362766,4.34881e-09
17.3,1.5,0,3.7489,0.00397627,4.67215e-09
17.3,1.6,0,3.74866,0.00414261,2.8642e-09
17.3,1.7,0,3.74836,0.00437259,1.4726e-09
17.3,1.8,0,3.74803,0.00459502,9.25954e-10
17.3,1.9,0,3.74776,0.00472507,6.69104e-10
17.3,2,0,3.74733,0.00497722,6.91289e-10
17.3,2.1,0,3.74703,0.00506619,1.33319e-09
17.3,2.2,0,3.74665,0.00520304,2.53221e-09
17.3,2.3,0,3.74625,0.00532515,4.23991e-09
17.3,2.4,0,3.74592,0.00536866,5.71346e-09
17.3,2.5,0,3.74541,0.00549492,8.13378e-09
17.3,2.6,0,3.74507,0.00548905,9.93338e-09
17.3,2.7,0,3.74464,0.00551046,1.30073e-08
17.3,2.8,0,3.74419,0.00551004,1.56008e-08
17.3,2.9,0,3.74384,0.00545144,1.60149e-08
17.3,3,0,3.74328,0.00542551,1.78634e-08
17.3,3.1,0,3.74292,0.00531178,1.86326e-08
17.3,3.2,0,3.74247,0.00519989,1.91655e-08
17.3,3.3,0,3.742,0.00505952,1.9411e-08
17.3,3.4,0,3.74165,0.00488822,1.9684e-08
17.3,3.5,0,3.74107,0.00468815,1.82617e-08
17.3,3.6,0,3.74074,0.00445994,1.84954e-08
17.3,3.7,0,3.7403,0.00420424,1.65632e-08
17.3,3.8,0,3.73985,0.00391382,1.43877e-08
17.3,3.9,0,3.73954,0.00362531,1.48568e-08
17.3,4,0,3.73899,0.00323454,1.07475e-08
17.3,4.1,0,3.73871,0.00289341,1.10074e-08
17.3,4.2,0,3.73833,0.00249284,8.50645e-09
17.3,4.3,0,3.73796,0.00205367,4.6772e-09
17.3,4.4,0,3.73771,0.00165513,3.2007e-09
17.3,4.5,0,3.73724,0.00107446,-8.37452e-09
17.3,4.6,0,3.73706,0.000627989,-1.17954e-08
17.3,4.7,0,3.73682,8.18695e-05,-1.70403e-08
17.3,4.8,0,3.73659,-0.000459523,-1.90619e-08
17.3,4.9,0,3.73646,-0.000863327,-1.54282e-08
17.3,5,0,3.73619,-0.00144318,5.64239e-09
17.3,5.1,0,3.73579,-0.00228694,4.48759e-08
17.3,5.2,0,3.73559,-0.00298295,5.44627e-08
17.3,5.3,0,3.73547,-0.00370671,4.5763e-08
17.3,5.4,0,3.73545,-0.00445236,2.88765e-08
17.3,5.5,0,3.73549,-0.005206,9.74417e-09
17.3,5.6,0,3.73559,-0.00595953,-8.97494e-09
17.3,5.7,0,3.73577,-0.00670454,-2.45931e-08
17.3,5.8,0,3.73603,-0.007428,-3.28064e-08
17.3,5.9,0,3.73638,-0.00812735,-2.92715e-08
17.3,6,0,3.73709,-0.00905869,-5.04528e-10
17.3,6.1,0,3.73734,-0.00943996,8.20045e-09
17.3,6.2,0,3.73759,-0.00982123,1.69054e-08
17.3,6.3,0,3.73796,-0.0103499,2.43098e-08
17.3,6.4,0,3.73833,-0.0108183,2.26128e-08
17.3,6.5,0,3.73868,-0.0112448,1.60978e-08
17.3,6.6,0,3.7391,-0.0117935,9.78863e-09
17.3,6.7,0,3.73958,-0.012357,4.938e-09
17.3,6.8,0,3.74001,-0.0127167,3.08876e-09
17.3,6.9,0,3.74049,-0.0131118,4.72609e-09
17.3,7,0,3.74117,-0.0136539,2.08224e-08
17.3,7.1,0,3.74166,-0.013947,1.95181e-08
17.3,7.2,0,3.74213,-0.014227,1.7298e-08
17.3,7.3,0,3.74279,-0.0146052,7.0543e-09
17.3,7.4,0,3.74338,-0.014888,3.79169e-09
17.3,7.5,0,3.74389,-0.0150952,6.1697e-09
17.3,7.6,0,3.74453,-0.0153458,9.24322e-09
17.3,7.7,0,3.74523,-0.0155983,1.16482e-08
17.3,7.8,0,3.74577,-0.0157231,9.91266e-09
17.3,7.9,0,3.74633,-0.0158533,1.01658e-08
17.3,8,0,3.74711,-0.0160154,2.22129e-08
17.3,8.1,0,3.74767,-0.0160747,2.0776e-08
17.3,8.2,0,3.74821,-0.0161226,1.7841e-08
17.3,8.3,0,3.74894,-0.0161738,1.50324e-09
17.3,8.4,0,3.74959,-0.0161815,-6.27642e-09
17.3,8.5,0,3.75013,-0.0161528,-4.21396e-09
17.3,8.6,0,3.75076,-0.0161107,8.06074e-09
17.3,8.7,0,3.75148,-0.0160434,2.63341e-08
17.3,8.8,0,3.75201,-0.0159425,1.7508e-08
17.3,8.9,0,3.75255,-0.015836,7.52718e-09
17.3,9,0,3.75329,-0.0156764,-1.35468e-08
17.3,9.1,0,3.75383,-0.0155091,-9.24291e-09
17.3,9.2,0,3.75434,-0.0153406,-4.60562e-10
17.3,9.3,0,3.75498,-0.0151098,1.15315e-08
17.3,9.4,0,3.75557,-0.0148681,1.31903e-08
17.3,9.5,0,3.75605,-0.0146371,3.41285e-09
17.3,9.6,0,3.75659,-0.0143648,-3.24099e-09
17.3,9.7,0,3.75721,-0.0140364,-3.76794e-09
17.3,9.8,0,3.75765,-0.0137489,3.23239e-09
17.3,9.9,0,3.7581,-0.013456,9.44761e-09
17.3,10,0,3.75869,-0.0130464,-1.2806e-09
17.3,10.1,0,3.75913,-0.0126941,-1.68075e-09
17.3,10.2,0,3.75953,-0.0123562,5.01115e-10
17.3,10.3,0,3.76002,-0.0119234,1.37832e-08
17.3,10.4,0,3.76047,-0.0114906,1.73947e-08
17.3,10.5,0,3.76082,-0.0111087,3.21254e-09
17.3,10.6,0,3.76121,-0.0106757,-1.44483e-08
17.3,10.7,0,3.76166,-0.0101564,-3.41097e-08
17.3,10.8,0,3.76196,-0.00973712,-1.21486e-08
17.3,10.9,0,3.76226,-0.00931784,9.81244e-09
17.3,11,0,3.76266,-0.00874139,2.88379e-08
17.3,11.1,0,3.76294,-0.00825908,1.68801e-08
17.3,11.2,0,3.76318,-0.00780846,-5.39985e-09
17.3,11.3,0,3.76348,-0.00725123,-1.62471e-08
17.3,11.4,0,3.76371,-0.00669192,-1.39853e-08
17.3,11.5,0,3.76379,-0.00621779,-1.52782e-09
17.3,11.6,0,3.76388,-0.00569335,3.54525e-09
17.3,11.7,0,3.76385,-0.00505578,-8.15243e-09
17.3,11.8,0,3.76046,-0.00456148,-2.03858e-09
17.3,11.9,0,3.75706,-0.00406717,4.07526e-09
17.3,12,0,3.75367,-0.0034068,2.2245e-08
17.3,12.1,0,3.69608,-0.00287406,1.92148e-08
17.3,12.2,0,3.61526,-0.00240023,6.79405e-09
17.3,12.3,0,3.53432,-0.00182635,-6.13458e-09
17.3,12.4,0,3.11806,-0.00127923,-1.14234e-08
17.3,12.5,0,2.07922,-0.000908697,-1.88014e-09
17.3,12.6,0,1.04008,-0.000505255,4.28507e-09
17.3,12.7,0,0,0,0
17.4,0,0,3.53492e-32,3.59412e-37,1.41472e-37
17.4,0.1,0,1.31015,9.30858e-05,4.1345e-09
17.4,0.2,0,2.6204,0.000199028,8.901e-09
17.4,0.3,0,3.36364,0.00040017,1.4487e-08
17.4,0.4,0,3.53932,0.000619373,1.71005e-08
17.4,0.5,0,3.71525,0.000945729,1.74826e-08
17.4,0.6,0,3.72844,0.00120136,1.59311e-08
17.4,0.7,0,3.74163,0.00148403,1.45419e-08
17.4,0.8,0,3.74855,0.00182774,1.32985e-08
17.4,0.9,0,3.74912,0.00207026,1.12264e-08
17.4,1,0,3.74965,0.00243029,1.0326e-08
17.4,1.1,0,3.74952,0.00265403,8.14827e-09
17.4,1.2,0,3.74936,0.00290271,6.09625e-09
17.4,1.3,0,3.74915,0.00320063,4.62477e-09
17.4,1.4,0,3.74894,0.00339812,2.97967e-09
17.4,1.5,0,3.74866,0.00370023,2.69733e-09
17.4,1.6,0,3.74842,0.00386657,8.89382e-10
17.4,1.7,0,3.74816,0.00405413,-7.79782e-10
17.4,1.8,0,3.74783,0.00427656,-1.32643e-09
17.4,1.9,0,3.74756,0.00440661,-1.58328e-09
17.4,2,0,3.74718,0.00462118,-1.64695e-09
17.4,2.1,0,3.74688,0.00471015,-1.00505e-09
17.4,2.2,0,3.74655,0.00481509,-1.77446e-10
17.4,2.3,0,3.74615,0.00493719,1.53025e-09
17.4,2.4,0,3.74582,0.00498071,3.0038e-09
17.4,2.5,0,3.74537,0.0050815,5.13281e-09
17.4,2.6,0,3.74503,0.00507563,6.93241e-09
17.4,2.7,0,3.74466,0.00507886,9.15679e-09
17.4,2.8,0,3.74421,0.00507844,1.17503e-08
17.4,2.9,0,3.74386,0.00501984,1.21643e-08
17.4,3,0,3.74336,0.00498386,1.35715e-08
17.4,3.1,0,3.74301,0.00487013,1.43407e-08
17.4,3.2,0,3.74262,0.00475701,1.50311e-08
17.4,3.3,0,3.74215,0.00461664,1.52766e-08
17.4,3.4,0,3.7418,0.00444534,1.55496e-08
17.4,3.5,0,3.7413,0.00425413,1.4649e-08
17.4,3.6,0,3.74096,0.00402591,1.48827e-08
17.4,3.7,0,3.7406,0.00378853,1.43944e-08
17.4,3.8,0,3.74015,0.00349812,1.22189e-08
17.4,3.9,0,3.73983,0.0032096,1.26879e-08
17.4,4,0,3.73936,0.0028503,9.98741e-09
17.4,4.1,0,3.73908,0.00250916,1.02473e-08
17.4,4.2,0,3.73877,0.00214821,9.58685e-09
17.4,4.3,0,3.73839,0.00170904,5.7576e-09
17.4,4.4,0,3.73814,0.0013105,4.2811e-09
17.4,4.5,0,3.73774,0.000785872,-4.18682e-09
17.4,4.6,0,3.73757,0.000339399,-7.60767e-09
17.4,4.7,0,3.73737,-0.000140289,-1.16365e-08
17.4,4.8,0,3.73714,-0.000681682,-1.36582e-08
17.4,4.9,0,3.73701,-0.00108549,-1.00244e-08
17.4,5,0,3.73679,-0.00161117,5.68097e-09
17.4,5.1,0,3.73645,-0.00240948,3.79561e-08
17.4,5.2,0,3.73628,-0.00306061,4.52593e-08
17.4,5.3,0,3.73618,-0.00373576,3.75052e-08
17.4,5.4,0,3.73617,-0.00442962,2.2502e-08
17.4,5.5,0,3.73621,-0.00513041,4.35016e-09
17.4,5.6,0,3.73631,-0.00583107,-1.47879e-08
17.4,5.7,0,3.73648,-0.00652431,-3.17091e-08
17.4,5.8,0,3.73672,-0.00719896,-4.06653e-08
17.4,5.9,0,3.73704,-0.00785266,-3.54458e-08
17.4,6,0,3.73768,-0.0087369,1.25417e-09
17.4,6.1,0,3.73792,-0.00911817,9.95915e-09
17.4,6.2,0,3.73817,-0.00949943,1.86641e-08
17.4,6.3,0,3.73849,-0.00996501,2.66253e-08
17.4,6.4,0,3.73886,-0.0104334,2.49283e-08
17.4,6.5,0,3.7392,-0.0108599,1.84133e-08
17.4,6.6,0,3.73958,-0.0113227,1.19594e-08
17.4,6.7,0,3.74005,-0.0118862,7.10878e-09
17.4,6.8,0,3.74049,-0.0122459,5.25954e-09
17.4,6.9,0,3.74092,-0.0126056,3.41029e-09
17.4,7,0,3.74155,-0.0131133,1.61226e-08
17.4,7.1,0,3.74203,-0.0134064,1.48183e-08
17.4,7.2,0,3.74251,-0.0136863,1.25982e-08
17.4,7.3,0,3.74308,-0.01402,5.99294e-09
17.4,7.4,0,3.74367,-0.0143029,2.73033e-09
17.4,7.5,0,3.74418,-0.01451,5.10834e-09
17.4,7.6,0,3.74472,-0.014727,7.64314e-09
17.4,7.7,0,3.74543,-0.0149795,1.00481e-08
17.4,7.8,0,3.74596,-0.0151043,8.31258e-09
17.4,7.9,0,3.74649,-0.0152291,6.57705e-09
17.4,8,0,3.74721,-0.0153823,1.5336e-08
17.4,8.1,0,3.74777,-0.0154417,1.38992e-08
17.4,8.2,0,3.74831,-0.0154895,1.09641e-08
17.4,8.3,0,3.74895,-0.0155391,1.08664e-09
17.4,8.4,0,3.7496,-0.0155468,-6.69302e-09
17.4,8.5,0,3.75014,-0.0155182,-4.63055e-09
17.4,8.6,0,3.75069,-0.0154876,-1.15611e-09
17.4,8.7,0,3.7514,-0.0154203,1.71172e-08
17.4,8.8,0,3.75193,-0.0153194,8.29119e-09
17.4,8.9,0,3.75246,-0.0152184,-5.34867e-10
17.4,9,0,3.75313,-0.0150757,-1.80745e-08
17.4,9.1,0,3.75367,-0.0149085,-1.37706e-08
17.4,9.2,0,3.75418,-0.0147399,-4.9882e-09
17.4,9.3,0,3.75475,-0.0145411,5.35282e-09
17.4,9.4,0,3.75534,-0.0142995,7.01155e-09
17.4,9.5,0,3.75581,-0.0140684,-2.76587e-09
17.4,9.6,0,3.75629,-0.0138361,-1.24528e-08
17.4,9.7,0,3.75691,-0.0135078,-1.29797e-08
17.4,9.8,0,3.75735,-0.0132203,-5.97938e-09
17.4,9.9,0,3.75779,-0.0129328,1.02096e-09
17.4,10,0,3.75833,-0.0125645,-3.70487e-09
17.4,10.1,0,3.75877,-0.0122122,-4.10502e-09
17.4,10.2,0,3.75916,-0.0118743,-1.92316e-09
17.4,10.3,0,3.7596,-0.0114939,5.23784e-09
17.4,10.4,0,3.76005,-0.011061,8.8493e-09
17.4,10.5,0,3.7604,-0.0106791,-5.33286e-09
17.4,10.6,0,3.76075,-0.0102972,-1.9515e-08
17.4,10.7,0,3.7612,-0.00978368,-3.87867e-08
17.4,10.8,0,3.7615,-0.00936441,-1.68257e-08
17.4,10.9,0,3.7618,-0.00894513,5.13543e-09
17.4,11,0,3.76216,-0.0084292,2.52913e-08
17.4,11.1,0,3.76244,-0.00794689,1.33335e-08
17.4,11.2,0,3.76268,-0.00749627,-8.94649e-09
17.4,11.3,0,3.76294,-0.00700239,-2.65875e-08
17.4,11.4,0,3.76317,-0.00644309,-2.43256e-08
17.4,11.5,0,3.76325,-0.00596896,-1.18682e-08
17.4,11.6,0,3.76333,-0.00549483,5.89289e-10
17.4,11.7,0,3.76329,-0.00487241,-8.8859e-09
17.4,11.8,0,3.7599,-0.0043781,-2.77205e-09
17.4,11.9,0,3.75651,-0.0038838,3.34179e-09
17.4,12,0,3.75311,-0.00329075,1.66235e-08
17.4,12.1,0,3.69552,-0.00275802,1.35933e-08
17.4,12.2,0,3.61471,-0.00228419,1.17256e-09
17.4,12.3,0,3.53384,-0.00177477,-1.14289e-08
17.4,12.4,0,3.11758,-0.00122765,-1.67177e-08
17.4,12.5,0,2.07874,-0.000857117,-7.17442e-09
17.4,12.6,0,1.03991,-0.000486586,2.36886e-09
17.4,12.7,0,0,0,0
17.5,0,0,3.53492e-32,3.59412e-37,1.41472e-37
17.5,0.1,0,1.31015,9.30858e-05,4.1345e-09
17.5,0.2,0,2.62031,0.000186172,8.269e-09
17.5,0.3,0,3.36346,0.000374457,1.3223e-08
17.5,0.4,0,3.53914,0.00059366,1.58365e-08
17.5,0.5,0,3.71496,0.000872393,1.72104e-08
17.5,0.6,0,3.72814,0.00112803,1.56588e-08
17.5,0.7,0,3.74133,0.00138366,1.41073e-08
17.5,0.8,0,3.74823,0.00170033,1.27014e-08
17.5,0.9,0,3.7488,0.00194284,1.06294e-08
17.5,1,0,3.74935,0.00225065,9.20822e-09
17.5,1.1,0,3.74922,0.00247438,7.03051e-09
17.5,1.2,0,3.74908,0.00269812,4.8528e-09
17.5,1.3,0,3.74887,0.00297109,3.25563e-09
17.5,1.4,0,3.74867,0.00316858,1.61053e-09
17.5,1.5,0,3.74842,0.00342419,7.22518e-10
17.5,1.6,0,3.74818,0.00359053,-1.08543e-09
17.5,1.7,0,3.74794,0.00375688,-2.89338e-09
17.5,1.8,0,3.74763,0.0039581,-3.57882e-09
17.5,1.9,0,3.74736,0.00408814,-3.83567e-09
17.5,2,0,3.74703,0.00426515,-3.9852e-09
17.5,2.1,0,3.74673,0.00435412,-3.3433e-09
17.5,2.2,0,3.74643,0.00444309,-2.7014e-09
17.5,2.3,0,3.74605,0.00454924,-1.1794e-09
17.5,2.4,0,3.74572,0.00459275,2.94146e-10
17.5,2.5,0,3.74533,0.00466809,2.13184e-09
17.5,2.6,0,3.74499,0.00466222,3.93144e-09
17.5,2.7,0,3.74465,0.00465635,5.73104e-09
17.5,2.8,0,3.74423,0.00464685,7.89979e-09
17.5,2.9,0,3.74388,0.00458824,8.31379e-09
17.5,3,0,3.74345,0.00454221,9.27955e-09
17.5,3.1,0,3.7431,0.00442848,1.00487e-08
17.5,3.2,0,3.74274,0.00431475,1.08179e-08
17.5,3.3,0,3.74231,0.00417377,1.11422e-08
17.5,3.4,0,3.74196,0.00400247,1.14152e-08
17.5,3.5,0,3.74152,0.00382011,1.10362e-08
17.5,3.6,0,3.74119,0.00359189,1.12699e-08
17.5,3.7,0,3.74086,0.00336367,1.15036e-08
17.5,3.8,0,3.74044,0.00308241,1.00501e-08
17.5,3.9,0,3.74013,0.00279389,1.05191e-08
17.5,4,0,3.73973,0.00246605,9.22728e-09
17.5,4.1,0,3.73945,0.00212492,9.48713e-09
17.5,4.2,0,3.73917,0.00178378,9.74699e-09
17.5,4.3,0,3.73882,0.00136442,6.838e-09
17.5,4.4,0,3.73858,0.000965873,5.3615e-09
17.5,4.5,0,3.73825,0.000497282,8.76786e-13
17.5,4.6,0,3.73807,5.08091e-05,-3.41997e-09
17.5,4.7,0,3.73789,-0.000395664,-6.84082e-09
17.5,4.8,0,3.73769,-0.000903841,-8.25443e-09
17.5,4.9,0,3.73756,-0.00130765,-4.62067e-09
17.5,5,0,3.73738,-0.00177916,5.71954e-09
17.5,5.1,0,3.7371,-0.00253203,3.10363e-08
17.5,5.2,0,3.73696,-0.00313828,3.6056e-08
17.5,5.3,0,3.73689,-0.0037648,2.92473e-08
17.5,5.4,0,3.73689,-0.00440689,1.61275e-08
17.5,5.5,0,3.73694,-0.00505483,-1.04386e-09
17.5,5.6,0,3.73703,-0.00570262,-2.06008e-08
17.5,5.7,0,3.73719,-0.00634407,-3.88251e-08
17.5,5.8,0,3.73741,-0.00696991,-4.85242e-08
17.5,5.9,0,3.73769,-0.00757798,-4.16202e-08
17.5,6,0,3.73826,-0.00841511,3.01288e-09
17.5,6.1,0,3.73851,-0.00879637,1.17179e-08
17.5,6.2,0,3.73875,-0.00917764,2.04228e-08
17.5,6.3,0,3.73902,-0.00958011,2.89408e-08
17.5,6.4,0,3.73938,-0.0100485,2.72438e-08
17.5,6.5,0,3.73973,-0.010475,2.07289e-08
17.5,6.6,0,3.74008,-0.0109016,1.42139e-08
17.5,6.7,0,3.74052,-0.0114154,9.27956e-09
17.5,6.8,0,3.74096,-0.0117751,7.43031e-09
17.5,6.9,0,3.74139,-0.0121348,5.58107e-09
17.5,7,0,3.74193,-0.0125727,1.14228e-08
17.5,7.1,0,3.74241,-0.0128657,1.01185e-08
17.5,7.2,0,3.74288,-0.0131457,7.89839e-09
17.5,7.3,0,3.74337,-0.0134348,4.93158e-09
17.5,7.4,0,3.74396,-0.0137177,1.66897e-09
17.5,7.5,0,3.74447,-0.0139249,4.04698e-09
17.5,7.6,0,3.74499,-0.0141321,6.42499e-09
17.5,7.7,0,3.74562,-0.0143607,8.44802e-09
17.5,7.8,0,3.74615,-0.0144855,6.7125e-09
17.5,7.9,0,3.74669,-0.0146103,4.97697e-09
17.5,8,0,3.74731,-0.0147493,8.45917e-09
17.5,8.1,0,3.74787,-0.0148086,7.02231e-09
17.5,8.2,0,3.74841,-0.0148565,4.08723e-09
17.5,8.3,0,3.74896,-0.0149045,6.70045e-10
17.5,8.4,0,3.74961,-0.0149121,-7.10961e-09
17.5,8.5,0,3.75015,-0.0148835,-5.04715e-09
17.5,8.6,0,3.75068,-0.0148548,-2.98469e-09
17.5,8.7,0,3.75133,-0.0147972,7.90039e-09
17.5,8.8,0,3.75185,-0.0146963,-9.25664e-10
17.5,8.9,0,3.75238,-0.0145953,-9.75172e-09
17.5,9,0,3.75297,-0.0144751,-2.26021e-08
17.5,9.1,0,3.75351,-0.0143079,-1.82982e-08
17.5,9.2,0,3.75402,-0.0141393,-9.51585e-09
17.5,9.3,0,3.75452,-0.0139707,-7.33497e-10
17.5,9.4,0,3.7551,-0.0137309,8.32823e-10
17.5,9.5,0,3.75558,-0.0134998,-8.9446e-09
17.5,9.6,0,3.75605,-0.0132687,-1.8722e-08
17.5,9.7,0,3.75661,-0.0129791,-2.21915e-08
17.5,9.8,0,3.75704,-0.0126916,-1.51911e-08
17.5,9.9,0,3.75748,-0.0124042,-8.19081e-09
17.5,10,0,3.75797,-0.0120826,-6.12914e-09
17.5,10.1,0,3.7584,-0.0117304,-6.52929e-09
17.5,10.2,0,3.7588,-0.0113925,-4.34743e-09
17.5,10.3,0,3.75919,-0.0110546,-2.16556e-09
17.5,10.4,0,3.75963,-0.0106315,3.03901e-10
17.5,10.5,0,3.75998,-0.0102496,-1.38783e-08
17.5,10.6,0,3.76033,-0.00986767,-2.80604e-08
17.5,10.7,0,3.76073,-0.00941097,-4.34637e-08
17.5,10.8,0,3.76103,-0.00899169,-2.15027e-08
17.5,10.9,0,3.76133,-0.00857242,4.58415e-10
17.5,11,0,3.76165,-0.00811701,2.17446e-08
17.5,11.1,0,3.76193,-0.00763471,9.78683e-09
17.5,11.2,0,3.76218,-0.00718409,-1.24931e-08
17.5,11.3,0,3.76242,-0.00673347,-3.47731e-08
17.5,11.4,0,3.76264,-0.00619425,-3.4666e-08
17.5,11.5,0,3.76272,-0.00572012,-2.22085e-08
17.5,11.6,0,3.7628,-0.00524599,-9.75105e-09
17.5,11.7,0,3.76273,-0.00468903,-9.61937e-09
17.5,11.8,0,3.75934,-0.00419473,-3.50553e-09
17.5,11.9,0,3.75595,-0.00370042,2.60832e-09
17.5,12,0,3.75256,-0.00317471,1.1002e-08
17.5,12.1,0,3.69497,-0.00264198,7.97181e-09
17.5,12.2,0,3.61415,-0.00216815,-4.44892e-09
17.5,12.3,0,3.53333,-0.00169432,-1.68697e-08
17.5,12.4,0,3.11711,-0.00117607,-2.2012e-08
17.5,12.5,0,2.07827,-0.000805538,-1.24687e-08
17.5,12.6,0,1.03943,-0.000435006,-2.92543e-09
17.5,12.7,0,0,0,0
17.6,0,0,3.53492e-32,3.59412e-37,1.41472e-37
17.6,0.1,0,1.31015,9.30858e-05,4.1345e-09
17.6,0.2,0,2.62031,0.000186172,8.269e-09
17.6,0.3,0,3.36327,0.000348744,1.1959e-08
17.6,0.4,0,3.53895,0.000567947,1.45725e-08
17.6,0.5,0,3.71466,0.000799056,1.69381e-08
17.6,0.6,0,3.72784,0.00105469,1.53865e-08
17.6,0.7,0,3.74103,0.00131032,1.3835e-08
17.6,0.8,0,3.74791,0.00157292,1.21044e-08
17.6,0.9,0,3.74849,0.00181543,1.00323e-08
17.6,1,0,3.74905,0.002071,8.09046e-09
17.6,1.1,0,3.74892,0.00229474,5.91275e-09
17.6,1.2,0,3.74878,0.00251847,3.73504e-09
17.6,1.3,0,3.7486,0.00274155,1.88649e-09
17.6,1.4,0,3.7484,0.00293904,2.41386e-10
17.6,1.5,0,3.74818,0.00314815,-1.2523e-09
17.6,1.6,0,3.74794,0.00331449,-3.06025e-09
17.6,1.7,0,3.7477,0.00348083,-4.8682e-09
17.6,1.8,0,3.74744,0.00363963,-5.8312e-09
17.6,1.9,0,3.74716,0.00376968,-6.08805e-09
17.6,2,0,3.74688,0.00390912,-6.32344e-09
17.6,2.1,0,3.74658,0.00399809,-5.68154e-09
17.6,2.2,0,3.74627,0.00408706,-5.03964e-09
17.6,2.3,0,3.74595,0.00416128,-3.88906e-09
17.6,2.4,0,3.74562,0.00420479,-2.41551e-09
17.6,2.5,0,3.74529,0.00425467,-8.69132e-10
17.6,2.6,0,3.74495,0.0042488,9.30468e-10
17.6,2.7,0,3.74461,0.00424294,2.73007e-09
17.6,2.8,0,3.74425,0.00421525,4.04926e-09
17.6,2.9,0,3.7439,0.00415665,4.46326e-09
17.6,3,0,3.74353,0.00410056,4.98762e-09
17.6,3.1,0,3.74318,0.00398683,5.75682e-09
17.6,3.2,0,3.74283,0.0038731,6.52602e-09
17.6,3.3,0,3.74246,0.00373089,7.00777e-09
17.6,3.4,0,3.74211,0.00355959,7.28083e-09
17.6,3.5,0,3.74175,0.00338608,7.42349e-09
17.6,3.6,0,3.74141,0.00315786,7.65718e-09
17.6,3.7,0,3.74108,0.00292964,7.89088e-09
17.6,3.8,0,3.74074,0.0026667,7.88126e-09
17.6,3.9,0,3.74043,0.00237819,8.35029e-09
17.6,4,0,3.7401,0.00208181,8.46715e-09
17.6,4.1,0,3.73982,0.00174067,8.727e-09
17.6,4.2,0,3.73954,0.00139953,8.98686e-09
17.6,4.3,0,3.73926,0.00101979,7.9184e-09
17.6,4.4,0,3.73901,0.000621245,6.4419e-09
17.6,4.5,0,3.73875,0.000208692,4.18858e-09
17.6,4.6,0,3.73857,-0.000237781,7.67725e-10
17.6,4.7,0,3.7384,-0.000684254,-2.65312e-09
17.6,4.8,0,3.73823,-0.001126,-2.85068e-09
17.6,4.9,0,3.73811,-0.0015298,7.83066e-10
17.6,5,0,3.73798,-0.00194715,5.75811e-09
17.6,5.1,0,3.73776,-0.00265458,2.41165e-08
17.6,5.2,0,3.73765,-0.00321594,2.68526e-08
17.6,5.3,0,3.7376,-0.00379384,2.09895e-08
17.6,5.4,0,3.73761,-0.00438416,9.753e-09
17.6,5.5,0,3.73766,-0.00497924,-6.43787e-09
17.6,5.6,0,3.73775,-0.00557416,-2.64138e-08
17.6,5.7,0,3.7379,-0.00616384,-4.59411e-08
17.6,5.8,0,3.7381,-0.00674086,-5.63831e-08
17.6,5.9,0,3.73835,-0.00730329,-4.77945e-08
17.6,6,0,3.73885,-0.00809331,4.77158e-09
17.6,6.1,0,3.73909,-0.00847458,1.34766e-08
17.6,6.2,0,3.73934,-0.00885585,2.21815e-08
17.6,6.3,0,3.73959,-0.00923712,3.08865e-08
17.6,6.4,0,3.73991,-0.00966359,2.95593e-08
17.6,6.5,0,3.74026,-0.0100901,2.30444e-08
17.6,6.6,0,3.74061,-0.0105167,1.65294e-08
17.6,6.7,0,3.741,-0.0109446,1.14503e-08
17.6,6.8,0,3.74143,-0.0113043,9.60109e-09
17.6,6.9,0,3.74186,-0.011664,7.75185e-09
17.6,7,0,3.74231,-0.012032,6.72297e-09
17.6,7.1,0,3.74279,-0.0123251,5.41869e-09
17.6,7.2,0,3.74326,-0.0126051,3.19857e-09
17.6,7.3,0,3.74373,-0.012885,9.78462e-10
17.6,7.4,0,3.74425,-0.0131325,6.07609e-10
17.6,7.5,0,3.74476,-0.0133397,2.98562e-09
17.6,7.6,0,3.74528,-0.0135469,5.36363e-09
17.6,7.7,0,3.74582,-0.0137419,6.84794e-09
17.6,7.8,0,3.74635,-0.0138667,5.11242e-09
17.6,7.9,0,3.74688,-0.0139915,3.37689e-09
17.6,8,0,3.74741,-0.0141164,1.64137e-09
17.6,8.1,0,3.74798,-0.0141755,1.45446e-10
17.6,8.2,0,3.74852,-0.0142234,-2.78963e-09
17.6,8.3,0,3.74906,-0.0142713,-5.72471e-09
17.6,8.4,0,3.74962,-0.0142775,-7.52621e-09
17.6,8.5,0,3.75016,-0.0142488,-5.46375e-09
17.6,8.6,0,3.75069,-0.0142202,-3.40128e-09
17.6,8.7,0,3.75125,-0.0141741,-1.31646e-09
17.6,8.8,0,3.75177,-0.0140732,-1.01425e-08
17.6,8.9,0,3.7523,-0.0139722,-1.89686e-08
17.6,9,0,3.75283,-0.0138713,-2.77946e-08
17.6,9.1,0,3.75335,-0.0137072,-2.28258e-08
17.6,9.2,0,3.75386,-0.0135386,-1.40435e-08
17.6,9.3,0,3.75436,-0.0133701,-5.26114e-09
17.6,9.4,0,3.75487,-0.0131622,-5.34591e-09
17.6,9.5,0,3.75534,-0.0129311,-1.51233e-08
17.6,9.6,0,3.75582,-0.0127,-2.49008e-08
17.6,9.7,0,3.7563,-0.0124505,-3.14033e-08
17.6,9.8,0,3.75674,-0.012163,-2.44029e-08
17.6,9.9,0,3.75718,-0.0118755,-1.74026e-08
17.6,10,0,3.75762,-0.011588,-1.04022e-08
17.6,10.1,0,3.75804,-0.0112485,-8.95356e-09
17.6,10.2,0,3.75843,-0.0109106,-6.7717e-09
17.6,10.3,0,3.75883,-0.0105727,-4.58983e-09
17.6,10.4,0,3.75922,-0.0102019,-8.2415e-09
17.6,10.5,0,3.75956,-0.00982002,-2.24237e-08
17.6,10.6,0,3.75991,-0.00943811,-3.66058e-08
17.6,10.7,0,3.76027,-0.00903826,-4.81408e-08
17.6,10.8,0,3.76057,-0.00861898,-2.61797e-08
17.6,10.9,0,3.76087,-0.00819971,-4.2186e-09
17.6,11,0,3.76116,-0.00778043,1.77425e-08
17.6,11.1,0,3.76143,-0.00732252,6.24019e-09
17.6,11.2,0,3.76167,-0.0068719,-1.60398e-08
17.6,11.3,0,3.76192,-0.00642128,-3.83197e-08
17.6,11.4,0,3.7621,-0.00594542,-4.50063e-08
17.6,11.5,0,3.76218,-0.00547129,-3.25489e-08
17.6,11.6,0,3.76226,-0.00499716,-2.00914e-08
17.6,11.7,0,3.76217,-0.00450566,-1.03528e-08
17.6,11.8,0,3.75878,-0.00401135,-4.239e-09
17.6,11.9,0,3.75539,-0.00351705,1.87485e-09
17.6,12,0,3.752,-0.00302274,7.98869e-09
17.6,12.1,0,3.69441,-0.00252594,2.35033e-09
17.6,12.2,0,3.61359,-0.00205211,-1.00704e-08
17.6,12.3,0,3.53278,-0.00157828,-2.24911e-08
17.6,12.4,0,3.11663,-0.00112449,-2.73063e-08
17.6,12.5,0,2.07779,-0.000753958,-1.7763e-08
17.6,12.6,0,1.03896,-0.000383426,-8.21971e-09
17.6,12.7,0,0,0,0
17.7,0,0,0,0,0
17.7,0.1,0,1.31008,8.16296e-05,1.92554e-09
17.7,0.2,0,2.62024,0.000174715,6.06004e-09
17.7,0.3,0,3.3631,0.000308529,9.12503e-09
17.7,0.4,0,3.53878,0.000527732,1.17385e-08
17.7,0.5,0,3.71446,0.000746935,1.4352e-08
17.7,0.6,0,3.72764,0.000977055,1.32494e-08
17.7,0.7,0,3.74083,0.00123269,1.16979e-08
17.7,0.8,0,3.74771,0.00145726,1.05186e-08
17.7,0.9,0,3.74829,0.00169977,8.44652e-09
17.7,1,0,3.74886,0.00194229,6.37447e-09
17.7,1.1,0,3.74873,0.00214285,4.98983e-09
17.7,1.2,0,3.7486,0.00236658,2.81212e-09
17.7,1.3,0,3.74844,0.00255591,1.56163e-09
17.7,1.4,0,3.74824,0.00275339,-8.34721e-11
17.7,1.5,0,3.74803,0.00295087,-1.72857e-09
17.7,1.6,0,3.74781,0.0030982,-2.93368e-09
17.7,1.7,0,3.74757,0.00326455,-4.74163e-09
17.7,1.8,0,3.74734,0.00339639,-5.66142e-09
17.7,1.9,0,3.74707,0.00352644,-5.91827e-09
17.7,2,0,3.74679,0.00365649,-6.17512e-09
17.7,2.1,0,3.74652,0.00373217,-5.8799e-09
17.7,2.2,0,3.74621,0.00382114,-5.238e-09
17.7,2.3,0,3.74593,0.00387753,-4.80106e-09
17.7,2.4,0,3.7456,0.00392104,-3.32751e-09
17.7,2.5,0,3.74528,0.00396456,-1.85396e-09
17.7,2.6,0,3.74497,0.00395266,-8.04868e-10
17.7,2.7,0,3.74463,0.00394679,9.94732e-10
17.7,2.8,0,3.74432,0.00391269,1.74826e-09
17.7,2.9,0,3.74397,0.00385408,2.16227e-09
17.7,3,0,3.74362,0.00379548,2.57627e-09
17.7,3.1,0,3.7433,0.00368429,3.16899e-09
17.7,3.2,0,3.74295,0.00357057,3.93819e-09
17.7,3.3,0,3.74263,0.0034354,4.52964e-09
17.7,3.4,0,3.74228,0.0032641,4.8027e-09
17.7,3.5,0,3.74193,0.0030928,5.07577e-09
17.7,3.6,0,3.74163,0.0028767,5.48201e-09
17.7,3.7,0,3.7413,0.00264849,5.71571e-09
17.7,3.8,0,3.74101,0.00240773,6.17342e-09
17.7,3.9,0,3.74069,0.00211922,6.64245e-09
17.7,4,0,3.74038,0.00183071,7.11148e-09
17.7,4.1,0,3.74013,0.0015117,7.55617e-09
17.7,4.2,0,3.73985,0.00117057,7.81603e-09
17.7,4.3,0,3.73962,0.000828662,8.28807e-09
17.7,4.4,0,3.73937,0.000430119,6.81157e-09
17.7,4.5,0,3.73913,3.15763e-05,5.33507e-09
17.7,4.6,0,3.73897,-0.000382331,2.52795e-09
17.7,4.7,0,3.73879,-0.000828804,-8.92902e-10
17.7,4.8,0,3.73866,-0.00122464,-4.37275e-09
17.7,4.9,0,3.73854,-0.00162844,-7.38997e-10
17.7,5,0,3.73842,-0.00203224,2.89475e-09
17.7,5.1,0,3.73822,-0.00270685,1.52578e-08
17.7,5.2,0,3.73813,-0.00323883,1.65191e-08
17.7,5.3,0,3.73809,-0.00378553,1.20593e-08
17.7,5.4,0,3.73811,-0.00434318,3.36984e-09
17.7,5.5,0,3.73816,-0.00490506,-1.03347e-08
17.7,5.6,0,3.73825,-0.00546676,-2.8313e-08
17.7,5.7,0,3.73839,-0.00602372,-4.646e-08
17.7,5.8,0,3.73858,-0.0065694,-5.61554e-08
17.7,5.9,0,3.73881,-0.00710199,-4.73857e-08
17.7,6,0,3.73928,-0.00785636,4.62885e-09
17.7,6.1,0,3.7395,-0.00820046,1.10038e-08
17.7,6.2,0,3.73975,-0.00858173,1.97088e-08
17.7,6.3,0,3.73999,-0.008963,2.84138e-08
17.7,6.4,0,3.74028,-0.00933065,2.98937e-08
17.7,6.5,0,3.74062,-0.00975718,2.33787e-08
17.7,6.6,0,3.74097,-0.0101837,1.68637e-08
17.7,6.7,0,3.74131,-0.0105546,8.49948e-09
17.7,6.8,0,3.74174,-0.0109143,6.65024e-09
17.7,6.9,0,3.74217,-0.011274,4.801e-09
17.7,7,0,3.74261,-0.0116337,2.95175e-09
17.7,7.1,0,3.74303,-0.0118914,4.52981e-09
17.7,7.2,0,3.74351,-0.0121713,2.3097e-09
17.7,7.3,0,3.74398,-0.0124513,8.95841e-11
17.7,7.4,0,3.74443,-0.0126682,-3.18259e-09
17.7,7.5,0,3.74494,-0.0128753,-8.04581e-10
17.7,7.6,0,3.74545,-0.0130825,1.57343e-09
17.7,7.7,0,3.74593,-0.0132596,3.64666e-09
17.7,7.8,0,3.74645,-0.013383,2.01865e-09
17.7,7.9,0,3.74698,-0.0135078,2.83126e-10
17.7,8,0,3.74752,-0.0136327,-1.4524e-09
17.7,8.1,0,3.74801,-0.0136843,-2.25768e-09
17.7,8.2,0,3.74855,-0.0137322,-5.19276e-09
17.7,8.3,0,3.74909,-0.01378,-8.12784e-09
17.7,8.4,0,3.74958,-0.0137887,-1.26857e-08
17.7,8.5,0,3.75012,-0.0137601,-1.06232e-08
17.7,8.6,0,3.75066,-0.0137314,-8.56074e-09
17.7,8.7,0,3.75116,-0.0136946,-2.77254e-09
17.7,8.8,0,3.75167,-0.0135964,-9.02639e-09
17.7,8.9,0,3.7522,-0.0134954,-1.78524e-08
17.7,9,0,3.75272,-0.0133945,-2.66785e-08
17.7,9.1,0,3.75319,-0.0132505,-3.02323e-08
17.7,9.2,0,3.75369,-0.0130819,-2.14499e-08
17.7,9.3,0,3.7542,-0.0129133,-1.26676e-08
17.7,9.4,0,3.75465,-0.0127329,-4.09852e-09
17.7,9.5,0,3.75512,-0.0125018,-1.38759e-08
17.7,9.6,0,3.7556,-0.0122707,-2.36534e-08
17.7,9.7,0,3.75605,-0.0120435,-3.32859e-08
17.7,9.8,0,3.75647,-0.0117673,-2.8454e-08
17.7,9.9,0,3.75691,-0.0114798,-2.14537e-08
17.7,10,0,3.75735,-0.0111923,-1.44534e-08
17.7,10.1,0,3.75772,-0.0108917,-1.44623e-08
17.7,10.2,0,3.75812,-0.0105538,-1.22804e-08
17.7,10.3,0,3.75851,-0.0102159,-1.00985e-08
17.7,10.4,0,3.75886,-0.00988847,-4.26229e-09
17.7,10.5,0,3.75921,-0.00950656,-1.84444e-08
17.7,10.6,0,3.75956,-0.00912466,-3.26266e-08
17.7,10.7,0,3.75989,-0.00875042,-4.82885e-08
17.7,10.8,0,3.76018,-0.00835249,-3.58606e-08
17.7,10.9,0,3.76047,-0.00793322,-1.38995e-08
17.7,11,0,3.76077,-0.00751394,8.06155e-09
17.7,11.1,0,3.76101,-0.00710602,9.26792e-09
17.7,11.2,0,3.76125,-0.0066554,-1.3012e-08
17.7,11.3,0,3.7615,-0.00620478,-3.5292e-08
17.7,11.4,0,3.76166,-0.00578109,-4.84044e-08
17.7,11.5,0,3.76174,-0.00530696,-3.59469e-08
17.7,11.6,0,3.76182,-0.00483283,-2.34895e-08
17.7,11.7,0,3.76173,-0.00436424,-1.20465e-08
17.7,11.8,0,3.75834,-0.003901,-9.2396e-09
17.7,11.9,0,3.75495,-0.0034067,-3.12576e-09
17.7,12,0,3.75155,-0.00291239,2.98808e-09
17.7,12.1,0,3.69401,-0.00246848,3.83835e-09
17.7,12.2,0,3.61319,-0.00199465,-8.58239e-09
17.7,12.3,0,3.53237,-0.00152082,-2.10031e-08
17.7,12.4,0,3.11651,-0.00111159,-2.86299e-08
17.7,12.5,0,2.07767,-0.000741063,-1.90866e-08
17.7,12.6,0,1.03884,-0.000370532,-9.54328e-09
17.7,12.7,0,0,0,0
17.8,0,0,0,0,0
17.8,0.1,0,1.30999,6.63546e-05,-1.01975e-09
17.8,0.2,0,2.62014,0.00015944,3.11475e-09
17.8,0.3,0,3.36294,0.00026348,5.76773e-09
17.8,0.4,0,3.53862,0.000482683,8.38123e-09
17.8,0.5,0,3.7143,0.000701886,1.09947e-08
17.8,0.6,0,3.72747,0.000897987,1.04907e-08
17.8,0.7,0,3.74065,0.00115362,8.93914e-09
17.8,0.8,0,3.74755,0.00134552,8.60316e-09
17.8,0.9,0,3.74812,0.00158803,6.53111e-09
17.8,1,0,3.7487,0.00183055,4.45906e-09
17.8,1.1,0,3.74859,0.0020002,4.13186e-09
17.8,1.2,0,3.74845,0.00222394,1.95415e-09
17.8,1.3,0,3.74832,0.00238489,1.58487e-09
17.8,1.4,0,3.74812,0.00258237,-6.0235e-11
17.8,1.5,0,3.74791,0.00277986,-1.70534e-09
17.8,1.6,0,3.74772,0.00290183,-2.10664e-09
17.8,1.7,0,3.74748,0.00306817,-3.9146e-09
17.8,1.8,0,3.74727,0.00317823,-4.68425e-09
17.8,1.9,0,3.747,0.00330827,-4.9411e-09
17.8,2,0,3.74673,0.00343832,-5.19795e-09
17.8,2.1,0,3.74649,0.00349628,-5.36496e-09
17.8,2.2,0,3.74618,0.00358525,-4.72306e-09
17.8,2.3,0,3.74594,0.00362852,-5.11385e-09
17.8,2.4,0,3.74561,0.00367203,-3.6403e-09
17.8,2.5,0,3.74529,0.00371554,-2.16675e-09
17.8,2.6,0,3.74502,0.00369561,-2.11832e-09
17.8,2.7,0,3.74468,0.00368974,-3.18725e-10
17.8,2.8,0,3.74441,0.00365313,-3.62298e-11
17.8,2.9,0,3.74406,0.00359453,3.77775e-10
17.8,3,0,3.74371,0.00353593,7.9178e-10
17.8,3.1,0,3.74343,0.00342813,1.1492e-09
17.8,3.2,0,3.74308,0.0033144,1.9184e-09
17.8,3.3,0,3.7428,0.00318903,2.6036e-09
17.8,3.4,0,3.74246,0.00301773,2.87666e-09
17.8,3.5,0,3.74211,0.00284643,3.14973e-09
17.8,3.6,0,3.74185,0.0026465,3.78604e-09
17.8,3.7,0,3.74152,0.00241828,4.01973e-09
17.8,3.8,0,3.74127,0.00220102,4.61923e-09
17.8,3.9,0,3.74095,0.0019125,5.08826e-09
17.8,4,0,3.74064,0.00162399,5.55729e-09
17.8,4.1,0,3.74043,0.0013345,6.24845e-09
17.8,4.2,0,3.74015,0.000993358,6.5083e-09
17.8,4.3,0,3.73995,0.000688704,8.42084e-09
17.8,4.4,0,3.73971,0.000290161,6.94434e-09
17.8,4.5,0,3.73946,-0.000108382,5.46784e-09
17.8,4.6,0,3.73933,-0.000478868,3.47901e-09
17.8,4.7,0,3.73916,-0.000925341,5.81625e-11
17.8,4.8,0,3.73904,-0.0012821,-8.20341e-09
17.8,4.9,0,3.73892,-0.0016859,-4.56966e-09
17.8,5,0,3.7388,-0.00208971,-9.35911e-10
17.8,5.1,0,3.73863,-0.00273571,5.75285e-09
17.8,5.2,0,3.73855,-0.00324347,5.809e-09
17.8,5.3,0,3.73851,-0.00376476,2.90498e-09
17.8,5.4,0,3.73853,-0.00429612,-3.0162e-09
17.8,5.5,0,3.73859,-0.00483135,-1.37324e-08
17.8,5.6,0,3.73868,-0.00536638,-2.89077e-08
17.8,5.7,0,3.73881,-0.00589698,-4.47798e-08
17.8,5.8,0,3.73899,-0.00641715,-5.32322e-08
17.8,5.9,0,3.73921,-0.00692515,-4.47825e-08
17.8,6,0,3.73965,-0.00764768,3.8523e-09
17.8,6.1,0,3.73985,-0.00794224,7.12067e-09
17.8,6.2,0,3.74009,-0.0083235,1.58256e-08
17.8,6.3,0,3.74034,-0.00870477,2.45306e-08
17.8,6.4,0,3.74059,-0.00901802,2.93818e-08
17.8,6.5,0,3.74093,-0.00944156,2.30526e-08
17.8,6.6,0,3.74128,-0.00986809,1.65377e-08
17.8,6.7,0,3.74161,-0.0102374,8.02794e-09
17.8,6.8,0,3.74199,-0.0105512,1.99217e-09
17.8,6.9,0,3.74243,-0.0109109,1.42932e-10
17.8,7,0,3.74286,-0.0112706,-1.70631e-09
17.8,7.1,0,3.74323,-0.0114932,4.91124e-09
17.8,7.2,0,3.7437,-0.0117732,2.69113e-09
17.8,7.3,0,3.74417,-0.0120531,4.7102e-10
17.8,7.4,0,3.74457,-0.0122489,-6.95337e-09
17.8,7.5,0,3.74507,-0.0124513,-5.5044e-09
17.8,7.6,0,3.74559,-0.0126585,-3.12639e-09
17.8,7.7,0,3.74606,-0.0128356,-1.05315e-09
17.8,7.8,0,3.74653,-0.0129443,-1.57302e-09
17.8,7.9,0,3.74706,-0.0130692,-3.30854e-09
17.8,8,0,3.74759,-0.013194,-5.04406e-09
17.8,8.1,0,3.74802,-0.0132403,-3.16956e-09
17.8,8.2,0,3.74856,-0.0132882,-6.10464e-09
17.8,8.3,0,3.7491,-0.0133361,-9.03972e-09
17.8,8.4,0,3.74955,-0.0133474,-1.75992e-08
17.8,8.5,0,3.75007,-0.0133199,-1.73636e-08
17.8,8.6,0,3.75061,-0.0132913,-1.53011e-08
17.8,8.7,0,3.75111,-0.0132544,-9.51295e-09
17.8,8.8,0,3.75157,-0.0131683,-4.46594e-09
17.8,8.9,0,3.75209,-0.0130673,-1.3292e-08
17.8,9,0,3.75262,-0.0129664,-2.2118e-08
17.8,9.1,0,3.75303,-0.0128417,-3.85983e-08
17.8,9.2,0,3.75353,-0.0126732,-2.98159e-08
17.8,9.3,0,3.75404,-0.0125046,-2.10336e-08
17.8,9.4,0,3.75446,-0.0123385,-5.74354e-09
17.8,9.5,0,3.75491,-0.0121189,-1.01532e-08
17.8,9.6,0,3.75539,-0.0118878,-1.99306e-08
17.8,9.7,0,3.75584,-0.0116606,-2.95631e-08
17.8,9.8,0,3.75621,-0.0114158,-3.07849e-08
17.8,9.9,0,3.75665,-0.0111283,-2.37846e-08
17.8,10,0,3.75709,-0.0108408,-1.67843e-08
17.8,10.1,0,3.75742,-0.0105765,-2.09991e-08
17.8,10.2,0,3.75782,-0.0102386,-1.88173e-08
17.8,10.3,0,3.75821,-0.00990074,-1.66354e-08
17.8,10.4,0,3.75854,-0.00959051,-4.55001e-09
17.8,10.5,0,3.75887,-0.00923181,-1.02904e-08
17.8,10.6,0,3.75922,-0.00884991,-2.44725e-08
17.8,10.7,0,3.75956,-0.00847567,-4.01344e-08
17.8,10.8,0,3.75981,-0.00812141,-4.72095e-08
17.8,10.9,0,3.76011,-0.00770214,-2.52484e-08
17.8,11,0,3.76041,-0.00728286,-3.28735e-09
17.8,11.1,0,3.76062,-0.00692141,1.44871e-08
17.8,11.2,0,3.76086,-0.00647079,-7.79286e-09
17.8,11.3,0,3.76111,-0.00602017,-3.00728e-08
17.8,11.4,0,3.76126,-0.00561076,-4.50432e-08
17.8,11.5,0,3.76133,-0.00517079,-3.70309e-08
17.8,11.6,0,3.76141,-0.00469667,-2.45735e-08
17.8,11.7,0,3.76132,-0.00422808,-1.31304e-08
17.8,11.8,0,3.75793,-0.00381499,-1.56626e-08
17.8,11.9,0,3.75454,-0.00332069,-9.54874e-09
17.8,12,0,3.75114,-0.00282638,-3.4349e-09
17.8,12.1,0,3.69366,-0.00243056,7.69621e-09
17.8,12.2,0,3.61284,-0.00195673,-4.72453e-09
17.8,12.3,0,3.53203,-0.0014829,-1.71453e-08
17.8,12.4,0,3.11622,-0.0010799,-2.54054e-08
17.8,12.5,0,2.07767,-0.000741063,-1.90866e-08
17.8,12.6,0,1.03884,-0.000370532,-9.54328e-09
17.8,12.7,0,0,0,0
17.9,0,0,0,0,0
17.9,0.1,0,1.3099,5.10797e-05,-3.96504e-09
17.9,0.2,0,2.62005,0.000144165,1.69464e-10
17.9,0.3,0,3.36285,0.000248205,2.82244e-09
17.9,0.4,0,3.53846,0.000437634,5.02393e-09
17.9,0.5,0,3.71414,0.000656837,7.63743e-09
17.9,0.6,0,3.72729,0.00081892,7.73195e-09
17.9,0.7,0,3.74048,0.00107455,6.18041e-09
17.9,0.8,0,3.74738,0.00126645,5.84442e-09
17.9,0.9,0,3.74796,0.00147629,4.61569e-09
17.9,1,0,3.74853,0.00171881,2.54364e-09
17.9,1.1,0,3.74845,0.00185756,3.27389e-09
17.9,1.2,0,3.74831,0.0020813,1.09618e-09
17.9,1.3,0,3.74818,0.00224225,7.26891e-10
17.9,1.4,0,3.748,0.00241136,-3.69979e-11
17.9,1.5,0,3.74779,0.00260884,-1.6821e-09
17.9,1.6,0,3.74762,0.00270546,-1.27961e-09
17.9,1.7,0,3.74738,0.0028718,-3.08756e-09
17.9,1.8,0,3.74718,0.00298186,-3.85722e-09
17.9,1.9,0,3.74694,0.00309011,-3.96393e-09
17.9,2,0,3.74666,0.00322015,-4.22078e-09
17.9,2.1,0,3.74646,0.0032604,-4.85002e-09
17.9,2.2,0,3.74615,0.00334937,-4.20812e-09
17.9,2.3,0,3.74591,0.00339263,-4.59891e-09
17.9,2.4,0,3.74562,0.00342302,-3.95309e-09
17.9,2.5,0,3.7453,0.00346653,-2.47954e-09
17.9,2.6,0,3.74507,0.00343855,-3.43178e-09
17.9,2.7,0,3.74473,0.00343269,-1.63218e-09
17.9,2.8,0,3.74446,0.00339608,-1.34969e-09
17.9,2.9,0,3.74415,0.00333498,-1.40671e-09
17.9,3,0,3.7438,0.00327638,-9.9271e-10
17.9,3.1,0,3.74356,0.00317196,-8.70589e-10
17.9,3.2,0,3.74321,0.00305823,-1.01389e-10
17.9,3.3,0,3.74294,0.00293286,5.83806e-10
17.9,3.4,0,3.74263,0.00277136,9.50621e-10
17.9,3.5,0,3.74228,0.00260006,1.22369e-09
17.9,3.6,0,3.74207,0.0024163,2.09006e-09
17.9,3.7,0,3.74173,0.00218808,2.32375e-09
17.9,3.8,0,3.74148,0.00197081,2.92326e-09
17.9,3.9,0,3.74121,0.00170579,3.53408e-09
17.9,4,0,3.7409,0.00141727,4.00311e-09
17.9,4.1,0,3.74073,0.00115729,4.94072e-09
17.9,4.2,0,3.74045,0.000816151,5.20057e-09
17.9,4.3,0,3.74025,0.000511496,7.11311e-09
17.9,4.4,0,3.74004,0.000150203,7.0771e-09
17.9,4.5,0,3.7398,-0.00024834,5.6006e-09
17.9,4.6,0,3.7397,-0.000575405,4.43008e-09
17.9,4.7,0,3.73952,-0.00102188,1.00923e-09
17.9,4.8,0,3.73941,-0.00137863,-7.25235e-09
17.9,4.9,0,3.73931,-0.00174336,-8.40033e-09
17.9,5,0,3.73919,-0.00214717,-4.76658e-09
17.9,5.1,0,3.73903,-0.00276457,-3.75209e-09
17.9,5.2,0,3.73896,-0.0032481,-4.90114e-09
17.9,5.3,0,3.73894,-0.003744,-6.24932e-09
17.9,5.4,0,3.73896,-0.00424906,-9.40224e-09
17.9,5.5,0,3.73901,-0.00475764,-1.71301e-08
17.9,5.6,0,3.7391,-0.00526599,-2.95024e-08
17.9,5.7,0,3.73923,-0.00577024,-4.30997e-08
17.9,5.8,0,3.7394,-0.00626489,-5.03089e-08
17.9,5.9,0,3.73961,-0.00674831,-4.21792e-08
17.9,6,0,3.74003,-0.007439,3.07575e-09
17.9,6.1,0,3.7402,-0.00769085,3.66639e-09
17.9,6.2,0,3.74044,-0.00806528,1.19425e-08
17.9,6.3,0,3.74069,-0.00844654,2.06474e-08
17.9,6.4,0,3.74093,-0.00875979,2.54986e-08
17.9,6.5,0,3.74124,-0.00912593,2.27266e-08
17.9,6.6,0,3.74159,-0.00955246,1.62116e-08
17.9,6.7,0,3.74192,-0.00992174,7.70187e-09
17.9,6.8,0,3.74225,-0.0101881,-2.66589e-09
17.9,6.9,0,3.74268,-0.0105478,-4.51513e-09
17.9,7,0,3.74311,-0.0109075,-6.36437e-09
17.9,7.1,0,3.74344,-0.0111045,3.93878e-09
17.9,7.2,0,3.7439,-0.0113751,3.07257e-09
17.9,7.3,0,3.74437,-0.011655,8.52455e-10
17.9,7.4,0,3.74477,-0.0118507,-6.57194e-09
17.9,7.5,0,3.74521,-0.0120273,-1.02042e-08
17.9,7.6,0,3.74572,-0.0122345,-7.8262e-09
17.9,7.7,0,3.7462,-0.0124115,-5.75297e-09
17.9,7.8,0,3.7466,-0.0125057,-5.16468e-09
17.9,7.9,0,3.74713,-0.0126305,-6.9002e-09
17.9,8,0,3.74766,-0.0127554,-8.63572e-09
17.9,8.1,0,3.74806,-0.0127984,-5.15136e-09
17.9,8.2,0,3.74857,-0.0128442,-7.01652e-09
17.9,8.3,0,3.74911,-0.0128921,-9.9516e-09
17.9,8.4,0,3.74956,-0.0129034,-1.85111e-08
17.9,8.5,0,3.75002,-0.0128798,-2.4104e-08
17.9,8.6,0,3.75056,-0.0128511,-2.20416e-08
17.9,8.7,0,3.75106,-0.0128143,-1.62534e-08
17.9,8.8,0,3.75146,-0.0127402,9.45157e-11
17.9,8.9,0,3.75198,-0.0126392,-8.73154e-09
17.9,9,0,3.75251,-0.0125383,-1.75576e-08
17.9,9.1,0,3.75289,-0.0124227,-4.01152e-08
17.9,9.2,0,3.75337,-0.0122644,-3.8182e-08
17.9,9.3,0,3.75387,-0.0120958,-2.93996e-08
17.9,9.4,0,3.7543,-0.0119298,-1.41096e-08
17.9,9.5,0,3.7547,-0.011736,-6.43042e-09
17.9,9.6,0,3.75517,-0.011505,-1.62078e-08
17.9,9.7,0,3.75562,-0.0112777,-2.58404e-08
17.9,9.8,0,3.75595,-0.0110644,-3.31158e-08
17.9,9.9,0,3.75639,-0.0107769,-2.61155e-08
17.9,10,0,3.75683,-0.0104894,-1.91151e-08
17.9,10.1,0,3.75715,-0.0102374,-2.47582e-08
17.9,10.2,0,3.75751,-0.0099235,-2.53541e-08
17.9,10.3,0,3.75791,-0.0095856,-2.31723e-08
17.9,10.4,0,3.75824,-0.00927537,-1.10869e-08
17.9,10.5,0,3.75854,-0.00895706,-2.13628e-09
17.9,10.6,0,3.75888,-0.00857515,-1.63184e-08
17.9,10.7,0,3.75922,-0.00820092,-3.19803e-08
17.9,10.8,0,3.75944,-0.00789033,-5.85584e-08
17.9,10.9,0,3.75974,-0.00747105,-3.65973e-08
17.9,11,0,3.76004,-0.00705178,-1.46363e-08
17.9,11.1,0,3.76025,-0.00670004,6.60019e-09
17.9,11.2,0,3.76047,-0.00628618,-2.57367e-09
17.9,11.3,0,3.76071,-0.00583557,-2.48536e-08
17.9,11.4,0,3.76087,-0.00542615,-3.9824e-08
17.9,11.5,0,3.76092,-0.00503463,-3.81149e-08
17.9,11.6,0,3.761,-0.0045605,-2.56574e-08
17.9,11.7,0,3.76091,-0.00409191,-1.42144e-08
17.9,11.8,0,3.75752,-0.00372861,-2.20457e-08
17.9,11.9,0,3.75413,-0.00323468,-1.59717e-08
17.9,12,0,3.75074,-0.00274038,-9.85788e-09
17.9,12.1,0,3.69326,-0.00234832,2.07881e-09
17.9,12.2,0,3.61249,-0.0019188,-8.66674e-10
17.9,12.3,0,3.53168,-0.00144497,-1.32874e-08
17.9,12.4,0,3.11587,-0.00104197,-2.15475e-08
17.9,12.5,0,2.07767,-0.000741063,-1.90866e-08
17.9,12.6,0,1.03884,-0.000370532,-9.54328e-09
17.9,12.7,0,0,0,0
18,0,0,0,0,0
18,0.1,0,1.30983,3.96235e-05,-6.174e-09
18,0.2,0,2.61996,0.000128891,-2.77582e-09
18,0.3,0,3.36275,0.00023293,-1.22846e-10
18,0.4,0,3.5383,0.000392585,1.66663e-09
18,0.5,0,3.71398,0.000611788,4.28013e-09
18,0.6,0,3.72712,0.000748357,4.82358e-09
18,0.7,0,3.74031,0.000995485,3.42168e-09
18,0.8,0,3.7472,0.00118738,3.08569e-09
18,0.9,0,3.7478,0.00136455,2.70028e-09
18,1,0,3.74837,0.00160707,6.28232e-10
18,1.1,0,3.7483,0.00172265,2.15155e-09
18,1.2,0,3.74816,0.00193865,2.38201e-10
18,1.3,0,3.74803,0.00209961,-1.31084e-10
18,1.4,0,3.74787,0.00224034,-1.37607e-11
18,1.5,0,3.74767,0.00243782,-1.65886e-09
18,1.6,0,3.74752,0.00251542,-6.53531e-10
18,1.7,0,3.74729,0.00267543,-2.26053e-09
18,1.8,0,3.74708,0.00278548,-3.03019e-09
18,1.9,0,3.74687,0.00287194,-2.98676e-09
18,2,0,3.7466,0.00300199,-3.24361e-09
18,2.1,0,3.74642,0.00302894,-4.21953e-09
18,2.2,0,3.74612,0.00311348,-3.69319e-09
18,2.3,0,3.74588,0.00315675,-4.08398e-09
18,2.4,0,3.74563,0.003174,-4.26587e-09
18,2.5,0,3.7453,0.00321752,-2.79232e-09
18,2.6,0,3.7451,0.00318351,-4.49507e-09
18,2.7,0,3.74477,0.00317563,-2.94564e-09
18,2.8,0,3.7445,0.00313903,-2.66314e-09
18,2.9,0,3.74424,0.00307543,-3.1912e-09
18,3,0,3.74389,0.00301683,-2.7772e-09
18,3.1,0,3.74368,0.00291495,-2.83155e-09
18,3.2,0,3.74334,0.00280206,-2.12118e-09
18,3.3,0,3.74307,0.00267669,-1.43599e-09
18,3.4,0,3.74281,0.00252498,-9.7542e-10
18,3.5,0,3.74246,0.00235368,-7.02355e-10
18,3.6,0,3.74227,0.00218206,3.36566e-10
18,3.7,0,3.74195,0.00195788,6.27778e-10
18,3.8,0,3.7417,0.00174061,1.22728e-09
18,3.9,0,3.74147,0.00149907,1.97989e-09
18,4,0,3.74116,0.00121056,2.44892e-09
18,4.1,0,3.74101,0.000972704,3.57138e-09
18,4.2,0,3.74074,0.000638943,3.89285e-09
18,4.3,0,3.74055,0.000334289,5.80538e-09
18,4.4,0,3.74038,1.02443e-05,7.20987e-09
18,4.5,0,3.74013,-0.000388299,5.73337e-09
18,4.6,0,3.74005,-0.000682797,5.17657e-09
18,4.7,0,3.73988,-0.00111841,1.96029e-09
18,4.8,0,3.73977,-0.00147517,-6.30129e-09
18,4.9,0,3.73969,-0.00180082,-1.2231e-08
18,5,0,3.73957,-0.00220463,-8.59724e-09
18,5.1,0,3.73943,-0.00279342,-1.3257e-08
18,5.2,0,3.73938,-0.00325273,-1.56113e-08
18,5.3,0,3.73936,-0.00372324,-1.54036e-08
18,5.4,0,3.73938,-0.004202,-1.57883e-08
18,5.5,0,3.73944,-0.00468393,-2.05279e-08
18,5.6,0,3.73953,-0.00516561,-3.00971e-08
18,5.7,0,3.73965,-0.0056435,-4.14195e-08
18,5.8,0,3.73981,-0.00611263,-4.73857e-08
18,5.9,0,3.74002,-0.00657147,-3.9576e-08
18,6,0,3.74041,-0.00723032,2.2992e-09
18,6.1,0,3.74058,-0.00748217,2.88984e-09
18,6.2,0,3.74079,-0.00780705,8.05929e-09
18,6.3,0,3.74104,-0.00818832,1.67643e-08
18,6.4,0,3.74128,-0.00850156,2.16154e-08
18,6.5,0,3.74155,-0.00881031,2.24005e-08
18,6.6,0,3.7419,-0.00923684,1.58855e-08
18,6.7,0,3.74223,-0.00960612,7.37581e-09
18,6.8,0,3.74252,-0.00984179,-5.78835e-09
18,6.9,0,3.74293,-0.0101847,-9.17319e-09
18,7,0,3.74337,-0.0105444,-1.10224e-08
18,7.1,0,3.7437,-0.0107414,-7.19279e-10
18,7.2,0,3.7441,-0.0109769,3.454e-09
18,7.3,0,3.74457,-0.0112569,1.23389e-09
18,7.4,0,3.74497,-0.0114526,-6.1905e-09
18,7.5,0,3.74535,-0.0116032,-1.4904e-08
18,7.6,0,3.74586,-0.0118104,-1.2526e-08
18,7.7,0,3.74633,-0.0119875,-1.04528e-08
18,7.8,0,3.7467,-0.0120741,-9.29388e-09
18,7.9,0,3.7472,-0.0121919,-1.04919e-08
18,8,0,3.74774,-0.0123167,-1.22274e-08
18,8.1,0,3.74813,-0.0123598,-8.74302e-09
18,8.2,0,3.74858,-0.0124002,-7.9284e-09
18,8.3,0,3.74912,-0.0124481,-1.08635e-08
18,8.4,0,3.74957,-0.0124594,-1.9423e-08
18,8.5,0,3.74997,-0.0124397,-3.08444e-08
18,8.6,0,3.75051,-0.012411,-2.8782e-08
18,8.7,0,3.75101,-0.0123742,-2.29938e-08
18,8.8,0,3.75139,-0.0123047,-2.30265e-09
18,8.9,0,3.75187,-0.0122111,-4.17109e-09
18,9,0,3.7524,-0.0121102,-1.29971e-08
18,9.1,0,3.75279,-0.0119947,-3.55548e-08
18,9.2,0,3.75321,-0.0118556,-4.6548e-08
18,9.3,0,3.75371,-0.0116871,-3.77656e-08
18,9.4,0,3.75413,-0.011521,-2.24756e-08
18,9.5,0,3.75448,-0.0113532,-2.70766e-09
18,9.6,0,3.75496,-0.0111221,-1.24851e-08
18,9.7,0,3.75541,-0.0108949,-2.21176e-08
18,9.8,0,3.75573,-0.0106895,-3.09291e-08
18,9.9,0,3.75613,-0.0104255,-2.84464e-08
18,10,0,3.75657,-0.010138,-2.1446e-08
18,10.1,0,3.75689,-0.009886,-2.70891e-08
18,10.2,0,3.75721,-0.00960836,-3.1891e-08
18,10.3,0,3.75761,-0.00927046,-2.97091e-08
18,10.4,0,3.75794,-0.00896023,-1.76237e-08
18,10.5,0,3.7582,-0.0086823,6.0178e-09
18,10.6,0,3.75855,-0.0083004,-8.16436e-09
18,10.7,0,3.75888,-0.00792616,-2.38263e-08
18,10.8,0,3.7591,-0.00762095,-5.28058e-08
18,10.9,0,3.75938,-0.00723997,-4.79462e-08
18,11,0,3.75967,-0.00682069,-2.59852e-08
18,11.1,0,3.75988,-0.00646896,-4.74872e-09
18,11.2,0,3.76008,-0.00610158,2.64551e-09
18,11.3,0,3.76032,-0.00565096,-1.96345e-08
18,11.4,0,3.76048,-0.00524155,-3.46048e-08
18,11.5,0,3.76052,-0.00489395,-3.86109e-08
18,11.6,0,3.7606,-0.00442434,-2.67414e-08
18,11.7,0,3.7605,-0.00395575,-1.52984e-08
18,11.8,0,3.75711,-0.00359245,-2.31297e-08
18,11.9,0,3.75372,-0.00314867,-2.23947e-08
18,12,0,3.75033,-0.00265437,-1.62809e-08
18,12.1,0,3.69285,-0.00226231,-4.34417e-09
18,12.2,0,3.61215,-0.00188087,2.99118e-09
18,12.3,0,3.53133,-0.00140705,-9.42956e-09
18,12.4,0,3.11552,-0.00100404,-1.76897e-08
18,12.5,0,2.0776,-0.000732572,-1.82229e-08
18,12.6,0,1.03884,-0.000370532,-9.54328e-09
18,12.7,0,0,0,0
18.1,0,0,0,0,0
18.1,0.1,0,1.30983,3.96235e-05,-6.174e-09
18.1,0.2,0,2.61986,0.000113616,-5.72111e-09
18.1,0.3,0,3.36266,0.000217655,-3.06813e-09
18.1,0.4,0,3.53814,0.000347535,-1.69067e-09
18.1,0.5,0,3.71382,0.000566739,9.22825e-10
18.1,0.6,0,3.72696,0.000703307,1.46628e-09
18.1,0.7,0,3.74013,0.000916418,6.62946e-10
18.1,0.8,0,3.74703,0.00110831,3.26961e-10
18.1,0.9,0,3.74764,0.00125281,7.84871e-10
18.1,1,0,3.74821,0.00149532,-1.28718e-09
18.1,1.1,0,3.74814,0.00161091,2.36141e-10
18.1,1.2,0,3.74802,0.00179601,-6.19773e-10
18.1,1.3,0,3.74789,0.00195697,-9.89058e-10
18.1,1.4,0,3.74775,0.00206932,9.47643e-12
18.1,1.5,0,3.74755,0.00226681,-1.63562e-09
18.1,1.6,0,3.7474,0.00234441,-6.30294e-10
18.1,1.7,0,3.74719,0.00247906,-1.4335e-09
18.1,1.8,0,3.74699,0.00258911,-2.20316e-09
18.1,1.9,0,3.74681,0.00265378,-2.00959e-09
18.1,2,0,3.74654,0.00278382,-2.26644e-09
18.1,2.1,0,3.74635,0.00281078,-3.24236e-09
18.1,2.2,0,3.74609,0.0028776,-3.17825e-09
18.1,2.3,0,3.74585,0.00292086,-3.56904e-09
18.1,2.4,0,3.74563,0.00292499,-4.57866e-09
18.1,2.5,0,3.74531,0.0029685,-3.10511e-09
18.1,2.6,0,3.74511,0.0029345,-4.80786e-09
18.1,2.7,0,3.74482,0.00291858,-4.2591e-09
18.1,2.8,0,3.74455,0.00288198,-3.9766e-09
18.1,2.9,0,3.74432,0.00281588,-4.97569e-09
18.1,3,0,3.74398,0.00275728,-4.56169e-09
18.1,3.1,0,3.74377,0.00265539,-4.61604e-09
18.1,3.2,0,3.74347,0.0025459,-4.14097e-09
18.1,3.3,0,3.7432,0.00242053,-3.45578e-09
18.1,3.4,0,3.74298,0.00227861,-2.90146e-09
18.1,3.5,0,3.74263,0.00210731,-2.6284e-09
18.1,3.6,0,3.74245,0.00193569,-1.58948e-09
18.1,3.7,0,3.74217,0.00172768,-1.0682e-09
18.1,3.8,0,3.74192,0.00151041,-4.68699e-10
18.1,3.9,0,3.74173,0.00129235,4.2571e-10
18.1,4,0,3.74142,0.00100384,8.9474e-10
18.1,4.1,0,3.74127,0.000765986,2.01719e-09
18.1,4.2,0,3.74104,0.000461736,2.58512e-09
18.1,4.3,0,3.74084,0.000157081,4.49766e-09
18.1,4.4,0,3.74071,-0.000129714,7.34263e-09
18.1,4.5,0,3.74046,-0.000528257,5.86613e-09
18.1,4.6,0,3.74038,-0.000822755,5.30933e-09
18.1,4.7,0,3.74024,-0.00121495,2.91136e-09
18.1,4.8,0,3.74013,-0.00157171,-5.35022e-09
18.1,4.9,0,3.74008,-0.00185828,-1.60617e-08
18.1,5,0,3.73996,-0.00226209,-1.24279e-08
18.1,5.1,0,3.73984,-0.00282228,-2.2762e-08
18.1,5.2,0,3.73979,-0.00325736,-2.63214e-08
18.1,5.3,0,3.73978,-0.00370247,-2.45579e-08
18.1,5.4,0,3.73981,-0.00415493,-2.21743e-08
18.1,5.5,0,3.73986,-0.00461022,-2.39256e-08
18.1,5.6,0,3.73995,-0.00506523,-3.06918e-08
18.1,5.7,0,3.74007,-0.00551675,-3.97393e-08
18.1,5.8,0,3.74023,-0.00596038,-4.44624e-08
18.1,5.9,0,3.74042,-0.00639463,-3.69728e-08
18.1,6,0,3.74079,-0.00702164,1.52265e-09
18.1,6.1,0,3.74096,-0.00727349,2.11329e-09
18.1,6.2,0,3.74114,-0.00754882,4.17611e-09
18.1,6.3,0,3.74139,-0.00793009,1.28811e-08
18.1,6.4,0,3.74163,-0.00824333,1.77322e-08
18.1,6.5,0,3.74187,-0.00851996,2.05082e-08
18.1,6.6,0,3.74221,-0.00892122,1.55595e-08
18.1,6.7,0,3.74254,-0.00929049,7.04974e-09
18.1,6.8,0,3.74283,-0.00952617,-6.11442e-09
18.1,6.9,0,3.74319,-0.00982156,-1.38313e-08
18.1,7,0,3.74362,-0.0101813,-1.56805e-08
18.1,7.1,0,3.74395,-0.0103783,-5.37734e-09
18.1,7.2,0,3.74429,-0.0105788,3.83544e-09
18.1,7.3,0,3.74477,-0.0108588,1.61533e-09
18.1,7.4,0,3.74516,-0.0110545,-5.80907e-09
18.1,7.5,0,3.74552,-0.011194,-1.6703e-08
18.1,7.6,0,3.74599,-0.0113864,-1.72258e-08
18.1,7.7,0,3.74647,-0.0115634,-1.51526e-08
18.1,7.8,0,3.74684,-0.0116501,-1.39937e-08
18.1,7.9,0,3.74728,-0.0117532,-1.40835e-08
18.1,8,0,3.74781,-0.011878,-1.58191e-08
18.1,8.1,0,3.7482,-0.0119211,-1.23347e-08
18.1,8.2,0,3.74859,-0.0119562,-8.84029e-09
18.1,8.3,0,3.74913,-0.0120041,-1.17754e-08
18.1,8.4,0,3.74958,-0.0120154,-2.03349e-08
18.1,8.5,0,3.74996,-0.0119968,-3.34962e-08
18.1,8.6,0,3.75046,-0.0119709,-3.55224e-08
18.1,8.7,0,3.75096,-0.011934,-2.97342e-08
18.1,8.8,0,3.75134,-0.0118645,-9.04306e-09
18.1,8.9,0,3.75177,-0.011783,3.89365e-10
18.1,9,0,3.75229,-0.0116821,-8.43669e-09
18.1,9.1,0,3.75268,-0.0115666,-3.09943e-08
18.1,9.2,0,3.75304,-0.0114469,-5.4914e-08
18.1,9.3,0,3.75355,-0.0112783,-4.61316e-08
18.1,9.4,0,3.75397,-0.0111123,-3.08416e-08
18.1,9.5,0,3.75431,-0.0109488,-9.04385e-09
18.1,9.6,0,3.75475,-0.0107392,-8.76233e-09
18.1,9.7,0,3.7552,-0.010512,-1.83949e-08
18.1,9.8,0,3.75551,-0.0103066,-2.72063e-08
18.1,9.9,0,3.75587,-0.010074,-3.07773e-08
18.1,10,0,3.75631,-0.00978654,-2.37769e-08
18.1,10.1,0,3.75663,-0.00953456,-2.94199e-08
18.1,10.2,0,3.75691,-0.00929146,-3.82238e-08
18.1,10.3,0,3.75731,-0.00895532,-3.6246e-08
18.1,10.4,0,3.75764,-0.00864509,-2.41606e-08
18.1,10.5,0,3.7579,-0.00836867,2.91181e-11
18.1,10.6,0,3.75821,-0.00802564,-1.02769e-11
18.1,10.7,0,3.75855,-0.00765141,-1.56722e-08
18.1,10.8,0,3.75877,-0.0073462,-4.46517e-08
18.1,10.9,0,3.75901,-0.00700889,-5.92951e-08
18.1,11,0,3.75931,-0.00658961,-3.73341e-08
18.1,11.1,0,3.75952,-0.00623787,-1.60976e-08
18.1,11.2,0,3.75969,-0.00590865,4.89728e-09
18.1,11.3,0,3.75993,-0.00546635,-1.44153e-08
18.1,11.4,0,3.76009,-0.00505694,-2.93857e-08
18.1,11.5,0,3.76013,-0.00470934,-3.33917e-08
18.1,11.6,0,3.76019,-0.00428818,-2.78254e-08
18.1,11.7,0,3.76009,-0.00381959,-1.63824e-08
18.1,11.8,0,3.7567,-0.00345629,-2.42137e-08
18.1,11.9,0,3.75331,-0.00306267,-2.88177e-08
18.1,12,0,3.74992,-0.00256836,-2.27038e-08
18.1,12.1,0,3.69244,-0.0021763,-1.07672e-08
18.1,12.2,0,3.61178,-0.00182806,3.66505e-09
18.1,12.3,0,3.53098,-0.00136912,-5.5717e-09
18.1,12.4,0,3.11517,-0.000966116,-1.38318e-08
18.1,12.5,0,2.07725,-0.000694646,-1.4365e-08
18.1,12.6,0,1.03884,-0.000370532,-9.54328e-09
18.1,12.7,0,0,0,0
18.2,0,0,0,0,0
18.2,0.1,0,1.30983,3.96235e-05,-6.174e-09
18.2,0.2,0,2.61977,9.83407e-05,-8.66639e-09
18.2,0.3,0,3.36257,0.00020238,-6.01342e-09
18.2,0.4,0,3.53801,0.000317373,-4.84197e-09
18.2,0.5,0,3.71366,0.000521689,-2.43447e-09
18.2,0.6,0,3.7268,0.000658258,-1.89102e-09
18.2,0.7,0,3.73996,0.00083735,-2.09579e-09
18.2,0.8,0,3.74686,0.00102925,-2.43177e-09
18.2,0.9,0,3.74747,0.0011574,-1.5522e-09
18.2,1,0,3.74805,0.00138358,-3.20259e-09
18.2,1.1,0,3.74797,0.00149916,-1.67927e-09
18.2,1.2,0,3.74788,0.00165337,-1.47775e-09
18.2,1.3,0,3.74774,0.00181432,-1.84703e-09
18.2,1.4,0,3.74762,0.0019125,-4.07892e-10
18.2,1.5,0,3.74743,0.00209579,-1.61239e-09
18.2,1.6,0,3.74728,0.00217339,-6.07056e-10
18.2,1.7,0,3.7471,0.00228269,-6.06469e-10
18.2,1.8,0,3.7469,0.00239274,-1.37612e-09
18.2,1.9,0,3.74673,0.00244651,-1.10748e-09
18.2,2,0,3.74647,0.00256566,-1.28926e-09
18.2,2.1,0,3.74629,0.00259261,-2.26518e-09
18.2,2.2,0,3.74606,0.00264172,-2.66331e-09
18.2,2.3,0,3.74582,0.00268498,-3.0541e-09
18.2,2.4,0,3.74562,0.00268254,-4.47758e-09
18.2,2.5,0,3.74532,0.00271949,-3.41789e-09
18.2,2.6,0,3.74512,0.00268548,-5.12064e-09
18.2,2.7,0,3.74487,0.00266153,-5.57255e-09
18.2,2.8,0,3.7446,0.00262492,-5.29006e-09
18.2,2.9,0,3.74439,0.00255758,-6.52467e-09
18.2,3,0,3.74406,0.00249772,-6.34618e-09
18.2,3.1,0,3.74386,0.00239584,-6.40053e-09
18.2,3.2,0,3.7436,0.00228973,-6.16076e-09
18.2,3.3,0,3.74333,0.00216436,-5.47557e-09
18.2,3.4,0,3.74313,0.00202735,-4.87438e-09
18.2,3.5,0,3.74281,0.00186094,-4.55444e-09
18.2,3.6,0,3.74262,0.00168932,-3.51552e-09
18.2,3.7,0,3.74239,0.00149748,-2.76418e-09
18.2,3.8,0,3.74214,0.00128021,-2.16468e-09
18.2,3.9,0,3.74197,0.00107389,-1.19937e-09
18.2,4,0,3.74168,0.000797122,-6.59445e-10
18.2,4.1,0,3.74153,0.000559269,4.63009e-10
18.2,4.2,0,3.74134,0.000284529,1.27739e-09
18.2,4.3,0,3.74114,-2.01259e-05,3.18993e-09
18.2,4.4,0,3.74102,-0.000288297,6.75515e-09
18.2,4.5,0,3.7408,-0.000668215,5.99889e-09
18.2,4.6,0,3.74072,-0.000962714,5.44209e-09
18.2,4.7,0,3.7406,-0.00131149,3.86242e-09
18.2,4.8,0,3.74049,-0.00166824,-4.39916e-09
18.2,4.9,0,3.74045,-0.00193528,-1.75015e-08
18.2,5,0,3.74034,-0.00231955,-1.62586e-08
18.2,5.1,0,3.74024,-0.00285114,-3.22669e-08
18.2,5.2,0,3.7402,-0.00326199,-3.70316e-08
18.2,5.3,0,3.7402,-0.00368171,-3.37122e-08
18.2,5.4,0,3.74023,-0.00410787,-2.85604e-08
18.2,5.5,0,3.74029,-0.00453651,-2.73233e-08
18.2,5.6,0,3.74037,-0.00496484,-3.12864e-08
18.2,5.7,0,3.74049,-0.00539001,-3.80591e-08
18.2,5.8,0,3.74064,-0.00580812,-4.15391e-08
18.2,5.9,0,3.74082,-0.00621778,-3.43695e-08
18.2,6,0,3.74117,-0.00681296,7.46105e-10
18.2,6.1,0,3.74133,-0.00706481,1.33675e-09
18.2,6.2,0,3.7415,-0.00731666,1.92739e-09
18.2,6.3,0,3.74173,-0.00767186,8.9979e-09
18.2,6.4,0,3.74198,-0.00798511,1.38491e-08
18.2,6.5,0,3.74222,-0.00826173,1.66251e-08
18.2,6.6,0,3.74251,-0.0086056,1.52334e-08
18.2,6.7,0,3.74284,-0.00897487,6.72368e-09
18.2,6.8,0,3.74314,-0.00921055,-6.44048e-09
18.2,6.9,0,3.74344,-0.00945845,-1.84893e-08
18.2,7,0,3.74387,-0.00981815,-2.03386e-08
18.2,7.1,0,3.7442,-0.0100152,-1.00354e-08
18.2,7.2,0,3.74453,-0.0102037,9.07353e-10
18.2,7.3,0,3.74496,-0.0104606,1.99676e-09
18.2,7.4,0,3.74536,-0.0106563,-5.42763e-09
18.2,7.5,0,3.74571,-0.0107959,-1.63215e-08
18.2,7.6,0,3.74613,-0.0109624,-2.19256e-08
18.2,7.7,0,3.74661,-0.0111394,-1.98524e-08
18.2,7.8,0,3.74697,-0.011226,-1.86935e-08
18.2,7.9,0,3.74735,-0.0113145,-1.76752e-08
18.2,8,0,3.74788,-0.0114394,-1.94107e-08
18.2,8.1,0,3.74828,-0.0114824,-1.59264e-08
18.2,8.2,0,3.74865,-0.0115164,-1.1862e-08
18.2,8.3,0,3.74914,-0.0115601,-1.26872e-08
18.2,8.4,0,3.7496,-0.0115714,-2.12467e-08
18.2,8.5,0,3.74997,-0.0115528,-3.4408e-08
18.2,8.6,0,3.75041,-0.0115307,-4.22628e-08
18.2,8.7,0,3.75091,-0.0114939,-3.64746e-08
18.2,8.8,0,3.75129,-0.0114244,-1.57835e-08
18.2,8.9,0,3.75166,-0.0113549,4.90765e-09
18.2,9,0,3.75218,-0.011254,-3.87624e-09
18.2,9.1,0,3.75257,-0.0111385,-2.64338e-08
18.2,9.2,0,3.75293,-0.0110204,-5.14147e-08
18.2,9.3,0,3.75338,-0.0108695,-5.44977e-08
18.2,9.4,0,3.75381,-0.0107035,-3.92076e-08
18.2,9.5,0,3.75415,-0.01054,-1.74099e-08
18.2,9.6,0,3.75453,-0.0103563,-5.03957e-09
18.2,9.7,0,3.75498,-0.0101291,-1.46721e-08
18.2,9.8,0,3.7553,-0.00992374,-2.34835e-08
18.2,9.9,0,3.75562,-0.00971838,-3.2295e-08
18.2,10,0,3.75605,-0.00943511,-2.61078e-08
18.2,10.1,0,3.75637,-0.00918313,-3.17508e-08
18.2,10.2,0,3.75666,-0.00894002,-4.05547e-08
18.2,10.3,0,3.75701,-0.00864018,-4.27828e-08
18.2,10.4,0,3.75734,-0.00832995,-3.06974e-08
18.2,10.5,0,3.7576,-0.00805353,-6.50774e-09
18.2,10.6,0,3.75788,-0.00775089,8.14381e-09
18.2,10.7,0,3.75821,-0.00737665,-7.5181e-09
18.2,10.8,0,3.75843,-0.00707144,-3.64977e-08
18.2,10.9,0,3.75865,-0.00676623,-6.54772e-08
18.2,11,0,3.75894,-0.00635853,-4.8683e-08
18.2,11.1,0,3.75915,-0.00600679,-2.74465e-08
18.2,11.2,0,3.75933,-0.00567756,-6.45163e-09
18.2,11.3,0,3.75954,-0.00528175,-9.19608e-09
18.2,11.4,0,3.7597,-0.00487233,-2.41665e-08
18.2,11.5,0,3.75973,-0.00452474,-2.81725e-08
18.2,11.6,0,3.75978,-0.00415201,-2.89094e-08
18.2,11.7,0,3.75968,-0.00368342,-1.74664e-08
18.2,11.8,0,3.75629,-0.00332012,-2.52977e-08
18.2,11.9,0,3.7529,-0.00295682,-3.3129e-08
18.2,12,0,3.74951,-0.00248235,-2.91268e-08
18.2,12.1,0,3.69203,-0.00209029,-1.71901e-08
18.2,12.2,0,3.61137,-0.00174205,-2.75793e-09
18.2,12.3,0,3.53063,-0.00133119,-1.71384e-09
18.2,12.4,0,3.11483,-0.00092819,-9.97394e-09
18.2,12.5,0,2.0769,-0.00065672,-1.05072e-08
18.2,12.6,0,1.03884,-0.000370532,-9.54328e-09
18.2,12.7,0,0,0,0
18.3,0,0,0,0,0
18.3,0.1,0,1.30983,3.96235e-05,-6.174e-09
18.3,0.2,0,2.61967,8.30658e-05,-1.16117e-08
18.3,0.3,0,3.36247,0.000187105,-8.9587e-09
18.3,0.4,0,3.53792,0.000302098,-7.78725e-09
18.3,0.5,0,3.7135,0.00047664,-5.79177e-09
18.3,0.6,0,3.72664,0.000613209,-5.24832e-09
18.3,0.7,0,3.73979,0.000758282,-4.85452e-09
18.3,0.8,0,3.74669,0.000950178,-5.1905e-09
18.3,0.9,0,3.7473,0.00107834,-4.31093e-09
18.3,1,0,3.74789,0.00127184,-5.118e-09
18.3,1.1,0,3.74781,0.00138742,-3.59468e-09
18.3,1.2,0,3.74773,0.00151073,-2.33572e-09
18.3,1.3,0,3.7476,0.00167168,-2.70501e-09
18.3,1.4,0,3.74748,0.00176985,-1.26587e-09
18.3,1.5,0,3.74731,0.00192478,-1.58915e-09
18.3,1.6,0,3.74716,0.00200238,-5.83819e-10
18.3,1.7,0,3.747,0.00208631,2.20562e-10
18.3,1.8,0,3.7468,0.00219637,-5.49093e-10
18.3,1.9,0,3.74664,0.00225013,-2.80453e-10
18.3,2,0,3.74641,0.00234749,-3.12093e-10
18.3,2.1,0,3.74622,0.00237445,-1.28801e-09
18.3,2.2,0,3.74603,0.00240583,-2.14837e-09
18.3,2.3,0,3.74579,0.0024491,-2.53916e-09
18.3,2.4,0,3.74559,0.00244666,-3.96264e-09
18.3,2.5,0,3.74533,0.00247048,-3.73068e-09
18.3,2.6,0,3.74513,0.00243647,-5.43343e-09
18.3,2.7,0,3.74492,0.00240448,-6.88601e-09
18.3,2.8,0,3.74464,0.00236787,-6.60351e-09
18.3,2.9,0,3.74444,0.00230052,-7.83812e-09
18.3,3,0,3.74415,0.00223817,-8.13067e-09
18.3,3.1,0,3.74395,0.00213629,-8.18502e-09
18.3,3.2,0,3.74374,0.00203356,-8.18055e-09
18.3,3.3,0,3.74346,0.00190819,-7.49536e-09
18.3,3.4,0,3.74326,0.00177118,-6.89417e-09
18.3,3.5,0,3.74298,0.00161457,-6.48048e-09
18.3,3.6,0,3.7428,0.00144294,-5.44156e-09
18.3,3.7,0,3.7426,0.00126727,-4.46015e-09
18.3,3.8,0,3.74235,0.00105001,-3.86065e-09
18.3,3.9,0,3.74219,0.00084369,-2.89535e-09
18.3,4,0,3.74193,0.000590405,-2.21363e-09
18.3,4.1,0,3.74179,0.000352552,-1.09117e-09
18.3,4.2,0,3.74164,0.000107321,-3.03352e-11
18.3,4.3,0,3.74144,-0.000197333,1.8822e-09
18.3,4.4,0,3.74132,-0.000465504,5.44742e-09
18.3,4.5,0,3.74113,-0.000808173,6.13166e-09
18.3,4.6,0,3.74105,-0.00110267,5.57486e-09
18.3,4.7,0,3.74097,-0.00140803,4.81348e-09
18.3,4.8,0,3.74085,-0.00176478,-3.44809e-09
18.3,4.9,0,3.74081,-0.00203182,-1.65504e-08
18.3,5,0,3.74072,-0.00237701,-2.00892e-08
18.3,5.1,0,3.74065,-0.00287999,-4.17719e-08
18.3,5.2,0,3.74062,-0.00326663,-4.77417e-08
18.3,5.3,0,3.74062,-0.00366095,-4.28665e-08
18.3,5.4,0,3.74066,-0.00406081,-3.49464e-08
18.3,5.5,0,3.74071,-0.0044628,-3.0721e-08
18.3,5.6,0,3.7408,-0.00486446,-3.18811e-08
18.3,5.7,0,3.74091,-0.00526327,-3.6379e-08
18.3,5.8,0,3.74105,-0.00565586,-3.86159e-08
18.3,5.9,0,3.74122,-0.00604094,-3.17663e-08
18.3,6,0,3.74154,-0.00660428,-3.04426e-11
18.3,6.1,0,3.74171,-0.00685613,5.60199e-10
18.3,6.2,0,3.74188,-0.00710798,1.15084e-09
18.3,6.3,0,3.74208,-0.00741363,5.11473e-09
18.3,6.4,0,3.74233,-0.00772688,9.96587e-09
18.3,6.5,0,3.74257,-0.0080035,1.27419e-08
18.3,6.6,0,3.74282,-0.00828997,1.49073e-08
18.3,6.7,0,3.74315,-0.00865925,6.39762e-09
18.3,6.8,0,3.74344,-0.00889493,-6.76655e-09
18.3,6.9,0,3.74374,-0.0091306,-1.99307e-08
18.3,7,0,3.74413,-0.00945505,-2.49966e-08
18.3,7.1,0,3.74446,-0.00965208,-1.46935e-08
18.3,7.2,0,3.74478,-0.00984056,-3.75071e-09
18.3,7.3,0,3.74516,-0.0100625,2.3782e-09
18.3,7.4,0,3.74556,-0.0102582,-5.04619e-09
18.3,7.5,0,3.74591,-0.0103977,-1.59401e-08
18.3,7.6,0,3.74626,-0.0105383,-2.66255e-08
18.3,7.7,0,3.74674,-0.0107154,-2.45522e-08
18.3,7.8,0,3.74711,-0.010802,-2.33933e-08
18.3,7.9,0,3.74748,-0.0108886,-2.22344e-08
18.3,8,0,3.74796,-0.0110007,-2.30024e-08
18.3,8.1,0,3.74835,-0.0110438,-1.9518e-08
18.3,8.2,0,3.74873,-0.0110778,-1.54537e-08
18.3,8.3,0,3.74916,-0.0111161,-1.35991e-08
18.3,8.4,0,3.74961,-0.0111275,-2.21586e-08
18.3,8.5,0,3.74998,-0.0111089,-3.53199e-08
18.3,8.6,0,3.75036,-0.0110903,-4.84812e-08
18.3,8.7,0,3.75086,-0.0110538,-4.3215e-08
18.3,8.8,0,3.75124,-0.0109843,-2.25239e-08
18.3,8.9,0,3.75161,-0.0109148,-1.83276e-09
18.3,9,0,3.75208,-0.0108259,6.84215e-10
18.3,9.1,0,3.75246,-0.0107104,-2.18734e-08
18.3,9.2,0,3.75282,-0.0105923,-4.68542e-08
18.3,9.3,0,3.75322,-0.0104608,-6.28637e-08
18.3,9.4,0,3.75364,-0.0102947,-4.75736e-08
18.3,9.5,0,3.75399,-0.0101312,-2.57759e-08
18.3,9.6,0,3.75433,-0.00996775,-3.97815e-09
18.3,9.7,0,3.75477,-0.00974621,-1.09493e-08
18.3,9.8,0,3.75509,-0.00954086,-1.97608e-08
18.3,9.9,0,3.7554,-0.0093355,-2.85722e-08
18.3,10,0,3.75579,-0.00908367,-2.84387e-08
18.3,10.1,0,3.75611,-0.00883169,-3.40817e-08
18.3,10.2,0,3.7564,-0.00858859,-4.28856e-08
18.3,10.3,0,3.75671,-0.00832504,-4.93197e-08
18.3,10.4,0,3.75704,-0.00801481,-3.72343e-08
18.3,10.5,0,3.7573,-0.00773839,-1.30446e-08
18.3,10.6,0,3.75755,-0.00746197,1.11451e-08
18.3,10.7,0,3.75787,-0.0071019,6.35988e-10
18.3,10.8,0,3.75809,-0.00679669,-2.83436e-08
18.3,10.9,0,3.75831,-0.00649148,-5.73231e-08
18.3,11,0,3.75858,-0.00612745,-6.00319e-08
18.3,11.1,0,3.75878,-0.00577571,-3.87954e-08
18.3,11.2,0,3.75896,-0.00544648,-1.78005e-08
18.3,11.3,0,3.75915,-0.00509714,-3.97689e-09
18.3,11.4,0,3.75931,-0.00468773,-1.89473e-08
18.3,11.5,0,3.75934,-0.00434013,-2.29533e-08
18.3,11.6,0,3.75938,-0.00399253,-2.69594e-08
18.3,11.7,0,3.75928,-0.00354726,-1.85503e-08
18.3,11.8,0,3.75588,-0.00318396,-2.63817e-08
18.3,11.9,0,3.75249,-0.00282066,-3.4213e-08
18.3,12,0,3.7491,-0.00239634,-3.55498e-08
18.3,12.1,0,3.69162,-0.00200428,-2.36131e-08
18.3,12.2,0,3.61096,-0.00165604,-9.18092e-09
18.3,12.3,0,3.53028,-0.00129327,2.14402e-09
18.3,12.4,0,3.11448,-0.000890264,-6.11609e-09
18.3,12.5,0,2.07655,-0.000618793,-6.6493e-09
18.3,12.6,0,1.03862,-0.000347323,-7.18251e-09
18.3,12.7,0,0,0,0
18.4,0,0,0,0,0
18.4,0.1,0,1.30983,3.96235e-05,-6.174e-09
18.4,0.2,0,2.61965,7.9247e-05,-1.2348e-08
18.4,0.3,0,3.36238,0.00017183,-1.1904e-08
18.4,0.4,0,3.53782,0.000286823,-1.07325e-08
18.4,0.5,0,3.71334,0.000431591,-9.14907e-09
18.4,0.6,0,3.72648,0.00056816,-8.60562e-09
18.4,0.7,0,3.73962,0.000704729,-8.06217e-09
18.4,0.8,0,3.74651,0.000871111,-7.94923e-09
18.4,0.9,0,3.74712,0.000999269,-7.06966e-09
18.4,1,0,3.74772,0.0011601,-7.03341e-09
18.4,1.1,0,3.74765,0.00127568,-5.51009e-09
18.4,1.2,0,3.74757,0.00139126,-3.98677e-09
18.4,1.3,0,3.74746,0.00152904,-3.56298e-09
18.4,1.4,0,3.74733,0.00162721,-2.12384e-09
18.4,1.5,0,3.74718,0.00175376,-1.56591e-09
18.4,1.6,0,3.74704,0.00183136,-5.60582e-10
18.4,1.7,0,3.74689,0.00190896,4.44748e-10
18.4,1.8,0,3.74671,0.002,2.77939e-10
18.4,1.9,0,3.74654,0.00205376,5.46579e-10
18.4,2,0,3.74634,0.00212932,6.65079e-10
18.4,2.1,0,3.74616,0.00215628,-3.10841e-10
18.4,2.2,0,3.74598,0.00218324,-1.28676e-09
18.4,2.3,0,3.74576,0.00221321,-2.02423e-09
18.4,2.4,0,3.74556,0.00221077,-3.44771e-09
18.4,2.5,0,3.74533,0.00222146,-4.04346e-09
18.4,2.6,0,3.74513,0.00218746,-5.74621e-09
18.4,2.7,0,3.74493,0.00215345,-7.44896e-09
18.4,2.8,0,3.74469,0.00211082,-7.91697e-09
18.4,2.9,0,3.74449,0.00204347,-9.15158e-09
18.4,3,0,3.74424,0.00197862,-9.91516e-09
18.4,3.1,0,3.74404,0.00187674,-9.96951e-09
18.4,3.2,0,3.74384,0.00177486,-1.00239e-08
18.4,3.3,0,3.74359,0.00165203,-9.51515e-09
18.4,3.4,0,3.7434,0.00151501,-8.91396e-09
18.4,3.5,0,3.74316,0.0013682,-8.40652e-09
18.4,3.6,0,3.74297,0.00119657,-7.3676e-09
18.4,3.7,0,3.74279,0.00102495,-6.32868e-09
18.4,3.8,0,3.74257,0.000819805,-5.55663e-09
18.4,3.9,0,3.7424,0.000613488,-4.59133e-09
18.4,4,0,3.74219,0.000383687,-3.76781e-09
18.4,4.1,0,3.74205,0.000145834,-2.64536e-09
18.4,4.2,0,3.74191,-9.20187e-05,-1.52291e-09
18.4,4.3,0,3.74174,-0.000374541,5.74475e-10
18.4,4.4,0,3.74162,-0.000642712,4.13969e-09
18.4,4.5,0,3.74147,-0.000948132,6.26442e-09
18.4,4.6,0,3.74139,-0.00124263,5.70762e-09
18.4,4.7,0,3.74131,-0.00153713,5.15082e-09
18.4,4.8,0,3.74122,-0.00186132,-2.49703e-09
18.4,4.9,0,3.74117,-0.00212836,-1.55993e-08
18.4,5,0,3.74111,-0.00243447,-2.39199e-08
18.4,5.1,0,3.74105,-0.00290885,-5.12768e-08
18.4,5.2,0,3.74103,-0.00327126,-5.84519e-08
18.4,5.3,0,3.74104,-0.00364018,-5.20208e-08
18.4,5.4,0,3.74108,-0.00401375,-4.13325e-08
18.4,5.5,0,3.74114,-0.00438909,-3.41188e-08
18.4,5.6,0,3.74122,-0.00476407,-3.24758e-08
18.4,5.7,0,3.74133,-0.00513653,-3.46988e-08
18.4,5.8,0,3.74146,-0.00550361,-3.56926e-08
18.4,5.9,0,3.74162,-0.0058641,-2.91631e-08
18.4,6,0,3.74192,-0.0063956,-8.06991e-10
18.4,6.1,0,3.74209,-0.00664745,-2.16349e-10
18.4,6.2,0,3.74226,-0.0068993,3.74292e-10
18.4,6.3,0,3.74243,-0.0071554,1.23155e-09
18.4,6.4,0,3.74268,-0.00746865,6.08269e-09
18.4,6.5,0,3.74292,-0.00774527,8.8587e-09
18.4,6.6,0,3.74316,-0.00802189,1.16347e-08
18.4,6.7,0,3.74346,-0.00834363,6.07155e-09
18.4,6.8,0,3.74375,-0.0085793,-7.09261e-09
18.4,6.9,0,3.74404,-0.00881498,-2.02568e-08
18.4,7,0,3.74438,-0.00909194,-2.96547e-08
18.4,7.1,0,3.74471,-0.00928898,-1.93515e-08
18.4,7.2,0,3.74504,-0.00947746,-8.40877e-09
18.4,7.3,0,3.74536,-0.00966593,2.53398e-09
18.4,7.4,0,3.74576,-0.00986007,-4.66476e-09
18.4,7.5,0,3.74611,-0.0099996,-1.55587e-08
18.4,7.6,0,3.74646,-0.0101391,-2.64526e-08
18.4,7.7,0,3.74688,-0.0102913,-2.9252e-08
18.4,7.8,0,3.74725,-0.010378,-2.80931e-08
18.4,7.9,0,3.74761,-0.0104646,-2.69342e-08
18.4,8,0,3.74803,-0.010562,-2.6594e-08
18.4,8.1,0,3.74842,-0.0106051,-2.31097e-08
18.4,8.2,0,3.7488,-0.0106391,-1.90453e-08
18.4,8.3,0,3.74918,-0.0106731,-1.4981e-08
18.4,8.4,0,3.74962,-0.0106835,-2.30705e-08
18.4,8.5,0,3.75,-0.0106649,-3.62318e-08
18.4,8.6,0,3.75037,-0.0106463,-4.93931e-08
18.4,8.7,0,3.75081,-0.0106137,-4.99554e-08
18.4,8.8,0,3.75119,-0.0105441,-2.92643e-08
18.4,8.9,0,3.75156,-0.0104746,-8.57316e-09
18.4,9,0,3.75197,-0.0103978,5.24467e-09
18.4,9.1,0,3.75235,-0.0102823,-1.73129e-08
18.4,9.2,0,3.75271,-0.0101642,-4.22938e-08
18.4,9.3,0,3.75308,-0.0100461,-6.72746e-08
18.4,9.4,0,3.75348,-0.00988599,-5.59397e-08
18.4,9.5,0,3.75382,-0.00972249,-3.41419e-08
18.4,9.6,0,3.75417,-0.00955899,-1.23442e-08
18.4,9.7,0,3.75456,-0.00936333,-7.22658e-09
18.4,9.8,0,3.75487,-0.00915798,-1.6038e-08
18.4,9.9,0,3.75519,-0.00895262,-2.48495e-08
18.4,10,0,3.75553,-0.00873224,-3.07696e-08
18.4,10.1,0,3.75585,-0.00848026,-3.64126e-08
18.4,10.2,0,3.75614,-0.00823716,-4.52165e-08
18.4,10.3,0,3.75642,-0.00799405,-5.40203e-08
18.4,10.4,0,3.75674,-0.00769967,-4.37711e-08
18.4,10.5,0,3.75699,-0.00742325,-1.95814e-08
18.4,10.6,0,3.75725,-0.00714683,4.60825e-09
18.4,10.7,0,3.75754,-0.00682715,8.79007e-09
18.4,10.8,0,3.75776,-0.00652194,-2.01895e-08
18.4,10.9,0,3.75798,-0.00621673,-4.9169e-08
18.4,11,0,3.75821,-0.00589636,-7.13808e-08
18.4,11.1,0,3.75842,-0.00554462,-5.01443e-08
18.4,11.2,0,3.7586,-0.0052154,-2.91494e-08
18.4,11.3,0,3.75877,-0.00488617,-8.15454e-09
18.4,11.4,0,3.75892,-0.00450312,-1.37281e-08
18.4,11.5,0,3.75895,-0.00415552,-1.77341e-08
18.4,11.6,0,3.75899,-0.00380792,-2.17402e-08
18.4,11.7,0,3.75887,-0.0034111,-1.96343e-08
18.4,11.8,0,3.75547,-0.00304779,-2.74656e-08
18.4,11.9,0,3.75208,-0.00268449,-3.52969e-08
18.4,12,0,3.74869,-0.00231034,-4.19728e-08
18.4,12.1,0,3.69121,-0.00191828,-3.00361e-08
18.4,12.2,0,3.61055,-0.00157003,-1.56039e-08
18.4,12.3,0,3.52989,-0.00122179,-1.1717e-09
18.4,12.4,0,3.11413,-0.000852338,-2.25823e-09
18.4,12.5,0,2.0762,-0.000580867,-2.79144e-09
18.4,12.6,0,1.03828,-0.000309397,-3.32465e-09
18.4,12.7,0,0,0,0
18.5,0,0,0,0,0
18.5,0.1,0,1.30983,3.96235e-05,-6.174e-09
18.5,0.2,0,2.61965,7.9247e-05,-1.2348e-08
18.5,0.3,0,3.36228,0.000156555,-1.48493e-08
18.5,0.4,0,3.53773,0.000271549,-1.36778e-08
18.5,0.5,0,3.71318,0.000386542,-1.25064e-08
18.5,0.6,0,3.72632,0.000523111,-1.19629e-08
18.5,0.7,0,3.73946,0.000659679,-1.14195e-08
18.5,0.8,0,3.74634,0.000792043,-1.0708e-08
18.5,0.9,0,3.74695,0.000920202,-9.8284e-09
18.5,1,0,3.74756,0.00104836,-8.94883e-09
18.5,1.1,0,3.74749,0.00116394,-7.42551e-09
18.5,1.2,0,3.74741,0.00127952,-5.90219e-09
18.5,1.3,0,3.74731,0.0013864,-4.42096e-09
18.5,1.4,0,3.74719,0.00148457,-2.98182e-09
18.5,1.5,0,3.74706,0.00158274,-1.54268e-09
18.5,1.6,0,3.74692,0.00166034,-5.37345e-10
18.5,1.7,0,3.74677,0.00173794,4.67985e-10
18.5,1.8,0,3.74661,0.00180363,1.10497e-09
18.5,1.9,0,3.74645,0.00185739,1.37361e-09
18.5,2,0,3.74628,0.00191116,1.64225e-09
18.5,2.1,0,3.7461,0.00193811,6.6633e-10
18.5,2.2,0,3.74591,0.00196507,-3.0959e-10
18.5,2.3,0,3.74573,0.00197733,-1.50929e-09
18.5,2.4,0,3.74553,0.00197489,-2.93277e-09
18.5,2.5,0,3.74534,0.00197245,-4.35625e-09
18.5,2.6,0,3.74514,0.00193844,-6.059e-09
18.5,2.7,0,3.74494,0.00190444,-7.76175e-09
18.5,2.8,0,3.74474,0.00185376,-9.23043e-09
18.5,2.9,0,3.74453,0.00178642,-1.0465e-08
18.5,3,0,3.74433,0.00171907,-1.16996e-08
18.5,3.1,0,3.74413,0.00161719,-1.1754e-08
18.5,3.2,0,3.74392,0.00151531,-1.18084e-08
18.5,3.3,0,3.74372,0.00139586,-1.15349e-08
18.5,3.4,0,3.74353,0.00125884,-1.09338e-08
18.5,3.5,0,3.74333,0.00112183,-1.03326e-08
18.5,3.6,0,3.74315,0.000950203,-9.29364e-09
18.5,3.7,0,3.74296,0.000778575,-8.25472e-09
18.5,3.8,0,3.74279,0.000589603,-7.25261e-09
18.5,3.9,0,3.74262,0.000383287,-6.2873e-09
18.5,4,0,3.74245,0.00017697,-5.322e-09
18.5,4.1,0,3.74231,-6.08832e-05,-4.19954e-09
18.5,4.2,0,3.74216,-0.000298736,-3.07709e-09
18.5,4.3,0,3.74203,-0.000551748,-7.33252e-10
18.5,4.4,0,3.74192,-0.000819919,2.83197e-09
18.5,4.5,0,3.7418,-0.00108809,6.39719e-09
18.5,4.6,0,3.74172,-0.00138259,5.84039e-09
18.5,4.7,0,3.74164,-0.00167709,5.28359e-09
18.5,4.8,0,3.74158,-0.00195786,-1.54596e-09
18.5,4.9,0,3.74154,-0.00222489,-1.46483e-08
18.5,5,0,3.74149,-0.00249193,-2.77506e-08
18.5,5.1,0,3.74145,-0.00293771,-6.07818e-08
18.5,5.2,0,3.74145,-0.00327589,-6.9162e-08
18.5,5.3,0,3.74147,-0.00361942,-6.11751e-08
18.5,5.4,0,3.74151,-0.00396669,-4.77185e-08
18.5,5.5,0,3.74157,-0.00431538,-3.75165e-08
18.5,5.6,0,3.74165,-0.00466369,-3.30705e-08
18.5,5.7,0,3.74175,-0.00500978,-3.30186e-08
18.5,5.8,0,3.74188,-0.00535135,-3.27694e-08
18.5,5.9,0,3.74202,-0.00568726,-2.65599e-08
18.5,6,0,3.7423,-0.00618692,-1.58354e-09
18.5,6.1,0,3.74247,-0.00643877,-9.92897e-10
18.5,6.2,0,3.74264,-0.00669062,-4.02256e-10
18.5,6.3,0,3.74281,-0.00694247,1.88385e-10
18.5,6.4,0,3.74302,-0.00721042,2.19951e-09
18.5,6.5,0,3.74327,-0.00748704,4.97552e-09
18.5,6.6,0,3.74351,-0.00776366,7.75153e-09
18.5,6.7,0,3.74377,-0.008028,5.74549e-09
18.5,6.8,0,3.74406,-0.00826368,-7.41868e-09
18.5,6.9,0,3.74435,-0.00849936,-2.05828e-08
18.5,7,0,3.74464,-0.00873504,-3.3747e-08
18.5,7.1,0,3.74497,-0.00892587,-2.40096e-08
18.5,7.2,0,3.74529,-0.00911435,-1.30668e-08
18.5,7.3,0,3.74561,-0.00930283,-2.12408e-09
18.5,7.4,0,3.74595,-0.00946194,-4.28332e-09
18.5,7.5,0,3.7463,-0.00960147,-1.51772e-08
18.5,7.6,0,3.74666,-0.009741,-2.60712e-08
18.5,7.7,0,3.74701,-0.0098673,-3.39519e-08
18.5,7.8,0,3.74738,-0.00995394,-3.2793e-08
18.5,7.9,0,3.74775,-0.0100406,-3.16341e-08
18.5,8,0,3.74812,-0.0101272,-3.04752e-08
18.5,8.1,0,3.74849,-0.0101665,-2.67013e-08
18.5,8.2,0,3.74887,-0.0102004,-2.2637e-08
18.5,8.3,0,3.74925,-0.0102344,-1.85726e-08
18.5,8.4,0,3.74963,-0.0102395,-2.39824e-08
18.5,8.5,0,3.75001,-0.0102209,-3.71437e-08
18.5,8.6,0,3.75038,-0.0102023,-5.0305e-08
18.5,8.7,0,3.75076,-0.0101735,-5.66958e-08
18.5,8.8,0,3.75114,-0.010104,-3.60047e-08
18.5,8.9,0,3.75151,-0.0100345,-1.53136e-08
18.5,9,0,3.75188,-0.00996501,5.37755e-09
18.5,9.1,0,3.75224,-0.00985421,-1.27525e-08
18.5,9.2,0,3.75261,-0.00973612,-3.77333e-08
18.5,9.3,0,3.75297,-0.00961803,-6.27141e-08
18.5,9.4,0,3.75332,-0.00947723,-6.43057e-08
18.5,9.5,0,3.75366,-0.00931373,-4.25079e-08
18.5,9.6,0,3.754,-0.00915023,-2.07102e-08
18.5,9.7,0,3.75434,-0.00898045,-3.50382e-09
18.5,9.8,0,3.75466,-0.0087751,-1.23153e-08
18.5,9.9,0,3.75498,-0.00856974,-2.11267e-08
18.5,10,0,3.75529,-0.00836438,-2.99381e-08
18.5,10.1,0,3.75559,-0.00812883,-3.87435e-08
18.5,10.2,0,3.75588,-0.00788572,-4.75474e-08
18.5,10.3,0,3.75616,-0.00764262,-5.63512e-08
18.5,10.4,0,3.75644,-0.00738452,-5.0308e-08
18.5,10.5,0,3.75669,-0.00710811,-2.61183e-08
18.5,10.6,0,3.75695,-0.00683169,-1.92861e-09
18.5,10.7,0,3.7572,-0.00655239,1.69442e-08
18.5,10.8,0,3.75742,-0.00624718,-1.20354e-08
18.5,10.9,0,3.75764,-0.00594197,-4.1015e-08
18.5,11,0,3.75786,-0.00563676,-6.99945e-08
18.5,11.1,0,3.75805,-0.00531354,-6.14932e-08
18.5,11.2,0,3.75823,-0.00498431,-4.04983e-08
18.5,11.3,0,3.75841,-0.00465509,-1.95034e-08
18.5,11.4,0,3.75853,-0.00431851,-8.50892e-09
18.5,11.5,0,3.75856,-0.00397092,-1.2515e-08
18.5,11.6,0,3.7586,-0.00362332,-1.6521e-08
18.5,11.7,0,3.75846,-0.00327493,-2.07183e-08
18.5,11.8,0,3.75507,-0.00291163,-2.85496e-08
18.5,11.9,0,3.75167,-0.00254833,-3.63809e-08
18.5,12,0,3.74828,-0.00218503,-4.42122e-08
18.5,12.1,0,3.6908,-0.00183227,-3.64591e-08
18.5,12.2,0,3.61014,-0.00148403,-2.20269e-08
18.5,12.3,0,3.52948,-0.00113578,-7.59468e-09
18.5,12.4,0,3.11378,-0.000814411,1.59963e-09
18.5,12.5,0,2.07585,-0.000542941,1.06642e-09
18.5,12.6,0,1.03793,-0.00027147,5.33209e-10
18.5,12.7,0,0,0,0
18.6,0,0,0,0,0
18.6,0.1,0,1.30979,3.09264e-05,-4.44043e-09
18.6,0.2,0,2.61961,7.05499e-05,-1.06144e-08
18.6,0.3,0,3.36221,0.000129873,-1.3609e-08
18.6,0.4,0,3.53765,0.000244866,-1.24376e-08
18.6,0.5,0,3.7131,0.00035986,-1.12661e-08
18.6,0.6,0,3.72623,0.000475754,-1.04966e-08
18.6,0.7,0,3.73938,0.000612322,-9.95319e-09
18.6,0.8,0,3.74626,0.000724936,-8.99367e-09
18.6,0.9,0,3.74687,0.000853095,-8.1141e-09
18.6,1,0,3.74748,0.000981253,-7.23453e-09
18.6,1.1,0,3.74742,0.00107834,-5.73326e-09
18.6,1.2,0,3.74735,0.00119392,-4.20994e-09
18.6,1.3,0,3.74726,0.00128408,-2.85629e-09
18.6,1.4,0,3.74714,0.00138225,-1.41715e-09
18.6,1.5,0,3.74701,0.00148042,2.19947e-11
18.6,1.6,0,3.74688,0.00154341,8.86614e-10
18.6,1.7,0,3.74673,0.00162101,1.89194e-09
18.6,1.8,0,3.7466,0.00167454,2.4359e-09
18.6,1.9,0,3.74643,0.0017283,2.70454e-09
18.6,2,0,3.74627,0.00178207,2.97318e-09
18.6,2.1,0,3.7461,0.00179966,2.12515e-09
18.6,2.2,0,3.74592,0.00182661,1.14923e-09
18.6,2.3,0,3.74576,0.0018326,1.47553e-10
18.6,2.4,0,3.74556,0.00183016,-1.27593e-09
18.6,2.5,0,3.74537,0.00182772,-2.69941e-09
18.6,2.6,0,3.7452,0.00179084,-4.24556e-09
18.6,2.7,0,3.745,0.00175684,-5.94831e-09
18.6,2.8,0,3.74482,0.00170694,-7.45718e-09
18.6,2.9,0,3.74462,0.00163959,-8.69179e-09
18.6,3,0,3.74441,0.00157225,-9.9264e-09
18.6,3.1,0,3.74423,0.00147496,-1.03544e-08
18.6,3.2,0,3.74403,0.00137308,-1.04088e-08
18.6,3.3,0,3.74386,0.00126223,-1.06127e-08
18.6,3.4,0,3.74366,0.00112522,-1.00115e-08
18.6,3.5,0,3.74346,0.000988204,-9.41029e-09
18.6,3.6,0,3.7433,0.000829191,-8.66669e-09
18.6,3.7,0,3.74312,0.000657564,-7.62777e-09
18.6,3.8,0,3.74297,0.000485422,-6.44213e-09
18.6,3.9,0,3.7428,0.000279105,-5.47682e-09
18.6,4,0,3.74264,7.27882e-05,-4.51152e-09
18.6,4.1,0,3.74251,-0.000144446,-2.70745e-09
18.6,4.2,0,3.74237,-0.000382299,-1.585e-09
18.6,4.3,0,3.74226,-0.000610791,2.03235e-09
18.6,4.4,0,3.74214,-0.000878962,5.59757e-09
18.6,4.5,0,3.74202,-0.00114713,9.16279e-09
18.6,4.6,0,3.74196,-0.00141362,1.04079e-08
18.6,4.7,0,3.74188,-0.00170812,9.85106e-09
18.6,4.8,0,3.74183,-0.00196302,2.60274e-09
18.6,4.9,0,3.74179,-0.00223006,-1.04996e-08
18.6,5,0,3.74175,-0.0024971,-2.36019e-08
18.6,5.1,0,3.74171,-0.00292503,-5.83023e-08
18.6,5.2,0,3.74171,-0.00324922,-6.70499e-08
18.6,5.3,0,3.74173,-0.00357837,-5.89315e-08
18.6,5.4,0,3.74177,-0.00391097,-4.48062e-08
18.6,5.5,0,3.74183,-0.00424485,-3.32285e-08
18.6,5.6,0,3.74191,-0.00457833,-2.6808e-08
18.6,5.7,0,3.74201,-0.00490968,-2.47445e-08
18.6,5.8,0,3.74214,-0.00523676,-2.36518e-08
18.6,5.9,0,3.74228,-0.00555848,-1.91269e-08
18.6,6,0,3.74255,-0.00603773,-1.66559e-09
18.6,6.1,0,3.7427,-0.0062558,-4.68905e-09
18.6,6.2,0,3.74286,-0.00650764,-4.0984e-09
18.6,6.3,0,3.74303,-0.00675949,-3.50776e-09
18.6,6.4,0,3.74322,-0.00698994,3.51656e-10
18.6,6.5,0,3.74347,-0.00726656,3.12766e-09
18.6,6.6,0,3.74371,-0.00754319,5.90367e-09
18.6,6.7,0,3.74394,-0.00778267,6.81757e-09
18.6,6.8,0,3.74423,-0.00801148,-5.54013e-09
18.6,6.9,0,3.74452,-0.00824716,-1.87043e-08
18.6,7,0,3.74481,-0.00848284,-3.18685e-08
18.6,7.1,0,3.74509,-0.00864868,-2.40319e-08
18.6,7.2,0,3.74542,-0.00883716,-1.30892e-08
18.6,7.3,0,3.74574,-0.00902564,-2.14642e-09
18.6,7.4,0,3.74604,-0.00916602,-8.69174e-10
18.6,7.5,0,3.74639,-0.00930555,-1.17631e-08
18.6,7.6,0,3.74675,-0.00944508,-2.2657e-08
18.6,7.7,0,3.74707,-0.00956367,-3.07949e-08
18.6,7.8,0,3.74743,-0.0096462,-2.97727e-08
18.6,7.9,0,3.7478,-0.00973284,-2.86138e-08
18.6,8,0,3.74817,-0.00981947,-2.74549e-08
18.6,8.1,0,3.7485,-0.00985332,-2.39813e-08
18.6,8.2,0,3.74888,-0.00988731,-1.99169e-08
18.6,8.3,0,3.74926,-0.0099213,-1.58525e-08
18.6,8.4,0,3.74959,-0.00992727,-1.59341e-08
18.6,8.5,0,3.74997,-0.00990867,-2.90954e-08
18.6,8.6,0,3.75035,-0.00989007,-4.22567e-08
18.6,8.7,0,3.7507,-0.00986482,-5.27165e-08
18.6,8.8,0,3.75106,-0.00979855,-3.57455e-08
18.6,8.9,0,3.75143,-0.00972904,-1.50544e-08
18.6,9,0,3.7518,-0.00965954,5.63669e-09
18.6,9.1,0,3.75213,-0.00956092,-2.92982e-09
18.6,9.2,0,3.75249,-0.00944282,-2.79106e-08
18.6,9.3,0,3.75285,-0.00932473,-5.28915e-08
18.6,9.4,0,3.75317,-0.00920103,-6.12829e-08
18.6,9.5,0,3.75351,-0.00903754,-3.94852e-08
18.6,9.6,0,3.75385,-0.00887404,-1.76875e-08
18.6,9.7,0,3.75418,-0.00871267,-6.5011e-10
18.6,9.8,0,3.75447,-0.00852036,-9.72393e-09
18.6,9.9,0,3.75479,-0.00831501,-1.85354e-08
18.6,10,0,3.75511,-0.00810965,-2.73468e-08
18.6,10.1,0,3.75537,-0.00789945,-2.77958e-08
18.6,10.2,0,3.75566,-0.00765634,-3.65997e-08
18.6,10.3,0,3.75595,-0.00741324,-4.54035e-08
18.6,10.4,0,3.75619,-0.00718377,-5.29847e-08
18.6,10.5,0,3.75645,-0.00690735,-2.8795e-08
18.6,10.6,0,3.7567,-0.00663093,-4.60529e-09
18.6,10.7,0,3.75695,-0.00635986,1.75773e-08
18.6,10.8,0,3.75715,-0.00607789,-2.04009e-09
18.6,10.9,0,3.75737,-0.00577268,-3.10196e-08
18.6,11,0,3.7576,-0.00546747,-5.99992e-08
18.6,11.1,0,3.75777,-0.005178,-5.59685e-08
18.6,11.2,0,3.75794,-0.00484877,-3.49736e-08
18.6,11.3,0,3.75812,-0.00451954,-1.39787e-08
18.6,11.4,0,3.75823,-0.00421843,-9.61041e-09
18.6,11.5,0,3.75826,-0.00387083,-1.36165e-08
18.6,11.6,0,3.7583,-0.00352323,-1.76225e-08
18.6,11.7,0,3.75816,-0.00317968,-2.072e-08
18.6,11.8,0,3.75477,-0.00284857,-2.12294e-08
18.6,11.9,0,3.75137,-0.00248527,-2.90607e-08
18.6,12,0,3.74798,-0.00212197,-3.6892e-08
18.6,12.1,0,3.69055,-0.00180456,-3.18408e-08
18.6,12.2,0,3.60989,-0.00145632,-1.74086e-08
18.6,12.3,0,3.52923,-0.00110808,-2.9764e-09
18.6,12.4,0,3.11376,-0.000812034,1.99597e-09
18.6,12.5,0,2.07585,-0.000542941,1.06642e-09
18.6,12.6,0,1.03793,-0.00027147,5.33209e-10
18.6,12.7,0,0,0,0
18.7,0,0,0,0,0
18.7,0.1,0,1.30975,2.22292e-05,-2.70686e-09
18.7,0.2,0,2.61957,6.18527e-05,-8.88086e-09
18.7,0.3,0,3.36214,0.000107687,-1.22455e-08
18.7,0.4,0,3.53757,0.000218184,-1.11973e-08
18.7,0.5,0,3.71302,0.000333177,-1.00259e-08
18.7,0.6,0,3.72615,0.000428396,-9.03035e-09
18.7,0.7,0,3.73929,0.000564965,-8.4869e-09
18.7,0.8,0,3.74618,0.000662767,-7.34137e-09
18.7,0.9,0,3.74679,0.000785988,-6.3998e-09
18.7,1,0,3.74741,0.000914147,-5.52023e-09
18.7,1.1,0,3.74735,0.000992739,-4.04101e-09
18.7,1.2,0,3.74728,0.00110832,-2.51769e-09
18.7,1.3,0,3.74721,0.00118594,-1.25972e-09
18.7,1.4,0,3.74708,0.00127993,1.47524e-10
18.7,1.5,0,3.74696,0.0013781,1.58666e-09
18.7,1.6,0,3.74685,0.00142648,2.31057e-09
18.7,1.7,0,3.7467,0.00150408,3.3159e-09
18.7,1.8,0,3.74658,0.00154848,3.79008e-09
18.7,1.9,0,3.74642,0.00159921,4.03546e-09
18.7,2,0,3.74625,0.00165298,4.3041e-09
18.7,2.1,0,3.74611,0.0016612,3.58397e-09
18.7,2.2,0,3.74593,0.00168816,2.60805e-09
18.7,2.3,0,3.74578,0.00168944,1.75489e-09
18.7,2.4,0,3.74559,0.00168544,3.80916e-10
18.7,2.5,0,3.7454,0.001683,-1.04256e-09
18.7,2.6,0,3.74525,0.00164324,-2.43213e-09
18.7,2.7,0,3.74505,0.00160923,-4.13488e-09
18.7,2.8,0,3.74489,0.00155992,-5.67389e-09
18.7,2.9,0,3.7447,0.00149277,-6.91855e-09
18.7,3,0,3.74449,0.00142542,-8.15316e-09
18.7,3.1,0,3.74434,0.00133273,-8.95484e-09
18.7,3.2,0,3.74414,0.00123085,-9.00919e-09
18.7,3.3,0,3.74398,0.00112646,-9.57106e-09
18.7,3.4,0,3.74379,0.000991592,-9.0892e-09
18.7,3.5,0,3.7436,0.000854578,-8.48801e-09
18.7,3.6,0,3.74346,0.00070818,-8.03974e-09
18.7,3.7,0,3.74328,0.000536552,-7.00082e-09
18.7,3.8,0,3.74315,0.000377033,-5.67753e-09
18.7,3.9,0,3.74298,0.000174923,-4.66634e-09
18.7,4,0,3.74282,-3.13934e-05,-3.70104e-09
18.7,4.1,0,3.74272,-0.000228008,-1.21536e-09
18.7,4.2,0,3.74257,-0.000465861,-9.29066e-11
18.7,4.3,0,3.74248,-0.000675964,4.47957e-09
18.7,4.4,0,3.74236,-0.000938005,8.36316e-09
18.7,4.5,0,3.74225,-0.00120618,1.19284e-08
18.7,4.6,0,3.7422,-0.00144466,1.49753e-08
18.7,4.7,0,3.74212,-0.00173916,1.44185e-08
18.7,4.8,0,3.74208,-0.00197466,6.85614e-09
18.7,4.9,0,3.74204,-0.00223523,-6.35086e-09
18.7,5,0,3.742,-0.00250227,-1.94532e-08
18.7,5.1,0,3.74197,-0.00291234,-5.58228e-08
18.7,5.2,0,3.74197,-0.00322255,-6.49379e-08
18.7,5.3,0,3.74199,-0.00353732,-5.66878e-08
18.7,5.4,0,3.74203,-0.00385525,-4.18938e-08
18.7,5.5,0,3.74209,-0.00417432,-2.89404e-08
18.7,5.6,0,3.74217,-0.00449296,-2.05454e-08
18.7,5.7,0,3.74228,-0.00480957,-1.64704e-08
18.7,5.8,0,3.74239,-0.00512216,-1.45342e-08
18.7,5.9,0,3.74253,-0.00542969,-1.1694e-08
18.7,6,0,3.74279,-0.00588853,-1.74763e-09
18.7,6.1,0,3.74292,-0.00607282,-8.38519e-09
18.7,6.2,0,3.74309,-0.00632467,-7.79455e-09
18.7,6.3,0,3.74326,-0.00657652,-7.20391e-09
18.7,6.4,0,3.74343,-0.0067808,-2.05483e-09
18.7,6.5,0,3.74367,-0.00704609,1.27981e-09
18.7,6.6,0,3.74391,-0.00732271,4.05581e-09
18.7,6.7,0,3.74414,-0.00756219,4.96971e-09
18.7,6.8,0,3.74439,-0.00775929,-3.66159e-09
18.7,6.9,0,3.74469,-0.00799496,-1.68258e-08
18.7,7,0,3.74498,-0.00823064,-2.99899e-08
18.7,7.1,0,3.74522,-0.00837149,-2.40543e-08
18.7,7.2,0,3.74555,-0.00855997,-1.31115e-08
18.7,7.3,0,3.74587,-0.00874845,-2.16877e-09
18.7,7.4,0,3.74615,-0.00887821,1.05754e-09
18.7,7.5,0,3.74648,-0.00900963,-8.34894e-09
18.7,7.6,0,3.74684,-0.00914916,-1.92429e-08
18.7,7.7,0,3.74716,-0.00926775,-2.73808e-08
18.7,7.8,0,3.74748,-0.00933847,-2.67525e-08
18.7,7.9,0,3.74784,-0.0094251,-2.55936e-08
18.7,8,0,3.74821,-0.00951174,-2.44347e-08
18.7,8.1,0,3.74851,-0.00954019,-2.12612e-08
18.7,8.2,0,3.74888,-0.00957417,-1.71968e-08
18.7,8.3,0,3.74926,-0.00960816,-1.31325e-08
18.7,8.4,0,3.74958,-0.00961453,-1.08879e-08
18.7,8.5,0,3.74993,-0.00959644,-2.10471e-08
18.7,8.6,0,3.75031,-0.00957784,-3.42084e-08
18.7,8.7,0,3.75067,-0.00955259,-4.46682e-08
18.7,8.8,0,3.75098,-0.00949307,-3.54864e-08
18.7,8.9,0,3.75135,-0.00942357,-1.47953e-08
18.7,9,0,3.75173,-0.00935407,5.89583e-09
18.7,9.1,0,3.75201,-0.00926762,6.89284e-09
18.7,9.2,0,3.75237,-0.00914953,-1.8088e-08
18.7,9.3,0,3.75273,-0.00903144,-4.30688e-08
18.7,9.4,0,3.75304,-0.00891297,-5.35409e-08
18.7,9.5,0,3.75335,-0.00876134,-3.64625e-08
18.7,9.6,0,3.7537,-0.00859784,-1.46647e-08
18.7,9.7,0,3.75402,-0.00843647,2.37262e-09
18.7,9.8,0,3.75428,-0.00826563,-7.13261e-09
18.7,9.9,0,3.7546,-0.00806027,-1.5944e-08
18.7,10,0,3.75492,-0.00785492,-2.47555e-08
18.7,10.1,0,3.75515,-0.00767007,-1.68481e-08
18.7,10.2,0,3.75544,-0.00742697,-2.5652e-08
18.7,10.3,0,3.75573,-0.00718386,-3.44558e-08
18.7,10.4,0,3.75597,-0.00695941,-4.44263e-08
18.7,10.5,0,3.7562,-0.0067066,-3.14717e-08
18.7,10.6,0,3.75646,-0.00643018,-7.28197e-09
18.7,10.7,0,3.75671,-0.0061591,1.49006e-08
18.7,10.8,0,3.75689,-0.00590861,7.95523e-09
18.7,10.9,0,3.75711,-0.0056034,-2.10243e-08
18.7,11,0,3.75733,-0.00529819,-5.00039e-08
18.7,11.1,0,3.75748,-0.00504106,-5.02602e-08
18.7,11.2,0,3.75766,-0.00471322,-2.94488e-08
18.7,11.3,0,3.75784,-0.004384,-8.45389e-09
18.7,11.4,0,3.75794,-0.00408447,-4.38233e-09
18.7,11.5,0,3.75796,-0.00377074,-1.47179e-08
18.7,11.6,0,3.758,-0.00342315,-1.8724e-08
18.7,11.7,0,3.75786,-0.0030796,-2.18214e-08
18.7,11.8,0,3.75447,-0.00278551,-1.39091e-08
18.7,11.9,0,3.75107,-0.00242221,-2.17404e-08
18.7,12,0,3.74768,-0.00205891,-2.95717e-08
18.7,12.1,0,3.69028,-0.00177079,-2.67587e-08
18.7,12.2,0,3.60963,-0.00142862,-1.27903e-08
18.7,12.3,0,3.52897,-0.00108038,1.64189e-09
18.7,12.4,0,3.1135,-0.00078433,6.61426e-09
18.7,12.5,0,2.07585,-0.000542941,1.06642e-09
18.7,12.6,0,1.03793,-0.00027147,5.33209e-10
18.7,12.7,0,0,0,0
18.8,0,0,0,0,0
18.8,0.1,0,1.30971,1.3532e-05,-9.73286e-10
18.8,0.2,0,2.61953,5.31555e-05,-7.14729e-09
18.8,0.3,0,3.3621,9.899e-05,-1.05119e-08
18.8,0.4,0,3.53749,0.000191502,-9.9571e-09
18.8,0.5,0,3.71294,0.000306495,-8.78565e-09
18.8,0.6,0,3.72606,0.000381039,-7.56406e-09
18.8,0.7,0,3.73921,0.000517608,-7.02061e-09
18.8,0.8,0,3.7461,0.00061541,-5.87508e-09
18.8,0.9,0,3.74672,0.000718881,-4.6855e-09
18.8,1,0,3.74733,0.00084704,-3.80593e-09
18.8,1.1,0,3.74729,0.000907138,-2.34877e-09
18.8,1.2,0,3.74721,0.00102272,-8.25449e-10
18.8,1.3,0,3.74714,0.00110034,4.32524e-10
18.8,1.4,0,3.74703,0.00117761,1.71219e-09
18.8,1.5,0,3.74691,0.00127578,3.15133e-09
18.8,1.6,0,3.74681,0.00130955,3.73453e-09
18.8,1.7,0,3.74667,0.00138715,4.73986e-09
18.8,1.8,0,3.74654,0.00143155,5.21404e-09
18.8,1.9,0,3.7464,0.00147012,5.36639e-09
18.8,2,0,3.74624,0.00152389,5.63503e-09
18.8,2.1,0,3.74612,0.00152274,5.04279e-09
18.8,2.2,0,3.74594,0.0015497,4.06687e-09
18.8,2.3,0,3.74579,0.00155099,3.21371e-09
18.8,2.4,0,3.74563,0.00154071,2.03776e-09
18.8,2.5,0,3.74543,0.00153827,6.14279e-10
18.8,2.6,0,3.74531,0.00149564,-6.18696e-10
18.8,2.7,0,3.74511,0.00146163,-2.32145e-09
18.8,2.8,0,3.74495,0.00141232,-3.86046e-09
18.8,2.9,0,3.74478,0.00134595,-5.1453e-09
18.8,3,0,3.74457,0.0012786,-6.37991e-09
18.8,3.1,0,3.74445,0.00119051,-7.55526e-09
18.8,3.2,0,3.74425,0.00108863,-7.60961e-09
18.8,3.3,0,3.74409,0.000984229,-8.17148e-09
18.8,3.4,0,3.74393,0.000857965,-8.16692e-09
18.8,3.5,0,3.74373,0.000720951,-7.56573e-09
18.8,3.6,0,3.74362,0.000587168,-7.41278e-09
18.8,3.7,0,3.74344,0.000415541,-6.37386e-09
18.8,3.8,0,3.7433,0.000256021,-5.05057e-09
18.8,3.9,0,3.74317,7.07417e-05,-3.85586e-09
18.8,4,0,3.743,-0.000135575,-2.89055e-09
18.8,4.1,0,3.74292,-0.00031157,2.76731e-10
18.8,4.2,0,3.74278,-0.000549423,1.39918e-09
18.8,4.3,0,3.74268,-0.000759527,5.97166e-09
18.8,4.4,0,3.74259,-0.000997048,1.11288e-08
18.8,4.5,0,3.74247,-0.00126522,1.4694e-08
18.8,4.6,0,3.74244,-0.00147569,1.95428e-08
18.8,4.7,0,3.74236,-0.00177019,1.8986e-08
18.8,4.8,0,3.74232,-0.00200569,1.14236e-08
18.8,4.9,0,3.74229,-0.00224039,-2.20215e-09
18.8,5,0,3.74225,-0.00250743,-1.53045e-08
18.8,5.1,0,3.74222,-0.00289966,-5.33434e-08
18.8,5.2,0,3.74223,-0.00319588,-6.28258e-08
18.8,5.3,0,3.74226,-0.00349627,-5.44441e-08
18.8,5.4,0,3.7423,-0.00379953,-3.89815e-08
18.8,5.5,0,3.74236,-0.00410379,-2.46524e-08
18.8,5.6,0,3.74244,-0.0044076,-1.42829e-08
18.8,5.7,0,3.74254,-0.00470947,-8.19626e-09
18.8,5.8,0,3.74265,-0.00500756,-5.4166e-09
18.8,5.9,0,3.74279,-0.00530091,-4.26102e-09
18.8,6,0,3.74303,-0.00573933,-1.82968e-09
18.8,6.1,0,3.74316,-0.00590296,-1.06789e-08
18.8,6.2,0,3.74332,-0.0061417,-1.14907e-08
18.8,6.3,0,3.74348,-0.00639354,-1.09001e-08
18.8,6.4,0,3.74366,-0.00659783,-5.75098e-09
18.8,6.5,0,3.74387,-0.00682561,-5.68054e-10
18.8,6.6,0,3.74411,-0.00710223,2.20795e-09
18.8,6.7,0,3.74434,-0.00734172,3.12185e-09
18.8,6.8,0,3.74456,-0.00750709,-1.78305e-09
18.8,6.9,0,3.74485,-0.00774277,-1.49472e-08
18.8,7,0,3.74514,-0.00797845,-2.81114e-08
18.8,7.1,0,3.74537,-0.00810726,-2.30907e-08
18.8,7.2,0,3.74568,-0.00828278,-1.31339e-08
18.8,7.3,0,3.746,-0.00847125,-2.19112e-09
18.8,7.4,0,3.74628,-0.00860101,1.03519e-09
18.8,7.5,0,3.74657,-0.00871371,-4.93479e-09
18.8,7.6,0,3.74693,-0.00885324,-1.58287e-08
18.8,7.7,0,3.74725,-0.00897183,-2.39666e-08
18.8,7.8,0,3.74752,-0.00903073,-2.37323e-08
18.8,7.9,0,3.74789,-0.00911737,-2.25734e-08
18.8,8,0,3.74826,-0.009204,-2.14145e-08
18.8,8.1,0,3.74854,-0.00923056,-1.83462e-08
18.8,8.2,0,3.74889,-0.00926104,-1.44767e-08
18.8,8.3,0,3.74927,-0.00929503,-1.04124e-08
18.8,8.4,0,3.74958,-0.00930139,-8.16783e-09
18.8,8.5,0,3.7499,-0.00928421,-1.29989e-08
18.8,8.6,0,3.75027,-0.00926561,-2.61602e-08
18.8,8.7,0,3.75063,-0.00924036,-3.66199e-08
18.8,8.8,0,3.7509,-0.0091876,-3.52273e-08
18.8,8.9,0,3.75128,-0.0091181,-1.45361e-08
18.8,9,0,3.75165,-0.00904859,6.15497e-09
18.8,9.1,0,3.75192,-0.00896483,9.25739e-09
18.8,9.2,0,3.75226,-0.00885624,-8.26532e-09
18.8,9.3,0,3.75262,-0.00873815,-3.32461e-08
18.8,9.4,0,3.75292,-0.00861968,-4.37182e-08
18.8,9.5,0,3.7532,-0.00848514,-3.34397e-08
18.8,9.6,0,3.75354,-0.00832164,-1.1642e-08
18.8,9.7,0,3.75387,-0.00816028,5.39535e-09
18.8,9.8,0,3.7541,-0.0080109,-4.54128e-09
18.8,9.9,0,3.75441,-0.00780554,-1.33527e-08
18.8,10,0,3.75473,-0.00760018,-2.21642e-08
18.8,10.1,0,3.75496,-0.00741761,-1.35085e-08
18.8,10.2,0,3.75522,-0.00719759,-1.47043e-08
18.8,10.3,0,3.75551,-0.00695448,-2.35081e-08
18.8,10.4,0,3.75575,-0.00673003,-3.34786e-08
18.8,10.5,0,3.75596,-0.00650584,-3.41483e-08
18.8,10.6,0,3.75622,-0.00622942,-9.95866e-09
18.8,10.7,0,3.75646,-0.00595835,1.2224e-08
18.8,10.8,0,3.75662,-0.00573533,1.63429e-08
18.8,10.9,0,3.75684,-0.00543411,-1.1029e-08
18.8,11,0,3.75706,-0.0051289,-4.00086e-08
18.8,11.1,0,3.75721,-0.00487178,-4.02649e-08
18.8,11.2,0,3.75737,-0.00457768,-2.3924e-08
18.8,11.3,0,3.75755,-0.00424845,-2.92911e-09
18.8,11.4,0,3.75766,-0.00394893,1.14244e-09
18.8,11.5,0,3.75766,-0.00367066,-1.58194e-08
18.8,11.6,0,3.7577,-0.00332306,-1.98255e-08
18.8,11.7,0,3.75756,-0.00297951,-2.29229e-08
18.8,11.8,0,3.75417,-0.00271292,-8.75713e-09
18.8,11.9,0,3.75078,-0.00235915,-1.44202e-08
18.8,12,0,3.74738,-0.00199585,-2.22515e-08
18.8,12.1,0,3.68999,-0.00170773,-1.94385e-08
18.8,12.2,0,3.60938,-0.00140091,-8.17203e-09
18.8,12.3,0,3.52872,-0.00105267,6.26018e-09
18.8,12.4,0,3.11325,-0.000756626,1.12325e-08
18.8,12.5,0,2.07585,-0.000542941,1.06642e-09
18.8,12.6,0,1.03793,-0.00027147,5.33209e-10
18.8,12.7,0,0,0,0
18.9,0,0,0,0,0
18.9,0.1,0,1.30969,9.18345e-06,-1.065e-10
18.9,0.2,0,2.61949,4.44584e-05,-5.41371e-09
18.9,0.3,0,3.36206,9.02928e-05,-8.77831e-09
18.9,0.4,0,3.53742,0.00016482,-8.71685e-09
18.9,0.5,0,3.71286,0.000279813,-7.5454e-09
18.9,0.6,0,3.72598,0.00034402,-6.21079e-09
18.9,0.7,0,3.73912,0.000470251,-5.55432e-09
18.9,0.8,0,3.74601,0.000568053,-4.40879e-09
18.9,0.9,0,3.74664,0.000651775,-2.9712e-09
18.9,1,0,3.74725,0.000779933,-2.09163e-09
18.9,1.1,0,3.74722,0.000830784,-6.45497e-10
18.9,1.2,0,3.74715,0.000937118,8.66796e-10
18.9,1.3,0,3.74707,0.00101474,2.12477e-09
18.9,1.4,0,3.74698,0.00107529,3.27686e-09
18.9,1.5,0,3.74686,0.00117346,4.716e-09
18.9,1.6,0,3.74677,0.00119992,5.22884e-09
18.9,1.7,0,3.74663,0.00127022,6.16382e-09
18.9,1.8,0,3.74651,0.00131462,6.638e-09
18.9,1.9,0,3.74639,0.00134103,6.69731e-09
18.9,2,0,3.74622,0.0013948,6.96595e-09
18.9,2.1,0,3.74611,0.00138897,6.43766e-09
18.9,2.2,0,3.74594,0.00141124,5.52569e-09
18.9,2.3,0,3.7458,0.00141253,4.67253e-09
18.9,2.4,0,3.74566,0.00139598,3.6946e-09
18.9,2.5,0,3.74546,0.00139354,2.27112e-09
18.9,2.6,0,3.74535,0.00134947,1.11644e-09
18.9,2.7,0,3.74516,0.00131403,-5.08012e-10
18.9,2.8,0,3.745,0.00126472,-2.04702e-09
18.9,2.9,0,3.74486,0.00119912,-3.37206e-09
18.9,3,0,3.74465,0.00113178,-4.60667e-09
18.9,3.1,0,3.74454,0.00104598,-5.96884e-09
18.9,3.2,0,3.74435,0.000946398,-6.21003e-09
18.9,3.3,0,3.7442,0.000842002,-6.77189e-09
18.9,3.4,0,3.74406,0.000724339,-7.24464e-09
18.9,3.5,0,3.74386,0.000587325,-6.64345e-09
18.9,3.6,0,3.74377,0.000459849,-6.63817e-09
18.9,3.7,0,3.7436,0.000294529,-5.74691e-09
18.9,3.8,0,3.74346,0.00013501,-4.42362e-09
18.9,3.9,0,3.74335,-3.34398e-05,-3.04538e-09
18.9,4,0,3.74318,-0.000239757,-2.08007e-09
18.9,4.1,0,3.74311,-0.000405442,1.42802e-09
18.9,4.2,0,3.74298,-0.000632986,2.89128e-09
18.9,4.3,0,3.74289,-0.000843089,7.46375e-09
18.9,4.4,0,3.74281,-0.00105609,1.38944e-08
18.9,4.5,0,3.74269,-0.00132426,1.74596e-08
18.9,4.6,0,3.74267,-0.00152073,2.32093e-08
18.9,4.7,0,3.7426,-0.00180123,2.35535e-08
18.9,4.8,0,3.74256,-0.00203673,1.59911e-08
18.9,4.9,0,3.74254,-0.00224556,1.94655e-09
18.9,5,0,3.7425,-0.0025126,-1.11558e-08
18.9,5.1,0,3.74248,-0.00288698,-5.08639e-08
18.9,5.2,0,3.74249,-0.00316921,-6.07138e-08
18.9,5.3,0,3.74252,-0.00345523,-5.22005e-08
18.9,5.4,0,3.74256,-0.00374381,-3.60692e-08
18.9,5.5,0,3.74262,-0.00403326,-2.03643e-08
18.9,5.6,0,3.7427,-0.00432224,-8.02036e-09
18.9,5.7,0,3.7428,-0.00460936,7.78607e-11
18.9,5.8,0,3.74291,-0.00489297,3.70099e-09
18.9,5.9,0,3.74304,-0.00517213,3.17193e-09
18.9,6,0,3.74328,-0.00559014,-1.91173e-09
18.9,6.1,0,3.7434,-0.00575376,-1.07609e-08
18.9,6.2,0,3.74354,-0.00595872,-1.51869e-08
18.9,6.3,0,3.74371,-0.00621057,-1.45962e-08
18.9,6.4,0,3.74388,-0.00641485,-9.44713e-09
18.9,6.5,0,3.74407,-0.00660514,-2.41591e-09
18.9,6.6,0,3.74431,-0.00688176,3.60095e-10
18.9,6.7,0,3.74454,-0.00712124,1.27399e-09
18.9,6.8,0,3.74475,-0.00727407,-2.15703e-09
18.9,6.9,0,3.74502,-0.00749057,-1.30687e-08
18.9,7,0,3.74531,-0.00772625,-2.62328e-08
18.9,7.1,0,3.74554,-0.00785507,-2.12122e-08
18.9,7.2,0,3.74581,-0.00800559,-1.31562e-08
18.9,7.3,0,3.74613,-0.00819406,-2.21346e-09
18.9,7.4,0,3.74641,-0.00832382,1.01285e-09
18.9,7.5,0,3.74666,-0.00841779,-1.52064e-09
18.9,7.6,0,3.74702,-0.00855732,-1.24146e-08
18.9,7.7,0,3.74734,-0.00867591,-2.05525e-08
18.9,7.8,0,3.7476,-0.00873168,-2.04225e-08
18.9,7.9,0,3.74794,-0.00880963,-1.95532e-08
18.9,8,0,3.74831,-0.00889626,-1.83943e-08
18.9,8.1,0,3.74859,-0.00892282,-1.5326e-08
18.9,8.2,0,3.74889,-0.0089479,-1.17566e-08
18.9,8.3,0,3.74927,-0.00898189,-7.69227e-09
18.9,8.4,0,3.74959,-0.00898825,-5.44774e-09
18.9,8.5,0,3.74986,-0.00897198,-4.9506e-09
18.9,8.6,0,3.75024,-0.00895338,-1.81119e-08
18.9,8.7,0,3.75059,-0.00892813,-2.85717e-08
18.9,8.8,0,3.75086,-0.00887628,-2.82253e-08
18.9,8.9,0,3.7512,-0.00881262,-1.4277e-08
18.9,9,0,3.75157,-0.00874312,6.41411e-09
18.9,9.1,0,3.75185,-0.00865936,9.51653e-09
18.9,9.2,0,3.75214,-0.00856294,1.55735e-09
18.9,9.3,0,3.7525,-0.00844485,-2.34235e-08
18.9,9.4,0,3.7528,-0.00832639,-3.38955e-08
18.9,9.5,0,3.75305,-0.00820754,-2.98588e-08
18.9,9.6,0,3.75339,-0.00804545,-8.61927e-09
18.9,9.7,0,3.75371,-0.00788408,8.41808e-09
18.9,9.8,0,3.75394,-0.00773479,-1.52016e-09
18.9,9.9,0,3.75423,-0.00755081,-1.07614e-08
18.9,10,0,3.75454,-0.00734545,-1.95728e-08
18.9,10.1,0,3.75477,-0.00716288,-1.09171e-08
18.9,10.2,0,3.755,-0.00696821,-3.75658e-09
18.9,10.3,0,3.75529,-0.00672511,-1.25604e-08
18.9,10.4,0,3.75553,-0.00650065,-2.25309e-08
18.9,10.5,0,3.75572,-0.006299,-3.39273e-08
18.9,10.6,0,3.75597,-0.00602867,-1.26353e-08
18.9,10.7,0,3.75622,-0.00575759,9.54728e-09
18.9,10.8,0,3.75638,-0.00553457,1.36662e-08
18.9,10.9,0,3.75657,-0.00526482,-1.03369e-09
18.9,11,0,3.75679,-0.00495961,-3.00133e-08
18.9,11.1,0,3.75695,-0.00470249,-3.02696e-08
18.9,11.2,0,3.75709,-0.00444213,-1.83992e-08
18.9,11.3,0,3.75726,-0.00411291,2.59567e-09
18.9,11.4,0,3.75737,-0.00381338,6.66722e-09
18.9,11.5,0,3.75737,-0.0035584,-1.46462e-08
18.9,11.6,0,3.7574,-0.00322298,-2.0927e-08
18.9,11.7,0,3.75726,-0.00287943,-2.40244e-08
18.9,11.8,0,3.75387,-0.00261284,-9.85863e-09
18.9,11.9,0,3.75048,-0.00229609,-7.09989e-09
18.9,12,0,3.74708,-0.00193279,-1.49312e-08
18.9,12.1,0,3.68969,-0.00164467,-1.21182e-08
18.9,12.2,0,3.60912,-0.00137321,-3.55374e-09
18.9,12.3,0,3.52846,-0.00102497,1.08785e-08
18.9,12.4,0,3.11299,-0.000728923,1.58508e-08
18.9,12.5,0,2.07573,-0.000529813,3.25493e-09
18.9,12.6,0,1.03793,-0.00027147,5.33209e-10
18.9,12.7,0,0,0,0
19,0,0,0,0,0
19,0.1,0,1.30969,9.18345e-06,-1.065e-10
19,0.2,0,2.61945,3.57612e-05,-3.68014e-09
19,0.3,0,3.36202,8.15957e-05,-7.04474e-09
19,0.4,0,3.53734,0.000138137,-7.47661e-09
19,0.5,0,3.71278,0.000253131,-6.30516e-09
19,0.6,0,3.7259,0.000317338,-4.97055e-09
19,0.7,0,3.73904,0.000422894,-4.08803e-09
19,0.8,0,3.74593,0.000520696,-2.9425e-09
19,0.9,0,3.74656,0.000584668,-1.2569e-09
19,1,0,3.74717,0.000712826,-3.77328e-10
19,1.1,0,3.74714,0.000763677,1.0688e-09
19,1.2,0,3.74708,0.000851517,2.55904e-09
19,1.3,0,3.74701,0.000929136,3.81701e-09
19,1.4,0,3.74693,0.000972973,4.84153e-09
19,1.5,0,3.7468,0.00107114,6.28067e-09
19,1.6,0,3.74672,0.0010976,6.79351e-09
19,1.7,0,3.7466,0.00115328,7.58778e-09
19,1.8,0,3.74647,0.00119769,8.06195e-09
19,1.9,0,3.74637,0.00121194,8.02824e-09
19,2,0,3.74621,0.00126571,8.29688e-09
19,2.1,0,3.7461,0.00125988,7.76859e-09
19,2.2,0,3.74595,0.00127279,6.98451e-09
19,2.3,0,3.7458,0.00127407,6.13135e-09
19,2.4,0,3.74569,0.00125126,5.35144e-09
19,2.5,0,3.74549,0.00124882,3.92796e-09
19,2.6,0,3.74538,0.00120475,2.77328e-09
19,2.7,0,3.74522,0.00116643,1.30542e-09
19,2.8,0,3.74506,0.00111712,-2.33587e-10
19,2.9,0,3.74494,0.0010523,-1.59881e-09
19,3,0,3.74474,0.000984953,-2.83342e-09
19,3.1,0,3.74462,0.000899158,-4.1956e-09
19,3.2,0,3.74446,0.000804171,-4.81044e-09
19,3.3,0,3.74431,0.000699774,-5.37231e-09
19,3.4,0,3.74419,0.000590712,-6.32237e-09
19,3.5,0,3.744,0.000453698,-5.72118e-09
19,3.6,0,3.7439,0.000326223,-5.71589e-09
19,3.7,0,3.74375,0.000173518,-5.11996e-09
19,3.8,0,3.74362,1.39981e-05,-3.79667e-09
19,3.9,0,3.74353,-0.000137621,-2.2349e-09
19,4,0,3.74337,-0.000343938,-1.26959e-09
19,4.1,0,3.7433,-0.000509624,2.2385e-09
19,4.2,0,3.74319,-0.000716548,4.38337e-09
19,4.3,0,3.74309,-0.000926651,8.95584e-09
19,4.4,0,3.74304,-0.00111513,1.666e-08
19,4.5,0,3.74292,-0.00138331,2.02252e-08
19,4.6,0,3.74289,-0.00157978,2.59749e-08
19,4.7,0,3.74284,-0.00183226,2.81209e-08
19,4.8,0,3.7428,-0.00206776,2.05586e-08
19,4.9,0,3.74279,-0.00225073,6.09526e-09
19,5,0,3.74275,-0.00251777,-7.00705e-09
19,5.1,0,3.74274,-0.0028743,-4.83845e-08
19,5.2,0,3.74275,-0.00314254,-5.86017e-08
19,5.3,0,3.74278,-0.00341418,-4.99568e-08
19,5.4,0,3.74283,-0.00368809,-3.31569e-08
19,5.5,0,3.74289,-0.00396273,-1.60763e-08
19,5.6,0,3.74297,-0.00423687,-1.75782e-09
19,5.7,0,3.74306,-0.00450926,8.35198e-09
19,5.8,0,3.74317,-0.00477837,1.28186e-08
19,5.9,0,3.74329,-0.00504334,1.06049e-08
19,6,0,3.74352,-0.00544094,-1.99378e-09
19,6.1,0,3.74364,-0.00560456,-1.0843e-08
19,6.2,0,3.74377,-0.00577575,-1.8883e-08
19,6.3,0,3.74394,-0.0060276,-1.82924e-08
19,6.4,0,3.74411,-0.00623188,-1.31433e-08
19,6.5,0,3.74429,-0.00641055,-5.53964e-09
19,6.6,0,3.74451,-0.00666128,-1.48776e-09
19,6.7,0,3.74474,-0.00690077,-5.73866e-10
19,6.8,0,3.74495,-0.00705359,-4.00489e-09
19,6.9,0,3.74518,-0.00723837,-1.11901e-08
19,7,0,3.74548,-0.00747405,-2.43543e-08
19,7.1,0,3.74571,-0.00760287,-1.93336e-08
19,7.2,0,3.74594,-0.00772839,-1.31786e-08
19,7.3,0,3.74626,-0.00791687,-2.23581e-09
19,7.4,0,3.74654,-0.00804663,9.90501e-10
19,7.5,0,3.74679,-0.00813725,-9.27492e-10
19,7.6,0,3.7471,-0.00826141,-9.0004e-09
19,7.7,0,3.74743,-0.00837999,-1.71383e-08
19,7.8,0,3.74769,-0.00843576,-1.70084e-08
19,7.9,0,3.74799,-0.00850189,-1.6533e-08
19,8,0,3.74836,-0.00858853,-1.53741e-08
19,8.1,0,3.74863,-0.00861508,-1.23058e-08
19,8.2,0,3.7489,-0.00863496,-9.02534e-09
19,8.3,0,3.74928,-0.00866875,-4.97218e-09
19,8.4,0,3.74959,-0.00867512,-2.72765e-09
19,8.5,0,3.74986,-0.00865889,-1.97206e-09
19,8.6,0,3.7502,-0.00864115,-1.00636e-08
19,8.7,0,3.75056,-0.0086159,-2.05234e-08
19,8.8,0,3.75082,-0.00856405,-2.0177e-08
19,8.9,0,3.75112,-0.00850715,-1.40179e-08
19,9,0,3.75149,-0.00843765,6.67325e-09
19,9.1,0,3.75177,-0.00835388,9.77567e-09
19,9.2,0,3.75203,-0.0082676,9.7742e-09
19,9.3,0,3.75238,-0.00815156,-1.36008e-08
19,9.4,0,3.75269,-0.00803309,-2.40729e-08
19,9.5,0,3.75293,-0.00791425,-2.00361e-08
19,9.6,0,3.75324,-0.00776925,-5.59654e-09
19,9.7,0,3.75356,-0.00760788,1.14408e-08
19,9.8,0,3.75379,-0.00745859,1.50257e-09
19,9.9,0,3.75404,-0.00729608,-8.17006e-09
19,10,0,3.75436,-0.00709072,-1.69815e-08
19,10.1,0,3.75459,-0.00690814,-8.3258e-09
19,10.2,0,3.75479,-0.00673126,4.69669e-09
19,10.3,0,3.75507,-0.00649573,-1.61273e-09
19,10.4,0,3.75532,-0.00627128,-1.15832e-08
19,10.5,0,3.7555,-0.00606962,-2.29796e-08
19,10.6,0,3.75573,-0.00582791,-1.5312e-08
19,10.7,0,3.75597,-0.00555684,6.87059e-09
19,10.8,0,3.75613,-0.00533382,1.09895e-08
19,10.9,0,3.75631,-0.00509553,8.96162e-09
19,11,0,3.75653,-0.00479032,-2.00179e-08
19,11.1,0,3.75668,-0.0045332,-2.02742e-08
19,11.2,0,3.75681,-0.00429211,-1.09561e-08
19,11.3,0,3.75698,-0.00397736,8.12045e-09
19,11.4,0,3.75708,-0.00367783,1.2192e-08
19,11.5,0,3.75708,-0.00342286,-9.12147e-09
19,11.6,0,3.7571,-0.00312289,-2.20285e-08
19,11.7,0,3.75696,-0.00277934,-2.51259e-08
19,11.8,0,3.75357,-0.00251275,-1.09601e-08
19,11.9,0,3.75018,-0.00223303,2.20366e-10
19,12,0,3.74678,-0.00186973,-7.61094e-09
19,12.1,0,3.68939,-0.00158161,-4.79797e-09
19,12.2,0,3.60884,-0.00132572,2.57684e-09
19,12.3,0,3.52821,-0.000997264,1.54967e-08
19,12.4,0,3.11274,-0.000701219,2.04691e-08
19,12.5,0,2.07548,-0.000502109,7.87322e-09
19,12.6,0,1.03793,-0.00027147,5.33209e-10
19,12.7,0,0,0,0
19.1,0,0,0,0,0
19.1,0.1,0,1.30969,9.18345e-06,-1.065e-10
19.1,0.2,0,2.61941,2.70641e-05,-1.94657e-09
19.1,0.3,0,3.36198,7.28985e-05,-5.31117e-09
19.1,0.4,0,3.53729,0.000124944,-5.86637e-09
19.1,0.5,0,3.7127,0.000226448,-5.06492e-09
19.1,0.6,0,3.72582,0.000290655,-3.7303e-09
19.1,0.7,0,3.73895,0.000375537,-2.62174e-09
19.1,0.8,0,3.74584,0.000473339,-1.47621e-09
19.1,0.9,0,3.74648,0.000532373,2.71394e-10
19.1,1,0,3.74709,0.00064572,1.33697e-09
19.1,1.1,0,3.74706,0.000696571,2.7831e-09
19.1,1.2,0,3.74701,0.000765916,4.25129e-09
19.1,1.3,0,3.74694,0.000843535,5.50926e-09
19.1,1.4,0,3.74687,0.000883192,6.50188e-09
19.1,1.5,0,3.74675,0.000968825,7.84534e-09
19.1,1.6,0,3.74667,0.000995282,8.35818e-09
19.1,1.7,0,3.74656,0.00103635,9.01174e-09
19.1,1.8,0,3.74644,0.00108076,9.48591e-09
19.1,1.9,0,3.74634,0.00109197,9.42894e-09
19.1,2,0,3.74619,0.00113662,9.6278e-09
19.1,2.1,0,3.74608,0.00113079,9.09951e-09
19.1,2.2,0,3.74596,0.00113433,8.44333e-09
19.1,2.3,0,3.74581,0.00113562,7.59017e-09
19.1,2.4,0,3.7457,0.00111123,6.85977e-09
19.1,2.5,0,3.74553,0.00110409,5.58481e-09
19.1,2.6,0,3.74541,0.00106002,4.43013e-09
19.1,2.7,0,3.74527,0.00101883,3.11886e-09
19.1,2.8,0,3.74512,0.000969513,1.57985e-09
19.1,2.9,0,3.745,0.000904892,2.04577e-10
19.1,3,0,3.74482,0.00083813,-1.06017e-09
19.1,3.1,0,3.74471,0.000752335,-2.42235e-09
19.1,3.2,0,3.74457,0.000661944,-3.41086e-09
19.1,3.3,0,3.74441,0.000557547,-3.97273e-09
19.1,3.4,0,3.74431,0.000450635,-5.04211e-09
19.1,3.5,0,3.74413,0.000320072,-4.7989e-09
19.1,3.6,0,3.74403,0.000192596,-4.79361e-09
19.1,3.7,0,3.74391,5.25063e-05,-4.493e-09
19.1,3.8,0,3.74378,-0.000107013,-3.16972e-09
19.1,3.9,0,3.7437,-0.000254425,-1.56206e-09
19.1,4,0,3.74355,-0.00044812,-4.59111e-10
19.1,4.1,0,3.74348,-0.000613806,3.04898e-09
19.1,4.2,0,3.74339,-0.00080011,5.87546e-09
19.1,4.3,0,3.74329,-0.00101021,1.04479e-08
19.1,4.4,0,3.74324,-0.00119257,1.84704e-08
19.1,4.5,0,3.74314,-0.00144235,2.29908e-08
19.1,4.6,0,3.74312,-0.00163882,2.87405e-08
19.1,4.7,0,3.74308,-0.0018633,3.26884e-08
19.1,4.8,0,3.74304,-0.0020988,2.5126e-08
19.1,4.9,0,3.74303,-0.0022753,1.0558e-08
19.1,5,0,3.743,-0.00252293,-2.85834e-09
19.1,5.1,0,3.743,-0.00286162,-4.5905e-08
19.1,5.2,0,3.74301,-0.00311587,-5.64897e-08
19.1,5.3,0,3.74305,-0.00337313,-4.77131e-08
19.1,5.4,0,3.74309,-0.00363237,-3.02445e-08
19.1,5.5,0,3.74315,-0.0038922,-1.17883e-08
19.1,5.6,0,3.74323,-0.00415151,4.50471e-09
19.1,5.7,0,3.74332,-0.00440915,1.66261e-08
19.1,5.8,0,3.74343,-0.00466378,2.19362e-08
19.1,5.9,0,3.74355,-0.00491456,1.80378e-08
19.1,6,0,3.74376,-0.00529175,-2.07583e-09
19.1,6.1,0,3.74389,-0.00545537,-1.0925e-08
19.1,6.2,0,3.74401,-0.00561899,-1.97742e-08
19.1,6.3,0,3.74416,-0.00584462,-2.19885e-08
19.1,6.4,0,3.74434,-0.0060489,-1.68394e-08
19.1,6.5,0,3.74451,-0.00622757,-9.23579e-09
19.1,6.6,0,3.74471,-0.00644081,-3.33562e-09
19.1,6.7,0,3.74494,-0.00668029,-2.42172e-09
19.1,6.8,0,3.74515,-0.00683311,-5.85275e-09
19.1,6.9,0,3.74535,-0.00698618,-9.31158e-09
19.1,7,0,3.74564,-0.00722185,-2.24757e-08
19.1,7.1,0,3.74587,-0.00735067,-1.74551e-08
19.1,7.2,0,3.7461,-0.00747387,-1.14773e-08
19.1,7.3,0,3.74639,-0.00763968,-2.25815e-09
19.1,7.4,0,3.74667,-0.00776944,9.68155e-10
19.1,7.5,0,3.74692,-0.00786006,-9.49837e-10
19.1,7.6,0,3.74719,-0.00796549,-5.58625e-09
19.1,7.7,0,3.74752,-0.00808408,-1.37242e-08
19.1,7.8,0,3.74778,-0.00813984,-1.35942e-08
19.1,7.9,0,3.74804,-0.00819561,-1.34643e-08
19.1,8,0,3.7484,-0.00828079,-1.23539e-08
19.1,8.1,0,3.74868,-0.00830735,-9.28559e-09
19.1,8.2,0,3.74895,-0.00832723,-6.00513e-09
19.1,8.3,0,3.74928,-0.00835561,-2.25209e-09
19.1,8.4,0,3.7496,-0.00836198,-7.55869e-12
19.1,8.5,0,3.74987,-0.00834575,7.48035e-10
19.1,8.6,0,3.75016,-0.00832892,-2.01536e-09
19.1,8.7,0,3.75052,-0.00830367,-1.24751e-08
19.1,8.8,0,3.75079,-0.00825182,-1.21287e-08
19.1,8.9,0,3.75105,-0.00819996,-1.17824e-08
19.1,9,0,3.75142,-0.00813217,6.93239e-09
19.1,9.1,0,3.75169,-0.00804841,1.00348e-08
19.1,9.2,0,3.75195,-0.00796213,1.00333e-08
19.1,9.3,0,3.75227,-0.00785827,-3.77814e-09
19.1,9.4,0,3.75257,-0.0077398,-1.42502e-08
19.1,9.5,0,3.75282,-0.00762096,-1.02135e-08
19.1,9.6,0,3.75308,-0.00749306,-2.57381e-09
19.1,9.7,0,3.75341,-0.00733169,1.44635e-08
19.1,9.8,0,3.75364,-0.00718239,4.5253e-09
19.1,9.9,0,3.75386,-0.0070331,-5.41294e-09
19.1,10,0,3.75417,-0.00683599,-1.43902e-08
19.1,10.1,0,3.7544,-0.00665341,-5.73448e-09
19.1,10.2,0,3.75461,-0.00647653,7.28801e-09
19.1,10.3,0,3.75485,-0.00626635,9.33497e-09
19.1,10.4,0,3.7551,-0.0060419,-6.35523e-10
19.1,10.5,0,3.75528,-0.00584024,-1.20319e-08
19.1,10.6,0,3.75548,-0.00562716,-1.79887e-08
19.1,10.7,0,3.75573,-0.00535608,4.19391e-09
19.1,10.8,0,3.75589,-0.00513306,8.31286e-09
19.1,10.9,0,3.75605,-0.00491004,1.24318e-08
19.1,11,0,3.75626,-0.00462103,-1.00226e-08
19.1,11.1,0,3.75641,-0.00436391,-1.02789e-08
19.1,11.2,0,3.75654,-0.00412282,-9.60807e-10
19.1,11.3,0,3.75669,-0.00384182,1.36452e-08
19.1,11.4,0,3.7568,-0.00354229,1.77168e-08
19.1,11.5,0,3.7568,-0.00328731,-3.59669e-09
19.1,11.6,0,3.7568,-0.0030228,-2.313e-08
19.1,11.7,0,3.75666,-0.00267926,-2.62274e-08
19.1,11.8,0,3.75327,-0.00241266,-1.20616e-08
19.1,11.9,0,3.74988,-0.00214607,2.1042e-09
19.1,12,0,3.74648,-0.00180667,-2.90682e-10
19.1,12.1,0,3.68909,-0.00151855,2.52229e-09
19.1,12.2,0,3.60854,-0.00126266,9.8971e-09
19.1,12.3,0,3.52795,-0.000969561,2.0115e-08
19.1,12.4,0,3.11248,-0.000673515,2.50874e-08
19.1,12.5,0,2.07522,-0.000474405,1.24915e-08
19.1,12.6,0,1.03793,-0.00027147,5.33209e-10
19.1,12.7,0,0,0,0
19.2,0,0,0,0,0
19.2,0.1,0,1.30969,9.18345e-06,-1.065e-10
19.2,0.2,0,2.61937,1.83669e-05,-2.13e-10
19.2,0.3,0,3.36194,6.42014e-05,-3.5776e-09
19.2,0.4,0,3.53725,0.000116247,-4.1328e-09
19.2,0.5,0,3.71263,0.000199766,-3.82468e-09
19.2,0.6,0,3.72575,0.000263973,-2.49006e-09
19.2,0.7,0,3.73887,0.00032818,-1.15545e-09
19.2,0.8,0,3.74576,0.000425982,-9.9185e-12
19.2,0.9,0,3.74639,0.000485016,1.73768e-09
19.2,1,0,3.74701,0.000578613,3.05127e-09
19.2,1.1,0,3.74698,0.000629464,4.4974e-09
19.2,1.2,0,3.74695,0.000680315,5.94353e-09
19.2,1.3,0,3.74687,0.000757934,7.2015e-09
19.2,1.4,0,3.7468,0.000797591,8.19413e-09
19.2,1.5,0,3.7467,0.000866506,9.41001e-09
19.2,1.6,0,3.74661,0.000892963,9.92285e-09
19.2,1.7,0,3.74653,0.00091942,1.04357e-08
19.2,1.8,0,3.74641,0.000963826,1.09099e-08
19.2,1.9,0,3.74631,0.000975038,1.08529e-08
19.2,2,0,3.74618,0.00100753,1.09587e-08
19.2,2.1,0,3.74607,0.0010017,1.04304e-08
19.2,2.2,0,3.74596,0.000995873,9.90215e-09
19.2,2.3,0,3.74582,0.00099716,9.04899e-09
19.2,2.4,0,3.74571,0.000972776,8.31859e-09
19.2,2.5,0,3.74556,0.000959364,7.24165e-09
19.2,2.6,0,3.74544,0.000915294,6.08697e-09
19.2,2.7,0,3.74533,0.000871225,4.93229e-09
19.2,2.8,0,3.74517,0.000821911,3.39328e-09
19.2,2.9,0,3.74506,0.000757291,2.01801e-09
19.2,3,0,3.7449,0.000691307,7.13071e-10
19.2,3.1,0,3.74479,0.000605511,-6.49104e-10
19.2,3.2,0,3.74468,0.000519716,-2.01128e-09
19.2,3.3,0,3.74452,0.00041532,-2.57315e-09
19.2,3.4,0,3.74442,0.000308408,-3.64253e-09
19.2,3.5,0,3.74426,0.000186445,-3.87662e-09
19.2,3.6,0,3.74417,5.89699e-05,-3.87134e-09
19.2,3.7,0,3.74407,-6.85052e-05,-3.86605e-09
19.2,3.8,0,3.74394,-0.000228025,-2.54276e-09
19.2,3.9,0,3.74386,-0.000375437,-9.35109e-10
19.2,4,0,3.74373,-0.000552301,3.51371e-10
19.2,4.1,0,3.74366,-0.000717987,3.85946e-09
19.2,4.2,0,3.74359,-0.000883673,7.36755e-09
19.2,4.3,0,3.7435,-0.00109378,1.194e-08
19.2,4.4,0,3.74345,-0.00127613,1.99625e-08
19.2,4.5,0,3.74337,-0.00150139,2.57564e-08
19.2,4.6,0,3.74334,-0.00169786,3.15061e-08
19.2,4.7,0,3.74332,-0.00189434,3.72559e-08
19.2,4.8,0,3.74327,-0.00212983,2.96935e-08
19.2,4.9,0,3.74327,-0.00230633,1.51255e-08
19.2,5,0,3.74325,-0.0025281,1.29036e-09
19.2,5.1,0,3.74325,-0.00284894,-4.34256e-08
19.2,5.2,0,3.74328,-0.0030892,-5.43776e-08
19.2,5.3,0,3.74331,-0.00333208,-4.54695e-08
19.2,5.4,0,3.74336,-0.00357665,-2.73322e-08
19.2,5.5,0,3.74342,-0.00382167,-7.50021e-09
19.2,5.6,0,3.74349,-0.00406615,1.07673e-08
19.2,5.7,0,3.74358,-0.00430905,2.49002e-08
19.2,5.8,0,3.74369,-0.00454918,3.10538e-08
19.2,5.9,0,3.7438,-0.00478577,2.54708e-08
19.2,6,0,3.74401,-0.00514255,-2.15788e-09
19.2,6.1,0,3.74413,-0.00530617,-1.1007e-08
19.2,6.2,0,3.74425,-0.00546979,-1.98562e-08
19.2,6.3,0,3.74439,-0.00566165,-2.56847e-08
19.2,6.4,0,3.74456,-0.00586593,-2.05356e-08
19.2,6.5,0,3.74474,-0.0060446,-1.29319e-08
19.2,6.6,0,3.74491,-0.00622327,-5.32831e-09
19.2,6.7,0,3.74514,-0.00645981,-4.26958e-09
19.2,6.8,0,3.74535,-0.00661264,-7.70061e-09
19.2,6.9,0,3.74555,-0.00676546,-1.11316e-08
19.2,7,0,3.74581,-0.00696966,-2.05972e-08
19.2,7.1,0,3.74604,-0.00709848,-1.55765e-08
19.2,7.2,0,3.74627,-0.00722167,-9.5988e-09
19.2,7.3,0,3.74652,-0.00736249,-2.2805e-09
19.2,7.4,0,3.7468,-0.00749225,9.45809e-10
19.2,7.5,0,3.74705,-0.00758286,-9.72183e-10
19.2,7.6,0,3.74729,-0.00767348,-2.89018e-09
19.2,7.7,0,3.74761,-0.00778816,-1.031e-08
19.2,7.8,0,3.74787,-0.00784392,-1.01801e-08
19.2,7.9,0,3.74813,-0.00789969,-1.00501e-08
19.2,8,0,3.74845,-0.00797305,-9.33368e-09
19.2,8.1,0,3.74873,-0.00799961,-6.26538e-09
19.2,8.2,0,3.749,-0.00801949,-2.98492e-09
19.2,8.3,0,3.74929,-0.00804248,4.67995e-10
19.2,8.4,0,3.7496,-0.00804884,2.71253e-09
19.2,8.5,0,3.74987,-0.00803261,3.46812e-09
19.2,8.6,0,3.75014,-0.00801638,4.22372e-09
19.2,8.7,0,3.75048,-0.00799144,-4.42685e-09
19.2,8.8,0,3.75075,-0.00793958,-4.08048e-09
19.2,8.9,0,3.75102,-0.00788773,-3.7341e-09
19.2,9,0,3.75134,-0.0078267,7.19154e-09
19.2,9.1,0,3.75161,-0.00774294,1.0294e-08
19.2,9.2,0,3.75187,-0.00765666,1.02925e-08
19.2,9.3,0,3.75215,-0.00756497,6.04452e-09
19.2,9.4,0,3.75245,-0.00744651,-4.42753e-09
19.2,9.5,0,3.7527,-0.00732766,-3.90817e-10
19.2,9.6,0,3.75295,-0.00720882,3.6459e-09
19.2,9.7,0,3.75325,-0.00705549,1.74863e-08
19.2,9.8,0,3.75348,-0.0069062,7.54803e-09
19.2,9.9,0,3.75371,-0.0067569,-2.39021e-09
19.2,10,0,3.75398,-0.00658126,-1.17988e-08
19.2,10.1,0,3.75421,-0.00639868,-3.14315e-09
19.2,10.2,0,3.75442,-0.0062218,9.87934e-09
19.2,10.3,0,3.75464,-0.00603697,2.02827e-08
19.2,10.4,0,3.75488,-0.00581252,1.03122e-08
19.2,10.5,0,3.75507,-0.00561086,-1.08421e-09
19.2,10.6,0,3.75525,-0.00540921,-1.24806e-08
19.2,10.7,0,3.75548,-0.00515533,1.51723e-09
19.2,10.8,0,3.75564,-0.00493231,5.63618e-09
19.2,10.9,0,3.7558,-0.00470929,9.75512e-09
19.2,11,0,3.75599,-0.00445175,-2.73026e-11
19.2,11.1,0,3.75614,-0.00419462,-2.83606e-10
19.2,11.2,0,3.75627,-0.00395353,9.03451e-09
19.2,11.3,0,3.75641,-0.00370627,1.917e-08
19.2,11.4,0,3.75651,-0.00340674,2.32416e-08
19.2,11.5,0,3.75651,-0.00315176,1.92809e-09
19.2,11.6,0,3.75651,-0.00289678,-1.93854e-08
19.2,11.7,0,3.75636,-0.00257917,-2.73289e-08
19.2,11.8,0,3.75297,-0.00231258,-1.31631e-08
19.2,11.9,0,3.74958,-0.00204599,1.0027e-09
19.2,12,0,3.74618,-0.00174361,7.02958e-09
19.2,12.1,0,3.68879,-0.00145549,9.84255e-09
19.2,12.2,0,3.60824,-0.0011996,1.72174e-08
19.2,12.3,0,3.5277,-0.000941857,2.47333e-08
19.2,12.4,0,3.11223,-0.000645811,2.97057e-08
19.2,12.5,0,2.07497,-0.000446701,1.71098e-08
19.2,12.6,0,1.03771,-0.000247591,4.5139e-09
19.2,12.7,0,0,0,0
19.3,0,0,0,0,0
19.3,0.1,0,1.30969,9.18345e-06,-1.065e-10
19.3,0.2,0,2.61937,1.83669e-05,-2.13e-10
19.3,0.3,0,3.3619,5.55042e-05,-1.84403e-09
19.3,0.4,0,3.53721,0.00010755,-2.39923e-09
19.3,0.5,0,3.71255,0.000173084,-2.58443e-09
19.3,0.6,0,3.72567,0.000237291,-1.24982e-09
19.3,0.7,0,3.73879,0.000301498,8.47979e-11
19.3,0.8,0,3.74567,0.000378625,1.45637e-09
19.3,0.9,0,3.74631,0.000437659,3.20397e-09
19.3,1,0,3.74694,0.000511506,4.76557e-09
19.3,1.1,0,3.7469,0.000562357,6.2117e-09
19.3,1.2,0,3.74687,0.000613208,7.65783e-09
19.3,1.3,0,3.74681,0.000672333,8.89375e-09
19.3,1.4,0,3.74673,0.00071199,9.88638e-09
19.3,1.5,0,3.74665,0.000764186,1.09747e-08
19.3,1.6,0,3.74656,0.000790643,1.14875e-08
19.3,1.7,0,3.74648,0.0008171,1.20004e-08
19.3,1.8,0,3.74637,0.000846894,1.23338e-08
19.3,1.9,0,3.74627,0.000858106,1.22769e-08
19.3,2,0,3.74616,0.000878437,1.22897e-08
19.3,2.1,0,3.74606,0.00087261,1.17614e-08
19.3,2.2,0,3.74595,0.000866783,1.12331e-08
19.3,2.3,0,3.74582,0.000858703,1.05078e-08
19.3,2.4,0,3.74571,0.000834319,9.77741e-09
19.3,2.5,0,3.74559,0.000814638,8.89849e-09
19.3,2.6,0,3.74547,0.000770568,7.74381e-09
19.3,2.7,0,3.74536,0.000726498,6.58913e-09
19.3,2.8,0,3.74523,0.00067431,5.20672e-09
19.3,2.9,0,3.74511,0.000609689,3.83145e-09
19.3,3,0,3.74498,0.000544483,2.48632e-09
19.3,3.1,0,3.74487,0.000458688,1.12414e-09
19.3,3.2,0,3.74476,0.000372893,-2.38033e-10
19.3,3.3,0,3.74463,0.000273093,-1.17356e-09
19.3,3.4,0,3.74452,0.000166181,-2.24294e-09
19.3,3.5,0,3.7444,5.28186e-05,-2.95434e-09
19.3,3.6,0,3.7443,-7.46565e-05,-2.94906e-09
19.3,3.7,0,3.74421,-0.000202132,-2.94377e-09
19.3,3.8,0,3.7441,-0.000349036,-1.91581e-09
19.3,3.9,0,3.74401,-0.000496448,-3.08157e-10
19.3,4,0,3.74391,-0.000656483,1.16185e-09
19.3,4.1,0,3.74385,-0.000822169,4.66994e-09
19.3,4.2,0,3.74378,-0.000987854,8.17803e-09
19.3,4.3,0,3.7437,-0.00117734,1.34321e-08
19.3,4.4,0,3.74365,-0.00135969,2.14546e-08
19.3,4.5,0,3.74359,-0.00156044,2.8522e-08
19.3,4.6,0,3.74356,-0.00175691,3.42717e-08
19.3,4.7,0,3.74354,-0.00195338,4.00215e-08
19.3,4.8,0,3.74351,-0.00216087,3.4261e-08
19.3,4.9,0,3.74351,-0.00233737,1.9693e-08
19.3,5,0,3.7435,-0.00253327,5.43907e-09
19.3,5.1,0,3.74351,-0.00283626,-4.09461e-08
19.3,5.2,0,3.74354,-0.00306253,-5.22656e-08
19.3,5.3,0,3.74357,-0.00329103,-4.32258e-08
19.3,5.4,0,3.74362,-0.00352093,-2.44199e-08
19.3,5.5,0,3.74368,-0.00375114,-3.21217e-09
19.3,5.6,0,3.74376,-0.00398078,1.70298e-08
19.3,5.7,0,3.74385,-0.00420894,3.31743e-08
19.3,5.8,0,3.74395,-0.00443458,4.01713e-08
19.3,5.9,0,3.74405,-0.00465699,3.29037e-08
19.3,6,0,3.74425,-0.00499335,-2.23992e-09
19.3,6.1,0,3.74437,-0.00515698,-1.10891e-08
19.3,6.2,0,3.7445,-0.0053206,-1.99383e-08
19.3,6.3,0,3.74462,-0.00548422,-2.87874e-08
19.3,6.4,0,3.74479,-0.00568296,-2.42317e-08
19.3,6.5,0,3.74496,-0.00586162,-1.66281e-08
19.3,6.6,0,3.74514,-0.00604029,-9.02446e-09
19.3,6.7,0,3.74534,-0.00623934,-6.11744e-09
19.3,6.8,0,3.74555,-0.00639216,-9.54847e-09
19.3,6.9,0,3.74575,-0.00654499,-1.29795e-08
19.3,7,0,3.74598,-0.00671746,-1.87187e-08
19.3,7.1,0,3.74621,-0.00684628,-1.3698e-08
19.3,7.2,0,3.74643,-0.00696947,-7.72026e-09
19.3,7.3,0,3.74666,-0.00709266,-1.74251e-09
19.3,7.4,0,3.74693,-0.00721506,9.23464e-10
19.3,7.5,0,3.74718,-0.00730567,-9.94529e-10
19.3,7.6,0,3.74742,-0.00739629,-2.91252e-09
19.3,7.7,0,3.7477,-0.00749224,-6.8959e-09
19.3,7.8,0,3.74796,-0.00754801,-6.76594e-09
19.3,7.9,0,3.74822,-0.00760377,-6.63599e-09
19.3,8,0,3.7485,-0.00766532,-6.31347e-09
19.3,8.1,0,3.74878,-0.00769187,-3.24517e-09
19.3,8.2,0,3.74904,-0.00771176,3.52895e-11
19.3,8.3,0,3.74931,-0.00773164,3.31575e-09
19.3,8.4,0,3.74961,-0.00773571,5.43262e-09
19.3,8.5,0,3.74988,-0.00771947,6.18821e-09
19.3,8.6,0,3.75015,-0.00770324,6.94381e-09
19.3,8.7,0,3.75045,-0.00767921,3.62142e-09
19.3,8.8,0,3.75071,-0.00762735,3.96779e-09
19.3,8.9,0,3.75098,-0.0075755,4.31417e-09
19.3,9,0,3.75126,-0.00752123,7.45068e-09
19.3,9.1,0,3.75154,-0.00743747,1.05531e-08
19.3,9.2,0,3.75179,-0.00735119,1.05516e-08
19.3,9.3,0,3.75205,-0.00726491,1.05502e-08
19.3,9.4,0,3.75234,-0.00715321,5.39513e-09
19.3,9.5,0,3.75258,-0.00703437,9.43185e-09
19.3,9.6,0,3.75283,-0.00691553,1.34686e-08
19.3,9.7,0,3.7531,-0.0067793,2.0509e-08
19.3,9.8,0,3.75333,-0.00663,1.05708e-08
19.3,9.9,0,3.75356,-0.00648071,6.32522e-10
19.3,10,0,3.75379,-0.00632653,-9.20752e-09
19.3,10.1,0,3.75402,-0.00614395,-5.51818e-10
19.3,10.2,0,3.75423,-0.00596707,1.24707e-08
19.3,10.3,0,3.75444,-0.00579019,2.54932e-08
19.3,10.4,0,3.75466,-0.00558314,2.12599e-08
19.3,10.5,0,3.75485,-0.00538149,9.86349e-09
19.3,10.6,0,3.75503,-0.00517983,-1.53289e-09
19.3,10.7,0,3.75524,-0.00495457,-1.15946e-09
19.3,10.8,0,3.7554,-0.00473155,2.95949e-09
19.3,10.9,0,3.75556,-0.00450853,7.07844e-09
19.3,11,0,3.75572,-0.00428246,9.96801e-09
19.3,11.1,0,3.75588,-0.00402534,9.71171e-09
19.3,11.2,0,3.75601,-0.00378424,1.90298e-08
19.3,11.3,0,3.75614,-0.00354315,2.83479e-08
19.3,11.4,0,3.75623,-0.0032712,2.87663e-08
19.3,11.5,0,3.75622,-0.00301622,7.45286e-09
19.3,11.6,0,3.75622,-0.00276124,-1.38606e-08
19.3,11.7,0,3.75606,-0.00247908,-2.84304e-08
19.3,11.8,0,3.75267,-0.00221249,-1.42646e-08
19.3,11.9,0,3.74928,-0.0019459,-9.87906e-11
19.3,12,0,3.74588,-0.00167931,1.4067e-08
19.3,12.1,0,3.68849,-0.00139244,1.71628e-08
19.3,12.2,0,3.60794,-0.00113654,2.45376e-08
19.3,12.3,0,3.5274,-0.000880645,3.19124e-08
19.3,12.4,0,3.11197,-0.000618107,3.4324e-08
19.3,12.5,0,2.07471,-0.000418998,2.17281e-08
19.3,12.6,0,1.03745,-0.000219888,9.13218e-09
19.3,12.7,0,0,0,0
19.4,0,0,0,0,0
19.4,0.1,0,1.30968,8.03143e-06,1.23136e-10
19.4,0.2,0,2.61937,1.72149e-05,1.66357e-11
19.4,0.3,0,3.36186,4.52186e-05,-3.50618e-10
19.4,0.4,0,3.53717,9.7264e-05,-9.05818e-10
19.4,0.5,0,3.71248,0.000149309,-1.46102e-09
19.4,0.6,0,3.7256,0.00021049,-3.21606e-10
19.4,0.7,0,3.73872,0.000274697,1.01301e-09
19.4,0.8,0,3.7456,0.000333442,2.3263e-09
19.4,0.9,0,3.74623,0.000392477,4.07391e-09
19.4,1,0,3.74687,0.000451511,5.82151e-09
19.4,1.1,0,3.74684,0.000499697,7.00898e-09
19.4,1.2,0,3.7468,0.000550548,8.45512e-09
19.4,1.3,0,3.74675,0.000593437,9.46756e-09
19.4,1.4,0,3.74668,0.000633094,1.04602e-08
19.4,1.5,0,3.74661,0.000672751,1.14528e-08
19.4,1.6,0,3.74652,0.000697196,1.18439e-08
19.4,1.7,0,3.74644,0.000723653,1.23567e-08
19.4,1.8,0,3.74635,0.000740883,1.25703e-08
19.4,1.9,0,3.74625,0.000752095,1.25133e-08
19.4,2,0,3.74615,0.000763307,1.24563e-08
19.4,2.1,0,3.74605,0.000756338,1.2023e-08
19.4,2.2,0,3.74594,0.000750511,1.14948e-08
19.4,2.3,0,3.74584,0.000734772,1.10192e-08
19.4,2.4,0,3.74573,0.000710388,1.02888e-08
19.4,2.5,0,3.74562,0.000686004,9.55842e-09
19.4,2.6,0,3.74551,0.000641847,8.58595e-09
19.4,2.7,0,3.7454,0.000597777,7.43127e-09
19.4,2.8,0,3.74529,0.000543926,6.32802e-09
19.4,2.9,0,3.74517,0.000479305,4.95275e-09
19.4,3,0,3.74506,0.000414684,3.57748e-09
19.4,3.1,0,3.74495,0.00032999,2.32445e-09
19.4,3.2,0,3.74484,0.000244195,9.62278e-10
19.4,3.3,0,3.74473,0.00014956,-2.01319e-10
19.4,3.4,0,3.74463,4.26477e-05,-1.2707e-09
19.4,3.5,0,3.74452,-6.42641e-05,-2.34008e-09
19.4,3.6,0,3.74443,-0.000189413,-2.34806e-09
19.4,3.7,0,3.74433,-0.000316888,-2.34277e-09
19.4,3.8,0,3.74425,-0.000451395,-1.59363e-09
19.4,3.9,0,3.74417,-0.000598807,1.40255e-11
19.4,4,0,3.74408,-0.000746219,1.62168e-09
19.4,4.1,0,3.74402,-0.000908395,5.032e-09
19.4,4.2,0,3.74395,-0.00107408,8.54009e-09
19.4,4.3,0,3.74389,-0.00124404,1.40888e-08
19.4,4.4,0,3.74384,-0.0014264,2.21113e-08
19.4,4.5,0,3.7438,-0.00160875,3.01337e-08
19.4,4.6,0,3.74377,-0.00180068,3.58707e-08
19.4,4.7,0,3.74375,-0.00199715,4.16205e-08
19.4,4.8,0,3.74373,-0.00217946,3.78706e-08
19.4,4.9,0,3.74373,-0.00235596,2.33026e-08
19.4,5,0,3.74373,-0.00253246,8.73465e-09
19.4,5.1,0,3.74375,-0.00281926,-3.81951e-08
19.4,5.2,0,3.74377,-0.00303293,-4.95876e-08
19.4,5.3,0,3.74381,-0.00324849,-4.0577e-08
19.4,5.4,0,3.74386,-0.00346519,-2.15399e-08
19.4,5.5,0,3.74392,-0.0036821,4.2517e-10
19.4,5.6,0,3.744,-0.00389841,2.19234e-08
19.4,5.7,0,3.74408,-0.00411332,3.94305e-08
19.4,5.8,0,3.74418,-0.00432591,4.70006e-08
19.4,5.9,0,3.74429,-0.00453553,3.84952e-08
19.4,6,0,3.74448,-0.00485336,-2.05561e-09
19.4,6.1,0,3.74459,-0.00501147,-1.0821e-08
19.4,6.2,0,3.74472,-0.00517509,-1.96702e-08
19.4,6.3,0,3.74484,-0.00533871,-2.85193e-08
19.4,6.4,0,3.74499,-0.00550605,-2.68997e-08
19.4,6.5,0,3.74517,-0.00568471,-1.92961e-08
19.4,6.6,0,3.74534,-0.00586338,-1.16924e-08
19.4,6.7,0,3.74552,-0.00602908,-6.67625e-09
19.4,6.8,0,3.74572,-0.00618191,-1.01073e-08
19.4,6.9,0,3.74593,-0.00633473,-1.35383e-08
19.4,7,0,3.74613,-0.00648756,-1.69693e-08
19.4,7.1,0,3.74635,-0.00660798,-1.25451e-08
19.4,7.2,0,3.74658,-0.00673117,-6.56734e-09
19.4,7.3,0,3.74681,-0.00685437,-5.89585e-10
19.4,7.4,0,3.74704,-0.00695479,2.09019e-09
19.4,7.5,0,3.74729,-0.0070454,1.72198e-10
19.4,7.6,0,3.74753,-0.00713602,-1.74579e-09
19.4,7.7,0,3.74778,-0.00721578,-4.5406e-09
19.4,7.8,0,3.74804,-0.00727154,-4.41064e-09
19.4,7.9,0,3.74829,-0.00732731,-4.28069e-09
19.4,8,0,3.74855,-0.00738308,-4.15073e-09
19.4,8.1,0,3.74881,-0.00740549,8.22406e-11
19.4,8.2,0,3.74908,-0.00742537,3.3627e-09
19.4,8.3,0,3.74934,-0.00744526,6.64316e-09
19.4,8.4,0,3.74961,-0.00744528,7.50277e-09
19.4,8.5,0,3.74987,-0.00742904,8.25837e-09
19.4,8.6,0,3.75014,-0.00741281,9.01396e-09
19.4,8.7,0,3.7504,-0.00739049,9.43344e-09
19.4,8.8,0,3.75067,-0.00733864,9.77982e-09
19.4,8.9,0,3.75094,-0.00728679,1.01262e-08
19.4,9,0,3.7512,-0.00723494,1.04726e-08
19.4,9.1,0,3.75146,-0.00715583,1.19109e-08
19.4,9.2,0,3.75171,-0.00706955,1.19095e-08
19.4,9.3,0,3.75197,-0.00698327,1.1908e-08
19.4,9.4,0,3.75222,-0.0068836,1.10927e-08
19.4,9.5,0,3.75247,-0.00676476,1.51294e-08
19.4,9.6,0,3.75271,-0.00664592,1.91661e-08
19.4,9.7,0,3.75295,-0.00652624,2.45947e-08
19.4,9.8,0,3.75318,-0.00637695,1.46565e-08
19.4,9.9,0,3.75341,-0.00622765,4.71824e-09
19.4,10,0,3.75363,-0.00607836,-5.22e-09
19.4,10.1,0,3.75384,-0.00591144,1.17092e-10
19.4,10.2,0,3.75405,-0.00573455,1.31396e-08
19.4,10.3,0,3.75426,-0.00555767,2.61621e-08
19.4,10.4,0,3.75445,-0.00537474,3.00768e-08
19.4,10.5,0,3.75464,-0.00517308,1.86804e-08
19.4,10.6,0,3.75482,-0.00497143,7.28401e-09
19.4,10.7,0,3.755,-0.00477327,-2.68581e-09
19.4,10.8,0,3.75517,-0.00455025,1.43314e-09
19.4,10.9,0,3.75533,-0.00432723,5.55209e-09
19.4,11,0,3.75549,-0.00410421,9.67103e-09
19.4,11.1,0,3.75562,-0.00387373,1.58415e-08
19.4,11.2,0,3.75575,-0.00363264,2.51596e-08
19.4,11.3,0,3.75588,-0.00339154,3.44777e-08
19.4,11.4,0,3.75596,-0.00315134,3.47625e-08
19.4,11.5,0,3.75596,-0.00289636,1.3449e-08
19.4,11.6,0,3.75595,-0.00264138,-7.86443e-09
19.4,11.7,0,3.75578,-0.00238933,-2.87255e-08
19.4,11.8,0,3.75239,-0.00212596,-1.5768e-08
19.4,11.9,0,3.749,-0.00185936,-1.6022e-09
19.4,12,0,3.74561,-0.00159277,1.25636e-08
19.4,12.1,0,3.68821,-0.00134013,2.18125e-08
19.4,12.2,0,3.60767,-0.00108423,2.91873e-08
19.4,12.3,0,3.52713,-0.000828337,3.65621e-08
19.4,12.4,0,3.11178,-0.00059733,3.77877e-08
19.4,12.5,0,2.07452,-0.00039822,2.51918e-08
19.4,12.6,0,1.03726,-0.00019911,1.25959e-08
19.4,12.7,0,0,0,0
19.5,0,0,0,0,0
19.5,0.1,0,1.30967,3.42336e-06,1.04168e-09
19.5,0.2,0,2.61936,1.26068e-05,9.35179e-10
19.5,0.3,0,3.36183,3.01679e-05,4.22311e-10
19.5,0.4,0,3.53714,8.22133e-05,-1.32889e-10
19.5,0.5,0,3.71245,0.000134259,-6.88089e-10
19.5,0.6,0,3.72557,0.000183335,-3.29492e-10
19.5,0.7,0,3.73869,0.000247542,1.00512e-09
19.5,0.8,0,3.74557,0.000294784,1.40716e-09
19.5,0.9,0,3.7462,0.000353818,3.15476e-09
19.5,1,0,3.74684,0.000412853,4.90236e-09
19.5,1.1,0,3.74682,0.000450378,5.05522e-09
19.5,1.2,0,3.74678,0.000501229,6.50135e-09
19.5,1.3,0,3.74674,0.000534658,6.68606e-09
19.5,1.4,0,3.74667,0.000574315,7.67868e-09
19.5,1.5,0,3.74659,0.000613972,8.67131e-09
19.5,1.6,0,3.74652,0.000630366,8.5754e-09
19.5,1.7,0,3.74644,0.000656823,9.08824e-09
19.5,1.8,0,3.74636,0.000667634,9.24431e-09
19.5,1.9,0,3.74626,0.000678846,9.18734e-09
19.5,2,0,3.74616,0.000690058,9.13036e-09
19.5,2.1,0,3.74607,0.00067852,9.07699e-09
19.5,2.2,0,3.74597,0.000672693,8.5487e-09
19.5,2.3,0,3.74588,0.000654416,8.68842e-09
19.5,2.4,0,3.74577,0.000630032,7.95802e-09
19.5,2.5,0,3.74566,0.000605649,7.22762e-09
19.5,2.6,0,3.74556,0.000561143,6.98397e-09
19.5,2.7,0,3.74545,0.000517073,5.82929e-09
19.5,2.8,0,3.74535,0.000465199,5.37293e-09
19.5,2.9,0,3.74524,0.000400578,3.99766e-09
19.5,3,0,3.74513,0.000335957,2.62239e-09
19.5,3.1,0,3.74504,0.000255667,1.80596e-09
19.5,3.2,0,3.74492,0.000169872,4.43785e-10
19.5,3.3,0,3.74484,8.21082e-05,-5.11089e-10
19.5,3.4,0,3.74473,-2.48036e-05,-1.58047e-09
19.5,3.5,0,3.74462,-0.000131715,-2.64985e-09
19.5,3.6,0,3.74455,-0.000247558,-2.71089e-09
19.5,3.7,0,3.74445,-0.000375033,-2.7056e-09
19.5,3.8,0,3.74438,-0.000497796,-2.18576e-09
19.5,3.9,0,3.74429,-0.000645208,-5.78105e-10
19.5,4,0,3.74421,-0.00079262,1.02955e-09
19.5,4.1,0,3.74416,-0.000940756,4.04879e-09
19.5,4.2,0,3.74409,-0.00110644,7.55688e-09
19.5,4.3,0,3.74405,-0.00126017,1.22391e-08
19.5,4.4,0,3.744,-0.00144252,2.02616e-08
19.5,4.5,0,3.74395,-0.00162488,2.8284e-08
19.5,4.6,0,3.74393,-0.00179866,3.39699e-08
19.5,4.7,0,3.74391,-0.00199513,3.97196e-08
19.5,4.8,0,3.7439,-0.00216074,3.86068e-08
19.5,4.9,0,3.7439,-0.00233724,2.40388e-08
19.5,5,0,3.74389,-0.00251374,9.47085e-09
19.5,5.1,0,3.74391,-0.00278934,-3.46291e-08
19.5,5.2,0,3.74394,-0.00299452,-4.52121e-08
19.5,5.3,0,3.74398,-0.00320145,-3.67125e-08
19.5,5.4,0,3.74403,-0.00340941,-1.87571e-08
19.5,5.5,0,3.74409,-0.00361751,2.1104e-09
19.5,5.6,0,3.74417,-0.003825,2.27104e-08
19.5,5.7,0,3.74425,-0.00403112,3.96326e-08
19.5,5.8,0,3.74435,-0.00423501,4.69647e-08
19.5,5.9,0,3.74445,-0.00443604,3.85621e-08
19.5,6,0,3.74463,-0.00474095,-1.07219e-09
19.5,6.1,0,3.74474,-0.00487702,-9.50242e-09
19.5,6.2,0,3.74486,-0.00504064,-1.83516e-08
19.5,6.3,0,3.74498,-0.00520426,-2.72008e-08
19.5,6.4,0,3.74512,-0.00534733,-2.64832e-08
19.5,6.5,0,3.74529,-0.005526,-1.88795e-08
19.5,6.6,0,3.74547,-0.00570467,-1.12759e-08
19.5,6.7,0,3.74564,-0.00585923,-4.71669e-09
19.5,6.8,0,3.74583,-0.00600232,-6.79893e-09
19.5,6.9,0,3.74603,-0.00615514,-1.023e-08
19.5,7,0,3.74624,-0.00630797,-1.3661e-08
19.5,7.1,0,3.74643,-0.00641139,-1.3569e-08
19.5,7.2,0,3.74666,-0.00653458,-7.59128e-09
19.5,7.3,0,3.74689,-0.00665777,-1.61353e-09
19.5,7.4,0,3.7471,-0.00674529,6.82413e-09
19.5,7.5,0,3.74734,-0.0068359,4.90614e-09
19.5,7.6,0,3.74759,-0.00692652,2.98815e-09
19.5,7.7,0,3.74782,-0.00700281,-2.04532e-09
19.5,7.8,0,3.74806,-0.00705345,-5.23189e-09
19.5,7.9,0,3.74832,-0.00710922,-5.10194e-09
19.5,8,0,3.74858,-0.00716498,-4.97198e-09
19.5,8.1,0,3.74881,-0.00718318,4.33125e-09
19.5,8.2,0,3.74908,-0.00720306,7.61171e-09
19.5,8.3,0,3.74934,-0.00722294,1.08922e-08
19.5,8.4,0,3.74957,-0.00722297,7.62311e-09
19.5,8.5,0,3.74984,-0.00720674,8.3787e-09
19.5,8.6,0,3.75011,-0.00719051,9.1343e-09
19.5,8.7,0,3.75036,-0.00716932,9.27674e-09
19.5,8.8,0,3.75061,-0.00712048,8.88309e-09
19.5,8.9,0,3.75088,-0.00706863,9.22947e-09
19.5,9,0,3.75114,-0.00701678,9.57584e-09
19.5,9.1,0,3.75137,-0.00694569,1.65649e-08
19.5,9.2,0,3.75163,-0.00685942,1.65634e-08
19.5,9.3,0,3.75189,-0.00677314,1.6562e-08
19.5,9.4,0,3.75211,-0.00668505,4.41502e-09
19.5,9.5,0,3.75235,-0.00656621,8.45174e-09
19.5,9.6,0,3.7526,-0.00644737,1.24885e-08
19.5,9.7,0,3.75283,-0.0063298,1.98953e-08
19.5,9.8,0,3.75304,-0.00619331,2.19312e-08
19.5,9.9,0,3.75327,-0.00604401,1.19929e-08
19.5,10,0,3.7535,-0.00589472,2.05468e-09
19.5,10.1,0,3.75368,-0.00574557,-4.98125e-09
19.5,10.2,0,3.75389,-0.00556869,8.04124e-09
19.5,10.3,0,3.7541,-0.00539181,2.10637e-08
19.5,10.4,0,3.75427,-0.00522773,3.19399e-08
19.5,10.5,0,3.75446,-0.00502759,2.11049e-08
19.5,10.6,0,3.75465,-0.00482594,9.70852e-09
19.5,10.7,0,3.75482,-0.00462804,-2.66899e-10
19.5,10.8,0,3.75497,-0.00442732,3.35777e-09
19.5,10.9,0,3.75513,-0.00420429,7.47672e-09
19.5,11,0,3.75529,-0.00398127,1.15957e-08
19.5,11.1,0,3.75541,-0.00377516,1.03745e-08
19.5,11.2,0,3.75554,-0.00353407,1.96926e-08
19.5,11.3,0,3.75567,-0.00329297,2.90107e-08
19.5,11.4,0,3.75574,-0.00307324,3.95301e-08
19.5,11.5,0,3.75574,-0.00282355,2.08594e-08
19.5,11.6,0,3.75573,-0.00256857,-4.54059e-10
19.5,11.7,0,3.75556,-0.00231653,-2.13151e-08
19.5,11.8,0,3.75217,-0.00208007,-1.84772e-08
19.5,11.9,0,3.74878,-0.00181348,-4.31138e-09
19.5,12,0,3.74538,-0.00154688,9.85443e-09
19.5,12.1,0,3.68803,-0.00132008,1.84505e-08
19.5,12.2,0,3.60748,-0.00106418,2.58253e-08
19.5,12.3,0,3.52694,-0.000808285,3.32001e-08
19.5,12.4,0,3.11172,-0.000590596,3.66587e-08
19.5,12.5,0,2.07452,-0.00039822,2.51918e-08
19.5,12.6,0,1.03726,-0.00019911,1.25959e-08
19.5,12.7,0,0,0,0
19.6,0,0,0,0,0
19.6,0.1,0,1.30967,-1.18472e-06,1.96022e-09
19.6,0.2,0,2.61935,7.99873e-06,1.85372e-09
19.6,0.3,0,3.36181,2.03384e-05,1.26805e-09
19.6,0.4,0,3.53711,6.71625e-05,6.40039e-10
19.6,0.5,0,3.71242,0.000119208,8.48393e-11
19.6,0.6,0,3.72553,0.00015618,-3.37378e-10
19.6,0.7,0,3.73865,0.000220387,9.97237e-10
19.6,0.8,0,3.74554,0.000261877,9.43644e-10
19.6,0.9,0,3.74618,0.00031516,2.23562e-09
19.6,1,0,3.74681,0.000374194,3.98322e-09
19.6,1.1,0,3.74679,0.000401058,3.10146e-09
19.6,1.2,0,3.74676,0.000451909,4.54759e-09
19.6,1.3,0,3.74672,0.000480608,4.31843e-09
19.6,1.4,0,3.74665,0.000515535,4.89718e-09
19.6,1.5,0,3.74658,0.000555192,5.88981e-09
19.6,1.6,0,3.74652,0.000563536,5.30691e-09
19.6,1.7,0,3.74643,0.000589993,5.81975e-09
19.6,1.8,0,3.74636,0.000597594,5.94707e-09
19.6,1.9,0,3.74627,0.000605597,5.86135e-09
19.6,2,0,3.74617,0.000616809,5.80437e-09
19.6,2.1,0,3.7461,0.000600701,6.13093e-09
19.6,2.2,0,3.74599,0.000594874,5.60264e-09
19.6,2.3,0,3.74591,0.000575329,6.04999e-09
19.6,2.4,0,3.74581,0.000549677,5.62722e-09
19.6,2.5,0,3.7457,0.000525293,4.89682e-09
19.6,2.6,0,3.74562,0.000480438,5.382e-09
19.6,2.7,0,3.7455,0.000436368,4.22732e-09
19.6,2.8,0,3.74542,0.000385484,4.0944e-09
19.6,2.9,0,3.74531,0.000321851,3.04258e-09
19.6,3,0,3.7452,0.00025723,1.66731e-09
19.6,3.1,0,3.74512,0.000181344,1.28747e-09
19.6,3.2,0,3.74501,9.55485e-05,-7.4708e-11
19.6,3.3,0,3.74493,1.12209e-05,-9.2522e-10
19.6,3.4,0,3.74483,-9.22549e-05,-1.89024e-09
19.6,3.5,0,3.74472,-0.000199167,-2.95962e-09
19.6,3.6,0,3.74466,-0.000305703,-3.07372e-09
19.6,3.7,0,3.74457,-0.000433178,-3.06843e-09
19.6,3.8,0,3.7445,-0.000550069,-2.66324e-09
19.6,3.9,0,3.74442,-0.000691609,-1.17023e-09
19.6,4,0,3.74434,-0.000839021,4.3742e-10
19.6,4.1,0,3.7443,-0.000973118,3.06557e-09
19.6,4.2,0,3.74423,-0.0011388,6.57366e-09
19.6,4.3,0,3.74419,-0.00128441,1.08226e-08
19.6,4.4,0,3.74415,-0.00145865,1.84119e-08
19.6,4.5,0,3.7441,-0.00164101,2.64343e-08
19.6,4.6,0,3.74409,-0.00179663,3.2069e-08
19.6,4.7,0,3.74407,-0.0019931,3.78188e-08
19.6,4.8,0,3.74406,-0.00215037,3.80245e-08
19.6,4.9,0,3.74406,-0.00231851,2.4775e-08
19.6,5,0,3.74406,-0.00249501,1.0207e-08
19.6,5.1,0,3.74408,-0.00275942,-3.10631e-08
19.6,5.2,0,3.74411,-0.00295612,-4.08366e-08
19.6,5.3,0,3.74415,-0.00315441,-3.2848e-08
19.6,5.4,0,3.7442,-0.00335362,-1.59743e-08
19.6,5.5,0,3.74426,-0.00355292,3.79563e-09
19.6,5.6,0,3.74433,-0.00375159,2.34974e-08
19.6,5.7,0,3.74442,-0.00394892,3.98347e-08
19.6,5.8,0,3.74451,-0.00414411,4.69288e-08
19.6,5.9,0,3.74461,-0.00433655,3.86291e-08
19.6,6,0,3.74479,-0.00462855,-8.87696e-11
19.6,6.1,0,3.74489,-0.00474257,-8.18386e-09
19.6,6.2,0,3.74501,-0.00490619,-1.7033e-08
19.6,6.3,0,3.74513,-0.00506981,-2.58822e-08
19.6,6.4,0,3.74526,-0.00520202,-2.55685e-08
19.6,6.5,0,3.74542,-0.00536728,-1.8463e-08
19.6,6.6,0,3.7456,-0.00554595,-1.08593e-08
19.6,6.7,0,3.74577,-0.00570051,-4.30015e-09
19.6,6.8,0,3.74594,-0.00582273,-3.49059e-09
19.6,6.9,0,3.74614,-0.00597555,-6.92161e-09
19.6,7,0,3.74635,-0.00612838,-1.03526e-08
19.6,7.1,0,3.74652,-0.00621479,-1.4593e-08
19.6,7.2,0,3.74674,-0.00633798,-8.61522e-09
19.6,7.3,0,3.74697,-0.00646118,-2.63747e-09
19.6,7.4,0,3.74717,-0.0065446,7.62639e-09
19.6,7.5,0,3.7474,-0.0066264,9.64008e-09
19.6,7.6,0,3.74765,-0.00671702,7.72209e-09
19.6,7.7,0,3.74788,-0.00679331,2.68863e-09
19.6,7.8,0,3.74809,-0.00683536,-6.05314e-09
19.6,7.9,0,3.74835,-0.00689112,-5.92319e-09
19.6,8,0,3.74861,-0.00694689,-5.79323e-09
19.6,8.1,0,3.74881,-0.00696086,8.58026e-09
19.6,8.2,0,3.74908,-0.00698074,1.18607e-08
19.6,8.3,0,3.74934,-0.00700063,1.51412e-08
19.6,8.4,0,3.74957,-0.00700066,1.11018e-08
19.6,8.5,0,3.74981,-0.00698444,8.49904e-09
19.6,8.6,0,3.75008,-0.0069682,9.25463e-09
19.6,8.7,0,3.75033,-0.00694701,9.39708e-09
19.6,8.8,0,3.75055,-0.00690232,7.98637e-09
19.6,8.9,0,3.75082,-0.00685047,8.33274e-09
19.6,9,0,3.75108,-0.00679862,8.67911e-09
19.6,9.1,0,3.75128,-0.00673532,2.10532e-08
19.6,9.2,0,3.75154,-0.00664928,2.12174e-08
19.6,9.3,0,3.7518,-0.006563,2.12159e-08
19.6,9.4,0,3.75202,-0.00647557,8.43475e-09
19.6,9.5,0,3.75224,-0.00636766,1.77405e-09
19.6,9.6,0,3.75248,-0.00624882,5.81076e-09
19.6,9.7,0,3.75272,-0.00613125,1.32177e-08
19.6,9.8,0,3.7529,-0.00600967,2.92058e-08
19.6,9.9,0,3.75313,-0.00586037,1.92676e-08
19.6,10,0,3.75336,-0.00571108,9.32936e-09
19.6,10.1,0,3.75353,-0.00557686,-8.09437e-09
19.6,10.2,0,3.75373,-0.00540283,2.94289e-09
19.6,10.3,0,3.75394,-0.00522595,1.59654e-08
19.6,10.4,0,3.75411,-0.00506187,2.68415e-08
19.6,10.5,0,3.75428,-0.0048821,2.35294e-08
19.6,10.6,0,3.75447,-0.00468045,1.2133e-08
19.6,10.7,0,3.75465,-0.00448255,2.15761e-09
19.6,10.8,0,3.75477,-0.00430438,5.28241e-09
19.6,10.9,0,3.75493,-0.00408136,9.40136e-09
19.6,11,0,3.7551,-0.00385834,1.35203e-08
19.6,11.1,0,3.75521,-0.0036695,7.05877e-09
19.6,11.2,0,3.75533,-0.0034355,1.42256e-08
19.6,11.3,0,3.75546,-0.00319441,2.35437e-08
19.6,11.4,0,3.75553,-0.00297467,3.40631e-08
19.6,11.5,0,3.75551,-0.00275074,2.82698e-08
19.6,11.6,0,3.75551,-0.00249576,6.95631e-09
19.6,11.7,0,3.75534,-0.00224372,-1.39048e-08
19.6,11.8,0,3.75195,-0.00203418,-2.11864e-08
19.6,11.9,0,3.74856,-0.00176759,-7.02055e-09
19.6,12,0,3.74516,-0.00150099,7.14525e-09
19.6,12.1,0,3.68783,-0.00128913,1.53638e-08
19.6,12.2,0,3.6073,-0.00104413,2.24633e-08
19.6,12.3,0,3.52675,-0.000788232,2.98381e-08
19.6,12.4,0,3.11153,-0.000570543,3.32967e-08
19.6,12.5,0,2.07452,-0.00039822,2.51918e-08
19.6,12.6,0,1.03726,-0.00019911,1.25959e-08
19.6,12.7,0,0,0,0
19.7,0,0,0,0,0
19.7,0.1,0,1.30966,-5.79279e-06,2.87876e-09
19.7,0.2,0,2.61934,3.39066e-06,2.77226e-09
19.7,0.3,0,3.3618,1.57304e-05,2.18659e-09
19.7,0.4,0,3.53708,5.21117e-05,1.41297e-09
19.7,0.5,0,3.71239,0.000104157,8.57768e-10
19.7,0.6,0,3.7255,0.000129025,-3.45264e-10
19.7,0.7,0,3.73862,0.000193232,9.89351e-10
19.7,0.8,0,3.7455,0.000234722,9.35758e-10
19.7,0.9,0,3.74615,0.000276501,1.31647e-09
19.7,1,0,3.74678,0.000335536,3.06408e-09
19.7,1.1,0,3.74677,0.000351738,1.1477e-09
19.7,1.2,0,3.74674,0.000402589,2.59383e-09
19.7,1.3,0,3.7467,0.000431289,2.36466e-09
19.7,1.4,0,3.74664,0.000456756,2.11568e-09
19.7,1.5,0,3.74657,0.000496413,3.10831e-09
19.7,1.6,0,3.74652,0.000496706,2.03841e-09
19.7,1.7,0,3.74643,0.000523163,2.55125e-09
19.7,1.8,0,3.74636,0.000530764,2.67857e-09
19.7,1.9,0,3.74628,0.000532348,2.53536e-09
19.7,2,0,3.74619,0.00054356,2.47838e-09
19.7,2.1,0,3.74612,0.000522883,3.18487e-09
19.7,2.2,0,3.74602,0.000517056,2.65658e-09
19.7,2.3,0,3.74593,0.000497511,3.10394e-09
19.7,2.4,0,3.74585,0.000469321,3.29642e-09
19.7,2.5,0,3.74574,0.000444937,2.56602e-09
19.7,2.6,0,3.74567,0.000399733,3.78002e-09
19.7,2.7,0,3.74556,0.000355663,2.62534e-09
19.7,2.8,0,3.74547,0.000304779,2.49243e-09
19.7,2.9,0,3.74538,0.000243124,2.08749e-09
19.7,3,0,3.74527,0.000178503,7.12222e-10
19.7,3.1,0,3.74521,0.00010702,7.68974e-10
19.7,3.2,0,3.74509,2.12253e-05,-5.93201e-10
19.7,3.3,0,3.74501,-6.31023e-05,-1.44371e-09
19.7,3.4,0,3.74493,-0.000159706,-2.20001e-09
19.7,3.5,0,3.74483,-0.000266618,-3.26939e-09
19.7,3.6,0,3.74478,-0.000363848,-3.43655e-09
19.7,3.7,0,3.74468,-0.000491323,-3.43126e-09
19.7,3.8,0,3.74462,-0.000608214,-3.02607e-09
19.7,3.9,0,3.74455,-0.000738009,-1.76236e-09
19.7,4,0,3.74447,-0.000885421,-1.5471e-10
19.7,4.1,0,3.74444,-0.00100548,2.08236e-09
19.7,4.2,0,3.74437,-0.00117116,5.59045e-09
19.7,4.3,0,3.74433,-0.00131678,9.83939e-09
19.7,4.4,0,3.7443,-0.00147478,1.65622e-08
19.7,4.5,0,3.74425,-0.00165713,2.45846e-08
19.7,4.6,0,3.74425,-0.0017946,3.01682e-08
19.7,4.7,0,3.74423,-0.00199107,3.59179e-08
19.7,4.8,0,3.74422,-0.00214834,3.61237e-08
19.7,4.9,0,3.74423,-0.00229979,2.55112e-08
19.7,5,0,3.74422,-0.00247629,1.09432e-08
19.7,5.1,0,3.74425,-0.00272949,-2.74971e-08
19.7,5.2,0,3.74428,-0.00291771,-3.6461e-08
19.7,5.3,0,3.74432,-0.00310738,-2.89835e-08
19.7,5.4,0,3.74437,-0.00329784,-1.31915e-08
19.7,5.5,0,3.74443,-0.00348833,5.48086e-09
19.7,5.6,0,3.7445,-0.00367818,2.42844e-08
19.7,5.7,0,3.74458,-0.00386673,4.00368e-08
19.7,5.8,0,3.74468,-0.00405321,4.68929e-08
19.7,5.9,0,3.74477,-0.00423706,3.86961e-08
19.7,6,0,3.74495,-0.00451615,8.94648e-10
19.7,6.1,0,3.74504,-0.00462219,-7.07913e-09
19.7,6.2,0,3.74515,-0.00477174,-1.57145e-08
19.7,6.3,0,3.74528,-0.00493537,-2.45636e-08
19.7,6.4,0,3.7454,-0.00506757,-2.42499e-08
19.7,6.5,0,3.74555,-0.00520857,-1.80464e-08
19.7,6.6,0,3.74573,-0.00538724,-1.04428e-08
19.7,6.7,0,3.74589,-0.00554179,-3.8836e-09
19.7,6.8,0,3.74604,-0.00564313,-1.82244e-10
19.7,6.9,0,3.74625,-0.00579596,-3.61327e-09
19.7,7,0,3.74645,-0.00594879,-7.04429e-09
19.7,7.1,0,3.74662,-0.00603127,-1.22869e-08
19.7,7.2,0,3.74683,-0.00614139,-9.63916e-09
19.7,7.3,0,3.74705,-0.00626458,-3.66141e-09
19.7,7.4,0,3.74725,-0.006348,6.60245e-09
19.7,7.5,0,3.74745,-0.0064169,1.4374e-08
19.7,7.6,0,3.7477,-0.00650752,1.2456e-08
19.7,7.7,0,3.74793,-0.00658381,7.42257e-09
19.7,7.8,0,3.74812,-0.00661726,-6.87439e-09
19.7,7.9,0,3.74838,-0.00667303,-6.74444e-09
19.7,8,0,3.74864,-0.0067288,-6.61448e-09
19.7,8.1,0,3.74883,-0.00674234,8.26982e-09
19.7,8.2,0,3.74907,-0.00675843,1.61097e-08
19.7,8.3,0,3.74934,-0.00677831,1.93902e-08
19.7,8.4,0,3.74957,-0.00677835,1.53509e-08
19.7,8.5,0,3.74978,-0.00676213,8.61937e-09
19.7,8.6,0,3.75005,-0.0067459,9.37497e-09
19.7,8.7,0,3.7503,-0.00672471,9.51742e-09
19.7,8.8,0,3.75049,-0.00668368,7.20729e-09
19.7,8.9,0,3.75076,-0.00663231,7.43602e-09
19.7,9,0,3.75102,-0.00658046,7.78239e-09
19.7,9.1,0,3.75122,-0.00651716,2.01564e-08
19.7,9.2,0,3.75145,-0.00643915,2.58714e-08
19.7,9.3,0,3.75171,-0.00635287,2.58699e-08
19.7,9.4,0,3.75193,-0.00626544,1.30887e-08
19.7,9.5,0,3.75212,-0.00616911,-4.90364e-09
19.7,9.6,0,3.75237,-0.00605027,-8.66924e-10
19.7,9.7,0,3.75261,-0.0059327,6.53996e-09
19.7,9.8,0,3.75277,-0.00582235,3.30445e-08
19.7,9.9,0,3.75299,-0.00567673,2.65423e-08
19.7,10,0,3.75322,-0.00552744,1.6604e-08
19.7,10.1,0,3.75339,-0.00539322,-8.19694e-10
19.7,10.2,0,3.75357,-0.00523697,-2.15545e-09
19.7,10.3,0,3.75378,-0.00506009,1.0867e-08
19.7,10.4,0,3.75395,-0.004896,2.17432e-08
19.7,10.5,0,3.7541,-0.00473662,2.59539e-08
19.7,10.6,0,3.75429,-0.00453496,1.45575e-08
19.7,10.7,0,3.75447,-0.00433706,4.58211e-09
19.7,10.8,0,3.75458,-0.00417294,7.39543e-09
19.7,10.9,0,3.75474,-0.00395842,1.1326e-08
19.7,11,0,3.7549,-0.0037354,1.54449e-08
19.7,11.1,0,3.75501,-0.00354656,8.98341e-09
19.7,11.2,0,3.75512,-0.00333693,8.75861e-09
19.7,11.3,0,3.75525,-0.00309584,1.80767e-08
19.7,11.4,0,3.75532,-0.0028761,2.85962e-08
19.7,11.5,0,3.75529,-0.00267793,3.56801e-08
19.7,11.6,0,3.75529,-0.00242295,1.43667e-08
19.7,11.7,0,3.75512,-0.00217091,-6.49441e-09
19.7,11.8,0,3.75173,-0.00197463,-1.87602e-08
19.7,11.9,0,3.74834,-0.0017217,-9.72973e-09
19.7,12,0,3.74494,-0.00145511,4.43608e-09
19.7,12.1,0,3.68761,-0.00124324,1.26546e-08
19.7,12.2,0,3.60711,-0.00102408,1.91013e-08
19.7,12.3,0,3.52656,-0.00076818,2.64761e-08
19.7,12.4,0,3.11134,-0.000550491,2.99347e-08
19.7,12.5,0,2.07452,-0.00039822,2.51918e-08
19.7,12.6,0,1.03726,-0.00019911,1.25959e-08
19.7,12.7,0,0,0,0
19.8,0,0,0,0,0
19.8,0.1,0,1.30966,-6.9448e-06,3.1084e-09
19.8,0.2,0,2.61933,-1.21741e-06,3.69081e-09
19.8,0.3,0,3.36179,1.11223e-05,3.10513e-09
19.8,0.4,0,3.53705,3.7061e-05,2.1859e-09
19.8,0.5,0,3.71236,8.91064e-05,1.6307e-09
19.8,0.6,0,3.72547,0.000110948,2.32461e-10
19.8,0.7,0,3.73858,0.000166077,9.81466e-10
19.8,0.8,0,3.74547,0.000207567,9.27872e-10
19.8,0.9,0,3.74612,0.000237843,3.97329e-10
19.8,1,0,3.74675,0.000296878,2.14493e-09
19.8,1.1,0,3.74674,0.000310415,-3.01027e-11
19.8,1.2,0,3.74672,0.00035327,6.40064e-10
19.8,1.3,0,3.74668,0.000381969,4.10901e-10
19.8,1.4,0,3.74663,0.000397976,-6.65818e-10
19.8,1.5,0,3.74656,0.000437633,3.26808e-10
19.8,1.6,0,3.74651,0.000435914,-8.64841e-10
19.8,1.7,0,3.74643,0.000456333,-7.17248e-10
19.8,1.8,0,3.74636,0.000463934,-5.89926e-10
19.8,1.9,0,3.74629,0.000459098,-7.90632e-10
19.8,2,0,3.7462,0.000470311,-8.47609e-10
19.8,2.1,0,3.74614,0.000448491,-4.61338e-11
19.8,2.2,0,3.74604,0.000439237,-2.89473e-10
19.8,2.3,0,3.74596,0.000419692,1.57879e-10
19.8,2.4,0,3.74589,0.000388965,9.65614e-10
19.8,2.5,0,3.74578,0.000364582,2.35213e-10
19.8,2.6,0,3.74571,0.00031929,1.63142e-09
19.8,2.7,0,3.74561,0.000274959,1.02336e-09
19.8,2.8,0,3.74552,0.000224074,8.90448e-10
19.8,2.9,0,3.74545,0.000164397,1.13241e-09
19.8,3,0,3.74534,9.97764e-05,-2.42864e-10
19.8,3.1,0,3.74528,2.93944e-05,-7.69636e-11
19.8,3.2,0,3.74518,-5.30979e-05,-1.11169e-09
19.8,3.3,0,3.7451,-0.000137426,-1.96221e-09
19.8,3.4,0,3.74503,-0.000227158,-2.50978e-09
19.8,3.5,0,3.74493,-0.000334069,-3.57916e-09
19.8,3.6,0,3.74488,-0.000428973,-3.75958e-09
19.8,3.7,0,3.7448,-0.000549469,-3.79409e-09
19.8,3.8,0,3.74473,-0.000666359,-3.3889e-09
19.8,3.9,0,3.74468,-0.00078441,-2.35449e-09
19.8,4,0,3.7446,-0.000931822,-7.4684e-10
19.8,4.1,0,3.74457,-0.00104837,1.39246e-09
19.8,4.2,0,3.74452,-0.00120353,4.60724e-09
19.8,4.3,0,3.74448,-0.00134914,8.85618e-09
19.8,4.4,0,3.74445,-0.00149091,1.47125e-08
19.8,4.5,0,3.7444,-0.00167326,2.27349e-08
19.8,4.6,0,3.74441,-0.00180619,2.83057e-08
19.8,4.7,0,3.74439,-0.00198905,3.40171e-08
19.8,4.8,0,3.74438,-0.00214631,3.42228e-08
19.8,4.9,0,3.74439,-0.00228107,2.62474e-08
19.8,5,0,3.74439,-0.00245757,1.16794e-08
19.8,5.1,0,3.74442,-0.00269957,-2.39311e-08
19.8,5.2,0,3.74445,-0.00287931,-3.20855e-08
19.8,5.3,0,3.74449,-0.00306034,-2.5119e-08
19.8,5.4,0,3.74454,-0.00324205,-1.04087e-08
19.8,5.5,0,3.7446,-0.00342374,7.1661e-09
19.8,5.6,0,3.74467,-0.00360478,2.50714e-08
19.8,5.7,0,3.74475,-0.00378453,4.02389e-08
19.8,5.8,0,3.74484,-0.00396231,4.6857e-08
19.8,5.9,0,3.74494,-0.00413758,3.8763e-08
19.8,6,0,3.74511,-0.00440375,1.87807e-09
19.8,6.1,0,3.7452,-0.00450979,-6.09572e-09
19.8,6.2,0,3.7453,-0.0046373,-1.43959e-08
19.8,6.3,0,3.74542,-0.00480092,-2.32451e-08
19.8,6.4,0,3.74555,-0.00493312,-2.29313e-08
19.8,6.5,0,3.74568,-0.00504985,-1.76299e-08
19.8,6.6,0,3.74585,-0.00522852,-1.00263e-08
19.8,6.7,0,3.74602,-0.00538308,-3.46706e-09
19.8,6.8,0,3.74617,-0.00548138,6.55121e-10
19.8,6.9,0,3.74636,-0.00561637,-3.04926e-10
19.8,7,0,3.74656,-0.0057692,-3.73595e-09
19.8,7.1,0,3.74673,-0.00585168,-8.97853e-09
19.8,7.2,0,3.74691,-0.00594479,-1.06631e-08
19.8,7.3,0,3.74714,-0.00606799,-4.68535e-09
19.8,7.4,0,3.74733,-0.00615141,5.5785e-09
19.8,7.5,0,3.74751,-0.00620832,1.86998e-08
19.8,7.6,0,3.74776,-0.00629802,1.719e-08
19.8,7.7,0,3.74799,-0.00637431,1.21565e-08
19.8,7.8,0,3.74817,-0.00640763,-2.22336e-09
19.8,7.9,0,3.74841,-0.00645493,-7.56569e-09
19.8,8,0,3.74866,-0.0065107,-7.43573e-09
19.8,8.1,0,3.74886,-0.00652425,7.44857e-09
19.8,8.2,0,3.74907,-0.00653611,2.03587e-08
19.8,8.3,0,3.74934,-0.006556,2.36392e-08
19.8,8.4,0,3.74956,-0.00655603,1.95999e-08
19.8,8.5,0,3.74976,-0.00653983,9.57161e-09
19.8,8.6,0,3.75002,-0.0065236,9.4953e-09
19.8,8.7,0,3.75027,-0.0065024,9.63775e-09
19.8,8.8,0,3.75046,-0.00646138,7.32762e-09
19.8,8.9,0,3.7507,-0.00641415,6.53929e-09
19.8,9,0,3.75096,-0.0063623,6.88567e-09
19.8,9.1,0,3.75116,-0.006299,1.92597e-08
19.8,9.2,0,3.75136,-0.00622902,3.05253e-08
19.8,9.3,0,3.75162,-0.00614274,3.05238e-08
19.8,9.4,0,3.75184,-0.0060553,1.77427e-08
19.8,9.5,0,3.75202,-0.00596671,-7.81821e-09
19.8,9.6,0,3.75226,-0.00585172,-7.54461e-09
19.8,9.7,0,3.75249,-0.00573415,-1.37726e-10
19.8,9.8,0,3.75266,-0.0056238,2.63668e-08
19.8,9.9,0,3.75285,-0.00549309,3.3817e-08
19.8,10,0,3.75308,-0.0053438,2.38787e-08
19.8,10.1,0,3.75325,-0.00520958,6.45498e-09
19.8,10.2,0,3.75341,-0.00507111,-7.2538e-09
19.8,10.3,0,3.75362,-0.00489422,5.76869e-09
19.8,10.4,0,3.75379,-0.00473014,1.66448e-08
19.8,10.5,0,3.75393,-0.0045817,2.48977e-08
19.8,10.6,0,3.75411,-0.00438947,1.6982e-08
19.8,10.7,0,3.75429,-0.00419157,7.00662e-09
19.8,10.8,0,3.7544,-0.00402746,9.81994e-09
19.8,10.9,0,3.75454,-0.00383549,1.32506e-08
19.8,11,0,3.7547,-0.00361247,1.73696e-08
19.8,11.1,0,3.75481,-0.00342363,1.0908e-08
19.8,11.2,0,3.75491,-0.00323836,3.29163e-09
19.8,11.3,0,3.75504,-0.00299727,1.26097e-08
19.8,11.4,0,3.75511,-0.00277753,2.31292e-08
19.8,11.5,0,3.75508,-0.00258984,3.54506e-08
19.8,11.6,0,3.75507,-0.00235015,2.1777e-08
19.8,11.7,0,3.7549,-0.0020981,9.15962e-10
19.8,11.8,0,3.75151,-0.00190182,-1.13499e-08
19.8,11.9,0,3.74812,-0.00167581,-1.24389e-08
19.8,12,0,3.74472,-0.00140922,1.7269e-09
19.8,12.1,0,3.68739,-0.00119735,9.94541e-09
19.8,12.2,0,3.60692,-0.00100402,1.57393e-08
19.8,12.3,0,3.52638,-0.000748128,2.31141e-08
19.8,12.4,0,3.11115,-0.000530439,2.65727e-08
19.8,12.5,0,2.07438,-0.000383704,2.27581e-08
19.8,12.6,0,1.03726,-0.00019911,1.25959e-08
19.8,12.7,0,0,0,0
19.9,0,0,0,0,0
19.9,0.1,0,1.30966,-6.9448e-06,3.1084e-09
19.9,0.2,0,2.61933,-5.82548e-06,4.60935e-09
19.9,0.3,0,3.36179,6.51422e-06,4.02368e-09
19.9,0.4,0,3.53702,2.20102e-05,2.95883e-09
19.9,0.5,0,3.71233,7.40556e-05,2.40363e-09
19.9,0.6,0,3.72544,9.58973e-05,1.00539e-09
19.9,0.7,0,3.73855,0.000138922,9.7358e-10
19.9,0.8,0,3.74544,0.000180412,9.19987e-10
19.9,0.9,0,3.74609,0.000199185,-5.21815e-10
19.9,1,0,3.74672,0.000258219,1.22579e-09
19.9,1.1,0,3.74672,0.000271756,-9.49247e-10
19.9,1.2,0,3.74669,0.00030395,-1.3137e-09
19.9,1.3,0,3.74666,0.000332649,-1.54286e-09
19.9,1.4,0,3.74662,0.000339197,-3.44732e-09
19.9,1.5,0,3.74654,0.000378854,-2.45469e-09
19.9,1.6,0,3.7465,0.000377134,-3.64634e-09
19.9,1.7,0,3.74643,0.000389503,-3.98575e-09
19.9,1.8,0,3.74636,0.000397104,-3.85842e-09
19.9,1.9,0,3.74631,0.000385849,-4.11662e-09
19.9,2,0,3.74621,0.000397061,-4.1736e-09
19.9,2.1,0,3.74615,0.000375242,-3.37212e-09
19.9,2.2,0,3.74607,0.000361419,-3.23553e-09
19.9,2.3,0,3.74598,0.000341874,-2.78818e-09
19.9,2.4,0,3.74592,0.00030861,-1.36519e-09
19.9,2.5,0,3.74581,0.000284226,-2.09559e-09
19.9,2.6,0,3.74575,0.000238935,-6.9938e-10
19.9,2.7,0,3.74567,0.000194254,-5.78615e-10
19.9,2.8,0,3.74558,0.00014337,-7.11529e-10
19.9,2.9,0,3.74552,8.56704e-05,1.77321e-10
19.9,3,0,3.7454,2.10494e-05,-1.19795e-09
19.9,3.1,0,3.74535,-4.93326e-05,-1.03205e-09
19.9,3.2,0,3.74527,-0.000127421,-1.63019e-09
19.9,3.3,0,3.74518,-0.000211749,-2.4807e-09
19.9,3.4,0,3.74513,-0.000294609,-2.81955e-09
19.9,3.5,0,3.74503,-0.000401521,-3.88893e-09
19.9,3.6,0,3.74498,-0.000496424,-4.06935e-09
19.9,3.7,0,3.74491,-0.000607614,-4.15692e-09
19.9,3.8,0,3.74485,-0.000724505,-3.75173e-09
19.9,3.9,0,3.74481,-0.000830811,-2.94662e-09
19.9,4,0,3.74473,-0.000978223,-1.33897e-09
19.9,4.1,0,3.7447,-0.00109477,8.0033e-10
19.9,4.2,0,3.74466,-0.00123589,3.62403e-09
19.9,4.3,0,3.74462,-0.0013815,7.87297e-09
19.9,4.4,0,3.7446,-0.00150704,1.28628e-08
19.9,4.5,0,3.74456,-0.00168939,2.08852e-08
19.9,4.6,0,3.74456,-0.00182232,2.6456e-08
19.9,4.7,0,3.74455,-0.00198702,3.21162e-08
19.9,4.8,0,3.74454,-0.00214429,3.2322e-08
19.9,4.9,0,3.74456,-0.00226234,2.69836e-08
19.9,5,0,3.74455,-0.00243884,1.24157e-08
19.9,5.1,0,3.74459,-0.00266965,-2.03651e-08
19.9,5.2,0,3.74462,-0.0028409,-2.771e-08
19.9,5.3,0,3.74466,-0.0030133,-2.12545e-08
19.9,5.4,0,3.74471,-0.00318627,-7.6259e-09
19.9,5.5,0,3.74477,-0.00335915,8.85133e-09
19.9,5.6,0,3.74484,-0.00353137,2.58584e-08
19.9,5.7,0,3.74492,-0.00370234,4.0441e-08
19.9,5.8,0,3.74501,-0.00387142,4.68211e-08
19.9,5.9,0,3.7451,-0.00403809,3.883e-08
19.9,6,0,3.74526,-0.00429135,2.86148e-09
19.9,6.1,0,3.74535,-0.00439738,-5.1123e-09
19.9,6.2,0,3.74545,-0.00450342,-1.30861e-08
19.9,6.3,0,3.74557,-0.00466647,-2.19265e-08
19.9,6.4,0,3.7457,-0.00479867,-2.16128e-08
19.9,6.5,0,3.74582,-0.00491395,-1.63652e-08
19.9,6.6,0,3.74598,-0.0050698,-9.60971e-09
19.9,6.7,0,3.74615,-0.00522436,-3.05052e-09
19.9,6.8,0,3.7463,-0.00532266,1.07167e-09
19.9,6.9,0,3.74646,-0.00543678,3.00342e-09
19.9,7,0,3.74667,-0.0055896,-4.27608e-10
19.9,7.1,0,3.74683,-0.00567208,-5.67018e-09
19.9,7.2,0,3.747,-0.00575086,-1.10081e-08
19.9,7.3,0,3.74722,-0.00587139,-5.70929e-09
19.9,7.4,0,3.74742,-0.00595481,4.55456e-09
19.9,7.5,0,3.7476,-0.00601172,1.76758e-08
19.9,7.6,0,3.74781,-0.00608852,2.19239e-08
19.9,7.7,0,3.74805,-0.00616481,1.68905e-08
19.9,7.8,0,3.74823,-0.00619813,2.51058e-09
19.9,7.9,0,3.74843,-0.00623684,-8.38694e-09
19.9,8,0,3.74869,-0.00629261,-8.25698e-09
19.9,8.1,0,3.74889,-0.00630616,6.62732e-09
19.9,8.2,0,3.74908,-0.00631501,2.3151e-08
19.9,8.3,0,3.74934,-0.00633368,2.78882e-08
19.9,8.4,0,3.74956,-0.00633372,2.38489e-08
19.9,8.5,0,3.74976,-0.00631751,1.38206e-08
19.9,8.6,0,3.74999,-0.00630129,9.61564e-09
19.9,8.7,0,3.75024,-0.0062801,9.75809e-09
19.9,8.8,0,3.75043,-0.00623907,7.44796e-09
19.9,8.9,0,3.75064,-0.00619599,5.64257e-09
19.9,9,0,3.75091,-0.00614414,5.98894e-09
19.9,9.1,0,3.7511,-0.00608084,1.8363e-08
19.9,9.2,0,3.75129,-0.00601553,3.28596e-08
19.9,9.3,0,3.75154,-0.00593261,3.51778e-08
19.9,9.4,0,3.75175,-0.00584517,2.23966e-08
19.9,9.5,0,3.75193,-0.00575658,-3.16424e-09
19.9,9.6,0,3.75214,-0.00565317,-1.42223e-08
19.9,9.7,0,3.75238,-0.0055356,-6.81541e-09
19.9,9.8,0,3.75254,-0.00542525,1.96891e-08
19.9,9.9,0,3.75272,-0.00530945,4.10916e-08
19.9,10,0,3.75294,-0.00516016,3.11534e-08
19.9,10.1,0,3.75311,-0.00502594,1.37297e-08
19.9,10.2,0,3.75326,-0.00489549,-5.56544e-09
19.9,10.3,0,3.75346,-0.00472836,6.70349e-10
19.9,10.4,0,3.75363,-0.00456428,1.15465e-08
19.9,10.5,0,3.75377,-0.00441584,1.97994e-08
19.9,10.6,0,3.75393,-0.00424398,1.94065e-08
19.9,10.7,0,3.75411,-0.00404608,9.43112e-09
19.9,10.8,0,3.75422,-0.00388197,1.22444e-08
19.9,10.9,0,3.75435,-0.00371255,1.51753e-08
19.9,11,0,3.75451,-0.00348953,1.92942e-08
19.9,11.1,0,3.75462,-0.00330069,1.28327e-08
19.9,11.2,0,3.75471,-0.00312324,2.84432e-09
19.9,11.3,0,3.75483,-0.0028987,7.14276e-09
19.9,11.4,0,3.7549,-0.00267897,1.76622e-08
19.9,11.5,0,3.75487,-0.00249127,2.99836e-08
19.9,11.6,0,3.75485,-0.00227734,2.91874e-08
19.9,11.7,0,3.75468,-0.00202529,8.32633e-09
19.9,11.8,0,3.75129,-0.00182901,-3.93951e-09
19.9,11.9,0,3.7479,-0.00162992,-1.51481e-08
19.9,12,0,3.7445,-0.00136333,-9.82269e-10
19.9,12.1,0,3.68716,-0.00115146,7.23624e-09
19.9,12.2,0,3.60671,-0.000963051,1.29059e-08
19.9,12.3,0,3.52619,-0.000728076,1.97521e-08
19.9,12.4,0,3.11097,-0.000510387,2.32107e-08
19.9,12.5,0,2.0742,-0.000363652,1.93961e-08
19.9,12.6,0,1.03726,-0.00019911,1.25959e-08
19.9,12.7,0,0,0,0
20,0,0,0,0,0
20,0.1,0,1.30966,-6.9448e-06,3.1084e-09
20,0.2,0,2.61932,-1.04336e-05,5.52789e-09
20,0.3,0,3.36178,1.90615e-06,4.94222e-09
20,0.4,0,3.53701,1.74021e-05,3.87737e-09
20,0.5,0,3.7123,5.90048e-05,3.17655e-09
20,0.6,0,3.72541,8.08465e-05,1.77832e-09
20,0.7,0,3.73852,0.000111767,9.65694e-10
20,0.8,0,3.7454,0.000153256,9.12101e-10
20,0.9,0,3.74605,0.000172029,-5.29701e-10
20,1,0,3.74669,0.000219561,3.06643e-10
20,1.1,0,3.74669,0.000233098,-1.86839e-09
20,1.2,0,3.74667,0.000254631,-3.26746e-09
20,1.3,0,3.74664,0.00028333,-3.49662e-09
20,1.4,0,3.7466,0.000289877,-5.40108e-09
20,1.5,0,3.74653,0.000320074,-5.23619e-09
20,1.6,0,3.74648,0.000318355,-6.42784e-09
20,1.7,0,3.74643,0.000322673,-7.25424e-09
20,1.8,0,3.74636,0.000330274,-7.12692e-09
20,1.9,0,3.7463,0.000319019,-7.38512e-09
20,2,0,3.74622,0.000323812,-7.49959e-09
20,2.1,0,3.74616,0.000301993,-6.69811e-09
20,2.2,0,3.74609,0.000283601,-6.18159e-09
20,2.3,0,3.74601,0.000264055,-5.73423e-09
20,2.4,0,3.74595,0.000230791,-4.31124e-09
20,2.5,0,3.74585,0.00020387,-4.42639e-09
20,2.6,0,3.74579,0.000158579,-3.03018e-09
20,2.7,0,3.74572,0.00011355,-2.18059e-09
20,2.8,0,3.74563,6.2665e-05,-2.31351e-09
20,2.9,0,3.74557,4.96576e-06,-1.42466e-09
20,3,0,3.74547,-5.76776e-05,-2.15304e-09
20,3.1,0,3.74542,-0.00012806,-1.98714e-09
20,3.2,0,3.74535,-0.000201744,-2.14868e-09
20,3.3,0,3.74527,-0.000286072,-2.99919e-09
20,3.4,0,3.74522,-0.000368932,-3.33804e-09
20,3.5,0,3.74513,-0.000468972,-4.1987e-09
20,3.6,0,3.74508,-0.000563876,-4.37912e-09
20,3.7,0,3.74503,-0.000665759,-4.51975e-09
20,3.8,0,3.74496,-0.00078265,-4.11456e-09
20,3.9,0,3.74493,-0.000888956,-3.30945e-09
20,4,0,3.74486,-0.00102462,-1.9311e-09
20,4.1,0,3.74483,-0.00114117,2.082e-10
20,4.2,0,3.7448,-0.00126825,2.64081e-09
20,4.3,0,3.74476,-0.00141386,6.88975e-09
20,4.4,0,3.74475,-0.0015394,1.18795e-08
20,4.5,0,3.74471,-0.00170552,1.90356e-08
20,4.6,0,3.74471,-0.00183845,2.46063e-08
20,4.7,0,3.74471,-0.001985,3.02154e-08
20,4.8,0,3.7447,-0.00214226,3.04211e-08
20,4.9,0,3.74472,-0.00226032,2.50828e-08
20,5,0,3.74472,-0.00242012,1.31519e-08
20,5.1,0,3.74475,-0.00263972,-1.67991e-08
20,5.2,0,3.74479,-0.0028025,-2.33344e-08
20,5.3,0,3.74483,-0.00296627,-1.739e-08
20,5.4,0,3.74488,-0.00313049,-4.8431e-09
20,5.5,0,3.74494,-0.00329456,1.05366e-08
20,5.6,0,3.74501,-0.00345796,2.66453e-08
20,5.7,0,3.74508,-0.00362014,4.06432e-08
20,5.8,0,3.74517,-0.00378052,4.67852e-08
20,5.9,0,3.74526,-0.0039386,3.8897e-08
20,6,0,3.74542,-0.00417894,3.8449e-09
20,6.1,0,3.74551,-0.00428498,-4.12888e-09
20,6.2,0,3.7456,-0.00439102,-1.21027e-08
20,6.3,0,3.74571,-0.00453202,-2.06079e-08
20,6.4,0,3.74584,-0.00466422,-2.02942e-08
20,6.5,0,3.74597,-0.00477951,-1.50466e-08
20,6.6,0,3.74611,-0.00491109,-9.19317e-09
20,6.7,0,3.74628,-0.00506565,-2.63397e-09
20,6.8,0,3.74643,-0.00516395,1.48821e-09
20,6.9,0,3.74657,-0.00526225,5.61039e-09
20,7,0,3.74677,-0.00541001,2.88074e-09
20,7.1,0,3.74694,-0.00549249,-2.36184e-09
20,7.2,0,3.7471,-0.00557127,-7.69976e-09
20,7.3,0,3.7473,-0.0056748,-6.73323e-09
20,7.4,0,3.7475,-0.00575822,3.53062e-09
20,7.5,0,3.74768,-0.00581513,1.66519e-08
20,7.6,0,3.74787,-0.00587902,2.66579e-08
20,7.7,0,3.7481,-0.00595531,2.16244e-08
20,7.8,0,3.74829,-0.00598863,7.24452e-09
20,7.9,0,3.74847,-0.00602195,-7.13536e-09
20,8,0,3.74872,-0.00607451,-9.07823e-09
20,8.1,0,3.74892,-0.00608806,5.80607e-09
20,8.2,0,3.74911,-0.00609692,2.23297e-08
20,8.3,0,3.74934,-0.00611137,3.21372e-08
20,8.4,0,3.74956,-0.0061114,2.80979e-08
20,8.5,0,3.74975,-0.0060952,1.80696e-08
20,8.6,0,3.74996,-0.00607899,9.73597e-09
20,8.7,0,3.75021,-0.0060578,9.87842e-09
20,8.8,0,3.7504,-0.00601677,7.5683e-09
20,8.9,0,3.75059,-0.00597574,5.25817e-09
20,9,0,3.75085,-0.00592598,5.09222e-09
20,9.1,0,3.75104,-0.00586268,1.74663e-08
20,9.2,0,3.75123,-0.00579737,3.19629e-08
20,9.3,0,3.75145,-0.00572247,3.98318e-08
20,9.4,0,3.75167,-0.00563504,2.70506e-08
20,9.5,0,3.75184,-0.00554645,1.48972e-09
20,9.6,0,3.75203,-0.00545462,-2.09e-08
20,9.7,0,3.75226,-0.00533705,-1.34931e-08
20,9.8,0,3.75243,-0.0052267,1.30114e-08
20,9.9,0,3.75259,-0.00511635,3.95159e-08
20,10,0,3.75281,-0.00497652,3.84281e-08
20,10.1,0,3.75297,-0.0048423,2.10043e-08
20,10.2,0,3.75312,-0.00471185,1.70923e-09
20,10.3,0,3.7533,-0.0045625,-4.428e-09
20,10.4,0,3.75347,-0.00439842,6.44816e-09
20,10.5,0,3.75361,-0.00424998,1.4701e-08
20,10.6,0,3.75375,-0.0040985,2.1831e-08
20,10.7,0,3.75393,-0.0039006,1.18556e-08
20,10.8,0,3.75404,-0.00373648,1.46689e-08
20,10.9,0,3.75416,-0.00357236,1.74823e-08
20,11,0,3.75431,-0.00336659,2.12188e-08
20,11.1,0,3.75442,-0.00317775,1.47573e-08
20,11.2,0,3.75451,-0.00300031,4.76896e-09
20,11.3,0,3.75462,-0.00280013,1.67577e-09
20,11.4,0,3.75469,-0.0025804,1.21952e-08
20,11.5,0,3.75466,-0.0023927,2.45166e-08
20,11.6,0,3.75463,-0.00220453,3.65978e-08
20,11.7,0,3.75446,-0.00195249,1.57367e-08
20,11.8,0,3.75107,-0.0017562,3.47086e-09
20,11.9,0,3.74768,-0.00155992,-8.79497e-09
20,12,0,3.74428,-0.00131744,-3.69144e-09
20,12.1,0,3.68694,-0.00110557,4.52707e-09
20,12.2,0,3.60649,-0.000917162,1.01967e-08
20,12.3,0,3.526,-0.000708023,1.63901e-08
20,12.4,0,3.11078,-0.000490334,1.98487e-08
20,12.5,0,2.07401,-0.0003436,1.60341e-08
20,12.6,0,1.03724,-0.000196865,1.22196e-08
20,12.7,0,0,0,0
20.1,0,0,0,0,0
20.1,0.1,0,1.30966,-6.9448e-06,3.1084e-09
20.1,0.2,0,2.61931,-1.38896e-05,6.2168e-09
20.1,0.3,0,3.36177,-2.70192e-06,5.86076e-09
20.1,0.4,0,3.537,1.2794e-05,4.79591e-09
20.1,0.5,0,3.71227,4.39541e-05,3.94948e-09
20.1,0.6,0,3.72537,6.57958e-05,2.55125e-09
20.1,0.7,0,3.73848,8.76375e-05,1.15301e-09
20.1,0.8,0,3.74537,0.000126101,9.04215e-10
20.1,0.9,0,3.74602,0.000144874,-5.37587e-10
20.1,1,0,3.74666,0.000180902,-6.12501e-10
20.1,1.1,0,3.74666,0.000194439,-2.78754e-09
20.1,1.2,0,3.74665,0.000207977,-4.96257e-09
20.1,1.3,0,3.74661,0.00023401,-5.45039e-09
20.1,1.4,0,3.74657,0.000240557,-7.35484e-09
20.1,1.5,0,3.74652,0.000261295,-8.01769e-09
20.1,1.6,0,3.74647,0.000259575,-9.20934e-09
20.1,1.7,0,3.74642,0.000257856,-1.0401e-08
20.1,1.8,0,3.74636,0.000263444,-1.03954e-08
20.1,1.9,0,3.7463,0.000252189,-1.06536e-08
20.1,2,0,3.74623,0.000250563,-1.08256e-08
20.1,2.1,0,3.74617,0.000228744,-1.00241e-08
20.1,2.2,0,3.74611,0.000206924,-9.22263e-09
20.1,2.3,0,3.74603,0.000186237,-8.68029e-09
20.1,2.4,0,3.74597,0.000152973,-7.2573e-09
20.1,2.5,0,3.74589,0.000123515,-6.75719e-09
20.1,2.6,0,3.74583,7.82235e-05,-5.36098e-09
20.1,2.7,0,3.74577,3.29322e-05,-3.96478e-09
20.1,2.8,0,3.74569,-1.80396e-05,-3.91548e-09
20.1,2.9,0,3.74563,-7.57389e-05,-3.02663e-09
20.1,3,0,3.74554,-0.000136405,-3.10812e-09
20.1,3.1,0,3.74549,-0.000206787,-2.94222e-09
20.1,3.2,0,3.74543,-0.000277169,-2.77632e-09
20.1,3.3,0,3.74535,-0.000360395,-3.51769e-09
20.1,3.4,0,3.7453,-0.000443255,-3.85653e-09
20.1,3.5,0,3.74523,-0.000536423,-4.50847e-09
20.1,3.6,0,3.74518,-0.000631327,-4.68889e-09
20.1,3.7,0,3.74514,-0.000726231,-4.86932e-09
20.1,3.8,0,3.74508,-0.000840795,-4.47739e-09
20.1,3.9,0,3.74504,-0.000947101,-3.67228e-09
20.1,4,0,3.74499,-0.00107102,-2.52323e-09
20.1,4.1,0,3.74496,-0.00118757,-3.8393e-10
20.1,4.2,0,3.74494,-0.00130412,1.75537e-09
20.1,4.3,0,3.7449,-0.00144622,5.90654e-09
20.1,4.4,0,3.74489,-0.00157176,1.08963e-08
20.1,4.5,0,3.74486,-0.00172164,1.71859e-08
20.1,4.6,0,3.74486,-0.00185458,2.27566e-08
20.1,4.7,0,3.74487,-0.00198751,2.83273e-08
20.1,4.8,0,3.74486,-0.00214023,2.85203e-08
20.1,4.9,0,3.74488,-0.00225829,2.31819e-08
20.1,5,0,3.74489,-0.00240139,1.38881e-08
20.1,5.1,0,3.74492,-0.0026098,-1.32331e-08
20.1,5.2,0,3.74496,-0.00276409,-1.89589e-08
20.1,5.3,0,3.745,-0.00291923,-1.35255e-08
20.1,5.4,0,3.74505,-0.0030747,-2.06029e-09
20.1,5.5,0,3.74511,-0.00322998,1.22218e-08
20.1,5.6,0,3.74518,-0.00338455,2.74323e-08
20.1,5.7,0,3.74525,-0.00353795,4.08453e-08
20.1,5.8,0,3.74534,-0.00368962,4.67493e-08
20.1,5.9,0,3.74542,-0.00383911,3.8964e-08
20.1,6,0,3.74558,-0.00406654,4.82832e-09
20.1,6.1,0,3.74567,-0.00417258,-3.14546e-09
20.1,6.2,0,3.74576,-0.00427862,-1.11192e-08
20.1,6.3,0,3.74586,-0.00439757,-1.92894e-08
20.1,6.4,0,3.74599,-0.00452978,-1.89756e-08
20.1,6.5,0,3.74612,-0.00464506,-1.3728e-08
20.1,6.6,0,3.74625,-0.00476034,-8.48044e-09
20.1,6.7,0,3.74641,-0.00490693,-2.21743e-09
20.1,6.8,0,3.74655,-0.00500523,1.90475e-09
20.1,6.9,0,3.7467,-0.00510353,6.02694e-09
20.1,7,0,3.74688,-0.00523042,6.18908e-09
20.1,7.1,0,3.74705,-0.0053129,9.46505e-10
20.1,7.2,0,3.74721,-0.00539168,-4.39141e-09
20.1,7.3,0,3.74739,-0.0054782,-7.75717e-09
20.1,7.4,0,3.74758,-0.00556162,2.50668e-09
20.1,7.5,0,3.74776,-0.00561853,1.56279e-08
20.1,7.6,0,3.74794,-0.00567544,2.87492e-08
20.1,7.7,0,3.74816,-0.00574581,2.63583e-08
20.1,7.8,0,3.74834,-0.00577913,1.19785e-08
20.1,7.9,0,3.74853,-0.00581245,-2.40141e-09
20.1,8,0,3.74875,-0.00585642,-9.89948e-09
20.1,8.1,0,3.74894,-0.00586997,4.98482e-09
20.1,8.2,0,3.74913,-0.00587882,2.15085e-08
20.1,8.3,0,3.74933,-0.00588905,3.63862e-08
20.1,8.4,0,3.74956,-0.00588909,3.23469e-08
20.1,8.5,0,3.74975,-0.00587288,2.23186e-08
20.1,8.6,0,3.74995,-0.00585668,1.22904e-08
20.1,8.7,0,3.75018,-0.00583549,9.99876e-09
20.1,8.8,0,3.75037,-0.00579446,7.68863e-09
20.1,8.9,0,3.75056,-0.00575344,5.3785e-09
20.1,9,0,3.75079,-0.00570782,4.19549e-09
20.1,9.1,0,3.75098,-0.00564452,1.65696e-08
20.1,9.2,0,3.75117,-0.00557921,3.10661e-08
20.1,9.3,0,3.75136,-0.00551234,4.44857e-08
20.1,9.4,0,3.75158,-0.00542491,3.17046e-08
20.1,9.5,0,3.75176,-0.00533632,6.14368e-09
20.1,9.6,0,3.75194,-0.00524773,-1.94172e-08
20.1,9.7,0,3.75215,-0.0051385,-2.01708e-08
20.1,9.8,0,3.75232,-0.00502815,6.33372e-09
20.1,9.9,0,3.75248,-0.0049178,3.28382e-08
20.1,10,0,3.75267,-0.00479288,4.57028e-08
20.1,10.1,0,3.75284,-0.00465866,2.8279e-08
20.1,10.2,0,3.75299,-0.00452821,8.98391e-09
20.1,10.3,0,3.75314,-0.00439664,-9.52634e-09
20.1,10.4,0,3.75331,-0.00423256,1.34981e-09
20.1,10.5,0,3.75345,-0.00408412,9.60266e-09
20.1,10.6,0,3.75359,-0.00393568,1.78555e-08
20.1,10.7,0,3.75375,-0.00375511,1.42801e-08
20.1,10.8,0,3.75387,-0.00359099,1.70935e-08
20.1,10.9,0,3.75398,-0.00342688,1.99068e-08
20.1,11,0,3.75411,-0.00324366,2.31435e-08
20.1,11.1,0,3.75422,-0.00305482,1.6682e-08
20.1,11.2,0,3.75432,-0.00287737,6.69359e-09
20.1,11.3,0,3.75441,-0.00269992,-3.29476e-09
20.1,11.4,0,3.75448,-0.00248183,6.72822e-09
20.1,11.5,0,3.75445,-0.00229413,1.90496e-08
20.1,11.6,0,3.75442,-0.00210644,3.1371e-08
20.1,11.7,0,3.75424,-0.00187968,2.31471e-08
20.1,11.8,0,3.75085,-0.0016834,1.08812e-08
20.1,11.9,0,3.74746,-0.00148712,-1.3846e-09
20.1,12,0,3.74406,-0.00127155,-6.40062e-09
20.1,12.1,0,3.68672,-0.00105968,1.81789e-09
20.1,12.2,0,3.60627,-0.000871273,7.48756e-09
20.1,12.3,0,3.52581,-0.000682862,1.31572e-08
20.1,12.4,0,3.11059,-0.000470282,1.64867e-08
20.1,12.5,0,2.07382,-0.000323547,1.26721e-08
20.1,12.6,0,1.03705,-0.000176813,8.85755e-09
20.1,12.7,0,0,0,0
20.2,0,0,0,0,0
20.2,0.1,0,1.30966,-6.9448e-06,3.1084e-09
20.2,0.2,0,2.61931,-1.38896e-05,6.2168e-09
20.2,0.3,0,3.36176,-7.30999e-06,6.7793e-09
20.2,0.4,0,3.53699,8.18597e-06,5.71445e-09
20.2,0.5,0,3.71224,2.89033e-05,4.72241e-09
20.2,0.6,0,3.72534,5.0745e-05,3.32418e-09
20.2,0.7,0,3.73845,7.25867e-05,1.92594e-09
20.2,0.8,0,3.74533,9.89462e-05,8.96329e-10
20.2,0.9,0,3.74599,0.000117719,-5.45473e-10
20.2,1,0,3.74663,0.000142244,-1.53165e-09
20.2,1.1,0,3.74663,0.000155781,-3.70668e-09
20.2,1.2,0,3.74662,0.000169318,-5.88171e-09
20.2,1.3,0,3.74659,0.000184691,-7.40415e-09
20.2,1.4,0,3.74655,0.000191238,-9.30861e-09
20.2,1.5,0,3.74651,0.000202515,-1.07992e-08
20.2,1.6,0,3.74646,0.000200796,-1.19908e-08
20.2,1.7,0,3.74641,0.000199076,-1.31825e-08
20.2,1.8,0,3.74635,0.000196614,-1.36639e-08
20.2,1.9,0,3.7463,0.000185359,-1.39221e-08
20.2,2,0,3.74624,0.000177314,-1.41516e-08
20.2,2.1,0,3.74618,0.000155495,-1.33501e-08
20.2,2.2,0,3.74612,0.000133675,-1.25486e-08
20.2,2.3,0,3.74606,0.000108418,-1.16263e-08
20.2,2.4,0,3.746,7.51545e-05,-1.02034e-08
20.2,2.5,0,3.74593,4.31592e-05,-9.088e-09
20.2,2.6,0,3.74587,-2.13214e-06,-7.69179e-09
20.2,2.7,0,3.74581,-4.74235e-05,-6.29558e-09
20.2,2.8,0,3.74574,-9.87442e-05,-5.51746e-09
20.2,2.9,0,3.74568,-0.000156443,-4.62861e-09
20.2,3,0,3.74561,-0.000215132,-4.06321e-09
20.2,3.1,0,3.74556,-0.000285514,-3.89731e-09
20.2,3.2,0,3.7455,-0.000355896,-3.73141e-09
20.2,3.3,0,3.74544,-0.000434718,-4.03618e-09
20.2,3.4,0,3.74539,-0.000517579,-4.37503e-09
20.2,3.5,0,3.74533,-0.000603875,-4.81824e-09
20.2,3.6,0,3.74528,-0.000698778,-4.99866e-09
20.2,3.7,0,3.74524,-0.000793682,-5.17909e-09
20.2,3.8,0,3.74519,-0.00089894,-4.84022e-09
20.2,3.9,0,3.74516,-0.00100525,-4.03511e-09
20.2,4,0,3.74512,-0.00111743,-3.11536e-09
20.2,4.1,0,3.74509,-0.00123397,-9.7606e-10
20.2,4.2,0,3.74507,-0.00135052,1.16324e-09
20.2,4.3,0,3.74504,-0.00147858,4.92333e-09
20.2,4.4,0,3.74503,-0.00160412,9.91312e-09
20.2,4.5,0,3.74501,-0.00173777,1.53362e-08
20.2,4.6,0,3.74501,-0.0018707,2.09069e-08
20.2,4.7,0,3.74502,-0.00200364,2.64776e-08
20.2,4.8,0,3.74502,-0.00213821,2.66194e-08
20.2,4.9,0,3.74504,-0.00225626,2.12811e-08
20.2,5,0,3.74505,-0.00238267,1.46243e-08
20.2,5.1,0,3.74509,-0.00257988,-9.66716e-09
20.2,5.2,0,3.74513,-0.00272569,-1.45834e-08
20.2,5.3,0,3.74517,-0.00287219,-9.66102e-09
20.2,5.4,0,3.74522,-0.00301892,7.2251e-10
20.2,5.5,0,3.74528,-0.00316539,1.3907e-08
20.2,5.6,0,3.74534,-0.00331115,2.82193e-08
20.2,5.7,0,3.74542,-0.00345575,4.10474e-08
20.2,5.8,0,3.7455,-0.00359872,4.67134e-08
20.2,5.9,0,3.74559,-0.00373962,3.90309e-08
20.2,6,0,3.74574,-0.00395414,5.81174e-09
20.2,6.1,0,3.74583,-0.00406018,-2.16204e-09
20.2,6.2,0,3.74592,-0.00416622,-1.01358e-08
20.2,6.3,0,3.74601,-0.00427226,-1.81096e-08
20.2,6.4,0,3.74613,-0.00439533,-1.76571e-08
20.2,6.5,0,3.74626,-0.00451061,-1.24095e-08
20.2,6.6,0,3.74639,-0.00462589,-7.16187e-09
20.2,6.7,0,3.74654,-0.00474821,-1.80088e-09
20.2,6.8,0,3.74668,-0.00484652,2.3213e-09
20.2,6.9,0,3.74683,-0.00494482,6.44348e-09
20.2,7,0,3.74699,-0.00505083,9.49742e-09
20.2,7.1,0,3.74715,-0.00513331,4.25485e-09
20.2,7.2,0,3.74732,-0.00521209,-1.08307e-09
20.2,7.3,0,3.74748,-0.00529087,-6.42099e-09
20.2,7.4,0,3.74767,-0.00536503,1.48274e-09
20.2,7.5,0,3.74784,-0.00542193,1.4604e-08
20.2,7.6,0,3.74802,-0.00547884,2.77253e-08
20.2,7.7,0,3.74821,-0.00553631,3.10923e-08
20.2,7.8,0,3.7484,-0.00556963,1.67124e-08
20.2,7.9,0,3.74858,-0.00560295,2.33253e-09
20.2,8,0,3.74878,-0.00563833,-1.07207e-08
20.2,8.1,0,3.74897,-0.00565187,4.16357e-09
20.2,8.2,0,3.74916,-0.00566073,2.06872e-08
20.2,8.3,0,3.74935,-0.00566959,3.72109e-08
20.2,8.4,0,3.74956,-0.00566677,3.65959e-08
20.2,8.5,0,3.74975,-0.00565057,2.65676e-08
20.2,8.6,0,3.74994,-0.00563436,1.65394e-08
20.2,8.7,0,3.75015,-0.00561319,1.01191e-08
20.2,8.8,0,3.75034,-0.00557216,7.80897e-09
20.2,8.9,0,3.75053,-0.00553113,5.49884e-09
20.2,9,0,3.75073,-0.00548966,3.29877e-09
20.2,9.1,0,3.75093,-0.00542636,1.56728e-08
20.2,9.2,0,3.75111,-0.00536105,3.01694e-08
20.2,9.3,0,3.7513,-0.00529574,4.4666e-08
20.2,9.4,0,3.75149,-0.00521477,3.63585e-08
20.2,9.5,0,3.75167,-0.00512618,1.07976e-08
20.2,9.6,0,3.75185,-0.00503759,-1.47632e-08
20.2,9.7,0,3.75204,-0.00493995,-2.68485e-08
20.2,9.8,0,3.7522,-0.0048296,-3.43964e-10
20.2,9.9,0,3.75237,-0.00471925,2.61606e-08
20.2,10,0,3.75253,-0.0046089,5.26651e-08
20.2,10.1,0,3.7527,-0.00447502,3.55537e-08
20.2,10.2,0,3.75285,-0.00434457,1.62586e-08
20.2,10.3,0,3.753,-0.00421413,-3.03652e-09
20.2,10.4,0,3.75315,-0.00406669,-3.74853e-09
20.2,10.5,0,3.75329,-0.00391825,4.50432e-09
20.2,10.6,0,3.75343,-0.00376981,1.27572e-08
20.2,10.7,0,3.75357,-0.00360962,1.67046e-08
20.2,10.8,0,3.75369,-0.0034455,1.9518e-08
20.2,10.9,0,3.7538,-0.00328139,2.23313e-08
20.2,11,0,3.75392,-0.00311727,2.51446e-08
20.2,11.1,0,3.75403,-0.00293188,1.86066e-08
20.2,11.2,0,3.75412,-0.00275443,8.61823e-09
20.2,11.3,0,3.75421,-0.00257699,-1.37013e-09
20.2,11.4,0,3.75427,-0.00238326,1.26123e-09
20.2,11.5,0,3.75424,-0.00219557,1.35826e-08
20.2,11.6,0,3.75421,-0.00200787,2.59041e-08
20.2,11.7,0,3.75402,-0.00180687,3.05574e-08
20.2,11.8,0,3.75063,-0.00161059,1.82916e-08
20.2,11.9,0,3.74724,-0.00141431,6.02576e-09
20.2,12,0,3.74384,-0.00121803,-6.24007e-09
20.2,12.1,0,3.6865,-0.00101379,-8.91283e-10
20.2,12.2,0,3.60604,-0.000825383,4.77839e-09
20.2,12.3,0,3.52559,-0.000636972,1.04481e-08
20.2,12.4,0,3.1104,-0.00045023,1.31247e-08
20.2,12.5,0,2.07363,-0.000303495,9.3101e-09
20.2,12.6,0,1.03686,-0.000156761,5.49555e-09
20.2,12.7,0,0,0,0
20.3,0,0,3.53418e-32,-3.40695e-37,1.5713e-38
20.3,0.1,0,1.30966,-8.02525e-06,2.48588e-09
20.3,0.2,0,2.61931,-1.49701e-05,5.59428e-09
20.3,0.3,0,3.36175,-1.35138e-05,6.76714e-09
20.3,0.4,0,3.53699,1.98221e-06,5.70229e-09
20.3,0.5,0,3.71222,1.74782e-05,4.63744e-09
20.3,0.6,0,3.72533,3.60037e-05,3.36794e-09
20.3,0.7,0,3.73843,5.78454e-05,1.96971e-09
20.3,0.8,0,3.74532,7.50247e-05,6.81815e-10
20.3,0.9,0,3.74597,9.37976e-05,-7.59987e-10
20.3,1,0,3.74662,0.00011257,-2.20179e-09
20.3,1.1,0,3.74661,0.000123256,-4.14207e-09
20.3,1.2,0,3.74661,0.000136793,-6.31711e-09
20.3,1.3,0,3.74658,0.000144374,-8.09007e-09
20.3,1.4,0,3.74654,0.000150921,-9.99452e-09
20.3,1.5,0,3.7465,0.000157468,-1.1899e-08
20.3,1.6,0,3.74646,0.000153746,-1.28992e-08
20.3,1.7,0,3.74641,0.000152027,-1.40908e-08
20.3,1.8,0,3.74636,0.000144068,-1.47649e-08
20.3,1.9,0,3.74631,0.000132814,-1.50231e-08
20.3,2,0,3.74626,0.000121559,-1.52813e-08
20.3,2.1,0,3.7462,9.88655e-05,-1.45782e-08
20.3,2.2,0,3.74614,7.70461e-05,-1.37767e-08
20.3,2.3,0,3.74609,4.92833e-05,-1.28251e-08
20.3,2.4,0,3.74603,1.60194e-05,-1.14022e-08
20.3,2.5,0,3.74597,-1.72444e-05,-9.97916e-09
20.3,2.6,0,3.74591,-6.2066e-05,-8.66935e-09
20.3,2.7,0,3.74585,-0.000107357,-7.27314e-09
20.3,2.8,0,3.7458,-0.000157661,-6.06401e-09
20.3,2.9,0,3.74574,-0.000215361,-5.17516e-09
20.3,3,0,3.74568,-0.00027306,-4.28631e-09
20.3,3.1,0,3.74563,-0.000341499,-3.90453e-09
20.3,3.2,0,3.74557,-0.000411881,-3.73863e-09
20.3,3.3,0,3.74552,-0.000485805,-3.5648e-09
20.3,3.4,0,3.74547,-0.000568666,-3.90365e-09
20.3,3.5,0,3.74542,-0.000651526,-4.2425e-09
20.3,3.6,0,3.74538,-0.000742993,-4.29478e-09
20.3,3.7,0,3.74533,-0.000837896,-4.47521e-09
20.3,3.8,0,3.7453,-0.000934346,-4.33767e-09
20.3,3.9,0,3.74526,-0.00104065,-3.53256e-09
20.3,4,0,3.74523,-0.00114696,-2.72746e-09
20.3,4.1,0,3.74521,-0.00125869,-1.15947e-09
20.3,4.2,0,3.74518,-0.00137523,9.79831e-10
20.3,4.3,0,3.74517,-0.00149085,3.31609e-09
20.3,4.4,0,3.74515,-0.00161638,8.30588e-09
20.3,4.5,0,3.74514,-0.00174192,1.32957e-08
20.3,4.6,0,3.74515,-0.0018689,1.77965e-08
20.3,4.7,0,3.74515,-0.00200183,2.33672e-08
20.3,4.8,0,3.74516,-0.0021219,2.48905e-08
20.3,4.9,0,3.74517,-0.00223996,1.95521e-08
20.3,5,0,3.74519,-0.00235802,1.42138e-08
20.3,5.1,0,3.74523,-0.00254603,-6.56338e-09
20.3,5.2,0,3.74527,-0.00268491,-1.06239e-08
20.3,5.3,0,3.74531,-0.00282437,-6.42859e-09
20.3,5.4,0,3.74536,-0.00296397,2.44916e-09
20.3,5.5,0,3.74542,-0.00310327,1.3913e-08
20.3,5.6,0,3.74548,-0.00324186,2.6563e-08
20.3,5.7,0,3.74555,-0.00337931,3.80643e-08
20.3,5.8,0,3.74564,-0.00351519,4.31702e-08
20.3,5.9,0,3.74572,-0.00364909,3.60638e-08
20.3,6,0,3.74587,-0.00385301,5.40593e-09
20.3,6.1,0,3.74595,-0.00395193,2.75292e-11
20.3,6.2,0,3.74605,-0.00405797,-7.94625e-09
20.3,6.3,0,3.74614,-0.00416401,-1.592e-08
20.3,6.4,0,3.74625,-0.00426821,-1.60852e-08
20.3,6.5,0,3.74638,-0.00438349,-1.08376e-08
20.3,6.6,0,3.74651,-0.00449878,-5.58999e-09
20.3,6.7,0,3.74663,-0.00460215,-2.42352e-09
20.3,6.8,0,3.74678,-0.00470045,1.69867e-09
20.3,6.9,0,3.74693,-0.00479875,5.82085e-09
20.3,7,0,3.74708,-0.00489705,9.94303e-09
20.3,7.1,0,3.74723,-0.00497118,7.1691e-09
20.3,7.2,0,3.7474,-0.00504996,1.83118e-09
20.3,7.3,0,3.74756,-0.00512874,-3.50674e-09
20.3,7.4,0,3.74772,-0.00519009,-1.88318e-09
20.3,7.5,0,3.7479,-0.005247,1.12381e-08
20.3,7.6,0,3.74808,-0.00530391,2.43593e-08
20.3,7.7,0,3.74825,-0.00535204,3.43976e-08
20.3,7.8,0,3.74843,-0.00538536,2.00177e-08
20.3,7.9,0,3.74862,-0.00541868,5.63786e-09
20.3,8,0,3.7488,-0.005452,-8.74202e-09
20.3,8.1,0,3.74898,-0.00546188,1.25524e-09
20.3,8.2,0,3.74917,-0.00547073,1.77789e-08
20.3,8.3,0,3.74936,-0.00547959,3.43026e-08
20.3,8.4,0,3.74955,-0.00547469,3.64071e-08
20.3,8.5,0,3.74974,-0.00545849,2.63789e-08
20.3,8.6,0,3.74993,-0.00544228,1.63506e-08
20.3,8.7,0,3.75011,-0.00542258,1.11574e-08
20.3,8.8,0,3.7503,-0.00538155,8.8473e-09
20.3,8.9,0,3.75049,-0.00534053,6.53717e-09
20.3,9,0,3.75069,-0.0052995,4.22705e-09
20.3,9.1,0,3.75086,-0.00524066,9.78984e-09
20.3,9.2,0,3.75105,-0.00517534,2.42864e-08
20.3,9.3,0,3.75123,-0.00511003,3.8783e-08
20.3,9.4,0,3.75141,-0.00503722,4.10717e-08
20.3,9.5,0,3.75158,-0.00494864,1.55109e-08
20.3,9.6,0,3.75176,-0.00486005,-1.005e-08
20.3,9.7,0,3.75193,-0.00477237,-3.23373e-08
20.3,9.8,0,3.75209,-0.00466317,-7.0856e-09
20.3,9.9,0,3.75226,-0.00455282,1.94189e-08
20.3,10,0,3.75242,-0.00444247,4.59234e-08
20.3,10.1,0,3.75257,-0.00432247,3.79288e-08
20.3,10.2,0,3.75272,-0.00419202,1.86337e-08
20.3,10.3,0,3.75287,-0.00406157,-6.61443e-10
20.3,10.4,0,3.75301,-0.00393042,-5.59017e-09
20.3,10.5,0,3.75314,-0.00378198,2.66268e-09
20.3,10.6,0,3.75328,-0.00363354,1.09155e-08
20.3,10.7,0,3.75341,-0.00348782,1.62532e-08
20.3,10.8,0,3.75352,-0.00332763,1.68985e-08
20.3,10.9,0,3.75364,-0.00316351,1.97118e-08
20.3,11,0,3.75376,-0.00299939,2.25251e-08
20.3,11.1,0,3.75385,-0.00283421,2.01427e-08
20.3,11.2,0,3.75395,-0.00265676,1.01543e-08
20.3,11.3,0,3.75404,-0.00247932,1.65951e-10
20.3,11.4,0,3.75408,-0.00230723,-3.18894e-09
20.3,11.5,0,3.75405,-0.00211953,9.13248e-09
20.3,11.6,0,3.75403,-0.00193184,2.14539e-08
20.3,11.7,0,3.75383,-0.0017463,3.27344e-08
20.3,11.8,0,3.75044,-0.00155732,2.10017e-08
20.3,11.9,0,3.74704,-0.00136104,8.73587e-09
20.3,12,0,3.74365,-0.00116476,-3.52996e-09
20.3,12.1,0,3.68632,-0.0009835,-3.24668e-09
20.3,12.2,0,3.60587,-0.000795089,2.42299e-09
20.3,12.3,0,3.52541,-0.000606678,8.09266e-09
20.3,12.4,0,3.11031,-0.000440204,1.14437e-08
20.3,12.5,0,2.07354,-0.000293469,7.6291e-09
20.3,12.6,0,1.03677,-0.000146735,3.81455e-09
20.3,12.7,0,0,0,0
20.4,0,0,3.53418e-32,-3.40695e-37,1.5713e-38
20.4,0.1,0,1.30967,-1.01862e-05,1.24084e-09
20.4,0.2,0,2.61932,-1.7131e-05,4.34924e-09
20.4,0.3,0,3.36175,-2.13132e-05,5.82427e-09
20.4,0.4,0,3.53699,-5.81725e-06,4.75942e-09
20.4,0.5,0,3.71222,9.67872e-06,3.69457e-09
20.4,0.6,0,3.72532,2.15719e-05,2.68254e-09
20.4,0.7,0,3.73843,4.34137e-05,1.28431e-09
20.4,0.8,0,3.74531,5.43366e-05,2.60671e-10
20.4,0.9,0,3.74597,7.31095e-05,-1.18113e-09
20.4,1,0,3.74662,9.18825e-05,-2.62293e-09
20.4,1.1,0,3.74662,9.68652e-05,-4.09371e-09
20.4,1.2,0,3.74661,0.000110402,-6.26875e-09
20.4,1.3,0,3.74659,0.000113061,-7.50813e-09
20.4,1.4,0,3.74655,0.000119608,-9.41259e-09
20.4,1.5,0,3.74651,0.000126155,-1.1317e-08
20.4,1.6,0,3.74648,0.000118427,-1.19344e-08
20.4,1.7,0,3.74643,0.000116707,-1.3126e-08
20.4,1.8,0,3.74639,0.000105807,-1.36984e-08
20.4,1.9,0,3.74633,9.4552e-05,-1.39566e-08
20.4,2,0,3.74628,8.32971e-05,-1.42148e-08
20.4,2.1,0,3.74623,5.88562e-05,-1.37085e-08
20.4,2.2,0,3.74618,3.70368e-05,-1.2907e-08
20.4,2.3,0,3.74613,8.83167e-06,-1.22767e-08
20.4,2.4,0,3.74607,-2.44322e-05,-1.08537e-08
20.4,2.5,0,3.74601,-5.7696e-05,-9.43069e-09
20.4,2.6,0,3.74596,-0.000101578,-8.29367e-09
20.4,2.7,0,3.7459,-0.000146869,-6.89746e-09
20.4,2.8,0,3.74586,-0.000194791,-5.55513e-09
20.4,2.9,0,3.7458,-0.00025249,-4.66628e-09
20.4,3,0,3.74574,-0.000310189,-3.77743e-09
20.4,3.1,0,3.74569,-0.000374744,-2.96388e-09
20.4,3.2,0,3.74564,-0.000445126,-2.79798e-09
20.4,3.3,0,3.7456,-0.000513656,-2.10356e-09
20.4,3.4,0,3.74555,-0.000596516,-2.44241e-09
20.4,3.5,0,3.7455,-0.000679376,-2.78126e-09
20.4,3.6,0,3.74546,-0.00076397,-2.57726e-09
20.4,3.7,0,3.74542,-0.000858873,-2.75768e-09
20.4,3.8,0,3.74539,-0.000947011,-2.96973e-09
20.4,3.9,0,3.74535,-0.00105332,-2.16462e-09
20.4,4,0,3.74532,-0.00115962,-1.35952e-09
20.4,4.1,0,3.74531,-0.00126171,-9.34158e-10
20.4,4.2,0,3.74528,-0.00137826,1.20514e-09
20.4,4.3,0,3.74527,-0.00148302,1.08482e-09
20.4,4.4,0,3.74526,-0.00160855,6.07461e-09
20.4,4.5,0,3.74525,-0.00173409,1.10644e-08
20.4,4.6,0,3.74525,-0.00184916,1.34253e-08
20.4,4.7,0,3.74526,-0.00198209,1.89961e-08
20.4,4.8,0,3.74527,-0.00209132,2.33334e-08
20.4,4.9,0,3.74529,-0.00220937,1.79951e-08
20.4,5,0,3.7453,-0.00232743,1.26567e-08
20.4,5.1,0,3.74534,-0.00250825,-3.9218e-09
20.4,5.2,0,3.74538,-0.00264175,-7.08062e-09
20.4,5.3,0,3.74542,-0.00277576,-3.82823e-09
20.4,5.4,0,3.74547,-0.00290986,3.11964e-09
20.4,5.5,0,3.74553,-0.00304364,1.22398e-08
20.4,5.6,0,3.74559,-0.00317669,2.24634e-08
20.4,5.7,0,3.74566,-0.00330862,3.18961e-08
20.4,5.8,0,3.74574,-0.00343902,3.61198e-08
20.4,5.9,0,3.74583,-0.0035675,3.00625e-08
20.4,6,0,3.74597,-0.00376315,3.61089e-09
20.4,6.1,0,3.74605,-0.00384784,3.42326e-09
20.4,6.2,0,3.74614,-0.00395388,-4.55053e-09
20.4,6.3,0,3.74623,-0.00405991,-1.25243e-08
20.4,6.4,0,3.74633,-0.00414843,-1.426e-08
20.4,6.5,0,3.74646,-0.00426371,-9.01241e-09
20.4,6.6,0,3.74659,-0.004379,-3.76481e-09
20.4,6.7,0,3.74671,-0.0044785,-1.58718e-09
20.4,6.8,0,3.74685,-0.00456703,3.6861e-11
20.4,6.9,0,3.747,-0.00466533,4.15904e-09
20.4,7,0,3.74715,-0.00476363,8.28123e-09
20.4,7.1,0,3.74728,-0.00482652,9.68925e-09
20.4,7.2,0,3.74745,-0.0049053,4.35133e-09
20.4,7.3,0,3.74761,-0.00498407,-9.86588e-10
20.4,7.4,0,3.74776,-0.00503681,-7.59108e-09
20.4,7.5,0,3.74793,-0.00509372,5.53018e-09
20.4,7.6,0,3.74811,-0.00515063,1.86514e-08
20.4,7.7,0,3.74828,-0.00519788,2.985e-08
20.4,7.8,0,3.74845,-0.00522632,2.18944e-08
20.4,7.9,0,3.74863,-0.00525964,7.51457e-09
20.4,8,0,3.74882,-0.00529297,-6.86531e-09
20.4,8.1,0,3.74898,-0.00529997,-3.74017e-09
20.4,8.2,0,3.74917,-0.00530883,1.27835e-08
20.4,8.3,0,3.74936,-0.00531768,2.93072e-08
20.4,8.4,0,3.74952,-0.00531284,3.17572e-08
20.4,8.5,0,3.74971,-0.00529664,2.17524e-08
20.4,8.6,0,3.7499,-0.00528044,1.17241e-08
20.4,8.7,0,3.75009,-0.0052608,6.67829e-09
20.4,8.8,0,3.75026,-0.00522265,1.08036e-08
20.4,8.9,0,3.75045,-0.00518162,8.4935e-09
20.4,9,0,3.75064,-0.00514059,6.18338e-09
20.4,9.1,0,3.7508,-0.00508741,-1.07941e-09
20.4,9.2,0,3.75098,-0.00502209,1.34172e-08
20.4,9.3,0,3.75117,-0.00495678,2.79138e-08
20.4,9.4,0,3.75132,-0.00489065,4.28093e-08
20.4,9.5,0,3.7515,-0.00480367,2.02834e-08
20.4,9.6,0,3.75168,-0.00471508,-5.27752e-09
20.4,9.7,0,3.75185,-0.0046274,-2.75648e-08
20.4,9.8,0,3.75199,-0.00452886,-1.38912e-08
20.4,9.9,0,3.75216,-0.00441852,1.26133e-08
20.4,10,0,3.75232,-0.00430817,3.91179e-08
20.4,10.1,0,3.75245,-0.00420099,3.54042e-08
20.4,10.2,0,3.7526,-0.00407055,1.61091e-08
20.4,10.3,0,3.75275,-0.0039401,-3.18597e-09
20.4,10.4,0,3.75288,-0.00381895,-5.45401e-09
20.4,10.5,0,3.75301,-0.00367531,4.07774e-09
20.4,10.6,0,3.75315,-0.00352687,1.23306e-08
20.4,10.7,0,3.75328,-0.00338115,1.76682e-08
20.4,10.8,0,3.75338,-0.00323736,9.23503e-09
20.4,10.9,0,3.7535,-0.00307324,1.20483e-08
20.4,11,0,3.75361,-0.00290913,1.48617e-08
20.4,11.1,0,3.7537,-0.0027618,2.12902e-08
20.4,11.2,0,3.75379,-0.00258436,1.13018e-08
20.4,11.3,0,3.75388,-0.00240691,1.31347e-09
20.4,11.4,0,3.75392,-0.00224512,-4.53696e-09
20.4,11.5,0,3.75389,-0.00206604,5.69913e-09
20.4,11.6,0,3.75386,-0.00187834,1.80205e-08
20.4,11.7,0,3.75367,-0.0016928,2.93011e-08
20.4,11.8,0,3.75027,-0.0015236,1.90116e-08
20.4,11.9,0,3.74688,-0.00132732,6.74572e-09
20.4,12,0,3.74349,-0.00113104,-5.52012e-09
20.4,12.1,0,3.68619,-0.000968801,-5.24829e-09
20.4,12.2,0,3.60573,-0.00078039,4.21377e-10
20.4,12.3,0,3.52527,-0.000591979,6.09104e-09
20.4,12.4,0,3.11023,-0.000431592,1.02711e-08
20.4,12.5,0,2.07354,-0.000293469,7.6291e-09
20.4,12.6,0,1.03677,-0.000146735,3.81455e-09
20.4,12.7,0,0,0,0
20.5,0,0,3.53418e-32,-3.40695e-37,1.5713e-38
20.5,0.1,0,1.30968,-1.2347e-05,-4.20714e-12
20.5,0.2,0,2.61933,-1.92919e-05,3.10419e-09
20.5,0.3,0,3.36176,-2.48837e-05,4.65477e-09
20.5,0.4,0,3.53698,-1.36167e-05,3.81655e-09
20.5,0.5,0,3.71222,1.87926e-06,2.7517e-09
20.5,0.6,0,3.72532,7.14014e-06,1.99715e-09
20.5,0.7,0,3.73843,2.89819e-05,5.98912e-10
20.5,0.8,0,3.74531,3.83408e-05,-3.58663e-10
20.5,0.9,0,3.74597,5.24215e-05,-1.60227e-09
20.5,1,0,3.74662,7.11944e-05,-3.04408e-09
20.5,1.1,0,3.74662,7.04741e-05,-4.04535e-09
20.5,1.2,0,3.74661,8.40113e-05,-6.22039e-09
20.5,1.3,0,3.7466,8.5439e-05,-7.32638e-09
20.5,1.4,0,3.74656,8.82941e-05,-8.83066e-09
20.5,1.5,0,3.74652,9.48412e-05,-1.07351e-08
20.5,1.6,0,3.74649,8.31076e-05,-1.09695e-08
20.5,1.7,0,3.74644,8.13882e-05,-1.21612e-08
20.5,1.8,0,3.74641,6.9752e-05,-1.27081e-08
20.5,1.9,0,3.74636,5.62904e-05,-1.28901e-08
20.5,2,0,3.7463,4.50355e-05,-1.31483e-08
20.5,2.1,0,3.74627,1.88469e-05,-1.28388e-08
20.5,2.2,0,3.74621,-2.97255e-06,-1.20373e-08
20.5,2.3,0,3.74616,-3.12882e-05,-1.14873e-08
20.5,2.4,0,3.74611,-6.48838e-05,-1.03052e-08
20.5,2.5,0,3.74605,-9.81476e-05,-8.88221e-09
20.5,2.6,0,3.74601,-0.00014109,-7.91799e-09
20.5,2.7,0,3.74595,-0.000186381,-6.52178e-09
20.5,2.8,0,3.74591,-0.000233707,-5.14615e-09
20.5,2.9,0,3.74585,-0.00028962,-4.1574e-09
20.5,3,0,3.74579,-0.000347319,-3.26855e-09
20.5,3.1,0,3.74576,-0.000407988,-2.02324e-09
20.5,3.2,0,3.7457,-0.00047837,-1.85734e-09
20.5,3.3,0,3.74567,-0.000545552,-1.03277e-09
20.5,3.4,0,3.74562,-0.000624367,-9.81171e-10
20.5,3.5,0,3.74557,-0.000707227,-1.32002e-09
20.5,3.6,0,3.74555,-0.000784947,-8.59728e-10
20.5,3.7,0,3.7455,-0.00087985,-1.04015e-09
20.5,3.8,0,3.74548,-0.00096591,-1.3396e-09
20.5,3.9,0,3.74545,-0.00106598,-7.96687e-10
20.5,4,0,3.74541,-0.00117229,8.41786e-12
20.5,4.1,0,3.7454,-0.00126474,-7.08848e-10
20.5,4.2,0,3.74538,-0.00138129,1.43045e-09
20.5,4.3,0,3.74537,-0.00148333,6.95988e-10
20.5,4.4,0,3.74536,-0.00160072,3.84335e-09
20.5,4.5,0,3.74535,-0.00172626,8.83314e-09
20.5,4.6,0,3.74536,-0.00182943,9.05418e-09
20.5,4.7,0,3.74537,-0.00196236,1.46249e-08
20.5,4.8,0,3.74538,-0.00206887,1.96657e-08
20.5,4.9,0,3.7454,-0.00217879,1.6438e-08
20.5,5,0,3.74541,-0.00229685,1.10996e-08
20.5,5.1,0,3.74545,-0.00247047,-1.28023e-09
20.5,5.2,0,3.74549,-0.00259859,-3.5373e-09
20.5,5.3,0,3.74554,-0.00272715,-1.22787e-09
20.5,5.4,0,3.74559,-0.00285575,3.79013e-09
20.5,5.5,0,3.74564,-0.002984,1.05666e-08
20.5,5.6,0,3.74571,-0.00311152,1.83637e-08
20.5,5.7,0,3.74577,-0.00323794,2.57278e-08
20.5,5.8,0,3.74585,-0.00336286,2.90694e-08
20.5,5.9,0,3.74593,-0.00348592,2.40612e-08
20.5,6,0,3.74607,-0.00367329,1.81585e-09
20.5,6.1,0,3.74614,-0.00374374,6.81898e-09
20.5,6.2,0,3.74624,-0.00384978,-1.1548e-09
20.5,6.3,0,3.74633,-0.00395582,-9.12858e-09
20.5,6.4,0,3.74642,-0.00404123,-1.11749e-08
20.5,6.5,0,3.74654,-0.00414393,-7.18722e-09
20.5,6.6,0,3.74667,-0.00425921,-1.93962e-09
20.5,6.7,0,3.7468,-0.00435872,2.38008e-10
20.5,6.8,0,3.74692,-0.00443361,-1.62494e-09
20.5,6.9,0,3.74707,-0.00453191,2.49724e-09
20.5,7,0,3.74721,-0.00463022,6.61942e-09
20.5,7.1,0,3.74734,-0.00468206,1.21314e-08
20.5,7.2,0,3.7475,-0.00476063,6.87148e-09
20.5,7.3,0,3.74766,-0.00483941,1.53356e-09
20.5,7.4,0,3.74781,-0.00489157,-5.62356e-09
20.5,7.5,0,3.74797,-0.00494045,-1.77721e-10
20.5,7.6,0,3.74815,-0.00499735,1.29435e-08
20.5,7.7,0,3.74831,-0.0050446,2.41421e-08
20.5,7.8,0,3.74846,-0.00506728,2.37712e-08
20.5,7.9,0,3.74865,-0.0051006,9.39128e-09
20.5,8,0,3.74883,-0.00513393,-4.98859e-09
20.5,8.1,0,3.74897,-0.0051385,-7.70989e-09
20.5,8.2,0,3.74916,-0.00514693,7.7881e-09
20.5,8.3,0,3.74935,-0.00515578,2.43118e-08
20.5,8.4,0,3.74951,-0.00515094,2.67618e-08
20.5,8.5,0,3.74969,-0.00513479,1.71259e-08
20.5,8.6,0,3.74988,-0.00511859,7.0976e-09
20.5,8.7,0,3.75006,-0.00509896,2.05177e-09
20.5,8.8,0,3.75021,-0.00506374,1.276e-08
20.5,8.9,0,3.7504,-0.00502271,1.04498e-08
20.5,9,0,3.75059,-0.00498168,8.13971e-09
20.5,9.1,0,3.75074,-0.00493257,-8.35941e-09
20.5,9.2,0,3.75092,-0.00486884,2.54793e-09
20.5,9.3,0,3.7511,-0.00480353,1.70445e-08
20.5,9.4,0,3.75126,-0.0047374,3.194e-08
20.5,9.5,0,3.75141,-0.00465871,2.50559e-08
20.5,9.6,0,3.75159,-0.00457012,-5.05026e-10
20.5,9.7,0,3.75176,-0.00448244,-2.27923e-08
20.5,9.8,0,3.75189,-0.00439456,-2.06968e-08
20.5,9.9,0,3.75205,-0.00428421,5.80776e-09
20.5,10,0,3.75222,-0.00417386,3.23123e-08
20.5,10.1,0,3.75234,-0.00407425,3.11226e-08
20.5,10.2,0,3.75248,-0.00394908,1.35846e-08
20.5,10.3,0,3.75263,-0.00381863,-5.7105e-09
20.5,10.4,0,3.75276,-0.00369747,-7.97854e-09
20.5,10.5,0,3.75288,-0.00356863,5.49281e-09
20.5,10.6,0,3.75301,-0.00342019,1.37457e-08
20.5,10.7,0,3.75315,-0.00327447,1.90833e-08
20.5,10.8,0,3.75323,-0.00314709,1.57157e-09
20.5,10.9,0,3.75335,-0.00298297,4.38489e-09
20.5,11,0,3.75347,-0.00281886,7.19821e-09
20.5,11.1,0,3.75355,-0.00267973,1.76706e-08
20.5,11.2,0,3.75364,-0.00251195,1.24494e-08
20.5,11.3,0,3.75373,-0.0023345,2.461e-09
20.5,11.4,0,3.75377,-0.00217271,-3.38944e-09
20.5,11.5,0,3.75373,-0.00201254,2.26578e-09
20.5,11.6,0,3.7537,-0.00182485,1.45872e-08
20.5,11.7,0,3.75351,-0.00163931,2.58677e-08
20.5,11.8,0,3.75011,-0.00148988,1.70214e-08
20.5,11.9,0,3.74672,-0.0012936,4.75556e-09
20.5,12,0,3.74333,-0.00109732,-7.51028e-09
20.5,12.1,0,3.68603,-0.000941326,-7.24221e-09
20.5,12.2,0,3.60559,-0.00076569,-1.58024e-09
20.5,12.3,0,3.52513,-0.000577279,4.08943e-09
20.5,12.4,0,3.11009,-0.000416893,8.26945e-09
20.5,12.5,0,2.07354,-0.000293469,7.6291e-09
20.5,12.6,0,1.03677,-0.000146735,3.81455e-09
20.5,12.7,0,0,0,0
20.6,0,0,3.53418e-32,-3.40695e-37,1.5713e-38
20.6,0.1,0,1.30968,-1.45079e-05,-1.24925e-09
20.6,0.2,0,2.61934,-2.14528e-05,1.85915e-09
20.6,0.3,0,3.36177,-2.70446e-05,3.40973e-09
20.6,0.4,0,3.53698,-2.14162e-05,2.87368e-09
20.6,0.5,0,3.71221,-5.92019e-06,1.80883e-09
20.6,0.6,0,3.72531,-7.29165e-06,1.31175e-09
20.6,0.7,0,3.73842,1.45501e-05,-8.6485e-11
20.6,0.8,0,3.74531,2.3909e-05,-1.04406e-09
20.6,0.9,0,3.74596,3.17335e-05,-2.02342e-09
20.6,1,0,3.74662,5.05064e-05,-3.46522e-09
20.6,1.1,0,3.74663,4.40831e-05,-3.997e-09
20.6,1.2,0,3.74662,5.76203e-05,-6.17203e-09
20.6,1.3,0,3.7466,5.9048e-05,-7.27802e-09
20.6,1.4,0,3.74657,5.69806e-05,-8.24873e-09
20.6,1.5,0,3.74653,6.35276e-05,-1.01532e-08
20.6,1.6,0,3.74651,4.77883e-05,-1.00047e-08
20.6,1.7,0,3.74646,4.60689e-05,-1.11964e-08
20.6,1.8,0,3.74642,3.44327e-05,-1.17433e-08
20.6,1.9,0,3.74638,1.80288e-05,-1.18236e-08
20.6,2,0,3.74633,6.77387e-06,-1.20818e-08
20.6,2.1,0,3.7463,-2.11624e-05,-1.1969e-08
20.6,2.2,0,3.74624,-4.29818e-05,-1.11676e-08
20.6,2.3,0,3.7462,-7.12975e-05,-1.06175e-08
20.6,2.4,0,3.74615,-0.000105335,-9.75673e-09
20.6,2.5,0,3.74609,-0.000138599,-8.33374e-09
20.6,2.6,0,3.74606,-0.000180602,-7.54231e-09
20.6,2.7,0,3.746,-0.000225893,-6.1461e-09
20.6,2.8,0,3.74596,-0.000273219,-4.77047e-09
20.6,2.9,0,3.74591,-0.000326749,-3.64853e-09
20.6,3,0,3.74585,-0.000384449,-2.75968e-09
20.6,3.1,0,3.74583,-0.000441232,-1.0826e-09
20.6,3.2,0,3.74577,-0.000511614,-9.16696e-10
20.6,3.3,0,3.74574,-0.000578797,-9.21255e-11
20.6,3.4,0,3.7457,-0.000652218,4.8007e-10
20.6,3.5,0,3.74565,-0.000735078,1.41221e-10
20.6,3.6,0,3.74563,-0.000805924,8.57801e-10
20.6,3.7,0,3.74559,-0.000900828,6.77376e-10
20.6,3.8,0,3.74556,-0.000986887,3.77931e-10
20.6,3.9,0,3.74554,-0.00107865,5.71251e-10
20.6,4,0,3.7455,-0.00118495,1.37636e-09
20.6,4.1,0,3.7455,-0.00126777,-4.83536e-10
20.6,4.2,0,3.74548,-0.00138431,1.65576e-09
20.6,4.3,0,3.74547,-0.00148636,9.21299e-10
20.6,4.4,0,3.74547,-0.00159289,1.61208e-09
20.6,4.5,0,3.74546,-0.00171843,6.60187e-09
20.6,4.6,0,3.74547,-0.00180969,4.68304e-09
20.6,4.7,0,3.74548,-0.00194262,1.02538e-08
20.6,4.8,0,3.74549,-0.00204913,1.52946e-08
20.6,4.9,0,3.74551,-0.0021482,1.48809e-08
20.6,5,0,3.74552,-0.00226626,9.54255e-09
20.6,5.1,0,3.74557,-0.0024327,1.36135e-09
20.6,5.2,0,3.74561,-0.00255544,6.0135e-12
20.6,5.3,0,3.74565,-0.00267854,1.3725e-09
20.6,5.4,0,3.7457,-0.00280164,4.46061e-09
20.6,5.5,0,3.74576,-0.00292436,8.89337e-09
20.6,5.6,0,3.74582,-0.00304635,1.42641e-08
20.6,5.7,0,3.74588,-0.00316725,1.95596e-08
20.6,5.8,0,3.74596,-0.00328669,2.2019e-08
20.6,5.9,0,3.74604,-0.00340433,1.80599e-08
20.6,6,0,3.74617,-0.00358343,2.08151e-11
20.6,6.1,0,3.74625,-0.00365229,5.605e-09
20.6,6.2,0,3.74633,-0.00374569,2.24093e-09
20.6,6.3,0,3.74642,-0.00385173,-5.73285e-09
20.6,6.4,0,3.74652,-0.00393714,-7.77914e-09
20.6,6.5,0,3.74663,-0.00402415,-5.36203e-09
20.6,6.6,0,3.74675,-0.00413943,-1.14436e-10
20.6,6.7,0,3.74688,-0.00423893,2.06319e-09
20.6,6.8,0,3.74699,-0.00430162,-2.92244e-09
20.6,6.9,0,3.74713,-0.0043985,8.35432e-10
20.6,7,0,3.74728,-0.0044968,4.95761e-09
20.6,7.1,0,3.7474,-0.00454864,1.04696e-08
20.6,7.2,0,3.74755,-0.00461596,9.39164e-09
20.6,7.3,0,3.74772,-0.00469474,4.05372e-09
20.6,7.4,0,3.74786,-0.0047469,-3.1034e-09
20.6,7.5,0,3.748,-0.00478717,-5.88562e-09
20.6,7.6,0,3.74818,-0.00484408,7.23564e-09
20.6,7.7,0,3.74835,-0.00489133,1.84342e-08
20.6,7.8,0,3.74848,-0.0049096,2.38649e-08
20.6,7.9,0,3.74866,-0.00494157,1.1268e-08
20.6,8,0,3.74885,-0.00497489,-3.11188e-09
20.6,8.1,0,3.74899,-0.00497946,-5.83317e-09
20.6,8.2,0,3.74916,-0.00498502,2.79269e-09
20.6,8.3,0,3.74935,-0.00499388,1.93164e-08
20.6,8.4,0,3.74951,-0.00498903,2.17664e-08
20.6,8.5,0,3.74966,-0.00497295,1.24993e-08
20.6,8.6,0,3.74985,-0.00495674,2.47108e-09
20.6,8.7,0,3.75003,-0.00493711,-2.57475e-09
20.6,8.8,0,3.75017,-0.00490376,1.23091e-08
20.6,8.9,0,3.75035,-0.0048638,1.24062e-08
20.6,9,0,3.75055,-0.00482278,1.0096e-08
20.6,9.1,0,3.75069,-0.00477366,-6.40308e-09
20.6,9.2,0,3.75085,-0.00471559,-8.32132e-09
20.6,9.3,0,3.75104,-0.00465027,6.17527e-09
20.6,9.4,0,3.75119,-0.00458415,2.10708e-08
20.6,9.5,0,3.75133,-0.00451374,2.98283e-08
20.6,9.6,0,3.75151,-0.00442515,4.26747e-09
20.6,9.7,0,3.75167,-0.00433747,-1.80198e-08
20.6,9.8,0,3.75179,-0.00425496,-2.17565e-08
20.6,9.9,0,3.75195,-0.0041499,-9.97813e-10
20.6,10,0,3.75212,-0.00403955,2.55067e-08
20.6,10.1,0,3.75224,-0.00393995,2.4317e-08
20.6,10.2,0,3.75236,-0.00382761,1.10601e-08
20.6,10.3,0,3.75252,-0.00369716,-8.23503e-09
20.6,10.4,0,3.75264,-0.003576,-1.05031e-08
20.6,10.5,0,3.75275,-0.00346195,6.90787e-09
20.6,10.6,0,3.75288,-0.00331351,1.51607e-08
20.6,10.7,0,3.75301,-0.00316779,2.04984e-08
20.6,10.8,0,3.7531,-0.00304653,-4.00871e-10
20.6,10.9,0,3.75321,-0.0028927,-3.27857e-09
20.6,11,0,3.75332,-0.00272859,-4.65249e-10
20.6,11.1,0,3.7534,-0.00258946,1.00071e-08
20.6,11.2,0,3.75348,-0.00243954,1.35969e-08
20.6,11.3,0,3.75358,-0.00226209,3.60852e-09
20.6,11.4,0,3.75361,-0.00210031,-2.24192e-09
20.6,11.5,0,3.75357,-0.00195905,-1.16758e-09
20.6,11.6,0,3.75354,-0.00177135,1.11538e-08
20.6,11.7,0,3.75334,-0.00158581,2.24344e-08
20.6,11.8,0,3.74995,-0.00144118,1.39381e-08
20.6,11.9,0,3.74656,-0.00125988,2.7654e-09
20.6,12,0,3.74316,-0.0010636,-9.50043e-09
20.6,12.1,0,3.68587,-0.000907606,-9.23237e-09
20.6,12.2,0,3.60545,-0.000750991,-3.58185e-09
20.6,12.3,0,3.52499,-0.00056258,2.08782e-09
20.6,12.4,0,3.10995,-0.000402193,6.26784e-09
20.6,12.5,0,2.07354,-0.000293469,7.6291e-09
20.6,12.6,0,1.03677,-0.000146735,3.81455e-09
20.6,12.7,0,0,0,0
20.7,0,0,3.53418e-32,-3.40695e-37,1.5713e-38
20.7,0.1,0,1.30968,-1.45079e-05,-1.24925e-09
20.7,0.2,0,2.61935,-2.36136e-05,6.14107e-10
20.7,0.3,0,3.36177,-2.92055e-05,2.16468e-09
20.7,0.4,0,3.53698,-2.92156e-05,1.9308e-09
20.7,0.5,0,3.71221,-1.37196e-05,8.65954e-10
20.7,0.6,0,3.72531,-1.50911e-05,3.68879e-10
20.7,0.7,0,3.73842,1.18273e-07,-7.71882e-10
20.7,0.8,0,3.7453,9.4772e-06,-1.72946e-09
20.7,0.9,0,3.74596,1.10455e-05,-2.44456e-09
20.7,1,0,3.74661,2.98184e-05,-3.88636e-09
20.7,1.1,0,3.74662,2.33951e-05,-4.41814e-09
20.7,1.2,0,3.74662,3.12293e-05,-6.12367e-09
20.7,1.3,0,3.74661,3.2657e-05,-7.22966e-09
20.7,1.4,0,3.74658,2.5667e-05,-7.6668e-09
20.7,1.5,0,3.74654,3.22141e-05,-9.57125e-09
20.7,1.6,0,3.74652,1.64747e-05,-9.42278e-09
20.7,1.7,0,3.74647,1.07496e-05,-1.02315e-08
20.7,1.8,0,3.74644,-8.86605e-07,-1.07785e-08
20.7,1.9,0,3.7464,-2.02329e-05,-1.07571e-08
20.7,2,0,3.74635,-3.14877e-05,-1.10152e-08
20.7,2.1,0,3.74632,-5.9424e-05,-1.09025e-08
20.7,2.2,0,3.74627,-8.29911e-05,-1.02979e-08
20.7,2.3,0,3.74623,-0.000111307,-9.74781e-09
20.7,2.4,0,3.74619,-0.000145787,-9.20826e-09
20.7,2.5,0,3.74613,-0.000179051,-7.78527e-09
20.7,2.6,0,3.7461,-0.000221054,-6.99383e-09
20.7,2.7,0,3.74605,-0.000265405,-5.77042e-09
20.7,2.8,0,3.74601,-0.000312731,-4.39479e-09
20.7,2.9,0,3.74597,-0.000363879,-3.13965e-09
20.7,3,0,3.74591,-0.000421578,-2.2508e-09
20.7,3.1,0,3.74589,-0.000478362,-5.73718e-10
20.7,3.2,0,3.74584,-0.000544859,2.39479e-11
20.7,3.3,0,3.7458,-0.000612041,8.48518e-10
20.7,3.4,0,3.74578,-0.000680069,1.94131e-09
20.7,3.5,0,3.74573,-0.000762929,1.60246e-09
20.7,3.6,0,3.74571,-0.000833775,2.31904e-09
20.7,3.7,0,3.74567,-0.000921805,2.3949e-09
20.7,3.8,0,3.74565,-0.00100786,2.09546e-09
20.7,3.9,0,3.74563,-0.00109131,1.93919e-09
20.7,4,0,3.7456,-0.00119762,2.74429e-09
20.7,4.1,0,3.7456,-0.00128043,8.84401e-10
20.7,4.2,0,3.74558,-0.00138734,1.88107e-09
20.7,4.3,0,3.74557,-0.00148938,1.14661e-09
20.7,4.4,0,3.74557,-0.00158506,-6.19187e-10
20.7,4.5,0,3.74556,-0.0017106,4.3706e-09
20.7,4.6,0,3.74558,-0.00180186,2.45177e-09
20.7,4.7,0,3.74559,-0.00192288,5.88264e-09
20.7,4.8,0,3.7456,-0.00202939,1.09235e-08
20.7,4.9,0,3.74562,-0.00211762,1.33238e-08
20.7,5,0,3.74564,-0.00223567,7.98547e-09
20.7,5.1,0,3.74568,-0.00239492,4.00292e-09
20.7,5.2,0,3.74572,-0.00251228,3.54933e-09
20.7,5.3,0,3.74576,-0.00262993,3.97286e-09
20.7,5.4,0,3.74581,-0.00274753,5.1311e-09
20.7,5.5,0,3.74587,-0.00286473,7.22015e-09
20.7,5.6,0,3.74593,-0.00298118,1.01645e-08
20.7,5.7,0,3.74599,-0.00309657,1.33914e-08
20.7,5.8,0,3.74607,-0.00321053,1.49686e-08
20.7,5.9,0,3.74615,-0.00332275,1.20586e-08
20.7,6,0,3.74628,-0.00349357,-1.77422e-09
20.7,6.1,0,3.74635,-0.00356243,3.80996e-09
20.7,6.2,0,3.74643,-0.00364159,5.63666e-09
20.7,6.3,0,3.74652,-0.00374763,-2.33712e-09
20.7,6.4,0,3.74661,-0.00383304,-4.38341e-09
20.7,6.5,0,3.74671,-0.00390735,-3.23798e-09
20.7,6.6,0,3.74684,-0.00401965,1.71075e-09
20.7,6.7,0,3.74696,-0.00411915,3.88838e-09
20.7,6.8,0,3.74707,-0.00418184,-1.09725e-09
20.7,6.9,0,3.7472,-0.00426508,-8.26374e-10
20.7,7,0,3.74735,-0.00436338,3.29581e-09
20.7,7.1,0,3.74747,-0.00441522,8.80777e-09
20.7,7.2,0,3.7476,-0.0044713,1.19118e-08
20.7,7.3,0,3.74777,-0.00455008,6.57387e-09
20.7,7.4,0,3.74791,-0.00460224,-5.8325e-10
20.7,7.5,0,3.74804,-0.00463666,-8.95317e-09
20.7,7.6,0,3.74821,-0.0046908,1.52774e-09
20.7,7.7,0,3.74838,-0.00473805,1.27264e-08
20.7,7.8,0,3.74851,-0.00475632,1.8157e-08
20.7,7.9,0,3.74868,-0.00478253,1.31447e-08
20.7,8,0,3.74886,-0.00481585,-1.23517e-09
20.7,8.1,0,3.749,-0.00482042,-3.95646e-09
20.7,8.2,0,3.74915,-0.00482312,-2.20272e-09
20.7,8.3,0,3.74934,-0.00483197,1.4321e-08
20.7,8.4,0,3.7495,-0.00482713,1.6771e-08
20.7,8.5,0,3.74964,-0.00481108,7.70627e-09
20.7,8.6,0,3.74983,-0.0047949,-2.15544e-09
20.7,8.7,0,3.75001,-0.00477526,-7.20127e-09
20.7,8.8,0,3.75014,-0.00474191,7.68261e-09
20.7,8.9,0,3.75031,-0.0047049,1.43625e-08
20.7,9,0,3.7505,-0.00466387,1.20524e-08
20.7,9.1,0,3.75064,-0.00461475,-4.44675e-09
20.7,9.2,0,3.75078,-0.00456233,-1.91906e-08
20.7,9.3,0,3.75097,-0.00449702,-4.69398e-09
20.7,9.4,0,3.75113,-0.00443089,1.02015e-08
20.7,9.5,0,3.75125,-0.00436395,2.54959e-08
20.7,9.6,0,3.75142,-0.00428019,9.03996e-09
20.7,9.7,0,3.75159,-0.00419251,-1.32473e-08
20.7,9.8,0,3.75171,-0.00410999,-1.6984e-08
20.7,9.9,0,3.75185,-0.00401559,-7.80339e-09
20.7,10,0,3.75201,-0.00390524,1.87011e-08
20.7,10.1,0,3.75213,-0.00380564,1.75114e-08
20.7,10.2,0,3.75225,-0.00370614,8.53555e-09
20.7,10.3,0,3.7524,-0.00357569,-1.07596e-08
20.7,10.4,0,3.75252,-0.00345453,-1.30276e-08
20.7,10.5,0,3.75262,-0.00334473,5.51524e-09
20.7,10.6,0,3.75275,-0.00320684,1.65758e-08
20.7,10.7,0,3.75288,-0.00306111,2.19134e-08
20.7,10.8,0,3.75297,-0.00293986,1.01419e-09
20.7,10.9,0,3.75306,-0.00280244,-1.0942e-08
20.7,11,0,3.75318,-0.00263832,-8.12871e-09
20.7,11.1,0,3.75326,-0.00249919,2.34367e-09
20.7,11.2,0,3.75333,-0.00236713,1.47444e-08
20.7,11.3,0,3.75342,-0.00218968,4.75604e-09
20.7,11.4,0,3.75346,-0.0020279,-1.09439e-09
20.7,11.5,0,3.75341,-0.0018896,-7.37951e-10
20.7,11.6,0,3.75338,-0.00171786,7.72049e-09
20.7,11.7,0,3.75318,-0.00153232,1.9001e-08
20.7,11.8,0,3.74979,-0.00138769,1.05047e-08
20.7,11.9,0,3.7464,-0.00122616,7.75248e-10
20.7,12,0,3.743,-0.00102988,-1.14906e-08
20.7,12.1,0,3.68571,-0.000873885,-1.12225e-08
20.7,12.2,0,3.60531,-0.000735155,-5.58278e-09
20.7,12.3,0,3.52485,-0.00054788,8.62016e-11
20.7,12.4,0,3.10981,-0.000387494,4.26623e-09
20.7,12.5,0,2.0734,-0.000279153,5.67977e-09
20.7,12.6,0,1.03677,-0.000146735,3.81455e-09
20.7,12.7,0,0,0,0
20.8,0,0,3.53418e-32,-3.40695e-37,1.5713e-38
20.8,0.1,0,1.30968,-1.45079e-05,-1.24925e-09
20.8,0.2,0,2.61936,-2.57745e-05,-6.30936e-10
20.8,0.3,0,3.36178,-3.13664e-05,9.19639e-10
20.8,0.4,0,3.53698,-3.56054e-05,9.12389e-10
20.8,0.5,0,3.71221,-2.15191e-05,-7.69179e-11
20.8,0.6,0,3.72531,-2.28906e-05,-5.73993e-10
20.8,0.7,0,3.73841,-1.43135e-05,-1.45728e-09
20.8,0.8,0,3.7453,-4.95459e-06,-2.41485e-09
20.8,0.9,0,3.74596,-8.07845e-06,-2.93177e-09
20.8,1,0,3.74661,9.1304e-06,-4.30751e-09
20.8,1.1,0,3.74662,2.7071e-06,-4.83928e-09
20.8,1.2,0,3.74662,4.8383e-06,-6.07531e-09
20.8,1.3,0,3.74661,6.26594e-06,-7.18131e-09
20.8,1.4,0,3.74659,-4.41597e-06,-7.21826e-09
20.8,1.5,0,3.74655,9.00477e-07,-8.98932e-09
20.8,1.6,0,3.74653,-1.48389e-05,-8.84085e-09
20.8,1.7,0,3.74649,-2.45697e-05,-9.26671e-09
20.8,1.8,0,3.74645,-3.62059e-05,-9.81368e-09
20.8,1.9,0,3.74643,-5.77589e-05,-9.71596e-09
20.8,2,0,3.74637,-6.97494e-05,-9.94873e-09
20.8,2.1,0,3.74634,-9.76857e-05,-9.83602e-09
20.8,2.2,0,3.7463,-0.000123,-9.42813e-09
20.8,2.3,0,3.74626,-0.000151316,-8.87808e-09
20.8,2.4,0,3.74623,-0.000186128,-8.57947e-09
20.8,2.5,0,3.74617,-0.000219502,-7.23679e-09
20.8,2.6,0,3.74614,-0.000261505,-6.44536e-09
20.8,2.7,0,3.7461,-0.000304917,-5.39474e-09
20.8,2.8,0,3.74606,-0.000352243,-4.01911e-09
20.8,2.9,0,3.74603,-0.000401604,-2.66407e-09
20.8,3,0,3.74597,-0.000458708,-1.74192e-09
20.8,3.1,0,3.74595,-0.000515492,-6.48393e-11
20.8,3.2,0,3.74591,-0.000578103,9.64592e-10
20.8,3.3,0,3.74587,-0.000645285,1.78916e-09
20.8,3.4,0,3.74585,-0.000709268,3.2724e-09
20.8,3.5,0,3.7458,-0.00079078,3.0637e-09
20.8,3.6,0,3.74579,-0.000861625,3.78028e-09
20.8,3.7,0,3.74576,-0.000942782,4.11243e-09
20.8,3.8,0,3.74573,-0.00102884,3.81299e-09
20.8,3.9,0,3.74572,-0.00110606,3.39452e-09
20.8,4,0,3.74569,-0.00121028,4.11223e-09
20.8,4.1,0,3.74569,-0.0012931,2.25234e-09
20.8,4.2,0,3.74568,-0.00139037,2.10639e-09
20.8,4.3,0,3.74567,-0.00149241,1.37192e-09
20.8,4.4,0,3.74568,-0.00157994,-2.23631e-09
20.8,4.5,0,3.74567,-0.00170277,2.13934e-09
20.8,4.6,0,3.74568,-0.00179403,2.20505e-10
20.8,4.7,0,3.7457,-0.00190315,1.51149e-09
20.8,4.8,0,3.74571,-0.00200966,6.55231e-09
20.8,4.9,0,3.74573,-0.00208974,1.10632e-08
20.8,5,0,3.74575,-0.00220509,6.42838e-09
20.8,5.1,0,3.74579,-0.00235715,6.64449e-09
20.8,5.2,0,3.74583,-0.00246912,7.09264e-09
20.8,5.3,0,3.74588,-0.00258132,6.57323e-09
20.8,5.4,0,3.74593,-0.00269342,5.80158e-09
20.8,5.5,0,3.74598,-0.00280509,5.54693e-09
20.8,5.6,0,3.74604,-0.00291601,6.06485e-09
20.8,5.7,0,3.7461,-0.00302588,7.22312e-09
20.8,5.8,0,3.74618,-0.00313437,7.91822e-09
20.8,5.9,0,3.74625,-0.00324116,6.05735e-09
20.8,6,0,3.74638,-0.00340371,-3.56926e-09
20.8,6.1,0,3.74645,-0.00347257,2.01493e-09
20.8,6.2,0,3.74652,-0.00354143,7.59911e-09
20.8,6.3,0,3.74661,-0.00364354,1.0586e-09
20.8,6.4,0,3.74671,-0.00372895,-9.87687e-10
20.8,6.5,0,3.74681,-0.00380326,1.5775e-10
20.8,6.6,0,3.74692,-0.00389987,3.53594e-09
20.8,6.7,0,3.74704,-0.00399937,5.71357e-09
20.8,6.8,0,3.74715,-0.00406205,7.27934e-10
20.8,6.9,0,3.74727,-0.00413166,-2.48818e-09
20.8,7,0,3.74742,-0.00422996,1.634e-09
20.8,7.1,0,3.74754,-0.00428181,7.14596e-09
20.8,7.2,0,3.74766,-0.00433121,1.27311e-08
20.8,7.3,0,3.74782,-0.00440541,9.09402e-09
20.8,7.4,0,3.74796,-0.00445757,1.9369e-09
20.8,7.5,0,3.74809,-0.00449199,-6.43302e-09
20.8,7.6,0,3.74825,-0.00453752,-4.18016e-09
20.8,7.7,0,3.74841,-0.00458477,7.01845e-09
20.8,7.8,0,3.74855,-0.00460305,1.24491e-08
20.8,7.9,0,3.74869,-0.00462349,1.50214e-08
20.8,8,0,3.74888,-0.00465681,6.41546e-10
20.8,8.1,0,3.74902,-0.00466138,-2.07975e-09
20.8,8.2,0,3.74916,-0.00466275,-3.50564e-09
20.8,8.3,0,3.74934,-0.00467007,9.32555e-09
20.8,8.4,0,3.7495,-0.00466523,1.17756e-08
20.8,8.5,0,3.74964,-0.00464917,2.71086e-09
20.8,8.6,0,3.7498,-0.00463305,-6.78196e-09
20.8,8.7,0,3.74998,-0.00461342,-1.18278e-08
20.8,8.8,0,3.75012,-0.00458007,3.05609e-09
20.8,8.9,0,3.75026,-0.00454599,1.63188e-08
20.8,9,0,3.75045,-0.00450496,1.40087e-08
20.8,9.1,0,3.7506,-0.00445585,-2.49042e-09
20.8,9.2,0,3.75073,-0.00440531,-2.14935e-08
20.8,9.3,0,3.7509,-0.00434377,-1.55632e-08
20.8,9.4,0,3.75106,-0.00427764,-6.67729e-10
20.8,9.5,0,3.75119,-0.0042107,1.46267e-08
20.8,9.6,0,3.75134,-0.00413522,1.38124e-08
20.8,9.7,0,3.7515,-0.00404755,-8.4748e-09
20.8,9.8,0,3.75162,-0.00396503,-1.22115e-08
20.8,9.9,0,3.75175,-0.00388128,-1.4609e-08
20.8,10,0,3.75191,-0.00377093,1.18955e-08
20.8,10.1,0,3.75203,-0.00367133,1.07058e-08
20.8,10.2,0,3.75214,-0.00357441,2.59257e-09
20.8,10.3,0,3.75228,-0.00345422,-1.32841e-08
20.8,10.4,0,3.75241,-0.00333306,-1.55521e-08
20.8,10.5,0,3.75251,-0.00322326,2.99071e-09
20.8,10.6,0,3.75262,-0.00310016,1.79909e-08
20.8,10.7,0,3.75275,-0.00295444,2.33285e-08
20.8,10.8,0,3.75283,-0.00283318,2.42926e-09
20.8,10.9,0,3.75292,-0.00271192,-1.847e-08
20.8,11,0,3.75304,-0.00254805,-1.57922e-08
20.8,11.1,0,3.75312,-0.00240893,-5.31979e-09
20.8,11.2,0,3.75318,-0.00227813,7.7056e-09
20.8,11.3,0,3.75327,-0.00211728,5.90357e-09
20.8,11.4,0,3.7533,-0.00195549,5.31283e-11
20.8,11.5,0,3.75326,-0.00181719,4.09572e-10
20.8,11.6,0,3.75322,-0.00166436,4.28714e-09
20.8,11.7,0,3.75302,-0.00147882,1.55677e-08
20.8,11.8,0,3.74963,-0.00133419,7.07137e-09
20.8,11.9,0,3.74623,-0.00118956,-1.42492e-09
20.8,12,0,3.74284,-0.00099616,-1.34807e-08
20.8,12.1,0,3.68555,-0.000840165,-1.32127e-08
20.8,12.2,0,3.60515,-0.000701435,-7.57294e-09
20.8,12.3,0,3.52472,-0.000533181,-1.91541e-09
20.8,12.4,0,3.10968,-0.000372794,2.26461e-09
20.8,12.5,0,2.07327,-0.000264454,3.67816e-09
20.8,12.6,0,1.03677,-0.000146735,3.81455e-09
20.8,12.7,0,0,0,0
20.9,0,0,3.53418e-32,-3.40695e-37,1.5713e-38
20.9,0.1,0,1.30968,-1.45079e-05,-1.24925e-09
20.9,0.2,0,2.61936,-2.79354e-05,-1.87598e-09
20.9,0.3,0,3.36179,-3.35273e-05,-3.25404e-10
20.9,0.4,0,3.53699,-3.77663e-05,-3.32654e-10
20.9,0.5,0,3.71221,-2.93186e-05,-1.01979e-09
20.9,0.6,0,3.72531,-3.069e-05,-1.51686e-09
20.9,0.7,0,3.73841,-2.87453e-05,-2.14268e-09
20.9,0.8,0,3.74529,-1.93864e-05,-3.10025e-09
20.9,0.9,0,3.74596,-2.25102e-05,-3.61717e-09
20.9,1,0,3.74661,-1.15576e-05,-4.72865e-09
20.9,1.1,0,3.74662,-1.79809e-05,-5.26043e-09
20.9,1.2,0,3.74663,-2.15527e-05,-6.02695e-09
20.9,1.3,0,3.74661,-2.01251e-05,-7.13295e-09
20.9,1.4,0,3.74659,-3.0807e-05,-7.1699e-09
20.9,1.5,0,3.74656,-3.04131e-05,-8.40739e-09
20.9,1.6,0,3.74653,-4.61525e-05,-8.25891e-09
20.9,1.7,0,3.74651,-5.9889e-05,-8.30188e-09
20.9,1.8,0,3.74647,-7.15252e-05,-8.84885e-09
20.9,1.9,0,3.74644,-9.30782e-05,-8.75114e-09
20.9,2,0,3.7464,-0.000108011,-8.88222e-09
20.9,2.1,0,3.74637,-0.000135947,-8.76951e-09
20.9,2.2,0,3.74634,-0.00016301,-8.5584e-09
20.9,2.3,0,3.74629,-0.000191325,-8.00836e-09
20.9,2.4,0,3.74626,-0.000226137,-7.70975e-09
20.9,2.5,0,3.74621,-0.000259954,-6.68832e-09
20.9,2.6,0,3.74618,-0.000301957,-5.89689e-09
20.9,2.7,0,3.74615,-0.000344429,-5.01906e-09
20.9,2.8,0,3.7461,-0.000391756,-3.64343e-09
20.9,2.9,0,3.74608,-0.000441116,-2.28839e-09
20.9,3,0,3.74603,-0.000495838,-1.23304e-09
20.9,3.1,0,3.746,-0.000552621,4.44039e-10
20.9,3.2,0,3.74598,-0.000611348,1.90524e-09
20.9,3.3,0,3.74594,-0.00067853,2.72981e-09
20.9,3.4,0,3.74592,-0.000742512,4.21305e-09
20.9,3.5,0,3.74588,-0.000818631,4.52494e-09
20.9,3.6,0,3.74586,-0.000889476,5.24152e-09
20.9,3.7,0,3.74584,-0.000963759,5.82996e-09
20.9,3.8,0,3.74582,-0.00104982,5.53052e-09
20.9,3.9,0,3.74581,-0.00112703,5.11205e-09
20.9,4,0,3.74578,-0.00122295,5.48017e-09
20.9,4.1,0,3.74578,-0.00130576,3.62027e-09
20.9,4.2,0,3.74578,-0.00139339,2.3317e-09
20.9,4.3,0,3.74577,-0.00149544,1.59723e-09
20.9,4.4,0,3.74578,-0.00158297,-2.011e-09
20.9,4.5,0,3.74577,-0.00169494,-9.19286e-11
20.9,4.6,0,3.74579,-0.0017862,-2.01076e-09
20.9,4.7,0,3.7458,-0.00188341,-2.85966e-09
20.9,4.8,0,3.74582,-0.00198992,2.18116e-09
20.9,4.9,0,3.74584,-0.00207001,6.69205e-09
20.9,5,0,3.74586,-0.0021745,4.8713e-09
20.9,5.1,0,3.74591,-0.00231937,9.28607e-09
20.9,5.2,0,3.74595,-0.00242597,1.0636e-08
20.9,5.3,0,3.74599,-0.00253271,9.17359e-09
20.9,5.4,0,3.74604,-0.00263931,6.47207e-09
20.9,5.5,0,3.74609,-0.00274545,3.87371e-09
20.9,5.6,0,3.74615,-0.00285085,1.96522e-09
20.9,5.7,0,3.74621,-0.0029552,1.05488e-09
20.9,5.8,0,3.74629,-0.0030582,8.67824e-10
20.9,5.9,0,3.74636,-0.00315958,5.60604e-11
20.9,6,0,3.74648,-0.00331385,-5.3643e-09
20.9,6.1,0,3.74655,-0.00338271,2.19889e-10
20.9,6.2,0,3.74663,-0.00345157,5.80408e-09
20.9,6.3,0,3.74671,-0.00353944,4.45433e-09
20.9,6.4,0,3.7468,-0.00362486,2.40804e-09
20.9,6.5,0,3.7469,-0.00369916,3.55348e-09
20.9,6.6,0,3.747,-0.00378008,5.36112e-09
20.9,6.7,0,3.74713,-0.00387959,7.53875e-09
20.9,6.8,0,3.74724,-0.00394227,2.55312e-09
20.9,6.9,0,3.74735,-0.00400496,-2.43251e-09
20.9,7,0,3.74749,-0.00409654,-2.78035e-11
20.9,7.1,0,3.74761,-0.00414839,5.48416e-09
20.9,7.2,0,3.74773,-0.00419779,1.10693e-08
20.9,7.3,0,3.74787,-0.00426075,1.16142e-08
20.9,7.4,0,3.74802,-0.00431291,4.45706e-09
20.9,7.5,0,3.74814,-0.00434732,-3.91287e-09
20.9,7.6,0,3.74828,-0.00438425,-9.88806e-09
20.9,7.7,0,3.74845,-0.0044315,1.31055e-09
20.9,7.8,0,3.74858,-0.00444977,6.74123e-09
20.9,7.9,0,3.74872,-0.00446804,1.21719e-08
20.9,8,0,3.74889,-0.00449777,2.51826e-09
20.9,8.1,0,3.74903,-0.00450234,-2.03035e-10
20.9,8.2,0,3.74917,-0.00450372,-1.62893e-09
20.9,8.3,0,3.74933,-0.00450817,4.33014e-09
20.9,8.4,0,3.74949,-0.00450332,6.78019e-09
20.9,8.5,0,3.74963,-0.00448727,-2.28455e-09
20.9,8.6,0,3.74977,-0.00447121,-1.14085e-08
20.9,8.7,0,3.74995,-0.00445157,-1.64543e-08
20.9,8.8,0,3.75009,-0.00441822,-1.57043e-09
20.9,8.9,0,3.75023,-0.00438487,1.33135e-08
20.9,9,0,3.75041,-0.00434605,1.5965e-08
20.9,9.1,0,3.75055,-0.00429694,-5.34093e-10
20.9,9.2,0,3.75068,-0.0042464,-1.95372e-08
20.9,9.3,0,3.75084,-0.00419052,-2.64325e-08
20.9,9.4,0,3.75099,-0.00412439,-1.1537e-08
20.9,9.5,0,3.75112,-0.00405745,3.75744e-09
20.9,9.6,0,3.75125,-0.00399026,1.85849e-08
20.9,9.7,0,3.75142,-0.00390258,-3.70231e-09
20.9,9.8,0,3.75154,-0.00382007,-7.43902e-09
20.9,9.9,0,3.75166,-0.00373755,-1.11757e-08
20.9,10,0,3.75181,-0.00363663,5.08997e-09
20.9,10.1,0,3.75193,-0.00353702,3.90026e-09
20.9,10.2,0,3.75204,-0.00344011,-4.21301e-09
20.9,10.3,0,3.75216,-0.00333275,-1.58086e-08
20.9,10.4,0,3.75229,-0.00321159,-1.80767e-08
20.9,10.5,0,3.75239,-0.00310179,4.66179e-10
20.9,10.6,0,3.75249,-0.00299199,1.9009e-08
20.9,10.7,0,3.75262,-0.00284776,2.47436e-08
20.9,10.8,0,3.7527,-0.0027265,3.84432e-09
20.9,10.9,0,3.75279,-0.00260525,-1.70549e-08
20.9,11,0,3.75289,-0.00245778,-2.34556e-08
20.9,11.1,0,3.75297,-0.00231866,-1.29832e-08
20.9,11.2,0,3.75304,-0.00218786,4.21485e-11
20.9,11.3,0,3.75311,-0.00204487,7.05109e-09
20.9,11.4,0,3.75315,-0.00188308,1.20065e-09
20.9,11.5,0,3.7531,-0.00174479,1.5571e-09
20.9,11.6,0,3.75305,-0.00160649,1.91354e-09
20.9,11.7,0,3.75286,-0.00142532,1.21343e-08
20.9,11.8,0,3.74946,-0.0012807,3.63802e-09
20.9,11.9,0,3.74607,-0.00113607,-4.85828e-09
20.9,12,0,3.74268,-0.00096244,-1.54709e-08
20.9,12.1,0,3.68538,-0.000806445,-1.52028e-08
20.9,12.2,0,3.60499,-0.000667715,-9.56309e-09
20.9,12.3,0,3.52458,-0.000518481,-3.91703e-09
20.9,12.4,0,3.10954,-0.000358095,2.62998e-10
20.9,12.5,0,2.07313,-0.000249754,1.67654e-09
20.9,12.6,0,1.03672,-0.000141414,3.09009e-09
20.9,12.7,0,0,0,0
21,0,0,3.53418e-32,-3.40695e-37,1.5713e-38
21,0.1,0,1.30968,-1.45079e-05,-1.24925e-09
21,0.2,0,2.61937,-2.90159e-05,-2.4985e-09
21,0.3,0,3.3618,-3.56882e-05,-1.57045e-09
21,0.4,0,3.537,-3.99272e-05,-1.5777e-09
21,0.5,0,3.71221,-3.7118e-05,-1.96266e-09
21,0.6,0,3.72531,-3.84895e-05,-2.45974e-09
21,0.7,0,3.73841,-3.98609e-05,-2.95681e-09
21,0.8,0,3.74529,-3.38182e-05,-3.78565e-09
21,0.9,0,3.74595,-3.6942e-05,-4.30256e-09
21,1,0,3.74661,-3.22456e-05,-5.1498e-09
21,1.1,0,3.74662,-3.86689e-05,-5.68157e-09
21,1.2,0,3.74663,-4.50922e-05,-6.21335e-09
21,1.3,0,3.74662,-4.65161e-05,-7.08459e-09
21,1.4,0,3.7466,-5.7198e-05,-7.12154e-09
21,1.5,0,3.74657,-6.17267e-05,-7.82546e-09
21,1.6,0,3.74654,-7.74661e-05,-7.67698e-09
21,1.7,0,3.74652,-9.32055e-05,-7.52851e-09
21,1.8,0,3.74648,-0.000106845,-7.88403e-09
21,1.9,0,3.74646,-0.000128397,-7.78631e-09
21,2,0,3.74642,-0.000146273,-7.81571e-09
21,2.1,0,3.74639,-0.000174209,-7.703e-09
21,2.2,0,3.74636,-0.000202145,-7.59028e-09
21,2.3,0,3.74632,-0.000231335,-7.13863e-09
21,2.4,0,3.74629,-0.000266147,-6.84002e-09
21,2.5,0,3.74625,-0.000300406,-6.13985e-09
21,2.6,0,3.74622,-0.000342408,-5.34841e-09
21,2.7,0,3.74619,-0.000384411,-4.55698e-09
21,2.8,0,3.74615,-0.000431268,-3.26775e-09
21,2.9,0,3.74613,-0.000480628,-1.91271e-09
21,3,0,3.74609,-0.000532967,-7.24162e-10
21,3.1,0,3.74606,-0.000589751,9.52918e-10
21,3.2,0,3.74604,-0.000646535,2.63e-09
21,3.3,0,3.74601,-0.000711774,3.67045e-09
21,3.4,0,3.74599,-0.000775757,5.15369e-09
21,3.5,0,3.74596,-0.000846481,5.98619e-09
21,3.6,0,3.74594,-0.000917327,6.70277e-09
21,3.7,0,3.74592,-0.000988173,7.41935e-09
21,3.8,0,3.7459,-0.0010708,7.24804e-09
21,3.9,0,3.74589,-0.00114801,6.82958e-09
21,4,0,3.74587,-0.00123561,6.8481e-09
21,4.1,0,3.74587,-0.00131843,4.98821e-09
21,4.2,0,3.74587,-0.00140124,3.12832e-09
21,4.3,0,3.74587,-0.00149846,1.82254e-09
21,4.4,0,3.74588,-0.001586,-1.78569e-09
21,4.5,0,3.74588,-0.00168711,-2.3232e-09
21,4.6,0,3.7459,-0.00177837,-4.24203e-09
21,4.7,0,3.74591,-0.00186963,-6.16086e-09
21,4.8,0,3.74593,-0.00197018,-2.18999e-09
21,4.9,0,3.74595,-0.00205027,2.3209e-09
21,5,0,3.74597,-0.00214392,3.31421e-09
21,5.1,0,3.74602,-0.0022816,1.19276e-08
21,5.2,0,3.74606,-0.00238281,1.41793e-08
21,5.3,0,3.7461,-0.0024841,1.1774e-08
21,5.4,0,3.74615,-0.0025852,7.14256e-09
21,5.5,0,3.7462,-0.00268582,2.20049e-09
21,5.6,0,3.74626,-0.00278568,-2.13442e-09
21,5.7,0,3.74632,-0.00288451,-5.11336e-09
21,5.8,0,3.74639,-0.00298204,-6.18257e-09
21,5.9,0,3.74647,-0.00307799,-5.94523e-09
21,6,0,3.74659,-0.00322399,-7.15934e-09
21,6.1,0,3.74666,-0.00329285,-1.57515e-09
21,6.2,0,3.74673,-0.00336171,4.00904e-09
21,6.3,0,3.7468,-0.00343535,7.85006e-09
21,6.4,0,3.7469,-0.00352076,5.80377e-09
21,6.5,0,3.747,-0.00359507,6.94921e-09
21,6.6,0,3.74709,-0.00366938,8.09464e-09
21,6.7,0,3.74721,-0.00375981,9.36394e-09
21,6.8,0,3.74732,-0.00382249,4.37831e-09
21,6.9,0,3.74743,-0.00388517,-6.07326e-10
21,7,0,3.74756,-0.00396312,-1.68961e-09
21,7.1,0,3.74768,-0.00401497,3.82235e-09
21,7.2,0,3.7478,-0.00406437,9.40746e-09
21,7.3,0,3.74792,-0.00411608,1.41343e-08
21,7.4,0,3.74807,-0.00416824,6.97721e-09
21,7.5,0,3.7482,-0.00420266,-1.39271e-09
21,7.6,0,3.74833,-0.00423708,-9.76264e-09
21,7.7,0,3.74848,-0.00427822,-4.39735e-09
21,7.8,0,3.74861,-0.00429649,1.03333e-09
21,7.9,0,3.74875,-0.00431476,6.46401e-09
21,8,0,3.7489,-0.00433873,4.39497e-09
21,8.1,0,3.74905,-0.0043433,1.67368e-09
21,8.2,0,3.74918,-0.00434468,2.47782e-10
21,8.3,0,3.74932,-0.00434627,-6.65268e-10
21,8.4,0,3.74949,-0.00434142,1.78478e-09
21,8.5,0,3.74962,-0.00432537,-7.27996e-09
21,8.6,0,3.74976,-0.00430931,-1.63447e-08
21,8.7,0,3.74993,-0.00428973,-2.10808e-08
21,8.8,0,3.75007,-0.00425637,-6.19695e-09
21,8.9,0,3.7502,-0.00422302,8.68694e-09
21,9,0,3.75036,-0.00418715,1.79214e-08
21,9.1,0,3.7505,-0.00413803,1.42224e-09
21,9.2,0,3.75064,-0.00408749,-1.75808e-08
21,9.3,0,3.75077,-0.00403695,-3.65839e-08
21,9.4,0,3.75093,-0.00397114,-2.24062e-08
21,9.5,0,3.75106,-0.0039042,-7.11181e-09
21,9.6,0,3.75118,-0.00383725,8.18261e-09
21,9.7,0,3.75133,-0.00375762,1.07018e-09
21,9.8,0,3.75145,-0.0036751,-2.66653e-09
21,9.9,0,3.75157,-0.00359259,-6.40324e-09
21,10,0,3.75171,-0.00350232,-1.71561e-09
21,10.1,0,3.75183,-0.00340271,-2.90532e-09
21,10.2,0,3.75194,-0.0033058,-1.10186e-08
21,10.3,0,3.75205,-0.00320888,-1.91319e-08
21,10.4,0,3.75217,-0.00309012,-2.06012e-08
21,10.5,0,3.75227,-0.00298032,-2.05835e-09
21,10.6,0,3.75237,-0.00287052,1.64845e-08
21,10.7,0,3.75248,-0.00274108,2.61586e-08
21,10.8,0,3.75257,-0.00261983,5.25939e-09
21,10.9,0,3.75265,-0.00249857,-1.56398e-08
21,11,0,3.75275,-0.00236752,-3.11191e-08
21,11.1,0,3.75283,-0.00222839,-2.06467e-08
21,11.2,0,3.75289,-0.00209759,-7.62131e-09
21,11.3,0,3.75296,-0.0019668,5.40408e-09
21,11.4,0,3.75299,-0.00181067,2.34817e-09
21,11.5,0,3.75295,-0.00167238,2.70462e-09
21,11.6,0,3.7529,-0.00153408,3.06106e-09
21,11.7,0,3.7527,-0.00137183,8.70096e-09
21,11.8,0,3.7493,-0.0012272,2.04667e-10
21,11.9,0,3.74591,-0.00108257,-8.29163e-09
21,12,0,3.74252,-0.00092872,-1.74611e-08
21,12.1,0,3.68522,-0.000772724,-1.7193e-08
21,12.2,0,3.60483,-0.000633995,-1.15532e-08
21,12.3,0,3.52443,-0.000495265,-5.91351e-09
21,12.4,0,3.1094,-0.000343395,-1.73862e-09
21,12.5,0,2.07299,-0.000235055,-3.25072e-10
21,12.6,0,1.03658,-0.000126715,1.08847e-09
21,12.7,0,0,0,0
21.1,0,0,3.53418e-32,-3.40695e-37,1.5713e-38
21.1,0.1,0,1.30968,-1.45079e-05,-1.24925e-09
21.1,0.2,0,2.61937,-2.90159e-05,-2.4985e-09
21.1,0.3,0,3.36181,-3.78491e-05,-2.81549e-09
21.1,0.4,0,3.537,-4.20881e-05,-2.82274e-09
21.1,0.5,0,3.7122,-4.49175e-05,-2.90553e-09
21.1,0.6,0,3.7253,-4.62889e-05,-3.40261e-09
21.1,0.7,0,3.7384,-4.76604e-05,-3.89968e-09
21.1,0.8,0,3.74529,-4.825e-05,-4.47105e-09
21.1,0.9,0,3.74595,-5.13738e-05,-4.98796e-09
21.1,1,0,3.74661,-5.29336e-05,-5.57094e-09
21.1,1.1,0,3.74662,-5.93569e-05,-6.10271e-09
21.1,1.2,0,3.74663,-6.57802e-05,-6.63449e-09
21.1,1.3,0,3.74662,-7.29071e-05,-7.03623e-09
21.1,1.4,0,3.7466,-8.3589e-05,-7.07318e-09
21.1,1.5,0,3.74658,-9.30403e-05,-7.24353e-09
21.1,1.6,0,3.74655,-0.00010878,-7.09505e-09
21.1,1.7,0,3.74653,-0.000124519,-6.94657e-09
21.1,1.8,0,3.7465,-0.000142164,-6.9192e-09
21.1,1.9,0,3.74647,-0.000163717,-6.82149e-09
21.1,2,0,3.74644,-0.000184534,-6.74919e-09
21.1,2.1,0,3.74642,-0.000212471,-6.63648e-09
21.1,2.2,0,3.74639,-0.000240407,-6.52377e-09
21.1,2.3,0,3.74635,-0.000271344,-6.26891e-09
21.1,2.4,0,3.74632,-0.000306156,-5.9703e-09
21.1,2.5,0,3.74629,-0.000340857,-5.59137e-09
21.1,2.6,0,3.74626,-0.00038286,-4.79994e-09
21.1,2.7,0,3.74623,-0.000424863,-4.00851e-09
21.1,2.8,0,3.7462,-0.00047078,-2.89207e-09
21.1,2.9,0,3.74618,-0.00052014,-1.53703e-09
21.1,3,0,3.74615,-0.000570097,-2.15284e-10
21.1,3.1,0,3.74612,-0.000626881,1.4618e-09
21.1,3.2,0,3.7461,-0.000683664,3.13888e-09
21.1,3.3,0,3.74607,-0.000745019,4.61109e-09
21.1,3.4,0,3.74605,-0.000809001,6.09434e-09
21.1,3.5,0,3.74603,-0.000874332,7.44743e-09
21.1,3.6,0,3.74602,-0.000945178,8.16401e-09
21.1,3.7,0,3.746,-0.00101602,8.88059e-09
21.1,3.8,0,3.74599,-0.00109177,8.96557e-09
21.1,3.9,0,3.74598,-0.00116899,8.54711e-09
21.1,4,0,3.74597,-0.00124828,8.21604e-09
21.1,4.1,0,3.74597,-0.00133109,6.35615e-09
21.1,4.2,0,3.74597,-0.0014139,4.49626e-09
21.1,4.3,0,3.74597,-0.00150149,2.04785e-09
21.1,4.4,0,3.74598,-0.00158902,-1.56038e-09
21.1,4.5,0,3.74598,-0.00167928,-4.55446e-09
21.1,4.6,0,3.746,-0.00177054,-6.4733e-09
21.1,4.7,0,3.74602,-0.0018618,-8.39213e-09
21.1,4.8,0,3.74604,-0.00195045,-6.56113e-09
21.1,4.9,0,3.74606,-0.00203053,-2.05025e-09
21.1,5,0,3.74608,-0.00211333,1.75713e-09
21.1,5.1,0,3.74613,-0.00224382,1.45692e-08
21.1,5.2,0,3.74617,-0.00233965,1.77226e-08
21.1,5.3,0,3.74622,-0.00243549,1.43743e-08
21.1,5.4,0,3.74626,-0.00253109,7.81304e-09
21.1,5.5,0,3.74632,-0.00262618,5.27267e-10
21.1,5.6,0,3.74637,-0.00272051,-6.23405e-09
21.1,5.7,0,3.74643,-0.00281383,-1.12816e-08
21.1,5.8,0,3.7465,-0.00290587,-1.3233e-08
21.1,5.9,0,3.74657,-0.00299641,-1.19465e-08
21.1,6,0,3.74669,-0.00313413,-8.95437e-09
21.1,6.1,0,3.74676,-0.00320299,-3.37019e-09
21.1,6.2,0,3.74683,-0.00327185,2.214e-09
21.1,6.3,0,3.7469,-0.00334071,7.79819e-09
21.1,6.4,0,3.74699,-0.00341667,9.1995e-09
21.1,6.5,0,3.74709,-0.00349097,1.03449e-08
21.1,6.6,0,3.74719,-0.00356528,1.14904e-08
21.1,6.7,0,3.74729,-0.00364002,1.11891e-08
21.1,6.8,0,3.7474,-0.00370271,6.20349e-09
21.1,6.9,0,3.74751,-0.00376539,1.21786e-09
21.1,7,0,3.74763,-0.0038297,-3.35141e-09
21.1,7.1,0,3.74775,-0.00388155,2.16055e-09
21.1,7.2,0,3.74787,-0.00393095,7.74565e-09
21.1,7.3,0,3.74799,-0.00398035,1.33308e-08
21.1,7.4,0,3.74812,-0.00402358,9.49736e-09
21.1,7.5,0,3.74825,-0.00405799,1.12744e-09
21.1,7.6,0,3.74838,-0.00409241,-7.24248e-09
21.1,7.7,0,3.74851,-0.00412494,-1.01052e-08
21.1,7.8,0,3.74865,-0.00414322,-4.67457e-09
21.1,7.9,0,3.74878,-0.00416149,7.56107e-10
21.1,8,0,3.74892,-0.00417976,6.18678e-09
21.1,8.1,0,3.74906,-0.00418426,3.55039e-09
21.1,8.2,0,3.7492,-0.00418564,2.1245e-09
21.1,8.3,0,3.74934,-0.00418701,6.986e-10
21.1,8.4,0,3.74948,-0.00417952,-3.21063e-09
21.1,8.5,0,3.74962,-0.00416346,-1.22754e-08
21.1,8.6,0,3.74976,-0.00414741,-2.13401e-08
21.1,8.7,0,3.7499,-0.00412788,-2.57073e-08
21.1,8.8,0,3.75004,-0.00409453,-1.08235e-08
21.1,8.9,0,3.75018,-0.00406118,4.06042e-09
21.1,9,0,3.75032,-0.00402782,1.89443e-08
21.1,9.1,0,3.75046,-0.00397912,3.37857e-09
21.1,9.2,0,3.75059,-0.00392858,-1.56245e-08
21.1,9.3,0,3.75072,-0.00387804,-3.46276e-08
21.1,9.4,0,3.75086,-0.00381788,-3.32755e-08
21.1,9.5,0,3.75099,-0.00375094,-1.79811e-08
21.1,9.6,0,3.75112,-0.003684,-2.68664e-09
21.1,9.7,0,3.75125,-0.00361265,5.84267e-09
21.1,9.8,0,3.75137,-0.00353014,2.10596e-09
21.1,9.9,0,3.75149,-0.00344762,-1.63075e-09
21.1,10,0,3.75161,-0.00336511,-5.36746e-09
21.1,10.1,0,3.75172,-0.00326841,-9.7109e-09
21.1,10.2,0,3.75183,-0.00317149,-1.78242e-08
21.1,10.3,0,3.75194,-0.00307457,-2.59374e-08
21.1,10.4,0,3.75205,-0.00296865,-2.31257e-08
21.1,10.5,0,3.75215,-0.00285885,-4.58288e-09
21.1,10.6,0,3.75225,-0.00274905,1.396e-08
21.1,10.7,0,3.75235,-0.00263441,2.75737e-08
21.1,10.8,0,3.75244,-0.00251315,6.67445e-09
21.1,10.9,0,3.75252,-0.00239189,-1.42248e-08
21.1,11,0,3.75261,-0.00227063,-3.5124e-08
21.1,11.1,0,3.75268,-0.00213812,-2.83102e-08
21.1,11.2,0,3.75275,-0.00200732,-1.52848e-08
21.1,11.3,0,3.75282,-0.00187653,-2.25937e-09
21.1,11.4,0,3.75284,-0.00173827,3.4957e-09
21.1,11.5,0,3.75279,-0.00159997,3.85214e-09
21.1,11.6,0,3.75275,-0.00146167,4.20858e-09
21.1,11.7,0,3.75253,-0.00131833,5.26761e-09
21.1,11.8,0,3.74914,-0.0011737,-3.22868e-09
21.1,11.9,0,3.74575,-0.00102908,-1.1725e-08
21.1,12,0,3.74235,-0.000884447,-2.02213e-08
21.1,12.1,0,3.68506,-0.000739004,-1.91831e-08
21.1,12.2,0,3.60466,-0.000600274,-1.35434e-08
21.1,12.3,0,3.52427,-0.000461544,-7.90367e-09
21.1,12.4,0,3.10926,-0.000328696,-3.74023e-09
21.1,12.5,0,2.07285,-0.000220355,-2.32669e-09
21.1,12.6,0,1.03644,-0.000112015,-9.13141e-10
21.1,12.7,0,0,0,0
21.2,0,0,0,0,0
21.2,0.1,0,1.3097,-1.5188e-05,-1.52659e-09
21.2,0.2,0,2.61938,-2.9696e-05,-2.77584e-09
21.2,0.3,0,3.36182,-4.12428e-05,-3.34481e-09
21.2,0.4,0,3.53701,-4.54818e-05,-3.35206e-09
21.2,0.5,0,3.71221,-4.97208e-05,-3.35931e-09
21.2,0.6,0,3.72531,-5.36985e-05,-3.43665e-09
21.2,0.7,0,3.73841,-5.50699e-05,-3.93372e-09
21.2,0.8,0,3.74529,-5.97523e-05,-4.02617e-09
21.2,0.9,0,3.74596,-6.28762e-05,-4.54308e-09
21.2,1,0,3.74662,-6.6e-05,-5.06e-09
21.2,1.1,0,3.74663,-7.45811e-05,-4.98831e-09
21.2,1.2,0,3.74664,-8.10044e-05,-5.52009e-09
21.2,1.3,0,3.74664,-9.13457e-05,-5.29509e-09
21.2,1.4,0,3.74661,-0.000102028,-5.33204e-09
21.2,1.5,0,3.74659,-0.00011271,-5.36899e-09
21.2,1.6,0,3.74657,-0.0001298,-4.91385e-09
21.2,1.7,0,3.74655,-0.00014554,-4.76537e-09
21.2,1.8,0,3.74652,-0.000165033,-4.59085e-09
21.2,1.9,0,3.7465,-0.000186586,-4.49313e-09
21.2,2,0,3.74647,-0.000208139,-4.39542e-09
21.2,2.1,0,3.74644,-0.000236365,-4.52108e-09
21.2,2.2,0,3.74642,-0.000264302,-4.40837e-09
21.2,2.3,0,3.74639,-0.000295361,-4.6631e-09
21.2,2.4,0,3.74636,-0.000330173,-4.36449e-09
21.2,2.5,0,3.74633,-0.000364985,-4.06588e-09
21.2,2.6,0,3.74631,-0.000406034,-3.84921e-09
21.2,2.7,0,3.74628,-0.000448037,-3.05777e-09
21.2,2.8,0,3.74625,-0.000492101,-2.55189e-09
21.2,2.9,0,3.74622,-0.000541461,-1.19685e-09
21.2,3,0,3.7462,-0.000590822,1.58198e-10
21.2,3.1,0,3.74618,-0.000645305,1.3738e-09
21.2,3.2,0,3.74615,-0.000702089,3.05088e-09
21.2,3.3,0,3.74613,-0.000759497,4.33038e-09
21.2,3.4,0,3.74611,-0.000823479,5.81362e-09
21.2,3.5,0,3.7461,-0.000887462,7.29686e-09
21.2,3.6,0,3.74608,-0.000954674,7.87248e-09
21.2,3.7,0,3.74607,-0.00102552,8.58906e-09
21.2,3.8,0,3.74606,-0.00109529,8.70288e-09
21.2,3.9,0,3.74605,-0.0011725,8.28441e-09
21.2,4,0,3.74604,-0.00124972,7.86595e-09
21.2,4.1,0,3.74604,-0.00132769,6.11024e-09
21.2,4.2,0,3.74604,-0.0014105,4.25035e-09
21.2,4.3,0,3.74605,-0.00149032,1.66851e-09
21.2,4.4,0,3.74606,-0.00157786,-1.93972e-09
21.2,4.5,0,3.74606,-0.00166539,-5.54795e-09
21.2,4.6,0,3.74608,-0.00175085,-7.7861e-09
21.2,4.7,0,3.7461,-0.00184212,-9.70493e-09
21.2,4.8,0,3.74612,-0.00192255,-8.65802e-09
21.2,4.9,0,3.74614,-0.00200264,-4.14713e-09
21.2,5,0,3.74617,-0.00208272,3.63755e-10
21.2,5.1,0,3.74622,-0.00220796,1.42736e-08
21.2,5.2,0,3.74626,-0.00229988,1.75556e-08
21.2,5.3,0,3.7463,-0.00239175,1.39616e-08
21.2,5.4,0,3.74635,-0.00248336,6.93261e-09
21.2,5.5,0,3.7464,-0.00257444,-9.83417e-10
21.2,5.6,0,3.74646,-0.00266477,-8.46917e-09
21.2,5.7,0,3.74652,-0.00275409,-1.41948e-08
21.2,5.8,0,3.74658,-0.00284217,-1.64242e-08
21.2,5.9,0,3.74665,-0.00292878,-1.45613e-08
21.2,6,0,3.74677,-0.0030605,-9.35504e-09
21.2,6.1,0,3.74683,-0.0031226,-2.88266e-09
21.2,6.2,0,3.7469,-0.00319146,2.70152e-09
21.2,6.3,0,3.74697,-0.00326032,8.28571e-09
21.2,6.4,0,3.74706,-0.00332524,7.82723e-09
21.2,6.5,0,3.74715,-0.00339955,8.97266e-09
21.2,6.6,0,3.74725,-0.00347385,1.01181e-08
21.2,6.7,0,3.74735,-0.00353815,1.29416e-08
21.2,6.8,0,3.74746,-0.00360084,7.95597e-09
21.2,6.9,0,3.74757,-0.00366352,2.97034e-09
21.2,7,0,3.74768,-0.00372621,-2.01529e-09
21.2,7.1,0,3.74779,-0.00377086,2.44104e-10
21.2,7.2,0,3.74791,-0.00382026,5.82921e-09
21.2,7.3,0,3.74803,-0.00386966,1.14143e-08
21.2,7.4,0,3.74815,-0.00390593,8.96808e-09
21.2,7.5,0,3.74828,-0.00394035,5.9816e-10
21.2,7.6,0,3.7484,-0.00397476,-7.77176e-09
21.2,7.7,0,3.74853,-0.00400275,-1.02413e-08
21.2,7.8,0,3.74866,-0.00402066,-4.44656e-09
21.2,7.9,0,3.7488,-0.00403894,9.84114e-10
21.2,8,0,3.74893,-0.00405721,6.41479e-09
21.2,8.1,0,3.74906,-0.00405892,-6.61995e-10
21.2,8.2,0,3.7492,-0.0040603,-2.08789e-09
21.2,8.3,0,3.74933,-0.00406167,-3.51379e-09
21.2,8.4,0,3.74946,-0.00405361,1.09332e-10
21.2,8.5,0,3.7496,-0.00403756,-8.95541e-09
21.2,8.6,0,3.74974,-0.00402151,-1.80201e-08
21.2,8.7,0,3.74987,-0.00400308,-2.819e-08
21.2,8.8,0,3.75001,-0.0039702,-1.58745e-08
21.2,8.9,0,3.75014,-0.00393684,-9.90639e-10
21.2,9,0,3.75028,-0.00390349,1.38932e-08
21.2,9.1,0,3.75041,-0.00385853,6.55859e-09
21.2,9.2,0,3.75054,-0.00380799,-1.24445e-08
21.2,9.3,0,3.75067,-0.00375744,-3.14475e-08
21.2,9.4,0,3.7508,-0.00370304,-3.45599e-08
21.2,9.5,0,3.75092,-0.00363609,-1.92655e-08
21.2,9.6,0,3.75105,-0.00356915,-3.97104e-09
21.2,9.7,0,3.75117,-0.00350279,6.1378e-09
21.2,9.8,0,3.75129,-0.00342295,2.69974e-10
21.2,9.9,0,3.75141,-0.00334043,-3.46673e-09
21.2,10,0,3.75153,-0.00325792,-7.20344e-09
21.2,10.1,0,3.75163,-0.00317064,-5.74281e-09
21.2,10.2,0,3.75174,-0.00307372,-1.38561e-08
21.2,10.3,0,3.75185,-0.00297681,-2.19693e-08
21.2,10.4,0,3.75195,-0.00288185,-2.89755e-08
21.2,10.5,0,3.75205,-0.00277206,-1.04327e-08
21.2,10.6,0,3.75215,-0.00266226,8.11012e-09
21.2,10.7,0,3.75224,-0.00255434,2.59833e-08
21.2,10.8,0,3.75232,-0.00243874,1.12122e-08
21.2,10.9,0,3.75241,-0.00231748,-9.68701e-09
21.2,11,0,3.75249,-0.00219623,-3.05862e-08
21.2,11.1,0,3.75256,-0.00207723,-3.03155e-08
21.2,11.2,0,3.75263,-0.00194643,-1.72901e-08
21.2,11.3,0,3.75269,-0.00181563,-4.26471e-09
21.2,11.4,0,3.75271,-0.00169184,1.85552e-09
21.2,11.5,0,3.75266,-0.00155355,2.21196e-09
21.2,11.6,0,3.75262,-0.00141525,2.5684e-09
21.2,11.7,0,3.7524,-0.00127847,3.38997e-09
21.2,11.8,0,3.74901,-0.0011425,-8.00937e-10
21.2,11.9,0,3.74562,-0.000997873,-9.29723e-09
21.2,12,0,3.74222,-0.000853245,-1.77935e-08
21.2,12.1,0,3.68494,-0.00072279,-1.96953e-08
21.2,12.2,0,3.60455,-0.00058406,-1.40556e-08
21.2,12.3,0,3.52415,-0.000445331,-8.41586e-09
21.2,12.4,0,3.10923,-0.000325021,-4.24063e-09
21.2,12.5,0,2.07282,-0.000216681,-2.82709e-09
21.2,12.6,0,1.03641,-0.00010834,-1.41354e-09
21.2,12.7,0,0,0,0
21.3,0,0,0,0,0
21.3,0.1,0,1.30971,-1.60948e-05,-1.89637e-09
21.3,0.2,0,2.61939,-3.06027e-05,-3.14562e-09
21.3,0.3,0,3.36183,-4.50474e-05,-3.63555e-09
21.3,0.4,0,3.53702,-4.92864e-05,-3.6428e-09
21.3,0.5,0,3.71222,-5.35254e-05,-3.65005e-09
21.3,0.6,0,3.72532,-6.0978e-05,-3.16774e-09
21.3,0.7,0,3.73842,-6.23495e-05,-3.66482e-09
21.3,0.8,0,3.7453,-7.02782e-05,-3.20453e-09
21.3,0.9,0,3.74597,-7.3402e-05,-3.72144e-09
21.3,1,0,3.74663,-7.65259e-05,-4.23836e-09
21.3,1.1,0,3.74665,-8.7984e-05,-3.36207e-09
21.3,1.2,0,3.74665,-9.44073e-05,-3.89384e-09
21.3,1.3,0,3.74665,-0.000107133,-2.98969e-09
21.3,1.4,0,3.74663,-0.000117815,-3.02664e-09
21.3,1.5,0,3.74661,-0.000128497,-3.06359e-09
21.3,1.6,0,3.74659,-0.00014739,-2.19955e-09
21.3,1.7,0,3.74657,-0.00016313,-2.05108e-09
21.3,1.8,0,3.74655,-0.000183752,-1.80799e-09
21.3,1.9,0,3.74652,-0.000205305,-1.71027e-09
21.3,2,0,3.7465,-0.000226858,-1.61256e-09
21.3,2.1,0,3.74648,-0.000255471,-2.05606e-09
21.3,2.2,0,3.74645,-0.000283407,-1.94334e-09
21.3,2.3,0,3.74643,-0.000314047,-2.81194e-09
21.3,2.4,0,3.7464,-0.000348859,-2.51333e-09
21.3,2.5,0,3.74637,-0.000383671,-2.21472e-09
21.3,2.6,0,3.74635,-0.000423448,-2.76439e-09
21.3,2.7,0,3.74632,-0.000465451,-1.97295e-09
21.3,2.8,0,3.7463,-0.000507358,-2.22354e-09
21.3,2.9,0,3.74627,-0.000556719,-8.68497e-10
21.3,3,0,3.74624,-0.00060608,4.86547e-10
21.3,3.1,0,3.74623,-0.000657495,1.08685e-09
21.3,3.2,0,3.7462,-0.000714278,2.76393e-09
21.3,3.3,0,3.74619,-0.000767719,3.64254e-09
21.3,3.4,0,3.74617,-0.000831702,5.12578e-09
21.3,3.5,0,3.74615,-0.000895684,6.60902e-09
21.3,3.6,0,3.74615,-0.000958051,6.9967e-09
21.3,3.7,0,3.74613,-0.0010289,7.71328e-09
21.3,3.8,0,3.74612,-0.00109298,7.78011e-09
21.3,3.9,0,3.74612,-0.00117019,7.36164e-09
21.3,4,0,3.74611,-0.00124741,6.94318e-09
21.3,4.1,0,3.74611,-0.00131893,5.32639e-09
21.3,4.2,0,3.74611,-0.00140174,3.4665e-09
21.3,4.3,0,3.74612,-0.00147442,1.0876e-09
21.3,4.4,0,3.74613,-0.00156196,-2.52063e-09
21.3,4.5,0,3.74614,-0.00164949,-6.12886e-09
21.3,4.6,0,3.74616,-0.00172722,-8.79275e-09
21.3,4.7,0,3.74617,-0.00181848,-1.07116e-08
21.3,4.8,0,3.7462,-0.00189193,-9.99682e-09
21.3,4.9,0,3.74622,-0.00197202,-5.48593e-09
21.3,5,0,3.74624,-0.0020521,-9.75047e-10
21.3,5.1,0,3.74629,-0.00217274,1.2999e-08
21.3,5.2,0,3.74633,-0.00226123,1.61518e-08
21.3,5.3,0,3.74638,-0.00234964,1.25444e-08
21.3,5.4,0,3.74642,-0.00243776,5.5352e-09
21.3,5.5,0,3.74647,-0.00252534,-2.43992e-09
21.3,5.6,0,3.74653,-0.00261217,-1.00828e-08
21.3,5.7,0,3.74659,-0.00269801,-1.6023e-08
21.3,5.8,0,3.74665,-0.00278262,-1.83291e-08
21.3,5.9,0,3.74672,-0.0028658,-1.60472e-08
21.3,6,0,3.74683,-0.00299227,-9.29091e-09
21.3,6.1,0,3.74689,-0.00304536,-1.63429e-09
21.3,6.2,0,3.74696,-0.00311422,3.9499e-09
21.3,6.3,0,3.74704,-0.00318308,9.53409e-09
21.3,6.4,0,3.74711,-0.00323856,5.08555e-09
21.3,6.5,0,3.74721,-0.00331234,6.01107e-09
21.3,6.6,0,3.7473,-0.00338665,7.1565e-09
21.3,6.7,0,3.7474,-0.00345066,1.01375e-08
21.3,6.8,0,3.7475,-0.00350494,9.68422e-09
21.3,6.9,0,3.74761,-0.00356763,4.69858e-09
21.3,7,0,3.74772,-0.00363031,-2.87047e-10
21.3,7.1,0,3.74782,-0.00366774,-1.75722e-09
21.3,7.2,0,3.74794,-0.00371714,3.82789e-09
21.3,7.3,0,3.74806,-0.00376654,9.413e-09
21.3,7.4,0,3.74817,-0.0037983,7.33903e-09
21.3,7.5,0,3.74829,-0.00383171,-9.47596e-10
21.3,7.6,0,3.74842,-0.00386613,-9.31752e-09
21.3,7.7,0,3.74855,-0.00389411,-1.1787e-08
21.3,7.8,0,3.74867,-0.00390835,-2.23992e-09
21.3,7.9,0,3.7488,-0.00392663,3.19076e-09
21.3,8,0,3.74894,-0.0039449,8.62143e-09
21.3,8.1,0,3.74905,-0.00394481,-6.90408e-09
21.3,8.2,0,3.74919,-0.00394619,-8.32998e-09
21.3,8.3,0,3.74932,-0.00394756,-9.75587e-09
21.3,8.4,0,3.74944,-0.00393964,2.33525e-09
21.3,8.5,0,3.74958,-0.00392365,-2.86366e-09
21.3,8.6,0,3.74972,-0.0039076,-1.19284e-08
21.3,8.7,0,3.74985,-0.00388917,-2.20982e-08
21.3,8.8,0,3.74997,-0.00385837,-2.10671e-08
21.3,8.9,0,3.75011,-0.00382502,-6.18321e-09
21.3,9,0,3.75024,-0.00379166,8.70067e-09
21.3,9.1,0,3.75036,-0.0037507,1.01465e-08
21.3,9.2,0,3.75049,-0.00370016,-8.85654e-09
21.3,9.3,0,3.75062,-0.00364962,-2.78596e-08
21.3,9.4,0,3.75074,-0.00359842,-3.19045e-08
21.3,9.5,0,3.75086,-0.00353405,-1.73549e-08
21.3,9.6,0,3.75099,-0.00346711,-2.06048e-09
21.3,9.7,0,3.75111,-0.00340075,8.04836e-09
21.3,9.8,0,3.75121,-0.00332835,-3.76884e-09
21.3,9.9,0,3.75133,-0.00324583,-7.50555e-09
21.3,10,0,3.75145,-0.00316332,-1.12423e-08
21.3,10.1,0,3.75154,-0.00308506,1.8165e-09
21.3,10.2,0,3.75165,-0.00298814,-6.29677e-09
21.3,10.3,0,3.75176,-0.00289122,-1.441e-08
21.3,10.4,0,3.75186,-0.00280067,-2.75916e-08
21.3,10.5,0,3.75195,-0.00269682,-1.7391e-08
21.3,10.6,0,3.75205,-0.00258702,1.15186e-09
21.3,10.7,0,3.75214,-0.0024791,1.90251e-08
21.3,10.8,0,3.75222,-0.00237509,1.67909e-08
21.3,10.9,0,3.7523,-0.00225383,-4.10832e-09
21.3,11,0,3.75239,-0.00213257,-2.50076e-08
21.3,11.1,0,3.75245,-0.00202613,-3.04348e-08
21.3,11.2,0,3.75251,-0.00189533,-1.74094e-08
21.3,11.3,0,3.75258,-0.00176453,-4.38402e-09
21.3,11.4,0,3.7526,-0.00164468,1.01398e-09
21.3,11.5,0,3.75255,-0.00151579,-3.57456e-10
21.3,11.6,0,3.7525,-0.00137749,-1.01183e-12
21.3,11.7,0,3.75228,-0.00124071,8.20557e-10
21.3,11.8,0,3.74889,-0.00111873,3.58051e-09
21.3,11.9,0,3.7455,-0.000974102,-4.91578e-09
21.3,12,0,3.7421,-0.000829474,-1.34121e-08
21.3,12.1,0,3.68484,-0.000712412,-1.97149e-08
21.3,12.2,0,3.60444,-0.000573682,-1.40751e-08
21.3,12.3,0,3.52405,-0.000434952,-8.43541e-09
21.3,12.4,0,3.10914,-0.000316346,-4.25697e-09
21.3,12.5,0,2.07282,-0.000216681,-2.82709e-09
21.3,12.6,0,1.03641,-0.00010834,-1.41354e-09
21.3,12.7,0,0,0,0
21.4,0,0,0,0,0
21.4,0.1,0,1.30972,-1.70015e-05,-2.26616e-09
21.4,0.2,0,2.61941,-3.15095e-05,-3.51541e-09
21.4,0.3,0,3.36184,-4.59541e-05,-4.00533e-09
21.4,0.4,0,3.53703,-5.3091e-05,-3.93354e-09
21.4,0.5,0,3.71223,-5.73299e-05,-3.94079e-09
21.4,0.6,0,3.72533,-6.82576e-05,-2.89884e-09
21.4,0.7,0,3.73843,-6.9629e-05,-3.39591e-09
21.4,0.8,0,3.74531,-7.75577e-05,-2.93562e-09
21.4,0.9,0,3.74598,-8.39279e-05,-2.8998e-09
21.4,1,0,3.74664,-8.70517e-05,-3.41672e-09
21.4,1.1,0,3.74666,-0.000101387,-1.73582e-09
21.4,1.2,0,3.74667,-0.00010781,-2.26759e-09
21.4,1.3,0,3.74667,-0.000120536,-1.36344e-09
21.4,1.4,0,3.74665,-0.000133603,-7.21239e-10
21.4,1.5,0,3.74663,-0.000144285,-7.58191e-10
21.4,1.6,0,3.74662,-0.00016498,5.14743e-10
21.4,1.7,0,3.74659,-0.00018072,6.63219e-10
21.4,1.8,0,3.74657,-0.000201342,9.06307e-10
21.4,1.9,0,3.74655,-0.000224024,1.07259e-09
21.4,2,0,3.74652,-0.000245577,1.1703e-09
21.4,2.1,0,3.74651,-0.000274577,4.0897e-10
21.4,2.2,0,3.74648,-0.000302513,5.21682e-10
21.4,2.3,0,3.74646,-0.000333153,-3.46913e-10
21.4,2.4,0,3.74643,-0.000367545,-6.62163e-10
21.4,2.5,0,3.7464,-0.000402357,-3.63551e-10
21.4,2.6,0,3.74639,-0.000440863,-1.67956e-09
21.4,2.7,0,3.74636,-0.000482866,-8.88132e-10
21.4,2.8,0,3.74634,-0.000524772,-1.13872e-09
21.4,2.9,0,3.74632,-0.000571976,-5.40147e-10
21.4,3,0,3.74629,-0.000621337,8.14897e-10
21.4,3.1,0,3.74628,-0.000669684,7.99892e-10
21.4,3.2,0,3.74626,-0.000726468,2.47697e-09
21.4,3.3,0,3.74624,-0.000779909,3.35559e-09
21.4,3.4,0,3.74623,-0.000839924,4.43794e-09
21.4,3.5,0,3.74621,-0.000903907,5.92119e-09
21.4,3.6,0,3.74621,-0.000961429,6.12091e-09
21.4,3.7,0,3.74619,-0.00103227,6.83749e-09
21.4,3.8,0,3.74619,-0.00109635,6.90432e-09
21.4,3.9,0,3.74618,-0.00116788,6.43887e-09
21.4,4,0,3.74617,-0.0012451,6.02041e-09
21.4,4.1,0,3.74618,-0.00131017,4.54253e-09
21.4,4.2,0,3.74618,-0.00139299,2.68264e-09
21.4,4.3,0,3.74619,-0.00146566,3.03749e-10
21.4,4.4,0,3.7462,-0.00154606,-3.10153e-09
21.4,4.5,0,3.74621,-0.00163359,-6.70976e-09
21.4,4.6,0,3.74623,-0.00170359,-9.79941e-09
21.4,4.7,0,3.74625,-0.00179485,-1.17182e-08
21.4,4.8,0,3.74627,-0.0018683,-1.10035e-08
21.4,4.9,0,3.74629,-0.0019414,-6.82474e-09
21.4,5,0,3.74632,-0.00202149,-2.31385e-09
21.4,5.1,0,3.74637,-0.00213752,1.17244e-08
21.4,5.2,0,3.74641,-0.00222258,1.4748e-08
21.4,5.3,0,3.74645,-0.00230752,1.11273e-08
21.4,5.4,0,3.7465,-0.00239215,4.13779e-09
21.4,5.5,0,3.74655,-0.00247624,-3.89643e-09
21.4,5.6,0,3.7466,-0.00255957,-1.16964e-08
21.4,5.7,0,3.74666,-0.00264192,-1.78512e-08
21.4,5.8,0,3.74672,-0.00272307,-2.0234e-08
21.4,5.9,0,3.74679,-0.00280282,-1.75331e-08
21.4,6,0,3.7469,-0.00292405,-9.22678e-09
21.4,6.1,0,3.74696,-0.00296937,-5.49408e-10
21.4,6.2,0,3.74703,-0.00303699,5.19828e-09
21.4,6.3,0,3.7471,-0.00310585,1.07825e-08
21.4,6.4,0,3.74717,-0.00316132,6.33393e-09
21.4,6.5,0,3.74726,-0.00322514,3.04947e-09
21.4,6.6,0,3.74736,-0.00329945,4.1949e-09
21.4,6.7,0,3.74745,-0.00336346,7.1759e-09
21.4,6.8,0,3.74754,-0.00340904,1.14125e-08
21.4,6.9,0,3.74765,-0.00347173,6.42683e-09
21.4,7,0,3.74776,-0.00353441,1.4412e-09
21.4,7.1,0,3.74785,-0.00356656,-2.75657e-09
21.4,7.2,0,3.74797,-0.00361402,1.82657e-09
21.4,7.3,0,3.74809,-0.00366342,7.41167e-09
21.4,7.4,0,3.7482,-0.00369518,5.33771e-09
21.4,7.5,0,3.74831,-0.00372307,-2.49335e-09
21.4,7.6,0,3.74844,-0.00375749,-1.08633e-08
21.4,7.7,0,3.74856,-0.00378547,-1.33328e-08
21.4,7.8,0,3.74867,-0.00379604,-3.32754e-11
21.4,7.9,0,3.74881,-0.00381431,5.3974e-09
21.4,8,0,3.74894,-0.00383259,1.08281e-08
21.4,8.1,0,3.74905,-0.00383142,-9.77298e-09
21.4,8.2,0,3.74918,-0.00383208,-1.45721e-08
21.4,8.3,0,3.74932,-0.00383345,-1.5998e-08
21.4,8.4,0,3.74943,-0.00382553,-3.90683e-09
21.4,8.5,0,3.74955,-0.00380975,3.2281e-09
21.4,8.6,0,3.74969,-0.00379369,-5.83664e-09
21.4,8.7,0,3.74982,-0.00377526,-1.60065e-08
21.4,8.8,0,3.74993,-0.00374654,-2.62597e-08
21.4,8.9,0,3.75007,-0.00371319,-1.13758e-08
21.4,9,0,3.75021,-0.00367983,3.5081e-09
21.4,9.1,0,3.75031,-0.00364076,9.08209e-09
21.4,9.2,0,3.75044,-0.00359233,-5.26862e-09
21.4,9.3,0,3.75057,-0.00354179,-2.42717e-08
21.4,9.4,0,3.75069,-0.0034906,-2.83166e-08
21.4,9.5,0,3.7508,-0.003432,-1.54443e-08
21.4,9.6,0,3.75092,-0.00336506,-1.49919e-10
21.4,9.7,0,3.75105,-0.0032987,9.95892e-09
21.4,9.8,0,3.75114,-0.00323375,-7.80765e-09
21.4,9.9,0,3.75126,-0.00315123,-1.15444e-08
21.4,10,0,3.75138,-0.00306872,-1.52811e-08
21.4,10.1,0,3.75146,-0.00299352,1.71585e-09
21.4,10.2,0,3.75157,-0.00290256,1.26253e-09
21.4,10.3,0,3.75168,-0.00280564,-6.85074e-09
21.4,10.4,0,3.75177,-0.00271509,-2.00323e-08
21.4,10.5,0,3.75185,-0.00262158,-2.43492e-08
21.4,10.6,0,3.75195,-0.00251178,-5.80641e-09
21.4,10.7,0,3.75205,-0.00240386,1.20668e-08
21.4,10.8,0,3.75211,-0.00231143,2.23696e-08
21.4,10.9,0,3.75219,-0.00219018,1.47036e-09
21.4,11,0,3.75228,-0.00206892,-1.94289e-08
21.4,11.1,0,3.75234,-0.0019651,-2.60467e-08
21.4,11.2,0,3.7524,-0.00184423,-1.75287e-08
21.4,11.3,0,3.75247,-0.00171343,-4.50333e-09
21.4,11.4,0,3.75248,-0.00159357,8.9467e-10
21.4,11.5,0,3.75243,-0.00147803,-2.92687e-09
21.4,11.6,0,3.75238,-0.00133973,-2.57043e-09
21.4,11.7,0,3.75216,-0.00120295,-1.74886e-09
21.4,11.8,0,3.74877,-0.00109486,7.91009e-09
21.4,11.9,0,3.74538,-0.000950331,-5.34337e-10
21.4,12,0,3.74198,-0.000805703,-9.03063e-09
21.4,12.1,0,3.68472,-0.00068969,-1.56783e-08
21.4,12.2,0,3.60434,-0.000563304,-1.40947e-08
21.4,12.3,0,3.52395,-0.000424574,-8.45495e-09
21.4,12.4,0,3.10904,-0.000305968,-4.27651e-09
21.4,12.5,0,2.07282,-0.000216681,-2.82709e-09
21.4,12.6,0,1.03641,-0.00010834,-1.41354e-09
21.4,12.7,0,0,0,0
21.5,0,0,0,0,0
21.5,0.1,0,1.30974,-1.76816e-05,-2.5435e-09
21.5,0.2,0,2.61942,-3.24162e-05,-3.88519e-09
21.5,0.3,0,3.36186,-4.68609e-05,-4.37511e-09
21.5,0.4,0,3.53705,-5.68956e-05,-4.22428e-09
21.5,0.5,0,3.71224,-6.11345e-05,-4.23153e-09
21.5,0.6,0,3.72534,-7.46684e-05,-2.76985e-09
21.5,0.7,0,3.73844,-7.69086e-05,-3.12701e-09
21.5,0.8,0,3.74532,-8.48373e-05,-2.66672e-09
21.5,0.9,0,3.74599,-9.44537e-05,-2.07816e-09
21.5,1,0,3.74665,-9.75776e-05,-2.59508e-09
21.5,1.1,0,3.74667,-0.000114071,-3.1072e-10
21.5,1.2,0,3.74668,-0.000121213,-6.41343e-10
21.5,1.3,0,3.74668,-0.000133939,2.6281e-10
21.5,1.4,0,3.74667,-0.000149391,1.58416e-09
21.5,1.5,0,3.74665,-0.000160073,1.54721e-09
21.5,1.6,0,3.74664,-0.000182119,3.12681e-09
21.5,1.7,0,3.74661,-0.000198309,3.37751e-09
21.5,1.8,0,3.7466,-0.000218931,3.6206e-09
21.5,1.9,0,3.74658,-0.000242743,3.85545e-09
21.5,2,0,3.74655,-0.000264296,3.95317e-09
21.5,2.1,0,3.74654,-0.000293586,2.95346e-09
21.5,2.2,0,3.74651,-0.000321619,2.98671e-09
21.5,2.3,0,3.74649,-0.000352259,2.11811e-09
21.5,2.4,0,3.74647,-0.000386232,1.189e-09
21.5,2.5,0,3.74644,-0.000421044,1.48761e-09
21.5,2.6,0,3.74643,-0.000458595,-4.03157e-10
21.5,2.7,0,3.7464,-0.00050028,1.96689e-10
21.5,2.8,0,3.74638,-0.000542187,-5.38983e-11
21.5,2.9,0,3.74637,-0.000587233,-2.11798e-10
21.5,3,0,3.74634,-0.000636594,1.14325e-09
21.5,3.1,0,3.74633,-0.000682641,6.66763e-10
21.5,3.2,0,3.74631,-0.000738657,2.19002e-09
21.5,3.3,0,3.7463,-0.000792098,3.06863e-09
21.5,3.4,0,3.74629,-0.000848146,3.75011e-09
21.5,3.5,0,3.74627,-0.000912129,5.23335e-09
21.5,3.6,0,3.74627,-0.000966018,5.29212e-09
21.5,3.7,0,3.74625,-0.00103565,5.96171e-09
21.5,3.8,0,3.74625,-0.00109973,6.02854e-09
21.5,3.9,0,3.74625,-0.00116558,5.5161e-09
21.5,4,0,3.74624,-0.00124279,5.09764e-09
21.5,4.1,0,3.74625,-0.00130303,3.72395e-09
21.5,4.2,0,3.74625,-0.00138423,1.89879e-09
21.5,4.3,0,3.74626,-0.0014569,-4.80105e-10
21.5,4.4,0,3.74628,-0.00153015,-3.68243e-09
21.5,4.5,0,3.74628,-0.00161769,-7.29066e-09
21.5,4.6,0,3.74631,-0.00168189,-1.06996e-08
21.5,4.7,0,3.74632,-0.00177122,-1.27249e-08
21.5,4.8,0,3.74635,-0.00184467,-1.20101e-08
21.5,4.9,0,3.74637,-0.00191078,-8.16354e-09
21.5,5,0,3.74639,-0.00199087,-3.65265e-09
21.5,5.1,0,3.74644,-0.0021023,1.04498e-08
21.5,5.2,0,3.74648,-0.00218393,1.33443e-08
21.5,5.3,0,3.74652,-0.00226541,9.71017e-09
21.5,5.4,0,3.74657,-0.00234655,2.74038e-09
21.5,5.5,0,3.74662,-0.00242714,-5.35293e-09
21.5,5.6,0,3.74668,-0.00250697,-1.331e-08
21.5,5.7,0,3.74673,-0.00258584,-1.96793e-08
21.5,5.8,0,3.74679,-0.00266353,-2.21389e-08
21.5,5.9,0,3.74686,-0.00273985,-1.9019e-08
21.5,6,0,3.74697,-0.00285582,-9.16265e-09
21.5,6.1,0,3.74702,-0.00290115,-4.8528e-10
21.5,6.2,0,3.74709,-0.00295975,6.44665e-09
21.5,6.3,0,3.74716,-0.00302861,1.20308e-08
21.5,6.4,0,3.74723,-0.00308409,7.58231e-09
21.5,6.5,0,3.74731,-0.00313794,8.78665e-11
21.5,6.6,0,3.74741,-0.00321224,1.2333e-09
21.5,6.7,0,3.7475,-0.00327625,4.2143e-09
21.5,6.8,0,3.74759,-0.00331623,1.14783e-08
21.5,6.9,0,3.7477,-0.00337583,8.15507e-09
21.5,7,0,3.74781,-0.00343852,3.16944e-09
21.5,7.1,0,3.7479,-0.00347067,-1.02832e-09
21.5,7.2,0,3.748,-0.00351091,-1.74754e-10
21.5,7.3,0,3.74812,-0.00356031,5.41035e-09
21.5,7.4,0,3.74823,-0.00359207,3.33639e-09
21.5,7.5,0,3.74833,-0.00361443,-4.03911e-09
21.5,7.6,0,3.74846,-0.00364885,-1.2409e-08
21.5,7.7,0,3.74858,-0.00367683,-1.48785e-08
21.5,7.8,0,3.74868,-0.00368551,3.53174e-10
21.5,7.9,0,3.74881,-0.003702,7.60404e-09
21.5,8,0,3.74895,-0.00372028,1.30347e-08
21.5,8.1,0,3.74905,-0.00371911,-7.56634e-09
21.5,8.2,0,3.74917,-0.00371797,-2.08141e-08
21.5,8.3,0,3.74931,-0.00371934,-2.224e-08
21.5,8.4,0,3.74943,-0.00371142,-1.01489e-08
21.5,8.5,0,3.74953,-0.00369584,9.31985e-09
21.5,8.6,0,3.74967,-0.00367979,2.55109e-10
21.5,8.7,0,3.7498,-0.00366136,-9.9147e-09
21.5,8.8,0,3.7499,-0.00363343,-2.45048e-08
21.5,8.9,0,3.75003,-0.00360136,-1.65683e-08
21.5,9,0,3.75017,-0.00356801,-1.68446e-09
21.5,9.1,0,3.75027,-0.00352893,3.88952e-09
21.5,9.2,0,3.75039,-0.00348451,-1.68069e-09
21.5,9.3,0,3.75052,-0.00343397,-2.06838e-08
21.5,9.4,0,3.75064,-0.00338277,-2.47287e-08
21.5,9.5,0,3.75073,-0.00332996,-1.35338e-08
21.5,9.6,0,3.75086,-0.00326301,1.76064e-09
21.5,9.7,0,3.75098,-0.00319665,1.18695e-08
21.5,9.8,0,3.75107,-0.00313359,-7.40664e-09
21.5,9.9,0,3.75118,-0.00305663,-1.55832e-08
21.5,10,0,3.7513,-0.00297412,-1.93199e-08
21.5,10.1,0,3.75139,-0.00289892,-2.32297e-09
21.5,10.2,0,3.75148,-0.00281698,8.82184e-09
21.5,10.3,0,3.75159,-0.00272006,7.08569e-10
21.5,10.4,0,3.75168,-0.00262951,-1.2473e-08
21.5,10.5,0,3.75175,-0.00254635,-3.13075e-08
21.5,10.6,0,3.75185,-0.00243655,-1.27647e-08
21.5,10.7,0,3.75195,-0.00232863,5.10853e-09
21.5,10.8,0,3.75201,-0.00223762,1.69551e-08
21.5,10.9,0,3.75209,-0.00212652,7.04905e-09
21.5,11,0,3.75217,-0.00200527,-1.38502e-08
21.5,11.1,0,3.75223,-0.00190144,-2.04681e-08
21.5,11.2,0,3.75229,-0.00179313,-1.7648e-08
21.5,11.3,0,3.75235,-0.00166233,-4.62263e-09
21.5,11.4,0,3.75237,-0.00154247,7.75365e-10
21.5,11.5,0,3.75231,-0.00143902,-5.26773e-09
21.5,11.6,0,3.75226,-0.00130197,-5.13984e-09
21.5,11.7,0,3.75204,-0.00116519,-4.31827e-09
21.5,11.8,0,3.74865,-0.0010571,5.34067e-09
21.5,11.9,0,3.74526,-0.00092656,3.84711e-09
21.5,12,0,3.74187,-0.000781932,-4.64918e-09
21.5,12.1,0,3.6846,-0.000665919,-1.12968e-08
21.5,12.2,0,3.60424,-0.000552925,-1.41142e-08
21.5,12.3,0,3.52385,-0.000414196,-8.47449e-09
21.5,12.4,0,3.10894,-0.00029559,-4.29605e-09
21.5,12.5,0,2.0728,-0.000214357,-2.83146e-09
21.5,12.6,0,1.03641,-0.00010834,-1.41354e-09
21.5,12.7,0,0,0,0
21.6,0,0,0,0,0
21.6,0.1,0,1.30974,-1.76816e-05,-2.5435e-09
21.6,0.2,0,2.61944,-3.3323e-05,-4.25498e-09
21.6,0.3,0,3.36187,-4.77676e-05,-4.7449e-09
21.6,0.4,0,3.53706,-6.07001e-05,-4.51502e-09
21.6,0.5,0,3.71225,-6.49391e-05,-4.52227e-09
21.6,0.6,0,3.72535,-7.8473e-05,-3.06059e-09
21.6,0.7,0,3.73845,-8.41881e-05,-2.8581e-09
21.6,0.8,0,3.74533,-9.21168e-05,-2.39781e-09
21.6,0.9,0,3.746,-0.00010498,-1.25652e-09
21.6,1,0,3.74667,-0.000108103,-1.77344e-09
21.6,1.1,0,3.74669,-0.000124596,5.1092e-10
21.6,1.2,0,3.7467,-0.000134616,9.84906e-10
21.6,1.3,0,3.7467,-0.000147342,1.88906e-09
21.6,1.4,0,3.74669,-0.000165179,3.88956e-09
21.6,1.5,0,3.74667,-0.000175861,3.85261e-09
21.6,1.6,0,3.74666,-0.000197907,5.43222e-09
21.6,1.7,0,3.74664,-0.000215899,6.09181e-09
21.6,1.8,0,3.74662,-0.000236521,6.3349e-09
21.6,1.9,0,3.7466,-0.000261462,6.63831e-09
21.6,2,0,3.74658,-0.000283015,6.73603e-09
21.6,2.1,0,3.74656,-0.000312305,5.73632e-09
21.6,2.2,0,3.74654,-0.000340724,5.45174e-09
21.6,2.3,0,3.74652,-0.000371364,4.58314e-09
21.6,2.4,0,3.74651,-0.000404918,3.04017e-09
21.6,2.5,0,3.74648,-0.00043973,3.33878e-09
21.6,2.6,0,3.74647,-0.000477282,1.44801e-09
21.6,2.7,0,3.74644,-0.000517695,1.28151e-09
21.6,2.8,0,3.74643,-0.000559602,1.03092e-09
21.6,2.9,0,3.74641,-0.000602491,1.16551e-10
21.6,3,0,3.74639,-0.000651852,1.4716e-09
21.6,3.1,0,3.74638,-0.000697898,9.95113e-10
21.6,3.2,0,3.74636,-0.000750847,1.90306e-09
21.6,3.3,0,3.74635,-0.000804288,2.78168e-09
21.6,3.4,0,3.74635,-0.000856369,3.06227e-09
21.6,3.5,0,3.74633,-0.000920351,4.54551e-09
21.6,3.6,0,3.74633,-0.00097424,4.60428e-09
21.6,3.7,0,3.74632,-0.00103903,5.08593e-09
21.6,3.8,0,3.74631,-0.00110311,5.15276e-09
21.6,3.9,0,3.74632,-0.00116327,4.59333e-09
21.6,4,0,3.74631,-0.00124048,4.17487e-09
21.6,4.1,0,3.74632,-0.00130072,2.80118e-09
21.6,4.2,0,3.74632,-0.00137547,1.11493e-09
21.6,4.3,0,3.74633,-0.00144814,-1.26396e-09
21.6,4.4,0,3.74635,-0.00151425,-4.26333e-09
21.6,4.5,0,3.74636,-0.00160179,-7.87156e-09
21.6,4.6,0,3.74638,-0.00166599,-1.12805e-08
21.6,4.7,0,3.7464,-0.00174759,-1.37315e-08
21.6,4.8,0,3.74642,-0.00182104,-1.30168e-08
21.6,4.9,0,3.74645,-0.00188016,-9.50234e-09
21.6,5,0,3.74647,-0.00196025,-4.99145e-09
21.6,5.1,0,3.74652,-0.00206708,9.17517e-09
21.6,5.2,0,3.74656,-0.00214528,1.19405e-08
21.6,5.3,0,3.7466,-0.00222329,8.29303e-09
21.6,5.4,0,3.74664,-0.00230095,1.34297e-09
21.6,5.5,0,3.74669,-0.00237804,-6.80944e-09
21.6,5.6,0,3.74675,-0.00245438,-1.49236e-08
21.6,5.7,0,3.7468,-0.00252975,-2.15075e-08
21.6,5.8,0,3.74687,-0.00260398,-2.40438e-08
21.6,5.9,0,3.74693,-0.00267687,-2.05049e-08
21.6,6,0,3.74703,-0.0027876,-9.09853e-09
21.6,6.1,0,3.74709,-0.00283292,-4.21152e-10
21.6,6.2,0,3.74715,-0.00288252,7.69503e-09
21.6,6.3,0,3.74722,-0.00295138,1.32792e-08
21.6,6.4,0,3.74729,-0.00300685,8.83068e-09
21.6,6.5,0,3.74737,-0.00305512,-1.02009e-09
21.6,6.6,0,3.74746,-0.00312504,-1.7283e-09
21.6,6.7,0,3.74756,-0.00318905,1.2527e-09
21.6,6.8,0,3.74764,-0.00322903,8.51666e-09
21.6,6.9,0,3.74774,-0.00327994,9.88332e-09
21.6,7,0,3.74785,-0.00334262,4.89769e-09
21.6,7.1,0,3.74794,-0.00337477,6.99923e-10
21.6,7.2,0,3.74804,-0.00340779,-2.17608e-09
21.6,7.3,0,3.74816,-0.00345719,3.40903e-09
21.6,7.4,0,3.74826,-0.00348895,1.33507e-09
21.6,7.5,0,3.74836,-0.00350894,-5.84494e-09
21.6,7.6,0,3.74848,-0.00354021,-1.39548e-08
21.6,7.7,0,3.7486,-0.00356819,-1.64243e-08
21.6,7.8,0,3.7487,-0.00357687,-1.19258e-09
21.6,7.9,0,3.74882,-0.00358969,9.81069e-09
21.6,8,0,3.74895,-0.00360796,1.52414e-08
21.6,8.1,0,3.74906,-0.0036068,-5.35969e-09
21.6,8.2,0,3.74916,-0.00360386,-2.70562e-08
21.6,8.3,0,3.7493,-0.00360523,-2.84821e-08
21.6,8.4,0,3.74942,-0.00359731,-1.6391e-08
21.6,8.5,0,3.74952,-0.00358179,6.7595e-09
21.6,8.6,0,3.74965,-0.00356588,6.34686e-09
21.6,8.7,0,3.74978,-0.00354745,-3.82295e-09
21.6,8.8,0,3.74988,-0.00351953,-1.8413e-08
21.6,8.9,0,3.74999,-0.00348953,-2.17609e-08
21.6,9,0,3.75013,-0.00345618,-6.87703e-09
21.6,9.1,0,3.75024,-0.0034171,-1.30305e-09
21.6,9.2,0,3.75034,-0.00337668,1.90723e-09
21.6,9.3,0,3.75047,-0.00332614,-1.70958e-08
21.6,9.4,0,3.75059,-0.00327495,-2.11407e-08
21.6,9.5,0,3.75068,-0.0032231,-1.02275e-08
21.6,9.6,0,3.7508,-0.00316097,3.6712e-09
21.6,9.7,0,3.75092,-0.00309461,1.378e-08
21.6,9.8,0,3.75101,-0.00303154,-5.49608e-09
21.6,9.9,0,3.7511,-0.00296203,-1.9622e-08
21.6,10,0,3.75122,-0.00287952,-2.33587e-08
21.6,10.1,0,3.75131,-0.00280432,-6.36178e-09
21.6,10.2,0,3.75139,-0.00273095,1.58185e-08
21.6,10.3,0,3.7515,-0.00263448,8.26787e-09
21.6,10.4,0,3.75159,-0.00254392,-4.91371e-09
21.6,10.5,0,3.75167,-0.00246115,-2.42899e-08
21.6,10.6,0,3.75176,-0.00236131,-1.97229e-08
21.6,10.7,0,3.75185,-0.00225339,-1.84974e-09
21.6,10.8,0,3.75191,-0.00216239,9.99679e-09
21.6,10.9,0,3.75198,-0.00206287,1.26277e-08
21.6,11,0,3.75207,-0.00194161,-8.2715e-09
21.6,11.1,0,3.75212,-0.00183779,-1.48894e-08
21.6,11.2,0,3.75217,-0.00173978,-1.67468e-08
21.6,11.3,0,3.75224,-0.00161123,-4.74194e-09
21.6,11.4,0,3.75225,-0.00149137,6.56059e-10
21.6,11.5,0,3.75219,-0.00138792,-5.38704e-09
21.6,11.6,0,3.75214,-0.00126421,-7.70926e-09
21.6,11.7,0,3.75193,-0.00112743,-6.88769e-09
21.6,11.8,0,3.74853,-0.00101934,2.77125e-09
21.6,11.9,0,3.74514,-0.000902789,8.22856e-09
21.6,12,0,3.74175,-0.000758161,-2.67738e-10
21.6,12.1,0,3.68448,-0.000642148,-6.9154e-09
21.6,12.2,0,3.60413,-0.000538399,-1.27708e-08
21.6,12.3,0,3.52374,-0.000403817,-8.49403e-09
21.6,12.4,0,3.10884,-0.000285211,-4.3156e-09
21.6,12.5,0,2.07269,-0.000203979,-2.85101e-09
21.6,12.6,0,1.03641,-0.00010834,-1.41354e-09
21.6,12.7,0,0,0,0
21.7,0,0,0,0,0
21.7,0.1,0,1.30974,-1.76816e-05,-2.5435e-09
21.7,0.2,0,2.61945,-3.42297e-05,-4.62476e-09
21.7,0.3,0,3.36189,-4.86744e-05,-5.11468e-09
21.7,0.4,0,3.53707,-6.30558e-05,-4.84528e-09
21.7,0.5,0,3.71226,-6.87437e-05,-4.81301e-09
21.7,0.6,0,3.72536,-8.22775e-05,-3.35133e-09
21.7,0.7,0,3.73846,-9.14677e-05,-2.5892e-09
21.7,0.8,0,3.74534,-9.93964e-05,-2.12891e-09
21.7,0.9,0,3.74601,-0.000113882,-7.11248e-10
21.7,1,0,3.74668,-0.000118629,-9.51795e-10
21.7,1.1,0,3.7467,-0.000135122,1.33256e-09
21.7,1.2,0,3.74671,-0.000148019,2.61115e-09
21.7,1.3,0,3.74671,-0.000160745,3.51531e-09
21.7,1.4,0,3.7467,-0.000179774,5.85539e-09
21.7,1.5,0,3.74669,-0.000191648,6.15801e-09
21.7,1.6,0,3.74667,-0.000213695,7.73762e-09
21.7,1.7,0,3.74666,-0.000233489,8.8061e-09
21.7,1.8,0,3.74664,-0.000254111,9.04919e-09
21.7,1.9,0,3.74663,-0.000279616,9.38689e-09
21.7,2,0,3.7466,-0.000301734,9.51889e-09
21.7,2.1,0,3.74659,-0.000331024,8.51918e-09
21.7,2.2,0,3.74657,-0.00035983,7.91676e-09
21.7,2.3,0,3.74655,-0.00039047,7.04817e-09
21.7,2.4,0,3.74654,-0.000423814,5.19826e-09
21.7,2.5,0,3.74651,-0.000458416,5.18994e-09
21.7,2.6,0,3.7465,-0.000495968,3.29917e-09
21.7,2.7,0,3.74649,-0.000535109,2.36633e-09
21.7,2.8,0,3.74647,-0.000577016,2.11574e-09
21.7,2.9,0,3.74646,-0.000618827,8.23136e-10
21.7,3,0,3.74643,-0.000667109,1.79994e-09
21.7,3.1,0,3.74643,-0.000713155,1.32346e-09
21.7,3.2,0,3.74642,-0.000763036,1.61611e-09
21.7,3.3,0,3.7464,-0.000816477,2.49472e-09
21.7,3.4,0,3.7464,-0.000866575,2.57487e-09
21.7,3.5,0,3.74638,-0.000928574,3.85767e-09
21.7,3.6,0,3.74638,-0.000982462,3.91644e-09
21.7,3.7,0,3.74638,-0.00104241,4.21015e-09
21.7,3.8,0,3.74637,-0.00110649,4.27698e-09
21.7,3.9,0,3.74638,-0.0011638,3.69406e-09
21.7,4,0,3.74637,-0.00123817,3.2521e-09
21.7,4.1,0,3.74638,-0.00129841,1.87841e-09
21.7,4.2,0,3.74639,-0.00136671,3.3108e-10
21.7,4.3,0,3.7464,-0.00143939,-2.04781e-09
21.7,4.4,0,3.74642,-0.00150192,-4.94571e-09
21.7,4.5,0,3.74643,-0.00158589,-8.45246e-09
21.7,4.6,0,3.74645,-0.00165009,-1.18614e-08
21.7,4.7,0,3.74647,-0.00172396,-1.47382e-08
21.7,4.8,0,3.7465,-0.00179741,-1.40234e-08
21.7,4.9,0,3.74652,-0.00185304,-1.06751e-08
21.7,5,0,3.74654,-0.00192963,-6.33025e-09
21.7,5.1,0,3.74659,-0.00203186,7.90055e-09
21.7,5.2,0,3.74663,-0.00210663,1.05367e-08
21.7,5.3,0,3.74667,-0.00218118,6.8759e-09
21.7,5.4,0,3.74672,-0.00225535,-5.44368e-11
21.7,5.5,0,3.74677,-0.00232894,-8.26595e-09
21.7,5.6,0,3.74682,-0.00240178,-1.65373e-08
21.7,5.7,0,3.74688,-0.00247366,-2.33357e-08
21.7,5.8,0,3.74694,-0.00254443,-2.59487e-08
21.7,5.9,0,3.747,-0.00261389,-2.19908e-08
21.7,6,0,3.7471,-0.00271937,-9.0344e-09
21.7,6.1,0,3.74716,-0.0027647,-3.57024e-10
21.7,6.2,0,3.74721,-0.00281002,8.32035e-09
21.7,6.3,0,3.74728,-0.00287414,1.45276e-08
21.7,6.4,0,3.74736,-0.00292962,1.00791e-08
21.7,6.5,0,3.74743,-0.00297789,2.2829e-10
21.7,6.6,0,3.74752,-0.00303784,-4.6899e-09
21.7,6.7,0,3.74761,-0.00310184,-1.7089e-09
21.7,6.8,0,3.7477,-0.00314182,5.55506e-09
21.7,6.9,0,3.74778,-0.00318404,1.16116e-08
21.7,7,0,3.74789,-0.00324672,6.62593e-09
21.7,7.1,0,3.74798,-0.00327887,2.42817e-09
21.7,7.2,0,3.74807,-0.00330941,-1.72813e-09
21.7,7.3,0,3.74819,-0.00335407,1.40771e-09
21.7,7.4,0,3.74829,-0.00338583,-6.66254e-10
21.7,7.5,0,3.74839,-0.00340583,-7.84627e-09
21.7,7.6,0,3.7485,-0.00343157,-1.55005e-08
21.7,7.7,0,3.74862,-0.00345955,-1.79701e-08
21.7,7.8,0,3.74872,-0.00346823,-2.73834e-09
21.7,7.9,0,3.74882,-0.00347738,1.20173e-08
21.7,8,0,3.74896,-0.00349565,1.7448e-08
21.7,8.1,0,3.74906,-0.00349449,-3.15305e-09
21.7,8.2,0,3.74916,-0.00349116,-2.66465e-08
21.7,8.3,0,3.74929,-0.00349112,-3.47242e-08
21.7,8.4,0,3.74941,-0.0034832,-2.26331e-08
21.7,8.5,0,3.74951,-0.00346768,5.17419e-10
21.7,8.6,0,3.74962,-0.00345197,1.24386e-08
21.7,8.7,0,3.74975,-0.00343354,2.2688e-09
21.7,8.8,0,3.74986,-0.00340562,-1.23213e-08
21.7,8.9,0,3.74996,-0.00337769,-2.69114e-08
21.7,9,0,3.7501,-0.00334435,-1.20696e-08
21.7,9.1,0,3.7502,-0.00330527,-6.49562e-09
21.7,9.2,0,3.7503,-0.00326518,-2.56455e-09
21.7,9.3,0,3.75042,-0.00321832,-1.35079e-08
21.7,9.4,0,3.75053,-0.00316712,-1.75528e-08
21.7,9.5,0,3.75063,-0.00311527,-6.63958e-09
21.7,9.6,0,3.75073,-0.00305892,5.58176e-09
21.7,9.7,0,3.75085,-0.00299256,1.56906e-08
21.7,9.8,0,3.75094,-0.0029295,-3.58552e-09
21.7,9.9,0,3.75103,-0.00286643,-2.28616e-08
21.7,10,0,3.75115,-0.00278492,-2.73975e-08
21.7,10.1,0,3.75123,-0.00270972,-1.04006e-08
21.7,10.2,0,3.75131,-0.00263636,1.17797e-08
21.7,10.3,0,3.75141,-0.00254889,1.58272e-08
21.7,10.4,0,3.75151,-0.00245834,2.64559e-09
21.7,10.5,0,3.75158,-0.00237557,-1.67306e-08
21.7,10.6,0,3.75166,-0.00228608,-2.66812e-08
21.7,10.7,0,3.75175,-0.00217816,-8.80801e-09
21.7,10.8,0,3.75181,-0.00208715,3.03853e-09
21.7,10.9,0,3.75188,-0.00199615,1.48851e-08
21.7,11,0,3.75196,-0.00187796,-2.69282e-09
21.7,11.1,0,3.75202,-0.00177414,-9.31069e-09
21.7,11.2,0,3.75207,-0.00167612,-1.11681e-08
21.7,11.3,0,3.75212,-0.00156013,-4.86124e-09
21.7,11.4,0,3.75214,-0.00144027,5.36753e-10
21.7,11.5,0,3.75208,-0.00133682,-5.50634e-09
21.7,11.6,0,3.75202,-0.00122645,-1.02787e-08
21.7,11.7,0,3.75181,-0.00108967,-9.45711e-09
21.7,11.8,0,3.74841,-0.000981577,2.01838e-10
21.7,11.9,0,3.74502,-0.000873485,9.86078e-09
21.7,12,0,3.74163,-0.00073439,4.11371e-09
21.7,12.1,0,3.68436,-0.000618377,-2.53395e-09
21.7,12.2,0,3.60401,-0.000514628,-8.38933e-09
21.7,12.3,0,3.52364,-0.000393439,-8.51358e-09
21.7,12.4,0,3.10873,-0.000274833,-4.33514e-09
21.7,12.5,0,2.07259,-0.0001936,-2.87055e-09
21.7,12.6,0,1.03641,-0.00010834,-1.41354e-09
21.7,12.7,0,0,0,0
21.8,0,0,0,0,0
21.8,0.1,0,1.30974,-1.76816e-05,-2.5435e-09
21.8,0.2,0,2.61947,-3.51365e-05,-4.99454e-09
21.8,0.3,0,3.3619,-4.95812e-05,-5.48447e-09
21.8,0.4,0,3.53708,-6.39626e-05,-5.21506e-09
21.8,0.5,0,3.71227,-7.25483e-05,-5.10375e-09
21.8,0.6,0,3.72537,-8.60821e-05,-3.64207e-09
21.8,0.7,0,3.73847,-9.87472e-05,-2.3203e-09
21.8,0.8,0,3.74535,-0.000106676,-1.86e-09
21.8,0.9,0,3.74602,-0.000121162,-4.42344e-10
21.8,1,0,3.74669,-0.000129155,-1.30155e-10
21.8,1.1,0,3.74671,-0.000145648,2.1542e-09
21.8,1.2,0,3.74673,-0.000161422,4.2374e-09
21.8,1.3,0,3.74673,-0.000174148,5.14156e-09
21.8,1.4,0,3.74672,-0.000193177,7.48164e-09
21.8,1.5,0,3.7467,-0.000207436,8.46341e-09
21.8,1.6,0,3.74669,-0.000229483,1.0043e-08
21.8,1.7,0,3.74668,-0.000251079,1.15204e-08
21.8,1.8,0,3.74666,-0.000271701,1.17635e-08
21.8,1.9,0,3.74665,-0.000297206,1.21012e-08
21.8,2,0,3.74663,-0.000320452,1.23018e-08
21.8,2.1,0,3.74662,-0.000349742,1.1302e-08
21.8,2.2,0,3.7466,-0.000378936,1.03818e-08
21.8,2.3,0,3.74658,-0.000409576,9.51319e-09
21.8,2.4,0,3.74657,-0.00044292,7.66329e-09
21.8,2.5,0,3.74655,-0.000477102,7.04111e-09
21.8,2.6,0,3.74654,-0.000514654,5.15034e-09
21.8,2.7,0,3.74653,-0.000552524,3.45115e-09
21.8,2.8,0,3.74651,-0.000594431,3.20057e-09
21.8,2.9,0,3.7465,-0.000636241,1.90796e-09
21.8,3,0,3.74648,-0.000682366,2.12829e-09
21.8,3.1,0,3.74648,-0.000728413,1.65181e-09
21.8,3.2,0,3.74647,-0.000775226,1.32915e-09
21.8,3.3,0,3.74646,-0.000828667,2.20777e-09
21.8,3.4,0,3.74645,-0.000878764,2.28792e-09
21.8,3.5,0,3.74644,-0.000936796,3.16984e-09
21.8,3.6,0,3.74644,-0.000990685,3.22861e-09
21.8,3.7,0,3.74644,-0.00104578,3.33436e-09
21.8,3.8,0,3.74644,-0.00110986,3.40119e-09
21.8,3.9,0,3.74644,-0.00116718,2.81827e-09
21.8,4,0,3.74644,-0.00123587,2.32933e-09
21.8,4.1,0,3.74645,-0.0012961,9.55641e-10
21.8,4.2,0,3.74646,-0.00135795,-4.52774e-10
21.8,4.3,0,3.74647,-0.00143063,-2.83167e-09
21.8,4.4,0,3.74649,-0.00149317,-5.72956e-09
21.8,4.5,0,3.7465,-0.00156999,-9.03336e-09
21.8,4.6,0,3.74653,-0.00163419,-1.24423e-08
21.8,4.7,0,3.74655,-0.00170033,-1.57448e-08
21.8,4.8,0,3.74657,-0.00177377,-1.50301e-08
21.8,4.9,0,3.7466,-0.00182941,-1.16817e-08
21.8,5,0,3.74662,-0.00189901,-7.66905e-09
21.8,5.1,0,3.74667,-0.00199664,6.62593e-09
21.8,5.2,0,3.74671,-0.00206798,9.13297e-09
21.8,5.3,0,3.74675,-0.00213906,5.45877e-09
21.8,5.4,0,3.74679,-0.00220974,-1.45185e-09
21.8,5.5,0,3.74684,-0.00227984,-9.72245e-09
21.8,5.6,0,3.74689,-0.00234918,-1.81509e-08
21.8,5.7,0,3.74695,-0.00241758,-2.51639e-08
21.8,5.8,0,3.74701,-0.00248488,-2.78536e-08
21.8,5.9,0,3.74707,-0.00255092,-2.34767e-08
21.8,6,0,3.74717,-0.00265115,-8.97027e-09
21.8,6.1,0,3.74722,-0.00269647,-2.92897e-10
21.8,6.2,0,3.74728,-0.0027418,8.38448e-09
21.8,6.3,0,3.74734,-0.00279691,1.5776e-08
21.8,6.4,0,3.74742,-0.00285238,1.13274e-08
21.8,6.5,0,3.74749,-0.00290065,1.47667e-09
21.8,6.6,0,3.74757,-0.00295063,-7.65149e-09
21.8,6.7,0,3.74766,-0.00301464,-4.6705e-09
21.8,6.8,0,3.74775,-0.00305462,2.59346e-09
21.8,6.9,0,3.74783,-0.0030946,9.85743e-09
21.8,7,0,3.74794,-0.00315083,8.35418e-09
21.8,7.1,0,3.74803,-0.00318297,4.15641e-09
21.8,7.2,0,3.74812,-0.00321352,1.15182e-13
21.8,7.3,0,3.74822,-0.00325095,-5.93612e-10
21.8,7.4,0,3.74832,-0.00328271,-2.66758e-09
21.8,7.5,0,3.74842,-0.00330271,-9.84759e-09
21.8,7.6,0,3.74852,-0.00332293,-1.70463e-08
21.8,7.7,0,3.74864,-0.00335091,-1.95158e-08
21.8,7.8,0,3.74874,-0.0033596,-4.28409e-09
21.8,7.9,0,3.74884,-0.00336828,1.09476e-08
21.8,8,0,3.74896,-0.00338334,1.96546e-08
21.8,8.1,0,3.74907,-0.00338218,-9.46409e-10
21.8,8.2,0,3.74917,-0.00337885,-2.44399e-08
21.8,8.3,0,3.74928,-0.00337701,-4.09663e-08
21.8,8.4,0,3.7494,-0.00336909,-2.88752e-08
21.8,8.5,0,3.7495,-0.00335357,-5.72467e-09
21.8,8.6,0,3.7496,-0.00333805,1.74258e-08
21.8,8.7,0,3.74973,-0.00331964,8.36055e-09
21.8,8.8,0,3.74983,-0.00329171,-6.22954e-09
21.8,8.9,0,3.74993,-0.00326379,-2.08196e-08
21.8,9,0,3.75006,-0.00323252,-1.72622e-08
21.8,9.1,0,3.75016,-0.00319344,-1.16882e-08
21.8,9.2,0,3.75026,-0.00315336,-7.75712e-09
21.8,9.3,0,3.75037,-0.00311049,-9.91998e-09
21.8,9.4,0,3.75048,-0.0030593,-1.39649e-08
21.8,9.5,0,3.75058,-0.00300745,-3.05165e-09
21.8,9.6,0,3.75067,-0.0029556,7.86159e-09
21.8,9.7,0,3.75079,-0.00289051,1.76012e-08
21.8,9.8,0,3.75088,-0.00282745,-1.67496e-09
21.8,9.9,0,3.75096,-0.00276439,-2.09511e-08
21.8,10,0,3.75107,-0.00269032,-3.14363e-08
21.8,10.1,0,3.75116,-0.00261512,-1.44394e-08
21.8,10.2,0,3.75124,-0.00254176,7.74092e-09
21.8,10.3,0,3.75133,-0.00246331,2.33865e-08
21.8,10.4,0,3.75142,-0.00237276,1.02049e-08
21.8,10.5,0,3.75149,-0.00228998,-9.1713e-09
21.8,10.6,0,3.75156,-0.00220721,-2.85475e-08
21.8,10.7,0,3.75165,-0.00210292,-1.57663e-08
21.8,10.8,0,3.75172,-0.00201192,-3.91974e-09
21.8,10.9,0,3.75178,-0.00192091,7.92679e-09
21.8,11,0,3.75185,-0.00181431,2.88587e-09
21.8,11.1,0,3.75191,-0.00171048,-3.73201e-09
21.8,11.2,0,3.75196,-0.00161247,-5.58942e-09
21.8,11.3,0,3.75201,-0.00150902,-4.98055e-09
21.8,11.4,0,3.75203,-0.00138917,4.17448e-10
21.8,11.5,0,3.75196,-0.00128572,-5.62565e-09
21.8,11.6,0,3.7519,-0.00118227,-1.16687e-08
21.8,11.7,0,3.75169,-0.00105191,-1.20265e-08
21.8,11.8,0,3.74829,-0.000943817,-2.36758e-09
21.8,11.9,0,3.7449,-0.000835726,7.29137e-09
21.8,12,0,3.74151,-0.000710618,8.49516e-09
21.8,12.1,0,3.68424,-0.000594606,1.8475e-09
21.8,12.2,0,3.6039,-0.000490857,-4.00789e-09
21.8,12.3,0,3.52354,-0.000383061,-8.53312e-09
21.8,12.4,0,3.10863,-0.000264455,-4.35468e-09
21.8,12.5,0,2.07249,-0.000183222,-2.89009e-09
21.8,12.6,0,1.03635,-0.000101989,-1.4255e-09
21.8,12.7,0,0,0,0
21.9,0,0,0,0,0
21.9,0.1,0,1.30974,-1.76816e-05,-2.5435e-09
21.9,0.2,0,2.61947,-3.53632e-05,-5.08699e-09
21.9,0.3,0,3.36192,-5.04879e-05,-5.85425e-09
21.9,0.4,0,3.5371,-6.48693e-05,-5.58485e-09
21.9,0.5,0,3.71228,-7.63529e-05,-5.39449e-09
21.9,0.6,0,3.72538,-8.98867e-05,-3.93281e-09
21.9,0.7,0,3.73848,-0.000103421,-2.47113e-09
21.9,0.8,0,3.74536,-0.000113955,-1.5911e-09
21.9,0.9,0,3.74603,-0.000128441,-1.73439e-10
21.9,1,0,3.7467,-0.000139681,6.91485e-10
21.9,1.1,0,3.74672,-0.000156174,2.97584e-09
21.9,1.2,0,3.74674,-0.000172667,5.26019e-09
21.9,1.3,0,3.74674,-0.000187551,6.7678e-09
21.9,1.4,0,3.74673,-0.00020658,9.10788e-09
21.9,1.5,0,3.74672,-0.000223224,1.07688e-08
21.9,1.6,0,3.74671,-0.000245271,1.23484e-08
21.9,1.7,0,3.7467,-0.000267317,1.3928e-08
21.9,1.8,0,3.74668,-0.000289291,1.44778e-08
21.9,1.9,0,3.74667,-0.000314796,1.48155e-08
21.9,2,0,3.74666,-0.000339171,1.50846e-08
21.9,2.1,0,3.74664,-0.000368461,1.40849e-08
21.9,2.2,0,3.74663,-0.000397751,1.30852e-08
21.9,2.3,0,3.74662,-0.000428682,1.19782e-08
21.9,2.4,0,3.7466,-0.000462025,1.01283e-08
21.9,2.5,0,3.74659,-0.000495789,8.89227e-09
21.9,2.6,0,3.74658,-0.00053334,7.0015e-09
21.9,2.7,0,3.74657,-0.000570892,5.11073e-09
21.9,2.8,0,3.74655,-0.000611845,4.28539e-09
21.9,2.9,0,3.74654,-0.000653656,2.99278e-09
21.9,3,0,3.74653,-0.000697624,2.45664e-09
21.9,3.1,0,3.74652,-0.00074367,1.98016e-09
21.9,3.2,0,3.74652,-0.000789716,1.50368e-09
21.9,3.3,0,3.74651,-0.000840856,1.92082e-09
21.9,3.4,0,3.74651,-0.000890954,2.00097e-09
21.9,3.5,0,3.7465,-0.000945019,2.482e-09
21.9,3.6,0,3.7465,-0.000998907,2.54077e-09
21.9,3.7,0,3.7465,-0.0010528,2.59954e-09
21.9,3.8,0,3.7465,-0.00111324,2.52541e-09
21.9,3.9,0,3.7465,-0.00117056,1.94249e-09
21.9,4,0,3.74651,-0.00123356,1.40656e-09
21.9,4.1,0,3.74652,-0.00129379,3.2871e-11
21.9,4.2,0,3.74653,-0.00135403,-1.34082e-09
21.9,4.3,0,3.74654,-0.00142187,-3.61552e-09
21.9,4.4,0,3.74656,-0.00148441,-6.51342e-09
21.9,4.5,0,3.74657,-0.00155409,-9.61426e-09
21.9,4.6,0,3.7466,-0.00161829,-1.30232e-08
21.9,4.7,0,3.74662,-0.0016825,-1.64322e-08
21.9,4.8,0,3.74665,-0.00175014,-1.60367e-08
21.9,4.9,0,3.74667,-0.00180578,-1.26884e-08
21.9,5,0,3.7467,-0.00186839,-9.00785e-09
21.9,5.1,0,3.74674,-0.00196142,5.35131e-09
21.9,5.2,0,3.74678,-0.00202933,7.7292e-09
21.9,5.3,0,3.74682,-0.00209695,4.04164e-09
21.9,5.4,0,3.74687,-0.00216414,-2.84925e-09
21.9,5.5,0,3.74691,-0.00223074,-1.1179e-08
21.9,5.6,0,3.74697,-0.00229658,-1.97645e-08
21.9,5.7,0,3.74702,-0.00236149,-2.69921e-08
21.9,5.8,0,3.74708,-0.00242533,-2.97585e-08
21.9,5.9,0,3.74714,-0.00248794,-2.49626e-08
21.9,6,0,3.74723,-0.00258292,-8.90614e-09
21.9,6.1,0,3.74729,-0.00262825,-2.28769e-10
21.9,6.2,0,3.74735,-0.00267357,8.44861e-09
21.9,6.3,0,3.7474,-0.00271967,1.70243e-08
21.9,6.4,0,3.74748,-0.00277515,1.25758e-08
21.9,6.5,0,3.74755,-0.00282342,2.72504e-09
21.9,6.6,0,3.74763,-0.00287169,-7.12573e-09
21.9,6.7,0,3.74772,-0.00292744,-7.6321e-09
21.9,6.8,0,3.7478,-0.00296741,-3.68137e-10
21.9,6.9,0,3.74789,-0.00300739,6.89583e-09
21.9,7,0,3.74798,-0.00305493,1.00824e-08
21.9,7.1,0,3.74807,-0.00308708,5.88466e-09
21.9,7.2,0,3.74816,-0.00311762,1.72836e-09
21.9,7.3,0,3.74825,-0.00314816,-2.42794e-09
21.9,7.4,0,3.74836,-0.0031796,-4.6689e-09
21.9,7.5,0,3.74845,-0.00319959,-1.18489e-08
21.9,7.6,0,3.74855,-0.00321959,-1.90289e-08
21.9,7.7,0,3.74866,-0.00324228,-2.10616e-08
21.9,7.8,0,3.74876,-0.00325096,-5.82985e-09
21.9,7.9,0,3.74886,-0.00325964,9.40187e-09
21.9,8,0,3.74897,-0.00327103,2.18613e-08
21.9,8.1,0,3.74907,-0.00326987,1.26023e-09
21.9,8.2,0,3.74917,-0.00326654,-2.22332e-08
21.9,8.3,0,3.74927,-0.00326321,-4.57267e-08
21.9,8.4,0,3.74939,-0.00325498,-3.51173e-08
21.9,8.5,0,3.74949,-0.00323946,-1.19668e-08
21.9,8.6,0,3.74959,-0.00322394,1.11838e-08
21.9,8.7,0,3.74971,-0.00320573,1.44523e-08
21.9,8.8,0,3.74981,-0.00317781,-1.37784e-10
21.9,8.9,0,3.74991,-0.00314988,-1.47279e-08
21.9,9,0,3.75002,-0.00312069,-2.24547e-08
21.9,9.1,0,3.75013,-0.00308161,-1.68808e-08
21.9,9.2,0,3.75022,-0.00304153,-1.29497e-08
21.9,9.3,0,3.75032,-0.00300144,-9.01863e-09
21.9,9.4,0,3.75043,-0.00295147,-1.0377e-08
21.9,9.5,0,3.75053,-0.00289962,5.36271e-10
21.9,9.6,0,3.75062,-0.00284778,1.14495e-08
21.9,9.7,0,3.75072,-0.00278847,1.95117e-08
21.9,9.8,0,3.75081,-0.0027254,2.35596e-10
21.9,9.9,0,3.7509,-0.00266234,-1.90405e-08
21.9,10,0,3.75099,-0.00259572,-3.54751e-08
21.9,10.1,0,3.75108,-0.00252052,-1.84782e-08
21.9,10.2,0,3.75116,-0.00244716,3.70211e-09
21.9,10.3,0,3.75124,-0.00237379,2.58824e-08
21.9,10.4,0,3.75133,-0.00228717,1.77642e-08
21.9,10.5,0,3.7514,-0.0022044,-1.61199e-09
21.9,10.6,0,3.75148,-0.00212163,-2.09882e-08
21.9,10.7,0,3.75156,-0.00202769,-2.27245e-08
21.9,10.8,0,3.75162,-0.00193668,-1.0878e-08
21.9,10.9,0,3.75168,-0.00184568,9.68525e-10
21.9,11,0,3.75175,-0.00175065,8.46455e-09
21.9,11.1,0,3.7518,-0.00164683,1.84668e-09
21.9,11.2,0,3.75185,-0.00154882,-1.07406e-11
21.9,11.3,0,3.7519,-0.0014508,-1.86816e-09
21.9,11.4,0,3.75191,-0.00133807,2.98142e-10
21.9,11.5,0,3.75185,-0.00123462,-5.74496e-09
21.9,11.6,0,3.75179,-0.00113117,-1.17881e-08
21.9,11.7,0,3.75157,-0.00101415,-1.45959e-08
21.9,11.8,0,3.74817,-0.000906058,-4.93699e-09
21.9,11.9,0,3.74478,-0.000797966,4.72195e-09
21.9,12,0,3.74139,-0.000686847,1.28766e-08
21.9,12.1,0,3.68412,-0.000570835,6.22895e-09
21.9,12.2,0,3.60378,-0.000467086,3.73562e-10
21.9,12.3,0,3.52343,-0.000363337,-5.48182e-09
21.9,12.4,0,3.10853,-0.000254076,-4.37423e-09
21.9,12.5,0,2.07239,-0.000172844,-2.90964e-09
21.9,12.6,0,1.03624,-9.1611e-05,-1.44505e-09
21.9,12.7,0,0,0,0
22,0,0,0,0,0
22,0.1,0,1.30974,-1.76816e-05,-2.5435e-09
22,0.2,0,2.61947,-3.53632e-05,-5.08699e-09
22,0.3,0,3.36193,-5.13947e-05,-6.22404e-09
22,0.4,0,3.53711,-6.57761e-05,-5.95463e-09
22,0.5,0,3.7123,-8.01575e-05,-5.68523e-09
22,0.6,0,3.72539,-9.36913e-05,-4.22355e-09
22,0.7,0,3.73849,-0.000107225,-2.76187e-09
22,0.8,0,3.74537,-0.000121235,-1.3222e-09
22,0.9,0,3.74604,-0.000135721,9.5465e-11
22,1,0,3.74671,-0.000150207,1.51312e-09
22,1.1,0,3.74673,-0.0001667,3.79748e-09
22,1.2,0,3.74675,-0.000183193,6.08183e-09
22,1.3,0,3.74676,-0.000200954,8.39405e-09
22,1.4,0,3.74675,-0.000219983,1.07341e-08
22,1.5,0,3.74674,-0.000239012,1.30742e-08
22,1.6,0,3.74673,-0.000261058,1.46538e-08
22,1.7,0,3.74672,-0.000283105,1.62334e-08
22,1.8,0,3.74671,-0.000306881,1.71921e-08
22,1.9,0,3.74669,-0.000332386,1.75298e-08
22,2,0,3.74668,-0.00035789,1.78675e-08
22,2.1,0,3.74667,-0.00038718,1.68678e-08
22,2.2,0,3.74666,-0.00041647,1.58681e-08
22,2.3,0,3.74665,-0.000447787,1.44432e-08
22,2.4,0,3.74664,-0.000481131,1.25933e-08
22,2.5,0,3.74662,-0.000514475,1.07434e-08
22,2.6,0,3.74661,-0.000552027,8.85267e-09
22,2.7,0,3.7466,-0.000589578,6.9619e-09
22,2.8,0,3.74659,-0.00062926,5.37021e-09
22,2.9,0,3.74658,-0.00067107,4.0776e-09
22,3,0,3.74658,-0.000712881,2.78499e-09
22,3.1,0,3.74657,-0.000758927,2.30851e-09
22,3.2,0,3.74656,-0.000804974,1.83203e-09
22,3.3,0,3.74656,-0.000853046,1.63386e-09
22,3.4,0,3.74656,-0.000903143,1.71401e-09
22,3.5,0,3.74656,-0.000953241,1.79416e-09
22,3.6,0,3.74656,-0.00100713,1.85293e-09
22,3.7,0,3.74656,-0.00106102,1.9117e-09
22,3.8,0,3.74656,-0.00111662,1.64963e-09
22,3.9,0,3.74657,-0.00117394,1.06671e-09
22,4,0,3.74657,-0.00123125,4.83787e-10
22,4.1,0,3.74658,-0.00129149,-8.89899e-10
22,4.2,0,3.7466,-0.00135172,-2.26359e-09
22,4.3,0,3.74661,-0.00141311,-4.39938e-09
22,4.4,0,3.74663,-0.00147565,-7.29727e-09
22,4.5,0,3.74665,-0.00153819,-1.01952e-08
22,4.6,0,3.74667,-0.00160239,-1.36041e-08
22,4.7,0,3.7467,-0.00166659,-1.70131e-08
22,4.8,0,3.74672,-0.00172651,-1.70434e-08
22,4.9,0,3.74675,-0.00178214,-1.3695e-08
22,5,0,3.74677,-0.00183778,-1.03467e-08
22,5.1,0,3.74682,-0.0019262,4.07669e-09
22,5.2,0,3.74685,-0.00199068,6.32543e-09
22,5.3,0,3.7469,-0.00205483,2.62451e-09
22,5.4,0,3.74694,-0.00211854,-4.24666e-09
22,5.5,0,3.74699,-0.00218164,-1.26355e-08
22,5.6,0,3.74704,-0.00224398,-2.13781e-08
22,5.7,0,3.74709,-0.00230541,-2.88202e-08
22,5.8,0,3.74715,-0.00236578,-3.16634e-08
22,5.9,0,3.74721,-0.00242496,-2.64485e-08
22,6,0,3.7473,-0.0025147,-8.84201e-09
22,6.1,0,3.74736,-0.00256002,-1.64641e-10
22,6.2,0,3.74741,-0.00260535,8.51273e-09
22,6.3,0,3.74747,-0.00265067,1.71901e-08
22,6.4,0,3.74754,-0.00269791,1.38242e-08
22,6.5,0,3.74762,-0.00274618,3.97342e-09
22,6.6,0,3.74769,-0.00279445,-5.87735e-09
22,6.7,0,3.74777,-0.00284023,-1.05937e-08
22,6.8,0,3.74785,-0.00288021,-3.32974e-09
22,6.9,0,3.74794,-0.00292019,3.93423e-09
22,7,0,3.74802,-0.00296017,1.11982e-08
22,7.1,0,3.74811,-0.00299118,7.6129e-09
22,7.2,0,3.7482,-0.00302172,3.45661e-09
22,7.3,0,3.74829,-0.00305226,-6.99693e-10
22,7.4,0,3.74839,-0.00307648,-6.67022e-09
22,7.5,0,3.74848,-0.00309647,-1.38502e-08
22,7.6,0,3.74858,-0.00311647,-2.10302e-08
22,7.7,0,3.74867,-0.00313364,-2.26073e-08
22,7.8,0,3.74878,-0.00314232,-7.3756e-09
22,7.9,0,3.74888,-0.003151,7.85611e-09
22,8,0,3.74898,-0.00315968,2.30878e-08
22,8.1,0,3.74908,-0.00315756,3.46688e-09
22,8.2,0,3.74918,-0.00315423,-2.00266e-08
22,8.3,0,3.74928,-0.0031509,-4.35201e-08
22,8.4,0,3.74938,-0.00314087,-4.13593e-08
22,8.5,0,3.74948,-0.00312535,-1.82088e-08
22,8.6,0,3.74958,-0.00310983,4.94167e-09
22,8.7,0,3.74969,-0.00309182,2.05441e-08
22,8.8,0,3.74979,-0.0030639,5.95397e-09
22,8.9,0,3.74989,-0.00303597,-8.63612e-09
22,9,0,3.74999,-0.00300805,-2.32262e-08
22,9.1,0,3.75009,-0.00296979,-2.20733e-08
22,9.2,0,3.75019,-0.0029297,-1.81423e-08
22,9.3,0,3.75029,-0.00288961,-1.42112e-08
22,9.4,0,3.75038,-0.00284364,-6.78904e-09
22,9.5,0,3.75047,-0.0027918,4.1242e-09
22,9.6,0,3.75057,-0.00273995,1.50374e-08
22,9.7,0,3.75066,-0.00268642,2.14223e-08
22,9.8,0,3.75075,-0.00262336,2.14615e-09
22,9.9,0,3.75084,-0.00256029,-1.713e-08
22,10,0,3.75092,-0.00249723,-3.64061e-08
22,10.1,0,3.751,-0.00242592,-2.2517e-08
22,10.2,0,3.75109,-0.00235256,-3.36709e-10
22,10.3,0,3.75117,-0.00227919,2.18436e-08
22,10.4,0,3.75124,-0.00220159,2.53235e-08
22,10.5,0,3.75131,-0.00211882,5.94731e-09
22,10.6,0,3.75139,-0.00203605,-1.34289e-08
22,10.7,0,3.75146,-0.00195245,-2.96828e-08
22,10.8,0,3.75152,-0.00186145,-1.78363e-08
22,10.9,0,3.75158,-0.00177044,-5.98974e-09
22,11,0,3.75164,-0.00167944,5.85679e-09
22,11.1,0,3.7517,-0.00158318,7.42536e-09
22,11.2,0,3.75174,-0.00148516,5.56794e-09
22,11.3,0,3.75179,-0.00138715,3.71053e-09
22,11.4,0,3.7518,-0.00128696,1.78836e-10
22,11.5,0,3.75174,-0.00118352,-5.86426e-09
22,11.6,0,3.75168,-0.00108007,-1.19074e-08
22,11.7,0,3.75145,-0.00097639,-1.71654e-08
22,11.8,0,3.74805,-0.000868298,-7.50641e-09
22,11.9,0,3.74466,-0.000760207,2.15254e-09
22,12,0,3.74127,-0.000652115,1.18115e-08
22,12.1,0,3.68401,-0.000547064,1.06104e-08
22,12.2,0,3.60366,-0.000443315,4.75501e-09
22,12.3,0,3.52331,-0.000339566,-1.10038e-09
22,12.4,0,3.10843,-0.000243698,-4.39377e-09
22,12.5,0,2.07229,-0.000162465,-2.92918e-09
22,12.6,0,1.03614,-8.12327e-05,-1.46459e-09
22,12.7,0,0,0,0
22.1,0,0,0,0,0
22.1,0.1,0,1.30975,-1.74949e-05,-1.40401e-09
22.1,0.2,0,2.61949,-3.51765e-05,-3.94751e-09
22.1,0.3,0,3.36195,-5.20973e-05,-5.1348e-09
22.1,0.4,0,3.53713,-6.64788e-05,-4.86539e-09
22.1,0.5,0,3.71231,-8.08602e-05,-4.59599e-09
22.1,0.6,0,3.72541,-9.55963e-05,-3.48457e-09
22.1,0.7,0,3.73851,-0.00010913,-2.02289e-09
22.1,0.8,0,3.74539,-0.000124209,-1.17352e-09
22.1,0.9,0,3.74606,-0.000138695,2.44141e-10
22.1,1,0,3.74673,-0.000153181,1.6618e-09
22.1,1.1,0,3.74675,-0.000170509,3.22606e-09
22.1,1.2,0,3.74677,-0.000187002,5.51041e-09
22.1,1.3,0,3.74678,-0.000205289,7.01496e-09
22.1,1.4,0,3.74677,-0.000224318,9.35504e-09
22.1,1.5,0,3.74676,-0.000243347,1.16951e-08
22.1,1.6,0,3.74675,-0.000265556,1.26985e-08
22.1,1.7,0,3.74674,-0.000287603,1.42781e-08
22.1,1.8,0,3.74673,-0.000311121,1.50534e-08
22.1,1.9,0,3.74672,-0.000336626,1.53911e-08
22.1,2,0,3.74671,-0.000362131,1.57288e-08
22.1,2.1,0,3.7467,-0.000390701,1.49361e-08
22.1,2.2,0,3.74669,-0.000419991,1.39364e-08
22.1,2.3,0,3.74668,-0.00045009,1.29483e-08
22.1,2.4,0,3.74667,-0.000483434,1.10984e-08
22.1,2.5,0,3.74666,-0.000516778,9.24848e-09
22.1,2.6,0,3.74665,-0.000552589,7.77615e-09
22.1,2.7,0,3.74664,-0.00059014,5.88538e-09
22.1,2.8,0,3.74663,-0.000627543,4.49539e-09
22.1,2.9,0,3.74662,-0.000669353,3.20278e-09
22.1,3,0,3.74662,-0.000711164,1.91018e-09
22.1,3.1,0,3.74661,-0.000754385,1.36941e-09
22.1,3.2,0,3.74661,-0.000800431,8.92932e-10
22.1,3.3,0,3.74661,-0.000845142,4.78588e-10
22.1,3.4,0,3.7466,-0.00089524,5.58739e-10
22.1,3.5,0,3.7466,-0.000945337,6.3889e-10
22.1,3.6,0,3.74661,-0.000995344,5.3871e-10
22.1,3.7,0,3.74661,-0.00104923,5.9748e-10
22.1,3.8,0,3.74661,-0.00110046,4.30787e-10
22.1,3.9,0,3.74662,-0.00115777,-1.52133e-10
22.1,4,0,3.74662,-0.00121509,-7.35053e-10
22.1,4.1,0,3.74664,-0.0012705,-1.67547e-09
22.1,4.2,0,3.74665,-0.00133074,-3.04916e-09
22.1,4.3,0,3.74666,-0.00138691,-3.97263e-09
22.1,4.4,0,3.74668,-0.00144945,-6.87052e-09
22.1,4.5,0,3.7467,-0.00151199,-9.76842e-09
22.1,4.6,0,3.74672,-0.00157062,-1.20889e-08
22.1,4.7,0,3.74675,-0.00163483,-1.54979e-08
22.1,4.8,0,3.74677,-0.00168981,-1.66278e-08
22.1,4.9,0,3.7468,-0.00174544,-1.32795e-08
22.1,5,0,3.74682,-0.00180107,-9.93109e-09
22.1,5.1,0,3.74687,-0.00188635,2.90704e-09
22.1,5.2,0,3.74691,-0.00194853,4.9254e-09
22.1,5.3,0,3.74695,-0.00201038,1.69733e-09
22.1,5.4,0,3.74699,-0.00207178,-4.391e-09
22.1,5.5,0,3.74704,-0.00213258,-1.19231e-08
22.1,5.6,0,3.74709,-0.00219262,-1.98769e-08
22.1,5.7,0,3.74714,-0.00225177,-2.67161e-08
22.1,5.8,0,3.7472,-0.00230988,-2.93027e-08
22.1,5.9,0,3.74725,-0.00236683,-2.4136e-08
22.1,6,0,3.74735,-0.00245309,-5.78367e-09
22.1,6.1,0,3.7474,-0.00249232,-1.40272e-09
22.1,6.2,0,3.74745,-0.00253765,7.27465e-09
22.1,6.3,0,3.74751,-0.00258297,1.5952e-08
22.1,6.4,0,3.74757,-0.00262353,1.35613e-08
22.1,6.5,0,3.74765,-0.0026718,3.71055e-09
22.1,6.6,0,3.74773,-0.00272007,-6.14021e-09
22.1,6.7,0,3.7478,-0.00276136,-9.5912e-09
22.1,6.8,0,3.74788,-0.00280009,-1.97775e-09
22.1,6.9,0,3.74797,-0.00284007,5.28621e-09
22.1,7,0,3.74805,-0.00288005,1.25502e-08
22.1,7.1,0,3.74813,-0.00290636,4.30867e-09
22.1,7.2,0,3.74822,-0.0029369,1.52375e-10
22.1,7.3,0,3.74831,-0.00296745,-4.00392e-09
22.1,7.4,0,3.7484,-0.0029882,-7.71022e-10
22.1,7.5,0,3.74849,-0.0030082,-7.95103e-09
22.1,7.6,0,3.74859,-0.00302819,-1.5131e-08
22.1,7.7,0,3.74868,-0.00304392,-2.35172e-08
22.1,7.8,0,3.74877,-0.00305184,-1.19039e-08
22.1,7.9,0,3.74887,-0.00306052,3.32777e-09
22.1,8,0,3.74897,-0.0030692,1.85595e-08
22.1,8.1,0,3.74907,-0.00306629,9.94301e-09
22.1,8.2,0,3.74917,-0.00306296,-1.35505e-08
22.1,8.3,0,3.74927,-0.00305964,-3.70439e-08
22.1,8.4,0,3.74936,-0.0030502,-4.10699e-08
22.1,8.5,0,3.74946,-0.00303468,-1.79194e-08
22.1,8.6,0,3.74956,-0.00301915,5.23114e-09
22.1,8.7,0,3.74966,-0.0030022,2.07983e-08
22.1,8.8,0,3.74976,-0.00297523,6.17607e-09
22.1,8.9,0,3.74986,-0.00294731,-8.41402e-09
22.1,9,0,3.74996,-0.00291938,-2.30041e-08
22.1,9.1,0,3.75005,-0.00288453,-1.52883e-08
22.1,9.2,0,3.75015,-0.00284445,-1.13573e-08
22.1,9.3,0,3.75024,-0.00280436,-7.42619e-09
22.1,9.4,0,3.75033,-0.0027631,-1.20487e-08
22.1,9.5,0,3.75042,-0.00271126,-1.13541e-09
22.1,9.6,0,3.75052,-0.00265941,9.77783e-09
22.1,9.7,0,3.75061,-0.00260823,2.10297e-08
22.1,9.8,0,3.75069,-0.00254882,9.30919e-09
22.1,9.9,0,3.75078,-0.00248576,-9.96693e-09
22.1,10,0,3.75086,-0.0024227,-2.9243e-08
22.1,10.1,0,3.75094,-0.00235853,-2.55801e-08
22.1,10.2,0,3.75102,-0.00228516,-3.39975e-09
22.1,10.3,0,3.7511,-0.0022118,1.87806e-08
22.1,10.4,0,3.75117,-0.00214239,2.73571e-08
22.1,10.5,0,3.75124,-0.00205962,7.98092e-09
22.1,10.6,0,3.75131,-0.00197684,-1.13953e-08
22.1,10.7,0,3.75138,-0.00189563,-2.77728e-08
22.1,10.8,0,3.75144,-0.00181136,-1.6276e-08
22.1,10.9,0,3.7515,-0.00172036,-4.42946e-09
22.1,11,0,3.75156,-0.00162935,7.41708e-09
22.1,11.1,0,3.75161,-0.00154296,5.63714e-09
22.1,11.2,0,3.75166,-0.00144494,3.77973e-09
22.1,11.3,0,3.75171,-0.00134693,1.92231e-09
22.1,11.4,0,3.75171,-0.00125722,2.52949e-09
22.1,11.5,0,3.75165,-0.00115378,-3.51361e-09
22.1,11.6,0,3.75158,-0.00105033,-9.55671e-09
22.1,11.7,0,3.75136,-0.000948084,-1.52197e-08
22.1,11.8,0,3.74796,-0.000849548,-8.25697e-09
22.1,11.9,0,3.74457,-0.000741457,1.40198e-09
22.1,12,0,3.74118,-0.000633365,1.10609e-08
22.1,12.1,0,3.68393,-0.00053886,1.00372e-08
22.1,12.2,0,3.60358,-0.000435111,4.18177e-09
22.1,12.3,0,3.52323,-0.000331362,-1.67362e-09
22.1,12.4,0,3.10842,-0.000242994,-4.44296e-09
22.1,12.5,0,2.07229,-0.000162465,-2.92918e-09
22.1,12.6,0,1.03614,-8.12327e-05,-1.46459e-09
22.1,12.7,0,0,0,0
22.2,0,0,0,0,0
22.2,0.1,0,1.30977,-1.73083e-05,-2.64533e-10
22.2,0.2,0,2.61951,-3.49899e-05,-2.80803e-09
22.2,0.3,0,3.36197,-5.25777e-05,-4.033e-09
22.2,0.4,0,3.53715,-6.71814e-05,-3.77616e-09
22.2,0.5,0,3.71233,-8.15629e-05,-3.50675e-09
22.2,0.6,0,3.72543,-9.75014e-05,-2.74559e-09
22.2,0.7,0,3.73853,-0.000111035,-1.28391e-09
22.2,0.8,0,3.74541,-0.000126916,-8.77269e-10
22.2,0.9,0,3.74608,-0.000141669,3.92816e-10
22.2,1,0,3.74675,-0.000156155,1.81048e-09
22.2,1.1,0,3.74677,-0.000174317,2.65463e-09
22.2,1.2,0,3.74679,-0.00019081,4.93899e-09
22.2,1.3,0,3.7468,-0.000209493,5.83778e-09
22.2,1.4,0,3.74679,-0.000228654,7.97594e-09
22.2,1.5,0,3.74679,-0.000247683,1.0316e-08
22.2,1.6,0,3.74678,-0.000270054,1.07431e-08
22.2,1.7,0,3.74677,-0.0002921,1.23228e-08
22.2,1.8,0,3.74676,-0.000315425,1.29605e-08
22.2,1.9,0,3.74675,-0.000340866,1.32524e-08
22.2,2,0,3.74674,-0.000366371,1.35901e-08
22.2,2.1,0,3.74673,-0.000394222,1.30044e-08
22.2,2.2,0,3.74672,-0.000423512,1.20047e-08
22.2,2.3,0,3.74671,-0.000452698,1.13441e-08
22.2,2.4,0,3.7467,-0.000485737,9.60343e-09
22.2,2.5,0,3.74669,-0.000519081,7.75353e-09
22.2,2.6,0,3.74669,-0.00055315,6.69963e-09
22.2,2.7,0,3.74668,-0.000590702,4.80886e-09
22.2,2.8,0,3.74667,-0.000626396,3.57015e-09
22.2,2.9,0,3.74666,-0.000667637,2.32797e-09
22.2,3,0,3.74666,-0.000709447,1.03536e-09
22.2,3.1,0,3.74666,-0.000749843,4.30319e-10
22.2,3.2,0,3.74665,-0.000795889,-4.61636e-11
22.2,3.3,0,3.74665,-0.000838079,-6.2264e-10
22.2,3.4,0,3.74665,-0.000887336,-5.96534e-10
22.2,3.5,0,3.74665,-0.000937434,-5.16383e-10
22.2,3.6,0,3.74665,-0.000983559,-7.75513e-10
22.2,3.7,0,3.74665,-0.00103745,-7.16743e-10
22.2,3.8,0,3.74666,-0.00108539,-8.11898e-10
22.2,3.9,0,3.74667,-0.00114161,-1.37097e-09
22.2,4,0,3.74667,-0.00119893,-1.95389e-09
22.2,4.1,0,3.74669,-0.00124951,-2.46104e-09
22.2,4.2,0,3.7467,-0.00130975,-3.83473e-09
22.2,4.3,0,3.74672,-0.00136201,-3.84896e-09
22.2,4.4,0,3.74674,-0.00142324,-6.44378e-09
22.2,4.5,0,3.74675,-0.00148578,-9.34167e-09
22.2,4.6,0,3.74678,-0.00153885,-1.05738e-08
22.2,4.7,0,3.7468,-0.00160306,-1.39827e-08
22.2,4.8,0,3.74683,-0.00165434,-1.59374e-08
22.2,4.9,0,3.74685,-0.00170874,-1.28639e-08
22.2,5,0,3.74688,-0.00176437,-9.51552e-09
22.2,5.1,0,3.74692,-0.00184649,1.73738e-09
22.2,5.2,0,3.74696,-0.00190637,3.52537e-09
22.2,5.3,0,3.747,-0.00196593,7.70161e-10
22.2,5.4,0,3.74704,-0.00202502,-4.53534e-09
22.2,5.5,0,3.74709,-0.00208352,-1.12108e-08
22.2,5.6,0,3.74714,-0.00214127,-1.83758e-08
22.2,5.7,0,3.74719,-0.00219813,-2.46119e-08
22.2,5.8,0,3.74724,-0.00225399,-2.69419e-08
22.2,5.9,0,3.7473,-0.00230869,-2.18234e-08
22.2,6,0,3.74739,-0.00239149,-2.72533e-09
22.2,6.1,0,3.74744,-0.00242462,-2.6408e-09
22.2,6.2,0,3.74749,-0.00246995,6.03657e-09
22.2,6.3,0,3.74755,-0.00251527,1.47139e-08
22.2,6.4,0,3.74761,-0.00255117,1.30037e-08
22.2,6.5,0,3.74768,-0.00259742,3.44769e-09
22.2,6.6,0,3.74776,-0.00264569,-6.40308e-09
22.2,6.7,0,3.74783,-0.00268698,-9.85406e-09
22.2,6.8,0,3.74791,-0.00271997,-6.25773e-10
22.2,6.9,0,3.74799,-0.00275995,6.63819e-09
22.2,7,0,3.74808,-0.00279993,1.39022e-08
22.2,7.1,0,3.74815,-0.00282154,1.00444e-09
22.2,7.2,0,3.74824,-0.00285209,-3.15185e-09
22.2,7.3,0,3.74833,-0.00288263,-7.30815e-09
22.2,7.4,0,3.74841,-0.00290142,1.1446e-09
22.2,7.5,0,3.7485,-0.00291992,-2.05184e-09
22.2,7.6,0,3.7486,-0.00293991,-9.23185e-09
22.2,7.7,0,3.74869,-0.00295565,-1.7618e-08
22.2,7.8,0,3.74877,-0.00296137,-1.64323e-08
22.2,7.9,0,3.74887,-0.00297005,-1.20058e-09
22.2,8,0,3.74897,-0.00297873,1.40311e-08
22.2,8.1,0,3.74905,-0.00297502,1.64191e-08
22.2,8.2,0,3.74916,-0.0029717,-7.07432e-09
22.2,8.3,0,3.74926,-0.00296837,-3.05678e-08
22.2,8.4,0,3.74934,-0.00295919,-3.72946e-08
22.2,8.5,0,3.74944,-0.002944,-1.76299e-08
22.2,8.6,0,3.74954,-0.00292848,5.52062e-09
22.2,8.7,0,3.74964,-0.00291153,2.10878e-08
22.2,8.8,0,3.74972,-0.00288657,6.39817e-09
22.2,8.9,0,3.74983,-0.00285864,-8.19192e-09
22.2,9,0,3.74993,-0.00283072,-2.2782e-08
22.2,9.1,0,3.75001,-0.00279928,-8.50332e-09
22.2,9.2,0,3.7501,-0.00275919,-4.57226e-09
22.2,9.3,0,3.7502,-0.00271911,-6.41194e-10
22.2,9.4,0,3.75029,-0.00267929,-8.94894e-09
22.2,9.5,0,3.75037,-0.00263071,-6.39502e-09
22.2,9.6,0,3.75047,-0.00257887,4.51822e-09
22.2,9.7,0,3.75056,-0.00252769,1.57701e-08
22.2,9.8,0,3.75063,-0.00247429,1.64722e-08
22.2,9.9,0,3.75072,-0.00241123,-2.8039e-09
22.2,10,0,3.7508,-0.00234816,-2.208e-08
22.2,10.1,0,3.75087,-0.00229114,-2.86431e-08
22.2,10.2,0,3.75095,-0.00221777,-6.4628e-09
22.2,10.3,0,3.75103,-0.00214441,1.57175e-08
22.2,10.4,0,3.7511,-0.00207643,2.51879e-08
22.2,10.5,0,3.75116,-0.00200042,1.00145e-08
22.2,10.6,0,3.75124,-0.00191764,-9.36166e-09
22.2,10.7,0,3.7513,-0.00183643,-2.57392e-08
22.2,10.8,0,3.75136,-0.00176128,-1.47157e-08
22.2,10.9,0,3.75142,-0.00167027,-2.86917e-09
22.2,11,0,3.75148,-0.00157927,8.97736e-09
22.2,11.1,0,3.75152,-0.00150233,3.98636e-09
22.2,11.2,0,3.75157,-0.00140472,1.99151e-09
22.2,11.3,0,3.75162,-0.00130671,1.34089e-10
22.2,11.4,0,3.75162,-0.00121747,9.2659e-10
22.2,11.5,0,3.75155,-0.00112404,-1.16296e-09
22.2,11.6,0,3.75149,-0.00102059,-7.20606e-09
22.2,11.7,0,3.75126,-0.000918344,-1.28691e-08
22.2,11.8,0,3.74787,-0.000830799,-9.00752e-09
22.2,11.9,0,3.74448,-0.000722707,6.51421e-10
22.2,12,0,3.74109,-0.000614616,1.03104e-08
22.2,12.1,0,3.68385,-0.000528846,9.43347e-09
22.2,12.2,0,3.6035,-0.000426907,3.60852e-09
22.2,12.3,0,3.52315,-0.000323158,-2.24686e-09
22.2,12.4,0,3.10834,-0.00023479,-5.01621e-09
22.2,12.5,0,2.07229,-0.000162465,-2.92918e-09
22.2,12.6,0,1.03614,-8.12327e-05,-1.46459e-09
22.2,12.7,0,0,0,0
22.3,0,0,0,0,0
22.3,0.1,0,1.30979,-1.71216e-05,8.74948e-10
22.3,0.2,0,2.61953,-3.48032e-05,-1.66855e-09
22.3,0.3,0,3.36199,-5.2391e-05,-2.89352e-09
22.3,0.4,0,3.53717,-6.78841e-05,-2.68692e-09
22.3,0.5,0,3.71235,-8.22655e-05,-2.41752e-09
22.3,0.6,0,3.72545,-9.94064e-05,-2.00662e-09
22.3,0.7,0,3.73854,-0.00011294,-5.44938e-10
22.3,0.8,0,3.74543,-0.000128821,-1.38293e-10
22.3,0.9,0,3.7461,-0.000144643,5.41492e-10
22.3,1,0,3.74677,-0.000159129,1.95915e-09
22.3,1.1,0,3.7468,-0.000178126,2.08321e-09
22.3,1.2,0,3.74682,-0.000194619,4.36756e-09
22.3,1.3,0,3.74682,-0.000213302,5.26635e-09
22.3,1.4,0,3.74682,-0.000232989,6.59684e-09
22.3,1.5,0,3.74681,-0.000252018,8.93692e-09
22.3,1.6,0,3.74681,-0.000274551,8.78781e-09
22.3,1.7,0,3.74679,-0.000296598,1.03674e-08
22.3,1.8,0,3.74679,-0.000319923,1.10052e-08
22.3,1.9,0,3.74678,-0.000345106,1.11136e-08
22.3,2,0,3.74677,-0.000370611,1.14513e-08
22.3,2.1,0,3.74676,-0.000397743,1.10727e-08
22.3,2.2,0,3.74675,-0.000427033,1.0073e-08
22.3,2.3,0,3.74674,-0.000456219,9.41245e-09
22.3,2.4,0,3.74674,-0.00048804,8.10847e-09
22.3,2.5,0,3.74673,-0.000521384,6.25857e-09
22.3,2.6,0,3.74673,-0.000553712,5.62311e-09
22.3,2.7,0,3.74671,-0.000591264,3.73234e-09
22.3,2.8,0,3.74671,-0.000626957,2.49363e-09
22.3,2.9,0,3.7467,-0.00066592,1.45315e-09
22.3,3,0,3.7467,-0.00070773,1.60546e-10
22.3,3.1,0,3.7467,-0.0007453,-5.08776e-10
22.3,3.2,0,3.74669,-0.000791347,-9.85259e-10
22.3,3.3,0,3.74669,-0.000833536,-1.56174e-09
22.3,3.4,0,3.7467,-0.000879432,-1.75181e-09
22.3,3.5,0,3.74669,-0.00092953,-1.67166e-09
22.3,3.6,0,3.7467,-0.000971774,-2.08974e-09
22.3,3.7,0,3.7467,-0.00102566,-2.03097e-09
22.3,3.8,0,3.74671,-0.00107361,-2.12612e-09
22.3,3.9,0,3.74672,-0.00112545,-2.58981e-09
22.3,4,0,3.74672,-0.00118277,-3.17273e-09
22.3,4.1,0,3.74674,-0.00122853,-3.24662e-09
22.3,4.2,0,3.74675,-0.00128876,-4.6203e-09
22.3,4.3,0,3.74677,-0.00134102,-4.63453e-09
22.3,4.4,0,3.74679,-0.00139704,-6.01703e-09
22.3,4.5,0,3.74681,-0.00145958,-8.91492e-09
22.3,4.6,0,3.74683,-0.00150708,-9.05858e-09
22.3,4.7,0,3.74686,-0.00157129,-1.24675e-08
22.3,4.8,0,3.74688,-0.00162257,-1.44222e-08
22.3,4.9,0,3.74691,-0.00167203,-1.24483e-08
22.3,5,0,3.74693,-0.00172766,-9.09996e-09
22.3,5.1,0,3.74698,-0.00180664,5.6773e-10
22.3,5.2,0,3.74701,-0.00186422,2.12535e-09
22.3,5.3,0,3.74705,-0.00192147,-1.57013e-10
22.3,5.4,0,3.7471,-0.00197826,-4.67968e-09
22.3,5.5,0,3.74714,-0.00203445,-1.04985e-08
22.3,5.6,0,3.74719,-0.00208991,-1.68746e-08
22.3,5.7,0,3.74724,-0.00214449,-2.25077e-08
22.3,5.8,0,3.74729,-0.00219809,-2.45811e-08
22.3,5.9,0,3.74735,-0.00225056,-1.95109e-08
22.3,6,0,3.74744,-0.00232989,3.33017e-10
22.3,6.1,0,3.74748,-0.00235929,-2.21162e-09
22.3,6.2,0,3.74754,-0.00240225,4.79849e-09
22.3,6.3,0,3.74759,-0.00244757,1.34759e-08
22.3,6.4,0,3.74765,-0.00248347,1.17656e-08
22.3,6.5,0,3.74772,-0.00252304,3.18483e-09
22.3,6.6,0,3.74779,-0.00257131,-6.66594e-09
22.3,6.7,0,3.74787,-0.0026126,-1.01169e-08
22.3,6.8,0,3.74794,-0.00263985,7.26208e-10
22.3,6.9,0,3.74802,-0.00267983,7.99017e-09
22.3,7,0,3.7481,-0.00271981,1.52541e-08
22.3,7.1,0,3.74817,-0.00273916,1.15189e-10
22.3,7.2,0,3.74826,-0.00276727,-6.45608e-09
22.3,7.3,0,3.74835,-0.00279781,-1.06124e-08
22.3,7.4,0,3.74843,-0.0028166,-2.15963e-09
22.3,7.5,0,3.74851,-0.00283164,3.84736e-09
22.3,7.6,0,3.74861,-0.00285164,-3.33265e-09
22.3,7.7,0,3.7487,-0.00286737,-1.17188e-08
22.3,7.8,0,3.74877,-0.00287089,-2.09606e-08
22.3,7.9,0,3.74887,-0.00287957,-5.72892e-09
22.3,8,0,3.74897,-0.00288825,9.5028e-09
22.3,8.1,0,3.74905,-0.00288427,1.57506e-08
22.3,8.2,0,3.74915,-0.00288043,-5.9819e-10
22.3,8.3,0,3.74925,-0.00287711,-2.40917e-08
22.3,8.4,0,3.74933,-0.00286793,-3.08185e-08
22.3,8.5,0,3.74942,-0.00285333,-1.73404e-08
22.3,8.6,0,3.74952,-0.00283781,5.81009e-09
22.3,8.7,0,3.74962,-0.00282086,2.13773e-08
22.3,8.8,0,3.74969,-0.0027979,6.62028e-09
22.3,8.9,0,3.74979,-0.00276997,-7.96981e-09
22.3,9,0,3.7499,-0.00274205,-2.25599e-08
22.3,9.1,0,3.74997,-0.00271137,-6.8364e-09
22.3,9.2,0,3.75006,-0.00267394,2.21274e-09
22.3,9.3,0,3.75016,-0.00263385,6.14381e-09
22.3,9.4,0,3.75025,-0.00259404,-2.16394e-09
22.3,9.5,0,3.75032,-0.00255017,-1.16546e-08
22.3,9.6,0,3.75042,-0.00249832,-7.41387e-10
22.3,9.7,0,3.7505,-0.00244715,1.05105e-08
22.3,9.8,0,3.75057,-0.00239976,2.36353e-08
22.3,9.9,0,3.75066,-0.0023367,4.35914e-09
22.3,10,0,3.75074,-0.00227363,-1.4917e-08
22.3,10.1,0,3.75081,-0.00221725,-2.23959e-08
22.3,10.2,0,3.75088,-0.00215038,-9.52585e-09
22.3,10.3,0,3.75096,-0.00207701,1.26545e-08
22.3,10.4,0,3.75103,-0.00200904,2.21248e-08
22.3,10.5,0,3.75109,-0.00194121,1.20481e-08
22.3,10.6,0,3.75116,-0.00185844,-7.32805e-09
22.3,10.7,0,3.75123,-0.00177723,-2.37056e-08
22.3,10.8,0,3.75127,-0.00171003,-1.30954e-08
22.3,10.9,0,3.75133,-0.00162019,-1.30888e-09
22.3,11,0,3.7514,-0.00152918,1.05376e-08
22.3,11.1,0,3.75144,-0.00145225,5.54665e-09
22.3,11.2,0,3.75148,-0.0013645,2.03288e-10
22.3,11.3,0,3.75153,-0.00126649,-1.65413e-09
22.3,11.4,0,3.75153,-0.00117725,-8.61628e-10
22.3,11.5,0,3.75146,-0.0010943,1.18769e-09
22.3,11.6,0,3.7514,-0.000990848,-4.85541e-09
22.3,11.7,0,3.75117,-0.000888603,-1.05184e-08
22.3,11.8,0,3.74778,-0.000809219,-8.95964e-09
22.3,11.9,0,3.74439,-0.000703957,-9.91362e-11
22.3,12,0,3.74099,-0.000595866,9.55981e-09
22.3,12.1,0,3.68376,-0.000510096,8.68292e-09
22.3,12.2,0,3.60342,-0.000418703,3.03528e-09
22.3,12.3,0,3.52307,-0.000314954,-2.8201e-09
22.3,12.4,0,3.10827,-0.000226586,-5.58945e-09
22.3,12.5,0,2.07229,-0.000162465,-2.92918e-09
22.3,12.6,0,1.03614,-8.12327e-05,-1.46459e-09
22.3,12.7,0,0,0,0
22.4,0,0,0,0,0
22.4,0.1,0,1.3098,-1.70283e-05,1.44469e-09
22.4,0.2,0,2.61955,-3.46166e-05,-5.29065e-10
22.4,0.3,0,3.362,-5.22044e-05,-1.75404e-09
22.4,0.4,0,3.53719,-6.85868e-05,-1.59769e-09
22.4,0.5,0,3.71237,-8.29682e-05,-1.32828e-09
22.4,0.6,0,3.72547,-0.00010071,-1.09251e-09
22.4,0.7,0,3.73856,-0.000114845,1.94038e-10
22.4,0.8,0,3.74545,-0.000130726,6.00683e-10
22.4,0.9,0,3.74612,-0.000147618,6.90168e-10
22.4,1,0,3.74679,-0.000162104,2.10783e-09
22.4,1.1,0,3.74682,-0.000181518,1.87183e-09
22.4,1.2,0,3.74684,-0.000198428,3.79614e-09
22.4,1.3,0,3.74684,-0.000217111,4.69493e-09
22.4,1.4,0,3.74684,-0.000237325,5.21774e-09
22.4,1.5,0,3.74683,-0.000256354,7.55782e-09
22.4,1.6,0,3.74683,-0.000278968,7.1206e-09
22.4,1.7,0,3.74682,-0.000301096,8.41209e-09
22.4,1.8,0,3.74681,-0.000324421,9.04983e-09
22.4,1.9,0,3.74681,-0.000349346,8.97492e-09
22.4,2,0,3.7468,-0.000374851,9.31262e-09
22.4,2.1,0,3.74679,-0.000401624,9.03747e-09
22.4,2.2,0,3.74678,-0.000430554,8.14127e-09
22.4,2.3,0,3.74678,-0.00045974,7.48075e-09
22.4,2.4,0,3.74677,-0.000490343,6.61351e-09
22.4,2.5,0,3.74676,-0.000523687,4.76361e-09
22.4,2.6,0,3.74676,-0.000555145,4.33737e-09
22.4,2.7,0,3.74675,-0.000591826,2.65582e-09
22.4,2.8,0,3.74675,-0.000627519,1.41711e-09
22.4,2.9,0,3.74675,-0.000664203,5.78338e-10
22.4,3,0,3.74674,-0.000706013,-7.1427e-10
22.4,3.1,0,3.74674,-0.000742171,-1.41573e-09
22.4,3.2,0,3.74674,-0.000786804,-1.92435e-09
22.4,3.3,0,3.74674,-0.000828994,-2.50083e-09
22.4,3.4,0,3.74674,-0.000871528,-2.90708e-09
22.4,3.5,0,3.74674,-0.000921626,-2.82693e-09
22.4,3.6,0,3.74675,-0.00096193,-3.32448e-09
22.4,3.7,0,3.74675,-0.00101388,-3.34519e-09
22.4,3.8,0,3.74676,-0.00106182,-3.44034e-09
22.4,3.9,0,3.74677,-0.00110929,-3.80865e-09
22.4,4,0,3.74677,-0.0011666,-4.39157e-09
22.4,4.1,0,3.74679,-0.00120995,-4.24882e-09
22.4,4.2,0,3.7468,-0.00126778,-5.40588e-09
22.4,4.3,0,3.74682,-0.00132004,-5.42011e-09
22.4,4.4,0,3.74684,-0.00137084,-5.59028e-09
22.4,4.5,0,3.74686,-0.00143338,-8.48818e-09
22.4,4.6,0,3.74688,-0.0014781,-8.08762e-09
22.4,4.7,0,3.74691,-0.00153952,-1.09524e-08
22.4,4.8,0,3.74693,-0.0015908,-1.2907e-08
22.4,4.9,0,3.74696,-0.00163533,-1.20328e-08
22.4,5,0,3.74698,-0.00169096,-8.68439e-09
22.4,5.1,0,3.74703,-0.00176679,-6.01926e-10
22.4,5.2,0,3.74707,-0.00182207,7.25318e-10
22.4,5.3,0,3.74711,-0.00187702,-1.08419e-09
22.4,5.4,0,3.74715,-0.0019315,-4.82402e-09
22.4,5.5,0,3.74719,-0.00198539,-9.78618e-09
22.4,5.6,0,3.74724,-0.00203855,-1.53734e-08
22.4,5.7,0,3.74729,-0.00209086,-2.04036e-08
22.4,5.8,0,3.74734,-0.00214219,-2.22203e-08
22.4,5.9,0,3.74739,-0.00219242,-1.71983e-08
22.4,6,0,3.74748,-0.00226829,3.39136e-09
22.4,6.1,0,3.74753,-0.00229768,8.46728e-10
22.4,6.2,0,3.74758,-0.00233454,3.56041e-09
22.4,6.3,0,3.74763,-0.00237987,1.22378e-08
22.4,6.4,0,3.74769,-0.00241577,1.05275e-08
22.4,6.5,0,3.74775,-0.00244866,2.92196e-09
22.4,6.6,0,3.74783,-0.00249693,-6.92881e-09
22.4,6.7,0,3.7479,-0.00253822,-1.03798e-08
22.4,6.8,0,3.74797,-0.0025632,1.10205e-09
22.4,6.9,0,3.74805,-0.00259971,9.34215e-09
22.4,7,0,3.74813,-0.00263969,1.66061e-08
22.4,7.1,0,3.7482,-0.00265904,1.46717e-09
22.4,7.2,0,3.74828,-0.00268245,-9.76031e-09
22.4,7.3,0,3.74837,-0.00271299,-1.39166e-08
22.4,7.4,0,3.74845,-0.00273178,-5.46386e-09
22.4,7.5,0,3.74852,-0.00274336,9.74656e-09
22.4,7.6,0,3.74862,-0.00276336,2.56655e-09
22.4,7.7,0,3.74871,-0.00277909,-5.81956e-09
22.4,7.8,0,3.74878,-0.00278203,-1.7824e-08
22.4,7.9,0,3.74887,-0.0027891,-1.02573e-08
22.4,8,0,3.74897,-0.00279778,4.97445e-09
22.4,8.1,0,3.74905,-0.00279379,1.12222e-08
22.4,8.2,0,3.74913,-0.00278917,5.87794e-09
22.4,8.3,0,3.74924,-0.00278584,-1.76155e-08
22.4,8.4,0,3.74932,-0.00277666,-2.43424e-08
22.4,8.5,0,3.7494,-0.00276266,-1.70509e-08
22.4,8.6,0,3.7495,-0.00274714,6.09957e-09
22.4,8.7,0,3.7496,-0.00273018,2.16668e-08
22.4,8.8,0,3.74967,-0.0027075,6.9007e-09
22.4,8.9,0,3.74976,-0.00268131,-7.74771e-09
22.4,9,0,3.74987,-0.00265338,-2.23378e-08
22.4,9.1,0,3.74994,-0.0026227,-6.6143e-09
22.4,9.2,0,3.75002,-0.00258869,8.99774e-09
22.4,9.3,0,3.75012,-0.0025486,1.29288e-08
22.4,9.4,0,3.7502,-0.00250879,4.62106e-09
22.4,9.5,0,3.75027,-0.00246924,-1.59255e-08
22.4,9.6,0,3.75036,-0.00241778,-6.00099e-09
22.4,9.7,0,3.75045,-0.00236661,5.25092e-09
22.4,9.8,0,3.75052,-0.00231924,1.8422e-08
22.4,9.9,0,3.7506,-0.00226216,1.15222e-08
22.4,10,0,3.75068,-0.0021991,-7.75395e-09
22.4,10.1,0,3.75075,-0.00214271,-1.52328e-08
22.4,10.2,0,3.75081,-0.00208299,-1.25889e-08
22.4,10.3,0,3.75089,-0.00200962,9.59144e-09
22.4,10.4,0,3.75096,-0.00194165,1.90618e-08
22.4,10.5,0,3.75101,-0.00188027,1.29978e-08
22.4,10.6,0,3.75108,-0.00179924,-5.29444e-09
22.4,10.7,0,3.75115,-0.00171802,-2.1672e-08
22.4,10.8,0,3.7512,-0.00165083,-1.10618e-08
22.4,10.9,0,3.75125,-0.0015701,2.51401e-10
22.4,11,0,3.75131,-0.0014791,1.20979e-08
22.4,11.1,0,3.75136,-0.00140216,7.10693e-09
22.4,11.2,0,3.75139,-0.00132428,-1.58493e-09
22.4,11.3,0,3.75144,-0.00122627,-3.44235e-09
22.4,11.4,0,3.75144,-0.00113703,-2.64985e-09
22.4,11.5,0,3.75137,-0.00106096,2.11753e-09
22.4,11.6,0,3.75131,-0.000961107,-2.50476e-09
22.4,11.7,0,3.75108,-0.000858863,-8.16776e-09
22.4,11.8,0,3.74769,-0.000779479,-6.60899e-09
22.4,11.9,0,3.7443,-0.000685208,-8.49693e-10
22.4,12,0,3.7409,-0.000577116,8.80925e-09
22.4,12.1,0,3.68366,-0.000491346,7.93236e-09
22.4,12.2,0,3.60334,-0.000410499,2.46204e-09
22.4,12.3,0,3.52299,-0.00030675,-3.39335e-09
22.4,12.4,0,3.10819,-0.000218382,-6.16269e-09
22.4,12.5,0,2.07225,-0.000158578,-3.20083e-09
22.4,12.6,0,1.03614,-8.12327e-05,-1.46459e-09
22.4,12.7,0,0,0,0
22.5,0,0,0,0,0
22.5,0.1,0,1.3098,-1.70283e-05,1.44469e-09
22.5,0.2,0,2.61956,-3.44299e-05,6.10416e-10
22.5,0.3,0,3.36202,-5.20178e-05,-6.14559e-10
22.5,0.4,0,3.5372,-6.92895e-05,-5.08451e-10
22.5,0.5,0,3.71239,-8.36709e-05,-2.39046e-10
22.5,0.6,0,3.72548,-0.000101413,-3.27643e-12
22.5,0.7,0,3.73858,-0.00011675,9.33014e-10
22.5,0.8,0,3.74547,-0.000132631,1.33966e-09
22.5,0.9,0,3.74614,-0.000150592,8.38844e-10
22.5,1,0,3.74681,-0.000165078,2.2565e-09
22.5,1.1,0,3.74683,-0.000184492,2.02051e-09
22.5,1.2,0,3.74686,-0.000202237,3.22471e-09
22.5,1.3,0,3.74687,-0.000220919,4.1235e-09
22.5,1.4,0,3.74686,-0.00024166,3.83865e-09
22.5,1.5,0,3.74685,-0.000260689,6.17873e-09
22.5,1.6,0,3.74685,-0.000283304,5.7415e-09
22.5,1.7,0,3.74685,-0.000305594,6.45675e-09
22.5,1.8,0,3.74684,-0.000328919,7.09449e-09
22.5,1.9,0,3.74684,-0.000353586,6.83621e-09
22.5,2,0,3.74682,-0.000379091,7.17391e-09
22.5,2.1,0,3.74682,-0.000405864,6.89876e-09
22.5,2.2,0,3.74681,-0.000434075,6.20957e-09
22.5,2.3,0,3.74681,-0.00046326,5.54906e-09
22.5,2.4,0,3.7468,-0.000492646,5.11856e-09
22.5,2.5,0,3.74679,-0.00052599,3.26865e-09
22.5,2.6,0,3.74679,-0.000557448,2.84242e-09
22.5,2.7,0,3.74679,-0.000592388,1.5793e-09
22.5,2.8,0,3.74678,-0.000628081,3.40594e-10
22.5,2.9,0,3.74679,-0.000662486,-2.96478e-10
22.5,3,0,3.74678,-0.000704297,-1.58909e-09
22.5,3.1,0,3.74678,-0.000740454,-2.29055e-09
22.5,3.2,0,3.74678,-0.000782262,-2.86345e-09
22.5,3.3,0,3.74678,-0.000824452,-3.43993e-09
22.5,3.4,0,3.74679,-0.000863625,-4.06235e-09
22.5,3.5,0,3.74678,-0.000913722,-3.9822e-09
22.5,3.6,0,3.74679,-0.000954026,-4.47976e-09
22.5,3.7,0,3.7468,-0.00100209,-4.65941e-09
22.5,3.8,0,3.74681,-0.00105004,-4.75457e-09
22.5,3.9,0,3.74682,-0.00109313,-5.02749e-09
22.5,4,0,3.74683,-0.00115044,-5.61041e-09
22.5,4.1,0,3.74684,-0.00119379,-5.46766e-09
22.5,4.2,0,3.74686,-0.00124679,-6.19145e-09
22.5,4.3,0,3.74687,-0.00129905,-6.20568e-09
22.5,4.4,0,3.74689,-0.00134464,-5.16353e-09
22.5,4.5,0,3.74691,-0.00140718,-8.06143e-09
22.5,4.6,0,3.74694,-0.0014519,-7.66087e-09
22.5,4.7,0,3.74696,-0.00150775,-9.43718e-09
22.5,4.8,0,3.74699,-0.00155903,-1.13918e-08
22.5,4.9,0,3.74701,-0.00159862,-1.16172e-08
22.5,5,0,3.74704,-0.00165426,-8.26883e-09
22.5,5.1,0,3.74708,-0.00172693,-1.77158e-09
22.5,5.2,0,3.74712,-0.00177992,-6.7471e-10
22.5,5.3,0,3.74716,-0.00183257,-2.01136e-09
22.5,5.4,0,3.7472,-0.00188474,-4.96836e-09
22.5,5.5,0,3.74724,-0.00193633,-9.07386e-09
22.5,5.6,0,3.74729,-0.00198719,-1.38722e-08
22.5,5.7,0,3.74734,-0.00203722,-1.82994e-08
22.5,5.8,0,3.74739,-0.00208629,-1.98596e-08
22.5,5.9,0,3.74744,-0.00213429,-1.48858e-08
22.5,6,0,3.74752,-0.00220669,6.4497e-09
22.5,6.1,0,3.74757,-0.00223608,3.90507e-09
22.5,6.2,0,3.74762,-0.00226684,2.32233e-09
22.5,6.3,0,3.74767,-0.00231217,1.09997e-08
22.5,6.4,0,3.74773,-0.00234807,9.28947e-09
22.5,6.5,0,3.74779,-0.00237889,1.98591e-09
22.5,6.6,0,3.74786,-0.00242255,-7.19167e-09
22.5,6.7,0,3.74794,-0.00246384,-1.06427e-08
22.5,6.8,0,3.748,-0.00248882,8.39187e-10
22.5,6.9,0,3.74807,-0.00251959,1.06941e-08
22.5,7,0,3.74816,-0.00255957,1.79581e-08
22.5,7.1,0,3.74823,-0.00257892,2.81915e-09
22.5,7.2,0,3.7483,-0.00259763,-1.30645e-08
22.5,7.3,0,3.74839,-0.00262817,-1.72208e-08
22.5,7.4,0,3.74847,-0.00264696,-8.76809e-09
22.5,7.5,0,3.74854,-0.00265792,8.0907e-09
22.5,7.6,0,3.74863,-0.00267508,8.46574e-09
22.5,7.7,0,3.74872,-0.00269081,7.96359e-11
22.5,7.8,0,3.74879,-0.00269375,-1.19248e-08
22.5,7.9,0,3.74887,-0.00269862,-1.47856e-08
22.5,8,0,3.74897,-0.0027073,4.46107e-10
22.5,8.1,0,3.74905,-0.00270332,6.69389e-09
22.5,8.2,0,3.74912,-0.00269793,1.19435e-08
22.5,8.3,0,3.74923,-0.00269457,-1.11394e-08
22.5,8.4,0,3.74931,-0.00268539,-1.78662e-08
22.5,8.5,0,3.74939,-0.00267142,-1.08749e-08
22.5,8.6,0,3.74948,-0.00265647,6.38904e-09
22.5,8.7,0,3.74958,-0.00263951,2.19562e-08
22.5,8.8,0,3.74965,-0.00261682,7.19017e-09
22.5,8.9,0,3.74973,-0.00259264,-7.52561e-09
22.5,9,0,3.74983,-0.00256472,-2.21157e-08
22.5,9.1,0,3.74991,-0.00253403,-6.3922e-09
22.5,9.2,0,3.74998,-0.00250286,1.46808e-08
22.5,9.3,0,3.75008,-0.00246335,1.97138e-08
22.5,9.4,0,3.75016,-0.00242353,1.14061e-08
22.5,9.5,0,3.75023,-0.00238399,-9.1405e-09
22.5,9.6,0,3.75031,-0.00233724,-1.12606e-08
22.5,9.7,0,3.7504,-0.00228607,-8.68646e-12
22.5,9.8,0,3.75047,-0.0022387,1.31624e-08
22.5,9.9,0,3.75054,-0.00218763,1.86852e-08
22.5,10,0,3.75062,-0.00212457,-5.90913e-10
22.5,10.1,0,3.75069,-0.00206818,-8.0698e-09
22.5,10.2,0,3.75075,-0.00201347,-1.25994e-08
22.5,10.3,0,3.75082,-0.00194223,6.52839e-09
22.5,10.4,0,3.75089,-0.00187426,1.59988e-08
22.5,10.5,0,3.75094,-0.00181288,9.93472e-09
22.5,10.6,0,3.75101,-0.00174004,-3.26083e-09
22.5,10.7,0,3.75108,-0.00165882,-1.96384e-08
22.5,10.8,0,3.75112,-0.00159163,-9.02815e-09
22.5,10.9,0,3.75117,-0.00152002,1.81169e-09
22.5,11,0,3.75123,-0.00142901,1.36582e-08
22.5,11.1,0,3.75127,-0.00135208,8.66722e-09
22.5,11.2,0,3.75131,-0.00127983,-1.93629e-09
22.5,11.3,0,3.75135,-0.00118605,-5.23057e-09
22.5,11.4,0,3.75135,-0.00109681,-4.43807e-09
22.5,11.5,0,3.75128,-0.00102074,3.29315e-10
22.5,11.6,0,3.75122,-0.000931367,-1.54108e-10
22.5,11.7,0,3.75099,-0.000829122,-5.81711e-09
22.5,11.8,0,3.7476,-0.000749738,-4.25834e-09
22.5,11.9,0,3.7442,-0.000666458,-1.60025e-09
22.5,12,0,3.74081,-0.000558366,8.05869e-09
22.5,12.1,0,3.68357,-0.000472596,7.1818e-09
22.5,12.2,0,3.60326,-0.000396393,1.78955e-09
22.5,12.3,0,3.52292,-0.000298546,-3.96659e-09
22.5,12.4,0,3.10811,-0.000210178,-6.73594e-09
22.5,12.5,0,2.07217,-0.000150374,-3.77407e-09
22.5,12.6,0,1.03614,-8.12327e-05,-1.46459e-09
22.5,12.7,0,0,0,0
22.6,0,0,0,0,0
22.6,0.1,0,1.3098,-1.70283e-05,1.44469e-09
22.6,0.2,0,2.61958,-3.42433e-05,1.7499e-09
22.6,0.3,0,3.36204,-5.18311e-05,5.24922e-10
22.6,0.4,0,3.53722,-6.93252e-05,6.18468e-10
22.6,0.5,0,3.7124,-8.43736e-05,8.50189e-10
22.6,0.6,0,3.7255,-0.000102116,1.08596e-09
22.6,0.7,0,3.7386,-0.000118655,1.67199e-09
22.6,0.8,0,3.74548,-0.000134536,2.07863e-09
22.6,0.9,0,3.74616,-0.000152764,1.43024e-09
22.6,1,0,3.74683,-0.000168052,2.40518e-09
22.6,1.1,0,3.74685,-0.000187466,2.16918e-09
22.6,1.2,0,3.74688,-0.000206046,2.65329e-09
22.6,1.3,0,3.74689,-0.000224728,3.55208e-09
22.6,1.4,0,3.74688,-0.000245601,3.0653e-09
22.6,1.5,0,3.74688,-0.000265024,4.79963e-09
22.6,1.6,0,3.74688,-0.000287639,4.3624e-09
22.6,1.7,0,3.74687,-0.000310091,4.50142e-09
22.6,1.8,0,3.74686,-0.000333416,5.13916e-09
22.6,1.9,0,3.74686,-0.00035802,4.83503e-09
22.6,2,0,3.74685,-0.000383331,5.0352e-09
22.6,2.1,0,3.74685,-0.000410104,4.76004e-09
22.6,2.2,0,3.74684,-0.000437596,4.27787e-09
22.6,2.3,0,3.74684,-0.000466781,3.61736e-09
22.6,2.4,0,3.74684,-0.000495862,3.29605e-09
22.6,2.5,0,3.74683,-0.000528293,1.7737e-09
22.6,2.6,0,3.74683,-0.000559751,1.34746e-09
22.6,2.7,0,3.74683,-0.00059295,5.02785e-10
22.6,2.8,0,3.74682,-0.000628643,-7.35924e-10
22.6,2.9,0,3.74682,-0.000662478,-1.32257e-09
22.6,3,0,3.74682,-0.00070258,-2.4639e-09
22.6,3.1,0,3.74682,-0.000738737,-3.16536e-09
22.6,3.2,0,3.74682,-0.00077772,-3.80255e-09
22.6,3.3,0,3.74682,-0.000819909,-4.37902e-09
22.6,3.4,0,3.74683,-0.000858242,-5.05549e-09
22.6,3.5,0,3.74683,-0.000905819,-5.13747e-09
22.6,3.6,0,3.74684,-0.000946122,-5.63503e-09
22.6,3.7,0,3.74685,-0.000990307,-5.97363e-09
22.6,3.8,0,3.74685,-0.00103825,-6.06879e-09
22.6,3.9,0,3.74687,-0.00108025,-6.31787e-09
22.6,4,0,3.74688,-0.00113428,-6.82925e-09
22.6,4.1,0,3.74689,-0.00117763,-6.6865e-09
22.6,4.2,0,3.74691,-0.00122581,-6.97702e-09
22.6,4.3,0,3.74693,-0.00127807,-6.99125e-09
22.6,4.4,0,3.74695,-0.00132235,-5.64603e-09
22.6,4.5,0,3.74696,-0.00138097,-7.63468e-09
22.6,4.6,0,3.74699,-0.00142569,-7.23412e-09
22.6,4.7,0,3.74702,-0.00147598,-7.922e-09
22.6,4.8,0,3.74704,-0.00152726,-9.87662e-09
22.6,4.9,0,3.74707,-0.00156562,-1.03769e-08
22.6,5,0,3.74709,-0.00161755,-7.85326e-09
22.6,5.1,0,3.74713,-0.00168708,-2.94124e-09
22.6,5.2,0,3.74717,-0.00173777,-2.07474e-09
22.6,5.3,0,3.74721,-0.00178811,-2.93853e-09
22.6,5.4,0,3.74725,-0.00183798,-5.1127e-09
22.6,5.5,0,3.74729,-0.00188726,-8.36154e-09
22.6,5.6,0,3.74734,-0.00193583,-1.23711e-08
22.6,5.7,0,3.74739,-0.00198358,-1.61952e-08
22.6,5.8,0,3.74744,-0.0020304,-1.74988e-08
22.6,5.9,0,3.74749,-0.00207615,-1.25732e-08
22.6,6,0,3.74757,-0.00214509,9.50805e-09
22.6,6.1,0,3.74762,-0.00217448,6.96342e-09
22.6,6.2,0,3.74766,-0.00220388,4.41878e-09
22.6,6.3,0,3.74771,-0.00224447,9.76162e-09
22.6,6.4,0,3.74777,-0.00228037,8.05139e-09
22.6,6.5,0,3.74783,-0.00231119,7.47825e-10
22.6,6.6,0,3.7479,-0.00234817,-7.45454e-09
22.6,6.7,0,3.74797,-0.00238946,-1.09055e-08
22.6,6.8,0,3.74804,-0.00241444,5.76323e-10
22.6,6.9,0,3.7481,-0.00243947,1.20461e-08
22.6,7,0,3.74818,-0.00247945,1.93101e-08
22.6,7.1,0,3.74825,-0.00249881,4.17113e-09
22.6,7.2,0,3.74832,-0.00251707,-1.21469e-08
22.6,7.3,0,3.74841,-0.00254335,-2.05251e-08
22.6,7.4,0,3.74848,-0.00256215,-1.20723e-08
22.6,7.5,0,3.74856,-0.00257311,4.78647e-09
22.6,7.6,0,3.74863,-0.0025868,1.43649e-08
22.6,7.7,0,3.74873,-0.00260253,5.97883e-09
22.6,7.8,0,3.7488,-0.00260547,-6.02557e-09
22.6,7.9,0,3.74887,-0.00260841,-1.803e-08
22.6,8,0,3.74897,-0.00261683,-4.08224e-09
22.6,8.1,0,3.74905,-0.00261284,2.16555e-09
22.6,8.2,0,3.74912,-0.00260745,7.41512e-09
22.6,8.3,0,3.74921,-0.00260331,-4.66326e-09
22.6,8.4,0,3.7493,-0.00259413,-1.13901e-08
22.6,8.5,0,3.74938,-0.00258016,-4.39877e-09
22.6,8.6,0,3.74946,-0.00256579,6.67851e-09
22.6,8.7,0,3.74955,-0.00254884,2.22457e-08
22.6,8.8,0,3.74963,-0.00252615,7.47965e-09
22.6,8.9,0,3.7497,-0.00250347,-7.28641e-09
22.6,9,0,3.7498,-0.00247605,-2.18936e-08
22.6,9.1,0,3.74988,-0.00244537,-6.17009e-09
22.6,9.2,0,3.74995,-0.0024142,1.49029e-08
22.6,9.3,0,3.75004,-0.0023781,2.64988e-08
22.6,9.4,0,3.75012,-0.00233828,1.81911e-08
22.6,9.5,0,3.75019,-0.00229874,-2.3555e-09
22.6,9.6,0,3.75026,-0.0022567,-1.65202e-08
22.6,9.7,0,3.75035,-0.00220552,-5.26829e-09
22.6,9.8,0,3.75042,-0.00215816,7.90278e-09
22.6,9.9,0,3.75048,-0.00211079,2.10739e-08
22.6,10,0,3.75056,-0.00205004,6.57212e-09
22.6,10.1,0,3.75063,-0.00199365,-9.06766e-10
22.6,10.2,0,3.75069,-0.00193893,-5.43634e-09
22.6,10.3,0,3.75076,-0.00187484,3.46535e-09
22.6,10.4,0,3.75082,-0.00180687,1.29357e-08
22.6,10.5,0,3.75088,-0.00174549,6.87168e-09
22.6,10.6,0,3.75093,-0.00168084,-1.22722e-09
22.6,10.7,0,3.751,-0.00159962,-1.76048e-08
22.6,10.8,0,3.75105,-0.00153243,-6.99454e-09
22.6,10.9,0,3.75109,-0.00146524,3.6157e-09
22.6,11,0,3.75115,-0.00137893,1.52185e-08
22.6,11.1,0,3.75119,-0.00130199,1.02275e-08
22.6,11.2,0,3.75122,-0.00122975,-3.76005e-10
22.6,11.3,0,3.75127,-0.00114583,-7.01879e-09
22.6,11.4,0,3.75127,-0.00105659,-6.22628e-09
22.6,11.5,0,3.7512,-0.000980518,-1.4589e-09
22.6,11.6,0,3.75113,-0.000901626,2.19654e-09
22.6,11.7,0,3.7509,-0.000799382,-3.46646e-09
22.6,11.8,0,3.74751,-0.000719997,-1.90769e-09
22.6,11.9,0,3.74411,-0.000640613,-3.48909e-10
22.6,12,0,3.74072,-0.000539617,7.30814e-09
22.6,12.1,0,3.68348,-0.000453847,6.43124e-09
22.6,12.2,0,3.60317,-0.000377643,1.03899e-09
22.6,12.3,0,3.52284,-0.000290342,-4.53983e-09
22.6,12.4,0,3.10803,-0.000201974,-7.30918e-09
22.6,12.5,0,2.07209,-0.00014217,-4.34731e-09
22.6,12.6,0,1.03614,-8.12327e-05,-1.46459e-09
22.6,12.7,0,0,0,0
22.7,0,0,0,0,0
22.7,0.1,0,1.3098,-1.70283e-05,1.44469e-09
22.7,0.2,0,2.6196,-3.40567e-05,2.88938e-09
22.7,0.3,0,3.36206,-5.16445e-05,1.6644e-09
22.7,0.4,0,3.53724,-6.91385e-05,1.75795e-09
22.7,0.5,0,3.71242,-8.50763e-05,1.93942e-09
22.7,0.6,0,3.72552,-0.000102818,2.17519e-09
22.7,0.7,0,3.73862,-0.00012056,2.41096e-09
22.7,0.8,0,3.7455,-0.000136441,2.81761e-09
22.7,0.9,0,3.74618,-0.000154669,2.16922e-09
22.7,1,0,3.74685,-0.000171026,2.55386e-09
22.7,1.1,0,3.74687,-0.00019044,2.31786e-09
22.7,1.2,0,3.7469,-0.000209855,2.08186e-09
22.7,1.3,0,3.74691,-0.000228537,2.98065e-09
22.7,1.4,0,3.74691,-0.000249409,2.49388e-09
22.7,1.5,0,3.7469,-0.00026936,3.42053e-09
22.7,1.6,0,3.7469,-0.000291974,2.98331e-09
22.7,1.7,0,3.7469,-0.000314589,2.54608e-09
22.7,1.8,0,3.74689,-0.000337914,3.18382e-09
22.7,1.9,0,3.74689,-0.000362517,2.8797e-09
22.7,2,0,3.74688,-0.000387571,2.89649e-09
22.7,2.1,0,3.74688,-0.000414344,2.62133e-09
22.7,2.2,0,3.74687,-0.000441117,2.34617e-09
22.7,2.3,0,3.74687,-0.000470302,1.68566e-09
22.7,2.4,0,3.74687,-0.000499383,1.36435e-09
22.7,2.5,0,3.74686,-0.000530596,2.7874e-10
22.7,2.6,0,3.74686,-0.000562054,-1.47497e-10
22.7,2.7,0,3.74686,-0.000593511,-5.73734e-10
22.7,2.8,0,3.74686,-0.000629205,-1.81244e-09
22.7,2.9,0,3.74686,-0.00066304,-2.39909e-09
22.7,3,0,3.74686,-0.000700863,-3.33872e-09
22.7,3.1,0,3.74686,-0.00073702,-4.04018e-09
22.7,3.2,0,3.74687,-0.000773178,-4.74164e-09
22.7,3.3,0,3.74687,-0.000815367,-5.31812e-09
22.7,3.4,0,3.74687,-0.0008537,-5.99459e-09
22.7,3.5,0,3.74688,-0.000897915,-6.29275e-09
22.7,3.6,0,3.74689,-0.000938219,-6.7903e-09
22.7,3.7,0,3.7469,-0.000978522,-7.28786e-09
22.7,3.8,0,3.7469,-0.00102647,-7.38301e-09
22.7,3.9,0,3.74692,-0.00106846,-7.63209e-09
22.7,4,0,3.74693,-0.00111812,-8.04809e-09
22.7,4.1,0,3.74694,-0.00116147,-7.90534e-09
22.7,4.2,0,3.74696,-0.00120482,-7.76259e-09
22.7,4.3,0,3.74698,-0.00125708,-7.77682e-09
22.7,4.4,0,3.747,-0.00130136,-6.4316e-09
22.7,4.5,0,3.74702,-0.00135477,-7.20793e-09
22.7,4.6,0,3.74704,-0.00139949,-6.80738e-09
22.7,4.7,0,3.74707,-0.00144421,-6.40682e-09
22.7,4.8,0,3.74709,-0.00149549,-8.36144e-09
22.7,4.9,0,3.74712,-0.00153385,-8.86173e-09
22.7,5,0,3.74714,-0.00158085,-7.43769e-09
22.7,5.1,0,3.74719,-0.00164723,-4.11089e-09
22.7,5.2,0,3.74722,-0.00169562,-3.47476e-09
22.7,5.3,0,3.74726,-0.00174366,-3.86571e-09
22.7,5.4,0,3.7473,-0.00179122,-5.25704e-09
22.7,5.5,0,3.74734,-0.0018382,-7.64922e-09
22.7,5.6,0,3.74739,-0.00188448,-1.08699e-08
22.7,5.7,0,3.74744,-0.00192994,-1.40911e-08
22.7,5.8,0,3.74748,-0.0019745,-1.5138e-08
22.7,5.9,0,3.74753,-0.00201801,-1.02607e-08
22.7,6,0,3.74761,-0.00208348,1.25664e-08
22.7,6.1,0,3.74766,-0.00211288,1.00218e-08
22.7,6.2,0,3.74771,-0.00214227,7.47713e-09
22.7,6.3,0,3.74775,-0.00217677,8.52354e-09
22.7,6.4,0,3.74781,-0.00221267,6.8133e-09
22.7,6.5,0,3.74787,-0.00224349,-4.90256e-10
22.7,6.6,0,3.74793,-0.00227432,-7.79382e-09
22.7,6.7,0,3.748,-0.00231508,-1.11684e-08
22.7,6.8,0,3.74807,-0.00234006,3.13459e-10
22.7,6.9,0,3.74813,-0.00236505,1.17953e-08
22.7,7,0,3.74821,-0.00239933,2.06621e-08
22.7,7.1,0,3.74828,-0.00241869,5.52311e-09
22.7,7.2,0,3.74835,-0.00243695,-1.07949e-08
22.7,7.3,0,3.74842,-0.00245854,-2.38293e-08
22.7,7.4,0,3.7485,-0.00247733,-1.53765e-08
22.7,7.5,0,3.74857,-0.00248829,1.48224e-09
22.7,7.6,0,3.74865,-0.00249925,1.8341e-08
22.7,7.7,0,3.74873,-0.00251426,1.1878e-08
22.7,7.8,0,3.74881,-0.0025172,-1.26369e-10
22.7,7.9,0,3.74888,-0.00252014,-1.21308e-08
22.7,8,0,3.74897,-0.00252635,-8.61058e-09
22.7,8.1,0,3.74905,-0.00252237,-2.3628e-09
22.7,8.2,0,3.74912,-0.00251698,2.88677e-09
22.7,8.3,0,3.7492,-0.00251204,1.81288e-09
22.7,8.4,0,3.74929,-0.00250286,-4.91396e-09
22.7,8.5,0,3.74937,-0.00248889,2.07736e-09
22.7,8.6,0,3.74944,-0.00247492,9.06868e-09
22.7,8.7,0,3.74953,-0.00245817,2.25352e-08
22.7,8.8,0,3.74961,-0.00243548,7.76912e-09
22.7,8.9,0,3.74968,-0.00241279,-6.99694e-09
22.7,9,0,3.74977,-0.00238738,-2.16715e-08
22.7,9.1,0,3.74985,-0.0023567,-5.94799e-09
22.7,9.2,0,3.74992,-0.00232553,1.5125e-08
22.7,9.3,0,3.75,-0.00229284,3.32838e-08
22.7,9.4,0,3.75008,-0.00225303,2.49761e-08
22.7,9.5,0,3.75015,-0.00221349,4.4295e-09
22.7,9.6,0,3.75022,-0.00217394,-1.61171e-08
22.7,9.7,0,3.7503,-0.00212498,-1.05279e-08
22.7,9.8,0,3.75037,-0.00207762,2.64318e-09
22.7,9.9,0,3.75043,-0.00203025,1.58143e-08
22.7,10,0,3.7505,-0.0019755,1.37352e-08
22.7,10.1,0,3.75057,-0.00191912,6.25627e-09
22.7,10.2,0,3.75063,-0.0018644,1.72669e-09
22.7,10.3,0,3.75069,-0.00180745,4.02299e-10
22.7,10.4,0,3.75076,-0.00173947,9.87266e-09
22.7,10.5,0,3.75081,-0.00167809,3.80863e-09
22.7,10.6,0,3.75086,-0.00161671,-2.2554e-09
22.7,10.7,0,3.75092,-0.00154042,-1.55712e-08
22.7,10.8,0,3.75097,-0.00147323,-4.96092e-09
22.7,10.9,0,3.75101,-0.00140604,5.64931e-09
22.7,11,0,3.75107,-0.00132884,1.67788e-08
22.7,11.1,0,3.75111,-0.00125191,1.17878e-08
22.7,11.2,0,3.75114,-0.00117966,1.18428e-09
22.7,11.3,0,3.75118,-0.00110561,-8.807e-09
22.7,11.4,0,3.75118,-0.00101637,-8.0145e-09
22.7,11.5,0,3.75111,-0.000940298,-3.24712e-09
22.7,11.6,0,3.75104,-0.000864222,1.52026e-09
22.7,11.7,0,3.75081,-0.000769641,-1.11581e-09
22.7,11.8,0,3.74741,-0.000690257,4.42965e-10
22.7,11.9,0,3.74402,-0.000610873,2.00174e-09
22.7,12,0,3.74063,-0.000520867,6.55758e-09
22.7,12.1,0,3.68339,-0.000435097,5.68069e-09
22.7,12.2,0,3.60307,-0.000358893,2.88437e-10
22.7,12.3,0,3.52276,-0.000282138,-5.11308e-09
22.7,12.4,0,3.10795,-0.00019377,-7.88242e-09
22.7,12.5,0,2.07201,-0.000133966,-4.92056e-09
22.7,12.6,0,1.03608,-7.41614e-05,-1.95869e-09
22.7,12.7,0,0,0,0
22.8,0,0,0,0,0
22.8,0.1,0,1.3098,-1.70283e-05,1.44469e-09
22.8,0.2,0,2.6196,-3.40567e-05,2.88938e-09
22.8,0.3,0,3.36208,-5.14578e-05,2.80388e-09
22.8,0.4,0,3.53726,-6.89519e-05,2.89743e-09
22.8,0.5,0,3.71244,-8.57789e-05,3.02866e-09
22.8,0.6,0,3.72554,-0.000103521,3.26443e-09
22.8,0.7,0,3.73864,-0.000121263,3.5002e-09
22.8,0.8,0,3.74552,-0.000138346,3.55659e-09
22.8,0.9,0,3.74619,-0.000156574,2.9082e-09
22.8,1,0,3.74687,-0.000174,2.70253e-09
22.8,1.1,0,3.74689,-0.000193414,2.46654e-09
22.8,1.2,0,3.74692,-0.000212829,2.23054e-09
22.8,1.3,0,3.74693,-0.000232346,2.40923e-09
22.8,1.4,0,3.74693,-0.000253218,1.92246e-09
22.8,1.5,0,3.74692,-0.000273695,2.04144e-09
22.8,1.6,0,3.74692,-0.00029631,1.60421e-09
22.8,1.7,0,3.74692,-0.000318924,1.16699e-09
22.8,1.8,0,3.74691,-0.000342412,1.22849e-09
22.8,1.9,0,3.74691,-0.000367015,9.24364e-10
22.8,2,0,3.74691,-0.000391812,7.57773e-10
22.8,2.1,0,3.74691,-0.000418584,4.82617e-10
22.8,2.2,0,3.7469,-0.000445357,2.07461e-10
22.8,2.3,0,3.7469,-0.000473823,-2.46035e-10
22.8,2.4,0,3.7469,-0.000502904,-5.67349e-10
22.8,2.5,0,3.74689,-0.000532899,-1.21622e-09
22.8,2.6,0,3.7469,-0.000564357,-1.64245e-09
22.8,2.7,0,3.7469,-0.000595814,-2.06869e-09
22.8,2.8,0,3.7469,-0.000629767,-2.88896e-09
22.8,2.9,0,3.7469,-0.000663602,-3.47561e-09
22.8,3,0,3.7469,-0.000699146,-4.21353e-09
22.8,3.1,0,3.7469,-0.000735303,-4.91499e-09
22.8,3.2,0,3.74691,-0.000771461,-5.61646e-09
22.8,3.3,0,3.74691,-0.000810825,-6.25721e-09
22.8,3.4,0,3.74692,-0.000849158,-6.93368e-09
22.8,3.5,0,3.74692,-0.000890011,-7.44802e-09
22.8,3.6,0,3.74693,-0.000930315,-7.94558e-09
22.8,3.7,0,3.74694,-0.000970618,-8.44313e-09
22.8,3.8,0,3.74695,-0.00101468,-8.69724e-09
22.8,3.9,0,3.74696,-0.00105668,-8.94632e-09
22.8,4,0,3.74698,-0.00110196,-9.26693e-09
22.8,4.1,0,3.74699,-0.00114531,-9.12418e-09
22.8,4.2,0,3.74701,-0.00118866,-8.98143e-09
22.8,4.3,0,3.74703,-0.00123609,-8.5624e-09
22.8,4.4,0,3.74705,-0.00128037,-7.21717e-09
22.8,4.5,0,3.74707,-0.00132857,-6.78119e-09
22.8,4.6,0,3.7471,-0.00137329,-6.38063e-09
22.8,4.7,0,3.74712,-0.00141801,-5.98007e-09
22.8,4.8,0,3.74715,-0.00146372,-6.84626e-09
22.8,4.9,0,3.74717,-0.00150208,-7.34655e-09
22.8,5,0,3.7472,-0.00154414,-7.02213e-09
22.8,5.1,0,3.74724,-0.00160737,-5.28055e-09
22.8,5.2,0,3.74728,-0.00165347,-4.87479e-09
22.8,5.3,0,3.74732,-0.00169921,-4.79288e-09
22.8,5.4,0,3.74735,-0.00174446,-5.40138e-09
22.8,5.5,0,3.74739,-0.00178914,-6.9369e-09
22.8,5.6,0,3.74744,-0.00183312,-9.3687e-09
22.8,5.7,0,3.74749,-0.0018763,-1.19869e-08
22.8,5.8,0,3.74753,-0.0019186,-1.27772e-08
22.8,5.9,0,3.74758,-0.00195988,-7.94813e-09
22.8,6,0,3.74766,-0.00202188,1.56247e-08
22.8,6.1,0,3.7477,-0.00205128,1.30801e-08
22.8,6.2,0,3.74775,-0.00208067,1.05355e-08
22.8,6.3,0,3.7478,-0.00211007,7.99084e-09
22.8,6.4,0,3.74785,-0.00214497,5.57522e-09
22.8,6.5,0,3.74791,-0.00217579,-1.72834e-09
22.8,6.6,0,3.74797,-0.00220661,-9.0319e-09
22.8,6.7,0,3.74804,-0.0022407,-1.14312e-08
22.8,6.8,0,3.7481,-0.00226568,5.05945e-11
22.8,6.9,0,3.74817,-0.00229067,1.15324e-08
22.8,7,0,3.74824,-0.00231921,2.2014e-08
22.8,7.1,0,3.74831,-0.00233857,6.8751e-09
22.8,7.2,0,3.74838,-0.00235684,-9.44295e-09
22.8,7.3,0,3.74844,-0.0023751,-2.5761e-08
22.8,7.4,0,3.74852,-0.00239251,-1.86808e-08
22.8,7.5,0,3.74859,-0.00240347,-1.82199e-09
22.8,7.6,0,3.74866,-0.00241443,1.50368e-08
22.8,7.7,0,3.74874,-0.00242598,1.77772e-08
22.8,7.8,0,3.74882,-0.00242892,5.77283e-09
22.8,7.9,0,3.74889,-0.00243186,-6.23157e-09
22.8,8,0,3.74897,-0.00243587,-1.31389e-08
22.8,8.1,0,3.74905,-0.00243189,-6.89114e-09
22.8,8.2,0,3.74912,-0.0024265,-1.64157e-09
22.8,8.3,0,3.7492,-0.00242111,3.608e-09
22.8,8.4,0,3.74928,-0.0024116,1.56218e-09
22.8,8.5,0,3.74935,-0.00239762,8.5535e-09
22.8,8.6,0,3.74943,-0.00238365,1.55448e-08
22.8,8.7,0,3.74951,-0.00236749,2.28247e-08
22.8,8.8,0,3.74959,-0.00234481,8.0586e-09
22.8,8.9,0,3.74966,-0.00232212,-6.70746e-09
22.8,9,0,3.74974,-0.00229872,-2.14494e-08
22.8,9.1,0,3.74982,-0.00226803,-5.72589e-09
22.8,9.2,0,3.74989,-0.00223686,1.53471e-08
22.8,9.3,0,3.74996,-0.00220569,3.642e-08
22.8,9.4,0,3.75004,-0.00216778,3.17611e-08
22.8,9.5,0,3.75011,-0.00212823,1.12145e-08
22.8,9.6,0,3.75018,-0.00208869,-9.33205e-09
22.8,9.7,0,3.75025,-0.00204444,-1.57875e-08
22.8,9.8,0,3.75031,-0.00199707,-2.61643e-09
22.8,9.9,0,3.75038,-0.00194971,1.05546e-08
22.8,10,0,3.75044,-0.00190097,2.08982e-08
22.8,10.1,0,3.75051,-0.00184458,1.34193e-08
22.8,10.2,0,3.75057,-0.00178987,8.88972e-09
22.8,10.3,0,3.75063,-0.00173515,4.36014e-09
22.8,10.4,0,3.75069,-0.00167208,6.80962e-09
22.8,10.5,0,3.75074,-0.0016107,7.45586e-10
22.8,10.6,0,3.75079,-0.00154932,-5.31845e-09
22.8,10.7,0,3.75085,-0.00148122,-1.35375e-08
22.8,10.8,0,3.75089,-0.00141403,-2.92731e-09
22.8,10.9,0,3.75094,-0.00134684,7.68292e-09
22.8,11,0,3.75098,-0.00127876,1.83391e-08
22.8,11.1,0,3.75103,-0.00120182,1.33481e-08
22.8,11.2,0,3.75106,-0.00112958,2.74457e-09
22.8,11.3,0,3.75109,-0.00105733,-7.85895e-09
22.8,11.4,0,3.75109,-0.000976154,-9.80272e-09
22.8,11.5,0,3.75102,-0.000900078,-5.03534e-09
22.8,11.6,0,3.75095,-0.000824002,-2.6796e-10
22.8,11.7,0,3.75071,-0.0007399,1.23484e-09
22.8,11.8,0,3.74732,-0.000660516,2.79361e-09
22.8,11.9,0,3.74393,-0.000581132,4.35239e-09
22.8,12,0,3.74054,-0.000501748,5.91117e-09
22.8,12.1,0,3.6833,-0.000416347,4.93013e-09
22.8,12.2,0,3.60298,-0.000340143,-4.6212e-10
22.8,12.3,0,3.52267,-0.00026394,-5.85437e-09
22.8,12.4,0,3.10788,-0.000185566,-8.45566e-09
22.8,12.5,0,2.07194,-0.000125762,-5.4938e-09
22.8,12.6,0,1.036,-6.59574e-05,-2.53193e-09
22.8,12.7,0,0,0,0
22.9,0,0,0,0,0
22.9,0.1,0,1.30981,-1.69361e-05,1.48649e-09
22.9,0.2,0,2.61961,-3.39645e-05,2.93118e-09
22.9,0.3,0,3.3621,-5.12782e-05,3.74544e-09
22.9,0.4,0,3.53728,-6.87723e-05,3.83898e-09
22.9,0.5,0,3.71246,-8.62663e-05,3.93253e-09
22.9,0.6,0,3.72556,-0.000104104,4.10199e-09
22.9,0.7,0,3.73865,-0.000121846,4.33776e-09
22.9,0.8,0,3.74554,-0.000139909,4.07983e-09
22.9,0.9,0,3.74621,-0.000158137,3.43144e-09
22.9,1,0,3.74689,-0.000176365,2.78305e-09
22.9,1.1,0,3.74691,-0.000195824,2.44157e-09
22.9,1.2,0,3.74694,-0.000215238,2.20557e-09
22.9,1.3,0,3.74695,-0.000235383,1.74312e-09
22.9,1.4,0,3.74695,-0.000256255,1.25635e-09
22.9,1.5,0,3.74695,-0.000277127,7.69572e-10
22.9,1.6,0,3.74694,-0.00029969,2.79095e-10
22.9,1.7,0,3.74694,-0.000322305,-1.5813e-10
22.9,1.8,0,3.74694,-0.000345801,-5.21479e-10
22.9,1.9,0,3.74694,-0.000370404,-8.25603e-10
22.9,2,0,3.74694,-0.000395008,-1.12973e-09
22.9,2.1,0,3.74693,-0.0004216,-1.33098e-09
22.9,2.2,0,3.74693,-0.000448373,-1.60614e-09
22.9,2.3,0,3.74693,-0.000476047,-1.779e-09
22.9,2.4,0,3.74693,-0.000505128,-2.10032e-09
22.9,2.5,0,3.74693,-0.000534209,-2.42163e-09
22.9,2.6,0,3.74693,-0.000565337,-2.70429e-09
22.9,2.7,0,3.74693,-0.000596795,-3.13053e-09
22.9,2.8,0,3.74693,-0.000629034,-3.50944e-09
22.9,2.9,0,3.74693,-0.000662869,-4.09608e-09
22.9,3,0,3.74694,-0.000696704,-4.68273e-09
22.9,3.1,0,3.74694,-0.000732376,-5.29371e-09
22.9,3.2,0,3.74694,-0.000768533,-5.99517e-09
22.9,3.3,0,3.74695,-0.000805217,-6.63273e-09
22.9,3.4,0,3.74696,-0.000843549,-7.3092e-09
22.9,3.5,0,3.74696,-0.000881882,-7.98567e-09
22.9,3.6,0,3.74697,-0.000921552,-8.45873e-09
22.9,3.7,0,3.74698,-0.000961855,-8.95629e-09
22.9,3.8,0,3.747,-0.00100231,-9.31308e-09
22.9,3.9,0,3.74701,-0.0010443,-9.56216e-09
22.9,4,0,3.74702,-0.0010863,-9.81124e-09
22.9,4.1,0,3.74704,-0.00112889,-9.68227e-09
22.9,4.2,0,3.74706,-0.00117224,-9.53952e-09
22.9,4.3,0,3.74708,-0.00121525,-8.86661e-09
22.9,4.4,0,3.7471,-0.00125953,-7.52138e-09
22.9,4.5,0,3.74712,-0.00130381,-6.17616e-09
22.9,4.6,0,3.74714,-0.00134769,-5.71242e-09
22.9,4.7,0,3.74717,-0.00139241,-5.31186e-09
22.9,4.8,0,3.7472,-0.0014332,-5.27828e-09
22.9,4.9,0,3.74722,-0.00147156,-5.77856e-09
22.9,5,0,3.74725,-0.00150992,-6.27885e-09
22.9,5.1,0,3.74729,-0.00157029,-5.73697e-09
22.9,5.2,0,3.74732,-0.0016143,-5.48507e-09
22.9,5.3,0,3.74736,-0.00165794,-5.05362e-09
22.9,5.4,0,3.7474,-0.0017011,-5.08167e-09
22.9,5.5,0,3.74744,-0.00174367,-5.96001e-09
22.9,5.6,0,3.74749,-0.00178557,-7.7656e-09
22.9,5.7,0,3.74753,-0.00182668,-9.89914e-09
22.9,5.8,0,3.74758,-0.00186692,-1.05195e-08
22.9,5.9,0,3.74762,-0.00190617,-5.91434e-09
22.9,6,0,3.7477,-0.00196503,1.75096e-08
22.9,6.1,0,3.74774,-0.00199353,1.48922e-08
22.9,6.2,0,3.74779,-0.00202293,1.23476e-08
22.9,6.3,0,3.74784,-0.00205232,9.80293e-09
22.9,6.4,0,3.74789,-0.00208167,5.6409e-09
22.9,6.5,0,3.74795,-0.00211249,-1.66266e-09
22.9,6.6,0,3.74801,-0.00214332,-8.96622e-09
22.9,6.7,0,3.74807,-0.00217154,-1.29113e-08
22.9,6.8,0,3.74813,-0.00219653,-1.4295e-09
22.9,6.9,0,3.7482,-0.00222151,1.00523e-08
22.9,7,0,3.74826,-0.0022465,2.15342e-08
22.9,7.1,0,3.74833,-0.00226442,9.11759e-09
22.9,7.2,0,3.7484,-0.00228269,-7.20045e-09
22.9,7.3,0,3.74847,-0.00230096,-2.35185e-08
22.9,7.4,0,3.74854,-0.00231433,-2.17389e-08
22.9,7.5,0,3.74861,-0.00232529,-4.88008e-09
22.9,7.6,0,3.74868,-0.00233625,1.19787e-08
22.9,7.7,0,3.74875,-0.0023449,2.2279e-08
22.9,7.8,0,3.74882,-0.00234784,1.02746e-08
22.9,7.9,0,3.7489,-0.00235078,-1.7298e-09
22.9,8,0,3.74897,-0.00235372,-1.37342e-08
22.9,8.1,0,3.74905,-0.00234908,-9.40365e-09
22.9,8.2,0,3.74912,-0.00234369,-4.15408e-09
22.9,8.3,0,3.74919,-0.0023383,1.09549e-09
22.9,8.4,0,3.74927,-0.00232832,5.09736e-09
22.9,8.5,0,3.74934,-0.00231434,1.20887e-08
22.9,8.6,0,3.74942,-0.00230037,1.908e-08
22.9,8.7,0,3.74949,-0.00228502,2.44691e-08
22.9,8.8,0,3.74957,-0.00226233,9.70307e-09
22.9,8.9,0,3.74964,-0.00223964,-5.06299e-09
22.9,9,0,3.74972,-0.00221696,-1.98291e-08
22.9,9.1,0,3.74979,-0.00218763,-7.06078e-09
22.9,9.2,0,3.74986,-0.00215646,1.40122e-08
22.9,9.3,0,3.74993,-0.00212529,3.50851e-08
22.9,9.4,0,3.75,-0.00209072,3.75049e-08
22.9,9.5,0,3.75007,-0.00205118,1.69584e-08
22.9,9.6,0,3.75014,-0.00201163,-3.5882e-09
22.9,9.7,0,3.7502,-0.0019719,-2.00204e-08
22.9,9.8,0,3.75027,-0.00192454,-6.8493e-09
22.9,9.9,0,3.75033,-0.00187717,6.32178e-09
22.9,10,0,3.75039,-0.0018298,1.94929e-08
22.9,10.1,0,3.75045,-0.00177773,1.82486e-08
22.9,10.2,0,3.75051,-0.00172301,1.3719e-08
22.9,10.3,0,3.75057,-0.00166829,9.1894e-09
22.9,10.4,0,3.75062,-0.00161192,5.26665e-09
22.9,10.5,0,3.75068,-0.00155054,-7.97381e-10
22.9,10.6,0,3.75073,-0.00148916,-6.86141e-09
22.9,10.7,0,3.75078,-0.00142869,-1.28355e-08
22.9,10.8,0,3.75082,-0.00136149,-2.22529e-09
22.9,10.9,0,3.75087,-0.0012943,8.38494e-09
22.9,11,0,3.75091,-0.00122711,1.89952e-08
22.9,11.1,0,3.75095,-0.00115774,1.48899e-08
22.9,11.2,0,3.75098,-0.0010855,4.28634e-09
22.9,11.3,0,3.75102,-0.00101325,-6.31717e-09
22.9,11.4,0,3.75101,-0.000941181,-1.10403e-08
22.9,11.5,0,3.75094,-0.000865105,-6.27293e-09
22.9,11.6,0,3.75087,-0.000789029,-1.50555e-09
22.9,11.7,0,3.75063,-0.000713722,2.92332e-09
22.9,11.8,0,3.74724,-0.000635192,4.31928e-09
22.9,11.9,0,3.74384,-0.000555808,5.87805e-09
22.9,12,0,3.74045,-0.000476424,7.43683e-09
22.9,12.1,0,3.68322,-0.000400981,4.56511e-09
22.9,12.2,0,3.6029,-0.000324777,-8.27138e-10
22.9,12.3,0,3.52259,-0.000248573,-6.21939e-09
22.9,12.4,0,3.10782,-0.000179413,-8.8856e-09
22.9,12.5,0,2.07188,-0.000119609,-5.92373e-09
22.9,12.6,0,1.03594,-5.98044e-05,-2.96187e-09
22.9,12.7,0,0,0,0
23,0,0,0,0,0
23,0.1,0,1.30982,-1.65673e-05,1.65371e-09
23,0.2,0,2.61962,-3.35957e-05,3.0984e-09
23,0.3,0,3.36212,-5.11197e-05,4.09321e-09
23,0.4,0,3.5373,-6.86138e-05,4.18675e-09
23,0.5,0,3.71248,-8.61078e-05,4.2803e-09
23,0.6,0,3.72558,-0.000104329,4.18454e-09
23,0.7,0,3.73867,-0.000122071,4.42031e-09
23,0.8,0,3.74556,-0.000140444,3.9559e-09
23,0.9,0,3.74623,-0.000158672,3.30751e-09
23,1,0,3.74691,-0.0001769,2.65912e-09
23,1.1,0,3.74693,-0.000196539,1.89566e-09
23,1.2,0,3.74696,-0.000215954,1.65967e-09
23,1.3,0,3.74697,-0.000236103,7.92962e-10
23,1.4,0,3.74697,-0.000256975,3.06187e-10
23,1.5,0,3.74697,-0.000277848,-1.80588e-10
23,1.6,0,3.74697,-0.000300205,-8.84075e-10
23,1.7,0,3.74696,-0.00032282,-1.3213e-09
23,1.8,0,3.74696,-0.000345866,-1.65534e-09
23,1.9,0,3.74696,-0.000370469,-1.95947e-09
23,2,0,3.74696,-0.000395072,-2.26359e-09
23,2.1,0,3.74696,-0.000420944,-2.16923e-09
23,2.2,0,3.74696,-0.000447717,-2.44439e-09
23,2.3,0,3.74696,-0.000474378,-2.11579e-09
23,2.4,0,3.74695,-0.000503459,-2.4371e-09
23,2.5,0,3.74695,-0.00053254,-2.75841e-09
23,2.6,0,3.74696,-0.00056235,-2.46677e-09
23,2.7,0,3.74696,-0.000593808,-2.89301e-09
23,2.8,0,3.74696,-0.000624416,-2.76178e-09
23,2.9,0,3.74696,-0.000658252,-3.34843e-09
23,3,0,3.74697,-0.000692087,-3.93507e-09
23,3.1,0,3.74697,-0.000725815,-4.18413e-09
23,3.2,0,3.74697,-0.000761973,-4.88559e-09
23,3.3,0,3.74698,-0.00079641,-5.3175e-09
23,3.4,0,3.74699,-0.000834743,-5.99397e-09
23,3.5,0,3.747,-0.000873076,-6.67044e-09
23,3.6,0,3.74701,-0.000910211,-7.04554e-09
23,3.7,0,3.74702,-0.000950515,-7.5431e-09
23,3.8,0,3.74703,-0.000988164,-7.8338e-09
23,3.9,0,3.74704,-0.00103016,-8.08288e-09
23,4,0,3.74706,-0.00107216,-8.33196e-09
23,4.1,0,3.74708,-0.00111171,-8.25811e-09
23,4.2,0,3.74709,-0.00115506,-8.11536e-09
23,4.3,0,3.74711,-0.00119484,-7.72673e-09
23,4.4,0,3.74713,-0.00123912,-6.3815e-09
23,4.5,0,3.74715,-0.0012834,-5.03628e-09
23,4.6,0,3.74718,-0.00132389,-4.31984e-09
23,4.7,0,3.74721,-0.00136861,-3.91928e-09
23,4.8,0,3.74723,-0.00140639,-3.55188e-09
23,4.9,0,3.74726,-0.00144475,-4.05216e-09
23,5,0,3.74728,-0.00148311,-4.55245e-09
23,5.1,0,3.74733,-0.00154152,-4.05369e-09
23,5.2,0,3.74736,-0.00158406,-3.72612e-09
23,5.3,0,3.7474,-0.00162622,-3.31507e-09
23,5.4,0,3.74744,-0.0016679,-3.36981e-09
23,5.5,0,3.74747,-0.00170901,-4.1894e-09
23,5.6,0,3.74752,-0.00174944,-5.85674e-09
23,5.7,0,3.74756,-0.00178909,-7.86051e-09
23,5.8,0,3.74761,-0.00182789,-8.57067e-09
23,5.9,0,3.74765,-0.00186572,-4.71681e-09
23,6,0,3.74773,-0.00192245,1.58741e-08
23,6.1,0,3.74777,-0.00194736,1.29655e-08
23,6.2,0,3.74782,-0.00197675,1.04209e-08
23,6.3,0,3.74786,-0.00200615,7.87625e-09
23,6.4,0,3.74791,-0.00203158,9.61785e-09
23,6.5,0,3.74797,-0.0020624,2.31429e-09
23,6.6,0,3.74803,-0.00209323,-4.98927e-09
23,6.7,0,3.74809,-0.00211964,-1.37947e-08
23,6.8,0,3.74815,-0.00214304,-6.5613e-09
23,6.9,0,3.74821,-0.00216803,4.92054e-09
23,7,0,3.74828,-0.00219301,1.64024e-08
23,7.1,0,3.74834,-0.0022082,1.40316e-08
23,7.2,0,3.74841,-0.00222647,-2.28642e-09
23,7.3,0,3.74848,-0.00224474,-1.86045e-08
23,7.4,0,3.74854,-0.00225608,-2.40585e-08
23,7.5,0,3.74861,-0.00226704,-7.19975e-09
23,7.6,0,3.74868,-0.002278,9.65904e-09
23,7.7,0,3.74875,-0.00228616,2.10188e-08
23,7.8,0,3.74882,-0.00228838,1.05841e-08
23,7.9,0,3.7489,-0.00229132,-1.4203e-09
23,8,0,3.74897,-0.00229426,-1.34247e-08
23,8.1,0,3.74904,-0.00228925,-5.86867e-09
23,8.2,0,3.74911,-0.00228386,-6.19096e-10
23,8.3,0,3.74919,-0.00227847,4.63048e-09
23,8.4,0,3.74925,-0.002269,-1.90288e-10
23,8.5,0,3.74933,-0.00225502,6.80103e-09
23,8.6,0,3.7494,-0.00224105,1.37924e-08
23,8.7,0,3.74947,-0.00222608,2.2177e-08
23,8.8,0,3.74954,-0.00220443,1.54125e-08
23,8.9,0,3.74962,-0.00218175,6.46453e-10
23,9,0,3.74969,-0.00215906,-1.41196e-08
23,9.1,0,3.74976,-0.00213201,-1.30666e-08
23,9.2,0,3.74983,-0.00210084,8.00632e-09
23,9.3,0,3.7499,-0.00206967,2.90793e-08
23,9.4,0,3.74996,-0.00203825,4.01253e-08
23,9.5,0,3.75003,-0.00199871,1.95788e-08
23,9.6,0,3.7501,-0.00195916,-9.67767e-10
23,9.7,0,3.75017,-0.00191999,-1.79349e-08
23,9.8,0,3.75022,-0.00187601,-8.00196e-09
23,9.9,0,3.75029,-0.00182864,5.16911e-09
23,10,0,3.75035,-0.00178127,1.83402e-08
23,10.1,0,3.7504,-0.00173389,1.60765e-08
23,10.2,0,3.75046,-0.00167917,1.15469e-08
23,10.3,0,3.75052,-0.00162445,7.01732e-09
23,10.4,0,3.75057,-0.00157305,7.89666e-09
23,10.5,0,3.75062,-0.00151207,2.21989e-09
23,10.6,0,3.75067,-0.00145069,-3.84414e-09
23,10.7,0,3.75073,-0.00139028,-9.88889e-09
23,10.8,0,3.75077,-0.00132897,-5.51804e-09
23,10.9,0,3.75081,-0.00126177,5.09219e-09
23,11,0,3.75086,-0.00119458,1.57024e-08
23,11.1,0,3.75089,-0.00113168,1.63761e-08
23,11.2,0,3.75092,-0.00105943,5.77259e-09
23,11.3,0,3.75096,-0.000987183,-4.83092e-09
23,11.4,0,3.75095,-0.000920546,-1.0406e-08
23,11.5,0,3.75087,-0.000845873,-5.85862e-09
23,11.6,0,3.7508,-0.000769796,-1.09124e-09
23,11.7,0,3.75057,-0.000694489,3.33762e-09
23,11.8,0,3.74717,-0.000623117,3.36997e-09
23,11.9,0,3.74378,-0.000543733,4.92875e-09
23,12,0,3.74039,-0.000464349,6.48752e-09
23,12.1,0,3.68316,-0.000395766,5.35671e-09
23,12.2,0,3.60285,-0.000319562,-3.55375e-11
23,12.3,0,3.52253,-0.000243358,-5.42779e-09
23,12.4,0,3.1078,-0.000177662,-8.61976e-09
23,12.5,0,2.07188,-0.000119609,-5.92373e-09
23,12.6,0,1.03594,-5.98044e-05,-2.96187e-09
23,12.7,0,0,0,0
23.1,0,0,0,0,0
23.1,0.1,0,1.30984,-1.61985e-05,1.82093e-09
23.1,0.2,0,2.61964,-3.32269e-05,3.26562e-09
23.1,0.3,0,3.36213,-5.0856e-05,4.3507e-09
23.1,0.4,0,3.53732,-6.84552e-05,4.53452e-09
23.1,0.5,0,3.7125,-8.59493e-05,4.62807e-09
23.1,0.6,0,3.72559,-0.000104554,4.26709e-09
23.1,0.7,0,3.73869,-0.000122296,4.50286e-09
23.1,0.8,0,3.74558,-0.000140824,3.93521e-09
23.1,0.9,0,3.74625,-0.000159208,3.18358e-09
23.1,1,0,3.74693,-0.000177436,2.53519e-09
23.1,1.1,0,3.74695,-0.000197255,1.34976e-09
23.1,1.2,0,3.74698,-0.000216669,1.11377e-09
23.1,1.3,0,3.74699,-0.000236821,4.49311e-11
23.1,1.4,0,3.74699,-0.000257696,-6.43973e-10
23.1,1.5,0,3.74699,-0.000278568,-1.13075e-09
23.1,1.6,0,3.74699,-0.00030072,-2.04725e-09
23.1,1.7,0,3.74699,-0.000323335,-2.48447e-09
23.1,1.8,0,3.74699,-0.000346156,-2.80386e-09
23.1,1.9,0,3.74699,-0.000370534,-3.09333e-09
23.1,2,0,3.74698,-0.000395137,-3.39746e-09
23.1,2.1,0,3.74698,-0.000420288,-3.00749e-09
23.1,2.2,0,3.74698,-0.000447061,-3.28264e-09
23.1,2.3,0,3.74698,-0.000473216,-2.7033e-09
23.1,2.4,0,3.74698,-0.00050179,-2.77388e-09
23.1,2.5,0,3.74698,-0.000530871,-3.09519e-09
23.1,2.6,0,3.74699,-0.000559363,-2.22925e-09
23.1,2.7,0,3.74699,-0.00059082,-2.65549e-09
23.1,2.8,0,3.74699,-0.000620614,-2.26919e-09
23.1,2.9,0,3.74699,-0.000653634,-2.60077e-09
23.1,3,0,3.747,-0.000687469,-3.18742e-09
23.1,3.1,0,3.747,-0.000719255,-3.07455e-09
23.1,3.2,0,3.74701,-0.000755412,-3.77601e-09
23.1,3.3,0,3.74701,-0.000788727,-4.1051e-09
23.1,3.4,0,3.74702,-0.000825937,-4.67875e-09
23.1,3.5,0,3.74703,-0.000864269,-5.35522e-09
23.1,3.6,0,3.74704,-0.000898871,-5.63235e-09
23.1,3.7,0,3.74705,-0.000939174,-6.12991e-09
23.1,3.8,0,3.74707,-0.000975423,-6.38756e-09
23.1,3.9,0,3.74708,-0.00101602,-6.6036e-09
23.1,4,0,3.74709,-0.00105802,-6.85268e-09
23.1,4.1,0,3.74711,-0.00109453,-6.83394e-09
23.1,4.2,0,3.74713,-0.00113788,-6.69119e-09
23.1,4.3,0,3.74715,-0.00117604,-6.44471e-09
23.1,4.4,0,3.74717,-0.00121871,-5.24163e-09
23.1,4.5,0,3.74719,-0.00126299,-3.8964e-09
23.1,4.6,0,3.74722,-0.00130009,-2.92725e-09
23.1,4.7,0,3.74724,-0.00134481,-2.5267e-09
23.1,4.8,0,3.74727,-0.00138109,-1.99238e-09
23.1,4.9,0,3.74729,-0.00141795,-2.32576e-09
23.1,5,0,3.74732,-0.00145631,-2.82605e-09
23.1,5.1,0,3.74736,-0.00151275,-2.37041e-09
23.1,5.2,0,3.7474,-0.00155382,-1.96716e-09
23.1,5.3,0,3.74743,-0.00159451,-1.57652e-09
23.1,5.4,0,3.74747,-0.00163471,-1.65795e-09
23.1,5.5,0,3.74751,-0.00167434,-2.41879e-09
23.1,5.6,0,3.74755,-0.0017133,-3.94789e-09
23.1,5.7,0,3.7476,-0.00175151,-5.82189e-09
23.1,5.8,0,3.74764,-0.00178887,-6.62187e-09
23.1,5.9,0,3.74768,-0.00182528,-3.51929e-09
23.1,6,0,3.74776,-0.00187987,1.42385e-08
23.1,6.1,0,3.7478,-0.00190118,1.10388e-08
23.1,6.2,0,3.74784,-0.00193058,8.4942e-09
23.1,6.3,0,3.74789,-0.00195997,5.94957e-09
23.1,6.4,0,3.74793,-0.00198365,1.03346e-08
23.1,6.5,0,3.74799,-0.00201231,6.29124e-09
23.1,6.6,0,3.74805,-0.00204314,-1.01232e-09
23.1,6.7,0,3.74811,-0.00206955,-9.81771e-09
23.1,6.8,0,3.74817,-0.00208955,-1.16931e-08
23.1,6.9,0,3.74823,-0.00211454,-2.11262e-10
23.1,7,0,3.7483,-0.00213952,1.12706e-08
23.1,7.1,0,3.74835,-0.00215198,1.89457e-08
23.1,7.2,0,3.74842,-0.00217024,2.62761e-09
23.1,7.3,0,3.74849,-0.00218851,-1.36904e-08
23.1,7.4,0,3.74855,-0.00219921,-2.14388e-08
23.1,7.5,0,3.74862,-0.00220879,-9.51942e-09
23.1,7.6,0,3.74869,-0.00221975,7.33937e-09
23.1,7.7,0,3.74876,-0.00222791,1.86992e-08
23.1,7.8,0,3.74882,-0.00222891,1.08936e-08
23.1,7.9,0,3.74889,-0.00223185,-1.1108e-09
23.1,8,0,3.74897,-0.00223479,-1.31152e-08
23.1,8.1,0,3.74903,-0.00222943,-2.33368e-09
23.1,8.2,0,3.7491,-0.00222404,2.91589e-09
23.1,8.3,0,3.74918,-0.00221865,8.16546e-09
23.1,8.4,0,3.74924,-0.00220927,1.69868e-09
23.1,8.5,0,3.74931,-0.0021957,1.51338e-09
23.1,8.6,0,3.74939,-0.00218173,8.5047e-09
23.1,8.7,0,3.74946,-0.00216676,1.68893e-08
23.1,8.8,0,3.74952,-0.00214654,2.1122e-08
23.1,8.9,0,3.7496,-0.00212385,6.3559e-09
23.1,9,0,3.74967,-0.00210117,-8.41016e-09
23.1,9.1,0,3.74973,-0.00207632,-1.87228e-08
23.1,9.2,0,3.7498,-0.00204522,2.00045e-09
23.1,9.3,0,3.74987,-0.00201405,2.30734e-08
23.1,9.4,0,3.74993,-0.0019828,3.46023e-08
23.1,9.5,0,3.75,-0.00194624,2.21992e-08
23.1,9.6,0,3.75006,-0.00190669,1.65266e-09
23.1,9.7,0,3.75013,-0.00186752,-1.53145e-08
23.1,9.8,0,3.75018,-0.00182748,-9.15463e-09
23.1,9.9,0,3.75025,-0.00178011,4.01645e-09
23.1,10,0,3.75031,-0.00173275,1.71875e-08
23.1,10.1,0,3.75036,-0.00168929,1.4068e-08
23.1,10.2,0,3.75042,-0.00163533,9.37482e-09
23.1,10.3,0,3.75047,-0.00158061,4.84524e-09
23.1,10.4,0,3.75052,-0.00152921,5.72458e-09
23.1,10.5,0,3.75057,-0.0014736,5.23716e-09
23.1,10.6,0,3.75062,-0.00141222,-8.26869e-10
23.1,10.7,0,3.75067,-0.00135181,-6.87162e-09
23.1,10.8,0,3.75071,-0.00129644,-8.8108e-09
23.1,10.9,0,3.75075,-0.00122925,1.79944e-09
23.1,11,0,3.7508,-0.00116206,1.24097e-08
23.1,11.1,0,3.75083,-0.00110373,1.64715e-08
23.1,11.2,0,3.75086,-0.00103336,7.25884e-09
23.1,11.3,0,3.7509,-0.000961114,-3.34467e-09
23.1,11.4,0,3.75089,-0.000894478,-8.91976e-09
23.1,11.5,0,3.75081,-0.00082664,-5.44432e-09
23.1,11.6,0,3.75074,-0.000750564,-6.76936e-10
23.1,11.7,0,3.7505,-0.000675257,3.75193e-09
23.1,11.8,0,3.74711,-0.000611042,2.42066e-09
23.1,11.9,0,3.74372,-0.000531658,3.97944e-09
23.1,12,0,3.74033,-0.000452274,5.53822e-09
23.1,12.1,0,3.6831,-0.000387658,5.41427e-09
23.1,12.2,0,3.60279,-0.000314346,7.56062e-10
23.1,12.3,0,3.52248,-0.000238143,-4.63619e-09
23.1,12.4,0,3.10774,-0.000172446,-7.82816e-09
23.1,12.5,0,2.07188,-0.000119609,-5.92373e-09
23.1,12.6,0,1.03594,-5.98044e-05,-2.96187e-09
23.1,12.7,0,0,0,0
23.2,0,0,0,0,0
23.2,0.1,0,1.30986,-1.58298e-05,1.98814e-09
23.2,0.2,0,2.61966,-3.28581e-05,3.43283e-09
23.2,0.3,0,3.36215,-5.04873e-05,4.51792e-09
23.2,0.4,0,3.53733,-6.82967e-05,4.88229e-09
23.2,0.5,0,3.71251,-8.57908e-05,4.97584e-09
23.2,0.6,0,3.72561,-0.000104779,4.34964e-09
23.2,0.7,0,3.73871,-0.000122521,4.58541e-09
23.2,0.8,0,3.7456,-0.000141049,4.01776e-09
23.2,0.9,0,3.74627,-0.000159743,3.05965e-09
23.2,1,0,3.74694,-0.000177971,2.41126e-09
23.2,1.1,0,3.74697,-0.00019797,8.03858e-10
23.2,1.2,0,3.747,-0.000217385,5.67863e-10
23.2,1.3,0,3.74701,-0.000237537,-5.00972e-10
23.2,1.4,0,3.74701,-0.000258416,-1.59413e-09
23.2,1.5,0,3.74701,-0.000279288,-2.08091e-09
23.2,1.6,0,3.74701,-0.000301235,-3.21042e-09
23.2,1.7,0,3.74701,-0.000323849,-3.64764e-09
23.2,1.8,0,3.74701,-0.00034667,-3.96703e-09
23.2,1.9,0,3.74701,-0.000370598,-4.2272e-09
23.2,2,0,3.74701,-0.000395202,-4.53133e-09
23.2,2.1,0,3.74701,-0.000419632,-3.84574e-09
23.2,2.2,0,3.74701,-0.000446405,-4.12089e-09
23.2,2.3,0,3.74701,-0.00047256,-3.54156e-09
23.2,2.4,0,3.74701,-0.000500121,-3.11066e-09
23.2,2.5,0,3.74701,-0.000529202,-3.43198e-09
23.2,2.6,0,3.74701,-0.000556375,-1.99173e-09
23.2,2.7,0,3.74702,-0.000587833,-2.41796e-09
23.2,2.8,0,3.74702,-0.000617627,-2.03167e-09
23.2,2.9,0,3.74702,-0.000649017,-1.85312e-09
23.2,3,0,3.74703,-0.000682852,-2.43976e-09
23.2,3.1,0,3.74703,-0.000712695,-1.96497e-09
23.2,3.2,0,3.74704,-0.000748852,-2.66643e-09
23.2,3.3,0,3.74705,-0.000782167,-2.99552e-09
23.2,3.4,0,3.74705,-0.000817131,-3.36352e-09
23.2,3.5,0,3.74706,-0.000855463,-4.03999e-09
23.2,3.6,0,3.74708,-0.00088753,-4.21916e-09
23.2,3.7,0,3.74709,-0.000927833,-4.71672e-09
23.2,3.8,0,3.7471,-0.000964082,-4.97437e-09
23.2,3.9,0,3.74712,-0.00100188,-5.12431e-09
23.2,4,0,3.74713,-0.00104388,-5.37339e-09
23.2,4.1,0,3.74715,-0.00107735,-5.40978e-09
23.2,4.2,0,3.74717,-0.0011207,-5.26703e-09
23.2,4.3,0,3.74718,-0.00115886,-5.02054e-09
23.2,4.4,0,3.74721,-0.0011983,-4.10175e-09
23.2,4.5,0,3.74723,-0.00124258,-2.75652e-09
23.2,4.6,0,3.74725,-0.00127629,-1.53467e-09
23.2,4.7,0,3.74728,-0.00132101,-1.13411e-09
23.2,4.8,0,3.7473,-0.00135729,-5.998e-10
23.2,4.9,0,3.74733,-0.00139114,-5.99363e-10
23.2,5,0,3.74735,-0.0014295,-1.09965e-09
23.2,5.1,0,3.7474,-0.00148398,-6.87132e-10
23.2,5.2,0,3.74743,-0.00152358,-2.08202e-10
23.2,5.3,0,3.74747,-0.00156279,1.62034e-10
23.2,5.4,0,3.7475,-0.00160152,5.39075e-11
23.2,5.5,0,3.74754,-0.00163968,-6.48175e-10
23.2,5.6,0,3.74759,-0.00167717,-2.03903e-09
23.2,5.7,0,3.74763,-0.00171392,-3.78326e-09
23.2,5.8,0,3.74767,-0.00174984,-4.67307e-09
23.2,5.9,0,3.74772,-0.00178483,-2.32177e-09
23.2,6,0,3.74779,-0.00183729,1.26029e-08
23.2,6.1,0,3.74782,-0.0018573,9.29791e-09
23.2,6.2,0,3.74787,-0.0018844,6.56752e-09
23.2,6.3,0,3.74791,-0.0019138,4.02289e-09
23.2,6.4,0,3.74796,-0.00193748,8.4079e-09
23.2,6.5,0,3.74801,-0.00196223,1.02682e-08
23.2,6.6,0,3.74807,-0.00199305,2.96463e-09
23.2,6.7,0,3.74813,-0.00201946,-5.84076e-09
23.2,6.8,0,3.74818,-0.00203606,-1.68249e-08
23.2,6.9,0,3.74825,-0.00206105,-5.34306e-09
23.2,7,0,3.74831,-0.00208603,6.13878e-09
23.2,7.1,0,3.74837,-0.00209786,1.61379e-08
23.2,7.2,0,3.74843,-0.00211402,7.54164e-09
23.2,7.3,0,3.7485,-0.00213229,-8.7764e-09
23.2,7.4,0,3.74856,-0.00214299,-1.65247e-08
23.2,7.5,0,3.74862,-0.00215053,-1.18391e-08
23.2,7.6,0,3.74869,-0.00216149,5.0197e-09
23.2,7.7,0,3.74876,-0.00216966,1.63795e-08
23.2,7.8,0,3.74882,-0.00216945,1.12031e-08
23.2,7.9,0,3.74889,-0.00217239,-8.01298e-10
23.2,8,0,3.74897,-0.00217533,-1.28057e-08
23.2,8.1,0,3.74903,-0.00216993,-1.69923e-09
23.2,8.2,0,3.74909,-0.00216421,6.45088e-09
23.2,8.3,0,3.74917,-0.00215883,1.17004e-08
23.2,8.4,0,3.74923,-0.00214944,5.23367e-09
23.2,8.5,0,3.7493,-0.00213638,-3.77427e-09
23.2,8.6,0,3.74937,-0.00212241,3.21705e-09
23.2,8.7,0,3.74944,-0.00210744,1.16016e-08
23.2,8.8,0,3.7495,-0.00208848,2.55594e-08
23.2,8.9,0,3.74957,-0.00206596,1.20653e-08
23.2,9,0,3.74965,-0.00204327,-2.70071e-09
23.2,9.1,0,3.74971,-0.00201842,-1.30133e-08
23.2,9.2,0,3.74977,-0.0019896,-4.00541e-09
23.2,9.3,0,3.74984,-0.00195843,1.70675e-08
23.2,9.4,0,3.7499,-0.00192718,2.85964e-08
23.2,9.5,0,3.74996,-0.00189376,2.48196e-08
23.2,9.6,0,3.75003,-0.00185422,4.27309e-09
23.2,9.7,0,3.75009,-0.00181505,-1.26941e-08
23.2,9.8,0,3.75014,-0.00177798,-9.3781e-09
23.2,9.9,0,3.7502,-0.00173159,2.86379e-09
23.2,10,0,3.75027,-0.00168422,1.60349e-08
23.2,10.1,0,3.75032,-0.00164077,1.29153e-08
23.2,10.2,0,3.75037,-0.00159149,7.20275e-09
23.2,10.3,0,3.75043,-0.00153677,2.67317e-09
23.2,10.4,0,3.75048,-0.00148537,3.55251e-09
23.2,10.5,0,3.75052,-0.00143513,8.25444e-09
23.2,10.6,0,3.75057,-0.00137375,2.1904e-09
23.2,10.7,0,3.75062,-0.00131334,-3.85434e-09
23.2,10.8,0,3.75065,-0.00126167,-9.72552e-09
23.2,10.9,0,3.7507,-0.00119672,-1.49332e-09
23.2,11,0,3.75074,-0.00112953,9.11692e-09
23.2,11.1,0,3.75077,-0.0010712,1.31787e-08
23.2,11.2,0,3.7508,-0.00100729,8.74509e-09
23.2,11.3,0,3.75084,-0.000935046,-1.85842e-09
23.2,11.4,0,3.75083,-0.00086841,-7.43351e-09
23.2,11.5,0,3.75075,-0.000807408,-5.03001e-09
23.2,11.6,0,3.75068,-0.000731331,-2.6263e-10
23.2,11.7,0,3.75044,-0.000656024,4.16624e-09
23.2,11.8,0,3.74705,-0.000595335,2.16334e-09
23.2,11.9,0,3.74366,-0.000519583,3.03013e-09
23.2,12,0,3.74026,-0.000440198,4.58891e-09
23.2,12.1,0,3.68304,-0.000375583,4.46497e-09
23.2,12.2,0,3.60274,-0.000309131,1.54766e-09
23.2,12.3,0,3.52242,-0.000232927,-3.84459e-09
23.2,12.4,0,3.10769,-0.000167231,-7.03656e-09
23.2,12.5,0,2.07188,-0.000119609,-5.92373e-09
23.2,12.6,0,1.03594,-5.98044e-05,-2.96187e-09
23.2,12.7,0,0,0,0
23.3,0,0,0,0,0
23.3,0.1,0,1.30986,-1.57376e-05,2.02995e-09
23.3,0.2,0,2.61967,-3.24893e-05,3.60005e-09
23.3,0.3,0,3.36217,-5.01185e-05,4.68514e-09
23.3,0.4,0,3.53735,-6.81382e-05,5.23006e-09
23.3,0.5,0,3.71253,-8.56323e-05,5.32361e-09
23.3,0.6,0,3.72563,-0.000104717,4.6311e-09
23.3,0.7,0,3.73873,-0.000122746,4.66795e-09
23.3,0.8,0,3.74561,-0.000141274,4.10031e-09
23.3,0.9,0,3.74629,-0.000160278,2.93572e-09
23.3,1,0,3.74696,-0.000178506,2.28733e-09
23.3,1.1,0,3.74699,-0.000198551,5.74434e-10
23.3,1.2,0,3.74702,-0.0002181,2.19604e-11
23.3,1.3,0,3.74703,-0.000238252,-1.04687e-09
23.3,1.4,0,3.74703,-0.000259137,-2.54429e-09
23.3,1.5,0,3.74703,-0.000280009,-3.03107e-09
23.3,1.6,0,3.74703,-0.000301904,-4.21383e-09
23.3,1.7,0,3.74703,-0.000324364,-4.81081e-09
23.3,1.8,0,3.74703,-0.000347185,-5.1302e-09
23.3,1.9,0,3.74703,-0.000370663,-5.36107e-09
23.3,2,0,3.74703,-0.000395266,-5.66519e-09
23.3,2.1,0,3.74703,-0.000419517,-4.9057e-09
23.3,2.2,0,3.74703,-0.000445749,-4.95915e-09
23.3,2.3,0,3.74703,-0.000471904,-4.37981e-09
23.3,2.4,0,3.74704,-0.000498453,-3.44744e-09
23.3,2.5,0,3.74704,-0.000527534,-3.76876e-09
23.3,2.6,0,3.74704,-0.000554377,-2.18493e-09
23.3,2.7,0,3.74704,-0.000584846,-2.18044e-09
23.3,2.8,0,3.74705,-0.00061464,-1.79415e-09
23.3,2.9,0,3.74705,-0.0006444,-1.10546e-09
23.3,3,0,3.74706,-0.000678235,-1.69211e-09
23.3,3.1,0,3.74706,-0.000707592,-1.12684e-09
23.3,3.2,0,3.74707,-0.000742292,-1.55685e-09
23.3,3.3,0,3.74708,-0.000775607,-1.88594e-09
23.3,3.4,0,3.74709,-0.000808324,-2.0483e-09
23.3,3.5,0,3.74709,-0.000846657,-2.72477e-09
23.3,3.6,0,3.74711,-0.00087809,-2.87945e-09
23.3,3.7,0,3.74712,-0.000916493,-3.30353e-09
23.3,3.8,0,3.74713,-0.000952741,-3.56118e-09
23.3,3.9,0,3.74715,-0.000987736,-3.64503e-09
23.3,4,0,3.74716,-0.00102973,-3.89411e-09
23.3,4.1,0,3.74718,-0.00106245,-3.94428e-09
23.3,4.2,0,3.7472,-0.00110352,-3.84286e-09
23.3,4.3,0,3.74722,-0.00114168,-3.59638e-09
23.3,4.4,0,3.74724,-0.00117788,-2.96187e-09
23.3,4.5,0,3.74726,-0.00122217,-1.61665e-09
23.3,4.6,0,3.74729,-0.00125504,-3.31617e-10
23.3,4.7,0,3.74731,-0.00129722,2.5847e-10
23.3,4.8,0,3.74734,-0.00133349,7.92784e-10
23.3,4.9,0,3.74736,-0.00136433,1.12704e-09
23.3,5,0,3.74739,-0.00140269,6.26749e-10
23.3,5.1,0,3.74743,-0.0014552,9.96146e-10
23.3,5.2,0,3.74747,-0.00149334,1.55076e-09
23.3,5.3,0,3.7475,-0.00153107,1.90059e-09
23.3,5.4,0,3.74754,-0.00156833,1.76577e-09
23.3,5.5,0,3.74758,-0.00160501,1.12244e-09
23.3,5.6,0,3.74762,-0.00164104,-1.30176e-10
23.3,5.7,0,3.74766,-0.00167633,-1.74464e-09
23.3,5.8,0,3.7477,-0.00171081,-2.72428e-09
23.3,5.9,0,3.74775,-0.00174439,-1.12424e-09
23.3,6,0,3.74782,-0.00179471,1.09674e-08
23.3,6.1,0,3.74785,-0.00181472,7.66236e-09
23.3,6.2,0,3.74789,-0.00183823,4.64084e-09
23.3,6.3,0,3.74794,-0.00186763,2.09621e-09
23.3,6.4,0,3.74798,-0.0018913,6.48122e-09
23.3,6.5,0,3.74803,-0.00191214,1.42451e-08
23.3,6.6,0,3.74809,-0.00194296,6.94158e-09
23.3,6.7,0,3.74815,-0.00196937,-1.86382e-09
23.3,6.8,0,3.7482,-0.00198547,-1.41735e-08
23.3,6.9,0,3.74826,-0.00200756,-1.04749e-08
23.3,7,0,3.74833,-0.00203254,1.00698e-09
23.3,7.1,0,3.74838,-0.00204437,1.10061e-08
23.3,7.2,0,3.74844,-0.0020578,1.24557e-08
23.3,7.3,0,3.74851,-0.00207607,-3.86237e-09
23.3,7.4,0,3.74857,-0.00208677,-1.16107e-08
23.3,7.5,0,3.74863,-0.00209243,-1.36459e-08
23.3,7.6,0,3.7487,-0.00210324,2.70003e-09
23.3,7.7,0,3.74877,-0.0021114,1.40598e-08
23.3,7.8,0,3.74882,-0.00211118,8.92267e-09
23.3,7.9,0,3.74889,-0.00211292,-4.91798e-10
23.3,8,0,3.74896,-0.00211586,-1.24962e-08
23.3,8.1,0,3.74902,-0.00211046,-1.38973e-09
23.3,8.2,0,3.74909,-0.00210439,9.98586e-09
23.3,8.3,0,3.74916,-0.002099,1.52354e-08
23.3,8.4,0,3.74923,-0.00208962,8.76865e-09
23.3,8.5,0,3.74928,-0.00207696,-7.28423e-09
23.3,8.6,0,3.74936,-0.00206309,-2.0706e-09
23.3,8.7,0,3.74943,-0.00204812,6.314e-09
23.3,8.8,0,3.74948,-0.00202916,2.02717e-08
23.3,8.9,0,3.74955,-0.00200806,1.77748e-08
23.3,9,0,3.74963,-0.00198537,3.00873e-09
23.3,9.1,0,3.74968,-0.00196053,-7.3039e-09
23.3,9.2,0,3.74974,-0.00193397,-1.00113e-08
23.3,9.3,0,3.74981,-0.0019028,1.10617e-08
23.3,9.4,0,3.74987,-0.00187156,2.25906e-08
23.3,9.5,0,3.74993,-0.00184025,2.45754e-08
23.3,9.6,0,3.74999,-0.00180175,6.89352e-09
23.3,9.7,0,3.75006,-0.00176258,-1.00737e-08
23.3,9.8,0,3.75011,-0.00172551,-6.75767e-09
23.3,9.9,0,3.75016,-0.00168306,1.71113e-09
23.3,10,0,3.75023,-0.00163569,1.48822e-08
23.3,10.1,0,3.75027,-0.00159224,1.17626e-08
23.3,10.2,0,3.75032,-0.00154765,5.03067e-09
23.3,10.3,0,3.75038,-0.00149293,5.0109e-10
23.3,10.4,0,3.75043,-0.00144153,1.38043e-09
23.3,10.5,0,3.75047,-0.00139418,8.87067e-09
23.3,10.6,0,3.75052,-0.00133528,5.20768e-09
23.3,10.7,0,3.75057,-0.00127487,-8.37071e-10
23.3,10.8,0,3.7506,-0.0012232,-6.70825e-09
23.3,10.9,0,3.75064,-0.00116419,-4.78607e-09
23.3,11,0,3.75068,-0.001097,5.82417e-09
23.3,11.1,0,3.75071,-0.00103867,9.88594e-09
23.3,11.2,0,3.75074,-0.000981224,1.02313e-08
23.3,11.3,0,3.75078,-0.000908978,-3.72168e-10
23.3,11.4,0,3.75077,-0.000842342,-5.94726e-09
23.3,11.5,0,3.75069,-0.00078412,-3.97974e-09
23.3,11.6,0,3.75062,-0.000712099,1.51675e-10
23.3,11.7,0,3.75038,-0.000636792,4.58054e-09
23.3,11.8,0,3.74699,-0.000576102,2.57765e-09
23.3,11.9,0,3.74359,-0.000507507,2.08083e-09
23.3,12,0,3.7402,-0.000428123,3.63961e-09
23.3,12.1,0,3.68298,-0.000363508,3.51566e-09
23.3,12.2,0,3.60269,-0.000303916,2.33926e-09
23.3,12.3,0,3.52237,-0.000227712,-3.05299e-09
23.3,12.4,0,3.10764,-0.000162016,-6.24496e-09
23.3,12.5,0,2.07184,-0.000115834,-5.35071e-09
23.3,12.6,0,1.03594,-5.98044e-05,-2.96187e-09
23.3,12.7,0,0,0,0
23.4,0,0,0,0,0
23.4,0.1,0,1.30986,-1.57376e-05,2.02995e-09
23.4,0.2,0,2.61969,-3.21205e-05,3.76727e-09
23.4,0.3,0,3.36219,-4.97497e-05,4.85235e-09
23.4,0.4,0,3.53737,-6.79797e-05,5.57783e-09
23.4,0.5,0,3.71255,-8.54738e-05,5.67138e-09
23.4,0.6,0,3.72565,-0.000104558,4.97887e-09
23.4,0.7,0,3.73875,-0.000122971,4.7505e-09
23.4,0.8,0,3.74563,-0.000141499,4.18285e-09
23.4,0.9,0,3.74631,-0.000160814,2.81179e-09
23.4,1,0,3.74698,-0.000179042,2.1634e-09
23.4,1.1,0,3.74701,-0.000199086,4.50503e-10
23.4,1.2,0,3.74704,-0.000218816,-5.23942e-10
23.4,1.3,0,3.74705,-0.000238968,-1.59278e-09
23.4,1.4,0,3.74705,-0.000259857,-3.49445e-09
23.4,1.5,0,3.74705,-0.000280729,-3.98123e-09
23.4,1.6,0,3.74705,-0.000302624,-5.16399e-09
23.4,1.7,0,3.74705,-0.000324879,-5.97398e-09
23.4,1.8,0,3.74705,-0.0003477,-6.29337e-09
23.4,1.9,0,3.74706,-0.000370728,-6.49493e-09
23.4,2,0,3.74705,-0.000395331,-6.79906e-09
23.4,2.1,0,3.74706,-0.000419582,-6.03957e-09
23.4,2.2,0,3.74706,-0.000445093,-5.7974e-09
23.4,2.3,0,3.74706,-0.000471248,-5.21806e-09
23.4,2.4,0,3.74706,-0.000496784,-3.78423e-09
23.4,2.5,0,3.74706,-0.000525865,-4.10554e-09
23.4,2.6,0,3.74707,-0.000552708,-2.52171e-09
23.4,2.7,0,3.74707,-0.000581859,-1.94292e-09
23.4,2.8,0,3.74708,-0.000611652,-1.55663e-09
23.4,2.9,0,3.74708,-0.000639782,-3.57809e-10
23.4,3,0,3.74709,-0.000673618,-9.44455e-10
23.4,3.1,0,3.74709,-0.000702975,-3.7918e-10
23.4,3.2,0,3.7471,-0.000735732,-4.47274e-10
23.4,3.3,0,3.74711,-0.000769046,-7.7636e-10
23.4,3.4,0,3.74712,-0.000799518,-7.3307e-10
23.4,3.5,0,3.74713,-0.000837851,-1.40954e-09
23.4,3.6,0,3.74714,-0.000869284,-1.56422e-09
23.4,3.7,0,3.74716,-0.000905152,-1.89034e-09
23.4,3.8,0,3.74717,-0.000941401,-2.14799e-09
23.4,3.9,0,3.74719,-0.000973594,-2.16575e-09
23.4,4,0,3.7472,-0.00101559,-2.41483e-09
23.4,4.1,0,3.74722,-0.00104831,-2.46499e-09
23.4,4.2,0,3.74724,-0.00108634,-2.4187e-09
23.4,4.3,0,3.74726,-0.0011245,-2.17221e-09
23.4,4.4,0,3.74728,-0.00115747,-1.82199e-09
23.4,4.5,0,3.7473,-0.00120175,-4.7677e-10
23.4,4.6,0,3.74732,-0.00123462,8.0826e-10
23.4,4.7,0,3.74735,-0.00127342,1.65105e-09
23.4,4.8,0,3.74738,-0.0013097,2.18537e-09
23.4,4.9,0,3.7474,-0.00133753,2.85344e-09
23.4,5,0,3.74743,-0.00137589,2.35315e-09
23.4,5.1,0,3.74747,-0.00142643,2.67942e-09
23.4,5.2,0,3.7475,-0.0014631,3.30971e-09
23.4,5.3,0,3.74754,-0.00149936,3.63914e-09
23.4,5.4,0,3.74757,-0.00153514,3.47763e-09
23.4,5.5,0,3.74761,-0.00157035,2.89305e-09
23.4,5.6,0,3.74765,-0.00160491,1.77868e-09
23.4,5.7,0,3.74769,-0.00163875,2.93988e-10
23.4,5.8,0,3.74773,-0.00167178,-7.75484e-10
23.4,5.9,0,3.74778,-0.00170394,7.32805e-11
23.4,6,0,3.74785,-0.00175213,9.33184e-09
23.4,6.1,0,3.74788,-0.00177214,6.0268e-09
23.4,6.2,0,3.74792,-0.00179215,2.72176e-09
23.4,6.3,0,3.74796,-0.00182145,1.69526e-10
23.4,6.4,0,3.74801,-0.00184513,4.55454e-09
23.4,6.5,0,3.74806,-0.00186573,1.26709e-08
23.4,6.6,0,3.74811,-0.00189287,1.09185e-08
23.4,6.7,0,3.74817,-0.00191928,2.11313e-09
23.4,6.8,0,3.74822,-0.00193539,-1.01965e-08
23.4,6.9,0,3.74828,-0.00195407,-1.56067e-08
23.4,7,0,3.74834,-0.00197905,-4.12482e-09
23.4,7.1,0,3.7484,-0.00199088,5.87429e-09
23.4,7.2,0,3.74845,-0.002002,1.57954e-08
23.4,7.3,0,3.74852,-0.00201984,1.05167e-09
23.4,7.4,0,3.74858,-0.00203055,-6.69668e-09
23.4,7.5,0,3.74864,-0.0020362,-8.73189e-09
23.4,7.6,0,3.7487,-0.00204499,3.80357e-10
23.4,7.7,0,3.74877,-0.00205315,1.17402e-08
23.4,7.8,0,3.74883,-0.00205292,6.603e-09
23.4,7.9,0,3.74889,-0.00205346,-1.82298e-10
23.4,8,0,3.74896,-0.0020564,-1.21867e-08
23.4,8.1,0,3.74902,-0.002051,-1.08023e-09
23.4,8.2,0,3.74908,-0.00204467,1.25941e-08
23.4,8.3,0,3.74915,-0.00203918,1.87704e-08
23.4,8.4,0,3.74922,-0.00202979,1.23036e-08
23.4,8.5,0,3.74927,-0.00201714,-3.74924e-09
23.4,8.6,0,3.74934,-0.00200377,-7.35825e-09
23.4,8.7,0,3.74941,-0.0019888,1.02635e-09
23.4,8.8,0,3.74947,-0.00196984,1.49841e-08
23.4,8.9,0,3.74953,-0.00195017,2.34842e-08
23.4,9,0,3.7496,-0.00192748,8.71818e-09
23.4,9.1,0,3.74966,-0.00190263,-1.59446e-09
23.4,9.2,0,3.74971,-0.0018774,-1.11212e-08
23.4,9.3,0,3.74978,-0.00184718,5.05581e-09
23.4,9.4,0,3.74985,-0.00181594,1.65847e-08
23.4,9.5,0,3.7499,-0.00178463,1.85695e-08
23.4,9.6,0,3.74996,-0.00174928,9.51395e-09
23.4,9.7,0,3.75002,-0.00171011,-7.45323e-09
23.4,9.8,0,3.75007,-0.00167304,-4.13724e-09
23.4,9.9,0,3.75012,-0.00163453,5.58463e-10
23.4,10,0,3.75019,-0.00158716,1.37295e-08
23.4,10.1,0,3.75023,-0.00154371,1.061e-08
23.4,10.2,0,3.75028,-0.00150124,3.41775e-09
23.4,10.3,0,3.75033,-0.00144909,-1.67099e-09
23.4,10.4,0,3.75038,-0.00139769,-7.91648e-10
23.4,10.5,0,3.75042,-0.00135034,6.69859e-09
23.4,10.6,0,3.75046,-0.00129681,8.22495e-09
23.4,10.7,0,3.75051,-0.00123641,2.1802e-09
23.4,10.8,0,3.75055,-0.00118473,-3.69097e-09
23.4,10.9,0,3.75058,-0.00113166,-8.07882e-09
23.4,11,0,3.75063,-0.00106447,2.53141e-09
23.4,11.1,0,3.75066,-0.00100614,6.59319e-09
23.4,11.2,0,3.75068,-0.000950769,8.47215e-09
23.4,11.3,0,3.75072,-0.00088291,1.11408e-09
23.4,11.4,0,3.7507,-0.000816273,-4.46101e-09
23.4,11.5,0,3.75063,-0.000758052,-2.49349e-09
23.4,11.6,0,3.75055,-0.000692867,5.65981e-10
23.4,11.7,0,3.75032,-0.00061756,4.99485e-09
23.4,11.8,0,3.74692,-0.00055687,2.99195e-09
23.4,11.9,0,3.74353,-0.000495432,1.13152e-09
23.4,12,0,3.74014,-0.000416048,2.6903e-09
23.4,12.1,0,3.68292,-0.000351432,2.56636e-09
23.4,12.2,0,3.60262,-0.000293146,1.72125e-09
23.4,12.3,0,3.52232,-0.000222497,-2.26139e-09
23.4,12.4,0,3.10758,-0.0001568,-5.45336e-09
23.4,12.5,0,2.07178,-0.000110618,-4.55911e-09
23.4,12.6,0,1.03594,-5.98044e-05,-2.96187e-09
23.4,12.7,0,0,0,0
23.5,0,0,0,0,0
23.5,0.1,0,1.30986,-1.57376e-05,2.02995e-09
23.5,0.2,0,2.61971,-3.17517e-05,3.93449e-09
23.5,0.3,0,3.3622,-4.93809e-05,5.01957e-09
23.5,0.4,0,3.53739,-6.76109e-05,5.74505e-09
23.5,0.5,0,3.71257,-8.53153e-05,6.01915e-09
23.5,0.6,0,3.72567,-0.0001044,5.32664e-09
23.5,0.7,0,3.73877,-0.000123196,4.83305e-09
23.5,0.8,0,3.74565,-0.000141724,4.2654e-09
23.5,0.9,0,3.74633,-0.000161039,2.89433e-09
23.5,1,0,3.747,-0.000179577,2.03947e-09
23.5,1.1,0,3.74703,-0.000199622,3.26571e-10
23.5,1.2,0,3.74706,-0.000219531,-1.06985e-09
23.5,1.3,0,3.74707,-0.000239683,-2.13868e-09
23.5,1.4,0,3.74707,-0.000260573,-4.04036e-09
23.5,1.5,0,3.74707,-0.00028145,-4.93139e-09
23.5,1.6,0,3.74707,-0.000303345,-6.11415e-09
23.5,1.7,0,3.74708,-0.000325394,-7.13715e-09
23.5,1.8,0,3.74708,-0.000348215,-7.45654e-09
23.5,1.9,0,3.74708,-0.000371243,-7.6581e-09
23.5,2,0,3.74708,-0.000395396,-7.93292e-09
23.5,2.1,0,3.74708,-0.000419646,-7.17343e-09
23.5,2.2,0,3.74708,-0.000444437,-6.63565e-09
23.5,2.3,0,3.74708,-0.000470592,-6.05631e-09
23.5,2.4,0,3.74709,-0.000496128,-4.62248e-09
23.5,2.5,0,3.74709,-0.000524196,-4.44232e-09
23.5,2.6,0,3.7471,-0.000551039,-2.8585e-09
23.5,2.7,0,3.7471,-0.000578871,-1.7054e-09
23.5,2.8,0,3.74711,-0.000608665,-1.31911e-09
23.5,2.9,0,3.74711,-0.000636795,-1.20287e-10
23.5,3,0,3.74712,-0.000669,-1.968e-10
23.5,3.1,0,3.74712,-0.000698357,3.68475e-10
23.5,3.2,0,3.74713,-0.000729171,6.62306e-10
23.5,3.3,0,3.74714,-0.000762486,3.3322e-10
23.5,3.4,0,3.74715,-0.000792958,3.7651e-10
23.5,3.5,0,3.74716,-0.000829044,-9.43143e-11
23.5,3.6,0,3.74718,-0.000860478,-2.48994e-10
23.5,3.7,0,3.74719,-0.000893811,-4.77147e-10
23.5,3.8,0,3.7472,-0.00093006,-7.34802e-10
23.5,3.9,0,3.74722,-0.000962254,-7.52557e-10
23.5,4,0,3.74723,-0.00100145,-9.35545e-10
23.5,4.1,0,3.74725,-0.00103416,-9.8571e-10
23.5,4.2,0,3.74727,-0.00106916,-9.94536e-10
23.5,4.3,0,3.74729,-0.00110732,-7.48051e-10
23.5,4.4,0,3.74731,-0.00114029,-3.97831e-10
23.5,4.5,0,3.74733,-0.00118134,6.63107e-10
23.5,4.6,0,3.74736,-0.00121421,1.94814e-09
23.5,4.7,0,3.74739,-0.00124962,3.04364e-09
23.5,4.8,0,3.74741,-0.0012859,3.57795e-09
23.5,4.9,0,3.74744,-0.00131373,4.24602e-09
23.5,5,0,3.74746,-0.00134908,4.07955e-09
23.5,5.1,0,3.74751,-0.00139766,4.3627e-09
23.5,5.2,0,3.74754,-0.00143286,5.06867e-09
23.5,5.3,0,3.74757,-0.00146764,5.37769e-09
23.5,5.4,0,3.74761,-0.00150194,5.18949e-09
23.5,5.5,0,3.74764,-0.00153568,4.66366e-09
23.5,5.6,0,3.74768,-0.00156878,3.68754e-09
23.5,5.7,0,3.74772,-0.00160116,2.33261e-09
23.5,5.8,0,3.74777,-0.00163276,1.17331e-09
23.5,5.9,0,3.74781,-0.0016635,1.2708e-09
23.5,6,0,3.74787,-0.00170955,7.69629e-09
23.5,6.1,0,3.74791,-0.00172956,4.39125e-09
23.5,6.2,0,3.74795,-0.00174957,1.08621e-09
23.5,6.3,0,3.74799,-0.00177528,-1.75715e-09
23.5,6.4,0,3.74804,-0.00179895,2.62786e-09
23.5,6.5,0,3.74808,-0.00181955,1.07442e-08
23.5,6.6,0,3.74814,-0.00184278,1.48955e-08
23.5,6.7,0,3.74819,-0.00186919,6.09008e-09
23.5,6.8,0,3.74825,-0.0018853,-6.21958e-09
23.5,6.9,0,3.7483,-0.0019014,-1.85293e-08
23.5,7,0,3.74836,-0.00192557,-9.25662e-09
23.5,7.1,0,3.74842,-0.00193739,7.4249e-10
23.5,7.2,0,3.74847,-0.00194852,1.06636e-08
23.5,7.3,0,3.74853,-0.00196362,5.9657e-09
23.5,7.4,0,3.74859,-0.00197432,-1.78265e-09
23.5,7.5,0,3.74865,-0.00197998,-3.81786e-09
23.5,7.6,0,3.74871,-0.00198674,-1.93931e-09
23.5,7.7,0,3.74877,-0.0019949,9.42049e-09
23.5,7.8,0,3.74883,-0.00199467,4.28333e-09
23.5,7.9,0,3.74889,-0.00199445,-8.53832e-10
23.5,8,0,3.74896,-0.00199693,-1.18772e-08
23.5,8.1,0,3.74902,-0.00199153,-7.70725e-10
23.5,8.2,0,3.74908,-0.0019852,1.29036e-08
23.5,8.3,0,3.74914,-0.00197935,2.23054e-08
23.5,8.4,0,3.74921,-0.00196997,1.58386e-08
23.5,8.5,0,3.74927,-0.00195731,-2.14254e-10
23.5,8.6,0,3.74933,-0.00194445,-1.26459e-08
23.5,8.7,0,3.7494,-0.00192948,-4.26131e-09
23.5,8.8,0,3.74945,-0.00191052,9.6964e-09
23.5,8.9,0,3.74951,-0.00189155,2.36541e-08
23.5,9,0,3.74958,-0.00186958,1.44276e-08
23.5,9.1,0,3.74964,-0.00184474,4.11499e-09
23.5,9.2,0,3.74969,-0.00181951,-5.41175e-09
23.5,9.3,0,3.74975,-0.00179156,-9.50053e-10
23.5,9.4,0,3.74982,-0.00176032,1.05788e-08
23.5,9.5,0,3.74987,-0.00172901,1.25636e-08
23.5,9.6,0,3.74992,-0.00169681,1.21344e-08
23.5,9.7,0,3.74999,-0.00165764,-4.8328e-09
23.5,9.8,0,3.75004,-0.00162057,-1.51681e-09
23.5,9.9,0,3.75008,-0.0015835,1.79918e-09
23.5,10,0,3.75014,-0.00153864,1.25769e-08
23.5,10.1,0,3.75019,-0.00149518,9.45731e-09
23.5,10.2,0,3.75023,-0.00145271,2.26508e-09
23.5,10.3,0,3.75028,-0.00140525,-3.84306e-09
23.5,10.4,0,3.75033,-0.00135385,-2.96373e-09
23.5,10.5,0,3.75037,-0.0013065,4.52651e-09
23.5,10.6,0,3.75041,-0.00125835,1.12422e-08
23.5,10.7,0,3.75046,-0.00119794,5.19747e-09
23.5,10.8,0,3.7505,-0.00114626,-6.73701e-10
23.5,10.9,0,3.75053,-0.00109459,-6.54488e-09
23.5,11,0,3.75057,-0.00103194,-7.61339e-10
23.5,11.1,0,3.7506,-0.000973615,3.30044e-09
23.5,11.2,0,3.75063,-0.000918241,5.1794e-09
23.5,11.3,0,3.75066,-0.000856842,2.60033e-09
23.5,11.4,0,3.75064,-0.000790205,-2.97476e-09
23.5,11.5,0,3.75057,-0.000731983,-1.00724e-09
23.5,11.6,0,3.75049,-0.000673634,9.80287e-10
23.5,11.7,0,3.75025,-0.000598327,5.40915e-09
23.5,11.8,0,3.74686,-0.000537637,3.40626e-09
23.5,11.9,0,3.74347,-0.000476948,1.40336e-09
23.5,12,0,3.74007,-0.000403973,1.74099e-09
23.5,12.1,0,3.68285,-0.000339357,1.61705e-09
23.5,12.2,0,3.60256,-0.000281071,7.71943e-10
23.5,12.3,0,3.52226,-0.000217281,-1.46979e-09
23.5,12.4,0,3.10753,-0.000151585,-4.66176e-09
23.5,12.5,0,2.07173,-0.000105403,-3.76751e-09
23.5,12.6,0,1.03593,-5.92206e-05,-2.87325e-09
23.5,12.7,0,0,0,0
23.6,0,0,0,0,0
23.6,0.1,0,1.30986,-1.57376e-05,2.02995e-09
23.6,0.2,0,2.61972,-3.14751e-05,4.0599e-09
23.6,0.3,0,3.36222,-4.90121e-05,5.18679e-09
23.6,0.4,0,3.5374,-6.72421e-05,5.91227e-09
23.6,0.5,0,3.71259,-8.51567e-05,6.36692e-09
23.6,0.6,0,3.72569,-0.000104241,5.67441e-09
23.6,0.7,0,3.73878,-0.000123325,4.9819e-09
23.6,0.8,0,3.74567,-0.000141949,4.34795e-09
23.6,0.9,0,3.74635,-0.000161264,2.97688e-09
23.6,1,0,3.74702,-0.000180113,1.91553e-09
23.6,1.1,0,3.74705,-0.000200157,2.0264e-10
23.6,1.2,0,3.74708,-0.000220201,-1.51026e-09
23.6,1.3,0,3.74709,-0.000240398,-2.68458e-09
23.6,1.4,0,3.74709,-0.000261288,-4.58626e-09
23.6,1.5,0,3.74709,-0.00028217,-5.88155e-09
23.6,1.6,0,3.74709,-0.000304065,-7.06431e-09
23.6,1.7,0,3.7471,-0.00032596,-8.24707e-09
23.6,1.8,0,3.7471,-0.00034873,-8.61971e-09
23.6,1.9,0,3.7471,-0.000371757,-8.82127e-09
23.6,2,0,3.7471,-0.00039546,-9.06679e-09
23.6,2.1,0,3.7471,-0.000419711,-8.3073e-09
23.6,2.2,0,3.74711,-0.000443961,-7.54781e-09
23.6,2.3,0,3.74711,-0.000469936,-6.89457e-09
23.6,2.4,0,3.74711,-0.000495472,-5.46073e-09
23.6,2.5,0,3.74712,-0.000522527,-4.7791e-09
23.6,2.6,0,3.74712,-0.000549371,-3.19528e-09
23.6,2.7,0,3.74713,-0.000576214,-1.61145e-09
23.6,2.8,0,3.74714,-0.000605678,-1.08159e-09
23.6,2.9,0,3.74714,-0.000633808,1.17235e-10
23.6,3,0,3.74715,-0.000664383,5.50855e-10
23.6,3.1,0,3.74716,-0.00069374,1.11613e-09
23.6,3.2,0,3.74716,-0.000723097,1.6814e-09
23.6,3.3,0,3.74717,-0.000755926,1.4428e-09
23.6,3.4,0,3.74718,-0.000786398,1.48609e-09
23.6,3.5,0,3.74719,-0.000820238,1.22091e-09
23.6,3.6,0,3.74721,-0.000851671,1.06623e-09
23.6,3.7,0,3.74722,-0.000883104,9.11551e-10
23.6,3.8,0,3.74724,-0.000918719,6.78388e-10
23.6,3.9,0,3.74725,-0.000950913,6.60633e-10
23.6,4,0,3.74727,-0.000987309,5.43738e-10
23.6,4.1,0,3.74729,-0.00102002,4.93573e-10
23.6,4.2,0,3.74731,-0.00105274,4.43408e-10
23.6,4.3,0,3.74733,-0.00109014,6.76114e-10
23.6,4.4,0,3.74735,-0.00112311,1.02633e-09
23.6,4.5,0,3.74737,-0.00116093,1.80298e-09
23.6,4.6,0,3.7474,-0.0011938,3.08801e-09
23.6,4.7,0,3.74742,-0.00122667,4.37304e-09
23.6,4.8,0,3.74745,-0.0012621,4.97053e-09
23.6,4.9,0,3.74747,-0.00128993,5.6386e-09
23.6,5,0,3.7475,-0.00132228,5.80595e-09
23.6,5.1,0,3.74754,-0.00136889,6.04598e-09
23.6,5.2,0,3.74757,-0.00140262,6.82763e-09
23.6,5.3,0,3.74761,-0.00143593,7.11625e-09
23.6,5.4,0,3.74764,-0.00146875,6.90135e-09
23.6,5.5,0,3.74768,-0.00150102,6.43427e-09
23.6,5.6,0,3.74772,-0.00153265,5.59639e-09
23.6,5.7,0,3.74776,-0.00156357,4.37124e-09
23.6,5.8,0,3.7478,-0.00159373,3.12211e-09
23.6,5.9,0,3.74784,-0.00162305,2.46833e-09
23.6,6,0,3.7479,-0.00166696,6.06074e-09
23.6,6.1,0,3.74794,-0.00168698,2.7557e-09
23.6,6.2,0,3.74798,-0.00170699,-5.49342e-10
23.6,6.3,0,3.74801,-0.0017291,-3.68383e-09
23.6,6.4,0,3.74806,-0.00175278,7.01184e-10
23.6,6.5,0,3.74811,-0.00177338,8.81755e-09
23.6,6.6,0,3.74816,-0.00179398,1.69339e-08
23.6,6.7,0,3.74821,-0.0018191,1.0067e-08
23.6,6.8,0,3.74827,-0.00183521,-2.24263e-09
23.6,6.9,0,3.74832,-0.00185131,-1.45523e-08
23.6,7,0,3.74838,-0.00187208,-1.43884e-08
23.6,7.1,0,3.74843,-0.0018839,-4.38931e-09
23.6,7.2,0,3.74849,-0.00189503,5.53176e-09
23.6,7.3,0,3.74854,-0.0019074,1.08797e-08
23.6,7.4,0,3.7486,-0.0019181,3.13139e-09
23.6,7.5,0,3.74866,-0.00192376,1.09617e-09
23.6,7.6,0,3.74871,-0.00192941,-9.3904e-10
23.6,7.7,0,3.74878,-0.00193665,7.10082e-09
23.6,7.8,0,3.74884,-0.00193642,1.96366e-09
23.6,7.9,0,3.74889,-0.00193619,-3.1735e-09
23.6,8,0,3.74896,-0.00193747,-1.15677e-08
23.6,8.1,0,3.74902,-0.00193207,-4.61225e-10
23.6,8.2,0,3.74908,-0.00192574,1.32131e-08
23.6,8.3,0,3.74913,-0.00191953,2.58404e-08
23.6,8.4,0,3.7492,-0.00191014,1.93736e-08
23.6,8.5,0,3.74926,-0.00189749,3.32073e-09
23.6,8.6,0,3.74931,-0.00188484,-1.27321e-08
23.6,8.7,0,3.74938,-0.00187016,-9.54896e-09
23.6,8.8,0,3.74944,-0.0018512,4.40875e-09
23.6,8.9,0,3.7495,-0.00183223,1.83665e-08
23.6,9,0,3.74956,-0.00181169,2.01371e-08
23.6,9.1,0,3.74962,-0.00178684,9.82444e-09
23.6,9.2,0,3.74967,-0.00176161,2.977e-10
23.6,9.3,0,3.74973,-0.00173594,-6.95592e-09
23.6,9.4,0,3.74979,-0.0017047,4.57297e-09
23.6,9.5,0,3.74984,-0.00167338,6.55778e-09
23.6,9.6,0,3.74989,-0.00164207,8.54259e-09
23.6,9.7,0,3.74995,-0.00160517,-2.21237e-09
23.6,9.8,0,3.75,-0.0015681,1.10362e-09
23.6,9.9,0,3.75005,-0.00153103,4.41961e-09
23.6,10,0,3.7501,-0.00149011,1.14242e-08
23.6,10.1,0,3.75015,-0.00144666,8.30465e-09
23.6,10.2,0,3.75019,-0.00140418,1.11242e-09
23.6,10.3,0,3.75024,-0.00136141,-6.01514e-09
23.6,10.4,0,3.75029,-0.00131001,-5.1358e-09
23.6,10.5,0,3.75032,-0.00126266,2.35444e-09
23.6,10.6,0,3.75036,-0.00121531,9.84467e-09
23.6,10.7,0,3.75041,-0.00115947,8.21475e-09
23.6,10.8,0,3.75044,-0.00110779,2.34357e-09
23.6,10.9,0,3.75048,-0.00105612,-3.5276e-09
23.6,11,0,3.75051,-0.000999416,-4.05409e-09
23.6,11.1,0,3.75054,-0.000941088,7.686e-12
23.6,11.2,0,3.75057,-0.000885714,1.88664e-09
23.6,11.3,0,3.7506,-0.00083034,3.7656e-09
23.6,11.4,0,3.75058,-0.000764137,-1.48851e-09
23.6,11.5,0,3.75051,-0.000705915,4.79012e-10
23.6,11.6,0,3.75043,-0.000647694,2.44654e-09
23.6,11.7,0,3.75019,-0.000579095,5.82346e-09
23.6,11.8,0,3.7468,-0.000518405,3.82056e-09
23.6,11.9,0,3.7434,-0.000457715,1.81767e-09
23.6,12,0,3.74001,-0.000391898,7.91688e-10
23.6,12.1,0,3.68279,-0.000327282,6.67745e-10
23.6,12.2,0,3.6025,-0.000268996,-1.77363e-10
23.6,12.3,0,3.52221,-0.000210709,-1.02247e-09
23.6,12.4,0,3.10747,-0.00014637,-3.87016e-09
23.6,12.5,0,2.07168,-0.000100187,-2.97591e-09
23.6,12.6,0,1.03588,-5.40053e-05,-2.08165e-09
23.6,12.7,0,0,0,0
23.7,0,0,0,0,0
23.7,0.1,0,1.30986,-1.57376e-05,2.02995e-09
23.7,0.2,0,2.61972,-3.14751e-05,4.0599e-09
23.7,0.3,0,3.36224,-4.86433e-05,5.354e-09
23.7,0.4,0,3.53742,-6.68733e-05,6.07949e-09
23.7,0.5,0,3.71261,-8.49982e-05,6.71469e-09
23.7,0.6,0,3.7257,-0.000104083,6.02218e-09
23.7,0.7,0,3.7388,-0.000123167,5.32967e-09
23.7,0.8,0,3.74569,-0.000142174,4.43049e-09
23.7,0.9,0,3.74636,-0.000161489,3.05943e-09
23.7,1,0,3.74704,-0.000180648,1.7916e-09
23.7,1.1,0,3.74707,-0.000200692,7.87082e-11
23.7,1.2,0,3.74709,-0.000220737,-1.63419e-09
23.7,1.3,0,3.74711,-0.000241114,-3.23049e-09
23.7,1.4,0,3.74711,-0.000262004,-5.13216e-09
23.7,1.5,0,3.74711,-0.000282891,-6.83171e-09
23.7,1.6,0,3.74712,-0.000304786,-8.01447e-09
23.7,1.7,0,3.74712,-0.000326681,-9.19723e-09
23.7,1.8,0,3.74712,-0.000349245,-9.78288e-09
23.7,1.9,0,3.74712,-0.000372272,-9.98444e-09
23.7,2,0,3.74713,-0.000395525,-1.02007e-08
23.7,2.1,0,3.74713,-0.000419775,-9.44116e-09
23.7,2.2,0,3.74713,-0.000444026,-8.68167e-09
23.7,2.3,0,3.74713,-0.00046928,-7.73282e-09
23.7,2.4,0,3.74714,-0.000494816,-6.29898e-09
23.7,2.5,0,3.74714,-0.000520859,-5.11588e-09
23.7,2.6,0,3.74715,-0.000547702,-3.53206e-09
23.7,2.7,0,3.74716,-0.000574545,-1.94823e-09
23.7,2.8,0,3.74716,-0.000602691,-8.44063e-10
23.7,2.9,0,3.74717,-0.000630821,3.54757e-10
23.7,3,0,3.74718,-0.000659766,1.29851e-09
23.7,3.1,0,3.74719,-0.000689123,1.86378e-09
23.7,3.2,0,3.74719,-0.00071848,2.42906e-09
23.7,3.3,0,3.7472,-0.000749366,2.55238e-09
23.7,3.4,0,3.74721,-0.000779837,2.59567e-09
23.7,3.5,0,3.74723,-0.000811432,2.53614e-09
23.7,3.6,0,3.74724,-0.000842865,2.38146e-09
23.7,3.7,0,3.74726,-0.000874298,2.22678e-09
23.7,3.8,0,3.74727,-0.000907379,2.09158e-09
23.7,3.9,0,3.74729,-0.000939572,2.07382e-09
23.7,4,0,3.7473,-0.000973167,2.02302e-09
23.7,4.1,0,3.74732,-0.00100588,1.97286e-09
23.7,4.2,0,3.74734,-0.00103859,1.92269e-09
23.7,4.3,0,3.74736,-0.00107296,2.10028e-09
23.7,4.4,0,3.74739,-0.00110593,2.4505e-09
23.7,4.5,0,3.74741,-0.00114052,2.94286e-09
23.7,4.6,0,3.74743,-0.00117339,4.22789e-09
23.7,4.7,0,3.74746,-0.00120626,5.51292e-09
23.7,4.8,0,3.74748,-0.0012383,6.36312e-09
23.7,4.9,0,3.74751,-0.00126614,7.03119e-09
23.7,5,0,3.74753,-0.00129547,7.53235e-09
23.7,5.1,0,3.74758,-0.00134012,7.72926e-09
23.7,5.2,0,3.74761,-0.00137238,8.58658e-09
23.7,5.3,0,3.74764,-0.00140421,8.8548e-09
23.7,5.4,0,3.74768,-0.00143556,8.61321e-09
23.7,5.5,0,3.74771,-0.00146635,8.20488e-09
23.7,5.6,0,3.74775,-0.00149651,7.50525e-09
23.7,5.7,0,3.74779,-0.00152598,6.40986e-09
23.7,5.8,0,3.74783,-0.0015547,5.0709e-09
23.7,5.9,0,3.74787,-0.00158261,3.66585e-09
23.7,6,0,3.74793,-0.00162438,4.42519e-09
23.7,6.1,0,3.74797,-0.00164439,1.12015e-09
23.7,6.2,0,3.748,-0.0016644,-2.18489e-09
23.7,6.3,0,3.74804,-0.00168442,-5.48993e-09
23.7,6.4,0,3.74809,-0.00170661,-1.2255e-09
23.7,6.5,0,3.74813,-0.0017272,6.89087e-09
23.7,6.6,0,3.74818,-0.0017478,1.50072e-08
23.7,6.7,0,3.74824,-0.00176901,1.4044e-08
23.7,6.8,0,3.74829,-0.00178512,1.73431e-09
23.7,6.9,0,3.74834,-0.00180122,-1.05754e-08
23.7,7,0,3.74839,-0.00181859,-1.95202e-08
23.7,7.1,0,3.74845,-0.00183041,-9.52111e-09
23.7,7.2,0,3.7485,-0.00184154,3.99961e-10
23.7,7.3,0,3.74856,-0.00185266,1.0321e-08
23.7,7.4,0,3.74861,-0.00186188,8.04542e-09
23.7,7.5,0,3.74867,-0.00186753,6.01021e-09
23.7,7.6,0,3.74872,-0.00187319,3.97499e-09
23.7,7.7,0,3.74878,-0.00187839,4.78115e-09
23.7,7.8,0,3.74884,-0.00187817,-3.56015e-10
23.7,7.9,0,3.7489,-0.00187794,-5.49318e-09
23.7,8,0,3.74896,-0.001878,-1.12582e-08
23.7,8.1,0,3.74902,-0.0018726,-1.51725e-10
23.7,8.2,0,3.74907,-0.00186627,1.35226e-08
23.7,8.3,0,3.74913,-0.00185995,2.7197e-08
23.7,8.4,0,3.74919,-0.00185032,2.29086e-08
23.7,8.5,0,3.74925,-0.00183766,6.85572e-09
23.7,8.6,0,3.74931,-0.00182501,-9.19716e-09
23.7,8.7,0,3.74937,-0.00181084,-1.48366e-08
23.7,8.8,0,3.74942,-0.00179188,-8.78903e-10
23.7,8.9,0,3.74948,-0.00177291,1.30788e-08
23.7,9,0,3.74954,-0.00175379,2.58465e-08
23.7,9.1,0,3.74959,-0.00172895,1.55339e-08
23.7,9.2,0,3.74965,-0.00170372,6.00715e-09
23.7,9.3,0,3.7497,-0.00167849,-3.51959e-09
23.7,9.4,0,3.74976,-0.00164908,-1.4329e-09
23.7,9.5,0,3.74981,-0.00161776,5.5191e-10
23.7,9.6,0,3.74986,-0.00158645,2.53672e-09
23.7,9.7,0,3.74992,-0.0015527,4.08059e-10
23.7,9.8,0,3.74996,-0.00151563,3.72405e-09
23.7,9.9,0,3.75001,-0.00147856,7.04004e-09
23.7,10,0,3.75006,-0.0014415,1.0356e-08
23.7,10.1,0,3.75011,-0.00139813,7.15199e-09
23.7,10.2,0,3.75015,-0.00135565,-4.02414e-11
23.7,10.3,0,3.75019,-0.00131318,-7.23247e-09
23.7,10.4,0,3.75024,-0.00126617,-7.30788e-09
23.7,10.5,0,3.75028,-0.00121882,1.82359e-10
23.7,10.6,0,3.75032,-0.00117147,7.6726e-09
23.7,10.7,0,3.75036,-0.001121,1.1232e-08
23.7,10.8,0,3.75039,-0.00106932,5.36084e-09
23.7,10.9,0,3.75042,-0.00101765,-5.1033e-10
23.7,11,0,3.75046,-0.000965979,-6.38151e-09
23.7,11.1,0,3.75049,-0.00090856,-3.28507e-09
23.7,11.2,0,3.75051,-0.000853186,-1.40611e-09
23.7,11.3,0,3.75054,-0.000797812,4.72851e-10
23.7,11.4,0,3.75052,-0.000738069,-2.26455e-12
23.7,11.5,0,3.75045,-0.000679847,1.96526e-09
23.7,11.6,0,3.75037,-0.000621625,3.93279e-09
23.7,11.7,0,3.75013,-0.000559862,6.23776e-09
23.7,11.8,0,3.74673,-0.000499173,4.23487e-09
23.7,11.9,0,3.74334,-0.000438483,2.23197e-09
23.7,12,0,3.73995,-0.000377793,2.29078e-10
23.7,12.1,0,3.68273,-0.000315207,-2.8156e-10
23.7,12.2,0,3.60244,-0.000256921,-1.12667e-09
23.7,12.3,0,3.52214,-0.000198634,-1.97178e-09
23.7,12.4,0,3.10742,-0.000141154,-3.07856e-09
23.7,12.5,0,2.07162,-9.49722e-05,-2.18431e-09
23.7,12.6,0,1.03582,-4.87899e-05,-1.29005e-09
23.7,12.7,0,0,0,0
23.8,0,0,0,0,0
23.8,0.1,0,1.30987,-1.53728e-05,1.532e-09
23.8,0.2,0,2.61973,-3.11103e-05,3.56195e-09
23.8,0.3,0,3.36226,-4.78346e-05,4.91625e-09
23.8,0.4,0,3.53744,-6.60647e-05,5.64173e-09
23.8,0.5,0,3.71263,-8.42947e-05,6.36721e-09
23.8,0.6,0,3.72572,-0.000103144,5.78764e-09
23.8,0.7,0,3.73882,-0.000122229,5.09513e-09
23.8,0.8,0,3.74571,-0.000141173,4.32703e-09
23.8,0.9,0,3.74638,-0.000160487,2.95597e-09
23.8,1,0,3.74706,-0.000179802,1.5849e-09
23.8,1.1,0,3.74709,-0.000199543,1.65057e-10
23.8,1.2,0,3.74711,-0.000219588,-1.54784e-09
23.8,1.3,0,3.74713,-0.000239695,-3.0426e-09
23.8,1.4,0,3.74713,-0.000260585,-4.94427e-09
23.8,1.5,0,3.74713,-0.000281475,-6.84595e-09
23.8,1.6,0,3.74714,-0.000302945,-7.80388e-09
23.8,1.7,0,3.74714,-0.00032484,-8.98664e-09
23.8,1.8,0,3.74714,-0.000346803,-9.60277e-09
23.8,1.9,0,3.74715,-0.00036983,-9.80433e-09
23.8,2,0,3.74715,-0.000392857,-1.00059e-08
23.8,2.1,0,3.74715,-0.00041653,-9.31479e-09
23.8,2.2,0,3.74716,-0.000440781,-8.5553e-09
23.8,2.3,0,3.74716,-0.000465011,-7.63014e-09
23.8,2.4,0,3.74717,-0.000490548,-6.1963e-09
23.8,2.5,0,3.74717,-0.000516084,-4.76247e-09
23.8,2.6,0,3.74718,-0.000542176,-3.38668e-09
23.8,2.7,0,3.74718,-0.000569019,-1.80286e-09
23.8,2.8,0,3.74719,-0.000595666,-5.89462e-10
23.8,2.9,0,3.7472,-0.000623796,6.09358e-10
23.8,3,0,3.74721,-0.000651926,1.80818e-09
23.8,3.1,0,3.74721,-0.000680356,2.26174e-09
23.8,3.2,0,3.74722,-0.000709713,2.82701e-09
23.8,3.3,0,3.74723,-0.000738616,3.08516e-09
23.8,3.4,0,3.74725,-0.000769087,3.12845e-09
23.8,3.5,0,3.74726,-0.000799559,3.17174e-09
23.8,3.6,0,3.74727,-0.000829903,3.00457e-09
23.8,3.7,0,3.74729,-0.000861336,2.84989e-09
23.8,3.8,0,3.7473,-0.000891993,2.74439e-09
23.8,3.9,0,3.74732,-0.000924186,2.72663e-09
23.8,4,0,3.74734,-0.00095638,2.70888e-09
23.8,4.1,0,3.74736,-0.00098788,2.62719e-09
23.8,4.2,0,3.74738,-0.00102059,2.57703e-09
23.8,4.3,0,3.7474,-0.00105218,2.54333e-09
23.8,4.4,0,3.74742,-0.00108515,2.89355e-09
23.8,4.5,0,3.74744,-0.00111812,3.24377e-09
23.8,4.6,0,3.74746,-0.00114971,4.38067e-09
23.8,4.7,0,3.74749,-0.00118258,5.6657e-09
23.8,4.8,0,3.74751,-0.00121182,6.75692e-09
23.8,4.9,0,3.74754,-0.00123965,7.42499e-09
23.8,5,0,3.74756,-0.00126749,8.09306e-09
23.8,5.1,0,3.74761,-0.00131042,8.38173e-09
23.8,5.2,0,3.74764,-0.0013414,9.29596e-09
23.8,5.3,0,3.74768,-0.00137196,9.55794e-09
23.8,5.4,0,3.74771,-0.00140203,9.32941e-09
23.8,5.5,0,3.74774,-0.00143155,9.01037e-09
23.8,5.6,0,3.74778,-0.00146045,8.48226e-09
23.8,5.7,0,3.74782,-0.00148868,7.57591e-09
23.8,5.8,0,3.74786,-0.00151616,6.27209e-09
23.8,5.9,0,3.7479,-0.00154286,4.40066e-09
23.8,6,0,3.74796,-0.00158282,2.87827e-09
23.8,6.1,0,3.74799,-0.00160162,2.85294e-10
23.8,6.2,0,3.74803,-0.00162164,-3.01975e-09
23.8,6.3,0,3.74806,-0.00164165,-6.32479e-09
23.8,6.4,0,3.74811,-0.00166074,-2.74164e-09
23.8,6.5,0,3.74816,-0.00168134,5.37473e-09
23.8,6.6,0,3.7482,-0.00170194,1.34911e-08
23.8,6.7,0,3.74825,-0.00172009,1.62034e-08
23.8,6.8,0,3.7483,-0.0017362,3.89373e-09
23.8,6.9,0,3.74836,-0.00175231,-8.41594e-09
23.8,7,0,3.74841,-0.00176841,-2.07256e-08
23.8,7.1,0,3.74846,-0.00177896,-1.15337e-08
23.8,7.2,0,3.74851,-0.00179008,-1.6126e-09
23.8,7.3,0,3.74857,-0.00180121,8.30847e-09
23.8,7.4,0,3.74862,-0.00180849,9.44067e-09
23.8,7.5,0,3.74867,-0.00181415,7.40546e-09
23.8,7.6,0,3.74873,-0.00181981,5.37024e-09
23.8,7.7,0,3.74878,-0.00182375,4.83569e-09
23.8,7.8,0,3.74884,-0.00182352,-3.01468e-10
23.8,7.9,0,3.7489,-0.0018233,-5.43863e-09
23.8,8,0,3.74896,-0.00182307,-1.05758e-08
23.8,8.1,0,3.74901,-0.00181742,-1.65578e-09
23.8,8.2,0,3.74907,-0.00181109,1.20186e-08
23.8,8.3,0,3.74912,-0.00180477,2.56929e-08
23.8,8.4,0,3.74918,-0.00179537,2.51518e-08
23.8,8.5,0,3.74924,-0.00178272,9.09891e-09
23.8,8.6,0,3.74929,-0.00177007,-6.95397e-09
23.8,8.7,0,3.74935,-0.00175691,-1.80266e-08
23.8,8.8,0,3.7494,-0.00173794,-4.0689e-09
23.8,8.9,0,3.74946,-0.00171897,9.88881e-09
23.8,9,0,3.74952,-0.00170001,2.38465e-08
23.8,9.1,0,3.74957,-0.00167681,1.75924e-08
23.8,9.2,0,3.74962,-0.00165158,8.06571e-09
23.8,9.3,0,3.74968,-0.00162635,-1.46103e-09
23.8,9.4,0,3.74973,-0.00159949,-3.61833e-09
23.8,9.5,0,3.74978,-0.00156818,-1.63352e-09
23.8,9.6,0,3.74983,-0.00153686,3.51287e-10
23.8,9.7,0,3.74988,-0.00150603,9.2675e-10
23.8,9.8,0,3.74993,-0.00146934,3.79834e-09
23.8,9.9,0,3.74998,-0.00143227,7.11433e-09
23.8,10,0,3.75002,-0.0013952,1.04303e-08
23.8,10.1,0,3.75007,-0.00135582,7.49493e-09
23.8,10.2,0,3.75011,-0.00131334,3.02701e-10
23.8,10.3,0,3.75015,-0.00127087,-6.88953e-09
23.8,10.4,0,3.75019,-0.00122846,-8.84905e-09
23.8,10.5,0,3.75023,-0.00118111,-1.35881e-09
23.8,10.6,0,3.75027,-0.00113376,6.13142e-09
23.8,10.7,0,3.75031,-0.00108728,1.26278e-08
23.8,10.8,0,3.75034,-0.00103679,7.0695e-09
23.8,10.9,0,3.75037,-0.000985117,1.19832e-09
23.8,11,0,3.75041,-0.000933444,-4.67285e-09
23.8,11.1,0,3.75043,-0.000881669,-4.4923e-09
23.8,11.2,0,3.75046,-0.000826295,-2.61334e-09
23.8,11.3,0,3.75048,-0.000770921,-7.34382e-10
23.8,11.4,0,3.75047,-0.000717216,4.49663e-10
23.8,11.5,0,3.75039,-0.000658994,2.41719e-09
23.8,11.6,0,3.75031,-0.000600772,4.38472e-09
23.8,11.7,0,3.75007,-0.000543191,6.27544e-09
23.8,11.8,0,3.74667,-0.00048466,4.61684e-09
23.8,11.9,0,3.74328,-0.00042397,2.61395e-09
23.8,12,0,3.73989,-0.00036328,6.11051e-10
23.8,12.1,0,3.68267,-0.000307043,-3.32392e-10
23.8,12.2,0,3.60238,-0.000248756,-1.1775e-09
23.8,12.3,0,3.52209,-0.00019047,-2.02261e-09
23.8,12.4,0,3.10739,-0.000138547,-2.68276e-09
23.8,12.5,0,2.0716,-9.23645e-05,-1.78851e-09
23.8,12.6,0,1.0358,-4.61822e-05,-8.94254e-10
23.8,12.7,0,0,0,0
23.9,0,0,0,0,0
23.9,0.1,0,1.30989,-1.46432e-05,5.36106e-10
23.9,0.2,0,2.61975,-3.03807e-05,2.56605e-09
23.9,0.3,0,3.36227,-4.65861e-05,3.87351e-09
23.9,0.4,0,3.53746,-6.48161e-05,4.59899e-09
23.9,0.5,0,3.71264,-8.30461e-05,5.32447e-09
23.9,0.6,0,3.72574,-0.000101426,4.97079e-09
23.9,0.7,0,3.73884,-0.000120511,4.27828e-09
23.9,0.8,0,3.74573,-0.000138945,4.03756e-09
23.9,0.9,0,3.74641,-0.00015826,2.66649e-09
23.9,1,0,3.74708,-0.000177574,1.29543e-09
23.9,1.1,0,3.74711,-0.00019671,4.61687e-10
23.9,1.2,0,3.74714,-0.000216755,-1.25121e-09
23.9,1.3,0,3.74715,-0.000236143,-2.12091e-09
23.9,1.4,0,3.74715,-0.000257033,-4.02259e-09
23.9,1.5,0,3.74716,-0.000277922,-5.92426e-09
23.9,1.6,0,3.74716,-0.000298542,-6.43255e-09
23.9,1.7,0,3.74716,-0.000320437,-7.61531e-09
23.9,1.8,0,3.74717,-0.000341403,-8.07937e-09
23.9,1.9,0,3.74717,-0.000364431,-8.28093e-09
23.9,2,0,3.74717,-0.000387458,-8.48249e-09
23.9,2.1,0,3.74718,-0.000409975,-7.92816e-09
23.9,2.2,0,3.74718,-0.000434225,-7.16867e-09
23.9,2.3,0,3.74719,-0.000457131,-6.58652e-09
23.9,2.4,0,3.74719,-0.000482667,-5.15268e-09
23.9,2.5,0,3.7472,-0.000508203,-3.71885e-09
23.9,2.6,0,3.7472,-0.000532794,-2.75914e-09
23.9,2.7,0,3.74721,-0.000559637,-1.17532e-09
23.9,2.8,0,3.74722,-0.000584605,-3.17781e-10
23.9,2.9,0,3.74723,-0.000612735,8.81039e-10
23.9,3,0,3.74723,-0.000640865,2.07986e-09
23.9,3.1,0,3.74724,-0.000667439,2.30999e-09
23.9,3.2,0,3.74725,-0.000696796,2.87526e-09
23.9,3.3,0,3.74726,-0.000723676,3.04115e-09
23.9,3.4,0,3.74727,-0.000754148,3.08444e-09
23.9,3.5,0,3.74729,-0.000784619,3.12773e-09
23.9,3.6,0,3.7473,-0.000812786,2.93556e-09
23.9,3.7,0,3.74732,-0.000844219,2.78088e-09
23.9,3.8,0,3.74733,-0.000872561,2.63682e-09
23.9,3.9,0,3.74735,-0.000904755,2.61906e-09
23.9,4,0,3.74737,-0.000936949,2.60131e-09
23.9,4.1,0,3.74739,-0.00096602,2.45659e-09
23.9,4.2,0,3.74741,-0.000998734,2.40642e-09
23.9,4.3,0,3.74743,-0.0010278,2.00528e-09
23.9,4.4,0,3.74745,-0.00106078,2.3555e-09
23.9,4.5,0,3.74747,-0.00109375,2.70572e-09
23.9,4.6,0,3.74749,-0.00112278,3.54635e-09
23.9,4.7,0,3.74752,-0.00115565,4.83138e-09
23.9,4.8,0,3.74754,-0.00118265,6.15195e-09
23.9,4.9,0,3.74757,-0.00121048,6.82002e-09
23.9,5,0,3.74759,-0.00123832,7.48809e-09
23.9,5.1,0,3.74764,-0.00127979,8.0034e-09
23.9,5.2,0,3.74767,-0.00130969,8.95577e-09
23.9,5.3,0,3.7477,-0.00133917,9.22567e-09
23.9,5.4,0,3.74773,-0.00136817,9.04995e-09
23.9,5.5,0,3.74777,-0.00139662,8.85073e-09
23.9,5.6,0,3.7478,-0.00142447,8.52744e-09
23.9,5.7,0,3.74784,-0.00145165,7.86937e-09
23.9,5.8,0,3.74788,-0.00147812,6.72566e-09
23.9,5.9,0,3.74792,-0.00150382,4.67275e-09
23.9,6,0,3.74798,-0.00154229,1.41998e-09
23.9,6.1,0,3.74801,-0.00155867,2.51141e-10
23.9,6.2,0,3.74805,-0.00157868,-3.0539e-09
23.9,6.3,0,3.74808,-0.00159869,-6.35894e-09
23.9,6.4,0,3.74812,-0.00161519,-3.84724e-09
23.9,6.5,0,3.74817,-0.00163579,4.26913e-09
23.9,6.6,0,3.74822,-0.00165638,1.23855e-08
23.9,6.7,0,3.74827,-0.00167392,1.55083e-08
23.9,6.8,0,3.74831,-0.00168846,4.23561e-09
23.9,6.9,0,3.74837,-0.00170457,-8.07406e-09
23.9,7,0,3.74842,-0.00172067,-2.03837e-08
23.9,7.1,0,3.74847,-0.00172954,-1.0427e-08
23.9,7.2,0,3.74852,-0.00174067,-5.05927e-10
23.9,7.3,0,3.74857,-0.0017518,9.41515e-09
23.9,7.4,0,3.74862,-0.00175795,7.31714e-09
23.9,7.5,0,3.74868,-0.0017636,5.28192e-09
23.9,7.6,0,3.74873,-0.00176926,3.24671e-09
23.9,7.7,0,3.74878,-0.00177313,3.40859e-09
23.9,7.8,0,3.74884,-0.00177249,2.1273e-09
23.9,7.9,0,3.74889,-0.00177226,-3.00986e-09
23.9,8,0,3.74895,-0.00177203,-8.14702e-09
23.9,8.1,0,3.749,-0.00176653,-4.97338e-09
23.9,8.2,0,3.74906,-0.0017602,8.70097e-09
23.9,8.3,0,3.74911,-0.00175387,2.23753e-08
23.9,8.4,0,3.74916,-0.00174526,2.58324e-08
23.9,8.5,0,3.74922,-0.00173266,1.00503e-08
23.9,8.6,0,3.74928,-0.00172,-6.00257e-09
23.9,8.7,0,3.74933,-0.00170688,-1.7121e-08
23.9,8.8,0,3.74938,-0.00168938,-5.16124e-09
23.9,8.9,0,3.74944,-0.00167042,8.79647e-09
23.9,9,0,3.7495,-0.00165145,2.27542e-08
23.9,9.1,0,3.74954,-0.00163042,1.60001e-08
23.9,9.2,0,3.7496,-0.00160519,6.47339e-09
23.9,9.3,0,3.74965,-0.00157996,-3.05335e-09
23.9,9.4,0,3.7497,-0.0015554,-2.60953e-09
23.9,9.5,0,3.74975,-0.00152463,1.4792e-12
23.9,9.6,0,3.7498,-0.00149332,1.98629e-09
23.9,9.7,0,3.74985,-0.00146249,2.56175e-09
23.9,9.8,0,3.74989,-0.00142922,1.3265e-09
23.9,9.9,0,3.74994,-0.00139216,4.64249e-09
23.9,10,0,3.74999,-0.00135509,7.95848e-09
23.9,10.1,0,3.75002,-0.00131972,9.33348e-09
23.9,10.2,0,3.75007,-0.00127725,2.14125e-09
23.9,10.3,0,3.75011,-0.00123477,-5.05098e-09
23.9,10.4,0,3.75015,-0.00119542,-8.86698e-09
23.9,10.5,0,3.75018,-0.00114954,-2.26908e-09
23.9,10.6,0,3.75022,-0.00110219,5.22116e-09
23.9,10.7,0,3.75026,-0.00105571,1.17175e-08
23.9,10.8,0,3.75029,-0.00101019,7.46952e-09
23.9,10.9,0,3.75032,-0.000958517,1.59835e-09
23.9,11,0,3.75036,-0.000906844,-4.27283e-09
23.9,11.1,0,3.75038,-0.000860417,-3.61401e-09
23.9,11.2,0,3.75041,-0.000805043,-1.73505e-09
23.9,11.3,0,3.75043,-0.000749669,1.43904e-10
23.9,11.4,0,3.75041,-0.000699022,5.32205e-10
23.9,11.5,0,3.75033,-0.000643357,1.83479e-09
23.9,11.6,0,3.75026,-0.000585135,3.80232e-09
23.9,11.7,0,3.75001,-0.000527553,5.69305e-09
23.9,11.8,0,3.74662,-0.000474867,4.96648e-09
23.9,11.9,0,3.74323,-0.000414178,2.96359e-09
23.9,12,0,3.73983,-0.000353488,9.60691e-10
23.9,12.1,0,3.68262,-0.000302789,5.15251e-10
23.9,12.2,0,3.60233,-0.000244503,-3.29857e-10
23.9,12.3,0,3.52204,-0.000186216,-1.17497e-09
23.9,12.4,0,3.10737,-0.000136055,-2.18619e-09
23.9,12.5,0,2.0716,-9.23645e-05,-1.78851e-09
23.9,12.6,0,1.0358,-4.61822e-05,-8.94254e-10
23.9,12.7,0,0,0,0
24,0,0,0,0,0
24,0.1,0,1.3099,-1.39135e-05,-4.5979e-10
24,0.2,0,2.61977,-2.96511e-05,1.57016e-09
24,0.3,0,3.36229,-4.57267e-05,2.8659e-09
24,0.4,0,3.53748,-6.35676e-05,3.55625e-09
24,0.5,0,3.71267,-8.17976e-05,4.28174e-09
24,0.6,0,3.72576,-9.97084e-05,4.15394e-09
24,0.7,0,3.73886,-0.000118793,3.46143e-09
24,0.8,0,3.74575,-0.0001371,3.35255e-09
24,0.9,0,3.74643,-0.000156032,2.37702e-09
24,1,0,3.7471,-0.000175346,1.00596e-09
24,1.1,0,3.74713,-0.000193877,7.58317e-10
24,1.2,0,3.74716,-0.000213922,-9.54578e-10
24,1.3,0,3.74717,-0.00023313,-1.66802e-09
24,1.4,0,3.74718,-0.00025348,-3.10091e-09
24,1.5,0,3.74718,-0.00027437,-5.00258e-09
24,1.6,0,3.74718,-0.00029414,-5.06121e-09
24,1.7,0,3.74719,-0.000316035,-6.24397e-09
24,1.8,0,3.74719,-0.000336752,-6.67002e-09
24,1.9,0,3.74719,-0.000359031,-6.75753e-09
24,2,0,3.7472,-0.000382059,-6.95909e-09
24,2.1,0,3.7472,-0.00040342,-6.54154e-09
24,2.2,0,3.7472,-0.00042767,-5.78205e-09
24,2.3,0,3.74721,-0.000450244,-5.28565e-09
24,2.4,0,3.74722,-0.000474786,-4.10906e-09
24,2.5,0,3.74722,-0.000500322,-2.67523e-09
24,2.6,0,3.74723,-0.000523412,-2.1316e-09
24,2.7,0,3.74724,-0.000550255,-5.47777e-10
24,2.8,0,3.74725,-0.000574803,2.20794e-10
24,2.9,0,3.74725,-0.000601673,1.15272e-09
24,3,0,3.74726,-0.000629803,2.35154e-09
24,3.1,0,3.74727,-0.000654522,2.35824e-09
24,3.2,0,3.74728,-0.000683879,2.92351e-09
24,3.3,0,3.74729,-0.000710253,3.06633e-09
24,3.4,0,3.7473,-0.000739208,3.04042e-09
24,3.5,0,3.74732,-0.00076968,3.08371e-09
24,3.6,0,3.74733,-0.000795668,2.86655e-09
24,3.7,0,3.74735,-0.000827101,2.71187e-09
24,3.8,0,3.74736,-0.000854865,2.55817e-09
24,3.9,0,3.74738,-0.000885324,2.51149e-09
24,4,0,3.7474,-0.000917517,2.49374e-09
24,4.1,0,3.74742,-0.000944161,2.28598e-09
24,4.2,0,3.74743,-0.000976875,2.23582e-09
24,4.3,0,3.74746,-0.00100531,1.74281e-09
24,4.4,0,3.74748,-0.0010364,1.81744e-09
24,4.5,0,3.7475,-0.00106937,2.16766e-09
24,4.6,0,3.74752,-0.00109584,2.71203e-09
24,4.7,0,3.74755,-0.00112871,3.99706e-09
24,4.8,0,3.74757,-0.00115516,5.37497e-09
24,4.9,0,3.7476,-0.00118131,6.21505e-09
24,5,0,3.74762,-0.00120915,6.88312e-09
24,5.1,0,3.74766,-0.00124916,7.62507e-09
24,5.2,0,3.7477,-0.00127798,8.61557e-09
24,5.3,0,3.74773,-0.00130638,8.8934e-09
24,5.4,0,3.74776,-0.0013343,8.77049e-09
24,5.5,0,3.74779,-0.00136169,8.6911e-09
24,5.6,0,3.74783,-0.00138848,8.57261e-09
24,5.7,0,3.74787,-0.00141463,8.16284e-09
24,5.8,0,3.7479,-0.00144007,7.17923e-09
24,5.9,0,3.74794,-0.00146477,4.94484e-09
24,6,0,3.748,-0.00150175,-3.83151e-11
24,6.1,0,3.74803,-0.00151571,2.16988e-10
24,6.2,0,3.74807,-0.00153572,-3.08805e-09
24,6.3,0,3.7481,-0.00155573,-6.39309e-09
24,6.4,0,3.74814,-0.00157172,-4.09328e-09
24,6.5,0,3.74819,-0.00159023,3.16352e-09
24,6.6,0,3.74823,-0.00161083,1.12799e-08
24,6.7,0,3.74828,-0.00162837,1.44027e-08
24,6.8,0,3.74833,-0.00164072,4.5775e-09
24,6.9,0,3.74838,-0.00165682,-7.73217e-09
24,7,0,3.74843,-0.00167293,-2.00418e-08
24,7.1,0,3.74847,-0.00168016,-9.33459e-09
24,7.2,0,3.74852,-0.00169125,6.00748e-10
24,7.3,0,3.74858,-0.00170238,1.05218e-08
24,7.4,0,3.74863,-0.00170846,8.20686e-09
24,7.5,0,3.74868,-0.00171306,3.15839e-09
24,7.6,0,3.74873,-0.00171872,1.12318e-09
24,7.7,0,3.74878,-0.00172258,1.28506e-09
24,7.8,0,3.74883,-0.00172145,4.55606e-09
24,7.9,0,3.74889,-0.00172122,-5.81097e-10
24,8,0,3.74895,-0.001721,-5.71826e-09
24,8.1,0,3.74899,-0.00171561,-7.43332e-09
24,8.2,0,3.74905,-0.00170931,5.38336e-09
24,8.3,0,3.7491,-0.00170298,1.90577e-08
24,8.4,0,3.74915,-0.00169436,2.25148e-08
24,8.5,0,3.7492,-0.00168259,1.10017e-08
24,8.6,0,3.74926,-0.00166994,-5.05118e-09
24,8.7,0,3.74932,-0.00165681,-1.61696e-08
24,8.8,0,3.74936,-0.00164083,-6.25358e-09
24,8.9,0,3.74942,-0.00162186,7.70413e-09
24,9,0,3.74947,-0.0016029,2.16618e-08
24,9.1,0,3.74952,-0.00158343,1.45477e-08
24,9.2,0,3.74957,-0.00155881,4.88107e-09
24,9.3,0,3.74962,-0.00153358,-4.64567e-09
24,9.4,0,3.74967,-0.00150901,-4.20185e-09
24,9.5,0,3.74971,-0.00148108,1.63648e-09
24,9.6,0,3.74976,-0.00144977,3.62129e-09
24,9.7,0,3.74981,-0.00141894,4.19675e-09
24,9.8,0,3.74985,-0.00138911,-1.14534e-09
24,9.9,0,3.7499,-0.00135204,2.17065e-09
24,10,0,3.74995,-0.00131498,5.48664e-09
24,10.1,0,3.74998,-0.00128198,9.40284e-09
24,10.2,0,3.75002,-0.00124115,3.9798e-09
24,10.3,0,3.75007,-0.00119868,-3.21243e-09
24,10.4,0,3.7501,-0.00115933,-7.02843e-09
24,10.5,0,3.75014,-0.00111797,-3.17935e-09
24,10.6,0,3.75018,-0.00107062,4.31089e-09
24,10.7,0,3.75021,-0.00102414,1.08072e-08
24,10.8,0,3.75024,-0.000983589,7.86955e-09
24,10.9,0,3.75027,-0.000931916,1.99838e-09
24,11,0,3.75031,-0.000880244,-3.8728e-09
24,11.1,0,3.75033,-0.000836271,-2.99449e-09
24,11.2,0,3.75035,-0.00078379,-8.56769e-10
24,11.3,0,3.75038,-0.000728416,1.02219e-09
24,11.4,0,3.75036,-0.000677769,1.41049e-09
24,11.5,0,3.75028,-0.000627719,1.2524e-09
24,11.6,0,3.7502,-0.000569497,3.21993e-09
24,11.7,0,3.74996,-0.000511916,5.11065e-09
24,11.8,0,3.74656,-0.000465075,5.31612e-09
24,11.9,0,3.74317,-0.000404385,3.31323e-09
24,12,0,3.73978,-0.000343695,1.31033e-09
24,12.1,0,3.68257,-0.000294815,1.02841e-09
24,12.2,0,3.60228,-0.000240249,5.17786e-10
24,12.3,0,3.52199,-0.000181963,-3.27323e-10
24,12.4,0,3.10732,-0.000131801,-1.33855e-09
24,12.5,0,2.0716,-9.23645e-05,-1.78851e-09
24,12.6,0,1.0358,-4.61822e-05,-8.94254e-10
24,12.7,0,0,0,0
24.1,0,0,0,0,0
24.1,0.1,0,1.30992,-1.31839e-05,-1.45569e-09
24.1,0.2,0,2.61978,-2.89215e-05,5.74264e-10
24.1,0.3,0,3.36231,-4.49971e-05,1.87001e-09
24.1,0.4,0,3.5375,-6.2319e-05,2.51352e-09
24.1,0.5,0,3.71269,-8.0549e-05,3.239e-09
24.1,0.6,0,3.72579,-9.79904e-05,3.33709e-09
24.1,0.7,0,3.73888,-0.000117075,2.64458e-09
24.1,0.8,0,3.74577,-0.000135382,2.5357e-09
24.1,0.9,0,3.74645,-0.000153804,2.08755e-09
24.1,1,0,3.74712,-0.000173118,7.16482e-10
24.1,1.1,0,3.74715,-0.000191044,1.05495e-09
24.1,1.2,0,3.74718,-0.000211088,-6.57948e-10
24.1,1.3,0,3.7472,-0.000230297,-1.37139e-09
24.1,1.4,0,3.7472,-0.000249928,-2.17922e-09
24.1,1.5,0,3.7472,-0.000270818,-4.0809e-09
24.1,1.6,0,3.74721,-0.000289737,-3.68988e-09
24.1,1.7,0,3.74721,-0.000311632,-4.87264e-09
24.1,1.8,0,3.74721,-0.000332349,-5.29868e-09
24.1,1.9,0,3.74722,-0.000353632,-5.23412e-09
24.1,2,0,3.74722,-0.000376659,-5.43568e-09
24.1,2.1,0,3.74723,-0.000396864,-5.15492e-09
24.1,2.2,0,3.74723,-0.000421115,-4.39543e-09
24.1,2.3,0,3.74724,-0.000443689,-3.89902e-09
24.1,2.4,0,3.74724,-0.000466905,-3.06545e-09
24.1,2.5,0,3.74725,-0.000492441,-1.63161e-09
24.1,2.6,0,3.74726,-0.000514029,-1.50406e-09
24.1,2.7,0,3.74726,-0.000540872,7.97615e-11
24.1,2.8,0,3.74727,-0.00056542,8.48333e-10
24.1,2.9,0,3.74728,-0.000590611,1.4244e-09
24.1,3,0,3.74729,-0.000618741,2.62322e-09
24.1,3.1,0,3.7473,-0.000641605,2.40649e-09
24.1,3.2,0,3.74731,-0.000670962,2.97176e-09
24.1,3.3,0,3.74732,-0.000697336,3.11458e-09
24.1,3.4,0,3.74733,-0.000724268,2.99641e-09
24.1,3.5,0,3.74734,-0.00075474,3.0397e-09
24.1,3.6,0,3.74736,-0.000778551,2.79755e-09
24.1,3.7,0,3.74738,-0.000809984,2.64287e-09
24.1,3.8,0,3.74739,-0.000837748,2.48916e-09
24.1,3.9,0,3.74741,-0.000865892,2.40393e-09
24.1,4,0,3.74743,-0.000898086,2.38617e-09
24.1,4.1,0,3.74745,-0.000922302,2.11538e-09
24.1,4.2,0,3.74746,-0.000955016,2.06521e-09
24.1,4.3,0,3.74749,-0.000983455,1.5722e-09
24.1,4.4,0,3.74751,-0.00101202,1.27939e-09
24.1,4.5,0,3.74753,-0.001045,1.62961e-09
24.1,4.6,0,3.74755,-0.0010689,1.87771e-09
24.1,4.7,0,3.74758,-0.00110177,3.16274e-09
24.1,4.8,0,3.7476,-0.00112822,4.54065e-09
24.1,4.9,0,3.74763,-0.00115215,5.61008e-09
24.1,5,0,3.74765,-0.00117998,6.27815e-09
24.1,5.1,0,3.74769,-0.00121853,7.24674e-09
24.1,5.2,0,3.74772,-0.00124627,8.27537e-09
24.1,5.3,0,3.74776,-0.00127359,8.56114e-09
24.1,5.4,0,3.74779,-0.00130044,8.49104e-09
24.1,5.5,0,3.74782,-0.00132676,8.53146e-09
24.1,5.6,0,3.74785,-0.0013525,8.61778e-09
24.1,5.7,0,3.74789,-0.0013776,8.45631e-09
24.1,5.8,0,3.74793,-0.00140202,7.6328e-09
24.1,5.9,0,3.74796,-0.00142572,5.21693e-09
24.1,6,0,3.74802,-0.00146122,-1.49661e-09
24.1,6.1,0,3.74805,-0.0014749,-1.08188e-09
24.1,6.2,0,3.74809,-0.00149276,-3.12221e-09
24.1,6.3,0,3.74812,-0.00151277,-6.42725e-09
24.1,6.4,0,3.74816,-0.00152876,-4.12744e-09
24.1,6.5,0,3.7482,-0.00154468,2.05792e-09
24.1,6.6,0,3.74825,-0.00156528,1.01743e-08
24.1,6.7,0,3.7483,-0.00158281,1.32971e-08
24.1,6.8,0,3.74834,-0.0015932,4.76815e-09
24.1,6.9,0,3.74839,-0.00160908,-7.39029e-09
24.1,7,0,3.74844,-0.00162519,-1.97e-08
24.1,7.1,0,3.74848,-0.00163242,-8.99271e-09
24.1,7.2,0,3.74853,-0.00164184,1.70742e-09
24.1,7.3,0,3.74858,-0.00165297,1.16285e-08
24.1,7.4,0,3.74863,-0.00165904,9.31353e-09
24.1,7.5,0,3.74868,-0.00166251,1.03486e-09
24.1,7.6,0,3.74873,-0.00166817,-1.00035e-09
24.1,7.7,0,3.74879,-0.00167204,-8.38469e-10
24.1,7.8,0,3.74883,-0.00167053,5.9147e-09
24.1,7.9,0,3.74888,-0.00167019,1.84767e-09
24.1,8,0,3.74894,-0.00166996,-3.28949e-09
24.1,8.1,0,3.74899,-0.00166458,-5.00455e-09
24.1,8.2,0,3.74904,-0.00165841,2.06576e-09
24.1,8.3,0,3.74909,-0.00165209,1.57401e-08
24.1,8.4,0,3.74914,-0.00164347,1.91972e-08
24.1,8.5,0,3.74919,-0.00163253,1.19531e-08
24.1,8.6,0,3.74925,-0.00161988,-4.09978e-09
24.1,8.7,0,3.7493,-0.00160675,-1.52182e-08
24.1,8.8,0,3.74934,-0.00159172,-6.59858e-09
24.1,8.9,0,3.7494,-0.00157331,6.61179e-09
24.1,9,0,3.74945,-0.00155434,2.05695e-08
24.1,9.1,0,3.74949,-0.00153487,1.34554e-08
24.1,9.2,0,3.74954,-0.00151242,3.28875e-09
24.1,9.3,0,3.74959,-0.00148719,-6.23799e-09
24.1,9.4,0,3.74964,-0.00146263,-5.79417e-09
24.1,9.5,0,3.74968,-0.00143754,3.27148e-09
24.1,9.6,0,3.74973,-0.00140622,5.25629e-09
24.1,9.7,0,3.74978,-0.00137539,5.83175e-09
24.1,9.8,0,3.74982,-0.00134729,-1.57908e-09
24.1,9.9,0,3.74986,-0.00131193,-3.01193e-10
24.1,10,0,3.74991,-0.00127486,3.0148e-09
24.1,10.1,0,3.74995,-0.00124187,6.93099e-09
24.1,10.2,0,3.74998,-0.00120506,5.81834e-09
24.1,10.3,0,3.75003,-0.00116259,-1.37388e-09
24.1,10.4,0,3.75006,-0.00112323,-5.18989e-09
24.1,10.5,0,3.75009,-0.0010864,-4.08962e-09
24.1,10.6,0,3.75013,-0.00103905,3.40062e-09
24.1,10.7,0,3.75017,-0.000992566,9.89696e-09
24.1,10.8,0,3.75019,-0.000953874,7.4482e-09
24.1,10.9,0,3.75022,-0.000905316,2.39841e-09
24.1,11,0,3.75026,-0.000853643,-3.47277e-09
24.1,11.1,0,3.75028,-0.00080967,-2.59446e-09
24.1,11.2,0,3.7503,-0.000762537,2.15178e-11
24.1,11.3,0,3.75032,-0.000707163,1.90048e-09
24.1,11.4,0,3.75031,-0.000656517,2.28878e-09
24.1,11.5,0,3.75022,-0.000612082,6.70006e-10
24.1,11.6,0,3.75014,-0.00055386,2.63753e-09
24.1,11.7,0,3.7499,-0.000496278,4.52826e-09
24.1,11.8,0,3.74651,-0.000450855,4.95978e-09
24.1,11.9,0,3.74312,-0.000394592,3.66287e-09
24.1,12,0,3.73972,-0.000333903,1.65997e-09
24.1,12.1,0,3.68251,-0.000285023,1.37805e-09
24.1,12.2,0,3.60224,-0.000235996,1.36543e-09
24.1,12.3,0,3.52194,-0.000177709,5.2032e-10
24.1,12.4,0,3.10727,-0.000127548,-4.90909e-10
24.1,12.5,0,2.0716,-9.23645e-05,-1.78851e-09
24.1,12.6,0,1.0358,-4.61822e-05,-8.94254e-10
24.1,12.7,0,0,0,0
24.2,0,0,0,0,0
24.2,0.1,0,1.30992,-1.31839e-05,-1.45569e-09
24.2,0.2,0,2.6198,-2.81919e-05,-4.21631e-10
24.2,0.3,0,3.36233,-4.42675e-05,8.74113e-10
24.2,0.4,0,3.53752,-6.10704e-05,1.47078e-09
24.2,0.5,0,3.71271,-7.93005e-05,2.19626e-09
24.2,0.6,0,3.72581,-9.67419e-05,2.29435e-09
24.2,0.7,0,3.7389,-0.000115357,1.82773e-09
24.2,0.8,0,3.74579,-0.000133664,1.71885e-09
24.2,0.9,0,3.74647,-0.000151576,1.79807e-09
24.2,1,0,3.74714,-0.000170891,4.2701e-10
24.2,1.1,0,3.74717,-0.000188816,7.65475e-10
24.2,1.2,0,3.7472,-0.000208255,-3.61318e-10
24.2,1.3,0,3.74722,-0.000227464,-1.07476e-09
24.2,1.4,0,3.74722,-0.000246375,-1.25754e-09
24.2,1.5,0,3.74722,-0.000267265,-3.15921e-09
24.2,1.6,0,3.74723,-0.000286185,-2.7682e-09
24.2,1.7,0,3.74723,-0.00030723,-3.50131e-09
24.2,1.8,0,3.74724,-0.000327947,-3.92735e-09
24.2,1.9,0,3.74724,-0.000348233,-3.71072e-09
24.2,2,0,3.74724,-0.00037126,-3.91228e-09
24.2,2.1,0,3.74725,-0.000391465,-3.63152e-09
24.2,2.2,0,3.74725,-0.00041456,-3.00881e-09
24.2,2.3,0,3.74726,-0.000437133,-2.5124e-09
24.2,2.4,0,3.74727,-0.000459024,-2.02183e-09
24.2,2.5,0,3.74727,-0.00048456,-5.87992e-10
24.2,2.6,0,3.74728,-0.000506148,-4.60445e-10
24.2,2.7,0,3.74729,-0.00053149,7.07301e-10
24.2,2.8,0,3.7473,-0.000556038,1.47587e-09
24.2,2.9,0,3.74731,-0.00057955,1.69608e-09
24.2,3,0,3.74732,-0.00060768,2.8949e-09
24.2,3.1,0,3.74733,-0.000630543,2.67817e-09
24.2,3.2,0,3.74734,-0.000658045,3.02001e-09
24.2,3.3,0,3.74735,-0.00068442,3.16283e-09
24.2,3.4,0,3.74736,-0.000709328,2.9524e-09
24.2,3.5,0,3.74737,-0.0007398,2.99569e-09
24.2,3.6,0,3.74739,-0.000763611,2.75353e-09
24.2,3.7,0,3.7474,-0.000792866,2.57386e-09
24.2,3.8,0,3.74742,-0.000820631,2.42016e-09
24.2,3.9,0,3.74744,-0.000846461,2.29636e-09
24.2,4,0,3.74746,-0.000878655,2.2786e-09
24.2,4.1,0,3.74748,-0.000902871,2.00781e-09
24.2,4.2,0,3.74749,-0.000933156,1.89461e-09
24.2,4.3,0,3.74751,-0.000961596,1.4016e-09
24.2,4.4,0,3.74754,-0.000987649,7.41333e-10
24.2,4.5,0,3.74756,-0.00102062,1.09155e-09
24.2,4.6,0,3.74758,-0.00104453,1.33965e-09
24.2,4.7,0,3.74761,-0.00107484,2.32841e-09
24.2,4.8,0,3.74763,-0.00110128,3.70632e-09
24.2,4.9,0,3.74765,-0.00112298,5.0051e-09
24.2,5,0,3.74768,-0.00115081,5.67317e-09
24.2,5.1,0,3.74772,-0.00118791,6.86842e-09
24.2,5.2,0,3.74775,-0.00121457,7.93517e-09
24.2,5.3,0,3.74778,-0.0012408,8.22887e-09
24.2,5.4,0,3.74781,-0.00126657,8.21158e-09
24.2,5.5,0,3.74784,-0.00129183,8.37182e-09
24.2,5.6,0,3.74788,-0.00131651,8.66296e-09
24.2,5.7,0,3.74791,-0.00134058,8.74977e-09
24.2,5.8,0,3.74795,-0.00136397,8.08637e-09
24.2,5.9,0,3.74799,-0.00138667,5.48902e-09
24.2,6,0,3.74804,-0.00142068,-2.9549e-09
24.2,6.1,0,3.74807,-0.00143436,-2.54017e-09
24.2,6.2,0,3.7481,-0.0014498,-3.15636e-09
24.2,6.3,0,3.74814,-0.00146981,-6.4614e-09
24.2,6.4,0,3.74818,-0.0014858,-4.16159e-09
24.2,6.5,0,3.74822,-0.00149962,1.15621e-09
24.2,6.6,0,3.74826,-0.00151972,9.06869e-09
24.2,6.7,0,3.74831,-0.00153726,1.21915e-08
24.2,6.8,0,3.74835,-0.00154765,3.66255e-09
24.2,6.9,0,3.7484,-0.00156134,-7.04841e-09
24.2,7,0,3.74845,-0.00157745,-1.93581e-08
24.2,7.1,0,3.74849,-0.00158467,-8.65083e-09
24.2,7.2,0,3.74854,-0.00159243,2.8141e-09
24.2,7.3,0,3.74859,-0.00160355,1.27352e-08
24.2,7.4,0,3.74864,-0.00160963,1.04202e-08
24.2,7.5,0,3.74868,-0.00161233,-5.21123e-11
24.2,7.6,0,3.74873,-0.00161763,-3.12388e-09
24.2,7.7,0,3.74879,-0.00162149,-2.962e-09
24.2,7.8,0,3.74883,-0.00161998,3.79117e-09
24.2,7.9,0,3.74888,-0.00161915,4.27643e-09
24.2,8,0,3.74894,-0.00161893,-8.60726e-10
24.2,8.1,0,3.74898,-0.00161354,-2.57579e-09
24.2,8.2,0,3.74903,-0.00160752,-1.25185e-09
24.2,8.3,0,3.74908,-0.00160119,1.24225e-08
24.2,8.4,0,3.74913,-0.00159258,1.58796e-08
24.2,8.5,0,3.74917,-0.00158209,1.09771e-08
24.2,8.6,0,3.74923,-0.00156981,-3.14838e-09
24.2,8.7,0,3.74928,-0.00155668,-1.42668e-08
24.2,8.8,0,3.74933,-0.00154166,-5.64718e-09
24.2,8.9,0,3.74937,-0.00152475,5.51945e-09
24.2,9,0,3.74943,-0.00150579,1.94772e-08
24.2,9.1,0,3.74947,-0.00148632,1.23631e-08
24.2,9.2,0,3.74951,-0.00146604,1.69643e-09
24.2,9.3,0,3.74957,-0.00144081,-7.83031e-09
24.2,9.4,0,3.74961,-0.00141624,-7.38649e-09
24.2,9.5,0,3.74965,-0.00139234,3.02789e-09
24.2,9.6,0,3.7497,-0.00136268,6.89129e-09
24.2,9.7,0,3.74975,-0.00133184,7.46676e-09
24.2,9.8,0,3.74978,-0.00130375,5.59172e-11
24.2,9.9,0,3.74982,-0.00127182,-2.77303e-09
24.2,10,0,3.74987,-0.00123475,5.42955e-10
24.2,10.1,0,3.74991,-0.00120175,4.45915e-09
24.2,10.2,0,3.74994,-0.00116897,7.65689e-09
24.2,10.3,0,3.74998,-0.00112649,4.64664e-10
24.2,10.4,0,3.75002,-0.00108714,-3.35134e-09
24.2,10.5,0,3.75005,-0.00105161,-3.04084e-09
24.2,10.6,0,3.75008,-0.00100748,2.49035e-09
24.2,10.7,0,3.75012,-0.000960996,8.98669e-09
24.2,10.8,0,3.75015,-0.000922303,6.53793e-09
24.2,10.9,0,3.75017,-0.000878716,2.79843e-09
24.2,11,0,3.75021,-0.000827043,-3.07274e-09
24.2,11.1,0,3.75023,-0.00078307,-2.19443e-09
24.2,11.2,0,3.75025,-0.000741284,8.99804e-10
24.2,11.3,0,3.75027,-0.00068591,2.77876e-09
24.2,11.4,0,3.75025,-0.000635264,3.16706e-09
24.2,11.5,0,3.75017,-0.000591709,1.31938e-09
24.2,11.6,0,3.75009,-0.000538222,2.05514e-09
24.2,11.7,0,3.74985,-0.000480641,3.94586e-09
24.2,11.8,0,3.74645,-0.000435217,4.37739e-09
24.2,11.9,0,3.74306,-0.0003848,4.01251e-09
24.2,12,0,3.73967,-0.00032411,2.00961e-09
24.2,12.1,0,3.68246,-0.00027523,1.72769e-09
24.2,12.2,0,3.60219,-0.000231412,2.18334e-09
24.2,12.3,0,3.5219,-0.000173456,1.36796e-09
24.2,12.4,0,3.10722,-0.000123294,3.56734e-10
24.2,12.5,0,2.07155,-8.82221e-05,-9.63005e-10
24.2,12.6,0,1.0358,-4.61822e-05,-8.94254e-10
24.2,12.7,0,0,0,0
24.3,0,0,0,0,0
24.3,0.1,0,1.30992,-1.31839e-05,-1.45569e-09
24.3,0.2,0,2.61982,-2.74623e-05,-1.41753e-09
24.3,0.3,0,3.36235,-4.35379e-05,-1.21782e-10
24.3,0.4,0,3.53754,-5.99516e-05,4.39758e-10
24.3,0.5,0,3.71272,-7.80519e-05,1.15353e-09
24.3,0.6,0,3.72582,-9.54933e-05,1.25162e-09
24.3,0.7,0,3.73892,-0.000113639,1.01088e-09
24.3,0.8,0,3.74581,-0.000131946,9.02002e-10
24.3,0.9,0,3.74649,-0.000149476,1.37676e-09
24.3,1,0,3.74716,-0.000168663,1.37537e-10
24.3,1.1,0,3.74719,-0.000186588,4.76002e-10
24.3,1.2,0,3.74722,-0.000205422,-6.46875e-11
24.3,1.3,0,3.74724,-0.00022463,-7.7813e-10
24.3,1.4,0,3.74724,-0.000243003,-4.9212e-10
24.3,1.5,0,3.74725,-0.000263713,-2.23753e-09
24.3,1.6,0,3.74725,-0.000282633,-1.84651e-09
24.3,1.7,0,3.74725,-0.000302828,-2.12997e-09
24.3,1.8,0,3.74726,-0.000323544,-2.55601e-09
24.3,1.9,0,3.74726,-0.000343083,-2.22534e-09
24.3,2,0,3.74727,-0.000365861,-2.38888e-09
24.3,2.1,0,3.74727,-0.000386066,-2.10812e-09
24.3,2.2,0,3.74728,-0.000408004,-1.62219e-09
24.3,2.3,0,3.74728,-0.000430578,-1.12578e-09
24.3,2.4,0,3.74729,-0.000451475,-8.92458e-10
24.3,2.5,0,3.7473,-0.000476679,4.55626e-10
24.3,2.6,0,3.74731,-0.000498267,5.83173e-10
24.3,2.7,0,3.74732,-0.000522108,1.33484e-09
24.3,2.8,0,3.74733,-0.000546656,2.10341e-09
24.3,2.9,0,3.74734,-0.000568908,2.05673e-09
24.3,3,0,3.74734,-0.000596618,3.16658e-09
24.3,3.1,0,3.74736,-0.000619482,2.94985e-09
24.3,3.2,0,3.74737,-0.000645128,3.06826e-09
24.3,3.3,0,3.74738,-0.000671503,3.21108e-09
24.3,3.4,0,3.74739,-0.000694894,2.93145e-09
24.3,3.5,0,3.7474,-0.00072486,2.95167e-09
24.3,3.6,0,3.74742,-0.000748671,2.70952e-09
24.3,3.7,0,3.74743,-0.000775749,2.50485e-09
24.3,3.8,0,3.74745,-0.000803513,2.35115e-09
24.3,3.9,0,3.74747,-0.000827608,2.19843e-09
24.3,4,0,3.74749,-0.000859224,2.17103e-09
24.3,4.1,0,3.7475,-0.000883439,1.90024e-09
24.3,4.2,0,3.74752,-0.000911297,1.724e-09
24.3,4.3,0,3.74754,-0.000939737,1.23099e-09
24.3,4.4,0,3.74757,-0.000963902,2.95141e-10
24.3,4.5,0,3.74759,-0.000996246,5.53498e-10
24.3,4.6,0,3.74761,-0.00102015,8.01596e-10
24.3,4.7,0,3.74764,-0.0010479,1.49409e-09
24.3,4.8,0,3.74766,-0.00107435,2.872e-09
24.3,4.9,0,3.74768,-0.00109437,4.3428e-09
24.3,5,0,3.74771,-0.00112164,5.0682e-09
24.3,5.1,0,3.74775,-0.00115728,6.49009e-09
24.3,5.2,0,3.74778,-0.00118286,7.59497e-09
24.3,5.3,0,3.74781,-0.00120801,7.8966e-09
24.3,5.4,0,3.74784,-0.00123271,7.93212e-09
24.3,5.5,0,3.74787,-0.0012569,8.21219e-09
24.3,5.6,0,3.7479,-0.00128053,8.70813e-09
24.3,5.7,0,3.74794,-0.00130355,9.04324e-09
24.3,5.8,0,3.74798,-0.00132593,8.53994e-09
24.3,5.9,0,3.74801,-0.00134763,5.76111e-09
24.3,6,0,3.74807,-0.00138014,-4.41319e-09
24.3,6.1,0,3.7481,-0.00139383,-3.99846e-09
24.3,6.2,0,3.74812,-0.00140751,-3.58374e-09
24.3,6.3,0,3.74816,-0.00142686,-6.49555e-09
24.3,6.4,0,3.7482,-0.00144284,-4.19574e-09
24.3,6.5,0,3.74824,-0.00145666,1.12206e-09
24.3,6.6,0,3.74828,-0.00147417,7.96308e-09
24.3,6.7,0,3.74833,-0.0014917,1.10859e-08
24.3,6.8,0,3.74837,-0.0015021,2.55694e-09
24.3,6.9,0,3.74841,-0.0015136,-6.70653e-09
24.3,7,0,3.74846,-0.0015297,-1.90162e-08
24.3,7.1,0,3.7485,-0.00153693,-8.30895e-09
24.3,7.2,0,3.74854,-0.00154369,3.60972e-09
24.3,7.3,0,3.7486,-0.00155414,1.38418e-08
24.3,7.4,0,3.74864,-0.00156021,1.15269e-08
24.3,7.5,0,3.74869,-0.00156292,1.05456e-09
24.3,7.6,0,3.74873,-0.00156708,-5.24742e-09
24.3,7.7,0,3.74879,-0.00157095,-5.08553e-09
24.3,7.8,0,3.74883,-0.00156944,1.66764e-09
24.3,7.9,0,3.74888,-0.00156812,6.7052e-09
24.3,8,0,3.74893,-0.00156789,1.56804e-09
24.3,8.1,0,3.74898,-0.00156251,-1.47022e-10
24.3,8.2,0,3.74902,-0.00155655,-1.48185e-09
24.3,8.3,0,3.74907,-0.0015503,9.1049e-09
24.3,8.4,0,3.74912,-0.00154168,1.2562e-08
24.3,8.5,0,3.74916,-0.0015312,7.65947e-09
24.3,8.6,0,3.74921,-0.00151975,-2.19699e-09
24.3,8.7,0,3.74927,-0.00150662,-1.33154e-08
24.3,8.8,0,3.74931,-0.00149159,-4.69578e-09
24.3,8.9,0,3.74935,-0.0014762,4.42711e-09
24.3,9,0,3.74941,-0.00145723,1.83848e-08
24.3,9.1,0,3.74945,-0.00143776,1.12707e-08
24.3,9.2,0,3.74949,-0.0014182,4.38054e-10
24.3,9.3,0,3.74954,-0.00139443,-9.42263e-09
24.3,9.4,0,3.74959,-0.00136986,-8.97881e-09
24.3,9.5,0,3.74962,-0.00134595,1.43557e-09
24.3,9.6,0,3.74967,-0.00131913,8.52629e-09
24.3,9.7,0,3.74971,-0.0012883,9.10176e-09
24.3,9.8,0,3.74975,-0.0012602,1.69092e-09
24.3,9.9,0,3.74979,-0.00123171,-5.24487e-09
24.3,10,0,3.74984,-0.00119464,-1.92889e-09
24.3,10.1,0,3.74987,-0.00116164,1.98731e-09
24.3,10.2,0,3.7499,-0.00112966,6.05356e-09
24.3,10.3,0,3.74994,-0.0010904,2.30321e-09
24.3,10.4,0,3.74998,-0.00105105,-1.51279e-09
24.3,10.5,0,3.75,-0.00101551,-1.20229e-09
24.3,10.6,0,3.75004,-0.00097591,1.58009e-09
24.3,10.7,0,3.75007,-0.000929425,8.07642e-09
24.3,10.8,0,3.7501,-0.000890733,5.62766e-09
24.3,10.9,0,3.75012,-0.000852041,3.17891e-09
24.3,11,0,3.75016,-0.000800443,-2.67271e-09
24.3,11.1,0,3.75018,-0.00075647,-1.7944e-09
24.3,11.2,0,3.7502,-0.000715063,1.33374e-09
24.3,11.3,0,3.75022,-0.000664658,3.65705e-09
24.3,11.4,0,3.7502,-0.000614011,4.04535e-09
24.3,11.5,0,3.75012,-0.000570456,2.19767e-09
24.3,11.6,0,3.75003,-0.000522585,1.47274e-09
24.3,11.7,0,3.74979,-0.000465003,3.36347e-09
24.3,11.8,0,3.7464,-0.00041958,3.79499e-09
24.3,11.9,0,3.743,-0.000374156,4.22651e-09
24.3,12,0,3.73961,-0.000314317,2.35925e-09
24.3,12.1,0,3.6824,-0.000265437,2.07733e-09
24.3,12.2,0,3.60213,-0.000221619,2.53298e-09
24.3,12.3,0,3.52185,-0.000169202,2.21561e-09
24.3,12.4,0,3.10717,-0.000119041,1.20438e-09
24.3,12.5,0,2.0715,-8.39686e-05,-1.15362e-10
24.3,12.6,0,1.0358,-4.61822e-05,-8.94254e-10
24.3,12.7,0,0,0,0
24.4,0,0,0,0,0
24.4,0.1,0,1.30992,-1.31839e-05,-1.45569e-09
24.4,0.2,0,2.61984,-2.67327e-05,-2.41342e-09
24.4,0.3,0,3.36236,-4.28083e-05,-1.11768e-09
24.4,0.4,0,3.53756,-5.9222e-05,-5.56138e-10
24.4,0.5,0,3.71274,-7.68034e-05,1.10793e-10
24.4,0.6,0,3.72585,-9.42448e-05,2.08883e-10
24.4,0.7,0,3.73894,-0.000111921,1.9403e-10
24.4,0.8,0,3.74583,-0.000130228,8.51525e-11
24.4,0.9,0,3.74651,-0.000147758,5.59907e-10
24.4,1,0,3.74719,-0.000166435,-1.51936e-10
24.4,1.1,0,3.74721,-0.000184361,1.86529e-10
24.4,1.2,0,3.74724,-0.000202589,2.31943e-10
24.4,1.3,0,3.74726,-0.000221797,-4.815e-10
24.4,1.4,0,3.74726,-0.00024017,-1.9549e-10
24.4,1.5,0,3.74727,-0.00026016,-1.31585e-09
24.4,1.6,0,3.74727,-0.00027908,-9.2483e-10
24.4,1.7,0,3.74728,-0.000298425,-7.58637e-10
24.4,1.8,0,3.74728,-0.000319142,-1.18468e-09
24.4,1.9,0,3.74729,-0.00033868,-8.54006e-10
24.4,2,0,3.74729,-0.000360461,-8.65482e-10
24.4,2.1,0,3.7473,-0.000380666,-5.84718e-10
24.4,2.2,0,3.7473,-0.000401449,-2.35565e-10
24.4,2.3,0,3.74731,-0.000424023,2.60841e-10
24.4,2.4,0,3.74732,-0.000444919,4.94164e-10
24.4,2.5,0,3.74732,-0.000468798,1.49924e-09
24.4,2.6,0,3.74733,-0.000490387,1.62679e-09
24.4,2.7,0,3.74734,-0.000512725,1.96238e-09
24.4,2.8,0,3.74735,-0.000537273,2.73095e-09
24.4,2.9,0,3.74736,-0.000559526,2.68427e-09
24.4,3,0,3.74737,-0.000585556,3.43827e-09
24.4,3.1,0,3.74738,-0.00060842,3.22153e-09
24.4,3.2,0,3.74739,-0.000632211,3.11651e-09
24.4,3.3,0,3.74741,-0.000658586,3.25933e-09
24.4,3.4,0,3.74742,-0.000681978,2.9797e-09
24.4,3.5,0,3.74743,-0.000709921,2.90766e-09
24.4,3.6,0,3.74745,-0.000733732,2.6655e-09
24.4,3.7,0,3.74746,-0.000758632,2.43585e-09
24.4,3.8,0,3.74748,-0.000786396,2.28214e-09
24.4,3.9,0,3.7475,-0.000810491,2.12942e-09
24.4,4,0,3.74752,-0.000839792,2.06346e-09
24.4,4.1,0,3.74753,-0.000864008,1.79267e-09
24.4,4.2,0,3.74755,-0.000889438,1.5534e-09
24.4,4.3,0,3.74757,-0.000917878,1.06039e-09
24.4,4.4,0,3.7476,-0.000942043,1.24535e-10
24.4,4.5,0,3.74762,-0.000971871,1.54434e-11
24.4,4.6,0,3.74764,-0.000995777,2.63541e-10
24.4,4.7,0,3.74767,-0.00102096,6.59772e-10
24.4,4.8,0,3.74769,-0.00104741,2.03768e-09
24.4,4.9,0,3.74771,-0.00106743,3.50847e-09
24.4,5,0,3.74774,-0.00109247,4.46323e-09
24.4,5.1,0,3.74778,-0.00112665,6.11176e-09
24.4,5.2,0,3.7478,-0.00115115,7.25477e-09
24.4,5.3,0,3.74784,-0.00117522,7.56433e-09
24.4,5.4,0,3.74786,-0.00119885,7.65266e-09
24.4,5.5,0,3.7479,-0.00122197,8.05255e-09
24.4,5.6,0,3.74793,-0.00124454,8.75331e-09
24.4,5.7,0,3.74796,-0.00126653,9.3367e-09
24.4,5.8,0,3.748,-0.00128788,8.99351e-09
24.4,5.9,0,3.74803,-0.00130858,6.0332e-09
24.4,6,0,3.74809,-0.00133961,-5.87148e-09
24.4,6.1,0,3.74812,-0.00135329,-5.45675e-09
24.4,6.2,0,3.74815,-0.00136698,-5.04203e-09
24.4,6.3,0,3.74818,-0.0013839,-6.5297e-09
24.4,6.4,0,3.74822,-0.00139988,-4.2299e-09
24.4,6.5,0,3.74825,-0.0014137,1.08791e-09
24.4,6.6,0,3.74829,-0.00142861,6.85748e-09
24.4,6.7,0,3.74834,-0.00144615,9.98026e-09
24.4,6.8,0,3.74838,-0.00145654,1.45134e-09
24.4,6.9,0,3.74842,-0.00146693,-7.07758e-09
24.4,7,0,3.74847,-0.00148196,-1.86743e-08
24.4,7.1,0,3.74851,-0.00148919,-7.96706e-09
24.4,7.2,0,3.74856,-0.00149595,3.9516e-09
24.4,7.3,0,3.7486,-0.00150472,1.49485e-08
24.4,7.4,0,3.74865,-0.0015108,1.26336e-08
24.4,7.5,0,3.74869,-0.0015135,2.16124e-09
24.4,7.6,0,3.74874,-0.00151654,-7.37095e-09
24.4,7.7,0,3.74879,-0.0015204,-7.20906e-09
24.4,7.8,0,3.74883,-0.00151889,-4.55896e-10
24.4,7.9,0,3.74887,-0.00151739,6.29727e-09
24.4,8,0,3.74893,-0.00151685,3.99681e-09
24.4,8.1,0,3.74897,-0.00151147,2.28174e-09
24.4,8.2,0,3.74901,-0.00150551,9.46916e-10
24.4,8.3,0,3.74906,-0.00149941,5.78729e-09
24.4,8.4,0,3.74911,-0.00149079,9.24437e-09
24.4,8.5,0,3.74915,-0.0014803,4.34187e-09
24.4,8.6,0,3.7492,-0.00146968,-1.24559e-09
24.4,8.7,0,3.74925,-0.00145656,-1.2364e-08
24.4,8.8,0,3.74929,-0.00144153,-3.74439e-09
24.4,8.9,0,3.74934,-0.0014265,4.8752e-09
24.4,9,0,3.74939,-0.00140867,1.72925e-08
24.4,9.1,0,3.74943,-0.00138921,1.01784e-08
24.4,9.2,0,3.74947,-0.00136965,-6.54285e-10
24.4,9.3,0,3.74951,-0.00134804,-1.10149e-08
24.4,9.4,0,3.74956,-0.00132348,-1.05711e-08
24.4,9.5,0,3.7496,-0.00129957,-1.56747e-10
24.4,9.6,0,3.74963,-0.00127558,1.01613e-08
24.4,9.7,0,3.74968,-0.00124475,1.07368e-08
24.4,9.8,0,3.74972,-0.00121665,3.32592e-09
24.4,9.9,0,3.74975,-0.00118856,-4.08492e-09
24.4,10,0,3.7498,-0.00115453,-4.40073e-09
24.4,10.1,0,3.74983,-0.00112153,-4.84529e-10
24.4,10.2,0,3.74986,-0.00108955,3.58172e-09
24.4,10.3,0,3.7499,-0.0010543,4.14176e-09
24.4,10.4,0,3.74994,-0.00101495,3.25758e-10
24.4,10.5,0,3.74996,-0.000979418,6.36254e-10
24.4,10.6,0,3.74999,-0.000943884,9.4675e-10
24.4,10.7,0,3.75003,-0.000897855,7.16616e-09
24.4,10.8,0,3.75005,-0.000859163,4.7174e-09
24.4,10.9,0,3.75008,-0.000820471,2.26864e-09
24.4,11,0,3.75011,-0.000773842,-2.27268e-09
24.4,11.1,0,3.75013,-0.000729869,-1.39437e-09
24.4,11.2,0,3.75015,-0.000688463,1.73377e-09
24.4,11.3,0,3.75017,-0.000643405,4.53534e-09
24.4,11.4,0,3.75015,-0.000592759,4.92364e-09
24.4,11.5,0,3.75006,-0.000549204,3.07595e-09
24.4,11.6,0,3.74998,-0.000505648,1.22827e-09
24.4,11.7,0,3.74974,-0.000449366,2.78107e-09
24.4,11.8,0,3.74634,-0.000403942,3.2126e-09
24.4,11.9,0,3.74295,-0.000358519,3.64412e-09
24.4,12,0,3.73956,-0.000304525,2.70889e-09
24.4,12.1,0,3.68235,-0.000255645,2.42697e-09
24.4,12.2,0,3.60208,-0.000211826,2.88262e-09
24.4,12.3,0,3.5218,-0.000164949,3.06325e-09
24.4,12.4,0,3.10713,-0.000114787,2.05202e-09
24.4,12.5,0,2.07145,-7.97151e-05,7.32281e-10
24.4,12.6,0,1.03578,-4.46427e-05,-5.87458e-10
24.4,12.7,0,0,0,0
24.5,0,0,0,0,0
24.5,0.1,0,1.30992,-1.31839e-05,-1.45569e-09
24.5,0.2,0,2.61984,-2.63679e-05,-2.91137e-09
24.5,0.3,0,3.36238,-4.20787e-05,-2.11357e-09
24.5,0.4,0,3.53757,-5.84924e-05,-1.55203e-09
24.5,0.5,0,3.71277,-7.55548e-05,-9.31943e-10
24.5,0.6,0,3.72587,-9.29962e-05,-8.33853e-10
24.5,0.7,0,3.73897,-0.000110438,-7.35763e-10
24.5,0.8,0,3.74585,-0.00012851,-7.31698e-10
24.5,0.9,0,3.74653,-0.00014604,-2.56943e-10
24.5,1,0,3.74721,-0.000164207,-4.41409e-10
24.5,1.1,0,3.74724,-0.000182133,-1.02944e-10
24.5,1.2,0,3.74726,-0.000200058,2.35521e-10
24.5,1.3,0,3.74728,-0.000218964,-1.8487e-10
24.5,1.4,0,3.74729,-0.000237336,1.0114e-10
24.5,1.5,0,3.74729,-0.000256608,-3.94166e-10
24.5,1.6,0,3.74729,-0.000275528,-3.14757e-12
24.5,1.7,0,3.7473,-0.000294448,3.87871e-10
24.5,1.8,0,3.7473,-0.000314739,1.86654e-10
24.5,1.9,0,3.74731,-0.000334278,5.17328e-10
24.5,2,0,3.74731,-0.000355062,6.57919e-10
24.5,2.1,0,3.74732,-0.000375267,9.38682e-10
24.5,2.2,0,3.74733,-0.000395472,1.21945e-09
24.5,2.3,0,3.74733,-0.000417467,1.64746e-09
24.5,2.4,0,3.74734,-0.000438364,1.88079e-09
24.5,2.5,0,3.74735,-0.000460918,2.54286e-09
24.5,2.6,0,3.74736,-0.000482506,2.67041e-09
24.5,2.7,0,3.74737,-0.000504094,2.79796e-09
24.5,2.8,0,3.74738,-0.000527891,3.35849e-09
24.5,2.9,0,3.74739,-0.000550143,3.31181e-09
24.5,3,0,3.7474,-0.000574495,3.70995e-09
24.5,3.1,0,3.74741,-0.000597358,3.49321e-09
24.5,3.2,0,3.74742,-0.000620222,3.27648e-09
24.5,3.3,0,3.74743,-0.000645669,3.30758e-09
24.5,3.4,0,3.74745,-0.000669061,3.02795e-09
24.5,3.5,0,3.74746,-0.000694981,2.86364e-09
24.5,3.6,0,3.74748,-0.000718792,2.62149e-09
24.5,3.7,0,3.74749,-0.000742603,2.37934e-09
24.5,3.8,0,3.74751,-0.000769278,2.21314e-09
24.5,3.9,0,3.74753,-0.000793373,2.06041e-09
24.5,4,0,3.74755,-0.000820361,1.95589e-09
24.5,4.1,0,3.74756,-0.000844577,1.6851e-09
24.5,4.2,0,3.74758,-0.000868793,1.41431e-09
24.5,4.3,0,3.7476,-0.000896018,8.89784e-10
24.5,4.4,0,3.74763,-0.000920184,-4.60699e-11
24.5,4.5,0,3.74765,-0.000947495,-5.22611e-10
24.5,4.6,0,3.74767,-0.000971402,-2.74514e-10
24.5,4.7,0,3.7477,-0.000995308,-2.64164e-11
24.5,4.8,0,3.74772,-0.00102047,1.20336e-09
24.5,4.9,0,3.74774,-0.00104049,2.67415e-09
24.5,5,0,3.74776,-0.0010633,3.85826e-09
24.5,5.1,0,3.7478,-0.00109602,5.73343e-09
24.5,5.2,0,3.74783,-0.00111944,6.91458e-09
24.5,5.3,0,3.74786,-0.00114243,7.23206e-09
24.5,5.4,0,3.74789,-0.00116498,7.37321e-09
24.5,5.5,0,3.74792,-0.00118703,7.89292e-09
24.5,5.6,0,3.74795,-0.00120856,8.79848e-09
24.5,5.7,0,3.74799,-0.0012295,9.63017e-09
24.5,5.8,0,3.74802,-0.00124983,9.44708e-09
24.5,5.9,0,3.74806,-0.00126953,6.30529e-09
24.5,6,0,3.74811,-0.00129907,-7.32977e-09
24.5,6.1,0,3.74814,-0.00131276,-6.91505e-09
24.5,6.2,0,3.74817,-0.00132644,-6.50032e-09
24.5,6.3,0,3.7482,-0.00134094,-6.56386e-09
24.5,6.4,0,3.74824,-0.00135692,-4.26405e-09
24.5,6.5,0,3.74827,-0.00137074,1.05376e-09
24.5,6.6,0,3.74831,-0.00138456,6.37156e-09
24.5,6.7,0,3.74836,-0.0014006,8.87466e-09
24.5,6.8,0,3.7484,-0.00141099,3.45736e-10
24.5,6.9,0,3.74844,-0.00142138,-8.18319e-09
24.5,7,0,3.74848,-0.00143422,-1.83324e-08
24.5,7.1,0,3.74853,-0.00144145,-7.62518e-09
24.5,7.2,0,3.74857,-0.00144821,4.29348e-09
24.5,7.3,0,3.74861,-0.00145531,1.60552e-08
24.5,7.4,0,3.74866,-0.00146138,1.37402e-08
24.5,7.5,0,3.7487,-0.00146409,3.26791e-09
24.5,7.6,0,3.74874,-0.00146679,-7.20441e-09
24.5,7.7,0,3.74879,-0.00146986,-9.3326e-09
24.5,7.8,0,3.74883,-0.00146835,-2.57943e-09
24.5,7.9,0,3.74888,-0.00146684,4.17374e-09
24.5,8,0,3.74892,-0.00146582,6.42557e-09
24.5,8.1,0,3.74897,-0.00146044,4.71051e-09
24.5,8.2,0,3.74901,-0.00145448,3.37568e-09
24.5,8.3,0,3.74905,-0.00144851,2.46969e-09
24.5,8.4,0,3.7491,-0.0014399,5.92677e-09
24.5,8.5,0,3.74914,-0.00142941,1.02426e-09
24.5,8.6,0,3.74919,-0.00141892,-3.87824e-09
24.5,8.7,0,3.74924,-0.00140649,-1.14126e-08
24.5,8.8,0,3.74928,-0.00139147,-2.79299e-09
24.5,8.9,0,3.74932,-0.00137644,5.8266e-09
24.5,9,0,3.74937,-0.00136012,1.62001e-08
24.5,9.1,0,3.74941,-0.00134065,9.08604e-09
24.5,9.2,0,3.74945,-0.00132109,-1.74662e-09
24.5,9.3,0,3.74949,-0.00130154,-1.25793e-08
24.5,9.4,0,3.74953,-0.00127709,-1.21634e-08
24.5,9.5,0,3.74957,-0.00125319,-1.74907e-09
24.5,9.6,0,3.74961,-0.00122928,8.66531e-09
24.5,9.7,0,3.74965,-0.0012012,1.23718e-08
24.5,9.8,0,3.74968,-0.00117311,4.96092e-09
24.5,9.9,0,3.74972,-0.00114501,-2.44992e-09
24.5,10,0,3.74976,-0.00111441,-6.87257e-09
24.5,10.1,0,3.74979,-0.00108142,-2.95637e-09
24.5,10.2,0,3.74983,-0.00104944,1.10988e-09
24.5,10.3,0,3.74986,-0.00101746,5.17613e-09
24.5,10.4,0,3.74989,-0.000978856,2.16431e-09
24.5,10.5,0,3.74992,-0.000943323,2.4748e-09
24.5,10.6,0,3.74995,-0.00090779,2.7853e-09
24.5,10.7,0,3.74998,-0.000866285,6.25589e-09
24.5,10.8,0,3.75001,-0.000827593,3.80713e-09
24.5,10.9,0,3.75003,-0.000788901,1.35837e-09
24.5,11,0,3.75006,-0.000747242,-1.87266e-09
24.5,11.1,0,3.75008,-0.000703269,-9.94345e-10
24.5,11.2,0,3.7501,-0.000661863,2.1338e-09
24.5,11.3,0,3.75011,-0.000620456,5.26194e-09
24.5,11.4,0,3.75009,-0.000571506,5.80192e-09
24.5,11.5,0,3.75001,-0.000527951,3.95424e-09
24.5,11.6,0,3.74993,-0.000484396,2.10655e-09
24.5,11.7,0,3.74968,-0.000433728,2.19868e-09
24.5,11.8,0,3.74629,-0.000388305,2.6302e-09
24.5,11.9,0,3.74289,-0.000342881,3.06173e-09
24.5,12,0,3.7395,-0.000294732,3.05853e-09
24.5,12.1,0,3.68229,-0.000245852,2.77661e-09
24.5,12.2,0,3.60202,-0.000202034,3.23226e-09
24.5,12.3,0,3.52175,-0.000158215,3.68791e-09
24.5,12.4,0,3.10708,-0.000110534,2.89966e-09
24.5,12.5,0,2.0714,-7.54616e-05,1.57992e-09
24.5,12.6,0,1.03573,-4.03892e-05,2.60185e-10
24.5,12.7,0,0,0,0
24.6,0,0,0,0,0
24.6,0.1,0,1.30992,-1.31839e-05,-1.45569e-09
24.6,0.2,0,2.61984,-2.63679e-05,-2.91137e-09
24.6,0.3,0,3.3624,-4.13491e-05,-3.10947e-09
24.6,0.4,0,3.53759,-5.77628e-05,-2.54793e-09
24.6,0.5,0,3.71279,-7.43063e-05,-1.97468e-09
24.6,0.6,0,3.72588,-9.17477e-05,-1.87659e-09
24.6,0.7,0,3.73899,-0.000109189,-1.7785e-09
24.6,0.8,0,3.74587,-0.000126792,-1.54855e-09
24.6,0.9,0,3.74655,-0.000144322,-1.07379e-09
24.6,1,0,3.74723,-0.00016198,-7.30882e-10
24.6,1.1,0,3.74726,-0.000179905,-3.92417e-10
24.6,1.2,0,3.74729,-0.00019783,-5.39518e-11
24.6,1.3,0,3.7473,-0.000216131,1.1176e-10
24.6,1.4,0,3.74731,-0.000234503,3.9777e-10
24.6,1.5,0,3.74731,-0.000253055,5.27517e-10
24.6,1.6,0,3.74732,-0.000271975,9.18535e-10
24.6,1.7,0,3.74732,-0.000290895,1.30955e-09
24.6,1.8,0,3.74733,-0.000310337,1.55799e-09
24.6,1.9,0,3.74733,-0.000329875,1.88866e-09
24.6,2,0,3.74734,-0.000349663,2.18132e-09
24.6,2.1,0,3.74734,-0.000369868,2.46208e-09
24.6,2.2,0,3.74735,-0.000390072,2.74285e-09
24.6,2.3,0,3.74736,-0.000410912,3.03408e-09
24.6,2.4,0,3.74737,-0.000431809,3.26741e-09
24.6,2.5,0,3.74738,-0.000453037,3.58648e-09
24.6,2.6,0,3.74739,-0.000474625,3.71403e-09
24.6,2.7,0,3.7474,-0.000496213,3.84158e-09
24.6,2.8,0,3.74741,-0.000518508,3.98603e-09
24.6,2.9,0,3.74742,-0.000540761,3.93935e-09
24.6,3,0,3.74743,-0.000563433,3.98163e-09
24.6,3.1,0,3.74744,-0.000586297,3.76489e-09
24.6,3.2,0,3.74745,-0.000609161,3.54816e-09
24.6,3.3,0,3.74746,-0.000632752,3.35583e-09
24.6,3.4,0,3.74748,-0.000656144,3.0762e-09
24.6,3.5,0,3.74749,-0.000680041,2.81963e-09
24.6,3.6,0,3.74751,-0.000703852,2.57748e-09
24.6,3.7,0,3.74752,-0.000727663,2.33532e-09
24.6,3.8,0,3.74754,-0.000752161,2.14413e-09
24.6,3.9,0,3.74756,-0.000776256,1.99141e-09
24.6,4,0,3.74758,-0.00080093,1.84832e-09
24.6,4.1,0,3.74759,-0.000825145,1.57753e-09
24.6,4.2,0,3.74761,-0.000849361,1.30674e-09
24.6,4.3,0,3.74763,-0.000874159,7.19178e-10
24.6,4.4,0,3.74766,-0.000898325,-2.16675e-10
24.6,4.5,0,3.74768,-0.000923119,-1.06067e-09
24.6,4.6,0,3.7477,-0.000947026,-8.12569e-10
24.6,4.7,0,3.74773,-0.000970933,-5.64471e-10
24.6,4.8,0,3.74775,-0.000993536,3.6904e-10
24.6,4.9,0,3.74777,-0.00101356,1.83983e-09
24.6,5,0,3.74779,-0.00103414,3.25329e-09
24.6,5.1,0,3.74783,-0.0010654,5.3551e-09
24.6,5.2,0,3.74786,-0.00108773,6.57438e-09
24.6,5.3,0,3.74789,-0.00110964,6.89979e-09
24.6,5.4,0,3.74792,-0.00113112,7.09375e-09
24.6,5.5,0,3.74795,-0.0011521,7.73328e-09
24.6,5.6,0,3.74798,-0.00117257,8.84365e-09
24.6,5.7,0,3.74801,-0.00119248,9.92364e-09
24.6,5.8,0,3.74805,-0.00121178,9.90065e-09
24.6,5.9,0,3.74808,-0.00123049,6.57738e-09
24.6,6,0,3.74813,-0.00125854,-8.78806e-09
24.6,6.1,0,3.74816,-0.00127222,-8.37334e-09
24.6,6.2,0,3.74819,-0.0012859,-7.95861e-09
24.6,6.3,0,3.74822,-0.00129959,-7.54389e-09
24.6,6.4,0,3.74825,-0.00131397,-4.2982e-09
24.6,6.5,0,3.74829,-0.00132778,1.0196e-09
24.6,6.6,0,3.74833,-0.0013416,6.33741e-09
24.6,6.7,0,3.74837,-0.00135504,7.76906e-09
24.6,6.8,0,3.74841,-0.00136543,-7.59866e-10
24.6,6.9,0,3.74845,-0.00137583,-9.28879e-09
24.6,7,0,3.74849,-0.00138648,-1.79905e-08
24.6,7.1,0,3.74854,-0.00139371,-7.2833e-09
24.6,7.2,0,3.74858,-0.00140046,4.63537e-09
24.6,7.3,0,3.74862,-0.00140722,1.6554e-08
24.6,7.4,0,3.74866,-0.00141197,1.48469e-08
24.6,7.5,0,3.7487,-0.00141467,4.37459e-09
24.6,7.6,0,3.74875,-0.00141738,-6.09773e-09
24.6,7.7,0,3.74879,-0.00141931,-1.14561e-08
24.6,7.8,0,3.74883,-0.0014178,-4.70296e-09
24.6,7.9,0,3.74888,-0.0014163,2.05021e-09
24.6,8,0,3.74892,-0.00141479,8.80338e-09
24.6,8.1,0,3.74896,-0.0014094,7.13928e-09
24.6,8.2,0,3.74901,-0.00140344,5.80445e-09
24.6,8.3,0,3.74905,-0.00139749,4.46962e-09
24.6,8.4,0,3.74909,-0.001389,2.60916e-09
24.6,8.5,0,3.74913,-0.00137852,-2.29334e-09
24.6,8.6,0,3.74918,-0.00136803,-7.19585e-09
24.6,8.7,0,3.74922,-0.00135643,-1.04612e-08
24.6,8.8,0,3.74926,-0.0013414,-1.84159e-09
24.6,8.9,0,3.7493,-0.00132638,6.778e-09
24.6,9,0,3.74935,-0.00131135,1.53976e-08
24.6,9.1,0,3.74939,-0.00129209,7.9937e-09
24.6,9.2,0,3.74942,-0.00127254,-2.83896e-09
24.6,9.3,0,3.74946,-0.00125298,-1.36716e-08
24.6,9.4,0,3.7495,-0.00123071,-1.37558e-08
24.6,9.5,0,3.74954,-0.0012068,-3.34139e-09
24.6,9.6,0,3.74958,-0.0011829,7.07299e-09
24.6,9.7,0,3.74962,-0.00115765,1.40068e-08
24.6,9.8,0,3.74965,-0.00112956,6.59592e-09
24.6,9.9,0,3.74969,-0.00110146,-8.14915e-10
24.6,10,0,3.74972,-0.00107336,-8.22575e-09
24.6,10.1,0,3.74976,-0.0010413,-5.42821e-09
24.6,10.2,0,3.74979,-0.00100932,-1.36196e-09
24.6,10.3,0,3.74982,-0.000977345,2.70429e-09
24.6,10.4,0,3.74985,-0.000942762,4.00285e-09
24.6,10.5,0,3.74988,-0.000907229,4.31335e-09
24.6,10.6,0,3.74991,-0.000871695,4.62385e-09
24.6,10.7,0,3.74993,-0.000834715,5.34562e-09
24.6,10.8,0,3.74996,-0.000796023,2.89686e-09
24.6,10.9,0,3.74998,-0.000757331,4.48102e-10
24.6,11,0,3.75001,-0.000718639,-2.00066e-09
24.6,11.1,0,3.75003,-0.000676669,-5.94316e-10
24.6,11.2,0,3.75005,-0.000635262,2.53382e-09
24.6,11.3,0,3.75006,-0.000593856,5.66196e-09
24.6,11.4,0,3.75004,-0.000550253,6.68021e-09
24.6,11.5,0,3.74996,-0.000506698,4.83252e-09
24.6,11.6,0,3.74987,-0.000463143,2.98484e-09
24.6,11.7,0,3.74962,-0.000418091,1.61629e-09
24.6,11.8,0,3.74623,-0.000372667,2.04781e-09
24.6,11.9,0,3.74284,-0.000327244,2.47933e-09
24.6,12,0,3.73944,-0.000281821,2.91085e-09
24.6,12.1,0,3.68224,-0.000236059,3.12625e-09
24.6,12.2,0,3.60196,-0.000192241,3.5819e-09
24.6,12.3,0,3.52169,-0.000148423,4.03755e-09
24.6,12.4,0,3.10703,-0.00010628,3.74731e-09
24.6,12.5,0,2.07136,-7.12081e-05,2.42757e-09
24.6,12.6,0,1.03568,-3.61357e-05,1.10783e-09
24.6,12.7,0,0,0,0
24.7,0,0,0.188271,-6.79848e-07,-4.36077e-10
24.7,0.1,0,1.30993,-1.257e-05,-1.66987e-09
24.7,0.2,0,2.61985,-2.5754e-05,-3.12555e-09
24.7,0.3,0,3.36241,-3.98988e-05,-3.63932e-09
24.7,0.4,0,3.53761,-5.63125e-05,-3.07778e-09
24.7,0.5,0,3.7128,-7.27262e-05,-2.51624e-09
24.7,0.6,0,3.7259,-8.94919e-05,-2.3009e-09
24.7,0.7,0,3.739,-0.000106933,-2.20281e-09
24.7,0.8,0,3.74589,-0.000123731,-1.7399e-09
24.7,0.9,0,3.74657,-0.000141261,-1.26515e-09
24.7,1,0,3.74724,-0.000158791,-7.90391e-10
24.7,1.1,0,3.74727,-0.000175992,-2.35605e-10
24.7,1.2,0,3.7473,-0.000193917,1.0286e-10
24.7,1.3,0,3.74732,-0.000211301,6.17582e-10
24.7,1.4,0,3.74732,-0.000229673,9.03592e-10
24.7,1.5,0,3.74733,-0.000248045,1.1896e-09
24.7,1.6,0,3.74733,-0.000266154,1.67547e-09
24.7,1.7,0,3.74734,-0.000285074,2.06649e-09
24.7,1.8,0,3.74734,-0.000303443,2.38777e-09
24.7,1.9,0,3.74735,-0.000322981,2.71844e-09
24.7,2,0,3.74735,-0.00034252,3.04912e-09
24.7,2.1,0,3.74736,-0.000361812,3.1657e-09
24.7,2.2,0,3.74737,-0.000382017,3.44647e-09
24.7,2.3,0,3.74738,-0.0004016,3.45666e-09
24.7,2.4,0,3.74739,-0.000422497,3.68998e-09
24.7,2.5,0,3.74739,-0.000443393,3.9233e-09
24.7,2.6,0,3.74741,-0.000463958,3.79042e-09
24.7,2.7,0,3.74742,-0.000485546,3.91797e-09
24.7,2.8,0,3.74743,-0.000506387,3.75245e-09
24.7,2.9,0,3.74744,-0.000528639,3.70576e-09
24.7,3,0,3.74745,-0.000550892,3.65908e-09
24.7,3.1,0,3.74746,-0.000572622,3.32804e-09
24.7,3.2,0,3.74747,-0.000595486,3.11131e-09
24.7,3.3,0,3.74748,-0.000617429,2.83647e-09
24.7,3.4,0,3.7475,-0.000640821,2.55683e-09
24.7,3.5,0,3.74751,-0.000664213,2.2772e-09
24.7,3.6,0,3.74753,-0.000686794,2.06029e-09
24.7,3.7,0,3.74754,-0.000710605,1.81813e-09
24.7,3.8,0,3.74756,-0.000733292,1.64773e-09
24.7,3.9,0,3.74758,-0.000757387,1.49501e-09
24.7,4,0,3.7476,-0.000781482,1.34229e-09
24.7,4.1,0,3.74761,-0.000804403,1.12057e-09
24.7,4.2,0,3.74763,-0.000828619,8.49776e-10
24.7,4.3,0,3.74765,-0.000851496,3.24892e-10
24.7,4.4,0,3.74768,-0.000875661,-6.10961e-10
24.7,4.5,0,3.7477,-0.000899827,-1.54681e-09
24.7,4.6,0,3.74772,-0.000922414,-1.35757e-09
24.7,4.7,0,3.74775,-0.000946321,-1.10948e-09
24.7,4.8,0,3.74777,-0.00096755,-3.16213e-10
24.7,4.9,0,3.74779,-0.00098757,1.15458e-09
24.7,5,0,3.74781,-0.00100759,2.62537e-09
24.7,5.1,0,3.74785,-0.00103743,4.7285e-09
24.7,5.2,0,3.74788,-0.00105901,5.94326e-09
24.7,5.3,0,3.74791,-0.00108018,6.31495e-09
24.7,5.4,0,3.74793,-0.00110093,6.59854e-09
24.7,5.5,0,3.74796,-0.0011212,7.34818e-09
24.7,5.6,0,3.748,-0.00114096,8.59164e-09
24.7,5.7,0,3.74803,-0.00116017,9.82251e-09
24.7,5.8,0,3.74806,-0.0011788,9.9345e-09
24.7,5.9,0,3.74809,-0.00119684,6.69821e-09
24.7,6,0,3.74814,-0.00122341,-8.43791e-09
24.7,6.1,0,3.74817,-0.00123647,-8.33306e-09
24.7,6.2,0,3.7482,-0.00125015,-7.91834e-09
24.7,6.3,0,3.74823,-0.00126384,-7.50362e-09
24.7,6.4,0,3.74827,-0.00127646,-5.26847e-09
24.7,6.5,0,3.7483,-0.00129028,4.9335e-11
24.7,6.6,0,3.74834,-0.00130409,5.36714e-09
24.7,6.7,0,3.74838,-0.00131598,8.89683e-09
24.7,6.8,0,3.74842,-0.00132638,3.67907e-10
24.7,6.9,0,3.74846,-0.00133677,-8.16102e-09
24.7,7,0,3.7485,-0.00134716,-1.66899e-08
24.7,7.1,0,3.74854,-0.00135347,-8.21321e-09
24.7,7.2,0,3.74858,-0.00136022,3.70546e-09
24.7,7.3,0,3.74862,-0.00136698,1.56241e-08
24.7,7.4,0,3.74866,-0.00137097,1.5752e-08
24.7,7.5,0,3.74871,-0.00137368,5.27967e-09
24.7,7.6,0,3.74875,-0.00137638,-5.19265e-09
24.7,7.7,0,3.74879,-0.00137801,-1.17438e-08
24.7,7.8,0,3.74883,-0.0013765,-5.04788e-09
24.7,7.9,0,3.74887,-0.00137499,1.70529e-09
24.7,8,0,3.74892,-0.00137348,8.45846e-09
24.7,8.1,0,3.74896,-0.00136827,7.01589e-09
24.7,8.2,0,3.749,-0.00136232,5.68106e-09
24.7,8.3,0,3.74904,-0.00135636,4.34624e-09
24.7,8.4,0,3.74908,-0.00134855,3.0764e-09
24.7,8.5,0,3.74912,-0.00133807,-1.8261e-09
24.7,8.6,0,3.74917,-0.00132758,-6.7286e-09
24.7,8.7,0,3.74921,-0.00131687,-1.0594e-08
24.7,8.8,0,3.74925,-0.00130214,-2.70095e-09
24.7,8.9,0,3.74929,-0.00128711,5.91864e-09
24.7,9,0,3.74933,-0.00127208,1.45382e-08
24.7,9.1,0,3.74937,-0.00125452,9.06654e-09
24.7,9.2,0,3.74941,-0.00123496,-1.76612e-09
24.7,9.3,0,3.74945,-0.0012154,-1.25988e-08
24.7,9.4,0,3.74948,-0.0011953,-1.45396e-08
24.7,9.5,0,3.74952,-0.0011714,-4.12517e-09
24.7,9.6,0,3.74956,-0.00114749,6.28921e-09
24.7,9.7,0,3.74959,-0.00112397,1.45199e-08
24.7,9.8,0,3.74963,-0.0010968,7.55718e-09
24.7,9.9,0,3.74966,-0.00106871,1.46343e-10
24.7,10,0,3.7497,-0.00104061,-7.2645e-09
24.7,10.1,0,3.74973,-0.00101163,-5.53857e-09
24.7,10.2,0,3.74976,-0.000979651,-1.47232e-09
24.7,10.3,0,3.74979,-0.000947672,2.59393e-09
24.7,10.4,0,3.74982,-0.000916572,4.29488e-09
24.7,10.5,0,3.74985,-0.000881039,4.60537e-09
24.7,10.6,0,3.74987,-0.000845506,4.91587e-09
24.7,10.7,0,3.7499,-0.000810599,5.21007e-09
24.7,10.8,0,3.74992,-0.00077367,3.2472e-09
24.7,10.9,0,3.74995,-0.000734978,7.98441e-10
24.7,11,0,3.74997,-0.000696286,-1.65032e-09
24.7,11.1,0,3.74999,-0.000658451,-6.11388e-10
24.7,11.2,0,3.75001,-0.000617044,2.51675e-09
24.7,11.3,0,3.75003,-0.000575638,5.64489e-09
24.7,11.4,0,3.75,-0.000536404,6.73326e-09
24.7,11.5,0,3.74992,-0.000492848,4.88558e-09
24.7,11.6,0,3.74984,-0.000449293,3.03789e-09
24.7,11.7,0,3.74959,-0.000406194,1.29734e-09
24.7,11.8,0,3.74619,-0.000363376,1.69649e-09
24.7,11.9,0,3.7428,-0.000317953,2.12802e-09
24.7,12,0,3.73941,-0.00027253,2.55954e-09
24.7,12.1,0,3.6822,-0.000231233,3.11896e-09
24.7,12.2,0,3.60193,-0.000187415,3.57461e-09
24.7,12.3,0,3.52166,-0.000143596,4.03025e-09
24.7,12.4,0,3.30406,-0.000107482,3.73726e-09
24.7,12.5,0,2.26839,-7.24095e-05,2.41752e-09
24.7,12.6,0,1.23272,-3.73371e-05,1.09778e-09
24.7,12.7,0,0.197046,-2.26473e-06,-2.2196e-10
24.8,0,0,0.439298,-1.58631e-06,-1.01751e-09
24.8,0.1,0,1.30994,-1.17515e-05,-1.95544e-09
24.8,0.2,0,2.61986,-2.49355e-05,-3.41113e-09
24.8,0.3,0,3.36243,-3.82083e-05,-4.01382e-09
24.8,0.4,0,3.53762,-5.4622e-05,-3.45228e-09
24.8,0.5,0,3.71281,-7.10357e-05,-2.89074e-09
24.8,0.6,0,3.72592,-8.69004e-05,-2.51908e-09
24.8,0.7,0,3.73902,-0.000104342,-2.42099e-09
24.8,0.8,0,3.7459,-0.000120223,-1.72276e-09
24.8,0.9,0,3.74658,-0.000137753,-1.248e-09
24.8,1,0,3.74726,-0.000155283,-7.73245e-10
24.8,1.1,0,3.74729,-0.000171517,6.99675e-11
24.8,1.2,0,3.74732,-0.000189442,4.08433e-10
24.8,1.3,0,3.74733,-0.000205805,1.19314e-09
24.8,1.4,0,3.74734,-0.000224177,1.47915e-09
24.8,1.5,0,3.74734,-0.00024255,1.76516e-09
24.8,1.6,0,3.74735,-0.000259577,2.3775e-09
24.8,1.7,0,3.74735,-0.000278497,2.76852e-09
24.8,1.8,0,3.74736,-0.000295719,3.03703e-09
24.8,1.9,0,3.74736,-0.000315257,3.3677e-09
24.8,2,0,3.74737,-0.000334796,3.69838e-09
24.8,2.1,0,3.74738,-0.000352871,3.59606e-09
24.8,2.2,0,3.74738,-0.000373076,3.87682e-09
24.8,2.3,0,3.74739,-0.000391369,3.55788e-09
24.8,2.4,0,3.7474,-0.000412266,3.79121e-09
24.8,2.5,0,3.74741,-0.000433162,4.02453e-09
24.8,2.6,0,3.74742,-0.000452362,3.5444e-09
24.8,2.7,0,3.74743,-0.00047395,3.67195e-09
24.8,2.8,0,3.74744,-0.000493352,3.23182e-09
24.8,2.9,0,3.74745,-0.000515605,3.18514e-09
24.8,3,0,3.74746,-0.000537857,3.13846e-09
24.8,3.1,0,3.74748,-0.000558076,2.65501e-09
24.8,3.2,0,3.74749,-0.000580939,2.43828e-09
24.8,3.3,0,3.7475,-0.000601304,2.1279e-09
24.8,3.4,0,3.74751,-0.000624696,1.84827e-09
24.8,3.5,0,3.74753,-0.000648088,1.56863e-09
24.8,3.6,0,3.74754,-0.00066903,1.38537e-09
24.8,3.7,0,3.74756,-0.000692841,1.14322e-09
24.8,3.8,0,3.74758,-0.000713839,1.00887e-09
24.8,3.9,0,3.7476,-0.000737934,8.56147e-10
24.8,4,0,3.74761,-0.000762029,7.03424e-10
24.8,4.1,0,3.74763,-0.000783224,5.47137e-10
24.8,4.2,0,3.74765,-0.00080744,2.76345e-10
24.8,4.3,0,3.74767,-0.000828564,-1.43954e-10
24.8,4.4,0,3.74769,-0.00085273,-1.07981e-09
24.8,4.5,0,3.74772,-0.000876896,-2.01566e-09
24.8,4.6,0,3.74774,-0.000897723,-1.90489e-09
24.8,4.7,0,3.74776,-0.00092163,-1.6568e-09
24.8,4.8,0,3.74779,-0.000941879,-9.51777e-10
24.8,4.9,0,3.74781,-0.0009619,5.19015e-10
24.8,5,0,3.74783,-0.00098192,1.98981e-09
24.8,5.1,0,3.74787,-0.00101035,4.01915e-09
24.8,5.2,0,3.74789,-0.00103129,5.21517e-09
24.8,5.3,0,3.74792,-0.00105184,5.64593e-09
24.8,5.4,0,3.74795,-0.00107197,6.03142e-09
24.8,5.5,0,3.74798,-0.00109164,6.88792e-09
24.8,5.6,0,3.74801,-0.0011108,8.24056e-09
24.8,5.7,0,3.74804,-0.00112944,9.58985e-09
24.8,5.8,0,3.74808,-0.00114751,9.82846e-09
24.8,5.9,0,3.74811,-0.001165,6.76861e-09
24.8,6,0,3.74816,-0.00119008,-7.48496e-09
24.8,6.1,0,3.74818,-0.00120231,-7.79327e-09
24.8,6.2,0,3.74821,-0.00121599,-7.37855e-09
24.8,6.3,0,3.74824,-0.00122968,-6.96383e-09
24.8,6.4,0,3.74827,-0.00124085,-6.45559e-09
24.8,6.5,0,3.74831,-0.00125458,-1.23297e-09
24.8,6.6,0,3.74835,-0.0012684,4.08483e-09
24.8,6.7,0,3.74839,-0.00128025,7.72046e-09
24.8,6.8,0,3.74843,-0.00128948,2.24014e-09
24.8,6.9,0,3.74847,-0.00129988,-6.28878e-09
24.8,7,0,3.74851,-0.00131027,-1.48177e-08
24.8,7.1,0,3.74854,-0.00131573,-9.56705e-09
24.8,7.2,0,3.74859,-0.00132248,2.35162e-09
24.8,7.3,0,3.74863,-0.00132924,1.42703e-08
24.8,7.4,0,3.74866,-0.00133286,1.61891e-08
24.8,7.5,0,3.74871,-0.00133548,6.11755e-09
24.8,7.6,0,3.74875,-0.00133819,-4.35477e-09
24.8,7.7,0,3.74879,-0.00133982,-1.09059e-08
24.8,7.8,0,3.74883,-0.00133827,-4.79993e-09
24.8,7.9,0,3.74887,-0.00133677,1.95324e-09
24.8,8,0,3.74891,-0.00133526,8.70641e-09
24.8,8.1,0,3.74895,-0.00133045,6.04179e-09
24.8,8.2,0,3.74899,-0.0013245,4.70697e-09
24.8,8.3,0,3.74903,-0.00131854,3.37214e-09
24.8,8.4,0,3.74907,-0.00131132,3.95807e-09
24.8,8.5,0,3.74911,-0.0013011,-9.72433e-11
24.8,8.6,0,3.74916,-0.00129061,-4.99975e-09
24.8,8.7,0,3.7492,-0.0012799,-8.86519e-09
24.8,8.8,0,3.74923,-0.00126647,-4.16389e-09
24.8,8.9,0,3.74928,-0.00125144,4.4557e-09
24.8,9,0,3.74932,-0.00123642,1.30753e-08
24.8,9.1,0,3.74935,-0.0012206,1.08611e-08
24.8,9.2,0,3.74939,-0.00120104,2.84407e-11
24.8,9.3,0,3.74943,-0.00118149,-1.08042e-08
24.8,9.4,0,3.74946,-0.0011626,-1.40286e-08
24.8,9.5,0,3.7495,-0.00113966,-4.63944e-09
24.8,9.6,0,3.74954,-0.00111575,5.77494e-09
24.8,9.7,0,3.74957,-0.00109223,1.40056e-08
24.8,9.8,0,3.7496,-0.00106764,8.29386e-09
24.8,9.9,0,3.74964,-0.00103955,8.83021e-10
24.8,10,0,3.74968,-0.00101145,-6.52782e-09
24.8,10.1,0,3.7497,-0.000985437,-4.86177e-09
24.8,10.2,0,3.74973,-0.000953458,-7.95522e-10
24.8,10.3,0,3.74977,-0.000921479,3.27073e-09
24.8,10.4,0,3.74979,-0.000891785,4.58872e-09
24.8,10.5,0,3.74982,-0.000858151,4.38189e-09
24.8,10.6,0,3.74985,-0.000822618,4.69238e-09
24.8,10.7,0,3.74987,-0.000787711,4.98659e-09
24.8,10.8,0,3.74989,-0.00075439,4.01774e-09
24.8,10.9,0,3.74992,-0.000715697,1.56898e-09
24.8,11,0,3.74994,-0.000677005,-8.79778e-10
24.8,11.1,0,3.74996,-0.000643027,-7.67493e-10
24.8,11.2,0,3.74998,-0.00060162,2.36065e-09
24.8,11.3,0,3.75,-0.000560214,5.48879e-09
24.8,11.4,0,3.74997,-0.000522171,6.55773e-09
24.8,11.5,0,3.74989,-0.000481467,4.66355e-09
24.8,11.6,0,3.7498,-0.000437912,2.81587e-09
24.8,11.7,0,3.74955,-0.000394812,1.07532e-09
24.8,11.8,0,3.74616,-0.000356201,1.42221e-09
24.8,11.9,0,3.74277,-0.000310777,1.85373e-09
24.8,12,0,3.73937,-0.000265354,2.28525e-09
24.8,12.1,0,3.68217,-0.000228062,2.99269e-09
24.8,12.2,0,3.6019,-0.000184244,3.44833e-09
24.8,12.3,0,3.52163,-0.000140425,3.90398e-09
24.8,12.4,0,3.34717,-0.000105327,3.58313e-09
24.8,12.5,0,2.53112,-7.54291e-05,2.12157e-09
24.8,12.6,0,1.49545,-4.03567e-05,8.01831e-10
24.8,12.7,0,0.459773,-5.28438e-06,-5.17908e-10
24.9,0,0,0.690325,-2.49278e-06,-1.59895e-09
24.9,0.1,0,1.30995,-1.0933e-05,-2.24102e-09
24.9,0.2,0,2.61988,-2.41169e-05,-3.6967e-09
24.9,0.3,0,3.36244,-3.73898e-05,-4.2994e-09
24.9,0.4,0,3.53763,-5.29315e-05,-3.82678e-09
24.9,0.5,0,3.71283,-6.93452e-05,-3.26524e-09
24.9,0.6,0,3.72593,-8.43089e-05,-2.73726e-09
24.9,0.7,0,3.73903,-0.00010175,-2.63917e-09
24.9,0.8,0,3.74592,-0.000117632,-1.94093e-09
24.9,0.9,0,3.7466,-0.000134245,-1.23085e-09
24.9,1,0,3.74727,-0.000151775,-7.56099e-10
24.9,1.1,0,3.7473,-0.000167042,3.7554e-10
24.9,1.2,0,3.74733,-0.000184968,7.14005e-10
24.9,1.3,0,3.74735,-0.00020133,1.49871e-09
24.9,1.4,0,3.74735,-0.000218681,2.0547e-09
24.9,1.5,0,3.74736,-0.000237054,2.34071e-09
24.9,1.6,0,3.74736,-0.000253,3.07952e-09
24.9,1.7,0,3.74737,-0.00027192,3.47054e-09
24.9,1.8,0,3.74738,-0.000289142,3.73905e-09
24.9,1.9,0,3.74738,-0.000307533,4.01697e-09
24.9,2,0,3.74739,-0.000327071,4.34764e-09
24.9,2.1,0,3.74739,-0.00034393,4.02642e-09
24.9,2.2,0,3.7474,-0.000364135,4.30718e-09
24.9,2.3,0,3.74741,-0.000382428,3.98824e-09
24.9,2.4,0,3.74742,-0.000402035,3.89243e-09
24.9,2.5,0,3.74743,-0.000422931,4.12575e-09
24.9,2.6,0,3.74744,-0.000440767,3.29839e-09
24.9,2.7,0,3.74745,-0.000462355,3.42593e-09
24.9,2.8,0,3.74746,-0.000481757,2.98581e-09
24.9,2.9,0,3.74747,-0.00050257,2.66452e-09
24.9,3,0,3.74748,-0.000524823,2.61784e-09
24.9,3.1,0,3.74749,-0.00054353,1.98198e-09
24.9,3.2,0,3.74751,-0.000566393,1.76525e-09
24.9,3.3,0,3.74752,-0.000586758,1.45487e-09
24.9,3.4,0,3.74753,-0.000608571,1.1397e-09
24.9,3.5,0,3.74755,-0.000631963,8.60063e-10
24.9,3.6,0,3.74756,-0.000651267,7.10455e-10
24.9,3.7,0,3.74758,-0.000675078,4.68301e-10
24.9,3.8,0,3.7476,-0.000696075,3.33956e-10
24.9,3.9,0,3.74761,-0.000718481,2.17285e-10
24.9,4,0,3.74763,-0.000742576,6.4562e-11
24.9,4.1,0,3.74765,-0.000762045,-2.62943e-11
24.9,4.2,0,3.74767,-0.00078626,-2.97086e-10
24.9,4.3,0,3.74769,-0.000807385,-7.17385e-10
24.9,4.4,0,3.74771,-0.000829799,-1.54865e-09
24.9,4.5,0,3.74773,-0.000853964,-2.48451e-09
24.9,4.6,0,3.74776,-0.000873032,-2.45222e-09
24.9,4.7,0,3.74778,-0.000896939,-2.20412e-09
24.9,4.8,0,3.7478,-0.000917189,-1.4991e-09
24.9,4.9,0,3.74783,-0.00093623,-1.16549e-10
24.9,5,0,3.74785,-0.00095625,1.35424e-09
24.9,5.1,0,3.74788,-0.00098327,3.3098e-09
24.9,5.2,0,3.74791,-0.00100357,4.48708e-09
24.9,5.3,0,3.74794,-0.0010235,4.9769e-09
24.9,5.4,0,3.74797,-0.00104301,5.46429e-09
24.9,5.5,0,3.74799,-0.00106207,6.42766e-09
24.9,5.6,0,3.74803,-0.00108065,7.88948e-09
24.9,5.7,0,3.74806,-0.00109871,9.35719e-09
24.9,5.8,0,3.74809,-0.00111621,9.72241e-09
24.9,5.9,0,3.74812,-0.00113315,6.83902e-09
24.9,6,0,3.74817,-0.00115676,-6.532e-09
24.9,6.1,0,3.7482,-0.00116826,-7.19644e-09
24.9,6.2,0,3.74823,-0.00118183,-6.83876e-09
24.9,6.3,0,3.74825,-0.00119552,-6.42403e-09
24.9,6.4,0,3.74829,-0.00120669,-5.9158e-09
24.9,6.5,0,3.74832,-0.00121889,-2.51528e-09
24.9,6.6,0,3.74836,-0.00123271,2.80253e-09
24.9,6.7,0,3.7484,-0.00124456,6.43815e-09
24.9,6.8,0,3.74843,-0.00125259,4.11237e-09
24.9,6.9,0,3.74847,-0.00126298,-4.41655e-09
24.9,7,0,3.74851,-0.00127338,-1.29455e-08
24.9,7.1,0,3.74855,-0.00127821,-1.00542e-08
24.9,7.2,0,3.74859,-0.00128475,9.97775e-10
24.9,7.3,0,3.74863,-0.0012915,1.29164e-08
24.9,7.4,0,3.74867,-0.00129512,1.48353e-08
24.9,7.5,0,3.74871,-0.00129729,6.95542e-09
24.9,7.6,0,3.74875,-0.0013,-3.5169e-09
24.9,7.7,0,3.74879,-0.00130163,-1.00681e-08
24.9,7.8,0,3.74882,-0.00130005,-4.55198e-09
24.9,7.9,0,3.74887,-0.00129854,2.20119e-09
24.9,8,0,3.74891,-0.00129703,8.95436e-09
24.9,8.1,0,3.74894,-0.00129247,5.5556e-09
24.9,8.2,0,3.74899,-0.00128667,3.73287e-09
24.9,8.3,0,3.74903,-0.00128072,2.39804e-09
24.9,8.4,0,3.74907,-0.0012735,2.98397e-09
24.9,8.5,0,3.7491,-0.00126413,1.63161e-09
24.9,8.6,0,3.74915,-0.00125365,-3.27089e-09
24.9,8.7,0,3.74919,-0.00124293,-7.13633e-09
24.9,8.8,0,3.74922,-0.0012308,-5.62684e-09
24.9,8.9,0,3.74926,-0.00121578,2.99275e-09
24.9,9,0,3.7493,-0.00120075,1.16123e-08
24.9,9.1,0,3.74934,-0.00118575,1.09297e-08
24.9,9.2,0,3.74937,-0.00116712,1.823e-09
24.9,9.3,0,3.74941,-0.00114757,-9.00966e-09
24.9,9.4,0,3.74945,-0.00112868,-1.22341e-08
24.9,9.5,0,3.74948,-0.00110791,-5.15372e-09
24.9,9.6,0,3.74952,-0.00108401,5.26066e-09
24.9,9.7,0,3.74955,-0.00106049,1.34914e-08
24.9,9.8,0,3.74958,-0.00103849,9.03054e-09
24.9,9.9,0,3.74962,-0.00101039,1.6197e-09
24.9,10,0,3.74965,-0.000982293,-5.79114e-09
24.9,10.1,0,3.74968,-0.000957286,-4.14543e-09
24.9,10.2,0,3.74971,-0.000927265,-1.18722e-10
24.9,10.3,0,3.74974,-0.000895286,3.94753e-09
24.9,10.4,0,3.74977,-0.000865592,5.26552e-09
24.9,10.5,0,3.74979,-0.000835263,4.1584e-09
24.9,10.6,0,3.74982,-0.000799729,4.4689e-09
24.9,10.7,0,3.74984,-0.000764823,4.7631e-09
24.9,10.8,0,3.74986,-0.000735109,4.78828e-09
24.9,10.9,0,3.74989,-0.000696417,2.33952e-09
24.9,11,0,3.74991,-0.000657725,-1.09236e-10
24.9,11.1,0,3.74993,-0.000624552,-1.9058e-10
24.9,11.2,0,3.74995,-0.000586196,2.20454e-09
24.9,11.3,0,3.74996,-0.00054479,5.33268e-09
24.9,11.4,0,3.74994,-0.000506747,6.40162e-09
24.9,11.5,0,3.74985,-0.000470085,4.44153e-09
24.9,11.6,0,3.74977,-0.00042653,2.59384e-09
24.9,11.7,0,3.74952,-0.00038343,8.53294e-10
24.9,11.8,0,3.74613,-0.000348994,1.14831e-09
24.9,11.9,0,3.74273,-0.000303602,1.57944e-09
24.9,12,0,3.73934,-0.000258178,2.01097e-09
24.9,12.1,0,3.68214,-0.0002212,2.73e-09
24.9,12.2,0,3.60187,-0.000181073,3.32206e-09
24.9,12.3,0,3.5216,-0.000137254,3.77771e-09
24.9,12.4,0,3.34714,-0.000102156,3.45686e-09
24.9,12.5,0,2.79385,-7.84488e-05,1.82562e-09
24.9,12.6,0,1.75817,-4.33764e-05,5.05884e-10
24.9,12.7,0,0.722501,-8.30402e-06,-8.13855e-10
25,0,0,0.941353,-3.39924e-06,-2.18038e-09
25,0.1,0,1.37272,-1.05457e-05,-2.60056e-09
25,0.2,0,2.61989,-2.32984e-05,-3.98228e-09
25,0.3,0,3.36245,-3.65712e-05,-4.58497e-09
25,0.4,0,3.53765,-5.1241e-05,-4.20128e-09
25,0.5,0,3.71284,-6.76547e-05,-3.63974e-09
25,0.6,0,3.72594,-8.19426e-05,-2.99451e-09
25,0.7,0,3.73904,-9.91588e-05,-2.85734e-09
25,0.8,0,3.74593,-0.00011504,-2.15911e-09
25,0.9,0,3.74661,-0.000130737,-1.21371e-09
25,1,0,3.74729,-0.000148267,-7.38954e-10
25,1.1,0,3.74732,-0.000162809,6.09006e-10
25,1.2,0,3.74735,-0.000180493,1.01958e-09
25,1.3,0,3.74736,-0.000196855,1.80428e-09
25,1.4,0,3.74737,-0.000213186,2.63025e-09
25,1.5,0,3.74737,-0.000231558,2.91626e-09
25,1.6,0,3.74738,-0.000246693,3.74993e-09
25,1.7,0,3.74739,-0.000265343,4.17256e-09
25,1.8,0,3.74739,-0.000282565,4.44108e-09
25,1.9,0,3.7474,-0.000299809,4.66623e-09
25,2,0,3.7474,-0.000319347,4.9969e-09
25,2.1,0,3.74741,-0.000335293,4.5115e-09
25,2.2,0,3.74742,-0.000355194,4.73754e-09
25,2.3,0,3.74742,-0.000373487,4.4186e-09
25,2.4,0,3.74743,-0.000391804,3.99365e-09
25,2.5,0,3.74744,-0.000412701,4.22698e-09
25,2.6,0,3.74746,-0.000429512,3.13918e-09
25,2.7,0,3.74747,-0.000450759,3.17992e-09
25,2.8,0,3.74748,-0.000470161,2.73979e-09
25,2.9,0,3.74749,-0.000489535,2.14389e-09
25,3,0,3.7475,-0.000511788,2.09721e-09
25,3.1,0,3.74751,-0.000529361,1.34705e-09
25,3.2,0,3.74752,-0.000551847,1.09222e-09
25,3.3,0,3.74754,-0.000572212,7.81841e-10
25,3.4,0,3.74755,-0.000592446,4.31129e-10
25,3.5,0,3.74756,-0.000615838,1.51495e-10
25,3.6,0,3.74758,-0.000633912,2.71266e-11
25,3.7,0,3.7476,-0.000657314,-2.06614e-10
25,3.8,0,3.74761,-0.000678311,-3.4096e-10
25,3.9,0,3.74763,-0.000699028,-4.21577e-10
25,4,0,3.74765,-0.000723123,-5.743e-10
25,4.1,0,3.74767,-0.000741297,-6.16083e-10
25,4.2,0,3.74769,-0.000765081,-8.70517e-10
25,4.3,0,3.74771,-0.000786206,-1.29082e-09
25,4.4,0,3.74773,-0.000806867,-2.0175e-09
25,4.5,0,3.74775,-0.000831033,-2.95335e-09
25,4.6,0,3.74778,-0.000848781,-2.97992e-09
25,4.7,0,3.7478,-0.000872248,-2.75144e-09
25,4.8,0,3.74782,-0.000892498,-2.04642e-09
25,4.9,0,3.74785,-0.00091056,-7.52112e-10
25,5,0,3.74787,-0.00093058,7.18679e-10
25,5.1,0,3.7479,-0.000956191,2.60045e-09
25,5.2,0,3.74792,-0.000975857,3.75899e-09
25,5.3,0,3.74796,-0.000995154,4.30787e-09
25,5.4,0,3.74798,-0.00101405,4.89717e-09
25,5.5,0,3.74801,-0.00103251,5.96739e-09
25,5.6,0,3.74804,-0.0010505,7.53839e-09
25,5.7,0,3.74807,-0.00106798,9.12453e-09
25,5.8,0,3.74811,-0.00108492,9.61636e-09
25,5.9,0,3.74813,-0.00110131,6.90942e-09
25,6,0,3.74818,-0.00112344,-5.57904e-09
25,6.1,0,3.74821,-0.00113494,-6.24348e-09
25,6.2,0,3.74824,-0.00114767,-6.29896e-09
25,6.3,0,3.74827,-0.00116136,-5.88424e-09
25,6.4,0,3.7483,-0.00117253,-5.37601e-09
25,6.5,0,3.74833,-0.0011832,-3.79758e-09
25,6.6,0,3.74837,-0.00119702,1.52022e-09
25,6.7,0,3.7484,-0.00120887,5.15585e-09
25,6.8,0,3.74844,-0.00121613,4.86639e-09
25,6.9,0,3.74848,-0.00122609,-2.54432e-09
25,7,0,3.74852,-0.00123648,-1.10732e-08
25,7.1,0,3.74855,-0.00124132,-8.18195e-09
25,7.2,0,3.74859,-0.00124701,-3.56066e-10
25,7.3,0,3.74863,-0.00125376,1.15626e-08
25,7.4,0,3.74867,-0.00125738,1.34815e-08
25,7.5,0,3.74871,-0.0012591,7.7933e-09
25,7.6,0,3.74875,-0.00126181,-2.67902e-09
25,7.7,0,3.74879,-0.00126344,-9.23018e-09
25,7.8,0,3.74882,-0.00126184,-4.01787e-09
25,7.9,0,3.74886,-0.00126032,2.44914e-09
25,8,0,3.74891,-0.00125881,9.20231e-09
25,8.1,0,3.74894,-0.00125424,5.80355e-09
25,8.2,0,3.74898,-0.00124885,2.75877e-09
25,8.3,0,3.74902,-0.00124289,1.42394e-09
25,8.4,0,3.74906,-0.00123567,2.00987e-09
25,8.5,0,3.74909,-0.00122717,3.36047e-09
25,8.6,0,3.74914,-0.00121668,-1.54203e-09
25,8.7,0,3.74918,-0.00120597,-5.40748e-09
25,8.8,0,3.74921,-0.00119433,-5.12468e-09
25,8.9,0,3.74925,-0.00118011,1.52981e-09
25,9,0,3.74929,-0.00116508,1.01494e-08
25,9.1,0,3.74932,-0.00115009,9.46673e-09
25,9.2,0,3.74936,-0.00113321,3.61757e-09
25,9.3,0,3.74939,-0.00111365,-7.21509e-09
25,9.4,0,3.74943,-0.00109476,-1.04395e-08
25,9.5,0,3.74946,-0.00107617,-5.66799e-09
25,9.6,0,3.7495,-0.00105227,4.74639e-09
25,9.7,0,3.74953,-0.00102875,1.29771e-08
25,9.8,0,3.74956,-0.0010074,8.83367e-09
25,9.9,0,3.74959,-0.000981232,2.35638e-09
25,10,0,3.74963,-0.000953135,-5.05446e-09
25,10.1,0,3.74966,-0.000928128,-3.40875e-09
25,10.2,0,3.74968,-0.000901072,5.58077e-10
25,10.3,0,3.74971,-0.000869092,4.62433e-09
25,10.4,0,3.74974,-0.000839399,5.94232e-09
25,10.5,0,3.74976,-0.000812375,3.93492e-09
25,10.6,0,3.74979,-0.000776841,4.24541e-09
25,10.7,0,3.74982,-0.000741935,4.53962e-09
25,10.8,0,3.74984,-0.000712665,4.6872e-09
25,10.9,0,3.74986,-0.000677136,3.11006e-09
25,11,0,3.74988,-0.000638444,6.61305e-10
25,11.1,0,3.7499,-0.000605271,5.79962e-10
25,11.2,0,3.74991,-0.000570773,2.04844e-09
25,11.3,0,3.74993,-0.000529366,5.17658e-09
25,11.4,0,3.74991,-0.000491323,6.24552e-09
25,11.5,0,3.74982,-0.000458326,4.22565e-09
25,11.6,0,3.74974,-0.000415148,2.37182e-09
25,11.7,0,3.74949,-0.000372049,6.31269e-10
25,11.8,0,3.74609,-0.000337612,9.26285e-10
25,11.9,0,3.7427,-0.000296426,1.30516e-09
25,12,0,3.73931,-0.000251003,1.73668e-09
25,12.1,0,3.68211,-0.000214025,2.45571e-09
25,12.2,0,3.60184,-0.000177902,3.19579e-09
25,12.3,0,3.52157,-0.000134083,3.65144e-09
25,12.4,0,3.34712,-9.89853e-05,3.33058e-09
25,12.5,0,2.99775,-8.00824e-05,1.56766e-09
25,12.6,0,2.0209,-4.6396e-05,2.09936e-10
25,12.7,0,0.985228,-1.13237e-05,-1.1098e-09
25.1,0,0,1.19238,-4.3057e-06,-2.76182e-09
25.1,0.1,0,1.62375,-1.14521e-05,-3.18199e-09
25.1,0.2,0,2.6199,-2.24798e-05,-4.26785e-09
25.1,0.3,0,3.36246,-3.57527e-05,-4.87055e-09
25.1,0.4,0,3.53766,-4.95505e-05,-4.57578e-09
25.1,0.5,0,3.71286,-6.59642e-05,-4.01424e-09
25.1,0.6,0,3.72596,-8.02521e-05,-3.36901e-09
25.1,0.7,0,3.73906,-9.65673e-05,-3.07552e-09
25.1,0.8,0,3.74595,-0.000112449,-2.37728e-09
25.1,0.9,0,3.74662,-0.000127229,-1.19656e-09
25.1,1,0,3.7473,-0.000144759,-7.21808e-10
25.1,1.1,0,3.74733,-0.000159301,6.26152e-10
25.1,1.2,0,3.74736,-0.000176018,1.32515e-09
25.1,1.3,0,3.74738,-0.00019238,2.10985e-09
25.1,1.4,0,3.74738,-0.00020769,3.2058e-09
25.1,1.5,0,3.74739,-0.000226062,3.49181e-09
25.1,1.6,0,3.7474,-0.000241197,4.32548e-09
25.1,1.7,0,3.7474,-0.000258766,4.87459e-09
25.1,1.8,0,3.74741,-0.000275987,5.1431e-09
25.1,1.9,0,3.74741,-0.000292085,5.31549e-09
25.1,2,0,3.74742,-0.000311623,5.64617e-09
25.1,2.1,0,3.74743,-0.000327569,5.16076e-09
25.1,2.2,0,3.74743,-0.000346253,5.1679e-09
25.1,2.3,0,3.74744,-0.000364546,4.84896e-09
25.1,2.4,0,3.74745,-0.000381573,4.09488e-09
25.1,2.5,0,3.74746,-0.00040247,4.3282e-09
25.1,2.6,0,3.74747,-0.000419282,3.2404e-09
25.1,2.7,0,3.74748,-0.000439164,2.9339e-09
25.1,2.8,0,3.74749,-0.000458566,2.49377e-09
25.1,2.9,0,3.74751,-0.000476501,1.62327e-09
25.1,3,0,3.74752,-0.000498753,1.57659e-09
25.1,3.1,0,3.74753,-0.000516327,8.2643e-10
25.1,3.2,0,3.74754,-0.000537301,4.19187e-10
25.1,3.3,0,3.74756,-0.000557666,1.08811e-10
25.1,3.4,0,3.74757,-0.000576321,-2.77439e-10
25.1,3.5,0,3.74758,-0.000599713,-5.57074e-10
25.1,3.6,0,3.7476,-0.000617787,-6.81442e-10
25.1,3.7,0,3.74762,-0.00063955,-8.81529e-10
25.1,3.8,0,3.74763,-0.000660547,-1.01587e-09
25.1,3.9,0,3.74765,-0.000679575,-1.06044e-09
25.1,4,0,3.74767,-0.000703671,-1.21316e-09
25.1,4.1,0,3.74769,-0.000721844,-1.25495e-09
25.1,4.2,0,3.7477,-0.000743902,-1.44395e-09
25.1,4.3,0,3.74773,-0.000765026,-1.86425e-09
25.1,4.4,0,3.74775,-0.000783936,-2.48635e-09
25.1,4.5,0,3.74777,-0.000808101,-3.4222e-09
25.1,4.6,0,3.74779,-0.00082585,-3.44876e-09
25.1,4.7,0,3.74782,-0.000847557,-3.29876e-09
25.1,4.8,0,3.74784,-0.000867807,-2.59374e-09
25.1,4.9,0,3.74786,-0.000884889,-1.38768e-09
25.1,5,0,3.74788,-0.00090491,8.3116e-11
25.1,5.1,0,3.74791,-0.000929111,1.8911e-09
25.1,5.2,0,3.74794,-0.000948139,3.0309e-09
25.1,5.3,0,3.74797,-0.00096681,3.63884e-09
25.1,5.4,0,3.748,-0.000985093,4.33004e-09
25.1,5.5,0,3.74802,-0.00100295,5.50713e-09
25.1,5.6,0,3.74806,-0.00102034,7.18731e-09
25.1,5.7,0,3.74809,-0.00103725,8.89187e-09
25.1,5.8,0,3.74812,-0.00105363,9.51032e-09
25.1,5.9,0,3.74815,-0.00106946,6.97983e-09
25.1,6,0,3.74819,-0.00109011,-4.62609e-09
25.1,6.1,0,3.74822,-0.00110161,-5.29052e-09
25.1,6.2,0,3.74825,-0.00111351,-5.75917e-09
25.1,6.3,0,3.74828,-0.0011272,-5.34445e-09
25.1,6.4,0,3.74831,-0.00113837,-4.83621e-09
25.1,6.5,0,3.74834,-0.00114818,-4.27762e-09
25.1,6.6,0,3.74838,-0.00116133,2.37913e-10
25.1,6.7,0,3.74841,-0.00117318,3.87354e-09
25.1,6.8,0,3.74845,-0.00118043,3.58408e-09
25.1,6.9,0,3.74848,-0.0011892,-6.7209e-10
25.1,7,0,3.74853,-0.00119959,-9.20101e-09
25.1,7.1,0,3.74856,-0.00120443,-6.30972e-09
25.1,7.2,0,3.74859,-0.00120927,-1.70991e-09
25.1,7.3,0,3.74864,-0.00121603,1.02088e-08
25.1,7.4,0,3.74867,-0.00121964,1.21276e-08
25.1,7.5,0,3.74871,-0.00122117,7.37994e-09
25.1,7.6,0,3.74875,-0.00122362,-1.84114e-09
25.1,7.7,0,3.74879,-0.00122525,-8.3923e-09
25.1,7.8,0,3.74882,-0.00122365,-3.17999e-09
25.1,7.9,0,3.74886,-0.00122209,2.69709e-09
25.1,8,0,3.7489,-0.00122058,9.45026e-09
25.1,8.1,0,3.74894,-0.00121602,6.0515e-09
25.1,8.2,0,3.74897,-0.00121103,1.78467e-09
25.1,8.3,0,3.74901,-0.00120507,4.49842e-10
25.1,8.4,0,3.74905,-0.00119785,1.03577e-09
25.1,8.5,0,3.74909,-0.0011896,3.19322e-09
25.1,8.6,0,3.74913,-0.00117971,1.86824e-10
25.1,8.7,0,3.74917,-0.001169,-3.67862e-09
25.1,8.8,0,3.7492,-0.00115737,-3.39582e-09
25.1,8.9,0,3.74924,-0.00114444,6.68684e-11
25.1,9,0,3.74928,-0.00112941,8.68646e-09
25.1,9.1,0,3.74931,-0.00111442,8.00379e-09
25.1,9.2,0,3.74934,-0.00109929,5.41213e-09
25.1,9.3,0,3.74938,-0.00107973,-5.42053e-09
25.1,9.4,0,3.74941,-0.00106084,-8.64494e-09
25.1,9.5,0,3.74944,-0.00104262,-4.2611e-09
25.1,9.6,0,3.74948,-0.00102053,4.23212e-09
25.1,9.7,0,3.74951,-0.000997005,1.24628e-08
25.1,9.8,0,3.74954,-0.000975658,8.3194e-09
25.1,9.9,0,3.74957,-0.000952074,3.09305e-09
25.1,10,0,3.74961,-0.000923977,-4.31779e-09
25.1,10.1,0,3.74963,-0.00089897,-2.67207e-09
25.1,10.2,0,3.74966,-0.000874735,1.23778e-09
25.1,10.3,0,3.74969,-0.000842899,5.30113e-09
25.1,10.4,0,3.74972,-0.000813206,6.61912e-09
25.1,10.5,0,3.74974,-0.000786305,4.57812e-09
25.1,10.6,0,3.74976,-0.000753953,4.02193e-09
25.1,10.7,0,3.74979,-0.000719046,4.31613e-09
25.1,10.8,0,3.74981,-0.000689777,4.46371e-09
25.1,10.9,0,3.74983,-0.000657856,3.88061e-09
25.1,11,0,3.74985,-0.000619164,1.43185e-09
25.1,11.1,0,3.74987,-0.000585991,1.3505e-09
25.1,11.2,0,3.74988,-0.000554658,2.0583e-09
25.1,11.3,0,3.7499,-0.000513942,5.02047e-09
25.1,11.4,0,3.74988,-0.000475899,6.08941e-09
25.1,11.5,0,3.74979,-0.000442902,4.06955e-09
25.1,11.6,0,3.7497,-0.000403766,2.14979e-09
25.1,11.7,0,3.74945,-0.000360667,4.09245e-10
25.1,11.8,0,3.74606,-0.00032623,7.04261e-10
25.1,11.9,0,3.74266,-0.000289251,1.03087e-09
25.1,12,0,3.73927,-0.000243827,1.46239e-09
25.1,12.1,0,3.68207,-0.000206849,2.18143e-09
25.1,12.2,0,3.60181,-0.000173491,3.02368e-09
25.1,12.3,0,3.52154,-0.000130912,3.52517e-09
25.1,12.4,0,3.34709,-9.58144e-05,3.20431e-09
25.1,12.5,0,2.99772,-7.69115e-05,1.44139e-09
25.1,12.6,0,2.28363,-4.94157e-05,-8.6011e-11
25.1,12.7,0,1.24796,-1.43433e-05,-1.40575e-09
25.2,0,0,1.44341,-5.21217e-06,-3.34325e-09
25.2,0.1,0,1.87477,-1.23586e-05,-3.76343e-09
25.2,0.2,0,2.61991,-2.16613e-05,-4.55343e-09
25.2,0.3,0,3.36247,-3.49342e-05,-5.15612e-09
25.2,0.4,0,3.53767,-4.8296e-05,-4.90582e-09
25.2,0.5,0,3.71287,-6.42737e-05,-4.38875e-09
25.2,0.6,0,3.72597,-7.85616e-05,-3.74352e-09
25.2,0.7,0,3.73907,-9.39758e-05,-3.29369e-09
25.2,0.8,0,3.74596,-0.000109857,-2.59546e-09
25.2,0.9,0,3.74664,-0.000124179,-1.29708e-09
25.2,1,0,3.74732,-0.00014125,-7.04662e-10
25.2,1.1,0,3.74735,-0.000155792,6.43298e-10
25.2,1.2,0,3.74738,-0.000171543,1.63072e-09
25.2,1.3,0,3.74739,-0.000187905,2.41543e-09
25.2,1.4,0,3.7474,-0.000202704,3.64637e-09
25.2,1.5,0,3.7474,-0.000220566,4.06737e-09
25.2,1.6,0,3.74741,-0.000235701,4.90103e-09
25.2,1.7,0,3.74742,-0.000252188,5.57661e-09
25.2,1.8,0,3.74742,-0.00026941,5.84513e-09
25.2,1.9,0,3.74743,-0.000284934,5.99113e-09
25.2,2,0,3.74743,-0.000303899,6.29543e-09
25.2,2.1,0,3.74744,-0.000319845,5.81003e-09
25.2,2.2,0,3.74745,-0.000337312,5.59825e-09
25.2,2.3,0,3.74746,-0.000355605,5.27931e-09
25.2,2.4,0,3.74747,-0.000371987,4.36067e-09
25.2,2.5,0,3.74748,-0.000392239,4.42943e-09
25.2,2.6,0,3.74749,-0.000409051,3.34163e-09
25.2,2.7,0,3.7475,-0.000427568,2.68788e-09
25.2,2.8,0,3.74751,-0.00044697,2.24776e-09
25.2,2.9,0,3.74752,-0.000464186,1.23995e-09
25.2,3,0,3.74753,-0.000485719,1.05597e-09
25.2,3.1,0,3.74755,-0.000503292,3.05808e-10
25.2,3.2,0,3.74756,-0.000522755,-2.53843e-10
25.2,3.3,0,3.74757,-0.00054312,-5.64219e-10
25.2,3.4,0,3.74759,-0.000560985,-9.68238e-10
25.2,3.5,0,3.7476,-0.000583588,-1.26564e-09
25.2,3.6,0,3.74762,-0.000601662,-1.39001e-09
25.2,3.7,0,3.74763,-0.000621786,-1.55644e-09
25.2,3.8,0,3.74765,-0.000642783,-1.69079e-09
25.2,3.9,0,3.74767,-0.000660967,-1.71733e-09
25.2,4,0,3.74769,-0.000684218,-1.85202e-09
25.2,4.1,0,3.7477,-0.000702391,-1.89381e-09
25.2,4.2,0,3.74772,-0.000722723,-2.01738e-09
25.2,4.3,0,3.74774,-0.000743847,-2.43768e-09
25.2,4.4,0,3.74776,-0.000761881,-3.00749e-09
25.2,4.5,0,3.74779,-0.00078517,-3.89105e-09
25.2,4.6,0,3.74781,-0.000802918,-3.91761e-09
25.2,4.7,0,3.74783,-0.000822866,-3.84608e-09
25.2,4.8,0,3.74786,-0.000843116,-3.14106e-09
25.2,4.9,0,3.74788,-0.000859709,-1.97912e-09
25.2,5,0,3.7479,-0.00087924,-5.52448e-10
25.2,5.1,0,3.74793,-0.000902031,1.18175e-09
25.2,5.2,0,3.74796,-0.00092042,2.30281e-09
25.2,5.3,0,3.74799,-0.000938466,2.96981e-09
25.2,5.4,0,3.74801,-0.000956133,3.76292e-09
25.2,5.5,0,3.74804,-0.000973382,5.04687e-09
25.2,5.6,0,3.74807,-0.000990187,6.83623e-09
25.2,5.7,0,3.7481,-0.00100651,8.65921e-09
25.2,5.8,0,3.74813,-0.00102233,9.40427e-09
25.2,5.9,0,3.74816,-0.00103762,7.05023e-09
25.2,6,0,3.7482,-0.00105679,-3.67313e-09
25.2,6.1,0,3.74823,-0.00106829,-4.33757e-09
25.2,6.2,0,3.74826,-0.00107979,-5.002e-09
25.2,6.3,0,3.74829,-0.00109304,-4.80466e-09
25.2,6.4,0,3.74832,-0.00110421,-4.29642e-09
25.2,6.5,0,3.74835,-0.00111403,-3.73783e-09
25.2,6.6,0,3.74838,-0.00112564,-1.04439e-09
25.2,6.7,0,3.74842,-0.00113749,2.59123e-09
25.2,6.8,0,3.74845,-0.00114474,2.30178e-09
25.2,6.9,0,3.74849,-0.00115231,1.20014e-09
25.2,7,0,3.74853,-0.0011627,-7.32878e-09
25.2,7.1,0,3.74857,-0.00116754,-4.43749e-09
25.2,7.2,0,3.7486,-0.00117208,-9.45133e-10
25.2,7.3,0,3.74864,-0.00117829,8.85492e-09
25.2,7.4,0,3.74868,-0.0011819,1.07738e-08
25.2,7.5,0,3.74871,-0.00118343,6.0261e-09
25.2,7.6,0,3.74875,-0.00118542,-1.00326e-09
25.2,7.7,0,3.74879,-0.00118705,-7.55442e-09
25.2,7.8,0,3.74882,-0.00118546,-2.34211e-09
25.2,7.9,0,3.74886,-0.00118387,2.94504e-09
25.2,8,0,3.7489,-0.00118236,9.69821e-09
25.2,8.1,0,3.74893,-0.00117779,6.29945e-09
25.2,8.2,0,3.74897,-0.00117289,1.77271e-09
25.2,8.3,0,3.74901,-0.00116725,-5.24257e-10
25.2,8.4,0,3.74904,-0.00116003,6.16711e-11
25.2,8.5,0,3.74908,-0.00115178,2.21913e-09
25.2,8.6,0,3.74912,-0.00114275,1.91568e-09
25.2,8.7,0,3.74916,-0.00113203,-1.94976e-09
25.2,8.8,0,3.74919,-0.0011204,-1.66696e-09
25.2,8.9,0,3.74922,-0.00110877,-1.38416e-09
25.2,9,0,3.74926,-0.00109375,7.22352e-09
25.2,9.1,0,3.7493,-0.00107875,6.54084e-09
25.2,9.2,0,3.74933,-0.00106376,4.2166e-09
25.2,9.3,0,3.74936,-0.00104581,-3.62596e-09
25.2,9.4,0,3.7494,-0.00102692,-6.85037e-09
25.2,9.5,0,3.74943,-0.0010087,-2.46654e-09
25.2,9.6,0,3.74946,-0.000988783,3.71785e-09
25.2,9.7,0,3.74949,-0.000965262,1.19486e-08
25.2,9.8,0,3.74952,-0.000943916,7.80512e-09
25.2,9.9,0,3.74955,-0.000922569,3.66169e-09
25.2,10,0,3.74959,-0.000894819,-3.58111e-09
25.2,10.1,0,3.74961,-0.000869812,-1.93539e-09
25.2,10.2,0,3.74964,-0.000845577,1.97446e-09
25.2,10.3,0,3.74966,-0.000816706,5.97793e-09
25.2,10.4,0,3.74969,-0.000787012,7.29592e-09
25.2,10.5,0,3.74971,-0.000760112,5.25492e-09
25.2,10.6,0,3.74973,-0.000731065,3.79844e-09
25.2,10.7,0,3.74976,-0.000696158,4.09265e-09
25.2,10.8,0,3.74978,-0.000666889,4.24023e-09
25.2,10.9,0,3.7498,-0.000637619,4.3878e-09
25.2,11,0,3.74982,-0.000599883,2.20239e-09
25.2,11.1,0,3.74984,-0.00056671,2.12104e-09
25.2,11.2,0,3.74985,-0.000535377,2.82884e-09
25.2,11.3,0,3.74987,-0.000498518,4.86437e-09
25.2,11.4,0,3.74984,-0.000460475,5.93331e-09
25.2,11.5,0,3.74976,-0.000427478,3.91344e-09
25.2,11.6,0,3.74967,-0.000392384,1.92777e-09
25.2,11.7,0,3.74942,-0.000349285,1.8722e-10
25.2,11.8,0,3.74603,-0.000314848,4.82236e-10
25.2,11.9,0,3.74263,-0.000280411,7.77253e-10
25.2,12,0,3.73924,-0.000236652,1.1881e-09
25.2,12.1,0,3.68204,-0.000199674,1.90714e-09
25.2,12.2,0,3.60178,-0.000166315,2.74939e-09
25.2,12.3,0,3.52151,-0.000127741,3.39889e-09
25.2,12.4,0,3.34706,-9.26434e-05,3.07804e-09
25.2,12.5,0,2.99769,-7.37405e-05,1.31512e-09
25.2,12.6,0,2.54636,-5.24353e-05,-3.81958e-10
25.2,12.7,0,1.51068,-1.7363e-05,-1.7017e-09
25.3,0,0,1.69443,-6.11863e-06,-3.92469e-09
25.3,0.1,0,2.1258,-1.32651e-05,-4.34487e-09
25.3,0.2,0,2.61992,-2.08428e-05,-4.83901e-09
25.3,0.3,0,3.36248,-3.41156e-05,-5.4417e-09
25.3,0.4,0,3.53769,-4.74774e-05,-5.1914e-09
25.3,0.5,0,3.71288,-6.25832e-05,-4.76325e-09
25.3,0.6,0,3.72598,-7.68711e-05,-4.11802e-09
25.3,0.7,0,3.73909,-9.13843e-05,-3.51187e-09
25.3,0.8,0,3.74598,-0.000107266,-2.81363e-09
25.3,0.9,0,3.74665,-0.000121587,-1.51525e-09
25.3,1,0,3.74733,-0.000137742,-6.87516e-10
25.3,1.1,0,3.74736,-0.000152284,6.60444e-10
25.3,1.2,0,3.74739,-0.000167068,1.9363e-09
25.3,1.3,0,3.74741,-0.00018343,2.721e-09
25.3,1.4,0,3.74741,-0.000198229,3.95194e-09
25.3,1.5,0,3.74742,-0.00021507,4.64292e-09
25.3,1.6,0,3.74743,-0.000230206,5.47659e-09
25.3,1.7,0,3.74743,-0.000245611,6.27864e-09
25.3,1.8,0,3.74744,-0.000262833,6.54715e-09
25.3,1.9,0,3.74744,-0.000278357,6.69316e-09
25.3,2,0,3.74745,-0.000296175,6.94469e-09
25.3,2.1,0,3.74746,-0.000312121,6.45929e-09
25.3,2.2,0,3.74746,-0.000328371,6.02861e-09
25.3,2.3,0,3.74747,-0.000346664,5.70967e-09
25.3,2.4,0,3.74748,-0.000363046,4.79103e-09
25.3,2.5,0,3.74749,-0.000382008,4.53065e-09
25.3,2.6,0,3.7475,-0.00039882,3.44285e-09
25.3,2.7,0,3.74752,-0.000415973,2.44187e-09
25.3,2.8,0,3.74753,-0.000435375,2.00174e-09
25.3,2.9,0,3.74754,-0.00045259,9.93935e-10
25.3,3,0,3.74755,-0.000472684,5.35343e-10
25.3,3.1,0,3.74756,-0.000490258,-2.14816e-10
25.3,3.2,0,3.74758,-0.000508209,-9.26873e-10
25.3,3.3,0,3.74759,-0.000528574,-1.23725e-09
25.3,3.4,0,3.74761,-0.000546439,-1.64127e-09
25.3,3.5,0,3.74762,-0.000567463,-1.97421e-09
25.3,3.6,0,3.74763,-0.000585537,-2.09858e-09
25.3,3.7,0,3.74765,-0.000604022,-2.23136e-09
25.3,3.8,0,3.74767,-0.000625019,-2.36571e-09
25.3,3.9,0,3.74769,-0.000643203,-2.39224e-09
25.3,4,0,3.7477,-0.000664765,-2.49089e-09
25.3,4.1,0,3.74772,-0.000682938,-2.53267e-09
25.3,4.2,0,3.74774,-0.000701543,-2.59081e-09
25.3,4.3,0,3.74776,-0.000722668,-3.01111e-09
25.3,4.4,0,3.74778,-0.000740701,-3.58092e-09
25.3,4.5,0,3.7478,-0.000762239,-4.35989e-09
25.3,4.6,0,3.74783,-0.000779987,-4.38646e-09
25.3,4.7,0,3.74785,-0.000798175,-4.3934e-09
25.3,4.8,0,3.74788,-0.000818425,-3.68838e-09
25.3,4.9,0,3.7479,-0.000835018,-2.52644e-09
25.3,5,0,3.74792,-0.000853569,-1.18801e-09
25.3,5.1,0,3.74795,-0.000874951,4.724e-10
25.3,5.2,0,3.74797,-0.000892702,1.57471e-09
25.3,5.3,0,3.748,-0.000910123,2.30078e-09
25.3,5.4,0,3.74803,-0.000927174,3.19579e-09
25.3,5.5,0,3.74805,-0.000943819,4.58661e-09
25.3,5.6,0,3.74809,-0.000960032,6.48515e-09
25.3,5.7,0,3.74812,-0.000975782,8.42655e-09
25.3,5.8,0,3.74815,-0.000991038,9.29822e-09
25.3,5.9,0,3.74817,-0.00100578,7.12064e-09
25.3,6,0,3.74821,-0.00102346,-2.72018e-09
25.3,6.1,0,3.74824,-0.00103497,-3.38461e-09
25.3,6.2,0,3.74827,-0.00104647,-4.04905e-09
25.3,6.3,0,3.7483,-0.00105888,-4.26486e-09
25.3,6.4,0,3.74833,-0.00107005,-3.75663e-09
25.3,6.5,0,3.74836,-0.00107987,-3.19804e-09
25.3,6.6,0,3.74839,-0.00108995,-2.3267e-09
25.3,6.7,0,3.74843,-0.00110179,1.30893e-09
25.3,6.8,0,3.74846,-0.00110905,1.01947e-09
25.3,6.9,0,3.7485,-0.00111631,7.30011e-10
25.3,7,0,3.74854,-0.00112581,-5.45655e-09
25.3,7.1,0,3.74857,-0.00113065,-2.56526e-09
25.3,7.2,0,3.74861,-0.00113519,9.27098e-10
25.3,7.3,0,3.74864,-0.00114055,7.50108e-09
25.3,7.4,0,3.74868,-0.00114416,9.41994e-09
25.3,7.5,0,3.74871,-0.00114569,4.67226e-09
25.3,7.6,0,3.74875,-0.00114723,-1.65377e-10
25.3,7.7,0,3.74879,-0.00114886,-6.71654e-09
25.3,7.8,0,3.74882,-0.00114727,-1.50423e-09
25.3,7.9,0,3.74886,-0.00114567,3.70808e-09
25.3,8,0,3.7489,-0.00114414,9.94616e-09
25.3,8.1,0,3.74893,-0.00113957,6.5474e-09
25.3,8.2,0,3.74896,-0.00113466,2.02066e-09
25.3,8.3,0,3.749,-0.00112943,-1.49836e-09
25.3,8.4,0,3.74904,-0.00112221,-9.12427e-10
25.3,8.5,0,3.74907,-0.00111395,1.24503e-09
25.3,8.6,0,3.74911,-0.0011057,3.40248e-09
25.3,8.7,0,3.74915,-0.00109506,-2.20905e-10
25.3,8.8,0,3.74918,-0.00108343,6.18939e-11
25.3,8.9,0,3.74921,-0.0010718,3.44692e-10
25.3,9,0,3.74925,-0.00105808,5.76057e-09
25.3,9.1,0,3.74928,-0.00104309,5.0779e-09
25.3,9.2,0,3.74931,-0.0010281,2.75366e-09
25.3,9.3,0,3.74934,-0.0010119,-1.8314e-09
25.3,9.4,0,3.74938,-0.000993006,-5.05581e-09
25.3,9.5,0,3.74941,-0.000974784,-6.71975e-10
25.3,9.6,0,3.74944,-0.000956562,3.71186e-09
25.3,9.7,0,3.74947,-0.00093352,1.14343e-08
25.3,9.8,0,3.7495,-0.000912173,7.29085e-09
25.3,9.9,0,3.74953,-0.000890827,3.14742e-09
25.3,10,0,3.74956,-0.000865661,-2.84443e-09
25.3,10.1,0,3.74959,-0.000840654,-1.19872e-09
25.3,10.2,0,3.74961,-0.000816419,2.71114e-09
25.3,10.3,0,3.74964,-0.000790513,6.65473e-09
25.3,10.4,0,3.74967,-0.000760819,7.97272e-09
25.3,10.5,0,3.74969,-0.000733919,5.93172e-09
25.3,10.6,0,3.74971,-0.000707018,3.89073e-09
25.3,10.7,0,3.74973,-0.00067327,3.86916e-09
25.3,10.8,0,3.74975,-0.000644001,4.01674e-09
25.3,10.9,0,3.74977,-0.000614731,4.16432e-09
25.3,11,0,3.74979,-0.000580602,2.97293e-09
25.3,11.1,0,3.74981,-0.00054743,2.89159e-09
25.3,11.2,0,3.74982,-0.000516097,3.59938e-09
25.3,11.3,0,3.74984,-0.000483094,4.70826e-09
25.3,11.4,0,3.74981,-0.000445052,5.7772e-09
25.3,11.5,0,3.74973,-0.000412054,3.75734e-09
25.3,11.6,0,3.74964,-0.000379056,1.73748e-09
25.3,11.7,0,3.74939,-0.000337903,-3.48044e-11
25.3,11.8,0,3.74599,-0.000303466,2.60212e-10
25.3,11.9,0,3.7426,-0.000269029,5.55228e-10
25.3,12,0,3.7392,-0.000229476,9.13817e-10
25.3,12.1,0,3.68201,-0.000192498,1.63285e-09
25.3,12.2,0,3.60175,-0.000159139,2.47511e-09
25.3,12.3,0,3.52148,-0.00012457,3.27262e-09
25.3,12.4,0,3.34703,-8.94724e-05,2.95177e-09
25.3,12.5,0,2.99766,-7.05696e-05,1.18885e-09
25.3,12.6,0,2.64829,-5.16667e-05,-5.74074e-10
25.3,12.7,0,1.77341,-2.03826e-05,-1.99764e-09
25.4,0,0,1.94546,-7.02509e-06,-4.50613e-09
25.4,0.1,0,2.37683,-1.41715e-05,-4.9263e-09
25.4,0.2,0,2.80819,-2.1318e-05,-5.34648e-09
25.4,0.3,0,3.36249,-3.32971e-05,-5.72727e-09
25.4,0.4,0,3.5377,-4.66589e-05,-5.47697e-09
25.4,0.5,0,3.7129,-6.08926e-05,-5.13775e-09
25.4,0.6,0,3.726,-7.51806e-05,-4.49252e-09
25.4,0.7,0,3.7391,-8.94685e-05,-3.84729e-09
25.4,0.8,0,3.74599,-0.000104674,-3.03181e-09
25.4,0.9,0,3.74667,-0.000118996,-1.73343e-09
25.4,1,0,3.74735,-0.000134234,-6.70371e-10
25.4,1.1,0,3.74738,-0.000148776,6.77589e-10
25.4,1.2,0,3.74741,-0.000163318,2.02555e-09
25.4,1.3,0,3.74742,-0.000178955,3.02657e-09
25.4,1.4,0,3.74743,-0.000193755,4.25751e-09
25.4,1.5,0,3.74743,-0.000209575,5.21847e-09
25.4,1.6,0,3.74744,-0.00022471,6.05214e-09
25.4,1.7,0,3.74745,-0.000239845,6.88581e-09
25.4,1.8,0,3.74745,-0.000256256,7.24917e-09
25.4,1.9,0,3.74746,-0.00027178,7.39518e-09
25.4,2,0,3.74746,-0.00028845,7.59395e-09
25.4,2.1,0,3.74747,-0.000304396,7.10855e-09
25.4,2.2,0,3.74748,-0.000320342,6.62315e-09
25.4,2.3,0,3.74749,-0.000337723,6.14003e-09
25.4,2.4,0,3.7475,-0.000354105,5.22138e-09
25.4,2.5,0,3.74751,-0.000371777,4.63187e-09
25.4,2.6,0,3.74752,-0.000388589,3.54408e-09
25.4,2.7,0,3.74753,-0.000405401,2.45628e-09
25.4,2.8,0,3.74754,-0.000423779,1.75572e-09
25.4,2.9,0,3.74756,-0.000440995,7.47918e-10
25.4,3,0,3.74757,-0.000459649,1.47205e-11
25.4,3.1,0,3.74758,-0.000477223,-7.35438e-10
25.4,3.2,0,3.7476,-0.000494796,-1.4856e-09
25.4,3.3,0,3.74761,-0.000514027,-1.91028e-09
25.4,3.4,0,3.74762,-0.000531893,-2.3143e-09
25.4,3.5,0,3.74764,-0.000551338,-2.68278e-09
25.4,3.6,0,3.74765,-0.000569412,-2.80715e-09
25.4,3.7,0,3.74767,-0.000587487,-2.93152e-09
25.4,3.8,0,3.74769,-0.000607255,-3.04062e-09
25.4,3.9,0,3.7477,-0.000625439,-3.06716e-09
25.4,4,0,3.74772,-0.000645312,-3.12975e-09
25.4,4.1,0,3.74774,-0.000663485,-3.17153e-09
25.4,4.2,0,3.74776,-0.000681659,-3.21331e-09
25.4,4.3,0,3.74778,-0.000701489,-3.58454e-09
25.4,4.4,0,3.7478,-0.000719522,-4.15435e-09
25.4,4.5,0,3.74782,-0.000739307,-4.82874e-09
25.4,4.6,0,3.74785,-0.000757056,-4.8553e-09
25.4,4.7,0,3.74787,-0.000774804,-4.88187e-09
25.4,4.8,0,3.74789,-0.000793734,-4.2357e-09
25.4,4.9,0,3.74792,-0.000810327,-3.07376e-09
25.4,5,0,3.74794,-0.000827899,-1.82357e-09
25.4,5.1,0,3.74796,-0.000847872,-2.3695e-10
25.4,5.2,0,3.74799,-0.000864984,8.46624e-10
25.4,5.3,0,3.74802,-0.000881779,1.63175e-09
25.4,5.4,0,3.74804,-0.000898214,2.62867e-09
25.4,5.5,0,3.74807,-0.000914256,4.12635e-09
25.4,5.6,0,3.7481,-0.000929878,6.13407e-09
25.4,5.7,0,3.74813,-0.00094505,8.19389e-09
25.4,5.8,0,3.74816,-0.000959744,9.19218e-09
25.4,5.9,0,3.74819,-0.000973932,7.19105e-09
25.4,6,0,3.74822,-0.000990139,-1.76722e-09
25.4,6.1,0,3.74825,-0.00100164,-2.43166e-09
25.4,6.2,0,3.74828,-0.00101315,-3.09609e-09
25.4,6.3,0,3.74831,-0.00102472,-3.72507e-09
25.4,6.4,0,3.74834,-0.00103589,-3.21683e-09
25.4,6.5,0,3.74837,-0.00104571,-2.65825e-09
25.4,6.6,0,3.7484,-0.00105552,-2.09966e-09
25.4,6.7,0,3.74844,-0.0010661,2.66193e-11
25.4,6.8,0,3.74847,-0.00107336,-2.62838e-10
25.4,6.9,0,3.74851,-0.00108062,-5.52296e-10
25.4,7,0,3.74854,-0.00108892,-3.58432e-09
25.4,7.1,0,3.74858,-0.00109375,-6.93026e-10
25.4,7.2,0,3.74861,-0.0010983,2.79933e-09
25.4,7.3,0,3.74865,-0.00110284,6.29169e-09
25.4,7.4,0,3.74868,-0.00110642,8.06609e-09
25.4,7.5,0,3.74872,-0.00110795,3.31842e-09
25.4,7.6,0,3.74875,-0.00110948,-1.42926e-09
25.4,7.7,0,3.74879,-0.00111067,-5.87866e-09
25.4,7.8,0,3.74882,-0.00110908,-6.66352e-10
25.4,7.9,0,3.74886,-0.00110748,4.54596e-09
25.4,8,0,3.74889,-0.00110591,1.01941e-08
25.4,8.1,0,3.74893,-0.00110135,6.79535e-09
25.4,8.2,0,3.74896,-0.00109644,2.26861e-09
25.4,8.3,0,3.74899,-0.00109153,-2.25814e-09
25.4,8.4,0,3.74903,-0.00108439,-1.88653e-09
25.4,8.5,0,3.74907,-0.00107613,2.70929e-10
25.4,8.6,0,3.7491,-0.00106788,2.42838e-09
25.4,8.7,0,3.74914,-0.0010581,1.50795e-09
25.4,8.8,0,3.74917,-0.00104647,1.79075e-09
25.4,8.9,0,3.7492,-0.00103483,2.07355e-09
25.4,9,0,3.74924,-0.00102241,4.29763e-09
25.4,9.1,0,3.74927,-0.00100742,3.61496e-09
25.4,9.2,0,3.7493,-0.000992431,1.29071e-09
25.4,9.3,0,3.74933,-0.000977442,-1.03353e-09
25.4,9.4,0,3.74936,-0.000959088,-3.26125e-09
25.4,9.5,0,3.74939,-0.000940866,1.12259e-09
25.4,9.6,0,3.74942,-0.000922644,5.50643e-09
25.4,9.7,0,3.74945,-0.000901778,1.092e-08
25.4,9.8,0,3.74948,-0.000880431,6.77658e-09
25.4,9.9,0,3.74951,-0.000859084,2.63315e-09
25.4,10,0,3.74954,-0.000836503,-2.10775e-09
25.4,10.1,0,3.74957,-0.000811496,-4.62038e-10
25.4,10.2,0,3.74959,-0.000787261,3.44781e-09
25.4,10.3,0,3.74961,-0.000763026,7.35767e-09
25.4,10.4,0,3.74964,-0.000734626,8.64952e-09
25.4,10.5,0,3.74966,-0.000707726,6.60852e-09
25.4,10.6,0,3.74968,-0.000680825,4.56753e-09
25.4,10.7,0,3.7497,-0.000650382,3.64568e-09
25.4,10.8,0,3.74972,-0.000621113,3.79326e-09
25.4,10.9,0,3.74974,-0.000591843,3.94083e-09
25.4,11,0,3.74976,-0.000561322,3.74347e-09
25.4,11.1,0,3.74978,-0.000528149,3.66213e-09
25.4,11.2,0,3.74979,-0.000496816,4.36992e-09
25.4,11.3,0,3.74981,-0.000465483,5.07772e-09
25.4,11.4,0,3.74978,-0.000429628,5.6211e-09
25.4,11.5,0,3.74969,-0.00039663,3.60123e-09
25.4,11.6,0,3.74961,-0.000363633,1.58137e-09
25.4,11.7,0,3.74935,-0.000326521,-2.56829e-10
25.4,11.8,0,3.74596,-0.000292084,3.81873e-11
25.4,11.9,0,3.74257,-0.000257647,3.33203e-10
25.4,12,0,3.73917,-0.0002223,6.3953e-10
25.4,12.1,0,3.68197,-0.000185322,1.35856e-09
25.4,12.2,0,3.60171,-0.000151964,2.20082e-09
25.4,12.3,0,3.52145,-0.000118605,3.04307e-09
25.4,12.4,0,3.347,-8.63015e-05,2.8255e-09
25.4,12.5,0,2.99763,-6.73986e-05,1.06258e-09
25.4,12.6,0,2.64826,-4.84957e-05,-7.00346e-10
25.4,12.7,0,2.03614,-2.34022e-05,-2.29359e-09
25.5,0,0,2.19649,-7.93156e-06,-5.08756e-09
25.5,0.1,0,2.62786,-1.5078e-05,-5.50774e-09
25.5,0.2,0,3.05922,-2.22245e-05,-5.92791e-09
25.5,0.3,0,3.36251,-3.24786e-05,-6.01285e-09
25.5,0.4,0,3.53771,-4.58403e-05,-5.76255e-09
25.5,0.5,0,3.71291,-5.92021e-05,-5.51225e-09
25.5,0.6,0,3.72601,-7.34901e-05,-4.86702e-09
25.5,0.7,0,3.73911,-8.7778e-05,-4.22179e-09
25.5,0.8,0,3.746,-0.000102083,-3.24999e-09
25.5,0.9,0,3.74668,-0.000116404,-1.95161e-09
25.5,1,0,3.74736,-0.000130726,-6.53225e-10
25.5,1.1,0,3.74739,-0.000145268,6.94735e-10
25.5,1.2,0,3.74742,-0.00015981,2.04269e-09
25.5,1.3,0,3.74744,-0.000174481,3.33214e-09
25.5,1.4,0,3.74744,-0.00018928,4.56308e-09
25.5,1.5,0,3.74745,-0.000204079,5.79402e-09
25.5,1.6,0,3.74746,-0.000219214,6.62769e-09
25.5,1.7,0,3.74746,-0.000234349,7.46136e-09
25.5,1.8,0,3.74747,-0.000249679,7.9512e-09
25.5,1.9,0,3.74747,-0.000265202,8.09721e-09
25.5,2,0,3.74748,-0.000280726,8.24322e-09
25.5,2.1,0,3.74749,-0.000296672,7.75781e-09
25.5,2.2,0,3.7475,-0.000312618,7.27241e-09
25.5,2.3,0,3.74751,-0.000328782,6.57039e-09
25.5,2.4,0,3.74751,-0.000345164,5.65174e-09
25.5,2.5,0,3.74752,-0.000361546,4.7331e-09
25.5,2.6,0,3.74754,-0.000378358,3.6453e-09
25.5,2.7,0,3.74755,-0.00039517,2.55751e-09
25.5,2.8,0,3.74756,-0.000412184,1.50971e-09
25.5,2.9,0,3.74757,-0.000429399,5.01901e-10
25.5,3,0,3.74758,-0.000446615,-5.05903e-10
25.5,3.1,0,3.7476,-0.000464188,-1.25606e-09
25.5,3.2,0,3.74761,-0.000481762,-2.00622e-09
25.5,3.3,0,3.74763,-0.000499481,-2.58331e-09
25.5,3.4,0,3.74764,-0.000517347,-2.98733e-09
25.5,3.5,0,3.74765,-0.000535213,-3.39135e-09
25.5,3.6,0,3.74767,-0.000553287,-3.51572e-09
25.5,3.7,0,3.74769,-0.000571362,-3.64008e-09
25.5,3.8,0,3.7477,-0.000589491,-3.71554e-09
25.5,3.9,0,3.74772,-0.000607675,-3.74207e-09
25.5,4,0,3.74774,-0.000625859,-3.76861e-09
25.5,4.1,0,3.74776,-0.000644032,-3.81039e-09
25.5,4.2,0,3.74778,-0.000662206,-3.85218e-09
25.5,4.3,0,3.7478,-0.000680309,-4.15797e-09
25.5,4.4,0,3.74782,-0.000698343,-4.72778e-09
25.5,4.5,0,3.74784,-0.000716376,-5.29759e-09
25.5,4.6,0,3.74786,-0.000734124,-5.32415e-09
25.5,4.7,0,3.74789,-0.000751872,-5.35071e-09
25.5,4.8,0,3.74791,-0.000769043,-4.78303e-09
25.5,4.9,0,3.74793,-0.000785636,-3.62108e-09
25.5,5,0,3.74796,-0.000802229,-2.45914e-09
25.5,5.1,0,3.74798,-0.000820792,-9.463e-10
25.5,5.2,0,3.74801,-0.000837266,1.18533e-10
25.5,5.3,0,3.74803,-0.000853435,9.62725e-10
25.5,5.4,0,3.74806,-0.000869255,2.06154e-09
25.5,5.5,0,3.74808,-0.000884693,3.66609e-09
25.5,5.6,0,3.74812,-0.000899723,5.78299e-09
25.5,5.7,0,3.74814,-0.000914318,7.96123e-09
25.5,5.8,0,3.74818,-0.000928449,9.08613e-09
25.5,5.9,0,3.7482,-0.000942088,7.26145e-09
25.5,6,0,3.74823,-0.000956815,-8.14265e-10
25.5,6.1,0,3.74826,-0.000968318,-1.4787e-09
25.5,6.2,0,3.74829,-0.000979821,-2.14314e-09
25.5,6.3,0,3.74832,-0.000991324,-2.80757e-09
25.5,6.4,0,3.74835,-0.00100173,-2.67704e-09
25.5,6.5,0,3.74838,-0.00101155,-2.11845e-09
25.5,6.6,0,3.74841,-0.00102136,-1.55986e-09
25.5,6.7,0,3.74845,-0.00103041,-1.25569e-09
25.5,6.8,0,3.74848,-0.00103767,-1.54514e-09
25.5,6.9,0,3.74851,-0.00104492,-1.8346e-09
25.5,7,0,3.74855,-0.00105218,-2.12406e-09
25.5,7.1,0,3.74858,-0.00105686,1.17921e-09
25.5,7.2,0,3.74862,-0.00106141,4.67156e-09
25.5,7.3,0,3.74865,-0.00106595,8.16392e-09
25.5,7.4,0,3.74869,-0.00106869,6.71225e-09
25.5,7.5,0,3.74872,-0.00107021,1.96458e-09
25.5,7.6,0,3.74875,-0.00107174,-2.7831e-09
25.5,7.7,0,3.74879,-0.00107248,-5.04078e-09
25.5,7.8,0,3.74882,-0.00107089,1.71528e-10
25.5,7.9,0,3.74886,-0.00106929,5.38384e-09
25.5,8,0,3.74889,-0.00106769,1.05961e-08
25.5,8.1,0,3.74892,-0.00106312,7.0433e-09
25.5,8.2,0,3.74896,-0.00105822,2.51656e-09
25.5,8.3,0,3.74899,-0.00105331,-2.01019e-09
25.5,8.4,0,3.74902,-0.00104656,-2.86062e-09
25.5,8.5,0,3.74906,-0.00103831,-7.03169e-10
25.5,8.6,0,3.74909,-0.00103006,1.45429e-09
25.5,8.7,0,3.74913,-0.00102113,3.23681e-09
25.5,8.8,0,3.74916,-0.0010095,3.51961e-09
25.5,8.9,0,3.74919,-0.000997867,3.80241e-09
25.5,9,0,3.74923,-0.000986237,4.08521e-09
25.5,9.1,0,3.74926,-0.000971752,2.15202e-09
25.5,9.2,0,3.74929,-0.000956764,-1.72231e-10
25.5,9.3,0,3.74932,-0.000941775,-2.49648e-09
25.5,9.4,0,3.74934,-0.00092517,-1.46668e-09
25.5,9.5,0,3.74937,-0.000906948,2.91715e-09
25.5,9.6,0,3.7494,-0.000888726,7.30099e-09
25.5,9.7,0,3.74943,-0.000870035,1.04057e-08
25.5,9.8,0,3.74946,-0.000848689,6.2623e-09
25.5,9.9,0,3.74949,-0.000827342,2.11887e-09
25.5,10,0,3.74952,-0.000805995,-2.02456e-09
25.5,10.1,0,3.74954,-0.000782338,2.74639e-10
25.5,10.2,0,3.74957,-0.000758103,4.18449e-09
25.5,10.3,0,3.74959,-0.000733868,8.09434e-09
25.5,10.4,0,3.74961,-0.000708433,9.32632e-09
25.5,10.5,0,3.74964,-0.000681532,7.28532e-09
25.5,10.6,0,3.74966,-0.000654632,5.24433e-09
25.5,10.7,0,3.74968,-0.000627494,3.42219e-09
25.5,10.8,0,3.7497,-0.000598225,3.56977e-09
25.5,10.9,0,3.74972,-0.000568955,3.71735e-09
25.5,11,0,3.74974,-0.000539686,3.86493e-09
25.5,11.1,0,3.74975,-0.000508869,4.43267e-09
25.5,11.2,0,3.74976,-0.000477536,5.14046e-09
25.5,11.3,0,3.74978,-0.000446203,5.84826e-09
25.5,11.4,0,3.74975,-0.000414204,5.46499e-09
25.5,11.5,0,3.74966,-0.000381206,3.44513e-09
25.5,11.6,0,3.74957,-0.000348209,1.42527e-09
25.5,11.7,0,3.74932,-0.000315139,-4.78853e-10
25.5,11.8,0,3.74593,-0.000280702,-1.83837e-10
25.5,11.9,0,3.74253,-0.000246266,1.11179e-10
25.5,12,0,3.73914,-0.000211829,4.06195e-10
25.5,12.1,0,3.68194,-0.000178147,1.08428e-09
25.5,12.2,0,3.60168,-0.000144788,1.92653e-09
25.5,12.3,0,3.52142,-0.00011143,2.76879e-09
25.5,12.4,0,3.34697,-8.31305e-05,2.69923e-09
25.5,12.5,0,2.9976,-6.42276e-05,9.36305e-10
25.5,12.6,0,2.64823,-4.53248e-05,-8.26617e-10
25.5,12.7,0,2.29887,-2.64219e-05,-2.58954e-09
