x,y,z,U_0,U_1,U_2
0,0,0,0.3,-0.000687735,0
0,0.1,0,0.3,-0.000412641,0
0,0.2,0,0.3,-0.000137547,0
0,0.3,0,0.3,0,0
0,0.4,0,0.3,0,0
0,0.5,0,0.3,0,0
0,0.6,0,0.3,0,0
0,0.7,0,0.3,0,0
0,0.8,0,0.3,0,0
0,0.9,0,0.3,0,0
0,1,0,0.3,0,0
0,1.1,0,0.3,0,0
0,1.2,0,0.3,0,0
0,1.3,0,0.3,0,0
0,1.4,0,0.3,0,0
0,1.5,0,0.3,0,0
0,1.6,0,0.3,0,0
0,1.7,0,0.3,0,0
0,1.8,0,0.3,0,0
0,1.9,0,0.3,0,0
0,2,0,0.3,0,0
0,2.1,0,0.3,0,0
0,2.2,0,0.3,0,0
0,2.3,0,0.3,0,0
0,2.4,0,0.3,0,0
0,2.5,0,0.3,0,0
0,2.6,0,0.3,0,0
0,2.7,0,0.3,0,0
0,2.8,0,0.3,0,0
0,2.9,0,0.3,0,0
0,3,0,0.3,0,0
0,3.1,0,0.3,0,0
0,3.2,0,0.3,0,0
0,3.3,0,0.3,0,0
0,3.4,0,0.3,0,0
0,3.5,0,0.3,0,0
0,3.6,0,0.3,0,0
0,3.7,0,0.3,0,0
0,3.8,0,0.3,0,0
0,3.9,0,0.3,0,0
0,4,0,0.3,0,0
0,4.1,0,0.3,0,0
0,4.2,0,0.3,0,0
0,4.3,0,0.3,0,0
0,4.4,0,0.3,0,0
0,4.5,0,0.3,0,0
0,4.6,0,0.3,0,0
0,4.7,0,0.3,0,0
0,4.8,0,0.3,0,0
0,4.9,0,0.3,0,0
0,5,0,0.3,0,0
0,5.1,0,0.3,0,0
0,5.2,0,0.3,0,0
0,5.3,0,0.3,0,0
0,5.4,0,0.3,0,0
0,5.5,0,0.3,0,0
0,5.6,0,0.3,0,0
0,5.7,0,0.3,0,0
0,5.8,0,0.3,0,0
0,5.9,0,0.3,0,0
0,6,0,0.3,0,0
0,6.1,0,0.3,0,0
0,6.2,0,0.3,0,0
0,6.3,0,0.3,0,0
0,6.4,0,0.3,0,0
0,6.5,0,0.3,0,0
0,6.6,0,0.3,0,0
0,6.7,0,0.3,0,0
0,6.8,0,0.3,0,0
0,6.9,0,0.3,0,0
0,7,0,0.3,0,0
0,7.1,0,0.3,0,0
0,7.2,0,0.3,0,0
0,7.3,0,0.3,0,0
0,7.4,0,0.3,0,0
0,7.5,0,0.3,0,0
0,7.6,0,0.3,0,0
0,7.7,0,0.3,0,0
0,7.8,0,0.3,0,0
0,7.9,0,0.3,0,0
0,8,0,0.3,0,0
0,8.1,0,0.3,0,0
0,8.2,0,0.3,0,0
0,8.3,0,0.3,0,0
0,8.4,0,0.3,0,0
0,8.5,0,0.3,0,0
0,8.6,0,0.3,0,0
0,8.7,0,0.3,0,0
0,8.8,0,0.3,0,0
0,8.9,0,0.3,0,0
0,9,0,0.3,0,0
0,9.1,0,0.3,0,0
0,9.2,0,0.3,0,0
0,9.3,0,0.3,0,0
0,9.4,0,0.3,0,0
0,9.5,0,0.3,0,0
0,9.6,0,0.3,0,0
0,9.7,0,0.3,0,0
0,9.8,0,0.3,0,0
0,9.9,0,0.3,0,0
0,10,0,0.3,0,0
0,10.1,0,0.3,0,0
0,10.2,0,0.3,0,0
0,10.3,0,0.3,0,0
0,10.4,0,0.3,0,0
0,10.5,0,0.3,0,0
0,10.6,0,0.3,0,0
0,10.7,0,0.3,0,0
0,10.8,0,0.3,0,0
0,10.9,0,0.3,0,0
0,11,0,0.3,0,0
0,11.1,0,0.3,0,0
0,11.2,0,0.3,0,0
0,11.3,0,0.3,0,0
0,11.4,0,0.3,0,0
0,11.5,0,0.3,0,0
0,11.6,0,0.3,0,0
0,11.7,0,0.3,0,0
0,11.8,0,0.3,0,0
0,11.9,0,0.3,0,0
0,12,0,0.3,0,0
0,12.1,0,0.3,0,0
0,12.2,0,0.3,0,0
0,12.3,0,0.3,0,0
0,12.4,0,0.3,0,0
0,12.5,0,0.3,0.000165815,0
0,12.6,0,0.3,0.000360891,0
0,12.7,0,0.3,0.000555968,0
0.1,0,0,0.3,-0.00151329,0
0.1,0.1,0,0.3,-0.00123792,0
0.1,0.2,0,0.3,-0.0011005,0
0.1,0.3,0,0.3,-0.00110048,0
0.1,0.4,0,0.3,-0.00110033,0
0.1,0.5,0,0.3,-0.00110054,0
0.1,0.6,0,0.3,-0.00110015,0
0.1,0.7,0,0.3,-0.0011002,0
0.1,0.8,0,0.3,-0.00109997,0
0.1,0.9,0,0.3,-0.00109969,0
0.1,1,0,0.3,-0.00109957,0
0.1,1.1,0,0.3,-0.00109869,0
0.1,1.2,0,0.3,-0.00109844,0
0.1,1.3,0,0.3,-0.0010975,0
0.1,1.4,0,0.3,-0.00109681,0
0.1,1.5,0,0.299999,-0.00109576,0
0.1,1.6,0,0.3,-0.00109365,0
0.1,1.7,0,0.299999,-0.00109272,0
0.1,1.8,0,0.299998,-0.00109023,0
0.1,1.9,0,0.299999,-0.00108868,0
0.1,2,0,0.299996,-0.00108573,0
0.1,2.1,0,0.299999,-0.00108132,0
0.1,2.2,0,0.299997,-0.00107913,0
0.1,2.3,0,0.299996,-0.0010739,0
0.1,2.4,0,0.299998,-0.00107085,0
0.1,2.5,0,0.299992,-0.00106467,0
0.1,2.6,0,0.299998,-0.00105648,0
0.1,2.7,0,0.299994,-0.00105227,0
0.1,2.8,0,0.299994,-0.00104269,0
0.1,2.9,0,0.299998,-0.00103732,0
0.1,3,0,0.299987,-0.00102619,0
0.1,3.1,0,0.299997,-0.00101239,0
0.1,3.2,0,0.29999,-0.00100522,0
0.1,3.3,0,0.299989,-0.000989355,0
0.1,3.4,0,0.299996,-0.000980664,0
0.1,3.5,0,0.299979,-0.000962576,0
0.1,3.6,0,0.299995,-0.00094108,0
0.1,3.7,0,0.299985,-0.0009299,0
0.1,3.8,0,0.299984,-0.00090566,0
0.1,3.9,0,0.299994,-0.0008926,0
0.1,4,0,0.299969,-0.000865465,0
0.1,4.1,0,0.299994,-0.000834296,0
0.1,4.2,0,0.299978,-0.000818098,0
0.1,4.3,0,0.299977,-0.00078365,0
0.1,4.4,0,0.299992,-0.000765399,0
0.1,4.5,0,0.299957,-0.000727388,0
0.1,4.6,0,0.299991,-0.000685875,0
0.1,4.7,0,0.299971,-0.000664094,0
0.1,4.8,0,0.299971,-0.000620413,0
0.1,4.9,0,0.29999,-0.000598512,0
0.1,5,0,0.299947,-0.000566774,0
0.1,5.1,0,0.299945,-0.000505381,0
0.1,5.2,0,0.299943,-0.000461813,0
0.1,5.3,0,0.299941,-0.000416778,0
0.1,5.4,0,0.299939,-0.000370298,0
0.1,5.5,0,0.299938,-0.000322476,0
0.1,5.6,0,0.299936,-0.000273429,0
0.1,5.7,0,0.299935,-0.000223292,0
0.1,5.8,0,0.299934,-0.000172215,0
0.1,5.9,0,0.299933,-0.000120363,0
0.1,6,0,0.299932,-6.79126e-05,0
0.1,6.1,0,0.299932,-1.50515e-05,0
0.1,6.2,0,0.299932,3.80254e-05,0
0.1,6.3,0,0.299932,9.11181e-05,0
0.1,6.4,0,0.299932,0.000144023,0
0.1,6.5,0,0.299933,0.000196538,0
0.1,6.6,0,0.299934,0.000248465,0
0.1,6.7,0,0.299935,0.000299614,0
0.1,6.8,0,0.299936,0.000349799,0
0.1,6.9,0,0.299937,0.000398922,0
0.1,7,0,0.299939,0.000472765,0
0.1,7.1,0,0.299983,0.000508884,0
0.1,7.2,0,0.299977,0.000528392,0
0.1,7.3,0,0.299949,0.000578295,0
0.1,7.4,0,0.29999,0.000628094,0
0.1,7.5,0,0.299975,0.000648512,0
0.1,7.6,0,0.299962,0.000693906,0
0.1,7.7,0,0.299992,0.000730053,0
0.1,7.8,0,0.299975,0.000753215,0
0.1,7.9,0,0.299973,0.000790537,0
0.1,8,0,0.299994,0.000814656,0
0.1,8.1,0,0.299977,0.000837957,0
0.1,8.2,0,0.299983,0.000866746,0
0.1,8.3,0,0.299995,0.00088132,0
0.1,8.4,0,0.299981,0.000902593,0
0.1,8.5,0,0.299989,0.000923226,0
0.1,8.6,0,0.299996,0.000931524,0
0.1,8.7,0,0.299985,0.000948411,0
0.1,8.8,0,0.299995,0.000961693,0
0.1,8.9,0,0.299996,0.000966818,0
0.1,9,0,0.299991,0.000977348,0
0.1,9.1,0,0.299998,0.000984522,0
0.1,9.2,0,0.299998,0.000987039,0
0.1,9.3,0,0.299997,0.000991944,0
0.1,9.4,0,0.3,0.000994296,0
0.1,9.5,0,0.3,0.000994947,0
0.1,9.6,0,0.300001,0.000995411,0
0.1,9.7,0,0.300001,0.000994512,0
0.1,9.8,0,0.300002,0.000993328,0
0.1,9.9,0,0.300002,0.000990493,0
0.1,10,0,0.300001,0.000988048,0
0.1,10.1,0,0.300004,0.00098481,0
0.1,10.2,0,0.300003,0.000979718,0
0.1,10.3,0,0.300002,0.00097696,0
0.1,10.4,0,0.300006,0.000971763,0
0.1,10.5,0,0.300003,0.000965312,0
0.1,10.6,0,0.300002,0.000962478,0
0.1,10.7,0,0.300007,0.000956229,0
0.1,10.8,0,0.300003,0.000949186,0
0.1,10.9,0,0.300003,0.000946306,0
0.1,11,0,0.300007,0.000939859,0
0.1,11.1,0,0.300002,0.000932895,0
0.1,11.2,0,0.300003,0.000930257,0
0.1,11.3,0,0.300006,0.000924116,0
0.1,11.4,0,0.300002,0.000918408,0
0.1,11.5,0,0.300004,0.000915534,0
0.1,11.6,0,0.300004,0.00091013,0
0.1,11.7,0,0.300001,0.00090604,0
0.1,11.8,0,0.300003,0.000903078,0
0.1,11.9,0,0.300003,0.000898741,0
0.1,12,0,0.300001,0.00089616,0
0.1,12.1,0,0.300003,0.00089361,0
0.1,12.2,0,0.300002,0.000890585,0
0.1,12.3,0,0.300001,0.000889256,0
0.1,12.4,0,0.300002,0.00088765,0
0.1,12.5,0,0.3,0.000886119,0
0.1,12.6,0,0.3,0.00102417,0
0.1,12.7,0,0.300001,0.00121917,0
0.2,0,0,0.3,-0.00233884,0
0.2,0.1,0,0.3,-0.00220115,0
0.2,0.2,0,0.3,-0.00220113,0
0.2,0.3,0,0.3,-0.00220111,0
0.2,0.4,0,0.3,-0.00220102,0
0.2,0.5,0,0.3,-0.00220108,0
0.2,0.6,0,0.3,-0.00220075,0
0.2,0.7,0,0.3,-0.00220046,0
0.2,0.8,0,0.3,-0.00220023,0
0.2,0.9,0,0.3,-0.00219955,0
0.2,1,0,0.299999,-0.00219915,0
0.2,1.1,0,0.299999,-0.00219802,0
0.2,1.2,0,0.299999,-0.00219664,0
0.2,1.3,0,0.299999,-0.0021957,0
0.2,1.4,0,0.299998,-0.00219326,0
0.2,1.5,0,0.299997,-0.00219151,0
0.2,1.6,0,0.299997,-0.00218847,0
0.2,1.7,0,0.299996,-0.0021845,0
0.2,1.8,0,0.299996,-0.00218202,0
0.2,1.9,0,0.299994,-0.00217597,0
0.2,2,0,0.299992,-0.00217147,0
0.2,2.1,0,0.299993,-0.00216486,0
0.2,2.2,0,0.299991,-0.00215607,0
0.2,2.3,0,0.299991,-0.00215084,0
0.2,2.4,0,0.299989,-0.00213856,0
0.2,2.5,0,0.299985,-0.00212934,0
0.2,2.6,0,0.299987,-0.00211694,0
0.2,2.7,0,0.299984,-0.00210033,0
0.2,2.8,0,0.299984,-0.00209075,0
0.2,2.9,0,0.29998,-0.00206888,0
0.2,3,0,0.299973,-0.00205238,0
0.2,3.1,0,0.299977,-0.00203141,0
0.2,3.2,0,0.299973,-0.00200327,0
0.2,3.3,0,0.299972,-0.0019874,0
0.2,3.4,0,0.299968,-0.00195193,0
0.2,3.5,0,0.299957,-0.00192515,0
0.2,3.6,0,0.299963,-0.00189248,0
0.2,3.7,0,0.299958,-0.00184862,0
0.2,3.8,0,0.299958,-0.00182438,0
0.2,3.9,0,0.299953,-0.00177113,0
0.2,4,0,0.299937,-0.00173093,0
0.2,4.1,0,0.299947,-0.00168356,0
0.2,4.2,0,0.299941,-0.00162,0
0.2,4.3,0,0.29994,-0.00158555,0
0.2,4.4,0,0.299934,-0.00151104,0
0.2,4.5,0,0.299914,-0.00145478,0
0.2,4.6,0,0.299928,-0.00139148,0
0.2,4.7,0,0.299922,-0.00130641,0
0.2,4.8,0,0.299922,-0.00126273,0
0.2,4.9,0,0.299918,-0.00118719,0
0.2,5,0,0.299894,-0.00113355,0
0.2,5.1,0,0.299889,-0.00101076,0
0.2,5.2,0,0.299886,-0.000923627,0
0.2,5.3,0,0.299882,-0.000833557,0
0.2,5.4,0,0.299879,-0.000740596,0
0.2,5.5,0,0.299876,-0.000644952,0
0.2,5.6,0,0.299873,-0.000546857,0
0.2,5.7,0,0.29987,-0.000446583,0
0.2,5.8,0,0.299868,-0.000344429,0
0.2,5.9,0,0.299866,-0.000240726,0
0.2,6,0,0.299865,-0.000135825,0
0.2,6.1,0,0.299864,-3.01031e-05,0
0.2,6.2,0,0.299864,7.60508e-05,0
0.2,6.3,0,0.299864,0.000182236,0
0.2,6.4,0,0.299865,0.000288046,0
0.2,6.5,0,0.299866,0.000393077,0
0.2,6.6,0,0.299867,0.00049693,0
0.2,6.7,0,0.299869,0.000599228,0
0.2,6.8,0,0.299871,0.000699597,0
0.2,6.9,0,0.299874,0.000797844,0
0.2,7,0,0.299878,0.000945531,0
0.2,7.1,0,0.299904,0.00100308,0
0.2,7.2,0,0.299908,0.00108903,0
0.2,7.3,0,0.299893,0.00114904,0
0.2,7.4,0,0.299914,0.00122626,0
0.2,7.5,0,0.299921,0.00132297,0
0.2,7.6,0,0.299913,0.0013749,0
0.2,7.7,0,0.299928,0.00144659,0
0.2,7.8,0,0.299935,0.00152802,0
0.2,7.9,0,0.299933,0.00156534,0
0.2,8,0,0.299943,0.00162801,0
0.2,8.1,0,0.299946,0.00168851,0
0.2,8.2,0,0.29995,0.00171801,0
0.2,8.3,0,0.299958,0.00176891,0
0.2,8.4,0,0.299957,0.00181116,0
0.2,8.5,0,0.299964,0.00183484,0
0.2,8.6,0,0.299971,0.00187127,0
0.2,8.7,0,0.299969,0.00189851,0
0.2,8.8,0,0.299977,0.00191533,0
0.2,8.9,0,0.299983,0.00193891,0
0.2,9,0,0.299982,0.00195434,0
0.2,9.1,0,0.299988,0.00196415,0
0.2,9.2,0,0.299992,0.00197683,0
0.2,9.3,0,0.299993,0.00198339,0
0.2,9.4,0,0.299997,0.00198673,0
0.2,9.5,0,0.3,0.00199056,0
0.2,9.6,0,0.300001,0.00199122,0
0.2,9.7,0,0.300003,0.00198864,0
0.2,9.8,0,0.300006,0.00198573,0
0.2,9.9,0,0.300006,0.0019829,0
0.2,10,0,0.300007,0.00197526,0
0.2,10.1,0,0.30001,0.00196819,0
0.2,10.2,0,0.300009,0.00196265,0
0.2,10.3,0,0.300011,0.00195149,0
0.2,10.4,0,0.300013,0.00194242,0
0.2,10.5,0,0.300011,0.00193453,0
0.2,10.6,0,0.300012,0.0019216,0
0.2,10.7,0,0.300015,0.00191215,0
0.2,10.8,0,0.300012,0.00190267,0
0.2,10.9,0,0.300012,0.0018892,0
0.2,11,0,0.300014,0.00188041,0
0.2,11.1,0,0.300012,0.00187024,0
0.2,11.2,0,0.300011,0.00185723,0
0.2,11.3,0,0.300013,0.00184984,0
0.2,11.4,0,0.300011,0.0018398,0
0.2,11.5,0,0.30001,0.00182807,0
0.2,11.6,0,0.30001,0.00182247,0
0.2,11.7,0,0.300009,0.00181338,0
0.2,11.8,0,0.300008,0.00180423,0
0.2,11.9,0,0.300008,0.00179989,0
0.2,12,0,0.300006,0.00179254,0
0.2,12.1,0,0.300006,0.00178631,0
0.2,12.2,0,0.300005,0.00178307,0
0.2,12.3,0,0.300004,0.00177843,0
0.2,12.4,0,0.300003,0.00177506,0
0.2,12.5,0,0.300003,0.0017735,0
0.2,12.6,0,0.300002,0.00177191,0
0.2,12.7,0,0.300002,0.00188238,0
0.3,0,0,0.3,-0.00330221,0
0.3,0.1,0,0.3,-0.00330206,0
0.3,0.2,0,0.3,-0.00330205,0
0.3,0.3,0,0.3,-0.00330201,0
0.3,0.4,0,0.3,-0.00330192,0
0.3,0.5,0,0.3,-0.00330196,0
0.3,0.6,0,0.3,-0.00330153,0
0.3,0.7,0,0.3,-0.00330125,0
0.3,0.8,0,0.299999,-0.00330063,0
0.3,0.9,0,0.299999,-0.00329995,0
0.3,1,0,0.299998,-0.00329926,0
0.3,1.1,0,0.299998,-0.00329753,0
0.3,1.2,0,0.299997,-0.00329615,0
0.3,1.3,0,0.299996,-0.00329348,0
0.3,1.4,0,0.299996,-0.00329104,0
0.3,1.5,0,0.299994,-0.00328815,0
0.3,1.6,0,0.299994,-0.00328326,0
0.3,1.7,0,0.299993,-0.00327929,0
0.3,1.8,0,0.29999,-0.00327205,0
0.3,1.9,0,0.299989,-0.003266,0
0.3,2,0,0.299985,-0.00325856,0
0.3,2.1,0,0.299985,-0.00324776,0
0.3,2.2,0,0.299983,-0.00323897,0
0.3,2.3,0,0.29998,-0.00322354,0
0.3,2.4,0,0.299978,-0.00321127,0
0.3,2.5,0,0.299971,-0.003196,0
0.3,2.6,0,0.299971,-0.00317558,0
0.3,2.7,0,0.299968,-0.00315897,0
0.3,2.8,0,0.299963,-0.00313056,0
0.3,2.9,0,0.29996,-0.00310869,0
0.3,3,0,0.299949,-0.00308134,0
0.3,3.1,0,0.29995,-0.00304665,0
0.3,3.2,0,0.299946,-0.0030185,0
0.3,3.3,0,0.299938,-0.00297129,0
0.3,3.4,0,0.299934,-0.00293582,0
0.3,3.5,0,0.299918,-0.00289132,0
0.3,3.6,0,0.299921,-0.00283715,0
0.3,3.7,0,0.299916,-0.00279329,0
0.3,3.8,0,0.299906,-0.00272091,0
0.3,3.9,0,0.299901,-0.00266765,0
0.3,4,0,0.299879,-0.00260072,0
0.3,4.1,0,0.299885,-0.002522,0
0.3,4.2,0,0.299879,-0.00245843,0
0.3,4.3,0,0.299868,-0.00235502,0
0.3,4.4,0,0.299862,-0.00228051,0
0.3,4.5,0,0.299833,-0.00218681,0
0.3,4.6,0,0.299844,-0.00208029,0
0.3,4.7,0,0.299839,-0.00199522,0
0.3,4.8,0,0.299828,-0.00185878,0
0.3,4.9,0,0.299824,-0.00178324,0
0.3,5,0,0.299793,-0.00170408,0
0.3,5.1,0,0.299782,-0.00151978,0
0.3,5.2,0,0.299775,-0.00138911,0
0.3,5.3,0,0.299768,-0.0012539,0
0.3,5.4,0,0.299761,-0.00111428,0
0.3,5.5,0,0.299755,-0.00097057,0
0.3,5.6,0,0.299749,-0.000823127,0
0.3,5.7,0,0.299744,-0.000672366,0
0.3,5.8,0,0.29974,-0.000518745,0
0.3,5.9,0,0.299736,-0.000362764,0
0.3,6,0,0.299734,-0.000204959,0
0.3,6.1,0,0.299732,-4.59001e-05,0
0.3,6.2,0,0.299732,0.000113821,0
0.3,6.3,0,0.299732,0.000273596,0
0.3,6.4,0,0.299733,0.000432805,0
0.3,6.5,0,0.299735,0.000590831,0
0.3,6.6,0,0.299739,0.000747062,0
0.3,6.7,0,0.299743,0.000900916,0
0.3,6.8,0,0.299747,0.00105181,0
0.3,6.9,0,0.299753,0.00119938,0
0.3,7,0,0.299762,0.00142146,0
0.3,7.1,0,0.299795,0.00151293,0
0.3,7.2,0,0.299799,0.00159889,0
0.3,7.3,0,0.299789,0.00173892,0
0.3,7.4,0,0.299817,0.00185737,0
0.3,7.5,0,0.299824,0.00195407,0
0.3,7.6,0,0.299827,0.00208673,0
0.3,7.7,0,0.299846,0.00218133,0
0.3,7.8,0,0.299853,0.00226436,0
0.3,7.9,0,0.299865,0.00237686,0
0.3,8,0,0.299877,0.0024478,0
0.3,8.1,0,0.299882,0.00251916,0
0.3,8.2,0,0.299901,0.00260446,0
0.3,8.3,0,0.299908,0.00265535,0
0.3,8.4,0,0.299911,0.00271301,0
0.3,8.5,0,0.299929,0.0027705,0
0.3,8.6,0,0.299936,0.00280693,0
0.3,8.7,0,0.299939,0.00285003,0
0.3,8.8,0,0.299955,0.00288443,0
0.3,8.9,0,0.299961,0.00290802,0
0.3,9,0,0.299965,0.00293616,0
0.3,9.1,0,0.299976,0.00295305,0
0.3,9.2,0,0.299981,0.00296573,0
0.3,9.3,0,0.299987,0.00297917,0
0.3,9.4,0,0.299994,0.00298413,0
0.3,9.5,0,0.299997,0.00298796,0
0.3,9.6,0,0.300003,0.00298885,0
0.3,9.7,0,0.300007,0.00298566,0
0.3,9.8,0,0.30001,0.00298245,0
0.3,9.9,0,0.300014,0.00297348,0
0.3,10,0,0.300016,0.00296529,0
0.3,10.1,0,0.300019,0.00295624,0
0.3,10.2,0,0.300021,0.00294112,0
0.3,10.3,0,0.300022,0.00292996,0
0.3,10.4,0,0.300026,0.00291649,0
0.3,10.5,0,0.300025,0.00289869,0
0.3,10.6,0,0.300025,0.00288576,0
0.3,10.7,0,0.300029,0.00286933,0
0.3,10.8,0,0.300026,0.0028513,0
0.3,10.9,0,0.300026,0.00283783,0
0.3,11,0,0.300028,0.00281987,0
0.3,11.1,0,0.300025,0.00280338,0
0.3,11.2,0,0.300025,0.00279037,0
0.3,11.3,0,0.300025,0.00277246,0
0.3,11.4,0,0.300022,0.00275852,0
0.3,11.5,0,0.300021,0.00274679,0
0.3,11.6,0,0.300021,0.00273042,0
0.3,11.7,0,0.300019,0.00271958,0
0.3,11.8,0,0.300018,0.00270926,0
0.3,11.9,0,0.300015,0.00269624,0
0.3,12,0,0.300014,0.00268873,0
0.3,12.1,0,0.300013,0.00268057,0
0.3,12.2,0,0.30001,0.00267226,0
0.3,12.3,0,0.300008,0.00266762,0
0.3,12.4,0,0.300007,0.00266242,0
0.3,12.5,0,0.300005,0.00265901,0
0.3,12.6,0,0.300004,0.00265742,0
0.3,12.7,0,0.300004,0.00265602,0
0.4,0,0,0.3,-0.0044034,0
0.4,0.1,0,0.3,-0.00440313,0
0.4,0.2,0,0.3,-0.00440326,0
0.4,0.3,0,0.3,-0.00440322,0
0.4,0.4,0,0.3,-0.00440301,0
0.4,0.5,0,0.3,-0.00440319,0
0.4,0.6,0,0.3,-0.0044026,0
0.4,0.7,0,0.299999,-0.00440235,0
0.4,0.8,0,0.299999,-0.00440174,0
0.4,0.9,0,0.299998,-0.00440061,0
0.4,1,0,0.299997,-0.00439992,0
0.4,1.1,0,0.299997,-0.00439783,0
0.4,1.2,0,0.299995,-0.00439574,0
0.4,1.3,0,0.299994,-0.00439306,0
0.4,1.4,0,0.299992,-0.004389,0
0.4,1.5,0,0.29999,-0.00438567,0
0.4,1.6,0,0.29999,-0.00437986,0
0.4,1.7,0,0.299986,-0.00437329,0
0.4,1.8,0,0.299983,-0.00436605,0
0.4,1.9,0,0.299981,-0.00435584,0
0.4,2,0,0.299975,-0.00434702,0
0.4,2.1,0,0.299975,-0.00433422,0
0.4,2.2,0,0.299968,-0.00431924,0
0.4,2.3,0,0.299965,-0.00430381,0
0.4,2.4,0,0.299962,-0.00428292,0
0.4,2.5,0,0.299951,-0.00426467,0
0.4,2.6,0,0.299953,-0.00424043,0
0.4,2.7,0,0.299941,-0.00421177,0
0.4,2.8,0,0.299935,-0.00418336,0
0.4,2.9,0,0.299931,-0.00414589,0
0.4,3,0,0.299913,-0.00411306,0
0.4,3.1,0,0.299919,-0.00407183,0
0.4,3.2,0,0.2999,-0.00402291,0
0.4,3.3,0,0.299893,-0.0039757,0
0.4,3.4,0,0.299889,-0.00391461,0
0.4,3.5,0,0.299861,-0.00386109,0
0.4,3.6,0,0.299871,-0.0037966,0
0.4,3.7,0,0.299845,-0.00371999,0
0.4,3.8,0,0.299836,-0.0036476,0
0.4,3.9,0,0.299833,-0.00355545,0
0.4,4,0,0.299794,-0.00347483,0
0.4,4.1,0,0.299811,-0.00338096,0
0.4,4.2,0,0.299778,-0.00326947,0
0.4,4.3,0,0.299767,-0.00316605,0
0.4,4.4,0,0.299767,-0.00303637,0
0.4,4.5,0,0.299715,-0.0029235,0
0.4,4.6,0,0.299743,-0.00279553,0
0.4,4.7,0,0.299704,-0.00264616,0
0.4,4.8,0,0.299693,-0.00250972,0
0.4,4.9,0,0.299702,-0.00236115,0
0.4,5,0,0.299645,-0.00227836,0
0.4,5.1,0,0.299624,-0.00203244,0
0.4,5.2,0,0.299611,-0.00185826,0
0.4,5.3,0,0.299598,-0.00167782,0
0.4,5.4,0,0.299586,-0.00149136,0
0.4,5.5,0,0.299575,-0.00129933,0
0.4,5.6,0,0.299565,-0.00110224,0
0.4,5.7,0,0.299556,-0.00090064,0
0.4,5.8,0,0.299549,-0.000695162,0
0.4,5.9,0,0.299543,-0.000486478,0
0.4,6,0,0.299538,-0.000275315,0
0.4,6.1,0,0.299535,-6.24427e-05,0
0.4,6.2,0,0.299535,0.000151337,0
0.4,6.3,0,0.299535,0.000365198,0
0.4,6.4,0,0.299538,0.000578299,0
0.4,6.5,0,0.299542,0.0007898,0
0.4,6.6,0,0.299548,0.000998862,0
0.4,6.7,0,0.299555,0.00120468,0
0.4,6.8,0,0.299564,0.00140643,0
0.4,6.9,0,0.299574,0.00160352,0
0.4,7,0,0.299592,0.00190054,0
0.4,7.1,0,0.299647,0.00199619,0
0.4,7.2,0,0.299655,0.00215648,0
0.4,7.3,0,0.299635,0.00231847,0
0.4,7.4,0,0.299691,0.00246741,0
0.4,7.5,0,0.299695,0.00263977,0
0.4,7.6,0,0.299694,0.00277849,0
0.4,7.7,0,0.299742,0.00291232,0
0.4,7.8,0,0.299744,0.00305056,0
0.4,7.9,0,0.299756,0.00316307,0
0.4,8,0,0.299796,0.0032759,0
0.4,8.1,0,0.299796,0.003381,0
0.4,8.2,0,0.299816,0.00346718,0
0.4,8.3,0,0.29985,0.00355696,0
0.4,8.4,0,0.299848,0.00363222,0
0.4,8.5,0,0.299871,0.00369354,0
0.4,8.6,0,0.299897,0.00375909,0
0.4,8.7,0,0.299897,0.00380972,0
0.4,8.8,0,0.299919,0.00384881,0
0.4,8.9,0,0.299937,0.00389018,0
0.4,9,0,0.29994,0.00392145,0
0.4,9.1,0,0.299957,0.00394224,0
0.4,9.2,0,0.299971,0.00396333,0
0.4,9.3,0,0.299977,0.00397754,0
0.4,9.4,0,0.299988,0.00398441,0
0.4,9.5,0,0.299998,0.00398936,0
0.4,9.6,0,0.300005,0.00399021,0
0.4,9.7,0,0.300011,0.00398565,0
0.4,9.8,0,0.300019,0.00397911,0
0.4,9.9,0,0.300024,0.00397014,0
0.4,10,0,0.300028,0.00395657,0
0.4,10.1,0,0.300035,0.00394271,0
0.4,10.2,0,0.300036,0.00392712,0
0.4,10.3,0,0.300038,0.00390698,0
0.4,10.4,0,0.300045,0.00388922,0
0.4,10.5,0,0.300042,0.00386982,0
0.4,10.6,0,0.300043,0.00384611,0
0.4,10.7,0,0.300049,0.00382645,0
0.4,10.8,0,0.300044,0.00380559,0
0.4,10.9,0,0.300044,0.00378106,0
0.4,11,0,0.300049,0.0037609,0
0.4,11.1,0,0.300042,0.0037405,0
0.4,11.2,0,0.300043,0.00371709,0
0.4,11.3,0,0.300044,0.00369808,0
0.4,11.4,0,0.300037,0.00367889,0
0.4,11.5,0,0.300038,0.00365874,0
0.4,11.6,0,0.300037,0.00364221,0
0.4,11.7,0,0.300031,0.00362531,0
0.4,11.8,0,0.300031,0.00360952,0
0.4,11.9,0,0.300028,0.00359649,0
0.4,12,0,0.300023,0.00358307,0
0.4,12.1,0,0.300022,0.00357211,0
0.4,12.2,0,0.300018,0.00356334,0
0.4,12.3,0,0.300013,0.00355444,0
0.4,12.4,0,0.300012,0.00354843,0
0.4,12.5,0,0.300009,0.00354445,0
0.4,12.6,0,0.300006,0.00354135,0
0.4,12.7,0,0.300007,0.0035401,0
0.5,0,0,0.3,-0.0055046,0
0.5,0.1,0,0.3,-0.0055046,0
0.5,0.2,0,0.3,-0.0055046,0
0.5,0.3,0,0.3,-0.00550456,0
0.5,0.4,0,0.3,-0.00550449,0
0.5,0.5,0,0.3,-0.00550441,0
0.5,0.6,0,0.299999,-0.00550401,0
0.5,0.7,0,0.299999,-0.00550361,0
0.5,0.8,0,0.299998,-0.00550285,0
0.5,0.9,0,0.299997,-0.00550171,0
0.5,1,0,0.299996,-0.00550058,0
0.5,1.1,0,0.299994,-0.00549813,0
0.5,1.2,0,0.299993,-0.00549568,0
0.5,1.3,0,0.299991,-0.0054922,0
0.5,1.4,0,0.299988,-0.00548769,0
0.5,1.5,0,0.299986,-0.00548318,0
0.5,1.6,0,0.299982,-0.00547569,0
0.5,1.7,0,0.299979,-0.0054682,0
0.5,1.8,0,0.299974,-0.00545866,0
0.5,1.9,0,0.29997,-0.00544707,0
0.5,2,0,0.299965,-0.00543548,0
0.5,2.1,0,0.299959,-0.0054185,0
0.5,2.2,0,0.299953,-0.00540152,0
0.5,2.3,0,0.299946,-0.00538109,0
0.5,2.4,0,0.299938,-0.00535722,0
0.5,2.5,0,0.29993,-0.00533334,0
0.5,2.6,0,0.299921,-0.00530086,0
0.5,2.7,0,0.299911,-0.00526839,0
0.5,2.8,0,0.2999,-0.00523068,0
0.5,2.9,0,0.299889,-0.00518773,0
0.5,3,0,0.299877,-0.00514478,0
0.5,3.1,0,0.299864,-0.00508933,0
0.5,3.2,0,0.29985,-0.00503387,0
0.5,3.3,0,0.299835,-0.00497108,0
0.5,3.4,0,0.299819,-0.00490097,0
0.5,3.5,0,0.299803,-0.00483086,0
0.5,3.6,0,0.299785,-0.00474393,0
0.5,3.7,0,0.299767,-0.004657,0
0.5,3.8,0,0.299748,-0.00456062,0
0.5,3.9,0,0.299728,-0.00445478,0
0.5,4,0,0.299708,-0.00434894,0
0.5,4.1,0,0.299687,-0.0042223,0
0.5,4.2,0,0.299665,-0.00409565,0
0.5,4.3,0,0.299643,-0.0039579,0
0.5,4.4,0,0.29962,-0.00380905,0
0.5,4.5,0,0.299597,-0.00366019,0
0.5,4.6,0,0.299574,-0.00348936,0
0.5,4.7,0,0.299552,-0.00331854,0
0.5,4.8,0,0.299532,-0.00315703,0
0.5,4.9,0,0.299514,-0.00300484,0
0.5,5,0,0.299497,-0.00285264,0
0.5,5.1,0,0.299467,-0.0025451,0
0.5,5.2,0,0.299447,-0.00232741,0
0.5,5.3,0,0.299429,-0.00210173,0
0.5,5.4,0,0.299412,-0.00186843,0
0.5,5.5,0,0.299396,-0.00162809,0
0.5,5.6,0,0.299381,-0.00138135,0
0.5,5.7,0,0.299368,-0.00112891,0
0.5,5.8,0,0.299358,-0.000871578,0
0.5,5.9,0,0.299349,-0.000610191,0
0.5,6,0,0.299343,-0.000345671,0
0.5,6.1,0,0.299339,-7.89852e-05,0
0.5,6.2,0,0.299338,0.000188852,0
0.5,6.3,0,0.299339,0.000456799,0
0.5,6.4,0,0.299342,0.000723793,0
0.5,6.5,0,0.299348,0.000988769,0
0.5,6.6,0,0.299357,0.00125066,0
0.5,6.7,0,0.299368,0.00150844,0
0.5,6.8,0,0.29938,0.00176105,0
0.5,6.9,0,0.299395,0.00200767,0
0.5,7,0,0.299422,0.00237963,0
0.5,7.1,0,0.299439,0.00255371,0
0.5,7.2,0,0.299457,0.00272779,0
0.5,7.3,0,0.299475,0.00290502,0
0.5,7.4,0,0.299501,0.00310016,0
0.5,7.5,0,0.299527,0.0032953,0
0.5,7.6,0,0.299553,0.00348144,0
0.5,7.7,0,0.299581,0.00364657,0
0.5,7.8,0,0.29961,0.0038117,0
0.5,7.9,0,0.299638,0.00396228,0
0.5,8,0,0.299667,0.00409508,0
0.5,8.1,0,0.299695,0.00422787,0
0.5,8.2,0,0.299723,0.00434172,0
0.5,8.3,0,0.29975,0.00444292,0
0.5,8.4,0,0.299777,0.00454413,0
0.5,8.5,0,0.299802,0.00462339,0
0.5,8.6,0,0.299827,0.00469533,0
0.5,8.7,0,0.299852,0.00476727,0
0.5,8.8,0,0.299873,0.00481591,0
0.5,8.9,0,0.299894,0.00486196,0
0.5,9,0,0.299915,0.00490692,0
0.5,9.1,0,0.299933,0.00493107,0
0.5,9.2,0,0.29995,0.00495522,0
0.5,9.3,0,0.299967,0.00497583,0
0.5,9.4,0,0.299981,0.00498228,0
0.5,9.5,0,0.299995,0.00498874,0
0.5,9.6,0,0.300007,0.00499045,0
0.5,9.7,0,0.300017,0.00498333,0
0.5,9.8,0,0.300028,0.00497622,0
0.5,9.9,0,0.300036,0.00496423,0
0.5,10,0,0.300043,0.00494737,0
0.5,10.1,0,0.300051,0.0049305,0
0.5,10.2,0,0.300056,0.00490952,0
0.5,10.3,0,0.30006,0.00488631,0
0.5,10.4,0,0.300064,0.0048631,0
0.5,10.5,0,0.300066,0.00483716,0
0.5,10.6,0,0.300068,0.00481054,0
0.5,10.7,0,0.30007,0.00478392,0
0.5,10.8,0,0.30007,0.00475639,0
0.5,10.9,0,0.30007,0.0047288,0
0.5,11,0,0.30007,0.00470133,0
0.5,11.1,0,0.300068,0.00467479,0
0.5,11.2,0,0.300066,0.00464826,0
0.5,11.3,0,0.300064,0.00462239,0
0.5,11.4,0,0.300061,0.00459853,0
0.5,11.5,0,0.300058,0.00457466,0
0.5,11.6,0,0.300054,0.00455236,0
0.5,11.7,0,0.30005,0.00453242,0
0.5,11.8,0,0.300047,0.00451248,0
0.5,11.9,0,0.300042,0.00449522,0
0.5,12,0,0.300037,0.00448017,0
0.5,12.1,0,0.300033,0.00446511,0
0.5,12.2,0,0.300028,0.00445395,0
0.5,12.3,0,0.300023,0.00444446,0
0.5,12.4,0,0.300018,0.00443497,0
0.5,12.5,0,0.300015,0.00443075,0
0.5,12.6,0,0.300012,0.00442746,0
0.5,12.7,0,0.30001,0.00442418,0
0.6,0,0,0.3,-0.00660631,0
0.6,0.1,0,0.3,-0.00660606,0
0.6,0.2,0,0.3,-0.00660624,0
0.6,0.3,0,0.3,-0.00660629,0
0.6,0.4,0,0.3,-0.00660612,0
0.6,0.5,0,0.3,-0.00660646,0
0.6,0.6,0,0.299999,-0.00660591,0
0.6,0.7,0,0.299998,-0.00660571,0
0.6,0.8,0,0.299997,-0.00660504,0
0.6,0.9,0,0.299996,-0.0066038,0
0.6,1,0,0.299994,-0.00660295,0
0.6,1.1,0,0.299993,-0.00660008,0
0.6,1.2,0,0.29999,-0.00659763,0
0.6,1.3,0,0.299987,-0.00659376,0
0.6,1.4,0,0.299984,-0.00658885,0
0.6,1.5,0,0.299979,-0.00658389,0
0.6,1.6,0,0.299975,-0.00657501,0
0.6,1.7,0,0.29997,-0.00656694,0
0.6,1.8,0,0.299964,-0.0065557,0
0.6,1.9,0,0.299959,-0.00654299,0
0.6,2,0,0.299948,-0.00652925,0
0.6,2.1,0,0.299943,-0.00650889,0
0.6,2.2,0,0.299933,-0.00649016,0
0.6,2.3,0,0.299922,-0.00646553,0
0.6,2.4,0,0.299916,-0.0064392,0
0.6,2.5,0,0.299897,-0.00641011,0
0.6,2.6,0,0.29989,-0.0063708,0
0.6,2.7,0,0.299873,-0.00633463,0
0.6,2.8,0,0.299858,-0.0062886,0
0.6,2.9,0,0.299848,-0.00624103,0
0.6,3,0,0.299818,-0.00618803,0
0.6,3.1,0,0.299811,-0.00612039,0
0.6,3.2,0,0.299785,-0.0060583,0
0.6,3.3,0,0.299763,-0.00598103,0
0.6,3.4,0,0.299752,-0.00590307,0
0.6,3.5,0,0.299708,-0.0058159,0
0.6,3.6,0,0.299701,-0.00570916,0
0.6,3.7,0,0.299666,-0.00561151,0
0.6,3.8,0,0.299638,-0.00549214,0
0.6,3.9,0,0.299626,-0.00537404,0
0.6,4,0,0.299566,-0.0052418,0
0.6,4.1,0,0.299563,-0.00508534,0
0.6,4.2,0,0.299518,-0.00494272,0
0.6,4.3,0,0.299485,-0.00477115,0
0.6,4.4,0,0.299474,-0.00460445,0
0.6,4.5,0,0.299399,-0.00441784,0
0.6,4.6,0,0.299405,-0.0042044,0
0.6,4.7,0,0.299353,-0.00401229,0
0.6,4.8,0,0.299319,-0.00378587,0
0.6,4.9,0,0.299316,-0.00359006,0
0.6,5,0,0.299246,-0.00344815,0
0.6,5.1,0,0.299199,-0.00307762,0
0.6,5.2,0,0.299169,-0.00281518,0
0.6,5.3,0,0.29914,-0.00254297,0
0.6,5.4,0,0.299114,-0.00226142,0
0.6,5.5,0,0.299089,-0.00197123,0
0.6,5.6,0,0.299067,-0.00167317,0
0.6,5.7,0,0.299047,-0.0013681,0
0.6,5.8,0,0.299031,-0.00105699,0
0.6,5.9,0,0.299018,-0.000740852,0
0.6,6,0,0.299008,-0.000420827,0
0.6,6.1,0,0.299002,-9.80952e-05,0
0.6,6.2,0,0.298999,0.0002261,0
0.6,6.3,0,0.299001,0.00055048,0
0.6,6.4,0,0.299006,0.000873735,0
0.6,6.5,0,0.299016,0.00119456,0
0.6,6.6,0,0.299029,0.00151163,0
0.6,6.7,0,0.299045,0.00182369,0
0.6,6.8,0,0.299065,0.00212944,0
0.6,6.9,0,0.299089,0.00242786,0
0.6,7,0,0.299132,0.00287786,0
0.6,7.1,0,0.299203,0.00304368,0
0.6,7.2,0,0.299219,0.00324529,0
0.6,7.3,0,0.299221,0.00351487,0
0.6,7.4,0,0.299307,0.00376457,0
0.6,7.5,0,0.29932,0.00397966,0
0.6,7.6,0,0.299344,0.00421199,0
0.6,7.7,0,0.299419,0.00441757,0
0.6,7.8,0,0.299436,0.00460371,0
0.6,7.9,0,0.299475,0.00479147,0
0.6,8,0,0.299538,0.00495123,0
0.6,8.1,0,0.299557,0.00510396,0
0.6,8.2,0,0.299604,0.00524655,0
0.6,8.3,0,0.299653,0.00536393,0
0.6,8.4,0,0.299674,0.00548199,0
0.6,8.5,0,0.299722,0.00558208,0
0.6,8.6,0,0.299759,0.00566286,0
0.6,8.7,0,0.299781,0.00574666,0
0.6,8.8,0,0.299825,0.00580901,0
0.6,8.9,0,0.299853,0.00585952,0
0.6,9,0,0.299876,0.00591045,0
0.6,9.1,0,0.299911,0.0059421,0
0.6,9.2,0,0.299931,0.00596731,0
0.6,9.3,0,0.299954,0.0059893,0
0.6,9.4,0,0.299979,0.00599792,0
0.6,9.5,0,0.299995,0.00600318,0
0.6,9.6,0,0.300013,0.00600268,0
0.6,9.7,0,0.300028,0.0059942,0
0.6,9.8,0,0.300042,0.0059839,0
0.6,9.9,0,0.300055,0.00596708,0
0.6,10,0,0.300063,0.00594721,0
0.6,10.1,0,0.300075,0.00592516,0
0.6,10.2,0,0.300082,0.00589754,0
0.6,10.3,0,0.300086,0.00587106,0
0.6,10.4,0,0.300096,0.00584091,0
0.6,10.5,0,0.300096,0.00580724,0
0.6,10.6,0,0.300097,0.00577727,0
0.6,10.7,0,0.300105,0.0057431,0
0.6,10.8,0,0.3001,0.00570732,0
0.6,10.9,0,0.3001,0.00567643,0
0.6,11,0,0.300104,0.00564164,0
0.6,11.1,0,0.300096,0.00560694,0
0.6,11.2,0,0.300095,0.00557756,0
0.6,11.3,0,0.300094,0.00554493,0
0.6,11.4,0,0.300085,0.0055143,0
0.6,11.5,0,0.300084,0.00548751,0
0.6,11.6,0,0.30008,0.0054593,0
0.6,11.7,0,0.300071,0.00543443,0
0.6,11.8,0,0.300068,0.00541164,0
0.6,11.9,0,0.300061,0.00538951,0
0.6,12,0,0.300053,0.00537122,0
0.6,12.1,0,0.300048,0.00535392,0
0.6,12.2,0,0.30004,0.00533911,0
0.6,12.3,0,0.300032,0.00532784,0
0.6,12.4,0,0.300027,0.00531713,0
0.6,12.5,0,0.300018,0.00531044,0
0.6,12.6,0,0.300014,0.00530648,0
0.6,12.7,0,0.300015,0.00530399,0
0.7,0,0,0.3,-0.00770803,0
0.7,0.1,0,0.3,-0.00770795,0
0.7,0.2,0,0.3,-0.00770805,0
0.7,0.3,0,0.3,-0.0077081,0
0.7,0.4,0,0.3,-0.00770826,0
0.7,0.5,0,0.3,-0.00770851,0
0.7,0.6,0,0.299999,-0.00770816,0
0.7,0.7,0,0.299998,-0.00770802,0
0.7,0.8,0,0.299997,-0.00770734,0
0.7,0.9,0,0.299994,-0.00770627,0
0.7,1,0,0.299993,-0.00770532,0
0.7,1.1,0,0.29999,-0.00770245,0
0.7,1.2,0,0.299986,-0.00769959,0
0.7,1.3,0,0.299983,-0.00769572,0
0.7,1.4,0,0.299978,-0.00768995,0
0.7,1.5,0,0.299972,-0.00768459,0
0.7,1.6,0,0.299967,-0.00767513,0
0.7,1.7,0,0.299959,-0.00766509,0
0.7,1.8,0,0.299953,-0.00765385,0
0.7,1.9,0,0.299943,-0.00763788,0
0.7,2,0,0.299932,-0.00762302,0
0.7,2.1,0,0.299922,-0.00760091,0
0.7,2.2,0,0.299909,-0.00757706,0
0.7,2.3,0,0.299898,-0.00755243,0
0.7,2.4,0,0.299881,-0.00751843,0
0.7,2.5,0,0.299863,-0.00748688,0
0.7,2.6,0,0.299849,-0.00744388,0
0.7,2.7,0,0.299828,-0.00739718,0
0.7,2.8,0,0.299812,-0.00735115,0
0.7,2.9,0,0.299787,-0.0072889,0
0.7,3,0,0.299759,-0.00723127,0
0.7,3.1,0,0.29974,-0.007157,0
0.7,3.2,0,0.299709,-0.00707609,0
0.7,3.3,0,0.299687,-0.00699882,0
0.7,3.4,0,0.299652,-0.00689596,0
0.7,3.5,0,0.299612,-0.00680095,0
0.7,3.6,0,0.299589,-0.00668349,0
0.7,3.7,0,0.299549,-0.00655531,0
0.7,3.8,0,0.29952,-0.00643594,0
0.7,3.9,0,0.299476,-0.00627916,0
0.7,4,0,0.299423,-0.00613466,0
0.7,4.1,0,0.299398,-0.00596222,0
0.7,4.2,0,0.299349,-0.00577381,0
0.7,4.3,0,0.299315,-0.00560224,0
0.7,4.4,0,0.299264,-0.00537994,0
0.7,4.5,0,0.299201,-0.00517548,0
0.7,4.6,0,0.299178,-0.00494076,0
0.7,4.7,0,0.299126,-0.00468475,0
0.7,4.8,0,0.299091,-0.00445833,0
0.7,4.9,0,0.29905,-0.00422919,0
0.7,5,0,0.298995,-0.00404366,0
0.7,5.1,0,0.298931,-0.00361015,0
0.7,5.2,0,0.29889,-0.00330296,0
0.7,5.3,0,0.298852,-0.0029842,0
0.7,5.4,0,0.298816,-0.0026544,0
0.7,5.5,0,0.298782,-0.00231437,0
0.7,5.6,0,0.298752,-0.00196499,0
0.7,5.7,0,0.298726,-0.00160729,0
0.7,5.8,0,0.298704,-0.00124239,0
0.7,5.9,0,0.298686,-0.000871513,0
0.7,6,0,0.298673,-0.000495983,0
0.7,6.1,0,0.298664,-0.000117205,0
0.7,6.2,0,0.298661,0.000263349,0
0.7,6.3,0,0.298663,0.000644161,0
0.7,6.4,0,0.29867,0.00102368,0
0.7,6.5,0,0.298683,0.00140035,0
0.7,6.6,0,0.298701,0.0017726,0
0.7,6.7,0,0.298723,0.00213894,0
0.7,6.8,0,0.29875,0.00249783,0
0.7,6.9,0,0.298782,0.00284804,0
0.7,7,0,0.298841,0.00337608,0
0.7,7.1,0,0.298899,0.00358444,0
0.7,7.2,0,0.29894,0.00384919,0
0.7,7.3,0,0.298957,0.00411646,0
0.7,7.4,0,0.299028,0.00439301,0
0.7,7.5,0,0.299087,0.0046886,0
0.7,7.6,0,0.299119,0.00492809,0
0.7,7.7,0,0.299188,0.00516737,0
0.7,7.8,0,0.299251,0.00541531,0
0.7,7.9,0,0.299291,0.00560306,0
0.7,8,0,0.299357,0.00579865,0
0.7,8.1,0,0.299413,0.00599082,0
0.7,8.2,0,0.29946,0.00613397,0
0.7,8.3,0,0.299521,0.00628408,0
0.7,8.4,0,0.299569,0.00642459,0
0.7,8.5,0,0.299616,0.00652681,0
0.7,8.6,0,0.299671,0.00663207,0
0.7,8.7,0,0.299711,0.00672724,0
0.7,8.8,0,0.299755,0.00679153,0
0.7,8.9,0,0.299803,0.00685739,0
0.7,9,0,0.299835,0.00691361,0
0.7,9.1,0,0.299872,0.00694581,0
0.7,9.2,0,0.299911,0.0069786,0
0.7,9.3,0,0.299938,0.00700232,0
0.7,9.4,0,0.299967,0.00700953,0
0.7,9.5,0,0.299997,0.00701583,0
0.7,9.6,0,0.300016,0.00701553,0
0.7,9.7,0,0.300037,0.0070028,0
0.7,9.8,0,0.300059,0.00698909,0
0.7,9.9,0,0.300072,0.00697227,0
0.7,10,0,0.300087,0.00694461,0
0.7,10.1,0,0.300102,0.00691752,0
0.7,10.2,0,0.30011,0.00688931,0
0.7,10.3,0,0.300119,0.00685204,0
0.7,10.4,0,0.300128,0.00681725,0
0.7,10.5,0,0.30013,0.00678184,0
0.7,10.6,0,0.300134,0.00673983,0
0.7,10.7,0,0.30014,0.0067019,0
0.7,10.8,0,0.300137,0.00666338,0
0.7,10.9,0,0.300137,0.0066203,0
0.7,11,0,0.300139,0.00658277,0
0.7,11.1,0,0.300133,0.00654464,0
0.7,11.2,0,0.300129,0.00650346,0
0.7,11.3,0,0.300127,0.00646937,0
0.7,11.4,0,0.300119,0.00643422,0
0.7,11.5,0,0.300112,0.00639734,0
0.7,11.6,0,0.300108,0.00636891,0
0.7,11.7,0,0.300098,0.00633887,0
0.7,11.8,0,0.30009,0.00630894,0
0.7,11.9,0,0.300083,0.00628681,0
0.7,12,0,0.300073,0.00626365,0
0.7,12.1,0,0.300064,0.00624192,0
0.7,12.2,0,0.300055,0.00622695,0
0.7,12.3,0,0.300044,0.00621218,0
0.7,12.4,0,0.300035,0.00619912,0
0.7,12.5,0,0.300028,0.00619264,0
0.7,12.6,0,0.300022,0.00618746,0
0.7,12.7,0,0.30002,0.00618381,0
0.8,0,0,0.3,-0.00880995,0
0.8,0.1,0,0.3,-0.00880992,0
0.8,0.2,0,0.3,-0.00881002,0
0.8,0.3,0,0.300001,-0.00881035,0
0.8,0.4,0,0.3,-0.00881051,0
0.8,0.5,0,0.3,-0.008811,0
0.8,0.6,0,0.299999,-0.0088109,0
0.8,0.7,0,0.299998,-0.00881075,0
0.8,0.8,0,0.299996,-0.00881059,0
0.8,0.9,0,0.299994,-0.00880952,0
0.8,1,0,0.299991,-0.00880881,0
0.8,1.1,0,0.299987,-0.00880597,0
0.8,1.2,0,0.299984,-0.00880311,0
0.8,1.3,0,0.299978,-0.00879898,0
0.8,1.4,0,0.299972,-0.00879321,0
0.8,1.5,0,0.299965,-0.00878756,0
0.8,1.6,0,0.299957,-0.00877719,0
0.8,1.7,0,0.299949,-0.00876715,0
0.8,1.8,0,0.299937,-0.00875327,0
0.8,1.9,0,0.299927,-0.0087373,0
0.8,2,0,0.299913,-0.00872071,0
0.8,2.1,0,0.299899,-0.00869566,0
0.8,2.2,0,0.299885,-0.0086718,0
0.8,2.3,0,0.299865,-0.00863978,0
0.8,2.4,0,0.299848,-0.00860578,0
0.8,2.5,0,0.299824,-0.00856976,0
0.8,2.6,0,0.299803,-0.00852029,0
0.8,2.7,0,0.299782,-0.00847359,0
0.8,2.8,0,0.299751,-0.00841217,0
0.8,2.9,0,0.299725,-0.00834992,0
0.8,3,0,0.299689,-0.0082833,0
0.8,3.1,0,0.29966,-0.00819711,0
0.8,3.2,0,0.299629,-0.0081162,0
0.8,3.3,0,0.299586,-0.00801138,0
0.8,3.4,0,0.29955,-0.00790852,0
0.8,3.5,0,0.299499,-0.00779774,0
0.8,3.6,0,0.299462,-0.0076606,0
0.8,3.7,0,0.299421,-0.00753243,0
0.8,3.8,0,0.299365,-0.00736845,0
0.8,3.9,0,0.29932,-0.00721167,0
0.8,4,0,0.299253,-0.00704202,0
0.8,4.1,0,0.299211,-0.00683965,0
0.8,4.2,0,0.299162,-0.00665124,0
0.8,4.3,0,0.299095,-0.00641293,0
0.8,4.4,0,0.299043,-0.00619063,0
0.8,4.5,0,0.298962,-0.00594934,0
0.8,4.6,0,0.298921,-0.00567219,0
0.8,4.7,0,0.298869,-0.00541618,0
0.8,4.8,0,0.2988,-0.00509785,0
0.8,4.9,0,0.298759,-0.00486871,0
0.8,5,0,0.298692,-0.0046549,0
0.8,5.1,0,0.298608,-0.00415769,0
0.8,5.2,0,0.298554,-0.00380518,0
0.8,5.3,0,0.298503,-0.00343915,0
0.8,5.4,0,0.298456,-0.00306021,0
0.8,5.5,0,0.298412,-0.00266928,0
0.8,5.6,0,0.298372,-0.00226738,0
0.8,5.7,0,0.298338,-0.00185569,0
0.8,5.8,0,0.298308,-0.00143551,0
0.8,5.9,0,0.298285,-0.00100827,0
0.8,6,0,0.298267,-0.000575504,0
0.8,6.1,0,0.298256,-0.000138866,0
0.8,6.2,0,0.298252,0.000299927,0
0.8,6.3,0,0.298254,0.000739093,0
0.8,6.4,0,0.298264,0.00117681,0
0.8,6.5,0,0.29828,0.00161126,0
0.8,6.6,0,0.298304,0.0020406,0
0.8,6.7,0,0.298333,0.00246306,0
0.8,6.8,0,0.298369,0.00287686,0
0.8,6.9,0,0.298411,0.00328053,0
0.8,7,0,0.298489,0.00388907,0
0.8,7.1,0,0.298557,0.00413554,0
0.8,7.2,0,0.298598,0.00440028,0
0.8,7.3,0,0.298643,0.00475099,0
0.8,7.4,0,0.298729,0.00507102,0
0.8,7.5,0,0.298788,0.00536662,0
0.8,7.6,0,0.298859,0.00568975,0
0.8,7.7,0,0.298939,0.00595258,0
0.8,7.8,0,0.299003,0.00620214,0
0.8,7.9,0,0.299087,0.00646569,0
0.8,8,0,0.299158,0.00666954,0
0.8,8.1,0,0.299222,0.0068723,0
0.8,8.2,0,0.29931,0.00706937,0
0.8,8.3,0,0.299371,0.00721947,0
0.8,8.4,0,0.299433,0.00737419,0
0.8,8.5,0,0.299513,0.00750711,0
0.8,8.6,0,0.299568,0.00761237,0
0.8,8.7,0,0.299624,0.00772099,0
0.8,8.8,0,0.299691,0.00779956,0
0.8,8.9,0,0.299738,0.00786542,0
0.8,9,0,0.29979,0.00793081,0
0.8,9.1,0,0.299841,0.00796724,0
0.8,9.2,0,0.29988,0.00800004,0
0.8,9.3,0,0.299925,0.0080262,0
0.8,9.4,0,0.299961,0.00803298,0
0.8,9.5,0,0.299992,0.00803929,0
0.8,9.6,0,0.300027,0.00803418,0
0.8,9.7,0,0.300052,0.00801969,0
0.8,9.8,0,0.300075,0.00800532,0
0.8,9.9,0,0.300101,0.00797744,0
0.8,10,0,0.300116,0.00794889,0
0.8,10.1,0,0.300133,0.00791884,0
0.8,10.2,0,0.300147,0.0078771,0
0.8,10.3,0,0.300156,0.00783984,0
0.8,10.4,0,0.300168,0.00779922,0
0.8,10.5,0,0.300173,0.00775112,0
0.8,10.6,0,0.300177,0.00770911,0
0.8,10.7,0,0.300184,0.00766252,0
0.8,10.8,0,0.300181,0.00761362,0
0.8,10.9,0,0.30018,0.00757054,0
0.8,11,0,0.300181,0.00752208,0
0.8,11.1,0,0.300174,0.00747654,0
0.8,11.2,0,0.30017,0.00743536,0
0.8,11.3,0,0.300165,0.00738907,0
0.8,11.4,0,0.300156,0.00734944,0
0.8,11.5,0,0.300149,0.00731256,0
0.8,11.6,0,0.300139,0.00727183,0
0.8,11.7,0,0.300129,0.00723982,0
0.8,11.8,0,0.30012,0.00720857,0
0.8,11.9,0,0.300107,0.00717662,0
0.8,12,0,0.300096,0.00715328,0
0.8,12.1,0,0.300085,0.00712933,0
0.8,12.2,0,0.30007,0.00710854,0
0.8,12.3,0,0.300059,0.00709377,0
0.8,12.4,0,0.300047,0.00707848,0
0.8,12.5,0,0.300034,0.00706963,0
0.8,12.6,0,0.300029,0.00706444,0
0.8,12.7,0,0.300027,0.00706006,0
0.9,0,0,0.3,-0.00991206,0
0.9,0.1,0,0.3,-0.00991192,0
0.9,0.2,0,0.3,-0.00991235,0
0.9,0.3,0,0.300001,-0.00991268,0
0.9,0.4,0,0.300001,-0.00991311,0
0.9,0.5,0,0.3,-0.00991392,0
0.9,0.6,0,0.299999,-0.00991387,0
0.9,0.7,0,0.299998,-0.0099145,0
0.9,0.8,0,0.299996,-0.00991434,0
0.9,0.9,0,0.299993,-0.00991377,0
0.9,1,0,0.299989,-0.00991342,0
0.9,1.1,0,0.299986,-0.00991061,0
0.9,1.2,0,0.29998,-0.00990834,0
0.9,1.3,0,0.299974,-0.0099042,0
0.9,1.4,0,0.299966,-0.00989834,0
0.9,1.5,0,0.299957,-0.0098928,0
0.9,1.6,0,0.299949,-0.00988209,0
0.9,1.7,0,0.299936,-0.00987137,0
0.9,1.8,0,0.299924,-0.00985749,0
0.9,1.9,0,0.299909,-0.00983952,0
0.9,2,0,0.299891,-0.00982232,0
0.9,2.1,0,0.299877,-0.00979607,0
0.9,2.2,0,0.299853,-0.00976858,0
0.9,2.3,0,0.299833,-0.00973656,0
0.9,2.4,0,0.299809,-0.00969678,0
0.9,2.5,0,0.299779,-0.00965874,0
0.9,2.6,0,0.299759,-0.0096065,0
0.9,2.7,0,0.299721,-0.00955092,0
0.9,2.8,0,0.29969,-0.00948949,0
0.9,2.9,0,0.299655,-0.0094151,0
0.9,3,0,0.299608,-0.00934412,0
0.9,3.1,0,0.299581,-0.00925264,0
0.9,3.2,0,0.299525,-0.0091545,0
0.9,3.3,0,0.299481,-0.00904968,0
0.9,3.4,0,0.299435,-0.00892498,0
0.9,3.5,0,0.299367,-0.00880628,0
0.9,3.6,0,0.299333,-0.00866018,0
0.9,3.7,0,0.299258,-0.00850261,0
0.9,3.8,0,0.299201,-0.00833863,0
0.9,3.9,0,0.299144,-0.0081464,0
0.9,4,0,0.299054,-0.00796388,0
0.9,4.1,0,0.299019,-0.00774756,0
0.9,4.2,0,0.298925,-0.00751343,0
0.9,4.3,0,0.298857,-0.00727512,0
0.9,4.4,0,0.298794,-0.00699969,0
0.9,4.5,0,0.298684,-0.0067394,0
0.9,4.6,0,0.298654,-0.00644112,0
0.9,4.7,0,0.298548,-0.00612115,0
0.9,4.8,0,0.298479,-0.00580283,0
0.9,4.9,0,0.29843,-0.00548034,0
0.9,5,0,0.298338,-0.00528186,0
0.9,5.1,0,0.29823,-0.00472024,0
0.9,5.2,0,0.298161,-0.00432184,0
0.9,5.3,0,0.298095,-0.00390782,0
0.9,5.4,0,0.298034,-0.00347885,0
0.9,5.5,0,0.297978,-0.00303596,0
0.9,5.6,0,0.297927,-0.00258033,0
0.9,5.7,0,0.297882,-0.00211329,0
0.9,5.8,0,0.297844,-0.00163634,0
0.9,5.9,0,0.297814,-0.00115111,0
0.9,6,0,0.297791,-0.00065939,0
0.9,6.1,0,0.297777,-0.000163077,0
0.9,6.2,0,0.297771,0.000335834,0
0.9,6.3,0,0.297774,0.000835278,0
0.9,6.4,0,0.297786,0.00133314,0
0.9,6.5,0,0.297807,0.0018273,0
0.9,6.6,0,0.297837,0.00231563,0
0.9,6.7,0,0.297875,0.00279605,0
0.9,6.8,0,0.297922,0.00326652,0
0.9,6.9,0,0.297976,0.00372531,0
0.9,7,0,0.298076,0.00441681,0
0.9,7.1,0,0.298164,0.0046495,0
0.9,7.2,0,0.298227,0.00500103,0
0.9,7.3,0,0.298269,0.0053874,0
0.9,7.4,0,0.298391,0.00574164,0
0.9,7.5,0,0.298471,0.00611555,0
0.9,7.6,0,0.29854,0.00644463,0
0.9,7.7,0,0.298662,0.00675046,0
0.9,7.8,0,0.298743,0.00705382,0
0.9,7.9,0,0.298827,0.00731737,0
0.9,8,0,0.298945,0.00756531,0
0.9,8.1,0,0.299021,0.00779822,0
0.9,8.2,0,0.299111,0.00799625,0
0.9,8.3,0,0.29922,0.00818493,0
0.9,8.4,0,0.299288,0.008353,0
0.9,8.5,0,0.299375,0.00848997,0
0.9,8.6,0,0.29947,0.00862122,0
0.9,8.7,0,0.299529,0.00873365,0
0.9,8.8,0,0.299606,0.00881688,0
0.9,8.9,0,0.299683,0.00889528,0
0.9,9,0,0.299737,0.00896123,0
0.9,9.1,0,0.299799,0.00900102,0
0.9,9.2,0,0.29986,0.00903589,0
0.9,9.3,0,0.299906,0.0090614,0
0.9,9.4,0,0.299953,0.00906865,0
0.9,9.5,0,0.3,0.00906982,0
0.9,9.6,0,0.300036,0.00906425,0
0.9,9.7,0,0.300069,0.00904577,0
0.9,9.8,0,0.300103,0.00902314,0
0.9,9.9,0,0.300129,0.00899526,0
0.9,10,0,0.300151,0.00895788,0
0.9,10.1,0,0.300175,0.00891972,0
0.9,10.2,0,0.300188,0.00887733,0
0.9,10.3,0,0.300201,0.00882734,0
0.9,10.4,0,0.300217,0.00878054,0
0.9,10.5,0,0.300221,0.00873032,0
0.9,10.6,0,0.300226,0.00867413,0
0.9,10.7,0,0.300235,0.0086233,0
0.9,10.8,0,0.300231,0.00857078,0
0.9,10.9,0,0.30023,0.00851387,0
0.9,11,0,0.300232,0.00846273,0
0.9,11.1,0,0.300221,0.00841225,0
0.9,11.2,0,0.300216,0.00835861,0
0.9,11.3,0,0.300212,0.00831105,0
0.9,11.4,0,0.300197,0.00826493,0
0.9,11.5,0,0.300189,0.00821832,0
0.9,11.6,0,0.30018,0.00817742,0
0.9,11.7,0,0.300164,0.00813803,0
0.9,11.8,0,0.300152,0.00810067,0
0.9,11.9,0,0.300139,0.00806872,0
0.9,12,0,0.30012,0.00803818,0
0.9,12.1,0,0.300108,0.00801123,0
0.9,12.2,0,0.300092,0.00798984,0
0.9,12.3,0,0.300073,0.00796971,0
0.9,12.4,0,0.30006,0.00795365,0
0.9,12.5,0,0.300044,0.00794379,0
0.9,12.6,0,0.300034,0.00793651,0
0.9,12.7,0,0.300035,0.00793273,0
1,0,0,0.300001,-0.0110142,0
1,0.1,0,0.300001,-0.0110145,0
1,0.2,0,0.300001,-0.0110148,0
1,0.3,0,0.300001,-0.0110153,0
1,0.4,0,0.300001,-0.0110161,0
1,0.5,0,0.300001,-0.0110168,0
1,0.6,0,0.299999,-0.0110175,0
1,0.7,0,0.299997,-0.0110182,0
1,0.8,0,0.299995,-0.0110185,0
1,0.9,0,0.299991,-0.0110182,0
1,1,0,0.299988,-0.011018,0
1,1.1,0,0.299982,-0.0110158,0
1,1.2,0,0.299976,-0.0110135,0
1,1.3,0,0.299968,-0.0110095,0
1,1.4,0,0.299958,-0.0110038,0
1,1.5,0,0.299949,-0.010998,0
1,1.6,0,0.299936,-0.010987,0
1,1.7,0,0.299922,-0.0109759,0
1,1.8,0,0.299906,-0.0109611,0
1,1.9,0,0.299888,-0.0109425,0
1,2,0,0.29987,-0.0109239,0
1,2.1,0,0.299846,-0.0108952,0
1,2.2,0,0.299822,-0.0108666,0
1,2.3,0,0.299795,-0.0108313,0
1,2.4,0,0.299764,-0.0107895,0
1,2.5,0,0.299734,-0.0107477,0
1,2.6,0,0.299697,-0.0106894,0
1,2.7,0,0.299659,-0.010631,0
1,2.8,0,0.299618,-0.0105625,0
1,2.9,0,0.299572,-0.0104837,0
1,3,0,0.299527,-0.0104049,0
1,3.1,0,0.299473,-0.0103015,0
1,3.2,0,0.299419,-0.0101981,0
1,3.3,0,0.299361,-0.0100801,0
1,3.4,0,0.299298,-0.00994743,0
1,3.5,0,0.299235,-0.00981481,0
1,3.6,0,0.299163,-0.00964828,0
1,3.7,0,0.299091,-0.00948176,0
1,3.8,0,0.299015,-0.00929595,0
1,3.9,0,0.298935,-0.00909084,0
1,4,0,0.298855,-0.00888574,0
1,4.1,0,0.298768,-0.00863766,0
1,4.2,0,0.29868,-0.00838957,0
1,4.3,0,0.29859,-0.00811832,0
1,4.4,0,0.298498,-0.00782389,0
1,4.5,0,0.298405,-0.00752947,0
1,4.6,0,0.298311,-0.00718836,0
1,4.7,0,0.298216,-0.00684726,0
1,4.8,0,0.298132,-0.00652313,0
1,4.9,0,0.298058,-0.00621598,0
1,5,0,0.297984,-0.00590883,0
1,5.1,0,0.297851,-0.0052828,0
1,5.2,0,0.297767,-0.00483849,0
1,5.3,0,0.297687,-0.00437648,0
1,5.4,0,0.297613,-0.00389748,0
1,5.5,0,0.297544,-0.00340264,0
1,5.6,0,0.297481,-0.00289329,0
1,5.7,0,0.297427,-0.0023709,0
1,5.8,0,0.29738,-0.00183716,0
1,5.9,0,0.297343,-0.00129395,0
1,6,0,0.297315,-0.000743276,0
1,6.1,0,0.297298,-0.000187288,0
1,6.2,0,0.29729,0.000371742,0
1,6.3,0,0.297294,0.000931463,0
1,6.4,0,0.297309,0.00148947,0
1,6.5,0,0.297335,0.00204334,0
1,6.6,0,0.297371,0.00259065,0
1,6.7,0,0.297418,0.00312904,0
1,6.8,0,0.297474,0.00365617,0
1,6.9,0,0.297541,0.00417009,0
1,7,0,0.297663,0.00494455,0
1,7.1,0,0.297738,0.00530462,0
1,7.2,0,0.297812,0.00566469,0
1,7.3,0,0.297892,0.00603067,0
1,7.4,0,0.298,0.00643018,0
1,7.5,0,0.298108,0.00682969,0
1,7.6,0,0.298218,0.00720949,0
1,7.7,0,0.298334,0.0075433,0
1,7.8,0,0.29845,0.00787711,0
1,7.9,0,0.298566,0.00817948,0
1,8,0,0.298682,0.00844342,0
1,8.1,0,0.298799,0.00870737,0
1,8.2,0,0.298911,0.00893084,0
1,8.3,0,0.299021,0.00912733,0
1,8.4,0,0.299131,0.00932382,0
1,8.5,0,0.299232,0.00947416,0
1,8.6,0,0.299331,0.00960911,0
1,8.7,0,0.299429,0.00974406,0
1,8.8,0,0.299516,0.00983085,0
1,8.9,0,0.2996,0.00991229,0
1,9,0,0.299684,0.00999151,0
1,9.1,0,0.299754,0.0100285,0
1,9.2,0,0.299823,0.0100655,0
1,9.3,0,0.29989,0.0100954,0
1,9.4,0,0.299944,0.0100973,0
1,9.5,0,0.299998,0.0100991,0
1,9.6,0,0.300047,0.0100916,0
1,9.7,0,0.300087,0.0100671,0
1,9.8,0,0.300127,0.0100425,0
1,9.9,0,0.30016,0.0100087,0
1,10,0,0.300187,0.00996572,0
1,10.1,0,0.300214,0.00992274,0
1,10.2,0,0.300234,0.00987232,0
1,10.3,0,0.30025,0.0098179,0
1,10.4,0,0.300266,0.00976347,0
1,10.5,0,0.300274,0.00970457,0
1,10.6,0,0.300281,0.00964456,0
1,10.7,0,0.300287,0.00958455,0
1,10.8,0,0.300287,0.00952384,0
1,10.9,0,0.300285,0.00946309,0
1,11,0,0.300283,0.00940266,0
1,11.1,0,0.300276,0.00934511,0
1,11.2,0,0.300268,0.00928756,0
1,11.3,0,0.300259,0.00923159,0
1,11.4,0,0.300247,0.00918033,0
1,11.5,0,0.300234,0.00912908,0
1,11.6,0,0.30022,0.0090813,0
1,11.7,0,0.300204,0.00903873,0
1,11.8,0,0.300188,0.00899617,0
1,11.9,0,0.30017,0.00895932,0
1,12,0,0.300151,0.00892716,0
1,12.1,0,0.300132,0.008895,0
1,12.2,0,0.300113,0.00887087,0
1,12.3,0,0.300093,0.00885019,0
1,12.4,0,0.300074,0.00882951,0
1,12.5,0,0.300062,0.00882015,0
1,12.6,0,0.300053,0.00881278,0
1,12.7,0,0.300043,0.0088054,0
1.1,0,0,0.300001,-0.0121163,0
1.1,0.1,0,0.300001,-0.0121164,0
1.1,0.2,0,0.300001,-0.012117,0
1.1,0.3,0,0.300002,-0.012118,0
1.1,0.4,0,0.300002,-0.0121188,0
1.1,0.5,0,0.300002,-0.0121205,0
1.1,0.6,0,0.3,-0.0121216,0
1.1,0.7,0,0.299998,-0.0121229,0
1.1,0.8,0,0.299996,-0.012124,0
1.1,0.9,0,0.299992,-0.0121241,0
1.1,1,0,0.299987,-0.0121252,0
1.1,1.1,0,0.299981,-0.0121237,0
1.1,1.2,0,0.299974,-0.0121221,0
1.1,1.3,0,0.299964,-0.012119,0
1.1,1.4,0,0.299955,-0.0121135,0
1.1,1.5,0,0.299941,-0.0121089,0
1.1,1.6,0,0.299927,-0.0120982,0
1.1,1.7,0,0.29991,-0.0120875,0
1.1,1.8,0,0.299891,-0.0120729,0
1.1,1.9,0,0.299872,-0.0120542,0
1.1,2,0,0.299845,-0.0120356,0
1.1,2.1,0,0.29982,-0.0120059,0
1.1,2.2,0,0.299791,-0.0119767,0
1.1,2.3,0,0.299757,-0.0119399,0
1.1,2.4,0,0.299726,-0.011897,0
1.1,2.5,0,0.299681,-0.0118527,0
1.1,2.6,0,0.299642,-0.0117906,0
1.1,2.7,0,0.299595,-0.0117301,0
1.1,2.8,0,0.299543,-0.0116564,0
1.1,2.9,0,0.299497,-0.0115747,0
1.1,3,0,0.299428,-0.0114892,0
1.1,3.1,0,0.299374,-0.0113772,0
1.1,3.2,0,0.299305,-0.0112689,0
1.1,3.3,0,0.299232,-0.01114,0
1.1,3.4,0,0.299169,-0.0110014,0
1.1,3.5,0,0.29907,-0.0108553,0
1.1,3.6,0,0.299001,-0.0106726,0
1.1,3.7,0,0.298907,-0.0104972,0
1.1,3.8,0,0.298812,-0.0102918,0
1.1,3.9,0,0.298734,-0.0100762,0
1.1,4,0,0.298604,-0.00984785,0
1.1,4.1,0,0.298523,-0.0095728,0
1.1,4.2,0,0.298407,-0.00931001,0
1.1,4.3,0,0.298293,-0.00900711,0
1.1,4.4,0,0.298205,-0.00869574,0
1.1,4.5,0,0.298048,-0.00836511,0
1.1,4.6,0,0.297967,-0.00798133,0
1.1,4.7,0,0.297838,-0.00761911,0
1.1,4.8,0,0.297719,-0.00720951,0
1.1,4.9,0,0.297646,-0.006838,0
1.1,5,0,0.297525,-0.00658025,0
1.1,5.1,0,0.29736,-0.00588793,0
1.1,5.2,0,0.297254,-0.00539595,0
1.1,5.3,0,0.297154,-0.00488372,0
1.1,5.4,0,0.29706,-0.00435206,0
1.1,5.5,0,0.296973,-0.0038022,0
1.1,5.6,0,0.296894,-0.00323564,0
1.1,5.7,0,0.296825,-0.00265403,0
1.1,5.8,0,0.296767,-0.00205929,0
1.1,5.9,0,0.296719,-0.00145351,0
1.1,6,0,0.296684,-0.000839011,0
1.1,6.1,0,0.296661,-0.000218235,0
1.1,6.2,0,0.296651,0.000406209,0
1.1,6.3,0,0.296656,0.00103162,0
1.1,6.4,0,0.296673,0.00165521,0
1.1,6.5,0,0.296705,0.0022742,0
1.1,6.6,0,0.296751,0.00288577,0
1.1,6.7,0,0.296809,0.00348719,0
1.1,6.8,0,0.29688,0.00407576,0
1.1,6.9,0,0.296964,0.00464922,0
1.1,7,0,0.297116,0.00551295,0
1.1,7.1,0,0.297242,0.00582441,0
1.1,7.2,0,0.297322,0.00622141,0
1.1,7.3,0,0.29741,0.0067253,0
1.1,7.4,0,0.297595,0.00718876,0
1.1,7.5,0,0.297698,0.00760816,0
1.1,7.6,0,0.297823,0.00803606,0
1.1,7.7,0,0.298002,0.00841592,0
1.1,7.8,0,0.298116,0.00876864,0
1.1,7.9,0,0.29826,0.00910777,0
1.1,8,0,0.298424,0.00940105,0
1.1,8.1,0,0.298541,0.0096807,0
1.1,8.2,0,0.29869,0.00993101,0
1.1,8.3,0,0.298832,0.010144,0
1.1,8.4,0,0.298947,0.0103511,0
1.1,8.5,0,0.299087,0.0105194,0
1.1,8.6,0,0.299205,0.0106623,0
1.1,8.7,0,0.299313,0.0108013,0
1.1,8.8,0,0.299434,0.0108985,0
1.1,8.9,0,0.29953,0.0109822,0
1.1,9,0,0.299626,0.0110598,0
1.1,9.1,0,0.299724,0.0111007,0
1.1,9.2,0,0.2998,0.0111359,0
1.1,9.3,0,0.299878,0.0111605,0
1.1,9.4,0,0.299951,0.0111607,0
1.1,9.5,0,0.30001,0.0111581,0
1.1,9.6,0,0.30007,0.0111427,0
1.1,9.7,0,0.30012,0.0111136,0
1.1,9.8,0,0.300166,0.0110821,0
1.1,9.9,0,0.300207,0.0110387,0
1.1,10,0,0.300237,0.0109902,0
1.1,10.1,0,0.300271,0.0109383,0
1.1,10.2,0,0.300294,0.0108773,0
1.1,10.3,0,0.30031,0.0108179,0
1.1,10.4,0,0.300333,0.0107529,0
1.1,10.5,0,0.30034,0.0106829,0
1.1,10.6,0,0.300347,0.0106182,0
1.1,10.7,0,0.300358,0.0105477,0
1.1,10.8,0,0.300352,0.0104758,0
1.1,10.9,0,0.300351,0.0104107,0
1.1,11,0,0.300351,0.0103408,0
1.1,11.1,0,0.300337,0.0102725,0
1.1,11.2,0,0.300329,0.0102114,0
1.1,11.3,0,0.30032,0.0101471,0
1.1,11.4,0,0.300301,0.010087,0
1.1,11.5,0,0.300288,0.0100324,0
1.1,11.6,0,0.300271,0.00997733,0
1.1,11.7,0,0.300248,0.00992836,0
1.1,11.8,0,0.300231,0.00988264,0
1.1,11.9,0,0.300208,0.00983984,0
1.1,12,0,0.300184,0.0098035,0
1.1,12.1,0,0.300163,0.0097689,0
1.1,12.2,0,0.300137,0.00974017,0
1.1,12.3,0,0.300114,0.00971715,0
1.1,12.4,0,0.300092,0.00969511,0
1.1,12.5,0,0.300066,0.00968149,0
1.1,12.6,0,0.300053,0.00967305,0
1.1,12.7,0,0.300054,0.00966789,0
1.2,0,0,0.300002,-0.0132184,0
1.2,0.1,0,0.300002,-0.0132189,0
1.2,0.2,0,0.300002,-0.0132196,0
1.2,0.3,0,0.300003,-0.0132205,0
1.2,0.4,0,0.300003,-0.0132223,0
1.2,0.5,0,0.300003,-0.0132241,0
1.2,0.6,0,0.300001,-0.0132258,0
1.2,0.7,0,0.299999,-0.0132281,0
1.2,0.8,0,0.299997,-0.0132292,0
1.2,0.9,0,0.299992,-0.0132309,0
1.2,1,0,0.299987,-0.0132323,0
1.2,1.1,0,0.299979,-0.0132315,0
1.2,1.2,0,0.29997,-0.0132312,0
1.2,1.3,0,0.299961,-0.0132281,0
1.2,1.4,0,0.299947,-0.0132241,0
1.2,1.5,0,0.299933,-0.0132198,0
1.2,1.6,0,0.299916,-0.0132094,0
1.2,1.7,0,0.299895,-0.0131993,0
1.2,1.8,0,0.299876,-0.0131848,0
1.2,1.9,0,0.299848,-0.013166,0
1.2,2,0,0.299821,-0.0131473,0
1.2,2.1,0,0.29979,-0.0131171,0
1.2,2.2,0,0.299754,-0.0130863,0
1.2,2.3,0,0.29972,-0.0130495,0
1.2,2.4,0,0.299673,-0.0130031,0
1.2,2.5,0,0.299627,-0.0129577,0
1.2,2.6,0,0.299579,-0.0128934,0
1.2,2.7,0,0.299521,-0.012827,0
1.2,2.8,0,0.299469,-0.0127533,0
1.2,2.9,0,0.299399,-0.0126619,0
1.2,3,0,0.299329,-0.0125735,0
1.2,3.1,0,0.29926,-0.0124566,0
1.2,3.2,0,0.299176,-0.0123348,0
1.2,3.3,0,0.299103,-0.012206,0
1.2,3.4,0,0.299005,-0.0120479,0
1.2,3.5,0,0.298906,-0.0118958,0
1.2,3.6,0,0.298815,-0.0117042,0
1.2,3.7,0,0.298702,-0.0115036,0
1.2,3.8,0,0.298607,-0.0112983,0
1.2,3.9,0,0.298481,-0.0110489,0
1.2,4,0,0.298352,-0.01081,0
1.2,4.1,0,0.298243,-0.0105202,0
1.2,4.2,0,0.298104,-0.0102157,0
1.2,4.3,0,0.29799,-0.00991284,0
1.2,4.4,0,0.297843,-0.00954833,0
1.2,4.5,0,0.297691,-0.00920075,0
1.2,4.6,0,0.297576,-0.00879586,0
1.2,4.7,0,0.297425,-0.00836984,0
1.2,4.8,0,0.297306,-0.00796024,0
1.2,4.9,0,0.297186,-0.00757378,0
1.2,5,0,0.297066,-0.00725167,0
1.2,5.1,0,0.296868,-0.00649306,0
1.2,5.2,0,0.296741,-0.00595341,0
1.2,5.3,0,0.29662,-0.00539097,0
1.2,5.4,0,0.296507,-0.00480663,0
1.2,5.5,0,0.296403,-0.00420176,0
1.2,5.6,0,0.296308,-0.00357798,0
1.2,5.7,0,0.296224,-0.00293716,0
1.2,5.8,0,0.296153,-0.00228141,0
1.2,5.9,0,0.296095,-0.00161308,0
1.2,6,0,0.296052,-0.000934746,0
1.2,6.1,0,0.296024,-0.000249183,0
1.2,6.2,0,0.296012,0.000440676,0
1.2,6.3,0,0.296017,0.00113177,0
1.2,6.4,0,0.296038,0.00182096,0
1.2,6.5,0,0.296076,0.00250505,0
1.2,6.6,0,0.29613,0.00318089,0
1.2,6.7,0,0.2962,0.00384533,0
1.2,6.8,0,0.296285,0.00449535,0
1.2,6.9,0,0.296386,0.00512835,0
1.2,7,0,0.29657,0.00608134,0
1.2,7.1,0,0.296693,0.00645766,0
1.2,7.2,0,0.296815,0.00691996,0
1.2,7.3,0,0.296917,0.00741024,0
1.2,7.4,0,0.297096,0.00790057,0
1.2,7.5,0,0.29727,0.00840988,0
1.2,7.6,0,0.297405,0.00884617,0
1.2,7.7,0,0.297593,0.0092582,0
1.2,7.8,0,0.297779,0.00967779,0
1.2,7.9,0,0.297924,0.0100169,0
1.2,8,0,0.29811,0.0103421,0
1.2,8.1,0,0.298285,0.0106625,0
1.2,8.2,0,0.298434,0.0109132,0
1.2,8.3,0,0.298609,0.0111521,0
1.2,8.4,0,0.298766,0.0113813,0
1.2,8.5,0,0.298907,0.0115503,0
1.2,8.6,0,0.299064,0.0117094,0
1.2,8.7,0,0.299197,0.011859,0
1.2,8.8,0,0.299322,0.0119556,0
1.2,8.9,0,0.299456,0.0120461,0
1.2,9,0,0.299566,0.0121279,0
1.2,9.1,0,0.299669,0.0121658,0
1.2,9.2,0,0.299778,0.0122004,0
1.2,9.3,0,0.299863,0.0122259,0
1.2,9.4,0,0.299943,0.0122203,0
1.2,9.5,0,0.300027,0.0122113,0
1.2,9.6,0,0.300089,0.0121958,0
1.2,9.7,0,0.300148,0.0121571,0
1.2,9.8,0,0.300209,0.0121164,0
1.2,9.9,0,0.30025,0.012073,0
1.2,10,0,0.30029,0.012011,0
1.2,10.1,0,0.30033,0.01195,0
1.2,10.2,0,0.300354,0.0118881,0
1.2,10.3,0,0.300377,0.0118122,0
1.2,10.4,0,0.300401,0.0117402,0
1.2,10.5,0,0.30041,0.0116678,0
1.2,10.6,0,0.300419,0.0115862,0
1.2,10.7,0,0.300429,0.0115104,0
1.2,10.8,0,0.300425,0.011435,0
1.2,10.9,0,0.300422,0.0113537,0
1.2,11,0,0.30042,0.0112801,0
1.2,11.1,0,0.300407,0.0112076,0
1.2,11.2,0,0.300394,0.0111313,0
1.2,11.3,0,0.300383,0.011065,0
1.2,11.4,0,0.300363,0.0109996,0
1.2,11.5,0,0.300343,0.0109321,0
1.2,11.6,0,0.300325,0.0108768,0
1.2,11.7,0,0.300299,0.0108218,0
1.2,11.8,0,0.300274,0.0107671,0
1.2,11.9,0,0.300251,0.0107243,0
1.2,12,0,0.300221,0.0106822,0
1.2,12.1,0,0.300194,0.0106419,0
1.2,12.2,0,0.300167,0.010613,0
1.2,12.3,0,0.300136,0.0105856,0
1.2,12.4,0,0.300109,0.0105605,0
1.2,12.5,0,0.300086,0.0105475,0
1.2,12.6,0,0.300071,0.0105376,0
1.2,12.7,0,0.300066,0.0105304,0
1.3,0,0,0.300003,-0.0143202,0
1.3,0.1,0,0.300003,-0.0143209,0
1.3,0.2,0,0.300004,-0.0143216,0
1.3,0.3,0,0.300005,-0.0143235,0
1.3,0.4,0,0.300005,-0.0143253,0
1.3,0.5,0,0.300005,-0.0143278,0
1.3,0.6,0,0.300004,-0.0143306,0
1.3,0.7,0,0.300002,-0.0143329,0
1.3,0.8,0,0.299998,-0.0143363,0
1.3,0.9,0,0.299993,-0.0143381,0
1.3,1,0,0.299988,-0.0143408,0
1.3,1.1,0,0.299979,-0.0143413,0
1.3,1.2,0,0.29997,-0.014341,0
1.3,1.3,0,0.299957,-0.0143408,0
1.3,1.4,0,0.299943,-0.0143368,0
1.3,1.5,0,0.299927,-0.0143338,0
1.3,1.6,0,0.299905,-0.0143246,0
1.3,1.7,0,0.299885,-0.0143145,0
1.3,1.8,0,0.299857,-0.0143017,0
1.3,1.9,0,0.299829,-0.0142829,0
1.3,2,0,0.299797,-0.0142649,0
1.3,2.1,0,0.299759,-0.0142346,0
1.3,2.2,0,0.299722,-0.0142038,0
1.3,2.3,0,0.299673,-0.0141655,0
1.3,2.4,0,0.299626,-0.0141191,0
1.3,2.5,0,0.299572,-0.0140724,0
1.3,2.6,0,0.299512,-0.0140053,0
1.3,2.7,0,0.299454,-0.0139388,0
1.3,2.8,0,0.299378,-0.0138572,0
1.3,2.9,0,0.299307,-0.0137658,0
1.3,3,0,0.299224,-0.0136722,0
1.3,3.1,0,0.299138,-0.0135477,0
1.3,3.2,0,0.299054,-0.0134259,0
1.3,3.3,0,0.298945,-0.0132781,0
1.3,3.4,0,0.298847,-0.01312,0
1.3,3.5,0,0.298728,-0.0129563,0
1.3,3.6,0,0.298614,-0.0127496,0
1.3,3.7,0,0.298502,-0.0125491,0
1.3,3.8,0,0.298358,-0.0123075,0
1.3,3.9,0,0.298231,-0.0120581,0
1.3,4,0,0.298077,-0.0117975,0
1.3,4.1,0,0.297939,-0.0114819,0
1.3,4.2,0,0.297801,-0.0111774,0
1.3,4.3,0,0.297627,-0.0108134,0
1.3,4.4,0,0.29748,-0.0104489,0
1.3,4.5,0,0.297296,-0.0100658,0
1.3,4.6,0,0.297149,-0.0096197,0
1.3,4.7,0,0.296998,-0.00919369,0
1.3,4.8,0,0.296815,-0.00869041,0
1.3,4.9,0,0.296695,-0.00830395,0
1.3,5,0,0.296553,-0.00795323,0
1.3,5.1,0,0.296318,-0.0071276,0
1.3,5.2,0,0.296166,-0.00653941,0
1.3,5.3,0,0.296021,-0.00592558,0
1.3,5.4,0,0.295886,-0.00528704,0
1.3,5.5,0,0.29576,-0.00462528,0
1.3,5.6,0,0.295646,-0.00394207,0
1.3,5.7,0,0.295546,-0.00323946,0
1.3,5.8,0,0.29546,-0.0025198,0
1.3,5.9,0,0.29539,-0.00178573,0
1.3,6,0,0.295338,-0.00104014,0
1.3,6.1,0,0.295304,-0.000286136,0
1.3,6.2,0,0.295289,0.000472951,0
1.3,6.3,0,0.295294,0.00123366,0
1.3,6.4,0,0.295318,0.00199241,0
1.3,6.5,0,0.295363,0.00274561,0
1.3,6.6,0,0.295428,0.00348963,0
1.3,6.7,0,0.295511,0.00422093,0
1.3,6.8,0,0.295613,0.00493605,0
1.3,6.9,0,0.295734,0.00563203,0
1.3,7,0,0.295954,0.00667895,0
1.3,7.1,0,0.296094,0.00709676,0
1.3,7.2,0,0.296215,0.00755906,0
1.3,7.3,0,0.296373,0.00814619,0
1.3,7.4,0,0.296579,0.00868469,0
1.3,7.5,0,0.296753,0.00919401,0
1.3,7.6,0,0.296961,0.00972114,0
1.3,7.7,0,0.297169,0.0101582,0
1.3,7.8,0,0.297356,0.0105795,0
1.3,7.9,0,0.297585,0.0109946,0
1.3,8,0,0.29778,0.011328,0
1.3,8.1,0,0.29797,0.011658,0
1.3,8.2,0,0.298194,0.0119571,0
1.3,8.3,0,0.29837,0.012196,0
1.3,8.4,0,0.298551,0.0124357,0
1.3,8.5,0,0.298748,0.0126278,0
1.3,8.6,0,0.298905,0.0127868,0
1.3,8.7,0,0.299069,0.0129434,0
1.3,8.8,0,0.299233,0.0130466,0
1.3,8.9,0,0.299366,0.0131371,0
1.3,9,0,0.299508,0.0132191,0
1.3,9.1,0,0.299635,0.013255,0
1.3,9.2,0,0.299744,0.0132896,0
1.3,9.3,0,0.29986,0.0133071,0
1.3,9.4,0,0.299953,0.0132966,0
1.3,9.5,0,0.300037,0.0132876,0
1.3,9.6,0,0.300125,0.0132559,0
1.3,9.7,0,0.30019,0.013213,0
1.3,9.8,0,0.300252,0.0131709,0
1.3,9.9,0,0.300312,0.0131057,0
1.3,10,0,0.300354,0.0130421,0
1.3,10.1,0,0.300396,0.012976,0
1.3,10.2,0,0.30043,0.0128921,0
1.3,10.3,0,0.300453,0.0128163,0
1.3,10.4,0,0.300479,0.0127353,0
1.3,10.5,0,0.300491,0.0126444,0
1.3,10.6,0,0.3005,0.0125629,0
1.3,10.7,0,0.300511,0.0124749,0
1.3,10.8,0,0.300506,0.0123854,0
1.3,10.9,0,0.300503,0.0123041,0
1.3,11,0,0.300499,0.0122159,0
1.3,11.1,0,0.300483,0.0121337,0
1.3,11.2,0,0.30047,0.0120575,0
1.3,11.3,0,0.300453,0.0119755,0
1.3,11.4,0,0.30043,0.0119044,0
1.3,11.5,0,0.30041,0.011837,0
1.3,11.6,0,0.300383,0.0117663,0
1.3,11.7,0,0.300355,0.0117088,0
1.3,11.8,0,0.300329,0.0116524,0
1.3,11.9,0,0.300294,0.0115974,0
1.3,12,0,0.300263,0.0115551,0
1.3,12.1,0,0.300232,0.0115121,0
1.3,12.2,0,0.300194,0.0114759,0
1.3,12.3,0,0.300163,0.0114485,0
1.3,12.4,0,0.300131,0.0114204,0
1.3,12.5,0,0.3001,0.0114041,0
1.3,12.6,0,0.300085,0.0113942,0
1.3,12.7,0,0.300079,0.0113862,0
1.4,0,0,0.300005,-0.0154217,0
1.4,0.1,0,0.300004,-0.0154222,0
1.4,0.2,0,0.300006,-0.0154237,0
1.4,0.3,0,0.300007,-0.0154256,0
1.4,0.4,0,0.300008,-0.0154285,0
1.4,0.5,0,0.300009,-0.0154317,0
1.4,0.6,0,0.300007,-0.0154349,0
1.4,0.7,0,0.300005,-0.0154393,0
1.4,0.8,0,0.300002,-0.0154428,0
1.4,0.9,0,0.299996,-0.0154468,0
1.4,1,0,0.29999,-0.0154505,0
1.4,1.1,0,0.299981,-0.0154517,0
1.4,1.2,0,0.299969,-0.0154544,0
1.4,1.3,0,0.299956,-0.0154542,0
1.4,1.4,0,0.299939,-0.0154529,0
1.4,1.5,0,0.299921,-0.0154511,0
1.4,1.6,0,0.299899,-0.0154426,0
1.4,1.7,0,0.299872,-0.0154353,0
1.4,1.8,0,0.299844,-0.0154225,0
1.4,1.9,0,0.29981,-0.0154058,0
1.4,2,0,0.299773,-0.0153885,0
1.4,2.1,0,0.299734,-0.0153585,0
1.4,2.2,0,0.299684,-0.0153289,0
1.4,2.3,0,0.299634,-0.0152906,0
1.4,2.4,0,0.299577,-0.0152438,0
1.4,2.5,0,0.299514,-0.0151968,0
1.4,2.6,0,0.299453,-0.015129,0
1.4,2.7,0,0.299372,-0.0150596,0
1.4,2.8,0,0.299296,-0.014978,0
1.4,2.9,0,0.299209,-0.0148812,0
1.4,3,0,0.299111,-0.0147854,0
1.4,3.1,0,0.299025,-0.0146581,0
1.4,3.2,0,0.298906,-0.0145261,0
1.4,3.3,0,0.298797,-0.0143783,0
1.4,3.4,0,0.298675,-0.0142062,0
1.4,3.5,0,0.298537,-0.0140368,0
1.4,3.6,0,0.298422,-0.013824,0
1.4,3.7,0,0.29826,-0.0136011,0
1.4,3.8,0,0.298116,-0.0133596,0
1.4,3.9,0,0.29796,-0.0130823,0
1.4,4,0,0.297777,-0.0128106,0
1.4,4.1,0,0.29764,-0.0124838,0
1.4,4.2,0,0.297437,-0.0121387,0
1.4,4.3,0,0.297264,-0.0117747,0
1.4,4.4,0,0.297083,-0.011362,0
1.4,4.5,0,0.296863,-0.0109603,0
1.4,4.6,0,0.296719,-0.0104941,0
1.4,4.7,0,0.296492,-0.0100049,0
1.4,4.8,0,0.296308,-0.00950158,0
1.4,4.9,0,0.29615,-0.00899989,0
1.4,5,0,0.295987,-0.00868491,0
1.4,5.1,0,0.295708,-0.00779157,0
1.4,5.2,0,0.295528,-0.00715397,0
1.4,5.3,0,0.295356,-0.00648755,0
1.4,5.4,0,0.295195,-0.00579328,0
1.4,5.5,0,0.295046,-0.00507275,0
1.4,5.6,0,0.29491,-0.00432788,0
1.4,5.7,0,0.294789,-0.00356092,0
1.4,5.8,0,0.294687,-0.00277448,0
1.4,5.9,0,0.294603,-0.00197148,0
1.4,6,0,0.29454,-0.00115518,0
1.4,6.1,0,0.294499,-0.000329096,0
1.4,6.2,0,0.29448,0.000503034,0
1.4,6.3,0,0.294485,0.00133728,0
1.4,6.4,0,0.294514,0.00216959,0
1.4,6.5,0,0.294567,0.00299586,0
1.4,6.6,0,0.294644,0.00381199,0
1.4,6.7,0,0.294743,0.00461396,0
1.4,6.8,0,0.294864,0.00539784,0
1.4,6.9,0,0.295007,0.00616026,0
1.4,7,0,0.295268,0.00730577,0
1.4,7.1,0,0.295422,0.00769003,0
1.4,7.2,0,0.295592,0.00825887,0
1.4,7.3,0,0.295758,0.00889872,0
1.4,7.4,0,0.296009,0.00947801,0
1.4,7.5,0,0.296238,0.0100721,0
1.4,7.6,0,0.296447,0.0106052,0
1.4,7.7,0,0.296712,0.0110911,0
1.4,7.8,0,0.296948,0.0115638,0
1.4,7.9,0,0.297177,0.011979,0
1.4,8,0,0.297441,0.0123584,0
1.4,8.1,0,0.297665,0.0127116,0
1.4,8.2,0,0.297891,0.0130117,0
1.4,8.3,0,0.29814,0.0132858,0
1.4,8.4,0,0.29834,0.0135309,0
1.4,8.5,0,0.298548,0.0137269,0
1.4,8.6,0,0.298768,0.0139035,0
1.4,8.7,0,0.298941,0.0140573,0
1.4,8.8,0,0.29912,0.0141641,0
1.4,8.9,0,0.299301,0.0142558,0
1.4,9,0,0.299449,0.0143338,0
1.4,9.1,0,0.299592,0.0143709,0
1.4,9.2,0,0.299736,0.0143949,0
1.4,9.3,0,0.299855,0.0144093,0
1.4,9.4,0,0.299964,0.0143955,0
1.4,9.5,0,0.300072,0.0143696,0
1.4,9.6,0,0.300161,0.0143367,0
1.4,9.7,0,0.30024,0.014284,0
1.4,9.8,0,0.300316,0.0142246,0
1.4,9.9,0,0.300376,0.0141594,0
1.4,10,0,0.300428,0.0140799,0
1.4,10.1,0,0.300479,0.0139999,0
1.4,10.2,0,0.300512,0.013915,0
1.4,10.3,0,0.300541,0.0138191,0
1.4,10.4,0,0.300571,0.0137287,0
1.4,10.5,0,0.300582,0.0136347,0
1.4,10.6,0,0.300591,0.0135327,0
1.4,10.7,0,0.300605,0.0134387,0
1.4,10.8,0,0.300597,0.0133442,0
1.4,10.9,0,0.300592,0.0132441,0
1.4,11,0,0.300589,0.0131523,0
1.4,11.1,0,0.300568,0.0130635,0
1.4,11.2,0,0.300551,0.012971,0
1.4,11.3,0,0.300535,0.0128874,0
1.4,11.4,0,0.300505,0.0128078,0
1.4,11.5,0,0.30048,0.0127282,0
1.4,11.6,0,0.300452,0.0126572,0
1.4,11.7,0,0.300416,0.0125902,0
1.4,11.8,0,0.300384,0.0125264,0
1.4,11.9,0,0.300349,0.0124714,0
1.4,12,0,0.300307,0.0124198,0
1.4,12.1,0,0.300271,0.0123733,0
1.4,12.2,0,0.300231,0.0123363,0
1.4,12.3,0,0.300188,0.0123019,0
1.4,12.4,0,0.300154,0.0122729,0
1.4,12.5,0,0.300116,0.0122548,0
1.4,12.6,0,0.300093,0.0122418,0
1.4,12.7,0,0.300094,0.0122352,0
1.5,0,0,0.300006,-0.0165232,0
1.5,0.1,0,0.300007,-0.0165245,0
1.5,0.2,0,0.300008,-0.0165259,0
1.5,0.3,0,0.300009,-0.0165283,0
1.5,0.4,0,0.300011,-0.0165319,0
1.5,0.5,0,0.300012,-0.0165355,0
1.5,0.6,0,0.30001,-0.0165404,0
1.5,0.7,0,0.300008,-0.0165453,0
1.5,0.8,0,0.300005,-0.0165502,0
1.5,0.9,0,0.299999,-0.0165552,0
1.5,1,0,0.299993,-0.0165601,0
1.5,1.1,0,0.299981,-0.0165636,0
1.5,1.2,0,0.299969,-0.016567,0
1.5,1.3,0,0.299954,-0.0165687,0
1.5,1.4,0,0.299935,-0.0165685,0
1.5,1.5,0,0.299916,-0.0165683,0
1.5,1.6,0,0.299887,-0.0165618,0
1.5,1.7,0,0.29986,-0.0165553,0
1.5,1.8,0,0.299826,-0.016544,0
1.5,1.9,0,0.299787,-0.0165281,0
1.5,2,0,0.299749,-0.0165121,0
1.5,2.1,0,0.299697,-0.0164828,0
1.5,2.2,0,0.299646,-0.0164535,0
1.5,2.3,0,0.299587,-0.0164154,0
1.5,2.4,0,0.299522,-0.0163683,0
1.5,2.5,0,0.299456,-0.0163212,0
1.5,2.6,0,0.299374,-0.0162512,0
1.5,2.7,0,0.299292,-0.0161811,0
1.5,2.8,0,0.2992,-0.0160966,0
1.5,2.9,0,0.2991,-0.0159975,0
1.5,3,0,0.298999,-0.0158985,0
1.5,3.1,0,0.298879,-0.0157638,0
1.5,3.2,0,0.298759,-0.0156291,0
1.5,3.3,0,0.298628,-0.0154729,0
1.5,3.4,0,0.298487,-0.015295,0
1.5,3.5,0,0.298345,-0.0151172,0
1.5,3.6,0,0.298182,-0.0148883,0
1.5,3.7,0,0.298019,-0.0146593,0
1.5,3.8,0,0.297846,-0.0144006,0
1.5,3.9,0,0.297662,-0.0141121,0
1.5,4,0,0.297478,-0.0138237,0
1.5,4.1,0,0.297275,-0.0134674,0
1.5,4.2,0,0.297073,-0.0131111,0
1.5,4.3,0,0.296863,-0.0127173,0
1.5,4.4,0,0.296646,-0.012286,0
1.5,4.5,0,0.296429,-0.0118547,0
1.5,4.6,0,0.296205,-0.0113454,0
1.5,4.7,0,0.295981,-0.0108361,0
1.5,4.8,0,0.295779,-0.0103485,0
1.5,4.9,0,0.2956,-0.00988254,0
1.5,5,0,0.29542,-0.00941659,0
1.5,5.1,0,0.295098,-0.00845553,0
1.5,5.2,0,0.29489,-0.00776853,0
1.5,5.3,0,0.294691,-0.00704952,0
1.5,5.4,0,0.294504,-0.00629953,0
1.5,5.5,0,0.294331,-0.00552023,0
1.5,5.6,0,0.294173,-0.0047137,0
1.5,5.7,0,0.294034,-0.00388239,0
1.5,5.8,0,0.293914,-0.00302915,0
1.5,5.9,0,0.293817,-0.00215723,0
1.5,6,0,0.293743,-0.00127023,0
1.5,6.1,0,0.293694,-0.000372056,0
1.5,6.2,0,0.293672,0.000533117,0
1.5,6.3,0,0.293677,0.0014409,0
1.5,6.4,0,0.29371,0.00234676,0
1.5,6.5,0,0.293771,0.00324612,0
1.5,6.6,0,0.293859,0.00413436,0
1.5,6.7,0,0.293974,0.005007,0
1.5,6.8,0,0.294115,0.00585963,0
1.5,6.9,0,0.29428,0.00668849,0
1.5,7,0,0.294582,0.0079326,0
1.5,7.1,0,0.294766,0.00850517,0
1.5,7.2,0,0.294949,0.00907775,0
1.5,7.3,0,0.295145,0.00965815,0
1.5,7.4,0,0.295408,0.0102829,0
1.5,7.5,0,0.29567,0.0109076,0
1.5,7.6,0,0.295938,0.0114975,0
1.5,7.7,0,0.296218,0.0120061,0
1.5,7.8,0,0.296498,0.0125148,0
1.5,7.9,0,0.296777,0.0129693,0
1.5,8,0,0.297054,0.0133577,0
1.5,8.1,0,0.297331,0.0137461,0
1.5,8.2,0,0.297597,0.0140668,0
1.5,8.3,0,0.297855,0.0143422,0
1.5,8.4,0,0.298114,0.0146176,0
1.5,8.5,0,0.29835,0.0148181,0
1.5,8.6,0,0.298579,0.0149935,0
1.5,8.7,0,0.298808,0.015169,0
1.5,8.8,0,0.299005,0.0152687,0
1.5,8.9,0,0.299199,0.0153599,0
1.5,9,0,0.299391,0.0154478,0
1.5,9.1,0,0.299547,0.0154715,0
1.5,9.2,0,0.299703,0.0154951,0
1.5,9.3,0,0.299852,0.0155085,0
1.5,9.4,0,0.299972,0.0154807,0
1.5,9.5,0,0.300092,0.0154528,0
1.5,9.6,0,0.3002,0.0154121,0
1.5,9.7,0,0.300286,0.0153473,0
1.5,9.8,0,0.300373,0.0152826,0
1.5,9.9,0,0.300444,0.0152057,0
1.5,10,0,0.300501,0.0151167,0
1.5,10.1,0,0.300558,0.0150277,0
1.5,10.2,0,0.300599,0.0149299,0
1.5,10.3,0,0.30063,0.0148273,0
1.5,10.4,0,0.300662,0.0147247,0
1.5,10.5,0,0.300677,0.0146182,0
1.5,10.6,0,0.300688,0.0145107,0
1.5,10.7,0,0.300698,0.0144032,0
1.5,10.8,0,0.300693,0.0142978,0
1.5,10.9,0,0.300687,0.0141924,0
1.5,11,0,0.300679,0.0140878,0
1.5,11.1,0,0.300659,0.0139901,0
1.5,11.2,0,0.300639,0.0138924,0
1.5,11.3,0,0.300616,0.0137976,0
1.5,11.4,0,0.300585,0.0137118,0
1.5,11.5,0,0.300555,0.013626,0
1.5,11.6,0,0.300521,0.0135462,0
1.5,11.7,0,0.300482,0.0134755,0
1.5,11.8,0,0.300443,0.0134049,0
1.5,11.9,0,0.300402,0.0133437,0
1.5,12,0,0.300357,0.0132903,0
1.5,12.1,0,0.300313,0.0132369,0
1.5,12.2,0,0.300268,0.0131963,0
1.5,12.3,0,0.300223,0.0131613,0
1.5,12.4,0,0.300179,0.0131262,0
1.5,12.5,0,0.300153,0.01311,0
1.5,12.6,0,0.300131,0.0130971,0
1.5,12.7,0,0.30011,0.0130843,0
1.6,0,0,0.300008,-0.017623,0
1.6,0.1,0,0.300008,-0.0176242,0
1.6,0.2,0,0.30001,-0.0176261,0
1.6,0.3,0,0.300013,-0.0176295,0
1.6,0.4,0,0.300015,-0.0176335,0
1.6,0.5,0,0.300017,-0.0176387,0
1.6,0.6,0,0.300017,-0.0176451,0
1.6,0.7,0,0.300015,-0.0176511,0
1.6,0.8,0,0.300012,-0.0176582,0
1.6,0.9,0,0.300006,-0.0176642,0
1.6,1,0,0.299999,-0.017672,0
1.6,1.1,0,0.299987,-0.0176779,0
1.6,1.2,0,0.299974,-0.017683,0
1.6,1.3,0,0.299958,-0.0176876,0
1.6,1.4,0,0.299938,-0.0176889,0
1.6,1.5,0,0.299915,-0.0176921,0
1.6,1.6,0,0.299885,-0.0176887,0
1.6,1.7,0,0.299854,-0.0176839,0
1.6,1.8,0,0.299817,-0.017676,0
1.6,1.9,0,0.299777,-0.0176615,0
1.6,2,0,0.299729,-0.0176489,0
1.6,2.1,0,0.299675,-0.0176225,0
1.6,2.2,0,0.299616,-0.0175946,0
1.6,2.3,0,0.299549,-0.017559,0
1.6,2.4,0,0.299482,-0.017513,0
1.6,2.5,0,0.299398,-0.0174679,0
1.6,2.6,0,0.299312,-0.0173991,0
1.6,2.7,0,0.299218,-0.0173294,0
1.6,2.8,0,0.299113,-0.0172451,0
1.6,2.9,0,0.29901,-0.017146,0
1.6,3,0,0.29888,-0.0170458,0
1.6,3.1,0,0.298754,-0.0169087,0
1.6,3.2,0,0.298616,-0.0167722,0
1.6,3.3,0,0.298464,-0.0166114,0
1.6,3.4,0,0.298319,-0.016431,0
1.6,3.5,0,0.298134,-0.0162462,0
1.6,3.6,0,0.297964,-0.0160078,0
1.6,3.7,0,0.297775,-0.0157733,0
1.6,3.8,0,0.297571,-0.0155016,0
1.6,3.9,0,0.297384,-0.0152057,0
1.6,4,0,0.297138,-0.014901,0
1.6,4.1,0,0.296928,-0.014523,0
1.6,4.2,0,0.29669,-0.0141553,0
1.6,4.3,0,0.296441,-0.0137348,0
1.6,4.4,0,0.29622,-0.0132882,0
1.6,4.5,0,0.295924,-0.0128263,0
1.6,4.6,0,0.295694,-0.0122746,0
1.6,4.7,0,0.295427,-0.0117464,0
1.6,4.8,0,0.295159,-0.0111532,0
1.6,4.9,0,0.294957,-0.0106007,0
1.6,5,0,0.294747,-0.010228,0
1.6,5.1,0,0.294367,-0.0091968,0
1.6,5.2,0,0.294122,-0.00845781,0
1.6,5.3,0,0.293887,-0.00768283,0
1.6,5.4,0,0.293665,-0.00687291,0
1.6,5.5,0,0.293459,-0.00602982,0
1.6,5.6,0,0.293271,-0.00515578,0
1.6,5.7,0,0.293104,-0.00425345,0
1.6,5.8,0,0.29296,-0.00332595,0
1.6,5.9,0,0.292843,-0.00237687,0
1.6,6,0,0.292753,-0.00141022,0
1.6,6.1,0,0.292693,-0.000430405,0
1.6,6.2,0,0.292665,0.000557841,0
1.6,6.3,0,0.292669,0.00154952,0
1.6,6.4,0,0.292707,0.00253944,0
1.6,6.5,0,0.292777,0.00352232,0
1.6,6.6,0,0.29288,0.00449288,0
1.6,6.7,0,0.293015,0.00544594,0
1.6,6.8,0,0.293181,0.00637644,0
1.6,6.9,0,0.293376,0.00728002,0
1.6,7,0,0.293733,0.00863425,0
1.6,7.1,0,0.29396,0.009115,0
1.6,7.2,0,0.294161,0.00973681,0
1.6,7.3,0,0.294406,0.010511,0
1.6,7.4,0,0.294774,0.0112134,0
1.6,7.5,0,0.295041,0.0118585,0
1.6,7.6,0,0.295347,0.0124994,0
1.6,7.7,0,0.295716,0.0130602,0
1.6,7.8,0,0.296005,0.0135851,0
1.6,7.9,0,0.296336,0.0140741,0
1.6,8,0,0.29668,0.0144922,0
1.6,8.1,0,0.296972,0.0148902,0
1.6,8.2,0,0.297296,0.0152316,0
1.6,8.3,0,0.297599,0.0155211,0
1.6,8.4,0,0.297877,0.0157978,0
1.6,8.5,0,0.29817,0.0160079,0
1.6,8.6,0,0.298427,0.0161879,0
1.6,8.7,0,0.298676,0.0163558,0
1.6,8.8,0,0.298924,0.0164567,0
1.6,8.9,0,0.299134,0.0165459,0
1.6,9,0,0.299344,0.0166203,0
1.6,9.1,0,0.299541,0.0166389,0
1.6,9.2,0,0.299706,0.0166561,0
1.6,9.3,0,0.299873,0.0166533,0
1.6,9.4,0,0.30002,0.0166158,0
1.6,9.5,0,0.300146,0.0165785,0
1.6,9.6,0,0.300268,0.0165205,0
1.6,9.7,0,0.300369,0.016445,0
1.6,9.8,0,0.300461,0.0163678,0
1.6,9.9,0,0.300542,0.0162735,0
1.6,10,0,0.300605,0.0161745,0
1.6,10.1,0,0.300668,0.016071,0
1.6,10.2,0,0.300712,0.015956,0
1.6,10.3,0,0.300745,0.0158454,0
1.6,10.4,0,0.300781,0.0157271,0
1.6,10.5,0,0.300796,0.0156041,0
1.6,10.6,0,0.300806,0.0154897,0
1.6,10.7,0,0.300819,0.0153676,0
1.6,10.8,0,0.300808,0.0152464,0
1.6,10.9,0,0.3008,0.0151351,0
1.6,11,0,0.300792,0.0150179,0
1.6,11.1,0,0.300763,0.0149055,0
1.6,11.2,0,0.300742,0.0148032,0
1.6,11.3,0,0.300716,0.0146977,0
1.6,11.4,0,0.300676,0.0146001,0
1.6,11.5,0,0.300644,0.0145102,0
1.6,11.6,0,0.300604,0.0144212,0
1.6,11.7,0,0.300556,0.014342,0
1.6,11.8,0,0.300515,0.0142677,0
1.6,11.9,0,0.300464,0.014199,0
1.6,12,0,0.300413,0.0141402,0
1.6,12.1,0,0.300364,0.0140839,0
1.6,12.2,0,0.300308,0.0140375,0
1.6,12.3,0,0.300256,0.0139994,0
1.6,12.4,0,0.300208,0.0139625,0
1.6,12.5,0,0.300155,0.0139391,0
1.6,12.6,0,0.300127,0.0139246,0
1.6,12.7,0,0.300129,0.0139163,0
1.7,0,0,0.30001,-0.0187228,0
1.7,0.1,0,0.300011,-0.0187245,0
1.7,0.2,0,0.300014,-0.0187268,0
1.7,0.3,0,0.300017,-0.0187302,0
1.7,0.4,0,0.30002,-0.0187363,0
1.7,0.5,0,0.300023,-0.018742,0
1.7,0.6,0,0.300023,-0.0187495,0
1.7,0.7,0,0.300022,-0.0187581,0
1.7,0.8,0,0.300018,-0.0187652,0
1.7,0.9,0,0.300012,-0.018775,0
1.7,1,0,0.300006,-0.0187838,0
1.7,1.1,0,0.299993,-0.0187913,0
1.7,1.2,0,0.299979,-0.0188005,0
1.7,1.3,0,0.299962,-0.0188051,0
1.7,1.4,0,0.299938,-0.0188113,0
1.7,1.5,0,0.299914,-0.018816,0
1.7,1.6,0,0.299882,-0.0188143,0
1.7,1.7,0,0.299846,-0.0188144,0
1.7,1.8,0,0.299808,-0.0188064,0
1.7,1.9,0,0.299758,-0.0187968,0
1.7,2,0,0.299708,-0.0187857,0
1.7,2.1,0,0.299648,-0.0187607,0
1.7,2.2,0,0.29958,-0.0187371,0
1.7,2.3,0,0.299513,-0.0187014,0
1.7,2.4,0,0.299426,-0.0186586,0
1.7,2.5,0,0.299341,-0.0186146,0
1.7,2.6,0,0.299243,-0.0185461,0
1.7,2.7,0,0.299133,-0.018478,0
1.7,2.8,0,0.299028,-0.0183937,0
1.7,2.9,0,0.298893,-0.0182933,0
1.7,3,0,0.298761,-0.018193,0
1.7,3.1,0,0.298617,-0.0180541,0
1.7,3.2,0,0.298455,-0.0179134,0
1.7,3.3,0,0.298303,-0.0177527,0
1.7,3.4,0,0.298111,-0.0175626,0
1.7,3.5,0,0.297922,-0.0173751,0
1.7,3.6,0,0.297726,-0.0171312,0
1.7,3.7,0,0.297503,-0.0168817,0
1.7,3.8,0,0.2973,-0.0166101,0
1.7,3.9,0,0.297047,-0.0162905,0
1.7,4,0,0.296797,-0.0159784,0
1.7,4.1,0,0.296552,-0.0155889,0
1.7,4.2,0,0.296271,-0.015188,0
1.7,4.3,0,0.296022,-0.0147676,0
1.7,4.4,0,0.295719,-0.0142751,0
1.7,4.5,0,0.295419,-0.0137979,0
1.7,4.6,0,0.295146,-0.0132273,0
1.7,4.7,0,0.29483,-0.0126376,0
1.7,4.8,0,0.294562,-0.0120444,0
1.7,4.9,0,0.294306,-0.0114986,0
1.7,5,0,0.294073,-0.0110394,0
1.7,5.1,0,0.293637,-0.00993807,0
1.7,5.2,0,0.293354,-0.00914708,0
1.7,5.3,0,0.293082,-0.00831613,0
1.7,5.4,0,0.292826,-0.00744629,0
1.7,5.5,0,0.292587,-0.00653942,0
1.7,5.6,0,0.292368,-0.00559787,0
1.7,5.7,0,0.292174,-0.00462451,0
1.7,5.8,0,0.292006,-0.00362275,0
1.7,5.9,0,0.291869,-0.0025965,0
1.7,6,0,0.291764,-0.00155021,0
1.7,6.1,0,0.291693,-0.000488754,0
1.7,6.2,0,0.291658,0.000582564,0
1.7,6.3,0,0.291662,0.00165813,0
1.7,6.4,0,0.291704,0.00273211,0
1.7,6.5,0,0.291784,0.00379853,0
1.7,6.6,0,0.291902,0.00485141,0
1.7,6.7,0,0.292057,0.00588488,0
1.7,6.8,0,0.292248,0.00689324,0
1.7,6.9,0,0.292472,0.00787156,0
1.7,7,0,0.292884,0.00933591,0
1.7,7.1,0,0.293128,0.00990872,0
1.7,7.2,0,0.293394,0.0106036,0
1.7,7.3,0,0.293651,0.011352,0
1.7,7.4,0,0.294026,0.0120821,0
1.7,7.5,0,0.294405,0.0128315,0
1.7,7.6,0,0.294725,0.0134826,0
1.7,7.7,0,0.295122,0.0140735,0
1.7,7.8,0,0.295521,0.0146705,0
1.7,7.9,0,0.295852,0.0151595,0
1.7,8,0,0.296243,0.0156024,0
1.7,8.1,0,0.296621,0.0160395,0
1.7,8.2,0,0.296945,0.016381,0
1.7,8.3,0,0.297308,0.0166838,0
1.7,8.4,0,0.297645,0.0169783,0
1.7,8.5,0,0.297942,0.017187,0
1.7,8.6,0,0.29826,0.0173673,0
1.7,8.7,0,0.298545,0.0175418,0
1.7,8.8,0,0.298799,0.0176382,0
1.7,8.9,0,0.299065,0.0177178,0
1.7,9,0,0.299296,0.0177931,0
1.7,9.1,0,0.2995,0.0178032,0
1.7,9.2,0,0.299712,0.0178041,0
1.7,9.3,0,0.299889,0.0178001,0
1.7,9.4,0,0.300045,0.0177498,0
1.7,9.5,0,0.300205,0.0176925,0
1.7,9.6,0,0.30033,0.0176336,0
1.7,9.7,0,0.300442,0.0175401,0
1.7,9.8,0,0.300554,0.0174434,0
1.7,9.9,0,0.300635,0.017349,0
1.7,10,0,0.300708,0.0172273,0
1.7,10.1,0,0.30078,0.0171078,0
1.7,10.2,0,0.300825,0.0169915,0
1.7,10.3,0,0.300864,0.0168558,0
1.7,10.4,0,0.300902,0.0167262,0
1.7,10.5,0,0.300917,0.0165998,0
1.7,10.6,0,0.300927,0.0164612,0
1.7,10.7,0,0.30094,0.0163312,0
1.7,10.8,0,0.300929,0.0162053,0
1.7,10.9,0,0.300917,0.0160718,0
1.7,11,0,0.300906,0.0159494,0
1.7,11.1,0,0.300877,0.0158317,0
1.7,11.2,0,0.300846,0.0157092,0
1.7,11.3,0,0.300819,0.015601,0
1.7,11.4,0,0.300775,0.0154968,0
1.7,11.5,0,0.300731,0.0153901,0
1.7,11.6,0,0.300691,0.0153007,0
1.7,11.7,0,0.300637,0.0152142,0
1.7,11.8,0,0.300583,0.0151281,0
1.7,11.9,0,0.300533,0.0150594,0
1.7,12,0,0.300471,0.0149934,0
1.7,12.1,0,0.300413,0.0149298,0
1.7,12.2,0,0.300356,0.0148832,0
1.7,12.3,0,0.300294,0.0148394,0
1.7,12.4,0,0.300237,0.0147984,0
1.7,12.5,0,0.300191,0.0147764,0
1.7,12.6,0,0.300161,0.0147601,0
1.7,12.7,0,0.300149,0.0147483,0
1.8,0,0,0.300013,-0.0198211,0
1.8,0.1,0,0.300014,-0.0198232,0
1.8,0.2,0,0.300017,-0.0198255,0
1.8,0.3,0,0.300023,-0.0198311,0
1.8,0.4,0,0.300026,-0.0198372,0
1.8,0.5,0,0.300031,-0.0198443,0
1.8,0.6,0,0.300031,-0.0198539,0
1.8,0.7,0,0.30003,-0.0198626,0
1.8,0.8,0,0.300028,-0.0198747,0
1.8,0.9,0,0.300022,-0.0198845,0
1.8,1,0,0.300015,-0.0198962,0
1.8,1.1,0,0.300002,-0.0199072,0
1.8,1.2,0,0.299988,-0.0199163,0
1.8,1.3,0,0.299968,-0.0199283,0
1.8,1.4,0,0.299944,-0.0199344,0
1.8,1.5,0,0.299918,-0.019943,0
1.8,1.6,0,0.299881,-0.0199455,0
1.8,1.7,0,0.299845,-0.0199456,0
1.8,1.8,0,0.299798,-0.019946,0
1.8,1.9,0,0.299747,-0.0199364,0
1.8,2,0,0.299692,-0.0199295,0
1.8,2.1,0,0.299623,-0.0199085,0
1.8,2.2,0,0.299556,-0.0198849,0
1.8,2.3,0,0.29947,-0.0198568,0
1.8,2.4,0,0.299383,-0.0198139,0
1.8,2.5,0,0.299286,-0.0197734,0
1.8,2.6,0,0.299174,-0.0197077,0
1.8,2.7,0,0.299065,-0.0196396,0
1.8,2.8,0,0.298927,-0.0195592,0
1.8,2.9,0,0.298792,-0.0194588,0
1.8,3,0,0.298642,-0.0193595,0
1.8,3.1,0,0.298476,-0.01922,0
1.8,3.2,0,0.298313,-0.0190793,0
1.8,3.3,0,0.298112,-0.018914,0
1.8,3.4,0,0.29792,-0.0187239,0
1.8,3.5,0,0.297704,-0.018532,0
1.8,3.6,0,0.297477,-0.0182814,0
1.8,3.7,0,0.297254,-0.0180319,0
1.8,3.8,0,0.296981,-0.0177401,0
1.8,3.9,0,0.296728,-0.0174205,0
1.8,4,0,0.29644,-0.0170932,0
1.8,4.1,0,0.296153,-0.0166869,0
1.8,4.2,0,0.295872,-0.016286,0
1.8,4.3,0,0.295534,-0.0158178,0
1.8,4.4,0,0.295231,-0.0153254,0
1.8,4.5,0,0.29488,-0.0148156,0
1.8,4.6,0,0.294559,-0.01421,0
1.8,4.7,0,0.294243,-0.0136204,0
1.8,4.8,0,0.29387,-0.012936,0
1.8,4.9,0,0.293614,-0.0123902,0
1.8,5,0,0.293343,-0.0119013,0
1.8,5.1,0,0.292841,-0.01073,0
1.8,5.2,0,0.292516,-0.00988645,0
1.8,5.3,0,0.292203,-0.00899835,0
1.8,5.4,0,0.291906,-0.00806672,0
1.8,5.5,0,0.29163,-0.00709345,0
1.8,5.6,0,0.291376,-0.00608101,0
1.8,5.7,0,0.291149,-0.00503248,0
1.8,5.8,0,0.290954,-0.00395157,0
1.8,5.9,0,0.290793,-0.0028426,0
1.8,6,0,0.290669,-0.0017105,0
1.8,6.1,0,0.290585,-0.000560745,0
1.8,6.2,0,0.290543,0.000600703,0
1.8,6.3,0,0.290544,0.0017675,0
1.8,6.4,0,0.290591,0.00293302,0
1.8,6.5,0,0.290682,0.00409048,0
1.8,6.6,0,0.290817,0.00523309,0
1.8,6.7,0,0.290996,0.00635418,0
1.8,6.8,0,0.291216,0.00744728,0
1.8,6.9,0,0.291475,0.00850678,0
1.8,7,0,0.291951,0.0100898,0
1.8,7.1,0,0.292218,0.0107096,0
1.8,7.2,0,0.292484,0.0114044,0
1.8,7.3,0,0.292842,0.0122725,0
1.8,7.4,0,0.293259,0.0130585,0
1.8,7.5,0,0.293638,0.013808,0
1.8,7.6,0,0.294086,0.0145594,0
1.8,7.7,0,0.294514,0.0151778,0
1.8,7.8,0,0.294916,0.0157763,0
1.8,7.9,0,0.295388,0.0163371,0
1.8,8,0,0.295793,0.0167882,0
1.8,8.1,0,0.296195,0.0172312,0
1.8,8.2,0,0.296641,0.0176078,0
1.8,8.3,0,0.297004,0.0179106,0
1.8,8.4,0,0.297379,0.0182066,0
1.8,8.5,0,0.297762,0.0184228,0
1.8,8.6,0,0.29808,0.0186031,0
1.8,8.7,0,0.298411,0.0187701,0
1.8,8.8,0,0.29872,0.0188594,0
1.8,8.9,0,0.298986,0.018939,0
1.8,9,0,0.299264,0.018997,0
1.8,9.1,0,0.2995,0.0189946,0
1.8,9.2,0,0.299712,0.0189955,0
1.8,9.3,0,0.299929,0.0189648,0
1.8,9.4,0,0.300102,0.0189024,0
1.8,9.5,0,0.300262,0.018845,0
1.8,9.6,0,0.30042,0.0187511,0
1.8,9.7,0,0.300539,0.0186495,0
1.8,9.8,0,0.300653,0.0185499,0
1.8,9.9,0,0.300757,0.0184168,0
1.8,10,0,0.300831,0.0182924,0
1.8,10.1,0,0.300905,0.0181644,0
1.8,10.2,0,0.30096,0.0180135,0
1.8,10.3,0,0.300999,0.0178777,0
1.8,10.4,0,0.301039,0.0177346,0
1.8,10.5,0,0.301054,0.0175813,0
1.8,10.6,0,0.301065,0.0174427,0
1.8,10.7,0,0.301076,0.0172953,0
1.8,10.8,0,0.301061,0.01715,0
1.8,10.9,0,0.301049,0.0170165,0
1.8,11,0,0.301033,0.0168743,0
1.8,11.1,0,0.300999,0.0167439,0
1.8,11.2,0,0.300968,0.0166215,0
1.8,11.3,0,0.30093,0.0164928,0
1.8,11.4,0,0.300882,0.0163812,0
1.8,11.5,0,0.300838,0.0162745,0
1.8,11.6,0,0.300781,0.0161655,0
1.8,11.7,0,0.300724,0.0160758,0
1.8,11.8,0,0.300668,0.0159876,0
1.8,11.9,0,0.300599,0.0159036,0
1.8,12,0,0.300537,0.0158373,0
1.8,12.1,0,0.300473,0.0157702,0
1.8,12.2,0,0.300398,0.0157142,0
1.8,12.3,0,0.300336,0.0156704,0
1.8,12.4,0,0.300272,0.0156256,0
1.8,12.5,0,0.300213,0.015599,0
1.8,12.6,0,0.300183,0.0155827,0
1.8,12.7,0,0.300172,0.0155699,0
1.9,0,0,0.300017,-0.0209178,0
1.9,0.1,0,0.300016,-0.0209198,0
1.9,0.2,0,0.300022,-0.0209235,0
1.9,0.3,0,0.300029,-0.0209291,0
1.9,0.4,0,0.300035,-0.0209375,0
1.9,0.5,0,0.30004,-0.0209456,0
1.9,0.6,0,0.300041,-0.0209564,0
1.9,0.7,0,0.300042,-0.020969,0
1.9,0.8,0,0.30004,-0.0209812,0
1.9,0.9,0,0.300035,-0.0209957,0
1.9,1,0,0.300028,-0.0210093,0
1.9,1.1,0,0.300015,-0.0210221,0
1.9,1.2,0,0.299999,-0.0210374,0
1.9,1.3,0,0.299979,-0.0210494,0
1.9,1.4,0,0.299953,-0.0210622,0
1.9,1.5,0,0.299925,-0.0210732,0
1.9,1.6,0,0.299888,-0.0210781,0
1.9,1.7,0,0.299845,-0.0210858,0
1.9,1.8,0,0.299798,-0.0210862,0
1.9,1.9,0,0.29974,-0.0210844,0
1.9,2,0,0.29968,-0.0210802,0
1.9,2.1,0,0.29961,-0.0210619,0
1.9,2.2,0,0.299527,-0.0210461,0
1.9,2.3,0,0.299441,-0.021018,0
1.9,2.4,0,0.299341,-0.0209826,0
1.9,2.5,0,0.299234,-0.0209445,0
1.9,2.6,0,0.29912,-0.0208812,0
1.9,2.7,0,0.298983,-0.0208192,0
1.9,2.8,0,0.298845,-0.0207388,0
1.9,2.9,0,0.298689,-0.0206433,0
1.9,3,0,0.298523,-0.0205451,0
1.9,3.1,0,0.298353,-0.0204069,0
1.9,3.2,0,0.298147,-0.0202672,0
1.9,3.3,0,0.297946,-0.020102,0
1.9,3.4,0,0.297721,-0.0199105,0
1.9,3.5,0,0.297481,-0.0197167,0
1.9,3.6,0,0.297248,-0.019465,0
1.9,3.7,0,0.296962,-0.0192058,0
1.9,3.8,0,0.296689,-0.0189139,0
1.9,3.9,0,0.29639,-0.0185806,0
1.9,4,0,0.296066,-0.0182456,0
1.9,4.1,0,0.295774,-0.0178338,0
1.9,4.2,0,0.295405,-0.017403,0
1.9,4.3,0,0.295066,-0.0169348,0
1.9,4.4,0,0.294704,-0.0164064,0
1.9,4.5,0,0.294306,-0.0158793,0
1.9,4.6,0,0.293981,-0.0152578,0
1.9,4.7,0,0.293554,-0.0146097,0
1.9,4.8,0,0.29318,-0.0139253,0
1.9,4.9,0,0.292842,-0.0132457,0
1.9,5,0,0.292557,-0.0128137,0
1.9,5.1,0,0.291982,-0.0115725,0
1.9,5.2,0,0.291608,-0.0106759,0
1.9,5.3,0,0.291248,-0.00972949,0
1.9,5.4,0,0.290907,-0.00873419,0
1.9,5.5,0,0.290587,-0.00769191,0
1.9,5.6,0,0.290294,-0.0066052,0
1.9,5.7,0,0.290031,-0.00547736,0
1.9,5.8,0,0.289803,-0.00431242,0
1.9,5.9,0,0.289615,-0.00311516,0
1.9,6,0,0.289469,-0.00189109,0
1.9,6.1,0,0.289369,-0.000646377,0
1.9,6.2,0,0.289318,0.000612257,0
1.9,6.3,0,0.289317,0.00187761,0
1.9,6.4,0,0.289369,0.00314216,0
1.9,6.5,0,0.289472,0.00439818,0
1.9,6.6,0,0.289627,0.00563795,0
1.9,6.7,0,0.289832,0.00685385,0
1.9,6.8,0,0.290086,0.00803856,0
1.9,6.9,0,0.290384,0.0091857,0
1.9,7,0,0.290933,0.0108958,0
1.9,7.1,0,0.291201,0.011459,0
1.9,7.2,0,0.29156,0.0122897,0
1.9,7.3,0,0.291949,0.0132324,0
1.9,7.4,0,0.29242,0.0140693,0
1.9,7.5,0,0.292909,0.0149113,0
1.9,7.6,0,0.293365,0.0156685,0
1.9,7.7,0,0.293872,0.0163434,0
1.9,7.8,0,0.29437,0.0169848,0
1.9,7.9,0,0.294842,0.0175456,0
1.9,8,0,0.295346,0.0180427,0
1.9,8.1,0,0.295812,0.0184933,0
1.9,8.2,0,0.29626,0.0188709,0
1.9,8.3,0,0.29673,0.0191996,0
1.9,8.4,0,0.29714,0.0194852,0
1.9,8.5,0,0.297537,0.0197046,0
1.9,8.6,0,0.297946,0.0198854,0
1.9,8.7,0,0.298292,0.0200376,0
1.9,8.8,0,0.298622,0.0201282,0
1.9,8.9,0,0.298954,0.0201881,0
1.9,9,0,0.29924,0.0202345,0
1.9,9.1,0,0.299499,0.020229,0
1.9,9.2,0,0.299756,0.0201982,0
1.9,9.3,0,0.299977,0.0201606,0
1.9,9.4,0,0.300171,0.0200879,0
1.9,9.5,0,0.30036,0.0199952,0
1.9,9.6,0,0.300519,0.0198991,0
1.9,9.7,0,0.300655,0.0197781,0
1.9,9.8,0,0.300784,0.019648,0
1.9,9.9,0,0.300888,0.0195148,0
1.9,10,0,0.300974,0.0193638,0
1.9,10.1,0,0.301054,0.0192136,0
1.9,10.2,0,0.301109,0.019061,0
1.9,10.3,0,0.301153,0.0188947,0
1.9,10.4,0,0.301194,0.0187377,0
1.9,10.5,0,0.301209,0.0185798,0
1.9,10.6,0,0.301217,0.018412,0
1.9,10.7,0,0.301228,0.0182564,0
1.9,10.8,0,0.301211,0.018104,0
1.9,10.9,0,0.301192,0.0179449,0
1.9,11,0,0.301176,0.0177981,0
1.9,11.1,0,0.301136,0.0176587,0
1.9,11.2,0,0.301096,0.017515,0
1.9,11.3,0,0.301057,0.0173843,0
1.9,11.4,0,0.301,0.0172616,0
1.9,11.5,0,0.300945,0.0171395,0
1.9,11.6,0,0.300888,0.0170302,0
1.9,11.7,0,0.300819,0.0169282,0
1.9,11.8,0,0.300753,0.0168308,0
1.9,11.9,0,0.300683,0.0167468,0
1.9,12,0,0.300604,0.0166687,0
1.9,12.1,0,0.300533,0.0165972,0
1.9,12.2,0,0.300456,0.0165403,0
1.9,12.3,0,0.300374,0.0164875,0
1.9,12.4,0,0.300309,0.0164413,0
1.9,12.5,0,0.300238,0.0164118,0
1.9,12.6,0,0.300194,0.0163911,0
1.9,12.7,0,0.300197,0.0163811,0
2,0,0,0.300021,-0.0220145,0
2,0.1,0,0.300025,-0.022018,0
2,0.2,0,0.30003,-0.0220216,0
2,0.3,0,0.300035,-0.0220281,0
2,0.4,0,0.300042,-0.0220376,0
2,0.5,0,0.300049,-0.022047,0
2,0.6,0,0.300051,-0.0220607,0
2,0.7,0,0.300053,-0.0220744,0
2,0.8,0,0.300052,-0.0220894,0
2,0.9,0,0.300046,-0.0221059,0
2,1,0,0.300041,-0.0221223,0
2,1.1,0,0.300026,-0.0221395,0
2,1.2,0,0.30001,-0.0221567,0
2,1.3,0,0.299989,-0.0221729,0
2,1.4,0,0.299961,-0.0221882,0
2,1.5,0,0.299933,-0.0222034,0
2,1.6,0,0.299889,-0.0222135,0
2,1.7,0,0.299846,-0.0222236,0
2,1.8,0,0.299793,-0.0222291,0
2,1.9,0,0.29973,-0.02223,0
2,2,0,0.299668,-0.0222309,0
2,2.1,0,0.299584,-0.0222178,0
2,2.2,0,0.2995,-0.0222046,0
2,2.3,0,0.299403,-0.0221815,0
2,2.4,0,0.299293,-0.0221486,0
2,2.5,0,0.299183,-0.0221156,0
2,2.6,0,0.299043,-0.022056,0
2,2.7,0,0.298904,-0.0219964,0
2,2.8,0,0.298748,-0.0219194,0
2,2.9,0,0.298576,-0.021825,0
2,3,0,0.298403,-0.0217307,0
2,3.1,0,0.298194,-0.0215923,0
2,3.2,0,0.297985,-0.0214539,0
2,3.3,0,0.297756,-0.021288,0
2,3.4,0,0.297506,-0.0210947,0
2,3.5,0,0.297257,-0.0209014,0
2,3.6,0,0.296965,-0.0206411,0
2,3.7,0,0.296674,-0.0203807,0
2,3.8,0,0.296361,-0.02008,0
2,3.9,0,0.296026,-0.019739,0
2,4,0,0.295692,-0.019398,0
2,4.1,0,0.295317,-0.0189617,0
2,4.2,0,0.294942,-0.0185254,0
2,4.3,0,0.294551,-0.0180344,0
2,4.4,0,0.294142,-0.0174887,0
2,4.5,0,0.293733,-0.016943,0
2,4.6,0,0.293301,-0.016279,0
2,4.7,0,0.292869,-0.0156149,0
2,4.8,0,0.292476,-0.0149715,0
2,4.9,0,0.292123,-0.0143488,0
2,5,0,0.29177,-0.013726,0
2,5.1,0,0.291123,-0.0124151,0
2,5.2,0,0.290701,-0.0114654,0
2,5.3,0,0.290294,-0.0104606,0
2,5.4,0,0.289907,-0.00940167,0
2,5.5,0,0.289545,-0.00829038,0
2,5.6,0,0.289212,-0.0071294,0
2,5.7,0,0.288912,-0.00592224,0
2,5.8,0,0.288652,-0.00467326,0
2,5.9,0,0.288437,-0.00338772,0
2,6,0,0.288269,-0.00207169,0
2,6.1,0,0.288153,-0.000732009,0
2,6.2,0,0.288093,0.000623812,0
2,6.3,0,0.28809,0.00198773,0
2,6.4,0,0.288146,0.0033513,0
2,6.5,0,0.288262,0.00470588,0
2,6.6,0,0.288437,0.0060428,0
2,6.7,0,0.288669,0.00735352,0
2,6.8,0,0.288955,0.00862983,0
2,6.9,0,0.289294,0.00986462,0
2,7,0,0.289915,0.0117019,0
2,7.1,0,0.29029,0.0125317,0
2,7.2,0,0.290665,0.0133614,0
2,7.3,0,0.291064,0.0141988,0
2,7.4,0,0.291594,0.0150791,0
2,7.5,0,0.292124,0.0159594,0
2,7.6,0,0.292661,0.0167813,0
2,7.7,0,0.293216,0.0174668,0
2,7.8,0,0.29377,0.0181523,0
2,7.9,0,0.294317,0.0187504,0
2,8,0,0.294854,0.0192418,0
2,8.1,0,0.295392,0.0197333,0
2,8.2,0,0.2959,0.0201202,0
2,8.3,0,0.29639,0.0204375,0
2,8.4,0,0.296879,0.0207548,0
2,8.5,0,0.297319,0.0209621,0
2,8.6,0,0.297742,0.0211327,0
2,8.7,0,0.298166,0.0213033,0
2,8.8,0,0.298523,0.0213683,0
2,8.9,0,0.298872,0.0214217,0
2,9,0,0.299217,0.0214705,0
2,9.1,0,0.299492,0.0214348,0
2,9.2,0,0.299767,0.0213992,0
2,9.3,0,0.300027,0.0213507,0
2,9.4,0,0.300232,0.0212514,0
2,9.5,0,0.300437,0.021152,0
2,9.6,0,0.30062,0.0210379,0
2,9.7,0,0.300763,0.0208965,0
2,9.8,0,0.300905,0.020755,0
2,9.9,0,0.301021,0.0206014,0
2,10,0,0.30111,0.0204355,0
2,10.1,0,0.3012,0.0202697,0
2,10.2,0,0.30126,0.0200972,0
2,10.3,0,0.301304,0.019921,0
2,10.4,0,0.301349,0.0197449,0
2,10.5,0,0.301364,0.0195693,0
2,10.6,0,0.301373,0.0193939,0
2,10.7,0,0.301381,0.0192184,0
2,10.8,0,0.301362,0.0190517,0
2,10.9,0,0.301341,0.0188854,0
2,11,0,0.301318,0.0187207,0
2,11.1,0,0.301274,0.01857,0
2,11.2,0,0.30123,0.0184193,0
2,11.3,0,0.301182,0.0182738,0
2,11.4,0,0.301121,0.0181435,0
2,11.5,0,0.301059,0.0180132,0
2,11.6,0,0.300993,0.0178925,0
2,11.7,0,0.300918,0.0177862,0
2,11.8,0,0.300843,0.0176799,0
2,11.9,0,0.300764,0.0175879,0
2,12,0,0.30068,0.0175076,0
2,12.1,0,0.300597,0.0174274,0
2,12.2,0,0.300513,0.0173656,0
2,12.3,0,0.30043,0.0173119,0
2,12.4,0,0.300347,0.0172581,0
2,12.5,0,0.300301,0.0172328,0
2,12.6,0,0.300262,0.0172125,0
2,12.7,0,0.300222,0.0171922,0
2.1,0,0,0.300027,-0.0231062,0
2.1,0.1,0,0.300026,-0.0231092,0
2.1,0.2,0,0.300034,-0.0231139,0
2.1,0.3,0,0.300045,-0.0231224,0
2.1,0.4,0,0.300053,-0.0231328,0
2.1,0.5,0,0.300063,-0.0231448,0
2.1,0.6,0,0.300067,-0.0231614,0
2.1,0.7,0,0.300071,-0.0231769,0
2.1,0.8,0,0.300071,-0.0231958,0
2.1,0.9,0,0.300067,-0.0232141,0
2.1,1,0,0.300062,-0.0232353,0
2.1,1.1,0,0.300048,-0.0232573,0
2.1,1.2,0,0.300032,-0.0232773,0
2.1,1.3,0,0.30001,-0.0232993,0
2.1,1.4,0,0.299983,-0.0233175,0
2.1,1.5,0,0.299951,-0.0233392,0
2.1,1.6,0,0.299907,-0.023356,0
2.1,1.7,0,0.299861,-0.0233696,0
2.1,1.8,0,0.299804,-0.0233824,0
2.1,1.9,0,0.299741,-0.023387,0
2.1,2,0,0.299669,-0.0233955,0
2.1,2.1,0,0.299582,-0.0233903,0
2.1,2.2,0,0.29949,-0.0233812,0
2.1,2.3,0,0.299384,-0.0233662,0
2.1,2.4,0,0.299273,-0.0233374,0
2.1,2.5,0,0.299143,-0.0233124,0
2.1,2.6,0,0.298998,-0.0232612,0
2.1,2.7,0,0.298846,-0.0232054,0
2.1,2.8,0,0.298674,-0.0231362,0
2.1,2.9,0,0.298498,-0.0230458,0
2.1,3,0,0.298293,-0.0229584,0
2.1,3.1,0,0.298074,-0.0228268,0
2.1,3.2,0,0.297844,-0.0226912,0
2.1,3.3,0,0.297588,-0.0225305,0
2.1,3.4,0,0.297333,-0.0223396,0
2.1,3.5,0,0.297032,-0.0221501,0
2.1,3.6,0,0.296726,-0.0218907,0
2.1,3.7,0,0.296403,-0.021631,0
2.1,3.8,0,0.296049,-0.0213285,0
2.1,3.9,0,0.295706,-0.0209851,0
2.1,4,0,0.295297,-0.0206419,0
2.1,4.1,0,0.294899,-0.0201925,0
2.1,4.2,0,0.294482,-0.0197525,0
2.1,4.3,0,0.294032,-0.0192453,0
2.1,4.4,0,0.293609,-0.018687,0
2.1,4.5,0,0.293104,-0.018127,0
2.1,4.6,0,0.292637,-0.0174208,0
2.1,4.7,0,0.292153,-0.0167458,0
2.1,4.8,0,0.291646,-0.0159815,0
2.1,4.9,0,0.291231,-0.0152486,0
2.1,5,0,0.29088,-0.0147728,0
2.1,5.1,0,0.290139,-0.0133905,0
2.1,5.2,0,0.289654,-0.012385,0
2.1,5.3,0,0.289184,-0.0113178,0
2.1,5.4,0,0.288736,-0.0101896,0
2.1,5.5,0,0.288314,-0.0090023,0
2.1,5.6,0,0.287924,-0.0077584,0
2.1,5.7,0,0.287573,-0.00646159,0
2.1,5.8,0,0.287266,-0.00511651,0
2.1,5.9,0,0.28701,-0.00372881,0
2.1,6,0,0.28681,-0.00230521,0
2.1,6.1,0,0.286669,-0.000853342,0
2.1,6.2,0,0.286594,0.000618244,0
2.1,6.3,0,0.286585,0.0021003,0
2.1,6.4,0,0.286646,0.00358306,0
2.1,6.5,0,0.286776,0.00505639,0
2.1,6.6,0,0.286975,0.00651015,0
2.1,6.7,0,0.287241,0.00793433,0
2.1,6.8,0,0.287571,0.00931928,0
2.1,6.9,0,0.287961,0.0106567,0
2.1,7,0,0.288679,0.0126409,0
2.1,7.1,0,0.289092,0.013331,0
2.1,7.2,0,0.289504,0.0142266,0
2.1,7.3,0,0.290017,0.0153287,0
2.1,7.4,0,0.290713,0.0163039,0
2.1,7.5,0,0.291256,0.0172055,0
2.1,7.6,0,0.291865,0.0180804,0
2.1,7.7,0,0.292559,0.0188195,0
2.1,7.8,0,0.293134,0.0195176,0
2.1,7.9,0,0.293766,0.0201413,0
2.1,8,0,0.294404,0.0206541,0
2.1,8.1,0,0.294968,0.0211473,0
2.1,8.2,0,0.295563,0.0215388,0
2.1,8.3,0,0.296118,0.0218594,0
2.1,8.4,0,0.296638,0.0221659,0
2.1,8.5,0,0.297158,0.0223629,0
2.1,8.6,0,0.29762,0.0225288,0
2.1,8.7,0,0.298073,0.0226764,0
2.1,8.8,0,0.298497,0.0227225,0
2.1,8.9,0,0.298868,0.0227657,0
2.1,9,0,0.299237,0.022785,0
2.1,9.1,0,0.299565,0.0227262,0
2.1,9.2,0,0.29985,0.0226772,0
2.1,9.3,0,0.30013,0.0225973,0
2.1,9.4,0,0.300369,0.0224739,0
2.1,9.5,0,0.300578,0.0223585,0
2.1,9.6,0,0.300776,0.0222139,0
2.1,9.7,0,0.300936,0.0220516,0
2.1,9.8,0,0.301082,0.0218907,0
2.1,9.9,0,0.301206,0.0217087,0
2.1,10,0,0.301303,0.0215261,0
2.1,10.1,0,0.301393,0.0213389,0
2.1,10.2,0,0.301456,0.0211404,0
2.1,10.3,0,0.301502,0.0209519,0
2.1,10.4,0,0.301546,0.0207539,0
2.1,10.5,0,0.301558,0.0205547,0
2.1,10.6,0,0.301565,0.0203695,0
2.1,10.7,0,0.301571,0.0201745,0
2.1,10.8,0,0.301543,0.0199862,0
2.1,10.9,0,0.301519,0.019812,0
2.1,11,0,0.301491,0.0196311,0
2.1,11.1,0,0.301435,0.0194608,0
2.1,11.2,0,0.301389,0.0193045,0
2.1,11.3,0,0.301333,0.0191453,0
2.1,11.4,0,0.301259,0.0189997,0
2.1,11.5,0,0.301193,0.0188645,0
2.1,11.6,0,0.301116,0.0187324,0
2.1,11.7,0,0.30103,0.0186152,0
2.1,11.8,0,0.300949,0.0185046,0
2.1,11.9,0,0.300856,0.0184033,0
2.1,12,0,0.300763,0.0183161,0
2.1,12.1,0,0.300672,0.0182325,0
2.1,12.2,0,0.300571,0.0181637,0
2.1,12.3,0,0.300478,0.0181062,0
2.1,12.4,0,0.300392,0.0180497,0
2.1,12.5,0,0.3003,0.0180131,0
2.1,12.6,0,0.30025,0.0179902,0
2.1,12.7,0,0.300253,0.0179782,0
2.2,0,0,0.300033,-0.0241979,0
2.2,0.1,0,0.300036,-0.024202,0
2.2,0.2,0,0.300043,-0.0242072,0
2.2,0.3,0,0.300054,-0.0242158,0
2.2,0.4,0,0.300066,-0.0242297,0
2.2,0.5,0,0.300077,-0.0242427,0
2.2,0.6,0,0.300082,-0.0242611,0
2.2,0.7,0,0.300089,-0.0242813,0
2.2,0.8,0,0.30009,-0.0243001,0
2.2,0.9,0,0.300087,-0.0243251,0
2.2,1,0,0.300083,-0.0243482,0
2.2,1.1,0,0.300069,-0.0243731,0
2.2,1.2,0,0.300054,-0.0244008,0
2.2,1.3,0,0.300032,-0.0244228,0
2.2,1.4,0,0.300001,-0.0244503,0
2.2,1.5,0,0.29997,-0.0244749,0
2.2,1.6,0,0.299923,-0.0244953,0
2.2,1.7,0,0.299872,-0.0245192,0
2.2,1.8,0,0.299816,-0.0245319,0
2.2,1.9,0,0.299742,-0.0245479,0
2.2,2,0,0.299669,-0.0245601,0
2.2,2.1,0,0.299575,-0.0245589,0
2.2,2.2,0,0.299474,-0.0245617,0
2.2,2.3,0,0.299368,-0.0245468,0
2.2,2.4,0,0.299235,-0.0245301,0
2.2,2.5,0,0.299104,-0.0245093,0
2.2,2.6,0,0.298946,-0.0244618,0
2.2,2.7,0,0.298776,-0.0244182,0
2.2,2.8,0,0.298604,-0.024349,0
2.2,2.9,0,0.298391,-0.0242696,0
2.2,3,0,0.298182,-0.0241861,0
2.2,3.1,0,0.297943,-0.0240573,0
2.2,3.2,0,0.297682,-0.0239314,0
2.2,3.3,0,0.297426,-0.0237707,0
2.2,3.4,0,0.297114,-0.0235859,0
2.2,3.5,0,0.296807,-0.0233988,0
2.2,3.6,0,0.296469,-0.02314,0
2.2,3.7,0,0.296101,-0.0228819,0
2.2,3.8,0,0.295747,-0.0225795,0
2.2,3.9,0,0.29532,-0.0222314,0
2.2,4,0,0.294902,-0.0218858,0
2.2,4.1,0,0.294462,-0.0214327,0
2.2,4.2,0,0.293978,-0.0209759,0
2.2,4.3,0,0.293529,-0.0204686,0
2.2,4.4,0,0.292995,-0.0198836,0
2.2,4.5,0,0.292475,-0.019311,0
2.2,4.6,0,0.291956,-0.0185939,0
2.2,4.7,0,0.291384,-0.0178659,0
2.2,4.8,0,0.290877,-0.0171015,0
2.2,4.9,0,0.290403,-0.0164055,0
2.2,5,0,0.289991,-0.0158195,0
2.2,5.1,0,0.289156,-0.014366,0
2.2,5.2,0,0.288608,-0.0133046,0
2.2,5.3,0,0.288075,-0.012175,0
2.2,5.4,0,0.287564,-0.0109776,0
2.2,5.5,0,0.287083,-0.00971422,0
2.2,5.6,0,0.286636,-0.0083874,0
2.2,5.7,0,0.286233,-0.00700095,0
2.2,5.8,0,0.28588,-0.00555976,0
2.2,5.9,0,0.285583,-0.00406991,0
2.2,6,0,0.28535,-0.00253872,0
2.2,6.1,0,0.285186,-0.000974675,0
2.2,6.2,0,0.285095,0.000612676,0
2.2,6.3,0,0.28508,0.00221288,0
2.2,6.4,0,0.285145,0.00381481,0
2.2,6.5,0,0.28529,0.0054069,0
2.2,6.6,0,0.285513,0.00697751,0
2.2,6.7,0,0.285813,0.00851513,0
2.2,6.8,0,0.286187,0.0100087,0
2.2,6.9,0,0.286629,0.0114487,0
2.2,7,0,0.287443,0.0135799,0
2.2,7.1,0,0.287902,0.0143967,0
2.2,7.2,0,0.288421,0.0153813,0
2.2,7.3,0,0.288946,0.0164443,0
2.2,7.4,0,0.289661,0.0174485,0
2.2,7.5,0,0.290389,0.018473,0
2.2,7.6,0,0.29102,0.0193603,0
2.2,7.7,0,0.291765,0.0201252,0
2.2,7.8,0,0.292516,0.0208946,0
2.2,7.9,0,0.293148,0.0215183,0
2.2,8,0,0.293864,0.0220428,0
2.2,8.1,0,0.294559,0.0225623,0
2.2,8.2,0,0.295155,0.0229534,0
2.2,8.3,0,0.2958,0.0232647,0
2.2,8.4,0,0.296406,0.0235739,0
2.2,8.5,0,0.296931,0.0237668,0
2.2,8.6,0,0.297479,0.0239047,0
2.2,8.7,0,0.297982,0.0240472,0
2.2,8.8,0,0.298414,0.0240835,0
2.2,8.9,0,0.298858,0.0240884,0
2.2,9,0,0.299255,0.0241006,0
2.2,9.1,0,0.29959,0.0240259,0
2.2,9.2,0,0.299933,0.0239341,0
2.2,9.3,0,0.300225,0.0238489,0
2.2,9.4,0,0.300473,0.0237034,0
2.2,9.5,0,0.300723,0.0235458,0
2.2,9.6,0,0.300924,0.0233992,0
2.2,9.7,0,0.301093,0.0232076,0
2.2,9.8,0,0.301262,0.0230111,0
2.2,9.9,0,0.301386,0.0228292,0
2.2,10,0,0.301488,0.0226119,0
2.2,10.1,0,0.301588,0.0223985,0
2.2,10.2,0,0.301651,0.0221983,0
2.2,10.3,0,0.301697,0.0219736,0
2.2,10.4,0,0.301743,0.0217582,0
2.2,10.5,0,0.301755,0.0215546,0
2.2,10.6,0,0.301756,0.021336,0
2.2,10.7,0,0.30176,0.0211296,0
2.2,10.8,0,0.301731,0.0209353,0
2.2,10.9,0,0.301697,0.0207314,0
2.2,11,0,0.301666,0.0205433,0
2.2,11.1,0,0.301607,0.0203665,0
2.2,11.2,0,0.301545,0.0201839,0
2.2,11.3,0,0.301487,0.0200212,0
2.2,11.4,0,0.301406,0.0198675,0
2.2,11.5,0,0.301323,0.0197108,0
2.2,11.6,0,0.301245,0.0195782,0
2.2,11.7,0,0.301148,0.019452,0
2.2,11.8,0,0.30105,0.0193265,0
2.2,11.9,0,0.300958,0.0192253,0
2.2,12,0,0.300849,0.0191293,0
2.2,12.1,0,0.300744,0.0190365,0
2.2,12.2,0,0.300643,0.0189673,0
2.2,12.3,0,0.300535,0.0189023,0
2.2,12.4,0,0.300437,0.0188409,0
2.2,12.5,0,0.300356,0.0188066,0
2.2,12.6,0,0.300305,0.0187818,0
2.2,12.7,0,0.300284,0.0187643,0
2.3,0,0,0.30004,-0.0252858,0
2.3,0.1,0,0.300043,-0.0252906,0
2.3,0.2,0,0.30005,-0.0252959,0
2.3,0.3,0,0.300067,-0.0253082,0
2.3,0.4,0,0.300079,-0.0253221,0
2.3,0.5,0,0.300094,-0.0253376,0
2.3,0.6,0,0.300102,-0.0253597,0
2.3,0.7,0,0.300109,-0.0253799,0
2.3,0.8,0,0.300114,-0.0254072,0
2.3,0.9,0,0.300112,-0.0254322,0
2.3,1,0,0.30011,-0.0254602,0
2.3,1.1,0,0.300096,-0.025491,0
2.3,1.2,0,0.300081,-0.0255187,0
2.3,1.3,0,0.300059,-0.0255535,0
2.3,1.4,0,0.300028,-0.0255811,0
2.3,1.5,0,0.299996,-0.0256127,0
2.3,1.6,0,0.299945,-0.025641,0
2.3,1.7,0,0.299895,-0.0256649,0
2.3,1.8,0,0.29983,-0.0256943,0
2.3,1.9,0,0.299757,-0.0257102,0
2.3,2,0,0.299679,-0.0257312,0
2.3,2.1,0,0.299577,-0.0257395,0
2.3,2.2,0,0.299476,-0.0257422,0
2.3,2.3,0,0.29935,-0.0257467,0
2.3,2.4,0,0.299217,-0.02573,0
2.3,2.5,0,0.299074,-0.025719,0
2.3,2.6,0,0.298901,-0.0256818,0
2.3,2.7,0,0.298731,-0.0256382,0
2.3,2.8,0,0.298523,-0.0255891,0
2.3,2.9,0,0.29831,-0.0255097,0
2.3,3,0,0.29808,-0.0254359,0
2.3,3.1,0,0.297815,-0.0253168,0
2.3,3.2,0,0.297555,-0.0251909,0
2.3,3.3,0,0.29724,-0.0250476,0
2.3,3.4,0,0.296928,-0.0248628,0
2.3,3.5,0,0.296588,-0.0246819,0
2.3,3.6,0,0.296211,-0.0244306,0
2.3,3.7,0,0.295842,-0.0241725,0
2.3,3.8,0,0.2954,-0.0238777,0
2.3,3.9,0,0.294973,-0.0235296,0
2.3,4,0,0.294504,-0.0231794,0
2.3,4.1,0,0.294009,-0.0227286,0
2.3,4.2,0,0.293525,-0.0222718,0
2.3,4.3,0,0.292952,-0.0217466,0
2.3,4.4,0,0.292418,-0.0211616,0
2.3,4.5,0,0.291822,-0.0205608,0
2.3,4.6,0,0.291236,-0.0198302,0
2.3,4.7,0,0.290664,-0.0191022,0
2.3,4.8,0,0.289998,-0.0182624,0
2.3,4.9,0,0.289524,-0.0175664,0
2.3,5,0,0.289045,-0.0169456,0
2.3,5.1,0,0.288103,-0.0154247,0
2.3,5.2,0,0.287483,-0.0143092,0
2.3,5.3,0,0.286879,-0.0131178,0
2.3,5.4,0,0.286298,-0.0118504,0
2.3,5.5,0,0.285748,-0.0105085,0
2.3,5.6,0,0.285237,-0.00909452,0
2.3,5.7,0,0.284772,-0.00761239,0
2.3,5.8,0,0.284364,-0.00606725,0
2.3,5.9,0,0.28402,-0.00446575,0
2.3,6,0,0.283747,-0.00281601,0
2.3,6.1,0,0.283552,-0.00112754,0
2.3,6.2,0,0.283442,0.000588803,0
2.3,6.3,0,0.283419,0.0023211,0
2.3,6.4,0,0.283488,0.00405656,0
2.3,6.5,0,0.283649,0.00578189,0
2.3,6.6,0,0.2839,0.00748363,0
2.3,6.7,0,0.284241,0.00914855,0
2.3,6.8,0,0.284667,0.0107639,0
2.3,6.9,0,0.285171,0.0123187,0
2.3,7,0,0.286101,0.0146123,0
2.3,7.1,0,0.286583,0.0154842,0
2.3,7.2,0,0.287103,0.0164688,0
2.3,7.3,0,0.287818,0.0176879,0
2.3,7.4,0,0.28859,0.0187611,0
2.3,7.5,0,0.289319,0.0197856,0
2.3,7.6,0,0.290178,0.0207795,0
2.3,7.7,0,0.290964,0.0215769,0
2.3,7.8,0,0.291721,0.0223469,0
2.3,7.9,0,0.292587,0.0230222,0
2.3,8,0,0.293322,0.0235553,0
2.3,8.1,0,0.294058,0.0240698,0
2.3,8.2,0,0.294838,0.0244652,0
2.3,8.3,0,0.295482,0.0247765,0
2.3,8.4,0,0.296147,0.0250645,0
2.3,8.5,0,0.296792,0.0252356,0
2.3,8.6,0,0.29734,0.0253735,0
2.3,8.7,0,0.297905,0.0254779,0
2.3,8.8,0,0.298409,0.0254849,0
2.3,8.9,0,0.298853,0.0254898,0
2.3,9,0,0.299308,0.0254522,0
2.3,9.1,0,0.299681,0.0253495,0
2.3,9.2,0,0.300024,0.0252577,0
2.3,9.3,0,0.300363,0.0251155,0
2.3,9.4,0,0.300629,0.0249473,0
2.3,9.5,0,0.300879,0.0247897,0
2.3,9.6,0,0.301114,0.0245802,0
2.3,9.7,0,0.301289,0.0243749,0
2.3,9.8,0,0.30146,0.0241739,0
2.3,9.9,0,0.301602,0.0239298,0
2.3,10,0,0.301705,0.0237084,0
2.3,10.1,0,0.301807,0.0234821,0
2.3,10.2,0,0.301873,0.0232307,0
2.3,10.3,0,0.30192,0.0230061,0
2.3,10.4,0,0.301965,0.0227714,0
2.3,10.5,0,0.301972,0.0225303,0
2.3,10.6,0,0.301974,0.0223117,0
2.3,10.7,0,0.301972,0.0220817,0
2.3,10.8,0,0.301933,0.0218618,0
2.3,10.9,0,0.301899,0.0216579,0
2.3,11,0,0.301857,0.021444,0
2.3,11.1,0,0.301788,0.021251,0
2.3,11.2,0,0.301727,0.0210684,0
2.3,11.3,0,0.30165,0.0208797,0
2.3,11.4,0,0.301562,0.0207169,0
2.3,11.5,0,0.301479,0.0205602,0
2.3,11.6,0,0.301376,0.0204032,0
2.3,11.7,0,0.301274,0.0202731,0
2.3,11.8,0,0.301174,0.0201451,0
2.3,11.9,0,0.301053,0.0200249,0
2.3,12,0,0.300944,0.0199286,0
2.3,12.1,0,0.300832,0.0198314,0
2.3,12.2,0,0.300705,0.0197507,0
2.3,12.3,0,0.300598,0.0196857,0
2.3,12.4,0,0.300489,0.0196194,0
2.3,12.5,0,0.30039,0.019579,0
2.3,12.6,0,0.300339,0.0195542,0
2.3,12.7,0,0.300319,0.0195355,0
2.4,0,0,0.300049,-0.0263701,0
2.4,0.1,0,0.300048,-0.0263745,0
2.4,0.2,0,0.300062,-0.0263823,0
2.4,0.3,0,0.300079,-0.0263946,0
2.4,0.4,0,0.300096,-0.0264127,0
2.4,0.5,0,0.300114,-0.0264296,0
2.4,0.6,0,0.300124,-0.0264536,0
2.4,0.7,0,0.300136,-0.0264801,0
2.4,0.8,0,0.300141,-0.0265074,0
2.4,0.9,0,0.300143,-0.0265402,0
2.4,1,0,0.300142,-0.0265711,0
2.4,1.1,0,0.300129,-0.026605,0
2.4,1.2,0,0.300115,-0.0266428,0
2.4,1.3,0,0.300093,-0.0266777,0
2.4,1.4,0,0.300062,-0.0267168,0
2.4,1.5,0,0.300029,-0.0267525,0
2.4,1.6,0,0.299979,-0.0267851,0
2.4,1.7,0,0.299924,-0.0268225,0
2.4,1.8,0,0.299859,-0.0268519,0
2.4,1.9,0,0.29978,-0.0268828,0
2.4,2,0,0.299698,-0.0269088,0
2.4,2.1,0,0.299594,-0.0269226,0
2.4,2.2,0,0.299479,-0.0269417,0
2.4,2.3,0,0.299353,-0.0269461,0
2.4,2.4,0,0.299207,-0.0269471,0
2.4,2.5,0,0.299055,-0.0269418,0
2.4,2.6,0,0.298879,-0.0269109,0
2.4,2.7,0,0.29868,-0.0268853,0
2.4,2.8,0,0.298472,-0.0268362,0
2.4,2.9,0,0.298234,-0.0267758,0
2.4,3,0,0.297988,-0.0267077,0
2.4,3.1,0,0.297718,-0.0265955,0
2.4,3.2,0,0.297409,-0.0264867,0
2.4,3.3,0,0.297095,-0.0263434,0
2.4,3.4,0,0.296742,-0.0261763,0
2.4,3.5,0,0.296375,-0.0259993,0
2.4,3.6,0,0.295989,-0.0257549,0
2.4,3.7,0,0.295544,-0.0255069,0
2.4,3.8,0,0.295102,-0.0252121,0
2.4,3.9,0,0.294613,-0.024875,0
2.4,4,0,0.294103,-0.0245226,0
2.4,4.1,0,0.293595,-0.0240778,0
2.4,4.2,0,0.292998,-0.0236107,0
2.4,4.3,0,0.292425,-0.0230856,0
2.4,4.4,0,0.291803,-0.0224928,0
2.4,4.5,0,0.291146,-0.0218764,0
2.4,4.6,0,0.290546,-0.0211431,0
2.4,4.7,0,0.289815,-0.020369,0
2.4,4.8,0,0.289149,-0.0195293,0
2.4,4.9,0,0.288527,-0.0186965,0
2.4,5,0,0.288042,-0.0181509,0
2.4,5.1,0,0.286981,-0.0165667,0
2.4,5.2,0,0.28628,-0.0153989,0
2.4,5.3,0,0.285596,-0.0141462,0
2.4,5.4,0,0.284936,-0.012808,0
2.4,5.5,0,0.284309,-0.0113851,0
2.4,5.6,0,0.283725,-0.00987977,0
2.4,5.7,0,0.283192,-0.00829591,0
2.4,5.8,0,0.28272,-0.006639,0
2.4,5.9,0,0.282319,-0.00491635,0
2.4,6,0,0.282,-0.00313706,0
2.4,6.1,0,0.281769,-0.00131195,0
2.4,6.2,0,0.281634,0.000546626,0
2.4,6.3,0,0.281601,0.00242495,0
2.4,6.4,0,0.281673,0.00430831,0
2.4,6.5,0,0.281852,0.00618135,0
2.4,6.6,0,0.282137,0.00802853,0
2.4,6.7,0,0.282525,0.00983457,0
2.4,6.8,0,0.283011,0.0115848,0
2.4,6.9,0,0.283589,0.0132667,0
2.4,7,0,0.284652,0.0157381,0
2.4,7.1,0,0.285107,0.0165249,0
2.4,7.2,0,0.285804,0.0176873,0
2.4,7.3,0,0.286592,0.01901,0
2.4,7.4,0,0.287428,0.0201509,0
2.4,7.5,0,0.28837,0.0212683,0
2.4,7.6,0,0.289249,0.0222658,0
2.4,7.7,0,0.290141,0.0231307,0
2.4,7.8,0,0.291075,0.0239125,0
2.4,7.9,0,0.291941,0.0245878,0
2.4,8,0,0.292812,0.0251637,0
2.4,8.1,0,0.293659,0.025646,0
2.4,8.2,0,0.294442,0.0260427,0
2.4,8.3,0,0.295232,0.0263611,0
2.4,8.4,0,0.295951,0.0266043,0
2.4,8.5,0,0.296614,0.0267779,0
2.4,8.6,0,0.297282,0.0268857,0
2.4,8.7,0,0.297869,0.0269522,0
2.4,8.8,0,0.298399,0.0269568,0
2.4,8.9,0,0.298925,0.0269072,0
2.4,9,0,0.299388,0.0268453,0
2.4,9.1,0,0.299789,0.0267324,0
2.4,9.2,0,0.300182,0.0265765,0
2.4,9.3,0,0.300524,0.0264217,0
2.4,9.4,0,0.300814,0.0262326,0
2.4,9.5,0,0.301091,0.0260136,0
2.4,9.6,0,0.301326,0.0258004,0
2.4,9.7,0,0.30152,0.0255623,0
2.4,9.8,0,0.3017,0.0253134,0
2.4,9.9,0,0.301842,0.0250693,0
2.4,10,0,0.301955,0.0248067,0
2.4,10.1,0,0.302057,0.0245482,0
2.4,10.2,0,0.302123,0.0242945,0
2.4,10.3,0,0.302169,0.0240259,0
2.4,10.4,0,0.302211,0.0237724,0
2.4,10.5,0,0.302217,0.023525,0
2.4,10.6,0,0.302209,0.0232667,0
2.4,10.7,0,0.302204,0.0230261,0
2.4,10.8,0,0.302161,0.0227967,0
2.4,10.9,0,0.302113,0.0225597,0
2.4,11,0,0.302068,0.0223401,0
2.4,11.1,0,0.301992,0.0221353,0
2.4,11.2,0,0.301913,0.0219263,0
2.4,11.3,0,0.301835,0.0217352,0
2.4,11.4,0,0.301734,0.0215582,0
2.4,11.5,0,0.301633,0.0213828,0
2.4,11.6,0,0.30153,0.0212254,0
2.4,11.7,0,0.30141,0.0210801,0
2.4,11.8,0,0.301294,0.0209412,0
2.4,11.9,0,0.301174,0.020821,0
2.4,12,0,0.301041,0.0207102,0
2.4,12.1,0,0.300918,0.0206078,0
2.4,12.2,0,0.300788,0.0205259,0
2.4,12.3,0,0.300653,0.02045,0
2.4,12.4,0,0.300542,0.0203816,0
2.4,12.5,0,0.300425,0.0203368,0
2.4,12.6,0,0.300354,0.0203059,0
2.4,12.7,0,0.300357,0.0202919,0
2.5,0,0,0.300057,-0.0274543,0
2.5,0.1,0,0.300068,-0.0274617,0
2.5,0.2,0,0.300079,-0.0274691,0
2.5,0.3,0,0.300094,-0.0274826,0
2.5,0.4,0,0.300114,-0.0275021,0
2.5,0.5,0,0.300134,-0.0275217,0
2.5,0.6,0,0.300147,-0.0275501,0
2.5,0.7,0,0.300161,-0.0275784,0
2.5,0.8,0,0.300169,-0.0276105,0
2.5,0.9,0,0.300171,-0.0276463,0
2.5,1,0,0.300173,-0.027682,0
2.5,1.1,0,0.300161,-0.0277229,0
2.5,1.2,0,0.300148,-0.0277638,0
2.5,1.3,0,0.300126,-0.0278059,0
2.5,1.4,0,0.300094,-0.0278491,0
2.5,1.5,0,0.300062,-0.0278922,0
2.5,1.6,0,0.300007,-0.027934,0
2.5,1.7,0,0.299952,-0.0279758,0
2.5,1.8,0,0.299883,-0.0280146,0
2.5,1.9,0,0.299799,-0.0280505,0
2.5,2,0,0.299716,-0.0280864,0
2.5,2.1,0,0.2996,-0.028111,0
2.5,2.2,0,0.299483,-0.0281356,0
2.5,2.3,0,0.299347,-0.0281512,0
2.5,2.4,0,0.299191,-0.0281578,0
2.5,2.5,0,0.299035,-0.0281645,0
2.5,2.6,0,0.298833,-0.0281453,0
2.5,2.7,0,0.298632,-0.028126,0
2.5,2.8,0,0.298404,-0.028089,0
2.5,2.9,0,0.29815,-0.0280342,0
2.5,3,0,0.297896,-0.0279795,0
2.5,3.1,0,0.297582,-0.0278775,0
2.5,3.2,0,0.297269,-0.0277756,0
2.5,3.3,0,0.296922,-0.0276431,0
2.5,3.4,0,0.296541,-0.0274799,0
2.5,3.5,0,0.296161,-0.0273168,0
2.5,3.6,0,0.295708,-0.0270756,0
2.5,3.7,0,0.295255,-0.0268345,0
2.5,3.8,0,0.294763,-0.0265443,0
2.5,3.9,0,0.294232,-0.0262051,0
2.5,4,0,0.293701,-0.0258658,0
2.5,4.1,0,0.293092,-0.0254048,0
2.5,4.2,0,0.292483,-0.0249437,0
2.5,4.3,0,0.291836,-0.024409,0
2.5,4.4,0,0.291153,-0.0238005,0
2.5,4.5,0,0.290469,-0.023192,0
2.5,4.6,0,0.289724,-0.0224153,0
2.5,4.7,0,0.28898,-0.0216385,0
2.5,4.8,0,0.288294,-0.0208714,0
2.5,4.9,0,0.287667,-0.0201138,0
2.5,5,0,0.28704,-0.0193563,0
2.5,5.1,0,0.28586,-0.0177087,0
2.5,5.2,0,0.285078,-0.0164885,0
2.5,5.3,0,0.284314,-0.0151746,0
2.5,5.4,0,0.283575,-0.0137656,0
2.5,5.5,0,0.282871,-0.0122617,0
2.5,5.6,0,0.282213,-0.010665,0
2.5,5.7,0,0.281611,-0.00897943,0
2.5,5.8,0,0.281075,-0.00721074,0
2.5,5.9,0,0.280619,-0.00536694,0
2.5,6,0,0.280253,-0.00345812,0
2.5,6.1,0,0.279986,-0.00149635,0
2.5,6.2,0,0.279827,0.000504448,0
2.5,6.3,0,0.279783,0.0025288,0
2.5,6.4,0,0.279859,0.00456006,0
2.5,6.5,0,0.280056,0.00658081,0
2.5,6.6,0,0.280373,0.00857343,0
2.5,6.7,0,0.280809,0.0105206,0
2.5,6.8,0,0.281356,0.0124057,0
2.5,6.9,0,0.282006,0.0142147,0
2.5,7,0,0.283203,0.0168639,0
2.5,7.1,0,0.283918,0.0180208,0
2.5,7.2,0,0.284634,0.0191777,0
2.5,7.3,0,0.28539,0.0203363,0
2.5,7.4,0,0.286378,0.0215047,0
2.5,7.5,0,0.287367,0.0226732,0
2.5,7.6,0,0.28836,0.0237431,0
2.5,7.7,0,0.289362,0.0245834,0
2.5,7.8,0,0.290364,0.0254236,0
2.5,7.9,0,0.291337,0.0261261,0
2.5,8,0,0.292274,0.0266602,0
2.5,8.1,0,0.293211,0.0271943,0
2.5,8.2,0,0.294079,0.0275755,0
2.5,8.3,0,0.294903,0.0278548,0
2.5,8.4,0,0.295726,0.028134,0
2.5,8.5,0,0.296447,0.0282642,0
2.5,8.6,0,0.297135,0.0283446,0
2.5,8.7,0,0.297822,0.028425,0
2.5,8.8,0,0.298382,0.0283734,0
2.5,8.9,0,0.298929,0.028307,0
2.5,9,0,0.299469,0.0282356,0
2.5,9.1,0,0.299883,0.0280676,0
2.5,9.2,0,0.300296,0.0278995,0
2.5,9.3,0,0.300687,0.0277185,0
2.5,9.4,0,0.300982,0.0274855,0
2.5,9.5,0,0.301278,0.0272525,0
2.5,9.6,0,0.301538,0.0270069,0
2.5,9.7,0,0.301733,0.0267378,0
2.5,9.8,0,0.301928,0.0264687,0
2.5,9.9,0,0.302081,0.0261924,0
2.5,10,0,0.302192,0.0259089,0
2.5,10.1,0,0.302303,0.0256254,0
2.5,10.2,0,0.302371,0.0253431,0
2.5,10.3,0,0.302414,0.0250613,0
2.5,10.4,0,0.302458,0.0247795,0
2.5,10.5,0,0.302458,0.0245085,0
2.5,10.6,0,0.302448,0.0242402,0
2.5,10.7,0,0.302437,0.0239719,0
2.5,10.8,0,0.302387,0.0237245,0
2.5,10.9,0,0.302334,0.0234782,0
2.5,11,0,0.302278,0.0232348,0
2.5,11.1,0,0.302193,0.0230165,0
2.5,11.2,0,0.302108,0.0227983,0
2.5,11.3,0,0.302017,0.0225882,0
2.5,11.4,0,0.301907,0.0224024,0
2.5,11.5,0,0.301797,0.0222166,0
2.5,11.6,0,0.30168,0.0220451,0
2.5,11.7,0,0.301551,0.0218949,0
2.5,11.8,0,0.301423,0.0217447,0
2.5,11.9,0,0.301289,0.0216148,0
2.5,12,0,0.301149,0.0215014,0
2.5,12.1,0,0.301009,0.0213881,0
2.5,12.2,0,0.300872,0.0213,0
2.5,12.3,0,0.300736,0.0212226,0
2.5,12.4,0,0.300599,0.0211452,0
2.5,12.5,0,0.300524,0.0211082,0
2.5,12.6,0,0.30046,0.0210782,0
2.5,12.7,0,0.300395,0.0210482,0
2.6,0,0,0.300069,-0.0285282,0
2.6,0.1,0,0.300067,-0.0285341,0
2.6,0.2,0,0.300087,-0.0285437,0
2.6,0.3,0,0.300113,-0.028561,0
2.6,0.4,0,0.300135,-0.0285822,0
2.6,0.5,0,0.300161,-0.0286053,0
2.6,0.6,0,0.30018,-0.0286383,0
2.6,0.7,0,0.300196,-0.0286693,0
2.6,0.8,0,0.300208,-0.028707,0
2.6,0.9,0,0.300213,-0.0287458,0
2.6,1,0,0.300218,-0.0287884,0
2.6,1.1,0,0.300209,-0.028837,0
2.6,1.2,0,0.300197,-0.0288821,0
2.6,1.3,0,0.300177,-0.0289329,0
2.6,1.4,0,0.300147,-0.0289807,0
2.6,1.5,0,0.300114,-0.0290337,0
2.6,1.6,0,0.30006,-0.0290864,0
2.6,1.7,0,0.300003,-0.0291338,0
2.6,1.8,0,0.299932,-0.0291845,0
2.6,1.9,0,0.29985,-0.0292266,0
2.6,2,0,0.299758,-0.0292751,0
2.6,2.1,0,0.299641,-0.0293138,0
2.6,2.2,0,0.299518,-0.0293453,0
2.6,2.3,0,0.299374,-0.0293757,0
2.6,2.4,0,0.299217,-0.0293902,0
2.6,2.5,0,0.299043,-0.029412,0
2.6,2.6,0,0.298837,-0.0294099,0
2.6,2.7,0,0.298622,-0.0293988,0
2.6,2.8,0,0.298379,-0.0293791,0
2.6,2.9,0,0.298122,-0.0293335,0
2.6,3,0,0.297833,-0.0292962,0
2.6,3.1,0,0.29751,-0.0292131,0
2.6,3.2,0,0.297174,-0.0291204,0
2.6,3.3,0,0.296798,-0.0290063,0
2.6,3.4,0,0.296411,-0.0288524,0
2.6,3.5,0,0.295975,-0.0287089,0
2.6,3.6,0,0.295503,-0.0284836,0
2.6,3.7,0,0.295015,-0.0282531,0
2.6,3.8,0,0.294474,-0.0279784,0
2.6,3.9,0,0.29393,-0.0276441,0
2.6,4,0,0.293315,-0.0273283,0
2.6,4.1,0,0.292667,-0.0268663,0
2.6,4.2,0,0.292008,-0.0264181,0
2.6,4.3,0,0.291284,-0.0258866,0
2.6,4.4,0,0.290573,-0.0252685,0
2.6,4.5,0,0.289777,-0.0246878,0
2.6,4.6,0,0.288955,-0.0238636,0
2.6,4.7,0,0.288149,-0.0231013,0
2.6,4.8,0,0.287274,-0.0222113,0
2.6,4.9,0,0.286519,-0.0213165,0
2.6,5,0,0.285966,-0.020788,0
2.6,5.1,0,0.284636,-0.0190799,0
2.6,5.2,0,0.283748,-0.0178063,0
2.6,5.3,0,0.282874,-0.0164278,0
2.6,5.4,0,0.282023,-0.0149424,0
2.6,5.5,0,0.281208,-0.0133497,0
2.6,5.6,0,0.28044,-0.0116511,0
2.6,5.7,0,0.279734,-0.00984988,0
2.6,5.8,0,0.279103,-0.0079517,0
2.6,5.9,0,0.278561,-0.0059646,0
2.6,6,0,0.278122,-0.00389931,0
2.6,6.1,0,0.277799,-0.00176921,0
2.6,6.2,0,0.2776,0.000409813,0
2.6,6.3,0,0.277536,0.00261966,0
2.6,6.4,0,0.277611,0.00484053,0
2.6,6.5,0,0.277829,0.00705146,0
2.6,6.6,0,0.278187,0.00923108,0
2.6,6.7,0,0.278683,0.0113583,0
2.6,6.8,0,0.279309,0.0134129,0
2.6,6.9,0,0.280056,0.0153775,0
2.6,7,0,0.281433,0.0182386,0
2.6,7.1,0,0.282205,0.0191966,0
2.6,7.2,0,0.282988,0.0204424,0
2.6,7.3,0,0.283966,0.0219592,0
2.6,7.4,0,0.28526,0.0232319,0
2.6,7.5,0,0.286266,0.024424,0
2.6,7.6,0,0.287375,0.025542,0
2.6,7.7,0,0.288622,0.026411,0
2.6,7.8,0,0.289647,0.0272626,0
2.6,7.9,0,0.290747,0.0279638,0
2.6,8,0,0.291845,0.0284798,0
2.6,8.1,0,0.292814,0.0290128,0
2.6,8.2,0,0.293805,0.0293586,0
2.6,8.3,0,0.294722,0.0296065,0
2.6,8.4,0,0.295583,0.0298677,0
2.6,8.5,0,0.296409,0.0299434,0
2.6,8.6,0,0.297146,0.0299967,0
2.6,8.7,0,0.297864,0.0300398,0
2.6,8.8,0,0.298509,0.0299287,0
2.6,8.9,0,0.29908,0.0298384,0
2.6,9,0,0.299641,0.0297187,0
2.6,9.1,0,0.300116,0.0294953,0
2.6,9.2,0,0.300538,0.0293049,0
2.6,9.3,0,0.300943,0.0290732,0
2.6,9.4,0,0.301275,0.0287938,0
2.6,9.5,0,0.301571,0.0285372,0
2.6,9.6,0,0.30184,0.0282446,0
2.6,9.7,0,0.302052,0.0279403,0
2.6,9.8,0,0.302244,0.0276439,0
2.6,9.9,0,0.302399,0.0273262,0
2.6,10,0,0.302516,0.027017,0
2.6,10.1,0,0.302621,0.0267049,0
2.6,10.2,0,0.302685,0.0263863,0
2.6,10.3,0,0.302727,0.0260869,0
2.6,10.4,0,0.302762,0.0257771,0
2.6,10.5,0,0.302754,0.0254744,0
2.6,10.6,0,0.30274,0.0251931,0
2.6,10.7,0,0.302719,0.0249008,0
2.6,10.8,0,0.302655,0.0246253,0
2.6,10.9,0,0.302597,0.0243691,0
2.6,11,0,0.302529,0.0241062,0
2.6,11.1,0,0.302427,0.0238633,0
2.6,11.2,0,0.302336,0.0236385,0
2.6,11.3,0,0.302231,0.0234123,0
2.6,11.4,0,0.302104,0.0232075,0
2.6,11.5,0,0.301987,0.0230162,0
2.6,11.6,0,0.301853,0.0228313,0
2.6,11.7,0,0.30171,0.0226677,0
2.6,11.8,0,0.301571,0.0225129,0
2.6,11.9,0,0.301418,0.0223722,0
2.6,12,0,0.301265,0.0222505,0
2.6,12.1,0,0.301115,0.0221334,0
2.6,12.2,0,0.300952,0.0220371,0
2.6,12.3,0,0.300802,0.0219554,0
2.6,12.4,0,0.300663,0.0218742,0
2.6,12.5,0,0.300516,0.02182,0
2.6,12.6,0,0.300437,0.0217863,0
2.6,12.7,0,0.300441,0.0217702,0
2.7,0,0,0.300082,-0.0296022,0
2.7,0.1,0,0.300088,-0.0296102,0
2.7,0.2,0,0.300104,-0.0296204,0
2.7,0.3,0,0.30013,-0.0296376,0
2.7,0.4,0,0.30016,-0.0296641,0
2.7,0.5,0,0.300189,-0.0296889,0
2.7,0.6,0,0.30021,-0.0297245,0
2.7,0.7,0,0.300233,-0.0297627,0
2.7,0.8,0,0.300246,-0.0298004,0
2.7,0.9,0,0.300256,-0.0298491,0
2.7,1,0,0.300263,-0.0298948,0
2.7,1.1,0,0.300255,-0.0299475,0
2.7,1.2,0,0.300247,-0.0300045,0
2.7,1.3,0,0.300227,-0.0300553,0
2.7,1.4,0,0.300197,-0.0301176,0
2.7,1.5,0,0.300166,-0.0301752,0
2.7,1.6,0,0.30011,-0.0302335,0
2.7,1.7,0,0.300053,-0.0302974,0
2.7,1.8,0,0.299982,-0.0303481,0
2.7,1.9,0,0.299891,-0.0304091,0
2.7,2,0,0.2998,-0.0304638,0
2.7,2.1,0,0.299677,-0.0305094,0
2.7,2.2,0,0.299546,-0.030562,0
2.7,2.3,0,0.299402,-0.0305924,0
2.7,2.4,0,0.299226,-0.0306299,0
2.7,2.5,0,0.29905,-0.0306596,0
2.7,2.6,0,0.298832,-0.0306656,0
2.7,2.7,0,0.298601,-0.0306798,0
2.7,2.8,0,0.298357,-0.0306601,0
2.7,2.9,0,0.298062,-0.0306411,0
2.7,3,0,0.297771,-0.0306129,0
2.7,3.1,0,0.297425,-0.0305391,0
2.7,3.2,0,0.297058,-0.0304745,0
2.7,3.3,0,0.296682,-0.0303604,0
2.7,3.4,0,0.296232,-0.0302353,0
2.7,3.5,0,0.295789,-0.0301011,0
2.7,3.6,0,0.295282,-0.0298863,0
2.7,3.7,0,0.29474,-0.0296822,0
2.7,3.8,0,0.294199,-0.0294076,0
2.7,3.9,0,0.293557,-0.0291016,0
2.7,4,0,0.292928,-0.0287907,0
2.7,4.1,0,0.292231,-0.0283416,0
2.7,4.2,0,0.291483,-0.0279053,0
2.7,4.3,0,0.29076,-0.0273738,0
2.7,4.4,0,0.289908,-0.0267739,0
2.7,4.5,0,0.289085,-0.0261836,0
2.7,4.6,0,0.288202,-0.0253738,0
2.7,4.7,0,0.287258,-0.0245785,0
2.7,4.8,0,0.286383,-0.0236885,0
2.7,4.9,0,0.285574,-0.0228855,0
2.7,5,0,0.284893,-0.0222198,0
2.7,5.1,0,0.283413,-0.0204512,0
2.7,5.2,0,0.282419,-0.0191241,0
2.7,5.3,0,0.281435,-0.0176811,0
2.7,5.4,0,0.280472,-0.0161193,0
2.7,5.5,0,0.279545,-0.0144377,0
2.7,5.6,0,0.278668,-0.0126371,0
2.7,5.7,0,0.277858,-0.0107203,0
2.7,5.8,0,0.27713,-0.00869267,0
2.7,5.9,0,0.276503,-0.00656225,0
2.7,6,0,0.275992,-0.0043405,0
2.7,6.1,0,0.275611,-0.00204206,0
2.7,6.2,0,0.275374,0.000315177,0
2.7,6.3,0,0.275289,0.00271052,0
2.7,6.4,0,0.275364,0.005121,0
2.7,6.5,0,0.275602,0.00752212,0
2.7,6.6,0,0.276001,0.00988874,0
2.7,6.7,0,0.276558,0.012196,0
2.7,6.8,0,0.277263,0.01442,0
2.7,6.9,0,0.278106,0.0165404,0
2.7,7,0,0.279663,0.0196134,0
2.7,7.1,0,0.280523,0.0207445,0
2.7,7.2,0,0.281501,0.0221053,0
2.7,7.3,0,0.282495,0.0235664,0
2.7,7.4,0,0.283816,0.0248713,0
2.7,7.5,0,0.285154,0.0261989,0
2.7,7.6,0,0.286303,0.0273305,0
2.7,7.7,0,0.287625,0.028219,0
2.7,7.8,0,0.288951,0.0291121,0
2.7,7.9,0,0.290051,0.0298133,0
2.7,8,0,0.291261,0.0303199,0
2.7,8.1,0,0.292436,0.0308308,0
2.7,8.2,0,0.293427,0.0311759,0
2.7,8.3,0,0.294466,0.0313768,0
2.7,8.4,0,0.29545,0.0315963,0
2.7,8.5,0,0.296281,0.0316653,0
2.7,8.6,0,0.297125,0.0316426,0
2.7,8.7,0,0.29791,0.0316509,0
2.7,8.8,0,0.298561,0.031524,0
2.7,8.9,0,0.299215,0.0313478,0
2.7,9,0,0.29981,0.0312045,0
2.7,9.1,0,0.300289,0.0309566,0
2.7,9.2,0,0.300772,0.0306823,0
2.7,9.3,0,0.301191,0.0304378,0
2.7,9.4,0,0.301526,0.030125,0
2.7,9.5,0,0.301861,0.0297943,0
2.7,9.6,0,0.302133,0.0294978,0
2.7,9.7,0,0.302346,0.0291509,0
2.7,9.8,0,0.302557,0.0287976,0
2.7,9.9,0,0.302712,0.0284799,0
2.7,10,0,0.302825,0.0281226,0
2.7,10.1,0,0.302936,0.0277716,0
2.7,10.2,0,0.302999,0.0274507,0
2.7,10.3,0,0.303032,0.027103,0
2.7,10.4,0,0.303065,0.0267687,0
2.7,10.5,0,0.303054,0.0264605,0
2.7,10.6,0,0.303025,0.0261361,0
2.7,10.7,0,0.303,0.0258284,0
2.7,10.8,0,0.302931,0.0255458,0
2.7,10.9,0,0.302854,0.0252524,0
2.7,11,0,0.302781,0.0249801,0
2.7,11.1,0,0.302672,0.0247296,0
2.7,11.2,0,0.302558,0.0244724,0
2.7,11.3,0,0.302449,0.0242418,0
2.7,11.4,0,0.302311,0.0240277,0
2.7,11.5,0,0.302168,0.0238104,0
2.7,11.6,0,0.302034,0.0236248,0
2.7,11.7,0,0.301874,0.023451,0
2.7,11.8,0,0.301713,0.0232781,0
2.7,11.9,0,0.30156,0.0231374,0
2.7,12,0,0.301385,0.0230055,0
2.7,12.1,0,0.301216,0.0228773,0
2.7,12.2,0,0.301053,0.0227805,0
2.7,12.3,0,0.300883,0.0226895,0
2.7,12.4,0,0.300726,0.0226026,0
2.7,12.5,0,0.300599,0.0225523,0
2.7,12.6,0,0.300519,0.0225166,0
2.7,12.7,0,0.300487,0.0224921,0
2.8,0,0,0.300096,-0.0306693,0
2.8,0.1,0,0.300102,-0.0306782,0
2.8,0.2,0,0.300118,-0.0306884,0
2.8,0.3,0,0.300156,-0.0307117,0
2.8,0.4,0,0.300186,-0.0307382,0
2.8,0.5,0,0.300221,-0.0307666,0
2.8,0.6,0,0.300247,-0.0308077,0
2.8,0.7,0,0.30027,-0.0308459,0
2.8,0.8,0,0.300294,-0.030896,0
2.8,0.9,0,0.300304,-0.0309447,0
2.8,1,0,0.300316,-0.0309973,0
2.8,1.1,0,0.300311,-0.0310588,0
2.8,1.2,0,0.300304,-0.0311158,0
2.8,1.3,0,0.300288,-0.0311858,0
2.8,1.4,0,0.300258,-0.031248,0
2.8,1.5,0,0.300229,-0.0313161,0
2.8,1.6,0,0.300173,-0.0313864,0
2.8,1.7,0,0.300115,-0.0314503,0
2.8,1.8,0,0.300041,-0.031527,0
2.8,1.9,0,0.29995,-0.031588,0
2.8,2,0,0.299857,-0.0316566,0
2.8,2.1,0,0.299727,-0.0317178,0
2.8,2.2,0,0.299597,-0.0317704,0
2.8,2.3,0,0.299438,-0.0318337,0
2.8,2.4,0,0.299261,-0.0318712,0
2.8,2.5,0,0.299076,-0.0319182,0
2.8,2.6,0,0.298844,-0.0319434,0
2.8,2.7,0,0.298613,-0.0319576,0
2.8,2.8,0,0.298335,-0.031978,0
2.8,2.9,0,0.29804,-0.0319589,0
2.8,3,0,0.297729,-0.0319511,0
2.8,3.1,0,0.297358,-0.0319004,0
2.8,3.2,0,0.29699,-0.0318359,0
2.8,3.3,0,0.296554,-0.0317686,0
2.8,3.4,0,0.296104,-0.0316435,0
2.8,3.5,0,0.295626,-0.0315301,0
2.8,3.6,0,0.295075,-0.0313443,0
2.8,3.7,0,0.294533,-0.0311402,0
2.8,3.8,0,0.293892,-0.0309174,0
2.8,3.9,0,0.29325,-0.0306115,0
2.8,4,0,0.292562,-0.0303113,0
2.8,4.1,0,0.291798,-0.0299027,0
2.8,4.2,0,0.291051,-0.0294664,0
2.8,4.3,0,0.290173,-0.0289793,0
2.8,4.4,0,0.289322,-0.0283794,0
2.8,4.5,0,0.288393,-0.027763,0
2.8,4.6,0,0.28743,-0.0270033,0
2.8,4.7,0,0.286486,-0.026208,0
2.8,4.8,0,0.28539,-0.0252976,0
2.8,4.9,0,0.284581,-0.0244946,0
2.8,5,0,0.283771,-0.0237653,0
2.8,5.1,0,0.282119,-0.021952,0
2.8,5.2,0,0.281005,-0.0205817,0
2.8,5.3,0,0.279898,-0.0190828,0
2.8,5.4,0,0.27881,-0.0174505,0
2.8,5.5,0,0.277757,-0.0156823,0
2.8,5.6,0,0.276756,-0.0137776,0
2.8,5.7,0,0.275825,-0.0117384,0
2.8,5.8,0,0.274984,-0.00956959,0
2.8,5.9,0,0.274252,-0.00727976,0
2.8,6,0,0.27365,-0.00488141,0
2.8,6.1,0,0.273196,-0.00239111,0
2.8,6.2,0,0.272905,0.000170642,0
2.8,6.3,0,0.272791,0.00277979,0
2.8,6.4,0,0.272861,0.00540944,0
2.8,6.5,0,0.273121,0.00803076,0
2.8,6.6,0,0.273571,0.010614,0
2.8,6.7,0,0.274204,0.0131299,0
2.8,6.8,0,0.275009,0.0155501,0
2.8,6.9,0,0.275975,0.0178507,0
2.8,7,0,0.27776,0.0211644,0
2.8,7.1,0,0.278614,0.0223646,0
2.8,7.2,0,0.279593,0.0237253,0
2.8,7.3,0,0.28098,0.0253915,0
2.8,7.4,0,0.282356,0.0267916,0
2.8,7.5,0,0.283694,0.0281191,0
2.8,7.6,0,0.285276,0.0293357,0
2.8,7.7,0,0.28664,0.0302723,0
2.8,7.8,0,0.287977,0.0311628,0
2.8,7.9,0,0.289472,0.0318461,0
2.8,8,0,0.290704,0.0323667,0
2.8,8.1,0,0.291947,0.0328388,0
2.8,8.2,0,0.293206,0.0331201,0
2.8,8.3,0,0.294245,0.033321,0
2.8,8.4,0,0.295311,0.033461,0
2.8,8.5,0,0.296295,0.0334567,0
2.8,8.6,0,0.29714,0.033434,0
2.8,8.7,0,0.298002,0.0333381,0
2.8,8.8,0,0.298732,0.03315,0
2.8,8.9,0,0.299386,0.0329738,0
2.8,9,0,0.300043,0.0327227,0
2.8,9.1,0,0.300558,0.0324266,0
2.8,9.2,0,0.301042,0.0321522,0
2.8,9.3,0,0.301502,0.0318056,0
2.8,9.4,0,0.301852,0.0314565,0
2.8,9.5,0,0.302187,0.0311258,0
2.8,9.6,0,0.302481,0.0307299,0
2.8,9.7,0,0.302698,0.0303626,0
2.8,9.8,0,0.30291,0.0300025,0
2.8,9.9,0,0.303069,0.0295949,0
2.8,10,0,0.303181,0.0292318,0
2.8,10.1,0,0.303291,0.0288627,0
2.8,10.2,0,0.303343,0.0284727,0
2.8,10.3,0,0.303376,0.028125,0
2.8,10.4,0,0.303403,0.0277651,0
2.8,10.5,0,0.303376,0.0274089,0
2.8,10.6,0,0.303346,0.0270845,0
2.8,10.7,0,0.303309,0.0267467,0
2.8,10.8,0,0.303223,0.0264326,0
2.8,10.9,0,0.303145,0.0261391,0
2.8,11,0,0.303052,0.0258354,0
2.8,11.1,0,0.302928,0.0255654,0
2.8,11.2,0,0.302813,0.0253082,0
2.8,11.3,0,0.302676,0.0250467,0
2.8,11.4,0,0.302527,0.0248219,0
2.8,11.5,0,0.302384,0.0246046,0
2.8,11.6,0,0.302215,0.0243905,0
2.8,11.7,0,0.302048,0.0242121,0
2.8,11.8,0,0.301883,0.0240363,0
2.8,11.9,0,0.301691,0.0238736,0
2.8,12,0,0.301516,0.0237413,0
2.8,12.1,0,0.301336,0.0236081,0
2.8,12.2,0,0.30114,0.0234976,0
2.8,12.3,0,0.30097,0.0234067,0
2.8,12.4,0,0.3008,0.0233138,0
2.8,12.5,0,0.300649,0.0232558,0
2.8,12.6,0,0.300569,0.0232201,0
2.8,12.7,0,0.300537,0.0231943,0
2.9,0,0,0.300112,-0.0317296,0
2.9,0.1,0,0.30011,-0.0317373,0
2.9,0.2,0,0.300141,-0.031752,0
2.9,0.3,0,0.300179,-0.0317754,0
2.9,0.4,0,0.300218,-0.0318081,0
2.9,0.5,0,0.300257,-0.0318385,0
2.9,0.6,0,0.300287,-0.0318824,0
2.9,0.7,0,0.30032,-0.0319295,0
2.9,0.8,0,0.300343,-0.0319796,0
2.9,0.9,0,0.300362,-0.0320394,0
2.9,1,0,0.300377,-0.0320961,0
2.9,1.1,0,0.300375,-0.0321621,0
2.9,1.2,0,0.300372,-0.0322334,0
2.9,1.3,0,0.300357,-0.0323034,0
2.9,1.4,0,0.300332,-0.0323824,0
2.9,1.5,0,0.300303,-0.0324562,0
2.9,1.6,0,0.300249,-0.0325331,0
2.9,1.7,0,0.300191,-0.0326169,0
2.9,1.8,0,0.300116,-0.0326936,0
2.9,1.9,0,0.300025,-0.0327772,0
2.9,2,0,0.299928,-0.0328534,0
2.9,2.1,0,0.299799,-0.0329232,0
2.9,2.2,0,0.299658,-0.0330015,0
2.9,2.3,0,0.299499,-0.0330648,0
2.9,2.4,0,0.299314,-0.0331314,0
2.9,2.5,0,0.29912,-0.0331878,0
2.9,2.6,0,0.298886,-0.033224,0
2.9,2.7,0,0.29863,-0.0332701,0
2.9,2.8,0,0.298352,-0.0332904,0
2.9,2.9,0,0.298036,-0.0333073,0
2.9,3,0,0.297709,-0.0333107,0
2.9,3.1,0,0.297333,-0.033274,0
2.9,3.2,0,0.296918,-0.0332469,0
2.9,3.3,0,0.296482,-0.0331796,0
2.9,3.4,0,0.295991,-0.0330977,0
2.9,3.5,0,0.295486,-0.032996,0
2.9,3.6,0,0.294925,-0.0328285,0
2.9,3.7,0,0.294302,-0.032663,0
2.9,3.8,0,0.293662,-0.0324403,0
2.9,3.9,0,0.292949,-0.0321844,0
2.9,4,0,0.292214,-0.0318901,0
2.9,4.1,0,0.291435,-0.0315092,0
2.9,4.2,0,0.290553,-0.0310947,0
2.9,4.3,0,0.289675,-0.0306076,0
2.9,4.4,0,0.288708,-0.030059,0
2.9,4.5,0,0.287701,-0.029426,0
2.9,4.6,0,0.286719,-0.028702,0
2.9,4.7,0,0.285551,-0.0278814,0
2.9,4.8,0,0.284454,-0.026971,0
2.9,4.9,0,0.283411,-0.0260801,0
2.9,5,0,0.282602,-0.0254245,0
2.9,5.1,0,0.280756,-0.0235823,0
2.9,5.2,0,0.279508,-0.0221792,0
2.9,5.3,0,0.278265,-0.020633,0
2.9,5.4,0,0.277038,-0.0189361,0
2.9,5.5,0,0.275845,-0.0170835,0
2.9,5.6,0,0.274704,-0.0150726,0
2.9,5.7,0,0.273636,-0.012904,0
2.9,5.8,0,0.272663,-0.0105825,0
2.9,5.9,0,0.271808,-0.00811712,0
2.9,6,0,0.271097,-0.00552206,0
2.9,6.1,0,0.270552,-0.00281634,0
2.9,6.2,0,0.270194,-2.37945e-05,0
2.9,6.3,0,0.27004,0.00282747,0
2.9,6.4,0,0.270103,0.00570585,0
2.9,6.5,0,0.270388,0.00857739,0
2.9,6.6,0,0.270896,0.011407,0
2.9,6.7,0,0.271621,0.01416,0
2.9,6.8,0,0.272549,0.0168032,0
2.9,6.9,0,0.273664,0.0193086,0
2.9,7,0,0.275725,0.0228917,0
2.9,7.1,0,0.276486,0.0239708,0
2.9,7.2,0,0.277824,0.0255608,0
2.9,7.3,0,0.279379,0.0273667,0
2.9,7.4,0,0.280812,0.0288664,0
2.9,7.5,0,0.282572,0.030241,0
2.9,7.6,0,0.284202,0.0314511,0
2.9,7.7,0,0.285694,0.0324773,0
2.9,7.8,0,0.287348,0.0332735,0
2.9,7.9,0,0.288843,0.0339568,0
2.9,8,0,0.290253,0.0345191,0
2.9,8.1,0,0.291669,0.034855,0
2.9,8.2,0,0.292932,0.0351383,0
2.9,8.3,0,0.294157,0.0353196,0
2.9,8.4,0,0.295296,0.0353376,0
2.9,8.5,0,0.296303,0.0353365,0
2.9,8.6,0,0.297289,0.0352357,0
2.9,8.7,0,0.298171,0.035057,0
2.9,8.8,0,0.298932,0.0348622,0
2.9,8.9,0,0.299671,0.0345789,0
2.9,9,0,0.300332,0.0342825,0
2.9,9.1,0,0.300878,0.0339663,0
2.9,9.2,0,0.301401,0.0335829,0
2.9,9.3,0,0.301862,0.0332157,0
2.9,9.4,0,0.302235,0.0328312,0
2.9,9.5,0,0.302581,0.0324069,0
2.9,9.6,0,0.302875,0.0320056,0
2.9,9.7,0,0.303103,0.0315883,0
2.9,9.8,0,0.303311,0.031161,0
2.9,9.9,0,0.30347,0.0307533,0
2.9,10,0,0.303582,0.0303323,0
2.9,10.1,0,0.303681,0.029921,0
2.9,10.2,0,0.303733,0.0295277,0
2.9,10.3,0,0.303753,0.029122,0
2.9,10.4,0,0.30377,0.0287389,0
2.9,10.5,0,0.30374,0.0283743,0
2.9,10.6,0,0.303689,0.028,0
2.9,10.7,0,0.303643,0.0276499,0
2.9,10.8,0,0.303551,0.0273238,0
2.9,10.9,0,0.303447,0.0269905,0
2.9,11,0,0.303349,0.0266802,0
2.9,11.1,0,0.303214,0.0263958,0
2.9,11.2,0,0.303071,0.026108,0
2.9,11.3,0,0.302931,0.0258439,0
2.9,11.4,0,0.302765,0.0256022,0
2.9,11.5,0,0.302595,0.0253638,0
2.9,11.6,0,0.302425,0.0251493,0
2.9,11.7,0,0.302235,0.024953,0
2.9,11.8,0,0.302047,0.0247653,0
2.9,11.9,0,0.301855,0.0246025,0
2.9,12,0,0.301649,0.0244534,0
2.9,12.1,0,0.301454,0.0243144,0
2.9,12.2,0,0.301252,0.0242027,0
2.9,12.3,0,0.301046,0.024099,0
2.9,12.4,0,0.300874,0.0240034,0
2.9,12.5,0,0.300695,0.0239388,0
2.9,12.6,0,0.300587,0.0238952,0
2.9,12.7,0,0.300591,0.0238768,0
3,0,0,0.300129,-0.0327899,0
3,0.1,0,0.300151,-0.0328034,0
3,0.2,0,0.300173,-0.0328169,0
3,0.3,0,0.300206,-0.032841,0
3,0.4,0,0.30025,-0.0328757,0
3,0.5,0,0.300293,-0.0329105,0
3,0.6,0,0.30033,-0.0329604,0
3,0.7,0,0.300366,-0.0330102,0
3,0.8,0,0.300395,-0.0330671,0
3,0.9,0,0.300416,-0.033131,0
3,1,0,0.300437,-0.0331948,0
3,1.1,0,0.300438,-0.0332706,0
3,1.2,0,0.300439,-0.0333464,0
3,1.3,0,0.300427,-0.0334268,0
3,1.4,0,0.300402,-0.0335116,0
3,1.5,0,0.300377,-0.0335964,0
3,1.6,0,0.30032,-0.0336866,0
3,1.7,0,0.300264,-0.0337769,0
3,1.8,0,0.300188,-0.0338677,0
3,1.9,0,0.300094,-0.0339589,0
3,2,0,0.299999,-0.0340502,0
3,2.1,0,0.299859,-0.0341371,0
3,2.2,0,0.299719,-0.034224,0
3,2.3,0,0.299552,-0.0343054,0
3,2.4,0,0.299358,-0.0343814,0
3,2.5,0,0.299164,-0.0344574,0
3,2.6,0,0.298906,-0.0345144,0
3,2.7,0,0.298648,-0.0345715,0
3,2.8,0,0.298353,-0.0346141,0
3,2.9,0,0.298021,-0.0346422,0
3,3,0,0.297689,-0.0346703,0
3,3.1,0,0.29727,-0.0346571,0
3,3.2,0,0.296851,-0.0346439,0
3,3.3,0,0.296382,-0.0346023,0
3,3.4,0,0.295864,-0.0345321,0
3,3.5,0,0.295345,-0.0344619,0
3,3.6,0,0.294713,-0.0343147,0
3,3.7,0,0.294081,-0.0341676,0
3,3.8,0,0.293386,-0.033969,0
3,3.9,0,0.292626,-0.0337189,0
3,4,0,0.291867,-0.0334689,0
3,4.1,0,0.290969,-0.0330821,0
3,4.2,0,0.29007,-0.0326953,0
3,4.3,0,0.289099,-0.0322193,0
3,4.4,0,0.288054,-0.0316541,0
3,4.5,0,0.287009,-0.031089,0
3,4.6,0,0.285821,-0.0303041,0
3,4.7,0,0.284634,-0.0295193,0
3,4.8,0,0.283518,-0.0287182,0
3,4.9,0,0.282476,-0.027901,0
3,5,0,0.281433,-0.0270838,0
3,5.1,0,0.279393,-0.0252126,0
3,5.2,0,0.278012,-0.0237767,0
3,5.3,0,0.276631,-0.0221832,0
3,5.4,0,0.275266,-0.0204217,0
3,5.5,0,0.273933,-0.0184846,0
3,5.6,0,0.272653,-0.0163675,0
3,5.7,0,0.271448,-0.0140696,0
3,5.8,0,0.270342,-0.0115953,0
3,5.9,0,0.269365,-0.00895448,0
3,6,0,0.268544,-0.00616271,0
3,6.1,0,0.267908,-0.00324157,0
3,6.2,0,0.267483,-0.000218231,0
3,6.3,0,0.26729,0.00287515,0
3,6.4,0,0.267345,0.00600227,0
3,6.5,0,0.267655,0.00912402,0
3,6.6,0,0.268222,0.0121999,0
3,6.7,0,0.269038,0.01519,0
3,6.8,0,0.270089,0.0180562,0
3,6.9,0,0.271353,0.0207665,0
3,7,0,0.27369,0.0246191,0
3,7.1,0,0.275049,0.0261973,0
3,7.2,0,0.276409,0.0277754,0
3,7.3,0,0.277834,0.0293345,0
3,7.4,0,0.279633,0.030785,0
3,7.5,0,0.281433,0.0322355,0
3,7.6,0,0.283209,0.0335177,0
3,7.7,0,0.284932,0.0344074,0
3,7.8,0,0.286654,0.0352971,0
3,7.9,0,0.288287,0.035977,0
3,8,0,0.28981,0.0364004,0
3,8.1,0,0.291334,0.0368238,0
3,8.2,0,0.292705,0.0370403,0
3,8.3,0,0.293975,0.0371188,0
3,8.4,0,0.295244,0.0371973,0
3,8.5,0,0.296316,0.0370962,0
3,8.6,0,0.297322,0.0369352,0
3,8.7,0,0.298328,0.0367742,0
3,8.8,0,0.299113,0.036474,0
3,8.9,0,0.299873,0.0361582,0
3,9,0,0.300622,0.0358379,0
3,9.1,0,0.301166,0.0354322,0
3,9.2,0,0.301711,0.0350265,0
3,9.3,0,0.30222,0.0346123,0
3,9.4,0,0.302585,0.0341636,0
3,9.5,0,0.30295,0.033715,0
3,9.6,0,0.303264,0.0332627,0
3,9.7,0,0.303483,0.0328035,0
3,9.8,0,0.303702,0.0323444,0
3,9.9,0,0.303863,0.0318909,0
3,10,0,0.303966,0.0314432,0
3,10.1,0,0.304069,0.0309954,0
3,10.2,0,0.304113,0.0305646,0
3,10.3,0,0.304126,0.0301427,0
3,10.4,0,0.304138,0.0297209,0
3,10.5,0,0.304094,0.0293275,0
3,10.6,0,0.304036,0.0289412,0
3,10.7,0,0.303978,0.0285549,0
3,10.8,0,0.30387,0.0282082,0
3,10.9,0,0.303759,0.0278636,0
3,11,0,0.303644,0.0275235,0
3,11.1,0,0.303492,0.0272245,0
3,11.2,0,0.30334,0.0269255,0
3,11.3,0,0.303181,0.0266384,0
3,11.4,0,0.303,0.0263875,0
3,11.5,0,0.302818,0.0261366,0
3,11.6,0,0.302628,0.0259055,0
3,11.7,0,0.302425,0.0257043,0
3,11.8,0,0.302221,0.025503,0
3,11.9,0,0.302011,0.025329,0
3,12,0,0.301795,0.0251772,0
3,12.1,0,0.301579,0.0250254,0
3,12.2,0,0.301369,0.0249059,0
3,12.3,0,0.301161,0.0248002,0
3,12.4,0,0.300954,0.0246946,0
3,12.5,0,0.30084,0.0246431,0
3,12.6,0,0.300743,0.0246012,0
3,12.7,0,0.300646,0.0245593,0
3.1,0,0,0.30015,-0.0338328,0
3.1,0.1,0,0.300147,-0.0338425,0
3.1,0.2,0,0.300186,-0.0338598,0
3.1,0.3,0,0.300238,-0.0338905,0
3.1,0.4,0,0.300284,-0.0339279,0
3.1,0.5,0,0.30034,-0.0339671,0
3.1,0.6,0,0.300385,-0.0340235,0
3.1,0.7,0,0.300426,-0.0340768,0
3.1,0.8,0,0.300463,-0.0341413,0
3.1,0.9,0,0.300488,-0.0342093,0
3.1,1,0,0.300516,-0.0342823,0
3.1,1.1,0,0.300524,-0.0343686,0
3.1,1.2,0,0.300527,-0.03445,0
3.1,1.3,0,0.300521,-0.0345422,0
3.1,1.4,0,0.300499,-0.0346334,0
3.1,1.5,0,0.300477,-0.0347314,0
3.1,1.6,0,0.300427,-0.0348367,0
3.1,1.7,0,0.30037,-0.0349347,0
3.1,1.8,0,0.300297,-0.035042,0
3.1,1.9,0,0.300205,-0.035142,0
3.1,2,0,0.300106,-0.0352509,0
3.1,2.1,0,0.299969,-0.0353582,0
3.1,2.2,0,0.299824,-0.0354551,0
3.1,2.3,0,0.299654,-0.0355582,0
3.1,2.4,0,0.299461,-0.0356459,0
3.1,2.5,0,0.299252,-0.0357446,0
3.1,2.6,0,0.298995,-0.0358282,0
3.1,2.7,0,0.298726,-0.0358981,0
3.1,2.8,0,0.298419,-0.0359684,0
3.1,2.9,0,0.298086,-0.0360115,0
3.1,3,0,0.297723,-0.0360688,0
3.1,3.1,0,0.297299,-0.0360885,0
3.1,3.2,0,0.29686,-0.0360921,0
3.1,3.3,0,0.296366,-0.0360848,0
3.1,3.4,0,0.295843,-0.0360321,0
3.1,3.5,0,0.29527,-0.0360015,0
3.1,3.6,0,0.294622,-0.0358891,0
3.1,3.7,0,0.293955,-0.0357664,0
3.1,3.8,0,0.293211,-0.0356066,0
3.1,3.9,0,0.292438,-0.035371,0
3.1,4,0,0.291591,-0.0351852,0
3.1,4.1,0,0.290647,-0.0348109,0
3.1,4.2,0,0.289695,-0.0344685,0
3.1,4.3,0,0.288632,-0.0340261,0
3.1,4.4,0,0.287548,-0.03345,0
3.1,4.5,0,0.286383,-0.033011,0
3.1,4.6,0,0.285061,-0.0321449,0
3.1,4.7,0,0.283814,-0.0314469,0
3.1,4.8,0,0.282397,-0.030549,0
3.1,4.9,0,0.281112,-0.029548,0
3.1,5,0,0.280304,-0.029137,0
3.1,5.1,0,0.278041,-0.0272534,0
3.1,5.2,0,0.276487,-0.0257891,0
3.1,5.3,0,0.274916,-0.0241494,0
3.1,5.4,0,0.273345,-0.022322,0
3.1,5.5,0,0.271794,-0.0202974,0
3.1,5.6,0,0.270289,-0.0180681,0
3.1,5.7,0,0.268861,-0.0156303,0
3.1,5.8,0,0.267541,-0.0129849,0
3.1,5.9,0,0.266365,-0.0101388,0
3.1,6,0,0.26537,-0.00710606,0
3.1,6.1,0,0.264591,-0.00390942,0
3.1,6.2,0,0.264058,-0.000579784,0
3.1,6.3,0,0.263799,0.00284424,0
3.1,6.4,0,0.263832,0.00631789,0
3.1,6.5,0,0.264167,0.00979218,0
3.1,6.6,0,0.264807,0.013216,0
3.1,6.7,0,0.265742,0.0165381,0
3.1,6.8,0,0.266953,0.0197096,0
3.1,6.9,0,0.268416,0.0226883,0
3.1,7,0,0.271126,0.0268702,0
3.1,7.1,0,0.272672,0.0281513,0
3.1,7.2,0,0.274155,0.0298497,0
3.1,7.3,0,0.27597,0.0318888,0
3.1,7.4,0,0.278449,0.0333785,0
3.1,7.5,0,0.280231,0.0348664,0
3.1,7.6,0,0.282151,0.0361668,0
3.1,7.7,0,0.284351,0.0369412,0
3.1,7.8,0,0.286059,0.0378726,0
3.1,7.9,0,0.287852,0.0384834,0
3.1,8,0,0.289641,0.0387411,0
3.1,8.1,0,0.291174,0.0392058,0
3.1,8.2,0,0.292697,0.0392982,0
3.1,8.3,0,0.294097,0.0392449,0
3.1,8.4,0,0.295387,0.0393353,0
3.1,8.5,0,0.296581,0.0390905,0
3.1,8.6,0,0.297647,0.0388517,0
3.1,8.7,0,0.298664,0.0386583,0
3.1,8.8,0,0.299538,0.0382256,0
3.1,8.9,0,0.300321,0.037864,0
3.1,9,0,0.301069,0.0374816,0
3.1,9.1,0,0.301675,0.0369706,0
3.1,9.2,0,0.30222,0.0365325,0
3.1,9.3,0,0.302724,0.036048,0
3.1,9.4,0,0.30312,0.035523,0
3.1,9.5,0,0.303475,0.0350434,0
3.1,9.6,0,0.303781,0.034527,0
3.1,9.7,0,0.304011,0.0340158,0
3.1,9.8,0,0.304215,0.0335222,0
3.1,9.9,0,0.304365,0.0330142,0
3.1,10,0,0.304467,0.0325311,0
3.1,10.1,0,0.304553,0.0320489,0
3.1,10.2,0,0.304582,0.0315722,0
3.1,10.3,0,0.304589,0.0311273,0
3.1,10.4,0,0.30458,0.0306732,0
3.1,10.5,0,0.304518,0.0302409,0
3.1,10.6,0,0.304452,0.0298385,0
3.1,10.7,0,0.304372,0.0294257,0
3.1,10.8,0,0.304243,0.0290452,0
3.1,10.9,0,0.304122,0.0286893,0
3.1,11,0,0.303985,0.0283282,0
3.1,11.1,0,0.30381,0.0280001,0
3.1,11.2,0,0.303649,0.0276941,0
3.1,11.3,0,0.303468,0.0273899,0
3.1,11.4,0,0.303264,0.0271169,0
3.1,11.5,0,0.303071,0.0268605,0
3.1,11.6,0,0.302858,0.026615,0
3.1,11.7,0,0.302635,0.0263982,0
3.1,11.8,0,0.302418,0.0261927,0
3.1,11.9,0,0.302182,0.0260069,0
3.1,12,0,0.301949,0.0258455,0
3.1,12.1,0,0.301718,0.0256901,0
3.1,12.2,0,0.301474,0.025562,0
3.1,12.3,0,0.301248,0.0254518,0
3.1,12.4,0,0.30104,0.0253411,0
3.1,12.5,0,0.300823,0.025265,0
3.1,12.6,0,0.300705,0.0252179,0
3.1,12.7,0,0.300709,0.0251973,0
3.2,0,0,0.300172,-0.0348756,0
3.2,0.1,0,0.300186,-0.0348892,0
3.2,0.2,0,0.300216,-0.0349067,0
3.2,0.3,0,0.300268,-0.0349373,0
3.2,0.4,0,0.300329,-0.0349818,0
3.2,0.5,0,0.300387,-0.0350237,0
3.2,0.6,0,0.300436,-0.0350836,0
3.2,0.7,0,0.300489,-0.0351468,0
3.2,0.8,0,0.300527,-0.0352113,0
3.2,0.9,0,0.300563,-0.0352926,0
3.2,1,0,0.300595,-0.0353697,0
3.2,1.1,0,0.300605,-0.0354616,0
3.2,1.2,0,0.300618,-0.035559,0
3.2,1.3,0,0.300612,-0.0356513,0
3.2,1.4,0,0.300596,-0.035762,0
3.2,1.5,0,0.300577,-0.0358665,0
3.2,1.6,0,0.300527,-0.0359795,0
3.2,1.7,0,0.300476,-0.0361002,0
3.2,1.8,0,0.300402,-0.0362075,0
3.2,1.9,0,0.300308,-0.036334,0
3.2,2,0,0.300212,-0.0364517,0
3.2,2.1,0,0.300071,-0.036569,0
3.2,2.2,0,0.299925,-0.0366963,0
3.2,2.3,0,0.299755,-0.0367994,0
3.2,2.4,0,0.299548,-0.0369215,0
3.2,2.5,0,0.299341,-0.0370319,0
3.2,2.6,0,0.299073,-0.0371283,0
3.2,2.7,0,0.298794,-0.0372375,0
3.2,2.8,0,0.298486,-0.0373079,0
3.2,2.9,0,0.298122,-0.037395,0
3.2,3,0,0.297758,-0.0374672,0
3.2,3.1,0,0.297314,-0.0375038,0
3.2,3.2,0,0.296849,-0.037557,0
3.2,3.3,0,0.296355,-0.0375497,0
3.2,3.4,0,0.295773,-0.0375542,0
3.2,3.5,0,0.295195,-0.0375412,0
3.2,3.6,0,0.294512,-0.0374532,0
3.2,3.7,0,0.293794,-0.0373897,0
3.2,3.8,0,0.29305,-0.03723,0
3.2,3.9,0,0.292175,-0.037073,0
3.2,4,0,0.291315,-0.0369016,0
3.2,4.1,0,0.290318,-0.0365717,0
3.2,4.2,0,0.289267,-0.0362861,0
3.2,4.3,0,0.288204,-0.0358437,0
3.2,4.4,0,0.286961,-0.035383,0
3.2,4.5,0,0.285757,-0.0349331,0
3.2,4.6,0,0.284376,-0.0341538,0
3.2,4.7,0,0.282935,-0.0334613,0
3.2,4.8,0,0.281518,-0.0325634,0
3.2,4.9,0,0.280225,-0.031785,0
3.2,5,0,0.279174,-0.0311903,0
3.2,5.1,0,0.276689,-0.0292942,0
3.2,5.2,0,0.274963,-0.0278015,0
3.2,5.3,0,0.273202,-0.0261156,0
3.2,5.4,0,0.271424,-0.0242224,0
3.2,5.5,0,0.269654,-0.0221101,0
3.2,5.6,0,0.267926,-0.0197687,0
3.2,5.7,0,0.266274,-0.017191,0
3.2,5.8,0,0.264739,-0.0143745,0
3.2,5.9,0,0.263366,-0.011323,0
3.2,6,0,0.262197,-0.00804942,0
3.2,6.1,0,0.261274,-0.00457726,0
3.2,6.2,0,0.260633,-0.000941338,0
3.2,6.3,0,0.260307,0.00281333,0
3.2,6.4,0,0.260319,0.00663351,0
3.2,6.5,0,0.26068,0.0104603,0
3.2,6.6,0,0.261392,0.014232,0
3.2,6.7,0,0.262446,0.0178861,0
3.2,6.8,0,0.263818,0.0213629,0
3.2,6.9,0,0.265479,0.0246101,0
3.2,7,0,0.268563,0.0291214,0
3.2,7.1,0,0.270253,0.0306423,0
3.2,7.2,0,0.272137,0.0324812,0
3.2,7.3,0,0.274004,0.0344371,0
3.2,7.4,0,0.276467,0.0359765,0
3.2,7.5,0,0.278913,0.0375515,0
3.2,7.6,0,0.280921,0.0388571,0
3.2,7.7,0,0.283195,0.0396612,0
3.2,7.8,0,0.28545,0.0404871,0
3.2,7.9,0,0.287243,0.0410979,0
3.2,8,0,0.289164,0.0413303,0
3.2,8.1,0,0.29102,0.0416102,0
3.2,8.2,0,0.292543,0.041703,0
3.2,8.3,0,0.294079,0.0415508,0
3.2,8.4,0,0.295536,0.0414766,0
3.2,8.5,0,0.296731,0.041226,0
3.2,8.6,0,0.297902,0.0408365,0
3.2,8.7,0,0.299001,0.0405392,0
3.2,8.8,0,0.299874,0.0400867,0
3.2,8.9,0,0.300728,0.0395675,0
3.2,9,0,0.301514,0.0391306,0
3.2,9.1,0,0.302112,0.0385872,0
3.2,9.2,0,0.302703,0.0380087,0
3.2,9.3,0,0.303221,0.0375,0
3.2,9.4,0,0.303607,0.0369304,0
3.2,9.5,0,0.303985,0.0363374,0
3.2,9.6,0,0.304293,0.0358145,0
3.2,9.7,0,0.304508,0.0352474,0
3.2,9.8,0,0.304717,0.0346731,0
3.2,9.9,0,0.304867,0.0341651,0
3.2,10,0,0.304948,0.0336215,0
3.2,10.1,0,0.305028,0.033087,0
3.2,10.2,0,0.305055,0.0326076,0
3.2,10.3,0,0.305034,0.0321044,0
3.2,10.4,0,0.305017,0.0316186,0
3.2,10.5,0,0.30495,0.0311802,0
3.2,10.6,0,0.304853,0.0307272,0
3.2,10.7,0,0.304765,0.0302952,0
3.2,10.8,0,0.304627,0.029907,0
3.2,10.9,0,0.304474,0.0295082,0
3.2,11,0,0.30433,0.0291359,0
3.2,11.1,0,0.304143,0.0287999,0
3.2,11.2,0,0.303947,0.028457,0
3.2,11.3,0,0.303761,0.0281476,0
3.2,11.4,0,0.30354,0.0278649,0
3.2,11.5,0,0.303312,0.0275791,0
3.2,11.6,0,0.303099,0.0273328,0
3.2,11.7,0,0.302852,0.0271054,0
3.2,11.8,0,0.302605,0.0268795,0
3.2,11.9,0,0.30237,0.0266937,0
3.2,12,0,0.302108,0.0265215,0
3.2,12.1,0,0.301853,0.0263535,0
3.2,12.2,0,0.301608,0.0262247,0
3.2,12.3,0,0.301358,0.0261036,0
3.2,12.4,0,0.301126,0.0259868,0
3.2,12.5,0,0.300938,0.0259167,0
3.2,12.6,0,0.300821,0.025868,0
3.2,12.7,0,0.300773,0.0258353,0
3.3,0,0,0.300196,-0.0359076,0
3.3,0.1,0,0.30021,-0.0359224,0
3.3,0.2,0,0.300241,-0.0359399,0
3.3,0.3,0,0.300311,-0.0359792,0
3.3,0.4,0,0.300372,-0.0360237,0
3.3,0.5,0,0.30044,-0.0360705,0
3.3,0.6,0,0.300499,-0.0361377,0
3.3,0.7,0,0.300552,-0.036201,0
3.3,0.8,0,0.300607,-0.0362817,0
3.3,0.9,0,0.300643,-0.036363,0
3.3,1,0,0.300684,-0.0364494,0
3.3,1.1,0,0.300702,-0.0365527,0
3.3,1.2,0,0.300715,-0.0366502,0
3.3,1.3,0,0.300722,-0.0367677,0
3.3,1.4,0,0.300706,-0.0368785,0
3.3,1.5,0,0.300693,-0.0369966,0
3.3,1.6,0,0.300646,-0.0371259,0
3.3,1.7,0,0.300595,-0.0372466,0
3.3,1.8,0,0.300527,-0.0373888,0
3.3,1.9,0,0.300433,-0.0375153,0
3.3,2,0,0.300338,-0.0376518,0
3.3,2.1,0,0.300196,-0.0377908,0
3.3,2.2,0,0.300051,-0.0379181,0
3.3,2.3,0,0.299874,-0.0380677,0
3.3,2.4,0,0.299668,-0.0381898,0
3.3,2.5,0,0.299456,-0.0383248,0
3.3,2.6,0,0.299179,-0.0384497,0
3.3,2.7,0,0.2989,-0.0385589,0
3.3,2.8,0,0.29857,-0.0386901,0
3.3,2.9,0,0.298205,-0.0387773,0
3.3,3,0,0.297827,-0.0388812,0
3.3,3.1,0,0.297362,-0.0389559,0
3.3,3.2,0,0.296897,-0.0390092,0
3.3,3.3,0,0.296353,-0.0390828,0
3.3,3.4,0,0.295771,-0.0390873,0
3.3,3.5,0,0.295165,-0.0391125,0
3.3,3.6,0,0.294441,-0.0390813,0
3.3,3.7,0,0.293722,-0.0390178,0
3.3,3.8,0,0.292884,-0.0389716,0
3.3,3.9,0,0.292009,-0.0388146,0
3.3,4,0,0.291093,-0.0386737,0
3.3,4.1,0,0.290028,-0.0384513,0
3.3,4.2,0,0.288977,-0.0381657,0
3.3,4.3,0,0.287755,-0.0378883,0
3.3,4.4,0,0.286512,-0.0374276,0
3.3,4.5,0,0.285182,-0.0369377,0
3.3,4.6,0,0.28373,-0.0363804,0
3.3,4.7,0,0.282289,-0.0356879,0
3.3,4.8,0,0.280627,-0.0349389,0
3.3,4.9,0,0.279334,-0.0341605,0
3.3,5,0,0.278027,-0.0333655,0
3.3,5.1,0,0.275278,-0.0315,0
3.3,5.2,0,0.273357,-0.0300148,0
3.3,5.3,0,0.271386,-0.0283195,0
3.3,5.4,0,0.269386,-0.0263948,0
3.3,5.5,0,0.267382,-0.0242224,0
3.3,5.6,0,0.265409,-0.0217857,0
3.3,5.7,0,0.263506,-0.0190717,0
3.3,5.8,0,0.261717,-0.016073,0
3.3,5.9,0,0.260097,-0.0127911,0
3.3,6,0,0.258697,-0.00923894,0
3.3,6.1,0,0.257574,-0.00544312,0
3.3,6.2,0,0.256776,-0.00144422,0
3.3,6.3,0,0.256347,0.00270428,0
3.3,6.4,0,0.256315,0.00693855,0
3.3,6.5,0,0.256701,0.0111875,0
3.3,6.6,0,0.257506,0.015376,0
3.3,6.7,0,0.258719,0.0194285,0
3.3,6.8,0,0.260314,0.0232717,0
3.3,6.9,0,0.262255,0.0268422,0
3.3,7,0,0.26587,0.0317364,0
3.3,7.1,0,0.267399,0.0333649,0
3.3,7.2,0,0.269283,0.0352038,0
3.3,7.3,0,0.272065,0.0373784,0
3.3,7.4,0,0.274488,0.0390868,0
3.3,7.5,0,0.276934,0.0406618,0
3.3,7.6,0,0.279833,0.0419013,0
3.3,7.7,0,0.282108,0.0428241,0
3.3,7.8,0,0.284386,0.0436352,0
3.3,7.9,0,0.286852,0.0440054,0
3.3,8,0,0.288791,0.0442824,0
3.3,8.1,0,0.290755,0.0444207,0
3.3,8.2,0,0.292635,0.0442947,0
3.3,8.3,0,0.29417,0.0441424,0
3.3,8.4,0,0.295732,0.043843,0
3.3,8.5,0,0.297088,0.0434287,0
3.3,8.6,0,0.298259,0.0430393,0
3.3,8.7,0,0.299436,0.0425043,0
3.3,8.8,0,0.300371,0.0419488,0
3.3,8.9,0,0.301226,0.0414296,0
3.3,9,0,0.302059,0.0407919,0
3.3,9.1,0,0.302675,0.0401775,0
3.3,9.2,0,0.303266,0.039599,0
3.3,9.3,0,0.303802,0.0389298,0
3.3,9.4,0,0.304188,0.0383087,0
3.3,9.5,0,0.304566,0.0377157,0
3.3,9.6,0,0.304868,0.0370535,0
3.3,9.7,0,0.305079,0.0364592,0
3.3,9.8,0,0.305287,0.0358759,0
3.3,9.9,0,0.30541,0.0352513,0
3.3,10,0,0.305489,0.0347003,0
3.3,10.1,0,0.305561,0.0341434,0
3.3,10.2,0,0.305554,0.0335793,0
3.3,10.3,0,0.305533,0.0330761,0
3.3,10.4,0,0.305501,0.0325599,0
3.3,10.5,0,0.3054,0.0320653,0
3.3,10.6,0,0.305303,0.0316124,0
3.3,10.7,0,0.305191,0.0311457,0
3.3,10.8,0,0.305024,0.0307221,0
3.3,10.9,0,0.30487,0.0303232,0
3.3,11,0,0.304694,0.0299158,0
3.3,11.1,0,0.304484,0.0295585,0
3.3,11.2,0,0.304287,0.0292156,0
3.3,11.3,0,0.304062,0.0288726,0
3.3,11.4,0,0.303825,0.0285784,0
3.3,11.5,0,0.303597,0.0282926,0
3.3,11.6,0,0.303335,0.0280155,0
3.3,11.7,0,0.30308,0.0277834,0
3.3,11.8,0,0.302827,0.0275542,0
3.3,11.9,0,0.302541,0.0273449,0
3.3,12,0,0.302278,0.0271722,0
3.3,12.1,0,0.30201,0.0269988,0
3.3,12.2,0,0.301723,0.0268551,0
3.3,12.3,0,0.301474,0.026734,0
3.3,12.4,0,0.301225,0.0266104,0
3.3,12.5,0,0.301006,0.0265312,0
3.3,12.6,0,0.30089,0.0264825,0
3.3,12.7,0,0.300842,0.0264486,0
3.4,0,0,0.300224,-0.0369288,0
3.4,0.1,0,0.300221,-0.0369408,0
3.4,0.2,0,0.300279,-0.0369658,0
3.4,0.3,0,0.300349,-0.0370051,0
3.4,0.4,0,0.300423,-0.0370584,0
3.4,0.5,0,0.300499,-0.0371077,0
3.4,0.6,0,0.300563,-0.0371786,0
3.4,0.7,0,0.300632,-0.0372533,0
3.4,0.8,0,0.300687,-0.037334,0
3.4,0.9,0,0.300738,-0.0374298,0
3.4,1,0,0.300783,-0.0375213,0
3.4,1.1,0,0.300806,-0.0376306,0
3.4,1.2,0,0.300831,-0.0377463,0
3.4,1.3,0,0.300838,-0.0378638,0
3.4,1.4,0,0.300834,-0.0379964,0
3.4,1.5,0,0.300823,-0.0381218,0
3.4,1.6,0,0.30078,-0.0382597,0
3.4,1.7,0,0.300735,-0.0384061,0
3.4,1.8,0,0.300668,-0.0385483,0
3.4,1.9,0,0.300581,-0.0387048,0
3.4,2,0,0.300485,-0.0388512,0
3.4,2.1,0,0.300346,-0.0390019,0
3.4,2.2,0,0.300198,-0.0391636,0
3.4,2.3,0,0.300022,-0.0393132,0
3.4,2.4,0,0.299815,-0.0394753,0
3.4,2.5,0,0.299597,-0.0396233,0
3.4,2.6,0,0.299322,-0.0397639,0
3.4,2.7,0,0.299027,-0.0399184,0
3.4,2.8,0,0.298697,-0.0400496,0
3.4,2.9,0,0.298321,-0.04019,0
3.4,3,0,0.297931,-0.0403108,0
3.4,3.1,0,0.297465,-0.0404069,0
3.4,3.2,0,0.296964,-0.0405194,0
3.4,3.3,0,0.296419,-0.040593,0
3.4,3.4,0,0.295808,-0.0406696,0
3.4,3.5,0,0.295178,-0.0407154,0
3.4,3.6,0,0.294448,-0.0407165,0
3.4,3.7,0,0.29366,-0.0407267,0
3.4,3.8,0,0.292822,-0.0406805,0
3.4,3.9,0,0.291885,-0.0406265,0
3.4,4,0,0.290926,-0.0405017,0
3.4,4.1,0,0.289845,-0.0403423,0
3.4,4.2,0,0.288663,-0.0401228,0
3.4,4.3,0,0.28744,-0.0398454,0
3.4,4.4,0,0.286075,-0.0395439,0
3.4,4.5,0,0.284657,-0.039025,0
3.4,4.6,0,0.283194,-0.0386028,0
3.4,4.7,0,0.281459,-0.0378938,0
3.4,4.8,0,0.279796,-0.0371448,0
3.4,4.9,0,0.278183,-0.0364744,0
3.4,5,0,0.276862,-0.0356628,0
3.4,5.1,0,0.273807,-0.0338708,0
3.4,5.2,0,0.271669,-0.0324291,0
3.4,5.3,0,0.269471,-0.0307613,0
3.4,5.4,0,0.267232,-0.0288393,0
3.4,5.5,0,0.264978,-0.0266342,0
3.4,5.6,0,0.262739,-0.0241191,0
3.4,5.7,0,0.260555,-0.0212722,0
3.4,5.8,0,0.258474,-0.0180804,0
3.4,5.9,0,0.256557,-0.014543,0
3.4,6,0,0.254871,-0.0106746,0
3.4,6.1,0,0.253492,-0.00650699,0
3.4,6.2,0,0.252488,-0.00208843,0
3.4,6.3,0,0.251917,0.00251711,0
3.4,6.4,0,0.251822,0.00723301,0
3.4,6.5,0,0.25223,0.0119736,0
3.4,6.6,0,0.253147,0.0166482,0
3.4,6.7,0,0.254561,0.0211652,0
3.4,6.8,0,0.256442,0.025436,0
3.4,6.9,0,0.258745,0.0293846,0
3.4,7,0,0.263047,0.0347152,0
3.4,7.1,0,0.264311,0.036185,0
3.4,7.2,0,0.266996,0.0382564,0
3.4,7.3,0,0.270183,0.040592,0
3.4,7.4,0,0.272583,0.0424806,0
3.4,7.5,0,0.27587,0.0438464,0
3.4,7.6,0,0.278882,0.0450356,0
3.4,7.7,0,0.281265,0.0461309,0
3.4,7.8,0,0.284076,0.0465004,0
3.4,7.9,0,0.286543,0.0468706,0
3.4,8,0,0.28868,0.0472425,0
3.4,8.1,0,0.290881,0.0469709,0
3.4,8.2,0,0.292766,0.0468504,0
3.4,8.3,0,0.294502,0.046674,0
3.4,8.4,0,0.296139,0.0460825,0
3.4,8.5,0,0.297518,0.045678,0
3.4,8.6,0,0.29882,0.0451516,0
3.4,8.7,0,0.300004,0.0444526,0
3.4,8.8,0,0.300967,0.0438865,0
3.4,8.9,0,0.301876,0.0431917,0
3.4,9,0,0.302703,0.0424792,0
3.4,9.1,0,0.303341,0.0418316,0
3.4,9.2,0,0.303937,0.0410916,0
3.4,9.3,0,0.304466,0.0403931,0
3.4,9.4,0,0.304864,0.0397189,0
3.4,9.5,0,0.30522,0.039,0
3.4,9.6,0,0.305519,0.0383307,0
3.4,9.7,0,0.305725,0.0376685,0
3.4,9.8,0,0.305902,0.0370014,0
3.4,9.9,0,0.306026,0.0363768,0
3.4,10,0,0.306084,0.0357527,0
3.4,10.1,0,0.306129,0.0351464,0
3.4,10.2,0,0.306121,0.0345782,0
3.4,10.3,0,0.306067,0.0340057,0
3.4,10.4,0,0.306014,0.0334643,0
3.4,10.5,0,0.305907,0.0329597,0
3.4,10.6,0,0.305771,0.03245,0
3.4,10.7,0,0.305646,0.0319707,0
3.4,10.8,0,0.305468,0.0315332,0
3.4,10.9,0,0.305273,0.0310909,0
3.4,11,0,0.305088,0.0306771,0
3.4,11.1,0,0.304863,0.0303035,0
3.4,11.2,0,0.304625,0.0299286,0
3.4,11.3,0,0.304395,0.029583,0
3.4,11.4,0,0.304135,0.0292701,0
3.4,11.5,0,0.30387,0.028963,0
3.4,11.6,0,0.303607,0.0286857,0
3.4,11.7,0,0.303321,0.0284338,0
3.4,11.8,0,0.303038,0.028193,0
3.4,11.9,0,0.302753,0.0279837,0
3.4,12,0,0.30245,0.0277928,0
3.4,12.1,0,0.302163,0.0276138,0
3.4,12.2,0,0.301869,0.0274688,0
3.4,12.3,0,0.301572,0.0273341,0
3.4,12.4,0,0.301323,0.0272071,0
3.4,12.5,0,0.301065,0.0271186,0
3.4,12.6,0,0.300912,0.02706,0
3.4,12.7,0,0.300916,0.0270372,0
3.5,0,0,0.300252,-0.03795,0
3.5,0.1,0,0.300293,-0.0379722,0
3.5,0.2,0,0.300334,-0.0379944,0
3.5,0.3,0,0.300395,-0.0380334,0
3.5,0.4,0,0.300477,-0.0380891,0
3.5,0.5,0,0.300559,-0.0381448,0
3.5,0.6,0,0.300633,-0.0382233,0
3.5,0.7,0,0.300707,-0.0383017,0
3.5,0.8,0,0.300772,-0.0383914,0
3.5,0.9,0,0.300827,-0.0384923,0
3.5,1,0,0.300883,-0.0385932,0
3.5,1.1,0,0.300913,-0.0387149,0
3.5,1.2,0,0.300943,-0.0388365,0
3.5,1.3,0,0.300957,-0.0389673,0
3.5,1.4,0,0.300955,-0.0391072,0
3.5,1.5,0,0.300953,-0.0392471,0
3.5,1.6,0,0.300912,-0.0394021,0
3.5,1.7,0,0.300872,-0.0395571,0
3.5,1.8,0,0.300807,-0.0397178,0
3.5,1.9,0,0.300719,-0.0398842,0
3.5,2,0,0.300631,-0.0400506,0
3.5,2.1,0,0.300486,-0.040224,0
3.5,2.2,0,0.300342,-0.0403975,0
3.5,2.3,0,0.300163,-0.0405717,0
3.5,2.4,0,0.29995,-0.0407468,0
3.5,2.5,0,0.299738,-0.0409219,0
3.5,2.6,0,0.299445,-0.0410921,0
3.5,2.7,0,0.299152,-0.0412623,0
3.5,2.8,0,0.298811,-0.041426,0
3.5,2.9,0,0.298422,-0.0415832,0
3.5,3,0,0.298034,-0.0417404,0
3.5,3.1,0,0.297532,-0.0418743,0
3.5,3.2,0,0.29703,-0.0420083,0
3.5,3.3,0,0.296462,-0.0421238,0
3.5,3.4,0,0.295826,-0.0422211,0
3.5,3.5,0,0.295191,-0.0423183,0
3.5,3.6,0,0.294397,-0.0423608,0
3.5,3.7,0,0.293604,-0.0424033,0
3.5,3.8,0,0.292718,-0.0424055,0
3.5,3.9,0,0.291738,-0.0423676,0
3.5,4,0,0.290759,-0.0423297,0
3.5,4.1,0,0.289561,-0.0421733,0
3.5,4.2,0,0.288363,-0.0420169,0
3.5,4.3,0,0.287038,-0.0417734,0
3.5,4.4,0,0.285585,-0.0414429,0
3.5,4.5,0,0.284132,-0.0411123,0
3.5,4.6,0,0.282385,-0.0405385,0
3.5,4.7,0,0.280639,-0.0399646,0
3.5,4.8,0,0.278952,-0.0393341,0
3.5,4.9,0,0.277324,-0.0386471,0
3.5,5,0,0.275697,-0.03796,0
3.5,5.1,0,0.272336,-0.0362416,0
3.5,5.2,0,0.269981,-0.0348434,0
3.5,5.3,0,0.267555,-0.0332031,0
3.5,5.4,0,0.265078,-0.0312838,0
3.5,5.5,0,0.262573,-0.029046,0
3.5,5.6,0,0.260069,-0.0264526,0
3.5,5.7,0,0.257605,-0.0234727,0
3.5,5.8,0,0.255231,-0.0200877,0
3.5,5.9,0,0.253016,-0.0162948,0
3.5,6,0,0.251046,-0.0121103,0
3.5,6.1,0,0.24941,-0.00757087,0
3.5,6.2,0,0.248199,-0.00273264,0
3.5,6.3,0,0.247487,0.00232994,0
3.5,6.4,0,0.247329,0.00752747,0
3.5,6.5,0,0.24776,0.0127597,0
3.5,6.6,0,0.248789,0.0179204,0
3.5,6.7,0,0.250403,0.0229019,0
3.5,6.8,0,0.25257,0.0276002,0
3.5,6.9,0,0.255234,0.0319269,0
3.5,7,0,0.260225,0.0376941,0
3.5,7.1,0,0.262933,0.0397389,0
3.5,7.2,0,0.26564,0.0417837,0
3.5,7.3,0,0.268431,0.0437476,0
3.5,7.4,0,0.271694,0.045253,0
3.5,7.5,0,0.274957,0.0467584,0
3.5,7.6,0,0.27809,0.0479884,0
3.5,7.7,0,0.28092,0.0485755,0
3.5,7.8,0,0.283749,0.0491627,0
3.5,7.9,0,0.286343,0.0494689,0
3.5,8,0,0.288647,0.0494316,0
3.5,8.1,0,0.290952,0.0493943,0
3.5,8.2,0,0.292943,0.0491246,0
3.5,8.3,0,0.294724,0.0486999,0
3.5,8.4,0,0.296506,0.0482752,0
3.5,8.5,0,0.297935,0.0476853,0
3.5,8.6,0,0.299247,0.0470404,0
3.5,8.7,0,0.300559,0.0463955,0
3.5,8.8,0,0.301519,0.0456577,0
3.5,8.9,0,0.30244,0.0449095,0
3.5,9,0,0.303345,0.0441601,0
3.5,9.1,0,0.303954,0.0433851,0
3.5,9.2,0,0.304563,0.0426101,0
3.5,9.3,0,0.305124,0.0418389,0
3.5,9.4,0,0.30549,0.0410827,0
3.5,9.5,0,0.305856,0.0403266,0
3.5,9.6,0,0.306157,0.0395859,0
3.5,9.7,0,0.306337,0.038874,0
3.5,9.8,0,0.306516,0.038162,0
3.5,9.9,0,0.306625,0.037479,0
3.5,10,0,0.306662,0.0368248,0
3.5,10.1,0,0.3067,0.0361706,0
3.5,10.2,0,0.306668,0.0355583,0
3.5,10.3,0,0.306599,0.0349686,0
3.5,10.4,0,0.30653,0.0343789,0
3.5,10.5,0,0.306398,0.0338429,0
3.5,10.6,0,0.306249,0.0333204,0
3.5,10.7,0,0.306101,0.0327979,0
3.5,10.8,0,0.305897,0.0323397,0
3.5,10.9,0,0.30569,0.031885,0
3.5,11,0,0.305479,0.031437,0
3.5,11.1,0,0.305229,0.0310495,0
3.5,11.2,0,0.304979,0.030662,0
3.5,11.3,0,0.304721,0.0302911,0
3.5,11.4,0,0.30444,0.0299699,0
3.5,11.5,0,0.304159,0.0296487,0
3.5,11.6,0,0.303869,0.0293536,0
3.5,11.7,0,0.303566,0.0290976,0
3.5,11.8,0,0.303263,0.0288417,0
3.5,11.9,0,0.302954,0.0286203,0
3.5,12,0,0.302639,0.0284271,0
3.5,12.1,0,0.302325,0.0282339,0
3.5,12.2,0,0.302023,0.0280799,0
3.5,12.3,0,0.301726,0.0279426,0
3.5,12.4,0,0.301429,0.0278054,0
3.5,12.5,0,0.301267,0.0277373,0
3.5,12.6,0,0.301129,0.0276815,0
3.5,12.7,0,0.300991,0.0276257,0
3.6,0,0,0.300287,-0.038945,0
3.6,0.1,0,0.300283,-0.0389592,0
3.6,0.2,0,0.300353,-0.0389881,0
3.6,0.3,0,0.300445,-0.0390377,0
3.6,0.4,0,0.30053,-0.0390972,0
3.6,0.5,0,0.300631,-0.0391581,0
3.6,0.6,0,0.300718,-0.039245,0
3.6,0.7,0,0.300799,-0.0393277,0
3.6,0.8,0,0.300877,-0.0394267,0
3.6,0.9,0,0.300939,-0.0395328,0
3.6,1,0,0.301005,-0.0396448,0
3.6,1.1,0,0.301048,-0.0397795,0
3.6,1.2,0,0.301083,-0.039908,0
3.6,1.3,0,0.301107,-0.0400535,0
3.6,1.4,0,0.301111,-0.0402013,0
3.6,1.5,0,0.301117,-0.0403572,0
3.6,1.6,0,0.301087,-0.040531,0
3.6,1.7,0,0.301049,-0.0406954,0
3.6,1.8,0,0.300992,-0.0408766,0
3.6,1.9,0,0.300909,-0.0410541,0
3.6,2,0,0.300823,-0.0412423,0
3.6,2.1,0,0.300689,-0.0414416,0
3.6,2.2,0,0.300542,-0.0416276,0
3.6,2.3,0,0.300367,-0.0418294,0
3.6,2.4,0,0.30016,-0.0420196,0
3.6,2.5,0,0.299939,-0.0422236,0
3.6,2.6,0,0.299655,-0.0424287,0
3.6,2.7,0,0.299355,-0.0426156,0
3.6,2.8,0,0.299011,-0.0428164,0
3.6,2.9,0,0.298627,-0.0429938,0
3.6,3,0,0.298217,-0.0431902,0
3.6,3.1,0,0.297722,-0.0433708,0
3.6,3.2,0,0.297205,-0.0435282,0
3.6,3.3,0,0.296623,-0.0436934,0
3.6,3.4,0,0.295989,-0.0438169,0
3.6,3.5,0,0.295312,-0.0439724,0
3.6,3.6,0,0.294518,-0.0440704,0
3.6,3.7,0,0.293696,-0.0441516,0
3.6,3.8,0,0.292776,-0.0442174,0
3.6,3.9,0,0.291793,-0.0442043,0
3.6,4,0,0.290736,-0.04428,0
3.6,4.1,0,0.289513,-0.0441459,0
3.6,4.2,0,0.288264,-0.0440809,0
3.6,4.3,0,0.286856,-0.043904,0
3.6,4.4,0,0.28537,-0.0435485,0
3.6,4.5,0,0.283802,-0.0435323,0
3.6,4.6,0,0.281888,-0.0427542,0
3.6,4.7,0,0.280102,-0.0424477,0
3.6,4.8,0,0.27796,-0.0417688,0
3.6,4.9,0,0.275917,-0.0407658,0
3.6,5,0,0.274862,-0.0409764,0
3.6,5.1,0,0.271249,-0.0394086,0
3.6,5.2,0,0.268662,-0.0380824,0
3.6,5.3,0,0.265943,-0.0364873,0
3.6,5.4,0,0.263104,-0.0345813,0
3.6,5.5,0,0.26017,-0.0323226,0
3.6,5.6,0,0.257181,-0.0296694,0
3.6,5.7,0,0.254195,-0.0265818,0
3.6,5.8,0,0.25129,-0.0230238,0
3.6,5.9,0,0.248561,-0.0189698,0
3.6,6,0,0.246119,-0.0144152,0
3.6,6.1,0,0.244077,-0.00938809,0
3.6,6.2,0,0.242544,-0.00395296,0
3.6,6.3,0,0.24161,0.00179428,0
3.6,6.4,0,0.241343,0.00773678,0
3.6,6.5,0,0.241785,0.0137443,0
3.6,6.6,0,0.242951,0.0196797,0
3.6,6.7,0,0.244824,0.0254028,0
3.6,6.8,0,0.247365,0.0307744,0
3.6,6.9,0,0.250508,0.0356683,0
3.6,7,0,0.256425,0.0419924,0
3.6,7.1,0,0.259967,0.0434609,0
3.6,7.2,0,0.262891,0.0456568,0
3.6,7.3,0,0.266235,0.0482269,0
3.6,7.4,0,0.271213,0.0492481,0
3.6,7.5,0,0.274261,0.0508971,0
3.6,7.6,0,0.277387,0.0520786,0
3.6,7.7,0,0.281156,0.051891,0
3.6,7.8,0,0.283821,0.0527474,0
3.6,7.9,0,0.286523,0.0528729,0
3.6,8,0,0.28923,0.0521737,0
3.6,8.1,0,0.291455,0.0524201,0
3.6,8.2,0,0.293581,0.0518706,0
3.6,8.3,0,0.295524,0.0510561,0
3.6,8.4,0,0.297252,0.0508011,0
3.6,8.5,0,0.298788,0.0499198,0
3.6,8.6,0,0.30016,0.0490998,0
3.6,8.7,0,0.301413,0.0484835,0
3.6,8.8,0,0.302445,0.0475093,0
3.6,8.9,0,0.303375,0.0466871,0
3.6,9,0,0.304225,0.0458784,0
3.6,9.1,0,0.304873,0.0449392,0
3.6,9.2,0,0.305466,0.0441234,0
3.6,9.3,0,0.305981,0.0432682,0
3.6,9.4,0,0.306358,0.0424063,0
3.6,9.5,0,0.306697,0.0416147,0
3.6,9.6,0,0.306959,0.0407975,0
3.6,9.7,0,0.307133,0.0400188,0
3.6,9.8,0,0.30728,0.0392691,0
3.6,9.9,0,0.307354,0.038523,0
3.6,10,0,0.30738,0.0378259,0
3.6,10.1,0,0.307382,0.0371359,0
3.6,10.2,0,0.307318,0.0364722,0
3.6,10.3,0,0.307236,0.0358556,0
3.6,10.4,0,0.30713,0.035234,0
3.6,10.5,0,0.306966,0.0346551,0
3.6,10.6,0,0.306804,0.034115,0
3.6,10.7,0,0.30662,0.0335675,0
3.6,10.8,0,0.306384,0.0330725,0
3.6,10.9,0,0.306163,0.0326063,0
3.6,11,0,0.30592,0.032139,0
3.6,11.1,0,0.305637,0.0317201,0
3.6,11.2,0,0.305374,0.0313264,0
3.6,11.3,0,0.305086,0.0309394,0
3.6,11.4,0,0.304775,0.0305946,0
3.6,11.5,0,0.304479,0.030269,0
3.6,11.6,0,0.304159,0.0299601,0
3.6,11.7,0,0.303831,0.0296875,0
3.6,11.8,0,0.30351,0.0294285,0
3.6,11.9,0,0.303169,0.0291956,0
3.6,12,0,0.302834,0.0289923,0
3.6,12.1,0,0.302501,0.0287962,0
3.6,12.2,0,0.302154,0.0286343,0
3.6,12.3,0,0.301833,0.0284926,0
3.6,12.4,0,0.30154,0.0283491,0
3.6,12.5,0,0.301237,0.0282475,0
3.6,12.6,0,0.301071,0.0281849,0
3.6,12.7,0,0.301075,0.0281601,0
3.7,0,0,0.300323,-0.03994,0
3.7,0.1,0,0.300347,-0.0399609,0
3.7,0.2,0,0.3004,-0.0399886,0
3.7,0.3,0,0.300493,-0.0400381,0
3.7,0.4,0,0.3006,-0.0401066,0
3.7,0.5,0,0.300704,-0.0401713,0
3.7,0.6,0,0.300797,-0.0402624,0
3.7,0.7,0,0.300897,-0.0403577,0
3.7,0.8,0,0.300976,-0.0404568,0
3.7,0.9,0,0.301055,-0.0405792,0
3.7,1,0,0.301128,-0.0406965,0
3.7,1.1,0,0.301175,-0.040838,0
3.7,1.2,0,0.301227,-0.0409863,0
3.7,1.3,0,0.301252,-0.0411317,0
3.7,1.4,0,0.301269,-0.0413035,0
3.7,1.5,0,0.30128,-0.0414674,0
3.7,1.6,0,0.301253,-0.0416506,0
3.7,1.7,0,0.301228,-0.0418432,0
3.7,1.8,0,0.301172,-0.0420244,0
3.7,1.9,0,0.301096,-0.0422348,0
3.7,2,0,0.301014,-0.0424341,0
3.7,2.1,0,0.300879,-0.0426459,0
3.7,2.2,0,0.300742,-0.0428702,0
3.7,2.3,0,0.300566,-0.0430721,0
3.7,2.4,0,0.300356,-0.0433062,0
3.7,2.5,0,0.30014,-0.0435253,0
3.7,2.6,0,0.299849,-0.0437471,0
3.7,2.7,0,0.299552,-0.0439858,0
3.7,2.8,0,0.299208,-0.0441865,0
3.7,2.9,0,0.298806,-0.0444234,0
3.7,3,0,0.298401,-0.04464,0
3.7,3.1,0,0.29789,-0.044844,0
3.7,3.2,0,0.297365,-0.0450715,0
3.7,3.3,0,0.296783,-0.0452368,0
3.7,3.4,0,0.296109,-0.0454448,0
3.7,3.5,0,0.295434,-0.0456265,0
3.7,3.6,0,0.294611,-0.0457633,0
3.7,3.7,0,0.293759,-0.0459388,0
3.7,3.8,0,0.29284,-0.0460046,0
3.7,3.9,0,0.291774,-0.0461298,0
3.7,4,0,0.290712,-0.0462302,0
3.7,4.1,0,0.289439,-0.0461876,0
3.7,4.2,0,0.288115,-0.0462365,0
3.7,4.3,0,0.286706,-0.0460595,0
3.7,4.4,0,0.285073,-0.0459934,0
3.7,4.5,0,0.283473,-0.0459523,0
3.7,4.6,0,0.281519,-0.0454416,0
3.7,4.7,0,0.279525,-0.0451984,0
3.7,4.8,0,0.277384,-0.0445194,0
3.7,4.9,0,0.275498,-0.0440981,0
3.7,5,0,0.274028,-0.0439927,0
3.7,5.1,0,0.270161,-0.0425756,0
3.7,5.2,0,0.267342,-0.0413215,0
3.7,5.3,0,0.26433,-0.0397714,0
3.7,5.4,0,0.26113,-0.0378789,0
3.7,5.5,0,0.257768,-0.0355991,0
3.7,5.6,0,0.254293,-0.0328863,0
3.7,5.7,0,0.250785,-0.0296908,0
3.7,5.8,0,0.247348,-0.0259598,0
3.7,5.9,0,0.244105,-0.0216447,0
3.7,6,0,0.241192,-0.0167201,0
3.7,6.1,0,0.238745,-0.0112053,0
3.7,6.2,0,0.236889,-0.00517328,0
3.7,6.3,0,0.235733,0.00125863,0
3.7,6.4,0,0.235356,0.00794609,0
3.7,6.5,0,0.23581,0.0147289,0
3.7,6.6,0,0.237112,0.021439,0
3.7,6.7,0,0.239246,0.0279037,0
3.7,6.8,0,0.242161,0.0339487,0
3.7,6.9,0,0.245781,0.0394096,0
3.7,7,0,0.252625,0.0462907,0
3.7,7.1,0,0.256315,0.0481029,0
3.7,7.2,0,0.260202,0.0503709,0
3.7,7.3,0,0.263779,0.0527795,0
3.7,7.4,0,0.268491,0.0539851,0
3.7,7.5,0,0.272997,0.0553276,0
3.7,7.6,0,0.276348,0.0564456,0
3.7,7.7,0,0.280092,0.0564435,0
3.7,7.8,0,0.283738,0.0565831,0
3.7,7.9,0,0.28644,0.0567086,0
3.7,8,0,0.289233,0.0560493,0
3.7,8.1,0,0.291914,0.0555991,0
3.7,8.2,0,0.294039,0.0550554,0
3.7,8.3,0,0.296059,0.0540995,0
3.7,8.4,0,0.297983,0.0533747,0
3.7,8.5,0,0.299508,0.0524986,0
3.7,8.6,0,0.300923,0.0514303,0
3.7,8.7,0,0.302262,0.0505744,0
3.7,8.8,0,0.303274,0.0495824,0
3.7,8.9,0,0.30422,0.0485147,0
3.7,9,0,0.305102,0.0476049,0
3.7,9.1,0,0.305722,0.0466289,0
3.7,9.2,0,0.306312,0.0456129,0
3.7,9.3,0,0.306837,0.04472,0
3.7,9.4,0,0.307179,0.0438058,0
3.7,9.5,0,0.307501,0.042865,0
3.7,9.6,0,0.307764,0.0420388,0
3.7,9.7,0,0.307897,0.0411963,0
3.7,9.8,0,0.308019,0.0403467,0
3.7,9.9,0,0.308093,0.0396006,0
3.7,10,0,0.30807,0.0388371,0
3.7,10.1,0,0.308048,0.0380852,0
3.7,10.2,0,0.307981,0.0374188,0
3.7,10.3,0,0.307847,0.0367404,0
3.7,10.4,0,0.307722,0.0360823,0
3.7,10.5,0,0.307549,0.0354977,0
3.7,10.6,0,0.307336,0.0349051,0
3.7,10.7,0,0.307138,0.0343359,0
3.7,10.8,0,0.306889,0.0338341,0
3.7,10.9,0,0.306618,0.0333238,0
3.7,11,0,0.306364,0.0328441,0
3.7,11.1,0,0.306065,0.0324185,0
3.7,11.2,0,0.305753,0.0319871,0
3.7,11.3,0,0.305459,0.0315944,0
3.7,11.4,0,0.305125,0.0312412,0
3.7,11.5,0,0.304783,0.0308853,0
3.7,11.6,0,0.304462,0.0305755,0
3.7,11.7,0,0.304104,0.0302935,0
3.7,11.8,0,0.303746,0.0300133,0
3.7,11.9,0,0.303405,0.0297804,0
3.7,12,0,0.303034,0.0295667,0
3.7,12.1,0,0.302671,0.0293576,0
3.7,12.2,0,0.302325,0.0291948,0
3.7,12.3,0,0.301977,0.0290412,0
3.7,12.4,0,0.301652,0.0288919,0
3.7,12.5,0,0.301389,0.0287989,0
3.7,12.6,0,0.301227,0.0287357,0
3.7,12.7,0,0.30116,0.0286944,0
3.8,0,0,0.300362,-0.0409195,0
3.8,0.1,0,0.300387,-0.0409417,0
3.8,0.2,0,0.30044,-0.0409694,0
3.8,0.3,0,0.300558,-0.0410306,0
3.8,0.4,0,0.300666,-0.0410991,0
3.8,0.5,0,0.300784,-0.0411702,0
3.8,0.6,0,0.300892,-0.0412703,0
3.8,0.7,0,0.300992,-0.0413656,0
3.8,0.8,0,0.301097,-0.0414846,0
3.8,0.9,0,0.301177,-0.041607,0
3.8,1,0,0.301263,-0.0417355,0
3.8,1.1,0,0.301323,-0.0418909,0
3.8,1.2,0,0.301375,-0.0420391,0
3.8,1.3,0,0.301423,-0.042215,0
3.8,1.4,0,0.30144,-0.0423868,0
3.8,1.5,0,0.301462,-0.0425671,0
3.8,1.6,0,0.301445,-0.0427699,0
3.8,1.7,0,0.30142,-0.0429626,0
3.8,1.8,0,0.30138,-0.043186,0
3.8,1.9,0,0.301305,-0.0433964,0
3.8,2,0,0.301231,-0.0436182,0
3.8,2.1,0,0.301101,-0.0438567,0
3.8,2.2,0,0.300964,-0.0440811,0
3.8,2.3,0,0.300798,-0.04434,0
3.8,2.4,0,0.300587,-0.0445741,0
3.8,2.5,0,0.300375,-0.0448236,0
3.8,2.6,0,0.300085,-0.0450815,0
3.8,2.7,0,0.299787,-0.0453201,0
3.8,2.8,0,0.29944,-0.0455984,0
3.8,2.9,0,0.299039,-0.0458353,0
3.8,3,0,0.29863,-0.046093,0
3.8,3.1,0,0.298111,-0.0463476,0
3.8,3.2,0,0.297586,-0.046575,0
3.8,3.3,0,0.296982,-0.0468508,0
3.8,3.4,0,0.296308,-0.0470589,0
3.8,3.5,0,0.29562,-0.0472953,0
3.8,3.6,0,0.294772,-0.0475149,0
3.8,3.7,0,0.29392,-0.0476904,0
3.8,3.8,0,0.292942,-0.0479358,0
3.8,3.9,0,0.291877,-0.0480609,0
3.8,4,0,0.290787,-0.048215,0
3.8,4.1,0,0.289456,-0.0483668,0
3.8,4.2,0,0.288132,-0.0484156,0
3.8,4.3,0,0.28661,-0.0485985,0
3.8,4.4,0,0.284977,-0.0485324,0
3.8,4.5,0,0.283288,-0.0484092,0
3.8,4.6,0,0.281303,-0.0485046,0
3.8,4.7,0,0.279309,-0.0482613,0
3.8,4.8,0,0.27708,-0.0482374,0
3.8,4.9,0,0.275194,-0.0478161,0
3.8,5,0,0.273275,-0.0469907,0
3.8,5.1,0,0.269067,-0.0457738,0
3.8,5.2,0,0.265963,-0.0446653,0
3.8,5.3,0,0.262619,-0.0432621,0
3.8,5.4,0,0.259043,-0.0415108,0
3.8,5.5,0,0.255261,-0.0393507,0
3.8,5.6,0,0.251319,-0.0367105,0
3.8,5.7,0,0.247284,-0.0335076,0
3.8,5.8,0,0.243256,-0.0296534,0
3.8,5.9,0,0.239364,-0.0250681,0
3.8,6,0,0.235782,-0.0197088,0
3.8,6.1,0,0.232708,-0.0135979,0
3.8,6.2,0,0.230334,-0.00683008,0
3.8,6.3,0,0.228806,0.000446146,0
3.8,6.4,0,0.228229,0.0080519,0
3.8,6.5,0,0.228664,0.015791,0
3.8,6.6,0,0.230136,0.0234585,0
3.8,6.7,0,0.232632,0.0308431,0
3.8,6.8,0,0.236105,0.0377286,0
3.8,6.9,0,0.24048,0.0439083,0
3.8,7,0,0.248904,0.0514296,0
3.8,7.1,0,0.25178,0.0535303,0
3.8,7.2,0,0.255667,0.0557983,0
3.8,7.3,0,0.261684,0.0580418,0
3.8,7.4,0,0.265899,0.0597467,0
3.8,7.5,0,0.270405,0.0610892,0
3.8,7.6,0,0.275666,0.0614096,0
3.8,7.7,0,0.279267,0.0618858,0
3.8,7.8,0,0.282952,0.0619653,0
3.8,7.9,0,0.286717,0.0610894,0
3.8,8,0,0.289507,0.060604,0
3.8,8.1,0,0.29233,0.0597176,0
3.8,8.2,0,0.294817,0.0585602,0
3.8,8.3,0,0.296837,0.0576044,0
3.8,8.4,0,0.298868,0.0563345,0
3.8,8.5,0,0.300475,0.0551246,0
3.8,8.6,0,0.30189,0.0540563,0
3.8,8.7,0,0.303284,0.0527424,0
3.8,8.8,0,0.304284,0.0515917,0
3.8,8.9,0,0.305231,0.0505239,0
3.8,9,0,0.306118,0.0493,0
3.8,9.1,0,0.306707,0.0482292,0
3.8,9.2,0,0.307297,0.0472132,0
3.8,9.3,0,0.307786,0.0461073,0
3.8,9.4,0,0.308102,0.0451283,0
3.8,9.5,0,0.308424,0.0441875,0
3.8,9.6,0,0.308625,0.0431944,0
3.8,9.7,0,0.308741,0.04232,0
3.8,9.8,0,0.308859,0.0414602,0
3.8,9.9,0,0.308858,0.0405837,0
3.8,10,0,0.30883,0.0398121,0
3.8,10.1,0,0.308791,0.039036,0
3.8,10.2,0,0.308655,0.0382796,0
3.8,10.3,0,0.30852,0.0376012,0
3.8,10.4,0,0.308368,0.0369115,0
3.8,10.5,0,0.308139,0.0362695,0
3.8,10.6,0,0.307925,0.0356769,0
3.8,10.7,0,0.307689,0.0350729,0
3.8,10.8,0,0.307397,0.034536,0
3.8,10.9,0,0.307126,0.0340258,0
3.8,11,0,0.306826,0.0335116,0
3.8,11.1,0,0.306495,0.0330654,0
3.8,11.2,0,0.306183,0.0326339,0
3.8,11.3,0,0.305834,0.0322089,0
3.8,11.4,0,0.30548,0.0318446,0
3.8,11.5,0,0.305138,0.0314887,0
3.8,11.6,0,0.304755,0.0311495,0
3.8,11.7,0,0.304387,0.0308629,0
3.8,11.8,0,0.304021,0.0305797,0
3.8,11.9,0,0.303619,0.030324,0
3.8,12,0,0.303246,0.0301099,0
3.8,12.1,0,0.302868,0.0298955,0
3.8,12.2,0,0.302471,0.0297179,0
3.8,12.3,0,0.302122,0.0295644,0
3.8,12.4,0,0.301777,0.0294079,0
3.8,12.5,0,0.301479,0.029305,0
3.8,12.6,0,0.301317,0.0292418,0
3.8,12.7,0,0.30125,0.0291994,0
3.9,0,0,0.300406,-0.0418835,0
3.9,0.1,0,0.300402,-0.0419003,0
3.9,0.2,0,0.300498,-0.0419397,0
3.9,0.3,0,0.300617,-0.0420009,0
3.9,0.4,0,0.300742,-0.042081,0
3.9,0.5,0,0.300872,-0.0421547,0
3.9,0.6,0,0.300987,-0.0422596,0
3.9,0.7,0,0.30111,-0.0423685,0
3.9,0.8,0,0.301216,-0.0424875,0
3.9,0.9,0,0.301317,-0.0426274,0
3.9,1,0,0.301411,-0.0427617,0
3.9,1.1,0,0.301478,-0.0429242,0
3.9,1.2,0,0.301549,-0.043094,0
3.9,1.3,0,0.301598,-0.0432699,0
3.9,1.4,0,0.301635,-0.0434674,0
3.9,1.5,0,0.301662,-0.0436563,0
3.9,1.6,0,0.301652,-0.0438693,0
3.9,1.7,0,0.301642,-0.0440921,0
3.9,1.8,0,0.301602,-0.0443156,0
3.9,1.9,0,0.301543,-0.0445615,0
3.9,2,0,0.301472,-0.0447949,0
3.9,2.1,0,0.301349,-0.0450474,0
3.9,2.2,0,0.30122,-0.0453124,0
3.9,2.3,0,0.301054,-0.0455714,0
3.9,2.4,0,0.300857,-0.0458537,0
3.9,2.5,0,0.300643,-0.0461185,0
3.9,2.6,0,0.30036,-0.0463956,0
3.9,2.7,0,0.300061,-0.0466891,0
3.9,2.8,0,0.299715,-0.0469674,0
3.9,2.9,0,0.299321,-0.0472705,0
3.9,3,0,0.298904,-0.047549,0
3.9,3.1,0,0.298393,-0.0478308,0
3.9,3.2,0,0.297853,-0.0481343,0
3.9,3.3,0,0.297249,-0.0484101,0
3.9,3.4,0,0.296573,-0.0487139,0
3.9,3.5,0,0.29587,-0.0489788,0
3.9,3.6,0,0.295026,-0.0492425,0
3.9,3.7,0,0.294141,-0.049525,0
3.9,3.8,0,0.293163,-0.0497704,0
3.9,3.9,0,0.292073,-0.0500513,0
3.9,4,0,0.290959,-0.0502342,0
3.9,4.1,0,0.289621,-0.0504889,0
3.9,4.2,0,0.288225,-0.0506572,0
3.9,4.3,0,0.286704,-0.0508401,0
3.9,4.4,0,0.284994,-0.0510834,0
3.9,4.5,0,0.283248,-0.0509031,0
3.9,4.6,0,0.281271,-0.0513371,0
3.9,4.7,0,0.279015,-0.0510091,0
3.9,4.8,0,0.276785,-0.0509852,0
3.9,4.9,0,0.274557,-0.0511999,0
3.9,5,0,0.272604,-0.0499704,0
3.9,5.1,0,0.267967,-0.0490033,0
3.9,5.2,0,0.264524,-0.0481137,0
3.9,5.3,0,0.26081,-0.0469595,0
3.9,5.4,0,0.256844,-0.0454771,0
3.9,5.5,0,0.252651,-0.0435772,0
3.9,5.6,0,0.248257,-0.0411421,0
3.9,5.7,0,0.243692,-0.0380322,0
3.9,5.8,0,0.239013,-0.0341045,0
3.9,5.9,0,0.234338,-0.02924,0
3.9,6,0,0.229888,-0.0233811,0
3.9,6.1,0,0.225969,-0.0165658,0
3.9,6.2,0,0.222878,-0.00892336,0
3.9,6.3,0,0.22083,-0.000643157,0
3.9,6.4,0,0.219961,0.00805422,0
3.9,6.5,0,0.220346,0.0169305,0
3.9,6.6,0,0.222022,0.0257381,0
3.9,6.7,0,0.224985,0.034221,0
3.9,6.8,0,0.229199,0.0421143,0
3.9,6.9,0,0.234603,0.0491644,0
3.9,7,0,0.245262,0.057409,0
3.9,7.1,0,0.247376,0.0593837,0
3.9,7.2,0,0.253236,0.0614209,0
3.9,7.3,0,0.260305,0.0636571,0
3.9,7.4,0,0.264137,0.0658439,0
3.9,7.5,0,0.270152,0.065827,0
3.9,7.6,0,0.27566,0.0659078,0
3.9,7.7,0,0.279212,0.0670107,0
3.9,7.8,0,0.283614,0.0655869,0
3.9,7.9,0,0.287379,0.064711,0
3.9,8,0,0.290318,0.0646655,0
3.9,8.1,0,0.293372,0.0627226,0
3.9,8.2,0,0.295862,0.0615812,0
3.9,8.3,0,0.298006,0.0607076,0
3.9,8.4,0,0.300073,0.0588292,0
3.9,8.5,0,0.30169,0.0576432,0
3.9,8.6,0,0.303133,0.0563834,0
3.9,8.7,0,0.304505,0.0547925,0
3.9,8.8,0,0.305511,0.0536241,0
3.9,8.9,0,0.306419,0.0523081,0
3.9,9,0,0.30728,0.0509818,0
3.9,9.1,0,0.307868,0.0498604,0
3.9,9.2,0,0.308386,0.0486401,0
3.9,9.3,0,0.308858,0.0475001,0
3.9,9.4,0,0.30916,0.0464509,0
3.9,9.5,0,0.309401,0.0453666,0
3.9,9.6,0,0.309596,0.0443662,0
3.9,9.7,0,0.309679,0.0434115,0
3.9,9.8,0,0.309727,0.0424638,0
3.9,9.9,0,0.309726,0.0415873,0
3.9,10,0,0.309647,0.0407354,0
3.9,10.1,0,0.309558,0.039911,0
3.9,10.2,0,0.309419,0.0391502,0
3.9,10.3,0,0.309224,0.0383999,0
3.9,10.4,0,0.309038,0.0376874,0
3.9,10.5,0,0.308801,0.037035,0
3.9,10.6,0,0.308525,0.0363864,0
3.9,10.7,0,0.308269,0.0357719,0
3.9,10.8,0,0.307962,0.0352207,0
3.9,10.9,0,0.307631,0.0346695,0
3.9,11,0,0.307319,0.0341502,0
3.9,11.1,0,0.306968,0.0336875,0
3.9,11.2,0,0.3066,0.033227,0
3.9,11.3,0,0.306245,0.0328002,0
3.9,11.4,0,0.305863,0.0324172,0
3.9,11.5,0,0.305472,0.0320429,0
3.9,11.6,0,0.305089,0.0317035,0
3.9,11.7,0,0.304682,0.0313975,0
3.9,11.8,0,0.304279,0.0311047,0
3.9,11.9,0,0.303877,0.030849,0
3.9,12,0,0.303457,0.0306171,0
3.9,12.1,0,0.303056,0.0303981,0
3.9,12.2,0,0.30265,0.0302194,0
3.9,12.3,0,0.302244,0.0300528,0
3.9,12.4,0,0.301901,0.0298922,0
3.9,12.5,0,0.301549,0.0297769,0
3.9,12.6,0,0.301341,0.0297017,0
3.9,12.7,0,0.301346,0.0296751,0
4,0,0,0.30045,-0.0428475,0
4,0.1,0,0.300517,-0.0428815,0
4,0.2,0,0.300584,-0.0429154,0
4,0.3,0,0.300686,-0.0429737,0
4,0.4,0,0.300823,-0.0430565,0
4,0.5,0,0.30096,-0.0431392,0
4,0.6,0,0.301091,-0.0432529,0
4,0.7,0,0.301221,-0.0433666,0
4,0.8,0,0.301341,-0.0434964,0
4,0.9,0,0.30145,-0.0436422,0
4,1,0,0.301558,-0.043788,0
4,1.1,0,0.301637,-0.0439649,0
4,1.2,0,0.301717,-0.0441418,0
4,1.3,0,0.301777,-0.0443333,0
4,1.4,0,0.30182,-0.0445394,0
4,1.5,0,0.301862,-0.0447454,0
4,1.6,0,0.301859,-0.0449784,0
4,1.7,0,0.301856,-0.0452114,0
4,1.8,0,0.301827,-0.0454566,0
4,1.9,0,0.30177,-0.045714,0
4,2,0,0.301713,-0.0459715,0
4,2.1,0,0.301591,-0.0462506,0
4,2.2,0,0.301469,-0.0465297,0
4,2.3,0,0.301309,-0.0468181,0
4,2.4,0,0.30111,-0.0471157,0
4,2.5,0,0.30091,-0.0474134,0
4,2.6,0,0.300619,-0.0477261,0
4,2.7,0,0.300328,-0.0480388,0
4,2.8,0,0.299982,-0.0483572,0
4,2.9,0,0.29958,-0.0486811,0
4,3,0,0.299179,-0.049005,0
4,3.1,0,0.298646,-0.0493357,0
4,3.2,0,0.298113,-0.0496664,0
4,3.3,0,0.297502,-0.0499979,0
4,3.4,0,0.296811,-0.0503301,0
4,3.5,0,0.296121,-0.0506623,0
4,3.6,0,0.295239,-0.0509889,0
4,3.7,0,0.294358,-0.0513156,0
4,3.8,0,0.293359,-0.0516338,0
4,3.9,0,0.292245,-0.0519436,0
4,4,0,0.29113,-0.0522534,0
4,4.1,0,0.289728,-0.0525247,0
4,4.2,0,0.288326,-0.0527959,0
4,4.3,0,0.286742,-0.0530246,0
4,4.4,0,0.284975,-0.0532108,0
4,4.5,0,0.283209,-0.0533969,0
4,4.6,0,0.280961,-0.0534076,0
4,4.7,0,0.278713,-0.0534182,0
4,4.8,0,0.276457,-0.0533289,0
4,4.9,0,0.274195,-0.0531394,0
4,5,0,0.271933,-0.05295,0
4,5.1,0,0.266867,-0.0522329,0
4,5.2,0,0.263085,-0.0515621,0
4,5.3,0,0.259001,-0.0506568,0
4,5.4,0,0.254645,-0.0494434,0
4,5.5,0,0.250041,-0.0478037,0
4,5.6,0,0.245196,-0.0455737,0
4,5.7,0,0.2401,-0.0425568,0
4,5.8,0,0.23477,-0.0385556,0
4,5.9,0,0.229312,-0.033412,0
4,6,0,0.223994,-0.0270534,0
4,6.1,0,0.219229,-0.0195337,0
4,6.2,0,0.215422,-0.0110166,0
4,6.3,0,0.212854,-0.00173246,0
4,6.4,0,0.211692,0.00805653,0
4,6.5,0,0.212028,0.0180701,0
4,6.6,0,0.213907,0.0280177,0
4,6.7,0,0.217337,0.0375988,0
4,6.8,0,0.222292,0.0464999,0
4,6.9,0,0.228726,0.0544205,0
4,7,0,0.24162,0.0633884,0
4,7.1,0,0.247491,0.0653369,0
4,7.2,0,0.253363,0.0672854,0
4,7.3,0,0.25921,0.068996,0
4,7.4,0,0.26492,0.0693587,0
4,7.5,0,0.27063,0.0697213,0
4,7.6,0,0.275904,0.0697809,0
4,7.7,0,0.280159,0.0691331,0
4,7.8,0,0.284414,0.0684853,0
4,7.9,0,0.288155,0.0676096,0
4,8,0,0.291268,0.0664554,0
4,8.1,0,0.294382,0.0653013,0
4,8.2,0,0.296925,0.0639975,0
4,8.3,0,0.299088,0.062594,0
4,8.4,0,0.301251,0.0611905,0
4,8.5,0,0.302863,0.0597459,0
4,8.6,0,0.304291,0.0582876,0
4,8.7,0,0.305719,0.0568293,0
4,8.8,0,0.306667,0.0554318,0
4,8.9,0,0.307562,0.0540409,0
4,9,0,0.308437,0.0526562,0
4,9.1,0,0.308948,0.0513867,0
4,9.2,0,0.309459,0.0501172,0
4,9.3,0,0.309915,0.0488747,0
4,9.4,0,0.310148,0.04774,0
4,9.5,0,0.310382,0.0466053,0
4,9.6,0,0.310544,0.0455166,0
4,9.7,0,0.310576,0.0445137,0
4,9.8,0,0.310607,0.0435106,0
4,9.9,0,0.310566,0.0425694,0
4,10,0,0.310451,0.04169,0
4,10.1,0,0.310337,0.0408105,0
4,10.2,0,0.310154,0.0400052,0
4,10.3,0,0.309935,0.0392399,0
4,10.4,0,0.309716,0.0384747,0
4,10.5,0,0.309437,0.0377935,0
4,10.6,0,0.309143,0.0371333,0
4,10.7,0,0.30885,0.0364731,0
4,10.8,0,0.308506,0.0359051,0
4,10.9,0,0.308159,0.035342,0
4,11,0,0.307808,0.0347878,0
4,11.1,0,0.307424,0.0343148,0
4,11.2,0,0.30704,0.0338418,0
4,11.3,0,0.306649,0.0333899,0
4,11.4,0,0.306238,0.0330013,0
4,11.5,0,0.305828,0.0326128,0
4,11.6,0,0.305411,0.0322564,0
4,11.7,0,0.304983,0.0319481,0
4,11.8,0,0.304555,0.0316398,0
4,11.9,0,0.304123,0.0313727,0
4,12,0,0.303689,0.0311393,0
4,12.1,0,0.303255,0.0309059,0
4,12.2,0,0.302842,0.0307171,0
4,12.3,0,0.302438,0.0305475,0
4,12.4,0,0.302035,0.0303779,0
4,12.5,0,0.301816,0.0302923,0
4,12.6,0,0.301629,0.0302215,0
4,12.7,0,0.301442,0.0301508,0
4.1,0,0,0.300503,-0.0437757,0
4.1,0.1,0,0.300498,-0.0437948,0
4.1,0.2,0,0.30061,-0.0438396,0
4.1,0.3,0,0.30076,-0.0439141,0
4.1,0.4,0,0.3009,-0.0440021,0
4.1,0.5,0,0.301065,-0.0440901,0
4.1,0.6,0,0.301212,-0.0442141,0
4.1,0.7,0,0.301352,-0.0443326,0
4.1,0.8,0,0.30149,-0.0444731,0
4.1,0.9,0,0.301608,-0.044625,0
4.1,1,0,0.301733,-0.0447835,0
4.1,1.1,0,0.30183,-0.0449754,0
4.1,1.2,0,0.301917,-0.04516,0
4.1,1.3,0,0.301994,-0.0453682,0
4.1,1.4,0,0.302045,-0.0455832,0
4.1,1.5,0,0.3021,-0.0458074,0
4.1,1.6,0,0.302116,-0.0460617,0
4.1,1.7,0,0.302118,-0.0463052,0
4.1,1.8,0,0.302103,-0.0465734,0
4.1,1.9,0,0.302055,-0.0468434,0
4.1,2,0,0.302006,-0.0471251,0
4.1,2.1,0,0.301903,-0.0474336,0
4.1,2.2,0,0.301784,-0.0477266,0
4.1,2.3,0,0.301636,-0.048046,0
4.1,2.4,0,0.301447,-0.0483608,0
4.1,2.5,0,0.301249,-0.0486905,0
4.1,2.6,0,0.300979,-0.0490433,0
4.1,2.7,0,0.300686,-0.0493746,0
4.1,2.8,0,0.30035,-0.049735,0
4.1,2.9,0,0.29996,-0.0500825,0
4.1,3,0,0.299551,-0.0504499,0
4.1,3.1,0,0.299043,-0.0508361,0
4.1,3.2,0,0.298504,-0.0511929,0
4.1,3.3,0,0.297899,-0.051583,0
4.1,3.4,0,0.297222,-0.0519477,0
4.1,3.5,0,0.296513,-0.0523452,0
4.1,3.6,0,0.295661,-0.0527451,0
4.1,3.7,0,0.294766,-0.053116,0
4.1,3.8,0,0.293771,-0.0535143,0
4.1,3.9,0,0.292674,-0.0538599,0
4.1,4,0,0.291517,-0.0543057,0
4.1,4.1,0,0.290155,-0.0546136,0
4.1,4.2,0,0.288717,-0.0550074,0
4.1,4.3,0,0.287115,-0.0553137,0
4.1,4.4,0,0.285367,-0.055455,0
4.1,4.5,0,0.283492,-0.0561487,0
4.1,4.6,0,0.281204,-0.0557123,0
4.1,4.7,0,0.278917,-0.0562816,0
4.1,4.8,0,0.276097,-0.0560926,0
4.1,4.9,0,0.273308,-0.055245,0
4.1,5,0,0.272008,-0.0571268,0
4.1,5.1,0,0.266894,-0.0570778,0
4.1,5.2,0,0.263049,-0.0568772,0
4.1,5.3,0,0.258812,-0.0564338,0
4.1,5.4,0,0.254127,-0.0556327,0
4.1,5.5,0,0.248922,-0.054327,0
4.1,5.6,0,0.243139,-0.0523488,0
4.1,5.7,0,0.23677,-0.049517,0
4.1,5.8,0,0.229917,-0.0456298,0
4.1,5.9,0,0.222823,-0.0404335,0
4.1,6,0,0.215928,-0.0336405,0
4.1,6.1,0,0.20983,-0.0251531,0
4.1,6.2,0,0.204993,-0.0152143,0
4.1,6.3,0,0.201694,-0.00422415,0
4.1,6.4,0,0.200107,0.00743303,0
4.1,6.5,0,0.200333,0.019402,0
4.1,6.6,0,0.202427,0.0313409,0
4.1,6.7,0,0.206405,0.0429012,0
4.1,6.8,0,0.212256,0.0537001,0
4.1,6.9,0,0.219971,0.063329,0
4.1,7,0,0.236132,0.0735658,0
4.1,7.1,0,0.246023,0.0736063,0
4.1,7.2,0,0.25221,0.0756766,0
4.1,7.3,0,0.257933,0.0779412,0
4.1,7.4,0,0.267619,0.0744362,0
4.1,7.5,0,0.27246,0.0757567,0
4.1,7.6,0,0.276852,0.0761043,0
4.1,7.7,0,0.282509,0.0719966,0
4.1,7.8,0,0.286294,0.0727321,0
4.1,7.9,0,0.289877,0.0718303,0
4.1,8,0,0.293419,0.0686587,0
4.1,8.1,0,0.296255,0.068587,0
4.1,8.2,0,0.298819,0.0669056,0
4.1,8.3,0,0.301136,0.0646355,0
4.1,8.4,0,0.303045,0.0637753,0
4.1,8.5,0,0.304679,0.0619118,0
4.1,8.6,0,0.306147,0.0601619,0
4.1,8.7,0,0.307354,0.0588429,0
4.1,8.8,0,0.308307,0.0571371,0
4.1,8.9,0,0.309177,0.0556535,0
4.1,9,0,0.309895,0.0542245,0
4.1,9.1,0,0.31039,0.0527639,0
4.1,9.2,0,0.310857,0.0514516,0
4.1,9.3,0,0.311204,0.0501245,0
4.1,9.4,0,0.311404,0.0488749,0
4.1,9.5,0,0.311587,0.0477067,0
4.1,9.6,0,0.311669,0.0465427,0
4.1,9.7,0,0.311666,0.0454696,0
4.1,9.8,0,0.311644,0.0444335,0
4.1,9.9,0,0.311538,0.0434322,0
4.1,10,0,0.311394,0.042509,0
4.1,10.1,0,0.311225,0.0416004,0
4.1,10.2,0,0.310988,0.040747,0
4.1,10.3,0,0.310746,0.0399552,0
4.1,10.4,0,0.310473,0.0391658,0
4.1,10.5,0,0.310146,0.0384445,0
4.1,10.6,0,0.309832,0.0377678,0
4.1,10.7,0,0.309489,0.0370902,0
4.1,10.8,0,0.309101,0.0364871,0
4.1,10.9,0,0.308735,0.0359144,0
4.1,11,0,0.308342,0.0353468,0
4.1,11.1,0,0.307915,0.0348438,0
4.1,11.2,0,0.307515,0.0343667,0
4.1,11.3,0,0.307086,0.033903,0
4.1,11.4,0,0.306639,0.0334919,0
4.1,11.5,0,0.30621,0.0331013,0
4.1,11.6,0,0.305756,0.0327338,0
4.1,11.7,0,0.305299,0.0324093,0
4.1,11.8,0,0.304849,0.0321003,0
4.1,11.9,0,0.30438,0.0318235,0
4.1,12,0,0.303921,0.0315803,0
4.1,12.1,0,0.303467,0.0313457,0
4.1,12.2,0,0.302998,0.0311511,0
4.1,12.3,0,0.302564,0.030978,0
4.1,12.4,0,0.302171,0.0308008,0
4.1,12.5,0,0.301767,0.0306715,0
4.1,12.6,0,0.301544,0.0305922,0
4.1,12.7,0,0.301549,0.0305641,0
4.2,0,0,0.300557,-0.0447039,0
4.2,0.1,0,0.300596,-0.0447339,0
4.2,0.2,0,0.30068,-0.0447748,0
4.2,0.3,0,0.30083,-0.0448493,0
4.2,0.4,0,0.301001,-0.0449477,0
4.2,0.5,0,0.301169,-0.045041,0
4.2,0.6,0,0.301326,-0.0451697,0
4.2,0.7,0,0.301492,-0.0453033,0
4.2,0.8,0,0.30163,-0.0454438,0
4.2,0.9,0,0.301773,-0.0456145,0
4.2,1,0,0.301907,-0.0457791,0
4.2,1.1,0,0.302012,-0.0459786,0
4.2,1.2,0,0.302124,-0.0461858,0
4.2,1.3,0,0.302201,-0.046394,0
4.2,1.4,0,0.302274,-0.0466362,0
4.2,1.5,0,0.302338,-0.0468693,0
4.2,1.6,0,0.302359,-0.0471342,0
4.2,1.7,0,0.302385,-0.0474095,0
4.2,1.8,0,0.30237,-0.0476778,0
4.2,1.9,0,0.302339,-0.0479845,0
4.2,2,0,0.3023,-0.0482788,0
4.2,2.1,0,0.302199,-0.0486011,0
4.2,2.2,0,0.302102,-0.0489374,0
4.2,2.3,0,0.301954,-0.0492569,0
4.2,2.4,0,0.301776,-0.0496208,0
4.2,2.5,0,0.301588,-0.0499676,0
4.2,2.6,0,0.301316,-0.050339,0
4.2,2.7,0,0.301043,-0.0507289,0
4.2,2.8,0,0.300707,-0.0510894,0
4.2,2.9,0,0.300321,-0.0515039,0
4.2,3,0,0.299924,-0.0518949,0
4.2,3.1,0,0.299409,-0.0523072,0
4.2,3.2,0,0.298888,-0.0527456,0
4.2,3.3,0,0.298283,-0.0531356,0
4.2,3.4,0,0.297601,-0.0535981,0
4.2,3.5,0,0.296905,-0.0540282,0
4.2,3.6,0,0.29604,-0.0544723,0
4.2,3.7,0,0.295161,-0.0549606,0
4.2,3.8,0,0.294166,-0.0553589,0
4.2,3.9,0,0.293044,-0.0558763,0
4.2,4,0,0.291904,-0.056358,0
4.2,4.1,0,0.290506,-0.0567885,0
4.2,4.2,0,0.289072,-0.0573415,0
4.2,4.3,0,0.28747,-0.0576478,0
4.2,4.4,0,0.285631,-0.0582517,0
4.2,4.5,0,0.283775,-0.0589005,0
4.2,4.6,0,0.281448,-0.0590227,0
4.2,4.7,0,0.279084,-0.0597036,0
4.2,4.8,0,0.276263,-0.0595146,0
4.2,4.9,0,0.27391,-0.06008,0
4.2,5,0,0.272084,-0.0613036,0
4.2,5.1,0,0.26692,-0.0619227,0
4.2,5.2,0,0.263012,-0.0621923,0
4.2,5.3,0,0.258623,-0.0622107,0
4.2,5.4,0,0.253609,-0.0618219,0
4.2,5.5,0,0.247803,-0.0608502,0
4.2,5.6,0,0.241082,-0.059124,0
4.2,5.7,0,0.233441,-0.0564773,0
4.2,5.8,0,0.225065,-0.0527039,0
4.2,5.9,0,0.216335,-0.0474552,0
4.2,6,0,0.207861,-0.0402275,0
4.2,6.1,0,0.200431,-0.0307726,0
4.2,6.2,0,0.194564,-0.0194119,0
4.2,6.3,0,0.190533,-0.00671585,0
4.2,6.4,0,0.188522,0.00680952,0
4.2,6.5,0,0.188639,0.0207339,0
4.2,6.6,0,0.190947,0.0346641,0
4.2,6.7,0,0.195473,0.0482035,0
4.2,6.8,0,0.202219,0.0609003,0
4.2,6.9,0,0.211215,0.0722375,0
4.2,7,0,0.230644,0.0837432,0
4.2,7.1,0,0.240167,0.0843604,0
4.2,7.2,0,0.249204,0.085742,0
4.2,7.3,0,0.256052,0.0874723,0
4.2,7.4,0,0.264634,0.0851909,0
4.2,7.5,0,0.272386,0.0838236,0
4.2,7.6,0,0.2773,0.0836634,0
4.2,7.7,0,0.282643,0.0806083,0
4.2,7.8,0,0.287737,0.0782686,0
4.2,7.9,0,0.29132,0.0773667,0
4.2,8,0,0.294725,0.074576,0
4.2,8.1,0,0.297979,0.0724579,0
4.2,8.2,0,0.300534,0.0707947,0
4.2,8.3,0,0.302696,0.068397,0
4.2,8.4,0,0.304768,0.0665127,0
4.2,8.5,0,0.306362,0.0646743,0
4.2,8.6,0,0.307694,0.0625933,0
4.2,8.7,0,0.308967,0.0608704,0
4.2,8.8,0,0.309865,0.0591526,0
4.2,8.9,0,0.310625,0.0573673,0
4.2,9,0,0.311354,0.0558023,0
4.2,9.1,0,0.311788,0.0543056,0
4.2,9.2,0,0.312157,0.0527698,0
4.2,9.3,0,0.3125,0.0513986,0
4.2,9.4,0,0.312634,0.0500987,0
4.2,9.5,0,0.31273,0.0487735,0
4.2,9.6,0,0.312808,0.0475997,0
4.2,9.7,0,0.312731,0.0464677,0
4.2,9.8,0,0.312639,0.0453305,0
4.2,9.9,0,0.312533,0.0443292,0
4.2,10,0,0.312308,0.0433471,0
4.2,10.1,0,0.312089,0.0423775,0
4.2,10.2,0,0.311847,0.0415221,0
4.2,10.3,0,0.311524,0.040677,0
4.2,10.4,0,0.311218,0.0398519,0
4.2,10.5,0,0.31088,0.0391265,0
4.2,10.6,0,0.310491,0.0384051,0
4.2,10.7,0,0.310127,0.0377064,0
4.2,10.8,0,0.309722,0.0370989,0
4.2,10.9,0,0.309288,0.0364882,0
4.2,11,0,0.308881,0.0359087,0
4.2,11.1,0,0.308434,0.0354019,0
4.2,11.2,0,0.307969,0.0348916,0
4.2,11.3,0,0.307532,0.0344225,0
4.2,11.4,0,0.307058,0.034006,0
4.2,11.5,0,0.306573,0.0335882,0
4.2,11.6,0,0.306117,0.0332199,0
4.2,11.7,0,0.305624,0.0328888,0
4.2,11.8,0,0.30513,0.0325602,0
4.2,11.9,0,0.304661,0.0322834,0
4.2,12,0,0.304161,0.0320321,0
4.2,12.1,0,0.303671,0.0317851,0
4.2,12.2,0,0.303204,0.0315895,0
4.2,12.3,0,0.302742,0.0314044,0
4.2,12.4,0,0.302308,0.0312227,0
4.2,12.5,0,0.301958,0.0311053,0
4.2,12.6,0,0.301745,0.031027,0
4.2,12.7,0,0.301656,0.0309773,0
4.3,0,0,0.300616,-0.0456115,0
4.3,0.1,0,0.300655,-0.0456429,0
4.3,0.2,0,0.300739,-0.0456839,0
4.3,0.3,0,0.300924,-0.0457731,0
4.3,0.4,0,0.301095,-0.0458715,0
4.3,0.5,0,0.301283,-0.0459724,0
4.3,0.6,0,0.301458,-0.0461117,0
4.3,0.7,0,0.301624,-0.0462452,0
4.3,0.8,0,0.3018,-0.0464087,0
4.3,0.9,0,0.301944,-0.0465793,0
4.3,1,0,0.302096,-0.0467565,0
4.3,1.1,0,0.302218,-0.0469717,0
4.3,1.2,0,0.30233,-0.0471789,0
4.3,1.3,0,0.302442,-0.047421,0
4.3,1.4,0,0.302515,-0.0476631,0
4.3,1.5,0,0.302596,-0.0479143,0
4.3,1.6,0,0.302633,-0.048201,0
4.3,1.7,0,0.302659,-0.0484763,0
4.3,1.8,0,0.302675,-0.0487911,0
4.3,1.9,0,0.302645,-0.0490978,0
4.3,2,0,0.30262,-0.0494166,0
4.3,2.1,0,0.302535,-0.0497683,0
4.3,2.2,0,0.302437,-0.0501046,0
4.3,2.3,0,0.302316,-0.0504864,0
4.3,2.4,0,0.302138,-0.0508503,0
4.3,2.5,0,0.301963,-0.0512299,0
4.3,2.6,0,0.301704,-0.0516406,0
4.3,2.7,0,0.301431,-0.0520306,0
4.3,2.8,0,0.301118,-0.0524752,0
4.3,2.9,0,0.300732,-0.0528897,0
4.3,3,0,0.300346,-0.053325,0
4.3,3.1,0,0.299842,-0.0537924,0
4.3,3.2,0,0.299321,-0.0542308,0
4.3,3.3,0,0.298738,-0.0547413,0
4.3,3.4,0,0.298055,-0.0552039,0
4.3,3.5,0,0.297372,-0.0556961,0
4.3,3.6,0,0.296513,-0.0562303,0
4.3,3.7,0,0.295634,-0.0567186,0
4.3,3.8,0,0.294654,-0.0573238,0
4.3,3.9,0,0.293532,-0.0578413,0
4.3,4,0,0.292415,-0.0583998,0
4.3,4.1,0,0.290996,-0.0590659,0
4.3,4.2,0,0.289563,-0.0596189,0
4.3,4.3,0,0.287948,-0.0604585,0
4.3,4.4,0,0.286109,-0.0610624,0
4.3,4.5,0,0.284331,-0.0616242,0
4.3,4.6,0,0.28195,-0.0628457,0
4.3,4.7,0,0.279585,-0.0635266,0
4.3,4.8,0,0.277085,-0.0651694,0
4.3,4.9,0,0.274732,-0.0657348,0
4.3,5,0,0.27267,-0.0651159,0
4.3,5.1,0,0.267425,-0.0662017,0
4.3,5.2,0,0.263319,-0.0668111,0
4.3,5.3,0,0.258578,-0.0672002,0
4.3,5.4,0,0.253035,-0.0672543,0
4.3,5.5,0,0.246537,-0.066862,0
4.3,5.6,0,0.238993,-0.0659118,0
4.3,5.7,0,0.230396,-0.0642359,0
4.3,5.8,0,0.22081,-0.0614834,0
4.3,5.9,0,0.210351,-0.0569285,0
4.3,6,0,0.199427,-0.0494086,0
4.3,6.1,0,0.18948,-0.0384849,0
4.3,6.2,0,0.181754,-0.0250871,0
4.3,6.3,0,0.176513,-0.0101473,0
4.3,6.4,0,0.173819,0.0057149,0
4.3,6.5,0,0.173705,0.0220265,0
4.3,6.6,0,0.176207,0.0383816,0
4.3,6.7,0,0.181386,0.0543735,0
4.3,6.8,0,0.189354,0.0695133,0
4.3,6.9,0,0.200397,0.0832279,0
4.3,7,0,0.226064,0.0960139,0
4.3,7.1,0,0.233387,0.0982868,0
4.3,7.2,0,0.242423,0.0996685,0
4.3,7.3,0,0.255659,0.0979021,0
4.3,7.4,0,0.262284,0.0981171,0
4.3,7.5,0,0.270037,0.0967499,0
4.3,7.6,0,0.278446,0.0921515,0
4.3,7.7,0,0.283395,0.0911292,0
4.3,7.8,0,0.288538,0.0885853,0
4.3,7.9,0,0.29321,0.0839896,0
4.3,8,0,0.296545,0.0817112,0
4.3,8.1,0,0.299934,0.0785146,0
4.3,8.2,0,0.302493,0.0751825,0
4.3,8.3,0,0.304655,0.0727847,0
4.3,8.4,0,0.306807,0.0698873,0
4.3,8.5,0,0.30822,0.0673884,0
4.3,8.6,0,0.309552,0.0653074,0
4.3,8.7,0,0.310822,0.0629348,0
4.3,8.8,0,0.311554,0.0609835,0
4.3,8.9,0,0.312314,0.0591982,0
4.3,9,0,0.312964,0.0572788,0
4.3,9.1,0,0.313286,0.0556683,0
4.3,9.2,0,0.313654,0.0541324,0
4.3,9.3,0,0.313873,0.0525517,0
4.3,9.4,0,0.313942,0.0511843,0
4.3,9.5,0,0.314038,0.0498591,0
4.3,9.6,0,0.313976,0.0485316,0
4.3,9.7,0,0.313866,0.0473693,0
4.3,9.8,0,0.313764,0.0462231,0
4.3,9.9,0,0.313522,0.0451067,0
4.3,10,0,0.313288,0.0441175,0
4.3,10.1,0,0.313041,0.0431272,0
4.3,10.2,0,0.31269,0.0421954,0
4.3,10.3,0,0.312367,0.0413503,0
4.3,10.4,0,0.312019,0.0404989,0
4.3,10.5,0,0.3116,0.0397263,0
4.3,10.6,0,0.311211,0.0390048,0
4.3,10.7,0,0.310795,0.0382777,0
4.3,10.8,0,0.310332,0.037642,0
4.3,10.9,0,0.309898,0.0370313,0
4.3,11,0,0.30943,0.0364242,0
4.3,11.1,0,0.308944,0.0359009,0
4.3,11.2,0,0.308479,0.0353906,0
4.3,11.3,0,0.307975,0.0348956,0
4.3,11.4,0,0.307476,0.0344703,0
4.3,11.5,0,0.30699,0.0340524,0
4.3,11.6,0,0.306462,0.0336605,0
4.3,11.7,0,0.305956,0.0333257,0
4.3,11.8,0,0.305453,0.0329946,0
4.3,11.9,0,0.304913,0.0326991,0
4.3,12,0,0.304411,0.0324474,0
4.3,12.1,0,0.303904,0.032196,0
4.3,12.2,0,0.303379,0.0319877,0
4.3,12.3,0,0.302916,0.0318026,0
4.3,12.4,0,0.30246,0.031614,0
4.3,12.5,0,0.302071,0.0314864,0
4.3,12.6,0,0.301857,0.0314082,0
4.3,12.7,0,0.301769,0.0313578,0
4.4,0,0,0.30068,-0.0464987,0
4.4,0.1,0,0.300675,-0.0465206,0
4.4,0.2,0,0.300822,-0.0465788,0
4.4,0.3,0,0.301007,-0.046668,0
4.4,0.4,0,0.301202,-0.0467811,0
4.4,0.5,0,0.301405,-0.0468845,0
4.4,0.6,0,0.30159,-0.0470295,0
4.4,0.7,0,0.301788,-0.0471783,0
4.4,0.8,0,0.301964,-0.0473418,0
4.4,0.9,0,0.302137,-0.047532,0
4.4,1,0,0.302299,-0.0477157,0
4.4,1.1,0,0.302432,-0.0479389,0
4.4,1.2,0,0.302571,-0.0481696,0
4.4,1.3,0,0.302683,-0.0484117,0
4.4,1.4,0,0.302786,-0.0486821,0
4.4,1.5,0,0.302875,-0.0489424,0
4.4,1.6,0,0.302923,-0.0492403,0
4.4,1.7,0,0.302973,-0.049548,0
4.4,1.8,0,0.302989,-0.0498627,0
4.4,1.9,0,0.302987,-0.0502079,0
4.4,2,0,0.302968,-0.0505388,0
4.4,2.1,0,0.302894,-0.0509059,0
4.4,2.2,0,0.302817,-0.051285,0
4.4,2.3,0,0.302696,-0.0516667,0
4.4,2.4,0,0.302547,-0.0520821,0
4.4,2.5,0,0.302375,-0.0524773,0
4.4,2.6,0,0.302129,-0.0529089,0
4.4,2.7,0,0.301873,-0.0533555,0
4.4,2.8,0,0.30156,-0.0538001,0
4.4,2.9,0,0.301205,-0.0542843,0
4.4,3,0,0.300819,-0.0547404,0
4.4,3.1,0,0.300332,-0.0552368,0
4.4,3.2,0,0.299826,-0.0557534,0
4.4,3.3,0,0.299243,-0.0562639,0
4.4,3.4,0,0.298597,-0.056827,0
4.4,3.5,0,0.297912,-0.0573489,0
4.4,3.6,0,0.297074,-0.0579289,0
4.4,3.7,0,0.296217,-0.0585352,0
4.4,3.8,0,0.295237,-0.0591405,0
4.4,3.9,0,0.294162,-0.0598317,0
4.4,4,0,0.293052,-0.0604312,0
4.4,4.1,0,0.291647,-0.0612104,0
4.4,4.2,0,0.290275,-0.0619393,0
4.4,4.3,0,0.28866,-0.0627789,0
4.4,4.4,0,0.286877,-0.0638002,0
4.4,4.5,0,0.285161,-0.06432,0
4.4,4.6,0,0.282763,-0.066082,0
4.4,4.7,0,0.280586,-0.0666422,0
4.4,4.8,0,0.278086,-0.0682851,0
4.4,4.9,0,0.275538,-0.0703669,0
4.4,5,0,0.273767,-0.0685637,0
4.4,5.1,0,0.268408,-0.0699148,0
4.4,5.2,0,0.263971,-0.0707334,0
4.4,5.3,0,0.258677,-0.0714022,0
4.4,5.4,0,0.252407,-0.07193,0
4.4,5.5,0,0.245124,-0.0723622,0
4.4,5.6,0,0.236871,-0.0727122,0
4.4,5.7,0,0.227635,-0.072793,0
4.4,5.8,0,0.217154,-0.0719684,0
4.4,5.9,0,0.204871,-0.0688536,0
4.4,6,0,0.190627,-0.0611836,0
4.4,6.1,0,0.176977,-0.04829,0
4.4,6.2,0,0.166563,-0.03224,0
4.4,6.3,0,0.159632,-0.0145185,0
4.4,6.4,0,0.156,0.00414915,0
4.4,6.5,0,0.155531,0.0232799,0
4.4,6.6,0,0.158206,0.0424935,0
4.4,6.7,0,0.164143,0.0614111,0
4.4,6.8,0,0.173662,0.0795392,0
4.4,6.9,0,0.187518,0.0963002,0
4.4,7,0,0.222393,0.110378,0
4.4,7.1,0,0.228423,0.113323,0
4.4,7.2,0,0.242558,0.110835,0
4.4,7.3,0,0.258149,0.107447,0
4.4,7.4,0,0.263247,0.109769,0
4.4,7.5,0,0.272381,0.102669,0
4.4,7.6,0,0.281166,0.0970515,0
4.4,7.7,0,0.285756,0.0988391,0
4.4,7.8,0,0.291398,0.0924515,0
4.4,7.9,0,0.296069,0.0878558,0
4.4,8,0,0.299277,0.0869874,0
4.4,8.1,0,0.302756,0.0816816,0
4.4,8.2,0,0.305307,0.078377,0
4.4,8.3,0,0.307188,0.0761747,0
4.4,8.4,0,0.309287,0.0723159,0
4.4,8.5,0,0.310663,0.0698333,0
4.4,8.6,0,0.311718,0.0674609,0
4.4,8.7,0,0.312921,0.0647595,0
4.4,8.8,0,0.31361,0.0627651,0
4.4,8.9,0,0.314152,0.0606883,0
4.4,9,0,0.314744,0.0586759,0
4.4,9.1,0,0.315024,0.0569964,0
4.4,9.2,0,0.315206,0.0552633,0
4.4,9.3,0,0.315393,0.0536567,0
4.4,9.4,0,0.315409,0.0522136,0
4.4,9.5,0,0.315348,0.0507671,0
4.4,9.6,0,0.315276,0.0494345,0
4.4,9.7,0,0.315094,0.048197,0
4.4,9.8,0,0.314876,0.046983,0
4.4,9.9,0,0.314634,0.0458666,0
4.4,10,0,0.314315,0.0448077,0
4.4,10.1,0,0.313993,0.0437834,0
4.4,10.2,0,0.313637,0.0428476,0
4.4,10.3,0,0.313223,0.0419434,0
4.4,10.4,0,0.312831,0.0410782,0
4.4,10.5,0,0.312399,0.0402964,0
4.4,10.6,0,0.311926,0.039531,0
4.4,10.7,0,0.311483,0.0387986,0
4.4,10.8,0,0.311001,0.0381504,0
4.4,10.9,0,0.310492,0.0375093,0
4.4,11,0,0.310008,0.0369,0
4.4,11.1,0,0.309497,0.0363621,0
4.4,11.2,0,0.308965,0.0358317,0
4.4,11.3,0,0.308453,0.0353361,0
4.4,11.4,0,0.307919,0.0348946,0
4.4,11.5,0,0.307377,0.034465,0
4.4,11.6,0,0.306848,0.034073,0
4.4,11.7,0,0.306298,0.0337213,0
4.4,11.8,0,0.305753,0.0333849,0
4.4,11.9,0,0.305214,0.0330894,0
4.4,12,0,0.304657,0.0328222,0
4.4,12.1,0,0.304124,0.0325684,0
4.4,12.2,0,0.303589,0.0323593,0
4.4,12.3,0,0.303059,0.0321636,0
4.4,12.4,0,0.302609,0.0319701,0
4.4,12.5,0,0.302152,0.0318268,0
4.4,12.6,0,0.301882,0.0317349,0
4.4,12.7,0,0.301887,0.0317056,0
4.5,0,0,0.300744,-0.0473858,0
4.5,0.1,0,0.300847,-0.0474345,0
4.5,0.2,0,0.30095,-0.0474832,0
4.5,0.3,0,0.301106,-0.0475654,0
4.5,0.4,0,0.301317,-0.0476809,0
4.5,0.5,0,0.301528,-0.0477965,0
4.5,0.6,0,0.301735,-0.0479511,0
4.5,0.7,0,0.301941,-0.0481057,0
4.5,0.8,0,0.302136,-0.0482813,0
4.5,0.9,0,0.302319,-0.0484781,0
4.5,1,0,0.302502,-0.0486748,0
4.5,1.1,0,0.302652,-0.0489136,0
4.5,1.2,0,0.302802,-0.0491523,0
4.5,1.3,0,0.302932,-0.0494114,0
4.5,1.4,0,0.303043,-0.0496909,0
4.5,1.5,0,0.303153,-0.0499704,0
4.5,1.6,0,0.303214,-0.0502893,0
4.5,1.7,0,0.303276,-0.0506083,0
4.5,1.8,0,0.303309,-0.0509464,0
4.5,1.9,0,0.303312,-0.0513036,0
4.5,2,0,0.303316,-0.0516609,0
4.5,2.1,0,0.303251,-0.0520554,0
4.5,2.2,0,0.303185,-0.0524499,0
4.5,2.3,0,0.303079,-0.0528627,0
4.5,2.4,0,0.302933,-0.0532937,0
4.5,2.5,0,0.302786,-0.0537247,0
4.5,2.6,0,0.302544,-0.0541921,0
4.5,2.7,0,0.302301,-0.0546596,0
4.5,2.8,0,0.302002,-0.0551458,0
4.5,2.9,0,0.301647,-0.0556508,0
4.5,3,0,0.301291,-0.0561557,0
4.5,3.1,0,0.300803,-0.0567014,0
4.5,3.2,0,0.300314,-0.057247,0
4.5,3.3,0,0.299746,-0.0578162,0
4.5,3.4,0,0.299099,-0.0584089,0
4.5,3.5,0,0.298452,-0.0590017,0
4.5,3.6,0,0.297615,-0.0596539,0
4.5,3.7,0,0.296779,-0.060306,0
4.5,3.8,0,0.295826,-0.0609982,0
4.5,3.9,0,0.294757,-0.0617304,0
4.5,4,0,0.293689,-0.0624626,0
4.5,4.1,0,0.292331,-0.0633047,0
4.5,4.2,0,0.290974,-0.0641467,0
4.5,4.3,0,0.289434,-0.0650573,0
4.5,4.4,0,0.287713,-0.0660365,0
4.5,4.5,0,0.285991,-0.0670157,0
4.5,4.6,0,0.283798,-0.0681165,0
4.5,4.7,0,0.281605,-0.0692172,0
4.5,4.8,0,0.279379,-0.0702164,0
4.5,4.9,0,0.277122,-0.0711139,0
4.5,5,0,0.274865,-0.0720115,0
4.5,5.1,0,0.26939,-0.0736278,0
4.5,5.2,0,0.264622,-0.0746558,0
4.5,5.3,0,0.258776,-0.0756041,0
4.5,5.4,0,0.251779,-0.0766055,0
4.5,5.5,0,0.243711,-0.0778623,0
4.5,5.6,0,0.234749,-0.0795126,0
4.5,5.7,0,0.224875,-0.08135,0
4.5,5.8,0,0.213497,-0.0824534,0
4.5,5.9,0,0.199391,-0.0807787,0
4.5,6,0,0.181826,-0.0729587,0
4.5,6.1,0,0.164473,-0.0580952,0
4.5,6.2,0,0.151372,-0.0393928,0
4.5,6.3,0,0.142752,-0.0188897,0
4.5,6.4,0,0.138181,0.00258339,0
4.5,6.5,0,0.137358,0.0245333,0
4.5,6.6,0,0.140206,0.0466053,0
4.5,6.7,0,0.146901,0.0684486,0
4.5,6.8,0,0.157969,0.089565,0
4.5,6.9,0,0.174638,0.109372,0
4.5,7,0,0.218722,0.124742,0
4.5,7.1,0,0.233163,0.121897,0
4.5,7.2,0,0.247604,0.119051,0
4.5,7.3,0,0.261071,0.115816,0
4.5,7.4,0,0.269025,0.110374,0
4.5,7.5,0,0.276979,0.104932,0
4.5,7.6,0,0.284121,0.100124,0
4.5,7.7,0,0.289372,0.0967953,0
4.5,7.8,0,0.294622,0.0934665,0
4.5,7.9,0,0.299007,0.0901828,0
4.5,8,0,0.302334,0.0869543,0
4.5,8.1,0,0.305662,0.0837258,0
4.5,8.2,0,0.30811,0.0806071,0
4.5,8.3,0,0.309971,0.0775616,0
4.5,8.4,0,0.311833,0.074516,0
4.5,8.5,0,0.313046,0.0717966,0
4.5,8.6,0,0.314043,0.0691858,0
4.5,8.7,0,0.31504,0.0665751,0
4.5,8.8,0,0.315572,0.0643697,0
4.5,8.9,0,0.316053,0.0622093,0
4.5,9,0,0.316517,0.0600674,0
4.5,9.1,0,0.316657,0.0582753,0
4.5,9.2,0,0.316796,0.0564832,0
4.5,9.3,0,0.316888,0.054749,0
4.5,9.4,0,0.316792,0.0532466,0
4.5,9.5,0,0.316695,0.0517441,0
4.5,9.6,0,0.316541,0.0503234,0
4.5,9.7,0,0.316282,0.0490546,0
4.5,9.8,0,0.316022,0.0477857,0
4.5,9.9,0,0.315707,0.0466135,0
4.5,10,0,0.315337,0.045538,0
4.5,10.1,0,0.314966,0.0444624,0
4.5,10.2,0,0.314546,0.0434928,0
4.5,10.3,0,0.3141,0.0425802,0
4.5,10.4,0,0.313654,0.0416676,0
4.5,10.5,0,0.313168,0.040867,0
4.5,10.6,0,0.312671,0.0400943,0
4.5,10.7,0,0.312174,0.0393216,0
4.5,10.8,0,0.311645,0.0386652,0
4.5,10.9,0,0.311115,0.0380149,0
4.5,11,0,0.310583,0.0373755,0
4.5,11.1,0,0.31003,0.0368343,0
4.5,11.2,0,0.309478,0.036293,0
4.5,11.3,0,0.308922,0.0357764,0
4.5,11.4,0,0.308356,0.0353341,0
4.5,11.5,0,0.30779,0.0348917,0
4.5,11.6,0,0.307221,0.034486,0
4.5,11.7,0,0.306647,0.0341352,0
4.5,11.8,0,0.306073,0.0337844,0
4.5,11.9,0,0.3055,0.0334797,0
4.5,12,0,0.304929,0.0332126,0
4.5,12.1,0,0.304357,0.0329455,0
4.5,12.2,0,0.303819,0.0327258,0
4.5,12.3,0,0.303295,0.0325264,0
4.5,12.4,0,0.30277,0.0323271,0
4.5,12.5,0,0.302487,0.0322245,0
4.5,12.6,0,0.302246,0.0321389,0
4.5,12.7,0,0.302005,0.0320534,0
4.6,0,0,0.300821,-0.0482272,0
4.6,0.1,0,0.300814,-0.048251,0
4.6,0.2,0,0.300982,-0.0483164,0
4.6,0.3,0,0.301207,-0.0484221,0
4.6,0.4,0,0.301422,-0.0485444,0
4.6,0.5,0,0.301669,-0.0486648,0
4.6,0.6,0,0.301898,-0.048831,0
4.6,0.7,0,0.302117,-0.0489909,0
4.6,0.8,0,0.302335,-0.0491783,0
4.6,0.9,0,0.30253,-0.0493815,0
4.6,1,0,0.302734,-0.0495923,0
4.6,1.1,0,0.302908,-0.0498469,0
4.6,1.2,0,0.303069,-0.0500939,0
4.6,1.3,0,0.303221,-0.0503707,0
4.6,1.4,0,0.303343,-0.0506597,0
4.6,1.5,0,0.303472,-0.0509582,0
4.6,1.6,0,0.303559,-0.0512995,0
4.6,1.7,0,0.303629,-0.0516294,0
4.6,1.8,0,0.303683,-0.0519914,0
4.6,1.9,0,0.3037,-0.0523616,0
4.6,2,0,0.303718,-0.0527436,0
4.6,2.1,0,0.303682,-0.0531682,0
4.6,2.2,0,0.303622,-0.0535766,0
4.6,2.3,0,0.303538,-0.0540206,0
4.6,2.4,0,0.303407,-0.054469,0
4.6,2.5,0,0.30327,-0.0549312,0
4.6,2.6,0,0.303062,-0.0554388,0
4.6,2.7,0,0.302823,-0.0559237,0
4.6,2.8,0,0.302547,-0.0564506,0
4.6,2.9,0,0.302211,-0.0569788,0
4.6,3,0,0.301863,-0.0575233,0
4.6,3.1,0,0.301418,-0.0581231,0
4.6,3.2,0,0.300933,-0.0586912,0
4.6,3.3,0,0.300395,-0.0593147,0
4.6,3.4,0,0.299774,-0.0599394,0
4.6,3.5,0,0.299137,-0.0605847,0
4.6,3.6,0,0.298364,-0.0613116,0
4.6,3.7,0,0.297536,-0.061996,0
4.6,3.8,0,0.296635,-0.0627622,0
4.6,3.9,0,0.295609,-0.0635363,0
4.6,4,0,0.294568,-0.0643559,0
4.6,4.1,0,0.293336,-0.0652723,0
4.6,4.2,0,0.291993,-0.0661855,0
4.6,4.3,0,0.290573,-0.0671566,0
4.6,4.4,0,0.288955,-0.0681251,0
4.6,4.5,0,0.287214,-0.069417,0
4.6,4.6,0,0.285369,-0.0700555,0
4.6,4.7,0,0.283074,-0.0716247,0
4.6,4.8,0,0.280651,-0.0722788,0
4.6,4.9,0,0.278298,-0.0723628,0
4.6,5,0,0.276247,-0.075649,0
4.6,5.1,0,0.270767,-0.0783504,0
4.6,5.2,0,0.266213,-0.080589,0
4.6,5.3,0,0.260965,-0.0833281,0
4.6,5.4,0,0.255089,-0.0868222,0
4.6,5.5,0,0.248574,-0.0912538,0
4.6,5.6,0,0.241072,-0.0965035,0
4.6,5.7,0,0.231523,-0.101824,0
4.6,5.8,0,0.2179,-0.105528,0
4.6,5.9,0,0.197413,-0.104816,0
4.6,6,0,0.167703,-0.0938299,0
4.6,6.1,0,0.14236,-0.071936,0
4.6,6.2,0,0.127188,-0.0481084,0
4.6,6.3,0,0.117736,-0.0241097,0
4.6,6.4,0,0.112757,-4.34827e-05,0
4.6,6.5,0,0.111706,0.0240967,0
4.6,6.6,0,0.114434,0.0483881,0
4.6,6.7,0,0.121159,0.0729132,0
4.6,6.8,0,0.13259,0.0976833,0
4.6,6.9,0,0.15058,0.12287,0
4.6,7,0,0.210194,0.149917,0
4.6,7.1,0,0.246891,0.140999,0
4.6,7.2,0,0.261577,0.138677,0
4.6,7.3,0,0.267169,0.135833,0
4.6,7.4,0,0.278666,0.10641,0
4.6,7.5,0,0.285211,0.107022,0
4.6,7.6,0,0.290092,0.108158,0
4.6,7.7,0,0.295288,0.0945036,0
4.6,7.8,0,0.299879,0.0954147,0
4.6,7.9,0,0.303847,0.0937489,0
4.6,8,0,0.307477,0.0869404,0
4.6,8.1,0,0.309888,0.0857811,0
4.6,8.2,0,0.312003,0.0826108,0
4.6,8.3,0,0.314012,0.0785123,0
4.6,8.4,0,0.315115,0.0762317,0
4.6,8.5,0,0.316101,0.0732243,0
4.6,8.6,0,0.317072,0.0703588,0
4.6,8.7,0,0.317606,0.0679168,0
4.6,8.8,0,0.317987,0.0655036,0
4.6,8.9,0,0.318388,0.0632788,0
4.6,9,0,0.318586,0.0611076,0
4.6,9.1,0,0.318606,0.0591877,0
4.6,9.2,0,0.31867,0.0573659,0
4.6,9.3,0,0.318588,0.0555713,0
4.6,9.4,0,0.318395,0.053987,0
4.6,9.5,0,0.318227,0.0524642,0
4.6,9.6,0,0.317949,0.0509934,0
4.6,9.7,0,0.317621,0.0496722,0
4.6,9.8,0,0.317289,0.048387,0
4.6,9.9,0,0.31688,0.0471762,0
4.6,10,0,0.316461,0.0460675,0
4.6,10.1,0,0.31602,0.0449805,0
4.6,10.2,0,0.315526,0.043979,0
4.6,10.3,0,0.315047,0.0430463,0
4.6,10.4,0,0.314534,0.0421263,0
4.6,10.5,0,0.313984,0.0412972,0
4.6,10.6,0,0.313461,0.0405127,0
4.6,10.7,0,0.312906,0.0397363,0
4.6,10.8,0,0.312322,0.0390531,0
4.6,10.9,0,0.311769,0.0383973,0
4.6,11,0,0.311187,0.0377547,0
4.6,11.1,0,0.310584,0.0371896,0
4.6,11.2,0,0.310013,0.0366477,0
4.6,11.3,0,0.309414,0.0361267,0
4.6,11.4,0,0.308806,0.0356657,0
4.6,11.5,0,0.308219,0.0352246,0
4.6,11.6,0,0.307609,0.0348128,0
4.6,11.7,0,0.307002,0.0344481,0
4.6,11.8,0,0.306404,0.0340998,0
4.6,11.9,0,0.30579,0.0337888,0
4.6,12,0,0.305189,0.0335132,0
4.6,12.1,0,0.304598,0.0332475,0
4.6,12.2,0,0.303994,0.0330257,0
4.6,12.3,0,0.303434,0.0328247,0
4.6,12.4,0,0.302929,0.0326164,0
4.6,12.5,0,0.302416,0.0324594,0
4.6,12.6,0,0.30213,0.0323636,0
4.6,12.7,0,0.302134,0.0323336,0
4.7,0,0,0.300898,-0.0490686,0
4.7,0.1,0,0.300956,-0.0491091,0
4.7,0.2,0,0.30108,-0.0491663,0
4.7,0.3,0,0.301305,-0.049272,0
4.7,0.4,0,0.30156,-0.049406,0
4.7,0.5,0,0.301811,-0.0495332,0
4.7,0.6,0,0.302051,-0.0497046,0
4.7,0.7,0,0.302304,-0.0498813,0
4.7,0.8,0,0.302523,-0.0500688,0
4.7,0.9,0,0.30275,-0.0502925,0
4.7,1,0,0.302966,-0.0505097,0
4.7,1.1,0,0.303151,-0.0507726,0
4.7,1.2,0,0.303345,-0.0510437,0
4.7,1.3,0,0.303497,-0.0513205,0
4.7,1.4,0,0.30365,-0.0516381,0
4.7,1.5,0,0.303791,-0.0519461,0
4.7,1.6,0,0.303887,-0.0522983,0
4.7,1.7,0,0.30399,-0.0526614,0
4.7,1.8,0,0.304044,-0.0530234,0
4.7,1.9,0,0.304089,-0.0534313,0
4.7,2,0,0.304121,-0.0538263,0
4.7,2.1,0,0.30409,-0.0542648,0
4.7,2.2,0,0.304066,-0.0547172,0
4.7,2.3,0,0.303981,-0.0551612,0
4.7,2.4,0,0.303876,-0.0556582,0
4.7,2.5,0,0.303754,-0.0561378,0
4.7,2.6,0,0.30355,-0.0566628,0
4.7,2.7,0,0.30335,-0.0572054,0
4.7,2.8,0,0.303074,-0.0577323,0
4.7,2.9,0,0.302763,-0.0583232,0
4.7,3,0,0.302434,-0.0588908,0
4.7,3.1,0,0.301993,-0.0595131,0
4.7,3.2,0,0.301555,-0.0601579,0
4.7,3.3,0,0.301017,-0.0607815,0
4.7,3.4,0,0.300432,-0.0614905,0
4.7,3.5,0,0.299822,-0.0621677,0
4.7,3.6,0,0.299058,-0.0629268,0
4.7,3.7,0,0.298303,-0.0637182,0
4.7,3.8,0,0.297401,-0.0644844,0
4.7,3.9,0,0.296445,-0.0653877,0
4.7,4,0,0.295447,-0.0662491,0
4.7,4.1,0,0.29423,-0.0672367,0
4.7,4.2,0,0.293028,-0.0682955,0
4.7,4.3,0,0.291607,-0.0692666,0
4.7,4.4,0,0.290074,-0.0705372,0
4.7,4.5,0,0.288437,-0.0718184,0
4.7,4.6,0,0.286491,-0.0729253,0
4.7,4.7,0,0.284443,-0.0745006,0
4.7,4.8,0,0.282019,-0.0751547,0
4.7,4.9,0,0.279776,-0.0768138,0
4.7,5,0,0.277629,-0.0792865,0
4.7,5.1,0,0.272144,-0.083073,0
4.7,5.2,0,0.267804,-0.0865222,0
4.7,5.3,0,0.263153,-0.0910522,0
4.7,5.4,0,0.258399,-0.0970389,0
4.7,5.5,0,0.253438,-0.104645,0
4.7,5.6,0,0.247396,-0.113494,0
4.7,5.7,0,0.238172,-0.122299,0
4.7,5.8,0,0.222302,-0.128603,0
4.7,5.9,0,0.195436,-0.128854,0
4.7,6,0,0.153579,-0.114701,0
4.7,6.1,0,0.120247,-0.0857768,0
4.7,6.2,0,0.103004,-0.0568241,0
4.7,6.3,0,0.0927197,-0.0293297,0
4.7,6.4,0,0.0873341,-0.00267036,0
4.7,6.5,0,0.0860548,0.0236601,0
4.7,6.6,0,0.0886627,0.0501709,0
4.7,6.7,0,0.0954166,0.0773778,0
4.7,6.8,0,0.10721,0.105802,0
4.7,6.9,0,0.126521,0.136367,0
4.7,7,0,0.201666,0.175091,0
4.7,7.1,0,0.234107,0.16821,0
4.7,7.2,0,0.260907,0.164027,0
4.7,7.3,0,0.27273,0.159482,0
4.7,7.4,0,0.282406,0.137798,0
4.7,7.5,0,0.290736,0.121893,0
4.7,7.6,0,0.296083,0.11988,0
4.7,7.7,0,0.300453,0.109505,0
4.7,7.8,0,0.304523,0.101316,0
4.7,7.9,0,0.308491,0.0996497,0
4.7,8,0,0.311166,0.0936935,0
4.7,8.1,0,0.313619,0.0889549,0
4.7,8.2,0,0.315709,0.0858104,0
4.7,8.3,0,0.31699,0.0816743,0
4.7,8.4,0,0.318184,0.0781622,0
4.7,8.5,0,0.319087,0.0751851,0
4.7,8.6,0,0.319602,0.0720727,0
4.7,8.7,0,0.320127,0.0692753,0
4.7,8.8,0,0.320417,0.0668542,0
4.7,8.9,0,0.320507,0.0644203,0
4.7,9,0,0.32066,0.0621543,0
4.7,9.1,0,0.320588,0.0602086,0
4.7,9.2,0,0.320417,0.058235,0
4.7,9.3,0,0.320308,0.0564111,0
4.7,9.4,0,0.320018,0.0547954,0
4.7,9.5,0,0.319674,0.0531644,0
4.7,9.6,0,0.319388,0.0516866,0
4.7,9.7,0,0.318953,0.0503316,0
4.7,9.8,0,0.3185,0.0489756,0
4.7,9.9,0,0.318091,0.0477648,0
4.7,10,0,0.317562,0.0466239,0
4.7,10.1,0,0.317044,0.0454935,0
4.7,10.2,0,0.316544,0.0444914,0
4.7,10.3,0,0.315959,0.0435297,0
4.7,10.4,0,0.315399,0.0425833,0
4.7,10.5,0,0.314836,0.0417533,0
4.7,10.6,0,0.31422,0.0409434,0
4.7,10.7,0,0.313635,0.0401509,0
4.7,10.8,0,0.313032,0.0394673,0
4.7,10.9,0,0.312397,0.0387881,0
4.7,11,0,0.311797,0.0381363,0
4.7,11.1,0,0.311171,0.0375717,0
4.7,11.2,0,0.310525,0.0370075,0
4.7,11.3,0,0.309917,0.0364821,0
4.7,11.4,0,0.309278,0.0360205,0
4.7,11.5,0,0.308627,0.0355596,0
4.7,11.6,0,0.308015,0.0351472,0
4.7,11.7,0,0.307368,0.0347806,0
4.7,11.8,0,0.306721,0.0344168,0
4.7,11.9,0,0.306106,0.0341058,0
4.7,12,0,0.305462,0.0338259,0
4.7,12.1,0,0.304831,0.03355,0
4.7,12.2,0,0.30423,0.033327,0
4.7,12.3,0,0.303643,0.0331149,0
4.7,12.4,0,0.30309,0.0329044,0
4.7,12.5,0,0.302646,0.032763,0
4.7,12.6,0,0.302376,0.0326706,0
4.7,12.7,0,0.302263,0.0326138,0
4.8,0,0,0.300977,-0.0498477,0
4.8,0.1,0,0.301039,-0.0499268,0
4.8,0.2,0,0.301163,-0.049984,0
4.8,0.3,0,0.301432,-0.0501071,0
4.8,0.4,0,0.301687,-0.0502411,0
4.8,0.5,0,0.301954,-0.0503389,0
4.8,0.6,0,0.302227,-0.0505605,0
4.8,0.7,0,0.302479,-0.0507372,0
4.8,0.8,0,0.302746,-0.0509493,0
4.8,0.9,0,0.302974,-0.0511731,0
4.8,1,0,0.3032,-0.0513627,0
4.8,1.1,0,0.303421,-0.0516831,0
4.8,1.2,0,0.303616,-0.0519542,0
4.8,1.3,0,0.303814,-0.0522665,0
4.8,1.4,0,0.303968,-0.052584,0
4.8,1.5,0,0.304113,-0.0528663,0
4.8,1.6,0,0.304249,-0.0532854,0
4.8,1.7,0,0.304353,-0.0536484,0
4.8,1.8,0,0.304452,-0.0540578,0
4.8,1.9,0,0.304497,-0.0544657,0
4.8,2,0,0.304527,-0.0548364,0
4.8,2.1,0,0.304543,-0.0553531,0
4.8,2.2,0,0.304518,-0.0558056,0
4.8,2.3,0,0.304479,-0.0563107,0
4.8,2.4,0,0.304373,-0.0568076,0
4.8,2.5,0,0.304245,-0.0572641,0
4.8,2.6,0,0.304093,-0.0578812,0
4.8,2.7,0,0.303892,-0.0584237,0
4.8,2.8,0,0.303666,-0.0590283,0
4.8,2.9,0,0.303355,-0.0596192,0
4.8,3,0,0.303017,-0.0601649,0
4.8,3.1,0,0.302639,-0.0608969,0
4.8,3.2,0,0.302202,-0.0615417,0
4.8,3.3,0,0.301729,-0.0622653,0
4.8,3.4,0,0.301144,-0.0629744,0
4.8,3.5,0,0.300528,-0.0636324,0
4.8,3.6,0,0.299852,-0.0645274,0
4.8,3.7,0,0.299097,-0.0653187,0
4.8,3.8,0,0.298305,-0.0662288,0
4.8,3.9,0,0.297349,-0.0671321,0
4.8,4,0,0.296366,-0.0679817,0
4.8,4.1,0,0.295276,-0.0691819,0
4.8,4.2,0,0.294073,-0.0702407,0
4.8,4.3,0,0.292816,-0.0715681,0
4.8,4.4,0,0.291283,-0.0728386,0
4.8,4.5,0,0.289776,-0.0740624,0
4.8,4.6,0,0.287831,-0.0760799,0
4.8,4.7,0,0.285783,-0.0776553,0
4.8,4.8,0,0.283468,-0.0805191,0
4.8,4.9,0,0.281225,-0.0821783,0
4.8,5,0,0.279862,-0.0830036,0
4.8,5.1,0,0.275165,-0.0879397,0
4.8,5.2,0,0.271788,-0.0925129,0
4.8,5.3,0,0.268531,-0.0984924,0
4.8,5.4,0,0.265504,-0.106149,0
4.8,5.5,0,0.262183,-0.115358,0
4.8,5.6,0,0.256865,-0.12526,0
4.8,5.7,0,0.246282,-0.133973,0
4.8,5.8,0,0.225649,-0.138507,0
4.8,5.9,0,0.18907,-0.135226,0
4.8,6,0,0.117214,-0.100109,0
4.8,6.1,0,0.0873521,-0.0741578,0
4.8,6.2,0,0.0727299,-0.0489455,0
4.8,6.3,0,0.0641694,-0.0255517,0
4.8,6.4,0,0.059698,-0.00318704,0
4.8,6.5,0,0.0585832,0.0187534,0
4.8,6.6,0,0.0606215,0.0408498,0
4.8,6.7,0,0.0660364,0.0636881,0
4.8,6.8,0,0.0756165,0.0878886,0
4.8,6.9,0,0.0915934,0.114493,0
4.8,7,0,0.157922,0.150143,0
4.8,7.1,0,0.231398,0.218447,0
4.8,7.2,0,0.258197,0.214263,0
4.8,7.3,0,0.277676,0.176595,0
4.8,7.4,0,0.288269,0.170832,0
4.8,7.5,0,0.296599,0.154927,0
4.8,7.6,0,0.303063,0.132768,0
4.8,7.7,0,0.306076,0.127204,0
4.8,7.8,0,0.310188,0.118579,0
4.8,7.9,0,0.313153,0.107148,0
4.8,8,0,0.315251,0.101788,0
4.8,8.1,0,0.317916,0.0955079,0
4.8,8.2,0,0.319036,0.0892651,0
4.8,8.3,0,0.320317,0.085129,0
4.8,8.4,0,0.321625,0.0806351,0
4.8,8.5,0,0.321934,0.0768398,0
4.8,8.6,0,0.322449,0.0737274,0
4.8,8.7,0,0.322906,0.0705199,0
4.8,8.8,0,0.322804,0.0678801,0
4.8,8.9,0,0.322894,0.0654461,0
4.8,9,0,0.322871,0.0630179,0
4.8,9.1,0,0.322563,0.0609745,0
4.8,9.2,0,0.322392,0.059001,0
4.8,9.3,0,0.322072,0.0570814,0
4.8,9.4,0,0.321652,0.0554171,0
4.8,9.5,0,0.321308,0.053786,0
4.8,9.6,0,0.320812,0.0522335,0
4.8,9.7,0,0.320316,0.0508585,0
4.8,9.8,0,0.319852,0.0494989,0
4.8,9.9,0,0.319252,0.0482294,0
4.8,10,0,0.318707,0.047084,0
4.8,10.1,0,0.31816,0.0459455,0
4.8,10.2,0,0.317508,0.0449021,0
4.8,10.3,0,0.316923,0.0439404,0
4.8,10.4,0,0.316324,0.0429845,0
4.8,10.5,0,0.315648,0.0421265,0
4.8,10.6,0,0.315032,0.0413166,0
4.8,10.7,0,0.3144,0.0405148,0
4.8,10.8,0,0.313713,0.0398114,0
4.8,10.9,0,0.313078,0.0391322,0
4.8,11,0,0.31242,0.0384705,0
4.8,11.1,0,0.311737,0.0378926,0
4.8,11.2,0,0.311091,0.0373284,0
4.8,11.3,0,0.310414,0.0367921,0
4.8,11.4,0,0.30974,0.0363226,0
4.8,11.5,0,0.309089,0.0358617,0
4.8,11.6,0,0.308399,0.0354371,0
4.8,11.7,0,0.307735,0.0350668,0
4.8,11.8,0,0.30708,0.0347026,0
4.8,11.9,0,0.306387,0.034379,0
4.8,12,0,0.305742,0.0340988,0
4.8,12.1,0,0.305094,0.033822,0
4.8,12.2,0,0.304429,0.0335881,0
4.8,12.3,0,0.303841,0.033376,0
4.8,12.4,0,0.303268,0.0331629,0
4.8,12.5,0,0.30278,0.0330089,0
4.8,12.6,0,0.302511,0.0329166,0
4.8,12.7,0,0.302401,0.0328638,0
4.9,0,0,0.301059,-0.0505643,0
4.9,0.1,0,0.30106,-0.0506653,0
4.9,0.2,0,0.301265,-0.0507092,0
4.9,0.3,0,0.301534,-0.0508323,0
4.9,0.4,0,0.301819,-0.0510204,0
4.9,0.5,0,0.302099,-0.0510821,0
4.9,0.6,0,0.302392,-0.0513485,0
4.9,0.7,0,0.30267,-0.0515008,0
4.9,0.8,0,0.302937,-0.0517129,0
4.9,0.9,0,0.303211,-0.0519956,0
4.9,1,0,0.303436,-0.0521511,0
4.9,1.1,0,0.303684,-0.0525209,0
4.9,1.2,0,0.303896,-0.0527722,0
4.9,1.3,0,0.304095,-0.0530845,0
4.9,1.4,0,0.304299,-0.0534717,0
4.9,1.5,0,0.304437,-0.0537189,0
4.9,1.6,0,0.304606,-0.0541939,0
4.9,1.7,0,0.30472,-0.0545408,0
4.9,1.8,0,0.304819,-0.0549501,0
4.9,1.9,0,0.304922,-0.0554406,0
4.9,2,0,0.304938,-0.0557741,0
4.9,2.1,0,0.304993,-0.0563551,0
4.9,2.2,0,0.304972,-0.0567944,0
4.9,2.3,0,0.304932,-0.0572995,0
4.9,2.4,0,0.304892,-0.0578942,0
4.9,2.5,0,0.304743,-0.0583103,0
4.9,2.6,0,0.304639,-0.0590018,0
4.9,2.7,0,0.304436,-0.0595337,0
4.9,2.8,0,0.30421,-0.0601382,0
4.9,2.9,0,0.303978,-0.0608449,0
4.9,3,0,0.303612,-0.0613456,0
4.9,3.1,0,0.303294,-0.0621647,0
4.9,3.2,0,0.302856,-0.0628007,0
4.9,3.3,0,0.302382,-0.0635243,0
4.9,3.4,0,0.301903,-0.0643718,0
4.9,3.5,0,0.301255,-0.0649789,0
4.9,3.6,0,0.300659,-0.0659775,0
4.9,3.7,0,0.299921,-0.0667657,0
4.9,3.8,0,0.299129,-0.0676758,0
4.9,3.9,0,0.298335,-0.0687578,0
4.9,4,0,0.297326,-0.0695538,0
4.9,4.1,0,0.296347,-0.0708952,0
4.9,4.2,0,0.295228,-0.0719959,0
4.9,4.3,0,0.29397,-0.0733233,0
4.9,4.4,0,0.292711,-0.074972,0
4.9,4.5,0,0.29123,-0.0761491,0
4.9,4.6,0,0.28939,-0.0786088,0
4.9,4.7,0,0.287812,-0.0804203,0
4.9,4.8,0,0.285496,-0.0832841,0
4.9,4.9,0,0.283428,-0.0868088,0
4.9,5,0,0.282946,-0.0868003,0
4.9,5.1,0,0.279832,-0.0929504,0
4.9,5.2,0,0.278164,-0.0985612,0
4.9,5.3,0,0.277098,-0.105649,0
4.9,5.4,0,0.276404,-0.114152,0
4.9,5.5,0,0.274811,-0.123391,0
4.9,5.6,0,0.269479,-0.131799,0
4.9,5.7,0,0.255852,-0.136847,0
4.9,5.8,0,0.227939,-0.135242,0
4.9,5.9,0,0.178317,-0.123932,0
4.9,6,0,0.058607,-0.0500546,0
4.9,6.1,0,0.043676,-0.0370789,0
4.9,6.2,0,0.0363649,-0.0244728,0
4.9,6.3,0,0.0320847,-0.0127759,0
4.9,6.4,0,0.029849,-0.00159352,0
4.9,6.5,0,0.0292916,0.00937672,0
4.9,6.6,0,0.0303107,0.0204249,0
4.9,6.7,0,0.0330182,0.031844,0
4.9,6.8,0,0.0378082,0.0439443,0
4.9,6.9,0,0.0457967,0.0572463,0
4.9,7,0,0.0789608,0.0750715,0
4.9,7.1,0,0.187649,0.198058,0
4.9,7.2,0,0.264504,0.230831,0
4.9,7.3,0,0.28135,0.175799,0
4.9,7.4,0,0.295078,0.183837,0
4.9,7.5,0,0.307454,0.160955,0
4.9,7.6,0,0.314052,0.136131,0
4.9,7.7,0,0.314556,0.136805,0
4.9,7.8,0,0.319198,0.1232,0
4.9,7.9,0,0.322163,0.111769,0
4.9,8,0,0.321369,0.107121,0
4.9,8.1,0,0.323778,0.0981843,0
4.9,8.2,0,0.324847,0.0919436,0
4.9,8.3,0,0.32444,0.0873629,0
4.9,8.4,0,0.325614,0.0821163,0
4.9,8.5,0,0.325791,0.0782745,0
4.9,8.6,0,0.325525,0.0747906,0
4.9,8.7,0,0.325915,0.071476,0
4.9,8.8,0,0.325686,0.068768,0
4.9,8.9,0,0.325346,0.0661526,0
4.9,9,0,0.325265,0.0637174,0
4.9,9.1,0,0.32483,0.0616095,0
4.9,9.2,0,0.324367,0.059553,0
4.9,9.3,0,0.324018,0.0576349,0
4.9,9.4,0,0.323464,0.0559144,0
4.9,9.5,0,0.322921,0.0542492,0
4.9,9.6,0,0.322416,0.0526976,0
4.9,9.7,0,0.321777,0.0512746,0
4.9,9.8,0,0.321189,0.0499049,0
4.9,9.9,0,0.320589,0.0486354,0
4.9,10,0,0.319897,0.0474482,0
4.9,10.1,0,0.319282,0.0463109,0
4.9,10.2,0,0.31862,0.0452641,0
4.9,10.3,0,0.317897,0.0442682,0
4.9,10.4,0,0.317267,0.0433195,0
4.9,10.5,0,0.316567,0.0424532,0
4.9,10.6,0,0.315838,0.0416205,0
4.9,10.7,0,0.315192,0.0408262,0
4.9,10.8,0,0.314471,0.0401106,0
4.9,10.9,0,0.313747,0.0394195,0
4.9,11,0,0.313081,0.0387628,0
4.9,11.1,0,0.312355,0.0381696,0
4.9,11.2,0,0.31164,0.0376023,0
4.9,11.3,0,0.310959,0.0370687,0
4.9,11.4,0,0.310234,0.0365826,0
4.9,11.5,0,0.309529,0.0361243,0
4.9,11.6,0,0.308839,0.0357002,0
4.9,11.7,0,0.308117,0.0353127,0
4.9,11.8,0,0.307424,0.0349536,0
4.9,11.9,0,0.306732,0.03463,0
4.9,12,0,0.306017,0.0343336,0
4.9,12.1,0,0.305349,0.0340619,0
4.9,12.2,0,0.304672,0.0338268,0
4.9,12.3,0,0.304003,0.0336047,0
4.9,12.4,0,0.303447,0.0333901,0
4.9,12.5,0,0.302873,0.0332149,0
4.9,12.6,0,0.302537,0.0331065,0
4.9,12.7,0,0.302546,0.0330837,0
5,0,0,0.301141,-0.0512809,0
5,0.1,0,0.301285,-0.0513467,0
5,0.2,0,0.301428,-0.0514124,0
5,0.3,0,0.301649,-0.0515213,0
5,0.4,0,0.301946,-0.0516733,0
5,0.5,0,0.302244,-0.0518252,0
5,0.6,0,0.302542,-0.0520224,0
5,0.7,0,0.30284,-0.0522195,0
5,0.8,0,0.303126,-0.0524424,0
5,0.9,0,0.303399,-0.0526909,0
5,1,0,0.303672,-0.0529395,0
5,1.1,0,0.30391,-0.0532402,0
5,1.2,0,0.304149,-0.0535409,0
5,1.3,0,0.304367,-0.0538673,0
5,1.4,0,0.304564,-0.0542194,0
5,1.5,0,0.304761,-0.0545715,0
5,1.6,0,0.304908,-0.0549743,0
5,1.7,0,0.305055,-0.0553771,0
5,1.8,0,0.305172,-0.0558052,0
5,1.9,0,0.30526,-0.0562584,0
5,2,0,0.305348,-0.0567117,0
5,2.1,0,0.305367,-0.0572153,0
5,2.2,0,0.305386,-0.0577189,0
5,2.3,0,0.305364,-0.0582478,0
5,2.4,0,0.305303,-0.0588021,0
5,2.5,0,0.305241,-0.0593564,0
5,2.6,0,0.305087,-0.0599627,0
5,2.7,0,0.304933,-0.0605691,0
5,2.8,0,0.304726,-0.0612031,0
5,2.9,0,0.304466,-0.0618647,0
5,3,0,0.304207,-0.0625263,0
5,3.1,0,0.303828,-0.0632494,0
5,3.2,0,0.30345,-0.0639726,0
5,3.3,0,0.303005,-0.0647324,0
5,3.4,0,0.302494,-0.0655288,0
5,3.5,0,0.301982,-0.0663253,0
5,3.6,0,0.301324,-0.0672171,0
5,3.7,0,0.300666,-0.068109,0
5,3.8,0,0.299927,-0.0690691,0
5,3.9,0,0.299106,-0.0700974,0
5,4,0,0.298285,-0.0711258,0
5,4.1,0,0.297278,-0.0723678,0
5,4.2,0,0.296271,-0.0736097,0
5,4.3,0,0.295151,-0.0750317,0
5,4.4,0,0.293918,-0.0766338,0
5,4.5,0,0.292685,-0.0782358,0
5,4.6,0,0.291211,-0.0804894,0
5,4.7,0,0.289737,-0.082743,0
5,4.8,0,0.288406,-0.0852152,0
5,4.9,0,0.287218,-0.0879061,0
5,5,0,0.28603,-0.090597,0
5,5.1,0,0.284499,-0.0979612,0
5,5.2,0,0.284541,-0.104609,0
5,5.3,0,0.285665,-0.112805,0
5,5.4,0,0.287304,-0.122156,0
5,5.5,0,0.287439,-0.131424,0
5,5.6,0,0.282093,-0.138338,0
5,5.7,0,0.265423,-0.13972,0
5,5.8,0,0.230229,-0.131977,0
5,5.9,0,0.167563,-0.112638,0
5,6,0,0,0,0
5,6.1,0,0,0,0
5,6.2,0,0,0,0
5,6.3,0,0,0,0
5,6.4,0,0,0,0
5,6.5,0,0,0,0
5,6.6,0,0,0,0
5,6.7,0,0,0,0
5,6.8,0,0,0,0
5,6.9,0,0,0,0
5,7,0,0,0,0
5,7.1,0,0.0992865,0.0609705,0
5,7.2,0,0.198573,0.121941,0
5,7.3,0,0.285179,0.171927,0
5,7.4,0,0.299925,0.159671,0
5,7.5,0,0.314671,0.147414,0
5,7.6,0,0.325693,0.136635,0
5,7.7,0,0.328026,0.129303,0
5,7.8,0,0.33036,0.121972,0
5,7.9,0,0.331538,0.114643,0
5,8,0,0.331304,0.107316,0
5,8.1,0,0.33107,0.0999903,0
5,8.2,0,0.330759,0.0939492,0
5,8.3,0,0.330397,0.0887647,0
5,8.4,0,0.330035,0.0835802,0
5,8.5,0,0.329686,0.0796042,0
5,8.6,0,0.329342,0.0760311,0
5,8.7,0,0.328998,0.072458,0
5,8.8,0,0.328558,0.0697075,0
5,8.9,0,0.328108,0.0670484,0
5,9,0,0.327652,0.0644172,0
5,9.1,0,0.327089,0.0623155,0
5,9.2,0,0.326525,0.0602139,0
5,9.3,0,0.325945,0.0581908,0
5,9.4,0,0.325302,0.0564814,0
5,9.5,0,0.324658,0.0547719,0
5,9.6,0,0.323997,0.0531668,0
5,9.7,0,0.323303,0.0517552,0
5,9.8,0,0.322609,0.0503437,0
5,9.9,0,0.321901,0.0490491,0
5,10,0,0.321176,0.0478716,0
5,10.1,0,0.320452,0.0466941,0
5,10.2,0,0.319717,0.0456396,0
5,10.3,0,0.318976,0.0446513,0
5,10.4,0,0.318234,0.043663,0
5,10.5,0,0.317487,0.0428007,0
5,10.6,0,0.316738,0.0419701,0
5,10.7,0,0.315989,0.0411394,0
5,10.8,0,0.315239,0.0404367,0
5,10.9,0,0.314489,0.0397408,0
5,11,0,0.31374,0.0390567,0
5,11.1,0,0.312992,0.0384787,0
5,11.2,0,0.312245,0.0379007,0
5,11.3,0,0.311498,0.037349,0
5,11.4,0,0.310755,0.0368762,0
5,11.5,0,0.310012,0.0364034,0
5,11.6,0,0.309271,0.0359691,0
5,11.7,0,0.308534,0.0355925,0
5,11.8,0,0.307797,0.0352159,0
5,11.9,0,0.307069,0.0348872,0
5,12,0,0.306346,0.0345977,0
5,12.1,0,0.305624,0.0343081,0
5,12.2,0,0.30495,0.034065,0
5,12.3,0,0.304296,0.0338419,0
5,12.4,0,0.303641,0.0336187,0
5,12.5,0,0.303289,0.0335012,0
5,12.6,0,0.302991,0.0334024,0
5,12.7,0,0.302692,0.0333035,0
5.1,0,0,0.30126,-0.052148,0
5.1,0.1,0,0.301293,-0.05223,0
5.1,0.2,0,0.301499,-0.0522979,0
5.1,0.3,0,0.301804,-0.0524383,0
5.1,0.4,0,0.302131,-0.0526244,0
5.1,0.5,0,0.30245,-0.0527302,0
5.1,0.6,0,0.30279,-0.0529876,0
5.1,0.7,0,0.303112,-0.0531772,0
5.1,0.8,0,0.303421,-0.0534093,0
5.1,0.9,0,0.303737,-0.0536948,0
5.1,1,0,0.304003,-0.0539027,0
5.1,1.1,0,0.304299,-0.0542716,0
5.1,1.2,0,0.304555,-0.0545695,0
5.1,1.3,0,0.304795,-0.0549101,0
5.1,1.4,0,0.30504,-0.0553075,0
5.1,1.5,0,0.305216,-0.055617,0
5.1,1.6,0,0.305433,-0.0560991,0
5.1,1.7,0,0.305592,-0.0565026,0
5.1,1.8,0,0.305732,-0.0569491,0
5.1,1.9,0,0.305873,-0.0574571,0
5.1,2,0,0.305926,-0.0578649,0
5.1,2.1,0,0.30603,-0.0584607,0
5.1,2.2,0,0.306055,-0.0589682,0
5.1,2.3,0,0.306057,-0.0595201,0
5.1,2.4,0,0.306055,-0.0601395,0
5.1,2.5,0,0.305944,-0.0606437,0
5.1,2.6,0,0.305893,-0.0613566,0
5.1,2.7,0,0.30574,-0.0619692,0
5.1,2.8,0,0.305559,-0.0626299,0
5.1,2.9,0,0.305372,-0.0633663,0
5.1,3,0,0.305048,-0.0639714,0
5.1,3.1,0,0.304798,-0.064814,0
5.1,3.2,0,0.304422,-0.0655438,0
5.1,3.3,0,0.304012,-0.0663315,0
5.1,3.4,0,0.303597,-0.0672086,0
5.1,3.5,0,0.303013,-0.0679422,0
5.1,3.6,0,0.302526,-0.0689581,0
5.1,3.7,0,0.301891,-0.069855,0
5.1,3.8,0,0.301212,-0.0708376,0
5.1,3.9,0,0.300551,-0.071942,0
5.1,4,0,0.299671,-0.0729082,0
5.1,4.1,0,0.298935,-0.0742525,0
5.1,4.2,0,0.298043,-0.0754937,0
5.1,4.3,0,0.297083,-0.0769132,0
5.1,4.4,0,0.29624,-0.0785352,0
5.1,4.5,0,0.29507,-0.0800704,0
5.1,4.6,0,0.294216,-0.0822217,0
5.1,4.7,0,0.293336,-0.0843581,0
5.1,4.8,0,0.29246,-0.0868515,0
5.1,4.9,0,0.292279,-0.0894345,0
5.1,5,0,0.291658,-0.0918332,0
5.1,5.1,0,0.292359,-0.0987068,0
5.1,5.2,0,0.294066,-0.104347,0
5.1,5.3,0,0.296255,-0.110394,0
5.1,5.4,0,0.297314,-0.115759,0
5.1,5.5,0,0.294026,-0.11853,0
5.1,5.6,0,0.28151,-0.116121,0
5.1,5.7,0,0.253844,-0.10584,0
5.1,5.8,0,0.205092,-0.0858585,0
5.1,5.9,0,0.12986,-0.0572202,0
5.1,6,0,0,0,0
5.1,7,0,0,0,0
5.1,7.1,0,0.166072,0.0895332,0
5.1,7.2,0,0.256858,0.144706,0
5.1,7.3,0,0.277086,0.144561,0
5.1,7.4,0,0.323187,0.127765,0
5.1,7.5,0,0.332748,0.120865,0
5.1,7.6,0,0.33315,0.1274,0
5.1,7.7,0,0.343936,0.125091,0
5.1,7.8,0,0.342519,0.117906,0
5.1,7.9,0,0.339361,0.111681,0
5.1,8,0,0.340039,0.105357,0
5.1,8.1,0,0.33808,0.0983345,0
5.1,8.2,0,0.335982,0.0929232,0
5.1,8.3,0,0.335309,0.0879774,0
5.1,8.4,0,0.334359,0.0830325,0
5.1,8.5,0,0.333175,0.0794629,0
5.1,8.6,0,0.332664,0.0759753,0
5.1,8.7,0,0.332041,0.0724015,0
5.1,8.8,0,0.3311,0.0698487,0
5.1,8.9,0,0.330624,0.0672005,0
5.1,9,0,0.329951,0.0644968,0
5.1,9.1,0,0.329077,0.0624822,0
5.1,9.2,0,0.328491,0.0603728,0
5.1,9.3,0,0.327742,0.0583165,0
5.1,9.4,0,0.32691,0.056639,0
5.1,9.5,0,0.326235,0.054923,0
5.1,9.6,0,0.325437,0.0533109,0
5.1,9.7,0,0.324627,0.0519117,0
5.1,9.8,0,0.323899,0.0504964,0
5.1,9.9,0,0.323072,0.0492031,0
5.1,10,0,0.322277,0.0480303,0
5.1,10.1,0,0.321518,0.0468508,0
5.1,10.2,0,0.320677,0.0457981,0
5.1,10.3,0,0.319896,0.0448111,0
5.1,10.4,0,0.319122,0.0438222,0
5.1,10.5,0,0.318275,0.0429602,0
5.1,10.6,0,0.317509,0.0421295,0
5.1,10.7,0,0.316729,0.0412995,0
5.1,10.8,0,0.315883,0.0405947,0
5.1,10.9,0,0.315131,0.0398989,0
5.1,11,0,0.314347,0.0392158,0
5.1,11.1,0,0.313525,0.0386342,0
5.1,11.2,0,0.312772,0.0380566,0
5.1,11.3,0,0.311987,0.037505,0
5.1,11.4,0,0.31119,0.0370283,0
5.1,11.5,0,0.310438,0.0365562,0
5.1,11.6,0,0.309655,0.0361204,0
5.1,11.7,0,0.30888,0.03574,0
5.1,11.8,0,0.308131,0.0353646,0
5.1,11.9,0,0.307353,0.0350341,0
5.1,12,0,0.306603,0.0347426,0
5.1,12.1,0,0.305872,0.0344523,0
5.1,12.2,0,0.305116,0.0342141,0
5.1,12.3,0,0.304434,0.0339928,0
5.1,12.4,0,0.30381,0.0337562,0
5.1,12.5,0,0.303172,0.0335778,0
5.1,12.6,0,0.302839,0.0334721,0
5.1,12.7,0,0.302835,0.0334332,0
5.2,0,0,0.301375,-0.0529366,0
5.2,0.1,0,0.3014,-0.0529577,0
5.2,0.2,0,0.301619,-0.053055,0
5.2,0.3,0,0.301954,-0.0532098,0
5.2,0.4,0,0.302287,-0.053376,0
5.2,0.5,0,0.302648,-0.0535546,0
5.2,0.6,0,0.303003,-0.0537582,0
5.2,0.7,0,0.303343,-0.053979,0
5.2,0.8,0,0.303686,-0.0542264,0
5.2,0.9,0,0.304006,-0.0544909,0
5.2,1,0,0.304322,-0.0547813,0
5.2,1.1,0,0.304623,-0.0550982,0
5.2,1.2,0,0.3049,-0.0554311,0
5.2,1.3,0,0.305173,-0.0557929,0
5.2,1.4,0,0.305418,-0.0561694,0
5.2,1.5,0,0.305653,-0.0565722,0
5.2,1.6,0,0.305867,-0.0570015,0
5.2,1.7,0,0.30605,-0.0574448,0
5.2,1.8,0,0.306223,-0.057919,0
5.2,1.9,0,0.306362,-0.0584056,0
5.2,2,0,0.306481,-0.0589196,0
5.2,2.1,0,0.306574,-0.0594607,0
5.2,2.2,0,0.306626,-0.0600136,0
5.2,2.3,0,0.306661,-0.0605996,0
5.2,2.4,0,0.306654,-0.0611964,0
5.2,2.5,0,0.306618,-0.0618215,0
5.2,2.6,0,0.306549,-0.0624753,0
5.2,2.7,0,0.306428,-0.0631393,0
5.2,2.8,0,0.306284,-0.0638395,0
5.2,2.9,0,0.306088,-0.0645507,0
5.2,3,0,0.305852,-0.0652915,0
5.2,3.1,0,0.30558,-0.0660662,0
5.2,3.2,0,0.305244,-0.0668527,0
5.2,3.3,0,0.304882,-0.0676807,0
5.2,3.4,0,0.304459,-0.0685279,0
5.2,3.5,0,0.303991,-0.0694078,0
5.2,3.6,0,0.30349,-0.0703395,0
5.2,3.7,0,0.302912,-0.0712953,0
5.2,3.8,0,0.302322,-0.0723069,0
5.2,3.9,0,0.301662,-0.0733718,0
5.2,4,0,0.300971,-0.0744803,0
5.2,4.1,0,0.300275,-0.0756988,0
5.2,4.2,0,0.299493,-0.0769916,0
5.2,4.3,0,0.298771,-0.0783796,0
5.2,4.4,0,0.297976,-0.079929,0
5.2,4.5,0,0.297251,-0.0815628,0
5.2,4.6,0,0.296673,-0.0834348,0
5.2,4.7,0,0.296106,-0.085584,0
5.2,4.8,0,0.295934,-0.0879366,0
5.2,4.9,0,0.295908,-0.0904128,0
5.2,5,0,0.296257,-0.0926689,0
5.2,5.1,0,0.298272,-0.0987807,0
5.2,5.2,0,0.300568,-0.103148,0
5.2,5.3,0,0.302343,-0.106872,0
5.2,5.4,0,0.301105,-0.108428,0
5.2,5.5,0,0.292846,-0.105676,0
5.2,5.6,0,0.272444,-0.0962955,0
5.2,5.7,0,0.234781,-0.0786444,0
5.2,5.8,0,0.176342,-0.0529415,0
5.2,5.9,0,0.0968416,-0.0231272,0
5.2,6,0,0,0,0
5.2,7,0,0,0,0
5.2,7.1,0,0.165336,0.0881377,0
5.2,7.2,0,0.242886,0.118191,0
5.2,7.3,0,0.263115,0.118047,0
5.2,7.4,0,0.312906,0.1044,0
5.2,7.5,0,0.336303,0.109312,0
5.2,7.6,0,0.336706,0.115847,0
5.2,7.7,0,0.348762,0.116371,0
5.2,7.8,0,0.349523,0.114043,0
5.2,7.9,0,0.346365,0.107819,0
5.2,8,0,0.346386,0.102772,0
5.2,8.1,0,0.343835,0.0968993,0
5.2,8.2,0,0.341737,0.091488,0
5.2,8.3,0,0.339941,0.087208,0
5.2,8.4,0,0.338473,0.0825704,0
5.2,8.5,0,0.337289,0.0790008,0
5.2,8.6,0,0.335849,0.0758547,0
5.2,8.7,0,0.335052,0.0723448,0
5.2,8.8,0,0.334111,0.069792,0
5.2,8.9,0,0.332939,0.0672754,0
5.2,9,0,0.332266,0.0645717,0
5.2,9.1,0,0.331343,0.0625615,0
5.2,9.2,0,0.330338,0.06049,0
5.2,9.3,0,0.329588,0.0584337,0
5.2,9.4,0,0.328668,0.0567614,0
5.2,9.5,0,0.327743,0.0550599,0
5.2,9.6,0,0.326945,0.0534478,0
5.2,9.7,0,0.326027,0.0520535,0
5.2,9.8,0,0.325149,0.0506451,0
5.2,9.9,0,0.324323,0.0493518,0
5.2,10,0,0.323409,0.048183,0
5.2,10.1,0,0.322565,0.0470064,0
5.2,10.2,0,0.321723,0.0459537,0
5.2,10.3,0,0.320819,0.0449692,0
5.2,10.4,0,0.320001,0.0439812,0
5.2,10.5,0,0.319153,0.0431192,0
5.2,10.6,0,0.318261,0.0422896,0
5.2,10.7,0,0.317466,0.0414596,0
5.2,10.8,0,0.31662,0.0407548,0
5.2,10.9,0,0.315747,0.0400584,0
5.2,11,0,0.314962,0.0393753,0
5.2,11.1,0,0.314124,0.0387934,0
5.2,11.2,0,0.313281,0.038214,0
5.2,11.3,0,0.312496,0.0376624,0
5.2,11.4,0,0.311668,0.0371847,0
5.2,11.5,0,0.31085,0.0367104,0
5.2,11.6,0,0.310068,0.0362745,0
5.2,11.7,0,0.30925,0.035892,0
5.2,11.8,0,0.308455,0.0355142,0
5.2,11.9,0,0.307677,0.0351838,0
5.2,12,0,0.306875,0.0348885,0
5.2,12.1,0,0.306115,0.0345961,0
5.2,12.2,0,0.305359,0.0343579,0
5.2,12.3,0,0.304622,0.0341297,0
5.2,12.4,0,0.303983,0.0338913,0
5.2,12.5,0,0.303346,0.0337128,0
5.2,12.6,0,0.302984,0.033602,0
5.2,12.7,0,0.302978,0.0335628,0
5.3,0,0,0.301485,-0.0536467,0
5.3,0.1,0,0.301661,-0.0537278,0
5.3,0.2,0,0.301836,-0.0538088,0
5.3,0.3,0,0.302107,-0.0539391,0
5.3,0.4,0,0.302473,-0.0541188,0
5.3,0.5,0,0.302839,-0.0542984,0
5.3,0.6,0,0.303209,-0.0545245,0
5.3,0.7,0,0.30358,-0.0547506,0
5.3,0.8,0,0.303937,-0.0550061,0
5.3,0.9,0,0.304282,-0.0552908,0
5.3,1,0,0.304627,-0.0555755,0
5.3,1.1,0,0.304937,-0.0559189,0
5.3,1.2,0,0.305247,-0.0562622,0
5.3,1.3,0,0.305536,-0.0566345,0
5.3,1.4,0,0.305804,-0.0570358,0
5.3,1.5,0,0.306071,-0.0574371,0
5.3,1.6,0,0.306289,-0.057896,0
5.3,1.7,0,0.306507,-0.058355,0
5.3,1.8,0,0.306695,-0.0588428,0
5.3,1.9,0,0.306853,-0.0593593,0
5.3,2,0,0.307012,-0.0598759,0
5.3,2.1,0,0.307101,-0.0604499,0
5.3,2.2,0,0.307191,-0.061024,0
5.3,2.3,0,0.307241,-0.0616268,0
5.3,2.4,0,0.307252,-0.0622584,0
5.3,2.5,0,0.307262,-0.0628899,0
5.3,2.6,0,0.307183,-0.0635795,0
5.3,2.7,0,0.307104,-0.0642691,0
5.3,2.8,0,0.306976,-0.0649884,0
5.3,2.9,0,0.306797,-0.0657373,0
5.3,3,0,0.306619,-0.0664863,0
5.3,3.1,0,0.306334,-0.0672983,0
5.3,3.2,0,0.306048,-0.0681103,0
5.3,3.3,0,0.305708,-0.0689574,0
5.3,3.4,0,0.305312,-0.0698398,0
5.3,3.5,0,0.304916,-0.0707222,0
5.3,3.6,0,0.304414,-0.0716897,0
5.3,3.7,0,0.303911,-0.0726572,0
5.3,3.8,0,0.303365,-0.0736812,0
5.3,3.9,0,0.302775,-0.0747617,0
5.3,4,0,0.302185,-0.0758422,0
5.3,4.1,0,0.301556,-0.0770879,0
5.3,4.2,0,0.300927,-0.0783335,0
5.3,4.3,0,0.300335,-0.0797077,0
5.3,4.4,0,0.299782,-0.0812102,0
5.3,4.5,0,0.299228,-0.0827129,0
5.3,4.6,0,0.299024,-0.0846699,0
5.3,4.7,0,0.29882,-0.086627,0
5.3,4.8,0,0.29894,-0.0887052,0
5.3,4.9,0,0.299383,-0.0909046,0
5.3,5,0,0.299825,-0.093104,0
5.3,5.1,0,0.302239,-0.0981831,0
5.3,5.2,0,0.304045,-0.101014,0
5.3,5.3,0,0.30393,-0.102239,0
5.3,5.4,0,0.298677,-0.100162,0
5.3,5.5,0,0.283901,-0.0928619,0
5.3,5.6,0,0.254894,-0.0788626,0
5.3,5.7,0,0.208236,-0.0581348,0
5.3,5.8,0,0.143978,-0.0332262,0
5.3,5.9,0,0.0685079,-0.0103588,0
5.3,6,0,0,0,0
5.3,7,0,2.67622e-17,1.04607e-17,0
5.3,7.1,0,0.0845798,0.0330602,0
5.3,7.2,0,0.16916,0.0661205,0
5.3,7.3,0,0.246032,0.0947456,0
5.3,7.4,0,0.279228,0.0982382,0
5.3,7.5,0,0.312423,0.101731,0
5.3,7.6,0,0.337449,0.104405,0
5.3,7.7,0,0.343412,0.105168,0
5.3,7.8,0,0.349375,0.105931,0
5.3,7.9,0,0.351958,0.104204,0
5.3,8,0,0.35041,0.0994331,0
5.3,8.1,0,0.348862,0.0946625,0
5.3,8.2,0,0.346989,0.0902582,0
5.3,8.3,0,0.344899,0.086098,0
5.3,8.4,0,0.342809,0.0819378,0
5.3,8.5,0,0.341157,0.078538,0
5.3,8.6,0,0.339652,0.0753917,0
5.3,8.7,0,0.338147,0.0722454,0
5.3,8.8,0,0.336932,0.0696621,0
5.3,8.9,0,0.33575,0.0671414,0
5.3,9,0,0.334574,0.0646439,0
5.3,9.1,0,0.333517,0.0625869,0
5.3,9.2,0,0.332459,0.0605298,0
5.3,9.3,0,0.331414,0.0585465,0
5.3,9.4,0,0.330414,0.0568578,0
5.3,9.5,0,0.329414,0.0551692,0
5.3,9.6,0,0.328426,0.0535819,0
5.3,9.7,0,0.327461,0.0521827,0
5.3,9.8,0,0.326496,0.0507836,0
5.3,9.9,0,0.325544,0.0494989,0
5.3,10,0,0.324605,0.0483286,0
5.3,10.1,0,0.323666,0.0471583,0
5.3,10.2,0,0.322741,0.0461087,0
5.3,10.3,0,0.321823,0.045124,0
5.3,10.4,0,0.320906,0.0441394,0
5.3,10.5,0,0.320004,0.0432788,0
5.3,10.6,0,0.319107,0.0424492,0
5.3,10.7,0,0.31821,0.0416197,0
5.3,10.8,0,0.31733,0.0409165,0
5.3,10.9,0,0.316452,0.0402199,0
5.3,11,0,0.315576,0.039535,0
5.3,11.1,0,0.314715,0.0389548,0
5.3,11.2,0,0.313855,0.0383746,0
5.3,11.3,0,0.312998,0.0378204,0
5.3,11.4,0,0.312154,0.0373441,0
5.3,11.5,0,0.311309,0.0368679,0
5.3,11.6,0,0.310471,0.0364296,0
5.3,11.7,0,0.309641,0.0360483,0
5.3,11.8,0,0.308811,0.0356671,0
5.3,11.9,0,0.307993,0.0353329,0
5.3,12,0,0.307186,0.0350371,0
5.3,12.1,0,0.306379,0.0347414,0
5.3,12.2,0,0.305628,0.03449,0
5.3,12.3,0,0.304901,0.0342576,0
5.3,12.4,0,0.304174,0.0340252,0
5.3,12.5,0,0.303783,0.0339015,0
5.3,12.6,0,0.303452,0.033797,0
5.3,12.7,0,0.303121,0.0336925,0
5.4,0,0,0.301603,-0.054321,0
5.4,0.1,0,0.301633,-0.0543449,0
5.4,0.2,0,0.301884,-0.0544565,0
5.4,0.3,0,0.302252,-0.0546259,0
5.4,0.4,0,0.302641,-0.0548145,0
5.4,0.5,0,0.303042,-0.0550067,0
5.4,0.6,0,0.303438,-0.0552248,0
5.4,0.7,0,0.303837,-0.0554686,0
5.4,0.8,0,0.304215,-0.0557314,0
5.4,0.9,0,0.304594,-0.0560237,0
5.4,1,0,0.30495,-0.0563345,0
5.4,1.1,0,0.305292,-0.0566736,0
5.4,1.2,0,0.305628,-0.0570395,0
5.4,1.3,0,0.305936,-0.0574225,0
5.4,1.4,0,0.306239,-0.0578362,0
5.4,1.5,0,0.306514,-0.0582662,0
5.4,1.6,0,0.306769,-0.0587246,0
5.4,1.7,0,0.307009,-0.0592111,0
5.4,1.8,0,0.307217,-0.0597125,0
5.4,1.9,0,0.307413,-0.0602468,0
5.4,2,0,0.307572,-0.0607953,0
5.4,2.1,0,0.307706,-0.0613728,0
5.4,2.2,0,0.307816,-0.0619792,0
5.4,2.3,0,0.307886,-0.0625987,0
5.4,2.4,0,0.307937,-0.0632528,0
5.4,2.5,0,0.307942,-0.063919,0
5.4,2.6,0,0.307915,-0.0646151,0
5.4,2.7,0,0.307853,-0.0653404,0
5.4,2.8,0,0.307745,-0.0660777,0
5.4,2.9,0,0.307611,-0.066851,0
5.4,3,0,0.30742,-0.0676352,0
5.4,3.1,0,0.307195,-0.0684521,0
5.4,3.2,0,0.306929,-0.0692975,0
5.4,3.3,0,0.306611,-0.0701589,0
5.4,3.4,0,0.306269,-0.0710566,0
5.4,3.5,0,0.30586,-0.0719695,0
5.4,3.6,0,0.30543,-0.072925,0
5.4,3.7,0,0.30496,-0.0739081,0
5.4,3.8,0,0.304445,-0.0749262,0
5.4,3.9,0,0.303934,-0.075981,0
5.4,4,0,0.303359,-0.0770742,0
5.4,4.1,0,0.302814,-0.0782405,0
5.4,4.2,0,0.302281,-0.0794445,0
5.4,4.3,0,0.301739,-0.0807466,0
5.4,4.4,0,0.30134,-0.0821081,0
5.4,4.5,0,0.300942,-0.0836077,0
5.4,4.6,0,0.300765,-0.0852703,0
5.4,4.7,0,0.300884,-0.0871081,0
5.4,4.8,0,0.301191,-0.0892635,0
5.4,4.9,0,0.301775,-0.0911509,0
5.4,5,0,0.302389,-0.0927923,0
5.4,5.1,0,0.304381,-0.0963208,0
5.4,5.2,0,0.304627,-0.0973429,0
5.4,5.3,0,0.301441,-0.0960677,0
5.4,5.4,0,0.291455,-0.0910003,0
5.4,5.5,0,0.270757,-0.0808238,0
5.4,5.6,0,0.236003,-0.0650651,0
5.4,5.7,0,0.186041,-0.0448682,0
5.4,5.8,0,0.123646,-0.0235513,0
5.4,5.9,0,0.05687,-0.0065376,0
5.4,6,0,0,0,0
5.4,7,0,0,0,0
5.4,7.1,0,0.0622857,0.0394219,0
5.4,7.2,0,0.146961,0.0702574,0
5.4,7.3,0,0.228891,0.0805006,0
5.4,7.4,0,0.284717,0.0868153,0
5.4,7.5,0,0.314584,0.0911268,0
5.4,7.6,0,0.334833,0.0984791,0
5.4,7.7,0,0.350638,0.104411,0
5.4,7.8,0,0.35391,0.103262,0
5.4,7.9,0,0.355107,0.0998662,0
5.4,8,0,0.356129,0.0961615,0
5.4,8.1,0,0.353241,0.0915854,0
5.4,8.2,0,0.350955,0.0877005,0
5.4,8.3,0,0.349192,0.0837608,0
5.4,8.4,0,0.346483,0.080126,0
5.4,8.5,0,0.344534,0.0772786,0
5.4,8.6,0,0.343008,0.0742296,0
5.4,8.7,0,0.341051,0.0712912,0
5.4,8.8,0,0.339587,0.0690225,0
5.4,8.9,0,0.338394,0.0665179,0
5.4,9,0,0.336848,0.0641017,0
5.4,9.1,0,0.335621,0.0622208,0
5.4,9.2,0,0.334523,0.0601698,0
5.4,9.3,0,0.333234,0.0582429,0
5.4,9.4,0,0.33212,0.0566458,0
5.4,9.5,0,0.331063,0.0549649,0
5.4,9.6,0,0.329908,0.053422,0
5.4,9.7,0,0.328869,0.0520703,0
5.4,9.8,0,0.32784,0.0506782,0
5.4,9.9,0,0.326765,0.0494276,0
5.4,10,0,0.325779,0.048281,0
5.4,10.1,0,0.324774,0.0471163,0
5.4,10.2,0,0.323752,0.0460932,0
5.4,10.3,0,0.322808,0.0451194,0
5.4,10.4,0,0.321825,0.0441388,0
5.4,10.5,0,0.320843,0.0432994,0
5.4,10.6,0,0.319934,0.0424736,0
5.4,10.7,0,0.318972,0.041647,0
5.4,10.8,0,0.318023,0.0409608,0
5.4,10.9,0,0.317142,0.0402643,0
5.4,11,0,0.316205,0.0395819,0
5.4,11.1,0,0.315291,0.0390124,0
5.4,11.2,0,0.31442,0.0384322,0
5.4,11.3,0,0.313511,0.0378801,0
5.4,11.4,0,0.312626,0.0374099,0
5.4,11.5,0,0.311766,0.0369331,0
5.4,11.6,0,0.310878,0.0364961,0
5.4,11.7,0,0.310017,0.0361179,0
5.4,11.8,0,0.309168,0.0357354,0
5.4,11.9,0,0.3083,0.0354033,0
5.4,12,0,0.307468,0.03511,0
5.4,12.1,0,0.306645,0.0348097,0
5.4,12.2,0,0.30581,0.0345688,0
5.4,12.3,0,0.305056,0.0343409,0
5.4,12.4,0,0.304358,0.0340892,0
5.4,12.5,0,0.30366,0.0339047,0
5.4,12.6,0,0.303292,0.0337935,0
5.4,12.7,0,0.303281,0.0337486,0
5.5,0,0,0.301726,-0.0549768,0
5.5,0.1,0,0.301755,-0.055001,0
5.5,0.2,0,0.302019,-0.0551173,0
5.5,0.3,0,0.30242,-0.0553012,0
5.5,0.4,0,0.30282,-0.0554947,0
5.5,0.5,0,0.303252,-0.0556964,0
5.5,0.6,0,0.303679,-0.0559248,0
5.5,0.7,0,0.30409,-0.0561736,0
5.5,0.8,0,0.304505,-0.0564519,0
5.5,0.9,0,0.304895,-0.0567495,0
5.5,1,0,0.305283,-0.0570751,0
5.5,1.1,0,0.305655,-0.0574297,0
5.5,1.2,0,0.306002,-0.0578025,0
5.5,1.3,0,0.306347,-0.0582063,0
5.5,1.4,0,0.306662,-0.0586272,0
5.5,1.5,0,0.306968,-0.0590766,0
5.5,1.6,0,0.307253,-0.0595553,0
5.5,1.7,0,0.307506,-0.0600506,0
5.5,1.8,0,0.30775,-0.0605789,0
5.5,1.9,0,0.307958,-0.0611224,0
5.5,2,0,0.308148,-0.0616955,0
5.5,2.1,0,0.308312,-0.0622984,0
5.5,2.2,0,0.308434,-0.0629155,0
5.5,2.3,0,0.30854,-0.0635677,0
5.5,2.4,0,0.308603,-0.0642329,0
5.5,2.5,0,0.308638,-0.064928,0
5.5,2.6,0,0.308641,-0.0656534,0
5.5,2.7,0,0.308592,-0.0663905,0
5.5,2.8,0,0.30852,-0.0671636,0
5.5,2.9,0,0.308399,-0.0679488,0
5.5,3,0,0.308238,-0.0687621,0
5.5,3.1,0,0.308044,-0.0696069,0
5.5,3.2,0,0.30779,-0.0704625,0
5.5,3.3,0,0.307511,-0.0713524,0
5.5,3.4,0,0.307183,-0.0722591,0
5.5,3.5,0,0.306811,-0.0731888,0
5.5,3.6,0,0.306419,-0.0741548,0
5.5,3.7,0,0.305967,-0.075138,0
5.5,3.8,0,0.305507,-0.0761492,0
5.5,3.9,0,0.305016,-0.0771993,0
5.5,4,0,0.304501,-0.0782627,0
5.5,4.1,0,0.304021,-0.0793782,0
5.5,4.2,0,0.303527,-0.0805511,0
5.5,4.3,0,0.303102,-0.0817409,0
5.5,4.4,0,0.302741,-0.0830585,0
5.5,4.5,0,0.302515,-0.0844202,0
5.5,4.6,0,0.302505,-0.0859057,0
5.5,4.7,0,0.302703,-0.087636,0
5.5,4.8,0,0.30327,-0.089435,0
5.5,4.9,0,0.30395,-0.0911924,0
5.5,5,0,0.304308,-0.0921766,0
5.5,5.1,0,0.305357,-0.094027,0
5.5,5.2,0,0.303624,-0.093264,0
5.5,5.3,0,0.29709,-0.089703,0
5.5,5.4,0,0.282482,-0.0821439,0
5.5,5.5,0,0.25658,-0.0698822,0
5.5,5.6,0,0.217442,-0.0532868,0
5.5,5.7,0,0.165838,-0.0342881,0
5.5,5.8,0,0.106363,-0.0164142,0
5.5,5.9,0,0.0474931,-0.00397681,0
5.5,6,0,0,0,0
5.5,7,0,0,0,0
5.5,7.1,0,0.0611602,0.0386444,0
5.5,7.2,0,0.125577,0.0554833,0
5.5,7.3,0,0.207506,0.0657265,0
5.5,7.4,0,0.266327,0.0734019,0
5.5,7.5,0,0.307426,0.0828159,0
5.5,7.6,0,0.327675,0.0901682,0
5.5,7.7,0,0.346425,0.0972105,0
5.5,7.8,0,0.354747,0.0979656,0
5.5,7.9,0,0.355944,0.0945693,0
5.5,8,0,0.358317,0.0921073,0
5.5,8.1,0,0.356646,0.0886496,0
5.5,8.2,0,0.35436,0.0847647,0
5.5,8.3,0,0.35263,0.0817224,0
5.5,8.4,0,0.349935,0.0785018,0
5.5,8.5,0,0.347986,0.0756545,0
5.5,8.6,0,0.345955,0.0731902,0
5.5,8.7,0,0.343903,0.0703615,0
5.5,8.8,0,0.342439,0.0680928,0
5.5,8.9,0,0.340677,0.0659659,0
5.5,9,0,0.339131,0.0635496,0
5.5,9.1,0,0.337858,0.0616924,0
5.5,9.2,0,0.336374,0.0598418,0
5.5,9.3,0,0.335084,0.0579149,0
5.5,9.4,0,0.333885,0.0563548,0
5.5,9.5,0,0.332588,0.0547774,0
5.5,9.6,0,0.331433,0.0532345,0
5.5,9.7,0,0.330287,0.0519206,0
5.5,9.8,0,0.329112,0.0505806,0
5.5,9.9,0,0.328037,0.04933,0
5.5,10,0,0.326934,0.0482174,0
5.5,10.1,0,0.325843,0.0470774,0
5.5,10.2,0,0.324821,0.0460544,0
5.5,10.3,0,0.323753,0.0451096,0
5.5,10.4,0,0.322726,0.0441394,0
5.5,10.5,0,0.321744,0.0433,0
5.5,10.6,0,0.320708,0.0424982,0
5.5,10.7,0,0.319731,0.0416744,0
5.5,10.8,0,0.318782,0.0409882,0
5.5,10.9,0,0.317778,0.04031,0
5.5,11,0,0.316842,0.0396275,0
5.5,11.1,0,0.31591,0.03906,0
5.5,11.2,0,0.314948,0.0384897,0
5.5,11.3,0,0.314038,0.0379375,0
5.5,11.4,0,0.313122,0.0374696,0
5.5,11.5,0,0.312195,0.0369975,0
5.5,11.6,0,0.311307,0.0365605,0
5.5,11.7,0,0.310404,0.0361835,0
5.5,11.8,0,0.309508,0.0358025,0
5.5,11.9,0,0.30864,0.0354705,0
5.5,12,0,0.307756,0.0351765,0
5.5,12.1,0,0.306903,0.0348759,0
5.5,12.2,0,0.306068,0.034635,0
5.5,12.3,0,0.305259,0.0344025,0
5.5,12.4,0,0.304547,0.0341496,0
5.5,12.5,0,0.303849,0.0339651,0
5.5,12.6,0,0.303453,0.0338498,0
5.5,12.7,0,0.30344,0.0338046,0
5.6,0,0,0.301853,-0.0556139,0
5.6,0.1,0,0.302063,-0.0557095,0
5.6,0.2,0,0.302273,-0.055805,0
5.6,0.3,0,0.302596,-0.0559557,0
5.6,0.4,0,0.303032,-0.0561617,0
5.6,0.5,0,0.303469,-0.0563676,0
5.6,0.6,0,0.303913,-0.056621,0
5.6,0.7,0,0.304357,-0.0568745,0
5.6,0.8,0,0.304788,-0.0571604,0
5.6,0.9,0,0.305206,-0.0574788,0
5.6,1,0,0.305624,-0.0577972,0
5.6,1.1,0,0.306007,-0.0581796,0
5.6,1.2,0,0.30639,-0.058562,0
5.6,1.3,0,0.306752,-0.0589762,0
5.6,1.4,0,0.307093,-0.0594222,0
5.6,1.5,0,0.307434,-0.0598682,0
5.6,1.6,0,0.307724,-0.0603779,0
5.6,1.7,0,0.308015,-0.0608877,0
5.6,1.8,0,0.308276,-0.0614293,0
5.6,1.9,0,0.308507,-0.0620028,0
5.6,2,0,0.308739,-0.0625762,0
5.6,2.1,0,0.308901,-0.0632131,0
5.6,2.2,0,0.309063,-0.0638499,0
5.6,2.3,0,0.309186,-0.064518,0
5.6,2.4,0,0.309269,-0.0652174,0
5.6,2.5,0,0.309352,-0.0659168,0
5.6,2.6,0,0.309345,-0.0666773,0
5.6,2.7,0,0.309338,-0.0674378,0
5.6,2.8,0,0.309282,-0.0682278,0
5.6,2.9,0,0.309177,-0.0690474,0
5.6,3,0,0.309072,-0.0698669,0
5.6,3.1,0,0.308862,-0.0707428,0
5.6,3.2,0,0.308653,-0.0716187,0
5.6,3.3,0,0.308392,-0.0725213,0
5.6,3.4,0,0.30808,-0.0734508,0
5.6,3.5,0,0.307767,-0.0743802,0
5.6,3.6,0,0.307364,-0.0753605,0
5.6,3.7,0,0.306962,-0.0763409,0
5.6,3.8,0,0.306531,-0.0773464,0
5.6,3.9,0,0.306072,-0.0783771,0
5.6,4,0,0.305613,-0.0794077,0
5.6,4.1,0,0.305178,-0.0804992,0
5.6,4.2,0,0.304743,-0.0815906,0
5.6,4.3,0,0.30441,-0.0827392,0
5.6,4.4,0,0.304178,-0.0839447,0
5.6,4.5,0,0.303946,-0.0851503,0
5.6,4.6,0,0.304178,-0.0865725,0
5.6,4.7,0,0.30441,-0.0879947,0
5.6,4.8,0,0.304737,-0.0892161,0
5.6,4.9,0,0.30516,-0.0902366,0
5.6,5,0,0.305583,-0.091257,0
5.6,5.1,0,0.305169,-0.0913018,0
5.6,5.2,0,0.301035,-0.088777,0
5.6,5.3,0,0.290876,-0.083145,0
5.6,5.4,0,0.271757,-0.0735929,0
5.6,5.5,0,0.24137,-0.0600369,0
5.6,5.6,0,0.199211,-0.043528,0
5.6,5.7,0,0.147628,-0.0263945,0
5.6,5.8,0,0.092127,-0.011815,0
5.6,5.9,0,0.0403772,-0.0026764,0
5.6,6,0,0,0,0
5.6,7,0,0,0,0
5.6,7.1,0,0.0620699,0.0175086,0
5.6,7.2,0,0.12414,0.0350171,0
5.6,7.3,0,0.184125,0.0514438,0
5.6,7.4,0,0.232296,0.0617397,0
5.6,7.5,0,0.280466,0.0720356,0
5.6,7.6,0,0.318499,0.0804235,0
5.6,7.7,0,0.332878,0.0843593,0
5.6,7.8,0,0.347256,0.0882952,0
5.6,7.9,0,0.355684,0.0894316,0
5.6,8,0,0.35684,0.0871464,0
5.6,8.1,0,0.357996,0.0848612,0
5.6,8.2,0,0.357234,0.0822794,0
5.6,8.3,0,0.355194,0.0794998,0
5.6,8.4,0,0.353154,0.0767202,0
5.6,8.5,0,0.351041,0.0742138,0
5.6,8.6,0,0.348903,0.0717984,0
5.6,8.7,0,0.346765,0.0693831,0
5.6,8.8,0,0.344949,0.0672308,0
5.6,8.9,0,0.343168,0.0651076,0
5.6,9,0,0.3414,0.0629996,0
5.6,9.1,0,0.339888,0.0611784,0
5.6,9.2,0,0.338375,0.0593572,0
5.6,9.3,0,0.336897,0.0575921,0
5.6,9.4,0,0.335554,0.0560514,0
5.6,9.5,0,0.334211,0.0545106,0
5.6,9.6,0,0.332908,0.0530525,0
5.6,9.7,0,0.331677,0.051748,0
5.6,9.8,0,0.330446,0.0504435,0
5.6,9.9,0,0.329254,0.049237,0
5.6,10,0,0.328101,0.0481286,0
5.6,10.1,0,0.326948,0.0470201,0
5.6,10.2,0,0.325833,0.0460191,0
5.6,10.3,0,0.324739,0.0450759,0
5.6,10.4,0,0.323645,0.0441327,0
5.6,10.5,0,0.322588,0.0433031,0
5.6,10.6,0,0.321541,0.0425018,0
5.6,10.7,0,0.320494,0.0417006,0
5.6,10.8,0,0.319485,0.041017,0
5.6,10.9,0,0.318477,0.0403396,0
5.6,11,0,0.317473,0.0396732,0
5.6,11.1,0,0.316498,0.0391054,0
5.6,11.2,0,0.315523,0.0385377,0
5.6,11.3,0,0.314555,0.0379946,0
5.6,11.4,0,0.313607,0.0375256,0
5.6,11.5,0,0.312659,0.0370565,0
5.6,11.6,0,0.311721,0.0366238,0
5.6,11.7,0,0.310797,0.0362455,0
5.6,11.8,0,0.309873,0.0358672,0
5.6,11.9,0,0.308966,0.0355338,0
5.6,12,0,0.308072,0.035237,0
5.6,12.1,0,0.307179,0.0349403,0
5.6,12.2,0,0.306351,0.0346843,0
5.6,12.3,0,0.305552,0.0344458,0
5.6,12.4,0,0.304752,0.0342073,0
5.6,12.5,0,0.304324,0.0340788,0
5.6,12.6,0,0.303962,0.0339698,0
5.6,12.7,0,0.303599,0.0338607,0
5.7,0,0,0.301991,-0.0562125,0
5.7,0.1,0,0.302027,-0.0562394,0
5.7,0.2,0,0.302325,-0.0563701,0
5.7,0.3,0,0.302762,-0.0565684,0
5.7,0.4,0,0.303222,-0.0567846,0
5.7,0.5,0,0.303699,-0.0570004,0
5.7,0.6,0,0.30417,-0.0572437,0
5.7,0.7,0,0.304645,-0.0575159,0
5.7,0.8,0,0.305098,-0.0578098,0
5.7,0.9,0,0.305552,-0.0581351,0
5.7,1,0,0.305983,-0.0584808,0
5.7,1.1,0,0.306401,-0.0588573,0
5.7,1.2,0,0.306812,-0.0592625,0
5.7,1.3,0,0.307195,-0.0596869,0
5.7,1.4,0,0.307573,-0.0601443,0
5.7,1.5,0,0.307923,-0.0606203,0
5.7,1.6,0,0.308253,-0.0611276,0
5.7,1.7,0,0.30857,-0.0616649,0
5.7,1.8,0,0.308852,-0.0622199,0
5.7,1.9,0,0.309124,-0.0628099,0
5.7,2,0,0.309358,-0.0634166,0
5.7,2.1,0,0.309567,-0.0640549,0
5.7,2.2,0,0.309752,-0.0647241,0
5.7,2.3,0,0.309896,-0.0654087,0
5.7,2.4,0,0.310022,-0.0661296,0
5.7,2.5,0,0.3101,-0.0668643,0
5.7,2.6,0,0.310145,-0.0676303,0
5.7,2.7,0,0.310157,-0.0684259,0
5.7,2.8,0,0.31012,-0.0692341,0
5.7,2.9,0,0.310057,-0.070077,0
5.7,3,0,0.309938,-0.0709301,0
5.7,3.1,0,0.309784,-0.0718121,0
5.7,3.2,0,0.309586,-0.0727181,0
5.7,3.3,0,0.309341,-0.0736348,0
5.7,3.4,0,0.309067,-0.0745776,0
5.7,3.5,0,0.308733,-0.0755285,0
5.7,3.6,0,0.308379,-0.076503,0
5.7,3.7,0,0.307984,-0.0774875,0
5.7,3.8,0,0.307558,-0.0784869,0
5.7,3.9,0,0.307127,-0.0794891,0
5.7,4,0,0.30666,-0.0805053,0
5.7,4.1,0,0.306228,-0.0815365,0
5.7,4.2,0,0.305822,-0.0825559,0
5.7,4.3,0,0.305459,-0.08362,0
5.7,4.4,0,0.305216,-0.084658,0
5.7,4.5,0,0.305087,-0.0857896,0
5.7,4.6,0,0.305162,-0.0869516,0
5.7,4.7,0,0.30533,-0.0880656,0
5.7,4.8,0,0.30583,-0.0893871,0
5.7,4.9,0,0.305908,-0.0900076,0
5.7,5,0,0.305415,-0.089959,0
5.7,5.1,0,0.302673,-0.0881657,0
5.7,5.2,0,0.295744,-0.0841143,0
5.7,5.3,0,0.282046,-0.0769673,0
5.7,5.4,0,0.259269,-0.0663053,0
5.7,5.5,0,0.226073,-0.0524895,0
5.7,5.6,0,0.183038,-0.0368649,0
5.7,5.7,0,0.133239,-0.021663,0
5.7,5.8,0,0.0820085,-0.00943737,0
5.7,5.9,0,0.0357196,-0.00210537,0
5.7,6,0,0,0,0
5.7,7,0,0,0,0
5.7,7.1,0,0.0447854,0.0084495,0
5.7,7.2,0,0.107635,0.0259141,0
5.7,7.3,0,0.177475,0.041879,0
5.7,7.4,0,0.242867,0.0517049,0
5.7,7.5,0,0.285994,0.0624849,0
5.7,7.6,0,0.314533,0.0740601,0
5.7,7.7,0,0.338934,0.0819649,0
5.7,7.8,0,0.34974,0.0844738,0
5.7,7.9,0,0.356322,0.0846835,0
5.7,8,0,0.360883,0.0835487,0
5.7,8.1,0,0.360322,0.0813473,0
5.7,8.2,0,0.359599,0.0793358,0
5.7,8.3,0,0.358309,0.0768533,0
5.7,8.4,0,0.355567,0.0744599,0
5.7,8.5,0,0.353536,0.0724563,0
5.7,8.6,0,0.351487,0.0701383,0
5.7,8.7,0,0.348974,0.0679397,0
5.7,8.8,0,0.347126,0.0660714,0
5.7,8.9,0,0.345346,0.0639626,0
5.7,9,0,0.343294,0.0620273,0
5.7,9.1,0,0.341721,0.0603776,0
5.7,9.2,0,0.340175,0.0585753,0
5.7,9.3,0,0.338501,0.0569387,0
5.7,9.4,0,0.337097,0.055502,0
5.7,9.5,0,0.335703,0.0539858,0
5.7,9.6,0,0.33426,0.0526164,0
5.7,9.7,0,0.33298,0.0513724,0
5.7,9.8,0,0.331689,0.050091,0
5.7,9.9,0,0.330392,0.0489462,0
5.7,10,0,0.329205,0.0478702,0
5.7,10.1,0,0.327989,0.0467817,0
5.7,10.2,0,0.32679,0.0458256,0
5.7,10.3,0,0.325675,0.0448978,0
5.7,10.4,0,0.324518,0.0439717,0
5.7,10.5,0,0.323391,0.043176,0
5.7,10.6,0,0.322334,0.0423802,0
5.7,10.7,0,0.321225,0.0415933,0
5.7,10.8,0,0.320153,0.0409357,0
5.7,10.9,0,0.319143,0.0402589,0
5.7,11,0,0.318081,0.039604,0
5.7,11.1,0,0.317057,0.0390526,0
5.7,11.2,0,0.316072,0.0384862,0
5.7,11.3,0,0.315054,0.0379517,0
5.7,11.4,0,0.314068,0.0374923,0
5.7,11.5,0,0.313106,0.0370246,0
5.7,11.6,0,0.312121,0.0365977,0
5.7,11.7,0,0.311168,0.0362243,0
5.7,11.8,0,0.310225,0.0358468,0
5.7,11.9,0,0.309269,0.0355189,0
5.7,12,0,0.308352,0.0352257,0
5.7,12.1,0,0.307444,0.0349261,0
5.7,12.2,0,0.306531,0.0346835,0
5.7,12.3,0,0.305703,0.0344503,0
5.7,12.4,0,0.30494,0.0341929,0
5.7,12.5,0,0.304183,0.0339989,0
5.7,12.6,0,0.303781,0.0338826,0
5.7,12.7,0,0.303766,0.0338396,0
5.8,0,0,0.302134,-0.056791,0
5.8,0.1,0,0.302169,-0.0568183,0
5.8,0.2,0,0.30248,-0.0569538,0
5.8,0.3,0,0.302953,-0.0571666,0
5.8,0.4,0,0.303426,-0.0573878,0
5.8,0.5,0,0.303935,-0.0576133,0
5.8,0.6,0,0.30444,-0.057867,0
5.8,0.7,0,0.304927,-0.0581442,0
5.8,0.8,0,0.30542,-0.0584536,0
5.8,0.9,0,0.305887,-0.0587842,0
5.8,1,0,0.306352,-0.0591443,0
5.8,1.1,0,0.306802,-0.0595359,0
5.8,1.2,0,0.307226,-0.0599478,0
5.8,1.3,0,0.307649,-0.0603926,0
5.8,1.4,0,0.308041,-0.060857,0
5.8,1.5,0,0.308425,-0.0613518,0
5.8,1.6,0,0.308788,-0.0618789,0
5.8,1.7,0,0.309118,-0.0624249,0
5.8,1.8,0,0.309441,-0.0630061,0
5.8,1.9,0,0.309726,-0.0636051,0
5.8,2,0,0.309993,-0.0642358,0
5.8,2.1,0,0.310234,-0.0648991,0
5.8,2.2,0,0.310433,-0.0655788,0
5.8,2.3,0,0.310616,-0.0662957,0
5.8,2.4,0,0.310755,-0.0670275,0
5.8,2.5,0,0.310864,-0.0677908,0
5.8,2.6,0,0.310941,-0.0685859,0
5.8,2.7,0,0.310965,-0.0693933,0
5.8,2.8,0,0.310964,-0.0702371,0
5.8,2.9,0,0.310913,-0.0710919,0
5.8,3,0,0.310821,-0.0719739,0
5.8,3.1,0,0.310693,-0.0728836,0
5.8,3.2,0,0.310505,-0.0737995,0
5.8,3.3,0,0.310286,-0.0747441,0
5.8,3.4,0,0.310021,-0.0756956,0
5.8,3.5,0,0.309705,-0.0766618,0
5.8,3.6,0,0.309367,-0.0776454,0
5.8,3.7,0,0.308976,-0.0786288,0
5.8,3.8,0,0.308564,-0.0796188,0
5.8,3.9,0,0.308137,-0.0806156,0
5.8,4,0,0.307677,-0.0815969,0
5.8,4.1,0,0.307251,-0.0825761,0
5.8,4.2,0,0.306846,-0.0835579,0
5.8,4.3,0,0.306487,-0.0844943,0
5.8,4.4,0,0.306245,-0.0854848,0
5.8,4.5,0,0.306069,-0.0864168,0
5.8,4.6,0,0.306113,-0.0873479,0
5.8,4.7,0,0.306123,-0.0882754,0
5.8,4.8,0,0.30617,-0.0890139,0
5.8,4.9,0,0.306104,-0.0894321,0
5.8,5,0,0.304521,-0.0885574,0
5.8,5.1,0,0.299174,-0.0849836,0
5.8,5.2,0,0.289446,-0.0795591,0
5.8,5.3,0,0.272453,-0.0711544,0
5.8,5.4,0,0.24654,-0.0597017,0
5.8,5.5,0,0.211247,-0.0459049,0
5.8,5.6,0,0.168011,-0.0312694,0
5.8,5.7,0,0.120327,-0.0178366,0
5.8,5.8,0,0.0731631,-0.00758133,0
5.8,5.9,0,0.0317,-0.00167255,0
5.8,6,0,0,0,0
5.8,7,0,0,0,0
5.8,7.1,0,0.0442655,0.00795072,0
5.8,7.2,0,0.0977562,0.0164374,0
5.8,7.3,0,0.167596,0.0324024,0
5.8,7.4,0,0.233259,0.042498,0
5.8,7.5,0,0.277402,0.0542898,0
5.8,7.6,0,0.305941,0.065865,0
5.8,7.7,0,0.332613,0.0746583,0
5.8,7.8,0,0.347313,0.0786904,0
5.8,7.9,0,0.353895,0.0789,0
5.8,8,0,0.360301,0.0789918,0
5.8,8.1,0,0.361401,0.0778942,0
5.8,8.2,0,0.360678,0.0758827,0
5.8,8.3,0,0.36013,0.0743108,0
5.8,8.4,0,0.35773,0.0723376,0
5.8,8.5,0,0.355698,0.070334,0
5.8,8.6,0,0.35365,0.0686092,0
5.8,8.7,0,0.351138,0.0665218,0
5.8,8.8,0,0.34929,0.0646535,0
5.8,8.9,0,0.347243,0.0629808,0
5.8,9,0,0.345192,0.0610456,0
5.8,9.1,0,0.343589,0.0594274,0
5.8,9.2,0,0.341795,0.057894,0
5.8,9.3,0,0.340122,0.0562574,0
5.8,9.4,0,0.338655,0.054876,0
5.8,9.5,0,0.337084,0.0535144,0
5.8,9.6,0,0.335641,0.052145,0
5.8,9.7,0,0.334275,0.0509619,0
5.8,9.8,0,0.332867,0.0497643,0
5.8,9.9,0,0.331569,0.0486195,0
5.8,10,0,0.330282,0.0476013,0
5.8,10.1,0,0.328993,0.046555,0
5.8,10.2,0,0.327795,0.0455989,0
5.8,10.3,0,0.32657,0.0447228,0
5.8,10.4,0,0.325374,0.0438153,0
5.8,10.5,0,0.324247,0.0430195,0
5.8,10.6,0,0.323075,0.0422685,0
5.8,10.7,0,0.321953,0.0414868,0
5.8,10.8,0,0.320881,0.0408292,0
5.8,10.9,0,0.319757,0.0401878,0
5.8,11,0,0.318696,0.039533,0
5.8,11.1,0,0.317655,0.0389855,0
5.8,11.2,0,0.316585,0.0384399,0
5.8,11.3,0,0.315567,0.0379054,0
5.8,11.4,0,0.314552,0.0374512,0
5.8,11.5,0,0.313526,0.0369948,0
5.8,11.6,0,0.312542,0.0365679,0
5.8,11.7,0,0.311548,0.0361993,0
5.8,11.8,0,0.310562,0.0358271,0
5.8,11.9,0,0.309605,0.0354992,0
5.8,12,0,0.308639,0.0352086,0
5.8,12.1,0,0.307703,0.0349106,0
5.8,12.2,0,0.30679,0.0346681,0
5.8,12.3,0,0.305911,0.0344329,0
5.8,12.4,0,0.305135,0.034175,0
5.8,12.5,0,0.304378,0.033981,0
5.8,12.6,0,0.30395,0.0338617,0
5.8,12.7,0,0.303934,0.0338186,0
5.9,0,0,0.302281,-0.0573497,0
5.9,0.1,0,0.302527,-0.0574598,0
5.9,0.2,0,0.302774,-0.0575699,0
5.9,0.3,0,0.303153,-0.0577412,0
5.9,0.4,0,0.303665,-0.0579738,0
5.9,0.5,0,0.304178,-0.0582064,0
5.9,0.6,0,0.304701,-0.0584874,0
5.9,0.7,0,0.305224,-0.0587684,0
5.9,0.8,0,0.305734,-0.0590846,0
5.9,0.9,0,0.306231,-0.0594362,0
5.9,1,0,0.306729,-0.0597878,0
5.9,1.1,0,0.307191,-0.0602082,0
5.9,1.2,0,0.307654,-0.0606286,0
5.9,1.3,0,0.308096,-0.0610836,0
5.9,1.4,0,0.308517,-0.0615732,0
5.9,1.5,0,0.308937,-0.0620627,0
5.9,1.6,0,0.309308,-0.062622,0
5.9,1.7,0,0.309679,-0.0631813,0
5.9,1.8,0,0.31002,-0.0637755,0
5.9,1.9,0,0.310331,-0.0644046,0
5.9,2,0,0.310642,-0.0650338,0
5.9,2.1,0,0.310884,-0.0657323,0
5.9,2.2,0,0.311125,-0.0664308,0
5.9,2.3,0,0.311326,-0.0671633,0
5.9,2.4,0,0.311486,-0.0679297,0
5.9,2.5,0,0.311646,-0.0686961,0
5.9,2.6,0,0.311713,-0.0695272,0
5.9,2.7,0,0.31178,-0.0703582,0
5.9,2.8,0,0.311795,-0.0712186,0
5.9,2.9,0,0.311757,-0.0721084,0
5.9,3,0,0.31172,-0.0729982,0
5.9,3.1,0,0.31157,-0.0739371,0
5.9,3.2,0,0.31142,-0.074876,0
5.9,3.3,0,0.311212,-0.0758324,0
5.9,3.4,0,0.310947,-0.0768062,0
5.9,3.5,0,0.310683,-0.07778,0
5.9,3.6,0,0.310314,-0.0787682,0
5.9,3.7,0,0.309945,-0.0797565,0
5.9,3.8,0,0.309542,-0.080737,0
5.9,3.9,0,0.309104,-0.0817098,0
5.9,4,0,0.308666,-0.0826826,0
5.9,4.1,0,0.308241,-0.0835989,0
5.9,4.2,0,0.307816,-0.0845152,0
5.9,4.3,0,0.307461,-0.085385,0
5.9,4.4,0,0.307176,-0.0862084,0
5.9,4.5,0,0.306891,-0.0870318,0
5.9,4.6,0,0.306612,-0.0876177,0
5.9,4.7,0,0.306333,-0.0882036,0
5.9,4.8,0,0.305535,-0.0882077,0
5.9,4.9,0,0.304218,-0.0876299,0
5.9,5,0,0.302902,-0.0870522,0
5.9,5.1,0,0.29467,-0.0817553,0
5.9,5.2,0,0.282142,-0.0751114,0
5.9,5.3,0,0.262097,-0.0657062,0
5.9,5.4,0,0.233569,-0.0537818,0
5.9,5.5,0,0.196893,-0.0402832,0
5.9,5.6,0,0.154128,-0.0267415,0
5.9,5.7,0,0.108893,-0.0149153,0
5.9,5.8,0,0.0655908,-0.0062469,0
5.9,5.9,0,0.0283184,-0.00137793,0
5.9,6,0,0,0,0
5.9,7,0,0,0,0
5.9,7.1,0,0.0516713,0.00753313,0
5.9,7.2,0,0.103343,0.0150663,0
5.9,7.3,0,0.154692,0.0232162,0
5.9,7.4,0,0.204217,0.034861,0
5.9,7.5,0,0.253742,0.0465059,0
5.9,7.6,0,0.29467,0.0565996,0
5.9,7.7,0,0.315538,0.0630741,0
5.9,7.8,0,0.336406,0.0695486,0
5.9,7.9,0,0.350064,0.0731851,0
5.9,8,0,0.35491,0.073353,0
5.9,8.1,0,0.359756,0.0735209,0
5.9,8.2,0,0.361155,0.0727608,0
5.9,8.3,0,0.360256,0.0713819,0
5.9,8.4,0,0.359356,0.0700031,0
5.9,8.5,0,0.35753,0.068403,0
5.9,8.6,0,0.355394,0.0667291,0
5.9,8.7,0,0.353258,0.0650552,0
5.9,8.8,0,0.351189,0.0633902,0
5.9,8.9,0,0.349127,0.0617261,0
5.9,9,0,0.347078,0.0600701,0
5.9,9.1,0,0.345274,0.0585653,0
5.9,9.2,0,0.34347,0.0570604,0
5.9,9.3,0,0.341708,0.0555926,0
5.9,9.4,0,0.340113,0.0542727,0
5.9,9.5,0,0.338517,0.0529528,0
5.9,9.6,0,0.336975,0.0516915,0
5.9,9.7,0,0.335529,0.0505393,0
5.9,9.8,0,0.334084,0.0493871,0
5.9,9.9,0,0.332694,0.0483094,0
5.9,10,0,0.331359,0.0473063,0
5.9,10.1,0,0.330024,0.0463031,0
5.9,10.2,0,0.328744,0.0453871,0
5.9,10.3,0,0.327494,0.0445178,0
5.9,10.4,0,0.326244,0.0436486,0
5.9,10.5,0,0.325048,0.0428758,0
5.9,10.6,0,0.323866,0.0421271,0
5.9,10.7,0,0.322684,0.0413784,0
5.9,10.8,0,0.321554,0.0407329,0
5.9,10.9,0,0.320427,0.0400928,0
5.9,11,0,0.319305,0.0394626,0
5.9,11.1,0,0.318223,0.0389209,0
5.9,11.2,0,0.317142,0.0383792,0
5.9,11.3,0,0.316069,0.0378601,0
5.9,11.4,0,0.315025,0.0374085,0
5.9,11.5,0,0.31398,0.0369569,0
5.9,11.6,0,0.312948,0.0365388,0
5.9,11.7,0,0.311935,0.036171,0
5.9,11.8,0,0.310922,0.0358033,0
5.9,11.9,0,0.30993,0.035477,0
5.9,12,0,0.308955,0.0351848,0
5.9,12.1,0,0.30798,0.0348925,0
5.9,12.2,0,0.307081,0.0346361,0
5.9,12.3,0,0.306214,0.034395,0
5.9,12.4,0,0.305347,0.0341539,0
5.9,12.5,0,0.304884,0.0340222,0
5.9,12.6,0,0.304492,0.0339099,0
5.9,12.7,0,0.304101,0.0337975,0
6,0,0,0.302439,-0.0578671,0
6,0.1,0,0.302481,-0.0578972,0
6,0.2,0,0.302829,-0.0580472,0
6,0.3,0,0.30334,-0.0582748,0
6,0.4,0,0.303877,-0.0585188,0
6,0.5,0,0.304434,-0.0587586,0
6,0.6,0,0.304986,-0.0590272,0
6,0.7,0,0.305541,-0.0593276,0
6,0.8,0,0.306075,-0.0596523,0
6,0.9,0,0.30661,-0.0600098,0
6,1,0,0.307123,-0.0603895,0
6,1.1,0,0.307622,-0.0608023,0
6,1.2,0,0.308115,-0.0612455,0
6,1.3,0,0.30858,-0.0617102,0
6,1.4,0,0.309041,-0.06221,0
6,1.5,0,0.309473,-0.0627305,0
6,1.6,0,0.309885,-0.0632853,0
6,1.7,0,0.310285,-0.0638721,0
6,1.8,0,0.31065,-0.0644793,0
6,1.9,0,0.311005,-0.0651239,0
6,2,0,0.311321,-0.0657875,0
6,2.1,0,0.311611,-0.0664859,0
6,2.2,0,0.311878,-0.0672173,0
6,2.3,0,0.312102,-0.0679666,0
6,2.4,0,0.312308,-0.0687545,0
6,2.5,0,0.312463,-0.0695581,0
6,2.6,0,0.312584,-0.070395,0
6,2.7,0,0.31267,-0.071263,0
6,2.8,0,0.312705,-0.0721438,0
6,2.9,0,0.31271,-0.0730603,0
6,3,0,0.312654,-0.0739855,0
6,3.1,0,0.312559,-0.0749368,0
6,3.2,0,0.312413,-0.0759101,0
6,3.3,0,0.312216,-0.0768866,0
6,3.4,0,0.311978,-0.0778844,0
6,3.5,0,0.311678,-0.0788797,0
6,3.6,0,0.311346,-0.0798814,0
6,3.7,0,0.310957,-0.0808816,0
6,3.8,0,0.310538,-0.0818708,0
6,3.9,0,0.310087,-0.0828402,0
6,4,0,0.309605,-0.0837893,0
6,4.1,0,0.30914,-0.0847008,0
6,4.2,0,0.308655,-0.0855426,0
6,4.3,0,0.308234,-0.0863592,0
6,4.4,0,0.307779,-0.0870381,0
6,4.5,0,0.307368,-0.08768,0
6,4.6,0,0.307058,-0.0882028,0
6,4.7,0,0.306069,-0.0882782,0
6,4.8,0,0.305264,-0.0883426,0
6,4.9,0,0.303262,-0.0874289,0
6,5,0,0.299904,-0.0854834,0
6,5.1,0,0.288505,-0.0786663,0
6,5.2,0,0.273418,-0.0711071,0
6,5.3,0,0.250964,-0.0611064,0
6,5.4,0,0.220785,-0.0491105,0
6,5.5,0,0.183761,-0.0361464,0
6,5.6,0,0.142207,-0.023636,0
6,5.7,0,0.0995514,-0.013042,0
6,5.8,0,0.0595945,-0.00543886,0
6,5.9,0,0.0256554,-0.00120567,0
6,6,0,0,0,0
6,7,0,0,0,0
6,7.1,0,0.0304626,-0.00101781,0
6,7.2,0,0.0835027,0.00695788,0
6,7.3,0,0.148359,0.0184007,0
6,7.4,0,0.207867,0.027545,0
6,7.5,0,0.253995,0.0395309,0
6,7.6,0,0.289812,0.0518232,0
6,7.7,0,0.320218,0.0609925,0
6,7.8,0,0.337321,0.0661982,0
6,7.9,0,0.349381,0.0690072,0
6,8,0,0.358205,0.0701942,0
6,8.1,0,0.360798,0.070213,0
6,8.2,0,0.362424,0.069942,0
6,8.3,0,0.362612,0.0689118,0
6,8.4,0,0.360719,0.0676781,0
6,8.5,0,0.359212,0.0665206,0
6,8.6,0,0.357256,0.0649509,0
6,8.7,0,0.354739,0.0634184,0
6,8.8,0,0.352803,0.0620021,0
6,8.9,0,0.350751,0.0603509,0
6,9,0,0.34851,0.0588813,0
6,9.1,0,0.346728,0.0575211,0
6,9.2,0,0.344902,0.0560403,0
6,9.3,0,0.343015,0.0547257,0
6,9.4,0,0.341405,0.0535002,0
6,9.5,0,0.339771,0.0522136,0
6,9.6,0,0.338131,0.0510596,0
6,9.7,0,0.336664,0.0499673,0
6,9.8,0,0.33517,0.0488485,0
6,9.9,0,0.333702,0.0478461,0
6,10,0,0.332346,0.0468773,0
6,10.1,0,0.330957,0.0459052,0
6,10.2,0,0.329613,0.0450443,0
6,10.3,0,0.328347,0.0441923,0
6,10.4,0,0.327042,0.0433508,0
6,10.5,0,0.32579,0.0426195,0
6,10.6,0,0.3246,0.0418773,0
6,10.7,0,0.323362,0.0411526,0
6,10.8,0,0.32218,0.0405387,0
6,10.9,0,0.321051,0.0398996,0
6,11,0,0.319877,0.0392888,0
6,11.1,0,0.318753,0.0387673,0
6,11.2,0,0.317662,0.0382282,0
6,11.3,0,0.316544,0.0377232,0
6,11.4,0,0.315465,0.0372836,0
6,11.5,0,0.314407,0.0368351,0
6,11.6,0,0.313332,0.0364268,0
6,11.7,0,0.312292,0.0360655,0
6,11.8,0,0.311263,0.0357004,0
6,11.9,0,0.310224,0.0353826,0
6,12,0,0.309226,0.0350947,0
6,12.1,0,0.308241,0.0348013,0
6,12.2,0,0.307254,0.0345612,0
6,12.3,0,0.306357,0.0343261,0
6,12.4,0,0.305536,0.0340664,0
6,12.5,0,0.304725,0.0338648,0
6,12.6,0,0.304291,0.0337446,0
6,12.7,0,0.304274,0.0337046,0
6.1,0,0,0.302602,-0.0583636,0
6.1,0.1,0,0.302644,-0.0583938,0
6.1,0.2,0,0.303005,-0.0585487,0
6.1,0.3,0,0.303554,-0.0587912,0
6.1,0.4,0,0.304104,-0.0590402,0
6.1,0.5,0,0.304696,-0.0592897,0
6.1,0.6,0,0.305283,-0.0595686,0
6.1,0.7,0,0.305852,-0.0598739,0
6.1,0.8,0,0.306428,-0.0602135,0
6.1,0.9,0,0.306978,-0.0605762,0
6.1,1,0,0.307527,-0.0609697,0
6.1,1.1,0,0.308061,-0.061397,0
6.1,1.2,0,0.308569,-0.0618465,0
6.1,1.3,0,0.309076,-0.0623308,0
6.1,1.4,0,0.309553,-0.0628372,0
6.1,1.5,0,0.31002,-0.0633759,0
6.1,1.6,0,0.310469,-0.0639497,0
6.1,1.7,0,0.310883,-0.0645448,0
6.1,1.8,0,0.311291,-0.0651775,0
6.1,1.9,0,0.311661,-0.0658308,0
6.1,2,0,0.312014,-0.066518,0
6.1,2.1,0,0.31234,-0.0672411,0
6.1,2.2,0,0.312621,-0.0679833,0
6.1,2.3,0,0.312888,-0.0687652,0
6.1,2.4,0,0.313108,-0.0695643,0
6.1,2.5,0,0.313297,-0.0703976,0
6.1,2.6,0,0.313452,-0.0712651,0
6.1,2.7,0,0.31355,-0.0721461,0
6.1,2.8,0,0.313621,-0.0730661,0
6.1,2.9,0,0.313638,-0.0739958,0
6.1,3,0,0.313607,-0.074955,0
6.1,3.1,0,0.313535,-0.0759399,0
6.1,3.2,0,0.313396,-0.0769265,0
6.1,3.3,0,0.313216,-0.0779416,0
6.1,3.4,0,0.312984,-0.0789519,0
6.1,3.5,0,0.312686,-0.0799752,0
6.1,3.6,0,0.312351,-0.0810005,0
6.1,3.7,0,0.311956,-0.0820071,0
6.1,3.8,0,0.311514,-0.0830104,0
6.1,3.9,0,0.311054,-0.0839828,0
6.1,4,0,0.310527,-0.0849209,0
6.1,4.1,0,0.310008,-0.0858083,0
6.1,4.2,0,0.309478,-0.0866185,0
6.1,4.3,0,0.308919,-0.0873299,0
6.1,4.4,0,0.308417,-0.0879704,0
6.1,4.5,0,0.307663,-0.0883682,0
6.1,4.6,0,0.307015,-0.0886262,0
6.1,4.7,0,0.305617,-0.0884593,0
6.1,4.8,0,0.303581,-0.0877778,0
6.1,4.9,0,0.301168,-0.086609,0
6.1,5,0,0.296281,-0.0839411,0
6.1,5.1,0,0.281689,-0.0757221,0
6.1,5.2,0,0.264227,-0.0673777,0
6.1,5.3,0,0.23969,-0.0569236,0
6.1,5.4,0,0.208257,-0.0449639,0
6.1,5.5,0,0.171235,-0.0325596,0
6.1,5.6,0,0.131073,-0.0210013,0
6.1,5.7,0,0.0909524,-0.0114817,0
6.1,5.8,0,0.0541144,-0.00477486,0
6.1,5.9,0,0.0232184,-0.00106506,0
6.1,6,0,0,0,0
6.1,7,0,0,0,0
6.1,7.1,0,0.0300308,-0.00124658,0
6.1,7.2,0,0.0752977,0.00261126,0
6.1,7.3,0,0.140154,0.0140541,0
6.1,7.4,0,0.19944,0.0228461,0
6.1,7.5,0,0.244735,0.0335108,0
6.1,7.6,0,0.280552,0.0458031,0
6.1,7.7,0,0.3128,0.0553132,0
6.1,7.8,0,0.333059,0.0611031,0
6.1,7.9,0,0.345119,0.0639121,0
6.1,8,0,0.355872,0.0659827,0
6.1,8.1,0,0.360202,0.0667966,0
6.1,8.2,0,0.361827,0.0665257,0
6.1,8.3,0,0.363114,0.0662777,0
6.1,8.4,0,0.361727,0.065405,0
6.1,8.5,0,0.36022,0.0642474,0
6.1,8.6,0,0.358624,0.0632276,0
6.1,8.7,0,0.356175,0.0617982,0
6.1,8.8,0,0.354239,0.0603819,0
6.1,8.9,0,0.352181,0.0591541,0
6.1,9,0,0.34994,0.0576844,0
6.1,9.1,0,0.348146,0.0563563,0
6.1,9.2,0,0.346212,0.0551482,0
6.1,9.3,0,0.344325,0.0538337,0
6.1,9.4,0,0.342678,0.0526673,0
6.1,9.5,0,0.340941,0.0515467,0
6.1,9.6,0,0.339301,0.0503927,0
6.1,9.7,0,0.337775,0.0493701,0
6.1,9.8,0,0.336201,0.0483471,0
6.1,9.9,0,0.334733,0.0473447,0
6.1,10,0,0.333302,0.0464463,0
6.1,10.1,0,0.331859,0.0455253,0
6.1,10.2,0,0.330514,0.0446644,0
6.1,10.3,0,0.329161,0.0438783,0
6.1,10.4,0,0.327825,0.0430603,0
6.1,10.5,0,0.326573,0.0423291,0
6.1,10.6,0,0.325286,0.0416458,0
6.1,10.7,0,0.324038,0.040928,0
6.1,10.8,0,0.322856,0.0403142,0
6.1,10.9,0,0.321628,0.0397234,0
6.1,11,0,0.320454,0.0391127,0
6.1,11.1,0,0.319316,0.0385966,0
6.1,11.2,0,0.318149,0.0380871,0
6.1,11.3,0,0.317031,0.0375821,0
6.1,11.4,0,0.315926,0.0371502,0
6.1,11.5,0,0.314811,0.0367184,0
6.1,11.6,0,0.313736,0.0363102,0
6.1,11.7,0,0.31266,0.0359565,0
6.1,11.8,0,0.311589,0.0355998,0
6.1,11.9,0,0.310551,0.035282,0
6.1,12,0,0.309508,0.0349998,0
6.1,12.1,0,0.308497,0.0347096,0
6.1,12.2,0,0.307509,0.0344695,0
6.1,12.3,0,0.306567,0.034235,0
6.1,12.4,0,0.305733,0.0339755,0
6.1,12.5,0,0.304922,0.0337738,0
6.1,12.6,0,0.304466,0.0336518,0
6.1,12.7,0,0.304447,0.0336117,0
6.2,0,0,0.30277,-0.058839,0
6.2,0.1,0,0.303055,-0.0589639,0
6.2,0.2,0,0.303339,-0.0590888,0
6.2,0.3,0,0.303778,-0.059281,0
6.2,0.4,0,0.304371,-0.0595403,0
6.2,0.5,0,0.304965,-0.0597997,0
6.2,0.6,0,0.305572,-0.0601076,0
6.2,0.7,0,0.306179,-0.0604155,0
6.2,0.8,0,0.306774,-0.0607612,0
6.2,0.9,0,0.307356,-0.0611447,0
6.2,1,0,0.307939,-0.0615282,0
6.2,1.1,0,0.308487,-0.0619851,0
6.2,1.2,0,0.309036,-0.0624419,0
6.2,1.3,0,0.309564,-0.062936,0
6.2,1.4,0,0.310071,-0.0634673,0
6.2,1.5,0,0.310579,-0.0639987,0
6.2,1.6,0,0.311037,-0.0646057,0
6.2,1.7,0,0.311495,-0.0652128,0
6.2,1.8,0,0.311923,-0.0658582,0
6.2,1.9,0,0.312322,-0.0665418,0
6.2,2,0,0.312721,-0.0672254,0
6.2,2.1,0,0.313049,-0.0679856,0
6.2,2.2,0,0.313377,-0.0687458,0
6.2,2.3,0,0.313663,-0.0695436,0
6.2,2.4,0,0.313906,-0.070379,0
6.2,2.5,0,0.31415,-0.0712144,0
6.2,2.6,0,0.314293,-0.0721212,0
6.2,2.7,0,0.314437,-0.0730279,0
6.2,2.8,0,0.314523,-0.0739664,0
6.2,2.9,0,0.314552,-0.0749364,0
6.2,3,0,0.31458,-0.0759065,0
6.2,3.1,0,0.314477,-0.0769255,0
6.2,3.2,0,0.314374,-0.0779446,0
6.2,3.3,0,0.3142,-0.0789766,0
6.2,3.4,0,0.313954,-0.0800215,0
6.2,3.5,0,0.313708,-0.0810664,0
6.2,3.6,0,0.313317,-0.0821021,0
6.2,3.7,0,0.312927,-0.0831378,0
6.2,3.8,0,0.312472,-0.08414,0
6.2,3.9,0,0.311952,-0.0851087,0
6.2,4,0,0.311433,-0.0860774,0
6.2,4.1,0,0.310808,-0.08687,0
6.2,4.2,0,0.310183,-0.0876625,0
6.2,4.3,0,0.309452,-0.0882664,0
6.2,4.4,0,0.308615,-0.0886815,0
6.2,4.5,0,0.307778,-0.0890966,0
6.2,4.6,0,0.305865,-0.0886378,0
6.2,4.7,0,0.303953,-0.088179,0
6.2,4.8,0,0.300804,-0.0868448,0
6.2,4.9,0,0.296419,-0.084635,0
6.2,5,0,0.292034,-0.0824252,0
6.2,5.1,0,0.274221,-0.0729227,0
6.2,5.2,0,0.254569,-0.0639232,0
6.2,5.3,0,0.228275,-0.0531576,0
6.2,5.4,0,0.195986,-0.0413421,0
6.2,5.5,0,0.159312,-0.0295228,0
6.2,5.6,0,0.120724,-0.0188372,0
6.2,5.7,0,0.0830961,-0.0102344,0
6.2,5.8,0,0.0491508,-0.0042549,0
6.2,5.9,0,0.0210074,-0.000956102,0
6.2,6,0,0,0,0
6.2,7,0,1.36167e-17,9.3587e-19,0
6.2,7.1,0,0.0430344,0.00295774,0
6.2,7.2,0,0.0860688,0.00591549,0
6.2,7.3,0,0.12991,0.00991205,0
6.2,7.4,0,0.178325,0.0197953,0
6.2,7.5,0,0.22674,0.0296786,0
6.2,7.6,0,0.268469,0.0388313,0
6.2,7.7,0,0.294598,0.0462795,0
6.2,7.8,0,0.320726,0.0537278,0
6.2,7.9,0,0.339014,0.058695,0
6.2,8,0,0.347719,0.06063,0
6.2,8.1,0,0.356424,0.062565,0
6.2,8.2,0,0.360379,0.0632337,0
6.2,8.3,0,0.361168,0.0630583,0
6.2,8.4,0,0.361958,0.0628828,0
6.2,8.5,0,0.360891,0.062099,0
6.2,8.6,0,0.359206,0.0611125,0
6.2,8.7,0,0.357521,0.0601259,0
6.2,8.8,0,0.355491,0.0589307,0
6.2,8.9,0,0.353424,0.0577123,0
6.2,9,0,0.351363,0.0564956,0
6.2,9.1,0,0.349433,0.0553116,0
6.2,9.2,0,0.347503,0.0541276,0
6.2,9.3,0,0.34561,0.0529638,0
6.2,9.4,0,0.343867,0.0518809,0
6.2,9.5,0,0.342123,0.050798,0
6.2,9.6,0,0.340433,0.0497518,0
6.2,9.7,0,0.338842,0.0487738,0
6.2,9.8,0,0.337251,0.0477958,0
6.2,9.9,0,0.335719,0.0468691,0
6.2,10,0,0.334248,0.0459939,0
6.2,10.1,0,0.332776,0.0451186,0
6.2,10.2,0,0.331368,0.0443085,0
6.2,10.3,0,0.329993,0.0435334,0
6.2,10.4,0,0.328618,0.0427584,0
6.2,10.5,0,0.327307,0.0420599,0
6.2,10.6,0,0.326011,0.0413807,0
6.2,10.7,0,0.324715,0.0407014,0
6.2,10.8,0,0.323482,0.0401077,0
6.2,10.9,0,0.322251,0.0395185,0
6.2,11,0,0.321026,0.0389378,0
6.2,11.1,0,0.31985,0.038433,0
6.2,11.2,0,0.318673,0.0379281,0
6.2,11.3,0,0.317508,0.0374431,0
6.2,11.4,0,0.316376,0.0370173,0
6.2,11.5,0,0.315243,0.0365915,0
6.2,11.6,0,0.314126,0.0361957,0
6.2,11.7,0,0.313032,0.0358449,0
6.2,11.8,0,0.311937,0.0354941,0
6.2,11.9,0,0.310868,0.0351806,0
6.2,12,0,0.309819,0.0348976,0
6.2,12.1,0,0.30877,0.0346146,0
6.2,12.2,0,0.307805,0.0343615,0
6.2,12.3,0,0.306877,0.0341212,0
6.2,12.4,0,0.305948,0.0338809,0
6.2,12.5,0,0.305455,0.0337477,0
6.2,12.6,0,0.305037,0.0336333,0
6.2,12.7,0,0.30462,0.0335189,0
6.3,0,0,0.302948,-0.0592713,0
6.3,0.1,0,0.302997,-0.0593042,0
6.3,0.2,0,0.303397,-0.0594739,0
6.3,0.3,0,0.303987,-0.0597312,0
6.3,0.4,0,0.304605,-0.0600031,0
6.3,0.5,0,0.305246,-0.0602665,0
6.3,0.6,0,0.305883,-0.0605599,0
6.3,0.7,0,0.306525,-0.0608875,0
6.3,0.8,0,0.307144,-0.0612418,0
6.3,0.9,0,0.307767,-0.0616302,0
6.3,1,0,0.308367,-0.0620421,0
6.3,1.1,0,0.308952,-0.0624893,0
6.3,1.2,0,0.309534,-0.0629685,0
6.3,1.3,0,0.310087,-0.0634717,0
6.3,1.4,0,0.310638,-0.0640115,0
6.3,1.5,0,0.311158,-0.0645746,0
6.3,1.6,0,0.31166,-0.0651747,0
6.3,1.7,0,0.31215,-0.0658091,0
6.3,1.8,0,0.312605,-0.0664668,0
6.3,1.9,0,0.313051,-0.0671644,0
6.3,2,0,0.313457,-0.067884,0
6.3,2.1,0,0.313837,-0.068642,0
6.3,2.2,0,0.314194,-0.069436,0
6.3,2.3,0,0.314506,-0.0702509,0
6.3,2.4,0,0.314799,-0.0711082,0
6.3,2.5,0,0.315039,-0.071984,0
6.3,2.6,0,0.315243,-0.0728968,0
6.3,2.7,0,0.315407,-0.0738449,0
6.3,2.8,0,0.315517,-0.074807,0
6.3,2.9,0,0.315591,-0.0758098,0
6.3,3,0,0.315598,-0.0768217,0
6.3,3.1,0,0.315557,-0.0778611,0
6.3,3.2,0,0.315454,-0.0789265,0
6.3,3.3,0,0.315289,-0.0799894,0
6.3,3.4,0,0.315068,-0.0810782,0
6.3,3.5,0,0.314771,-0.082156,0
6.3,3.6,0,0.314421,-0.0832312,0
6.3,3.7,0,0.313987,-0.0843049,0
6.3,3.8,0,0.313506,-0.0853429,0
6.3,3.9,0,0.312945,-0.0863531,0
6.3,4,0,0.312326,-0.0873062,0
6.3,4.1,0,0.31167,-0.0881789,0
6.3,4.2,0,0.310853,-0.0889096,0
6.3,4.3,0,0.310068,-0.0895348,0
6.3,4.4,0,0.308929,-0.0898733,0
6.3,4.5,0,0.307525,-0.0899434,0
6.3,4.6,0,0.306004,-0.0897388,0
6.3,4.7,0,0.302636,-0.0885727,0
6.3,4.8,0,0.299028,-0.0870955,0
6.3,4.9,0,0.293756,-0.0846118,0
6.3,5,0,0.28669,-0.0810573,0
6.3,5.1,0,0.265766,-0.0705041,0
6.3,5.2,0,0.244334,-0.0610505,0
6.3,5.3,0,0.216872,-0.0501528,0
6.3,5.4,0,0.184331,-0.0385732,0
6.3,5.5,0,0.148451,-0.0272957,0
6.3,5.6,0,0.111588,-0.0173085,0
6.3,5.7,0,0.0762961,-0.00937987,0
6.3,5.8,0,0.0448837,-0.00390594,0
6.3,5.9,0,0.0190931,-0.000883532,0
6.3,6,0,0,0,0
6.3,7,0,0,0,0
6.3,7.1,0,0.0254435,-0.00303113,0
6.3,7.2,0,0.0697505,0.000356749,0
6.3,7.3,0,0.12516,0.00736,0
6.3,7.4,0,0.177582,0.0137792,0
6.3,7.5,0,0.223996,0.0241908,0
6.3,7.6,0,0.26395,0.0356333,0
6.3,7.7,0,0.298367,0.0448377,0
6.3,7.8,0,0.320764,0.0511783,0
6.3,7.9,0,0.337745,0.055382,0
6.3,8,0,0.350699,0.0581608,0
6.3,8.1,0,0.356678,0.0597495,0
6.3,8.2,0,0.36098,0.0607817,0
6.3,8.3,0,0.363129,0.0609652,0
6.3,8.4,0,0.362555,0.0607035,0
6.3,8.5,0,0.362002,0.0602913,0
6.3,8.6,0,0.360583,0.0594121,0
6.3,8.7,0,0.358401,0.0584683,0
6.3,8.8,0,0.356646,0.0575021,0
6.3,8.9,0,0.354596,0.0562962,0
6.3,9,0,0.352375,0.0552322,0
6.3,9.1,0,0.350528,0.0541759,0
6.3,9.2,0,0.348584,0.0530147,0
6.3,9.3,0,0.34662,0.0519944,0
6.3,9.4,0,0.344892,0.0509935,0
6.3,9.5,0,0.343123,0.0499446,0
6.3,9.6,0,0.341376,0.0490034,0
6.3,9.7,0,0.339781,0.0480791,0
6.3,9.8,0,0.338155,0.0471378,0
6.3,9.9,0,0.336574,0.0462878,0
6.3,10,0,0.335092,0.0454447,0
6.3,10.1,0,0.33358,0.0446057,0
6.3,10.2,0,0.332126,0.0438533,0
6.3,10.3,0,0.330742,0.0430951,0
6.3,10.4,0,0.329323,0.0423541,0
6.3,10.5,0,0.327969,0.0416998,0
6.3,10.6,0,0.326668,0.0410271,0
6.3,10.7,0,0.325326,0.0403782,0
6.3,10.8,0,0.324051,0.0398184,0
6.3,10.9,0,0.322819,0.0392305,0
6.3,11,0,0.32155,0.0386748,0
6.3,11.1,0,0.320338,0.0381919,0
6.3,11.2,0,0.319154,0.0376907,0
6.3,11.3,0,0.317949,0.0372239,0
6.3,11.4,0,0.316787,0.0368115,0
6.3,11.5,0,0.315643,0.0363901,0
6.3,11.6,0,0.314488,0.0360071,0
6.3,11.7,0,0.31337,0.0356636,0
6.3,11.8,0,0.312261,0.0353171,0
6.3,11.9,0,0.311149,0.0350142,0
6.3,12,0,0.310077,0.0347362,0
6.3,12.1,0,0.309021,0.0344537,0
6.3,12.2,0,0.307968,0.0342194,0
6.3,12.3,0,0.307009,0.0339857,0
6.3,12.4,0,0.306136,0.0337272,0
6.3,12.5,0,0.305278,0.03352,0
6.3,12.6,0,0.304816,0.0333973,0
6.3,12.7,0,0.304797,0.033361,0
6.4,0,0,0.303132,-0.0596818,0
6.4,0.1,0,0.30318,-0.0597149,0
6.4,0.2,0,0.303594,-0.0598895,0
6.4,0.3,0,0.304224,-0.0601617,0
6.4,0.4,0,0.304856,-0.0604386,0
6.4,0.5,0,0.305534,-0.0607113,0
6.4,0.6,0,0.306207,-0.0610144,0
6.4,0.7,0,0.306864,-0.0613466,0
6.4,0.8,0,0.307527,-0.0617151,0
6.4,0.9,0,0.308165,-0.0621082,0
6.4,1,0,0.308802,-0.062533,0
6.4,1.1,0,0.309426,-0.0629937,0
6.4,1.2,0,0.310024,-0.0634788,0
6.4,1.3,0,0.310622,-0.0640001,0
6.4,1.4,0,0.311189,-0.0645461,0
6.4,1.5,0,0.311749,-0.0651261,0
6.4,1.6,0,0.31229,-0.0657442,0
6.4,1.7,0,0.312796,-0.0663864,0
6.4,1.8,0,0.313298,-0.0670684,0
6.4,1.9,0,0.313761,-0.0677743,0
6.4,2,0,0.314207,-0.0685168,0
6.4,2.1,0,0.314627,-0.0692992,0
6.4,2.2,0,0.315,-0.0701039,0
6.4,2.3,0,0.31536,-0.0709521,0
6.4,2.4,0,0.315669,-0.0718209,0
6.4,2.5,0,0.315948,-0.0727281,0
6.4,2.6,0,0.31619,-0.0736744,0
6.4,2.7,0,0.316368,-0.0746372,0
6.4,2.8,0,0.316518,-0.0756446,0
6.4,2.9,0,0.316606,-0.076663,0
6.4,3,0,0.31664,-0.0777175,0
6.4,3.1,0,0.316624,-0.0788013,0
6.4,3.2,0,0.316528,-0.0798861,0
6.4,3.3,0,0.31638,-0.0810076,0
6.4,3.4,0,0.316163,-0.0821162,0
6.4,3.5,0,0.315864,-0.083246,0
6.4,3.6,0,0.315502,-0.0843734,0
6.4,3.7,0,0.315054,-0.0854674,0
6.4,3.8,0,0.314524,-0.0865648,0
6.4,3.9,0,0.313943,-0.0875944,0
6.4,4,0,0.313225,-0.0885783,0
6.4,4.1,0,0.312457,-0.089477,0
6.4,4.2,0,0.311534,-0.090188,0
6.4,4.3,0,0.310428,-0.0907495,0
6.4,4.4,0,0.309179,-0.0910651,0
6.4,4.5,0,0.307091,-0.0908655,0
6.4,4.6,0,0.304881,-0.0903764,0
6.4,4.7,0,0.300895,-0.0889434,0
6.4,4.8,0,0.295421,-0.086646,0
6.4,4.9,0,0.289524,-0.0838825,0
6.4,5,0,0.280873,-0.0798052,0
6.4,5.1,0,0.256944,-0.0683039,0
6.4,5.2,0,0.233929,-0.0584671,0
6.4,5.3,0,0.205544,-0.047486,0
6.4,5.4,0,0.172973,-0.0361487,0
6.4,5.5,0,0.138024,-0.0253702,0
6.4,5.6,0,0.102909,-0.0160013,0
6.4,5.7,0,0.0698733,-0.00865497,0
6.4,5.8,0,0.0408573,-0.00361131,0
6.4,5.9,0,0.0172799,-0.000822308,0
6.4,6,0,0,0,0
6.4,7,0,0,0,0
6.4,7.1,0,0.025154,-0.00313127,0
6.4,7.2,0,0.0642494,-0.00154581,0
6.4,7.3,0,0.119659,0.00545744,0
6.4,7.4,0,0.171482,0.0114333,0
6.4,7.5,0,0.215652,0.0201822,0
6.4,7.6,0,0.255606,0.0316247,0
6.4,7.7,0,0.291221,0.0408056,0
6.4,7.8,0,0.315671,0.0471058,0
6.4,7.9,0,0.332652,0.0513095,0
6.4,8,0,0.347377,0.0546173,0
6.4,8.1,0,0.354948,0.0566821,0
6.4,8.2,0,0.359251,0.0577144,0
6.4,8.3,0,0.362659,0.0584844,0
6.4,8.4,0,0.362667,0.0584934,0
6.4,8.5,0,0.362113,0.0580812,0
6.4,8.6,0,0.361294,0.0576714,0
6.4,8.7,0,0.359224,0.0568157,0
6.4,8.8,0,0.357468,0.0558495,0
6.4,8.9,0,0.355604,0.0550257,0
6.4,9,0,0.353383,0.0539618,0
6.4,9.1,0,0.351535,0.0529348,0
6.4,9.2,0,0.34959,0.0520234,0
6.4,9.3,0,0.347626,0.0510031,0
6.4,9.4,0,0.345882,0.0500578,0
6.4,9.5,0,0.344069,0.0491648,0
6.4,9.6,0,0.342322,0.0482236,0
6.4,9.7,0,0.340693,0.0473678,0
6.4,9.8,0,0.339021,0.0465207,0
6.4,9.9,0,0.337439,0.0456706,0
6.4,10,0,0.335908,0.0449001,0
6.4,10.1,0,0.334359,0.044114,0
6.4,10.2,0,0.332906,0.0433616,0
6.4,10.3,0,0.331458,0.0426745,0
6.4,10.4,0,0.330015,0.0419589,0
6.4,10.5,0,0.328662,0.0413046,0
6.4,10.6,0,0.327285,0.0406979,0
6.4,10.7,0,0.325935,0.0400568,0
6.4,10.8,0,0.32466,0.039497,0
6.4,10.9,0,0.323347,0.0389649,0
6.4,11,0,0.322078,0.0384092,0
6.4,11.1,0,0.320854,0.0379329,0
6.4,11.2,0,0.319605,0.0374667,0
6.4,11.3,0,0.3184,0.0369999,0
6.4,11.4,0,0.317216,0.0365971,0
6.4,11.5,0,0.316022,0.0361963,0
6.4,11.6,0,0.314867,0.0358133,0
6.4,11.7,0,0.313717,0.0354796,0
6.4,11.8,0,0.312572,0.0351439,0
6.4,11.9,0,0.31146,0.0348411,0
6.4,12,0,0.310349,0.0345709,0
6.4,12.1,0,0.309269,0.034293,0
6.4,12.2,0,0.308216,0.0340586,0
6.4,12.3,0,0.307217,0.0338278,0
6.4,12.4,0,0.306333,0.03357,0
6.4,12.5,0,0.305475,0.0333629,0
6.4,12.6,0,0.304994,0.0332395,0
6.4,12.7,0,0.304973,0.0332032,0
6.5,0,0,0.30332,-0.0600704,0
6.5,0.1,0,0.303646,-0.0602102,0
6.5,0.2,0,0.303971,-0.06035,0
6.5,0.3,0,0.304473,-0.0605627,0
6.5,0.4,0,0.30515,-0.0608484,0
6.5,0.5,0,0.305828,-0.061134,0
6.5,0.6,0,0.306523,-0.0614675,0
6.5,0.7,0,0.307218,-0.0618009,0
6.5,0.8,0,0.307902,-0.0621743,0
6.5,0.9,0,0.308574,-0.0625876,0
6.5,1,0,0.309247,-0.063001,0
6.5,1.1,0,0.309887,-0.0634916,0
6.5,1.2,0,0.310527,-0.0639823,0
6.5,1.3,0,0.311148,-0.0645128,0
6.5,1.4,0,0.311749,-0.065083,0
6.5,1.5,0,0.31235,-0.0656533,0
6.5,1.6,0,0.312903,-0.0663054,0
6.5,1.7,0,0.313456,-0.0669576,0
6.5,1.8,0,0.313981,-0.0676517,0
6.5,1.9,0,0.314476,-0.0683878,0
6.5,2,0,0.314972,-0.069124,0
6.5,2.1,0,0.315396,-0.0699456,0
6.5,2.2,0,0.31582,-0.0707674,0
6.5,2.3,0,0.316201,-0.0716319,0
6.5,2.4,0,0.316538,-0.0725394,0
6.5,2.5,0,0.316876,-0.073447,0
6.5,2.6,0,0.317107,-0.074438,0
6.5,2.7,0,0.317338,-0.075429,0
6.5,2.8,0,0.317504,-0.0764584,0
6.5,2.9,0,0.317607,-0.0775261,0
6.5,3,0,0.317709,-0.0785939,0
6.5,3.1,0,0.317655,-0.0797241,0
6.5,3.2,0,0.317602,-0.0808544,0
6.5,3.3,0,0.317458,-0.0820029,0
6.5,3.4,0,0.317222,-0.0831697,0
6.5,3.5,0,0.316986,-0.0843365,0
6.5,3.6,0,0.31654,-0.0854955,0
6.5,3.7,0,0.316093,-0.0866544,0
6.5,3.8,0,0.315523,-0.0877659,0
6.5,3.9,0,0.314827,-0.0888297,0
6.5,4,0,0.314132,-0.0898936,0
6.5,4.1,0,0.313056,-0.0906584,0
6.5,4.2,0,0.31198,-0.0914231,0
6.5,4.3,0,0.310449,-0.091817,0
6.5,4.4,0,0.308463,-0.0918399,0
6.5,4.5,0,0.306477,-0.0918629,0
6.5,4.6,0,0.301885,-0.0902617,0
6.5,4.7,0,0.297293,-0.0886605,0
6.5,4.8,0,0.290914,-0.0860217,0
6.5,4.9,0,0.282748,-0.0823454,0
6.5,5,0,0.274582,-0.078669,0
6.5,5.1,0,0.247755,-0.0663224,0
6.5,5.2,0,0.223355,-0.0561729,0
6.5,5.3,0,0.19429,-0.0451572,0
6.5,5.4,0,0.161912,-0.0340688,0
6.5,5.5,0,0.128032,-0.0237466,0
6.5,5.6,0,0.0946863,-0.0149153,0
6.5,5.7,0,0.0638277,-0.00805971,0
6.5,5.8,0,0.0370715,-0.00337104,0
6.5,5.9,0,0.0155678,-0.000772431,0
6.5,6,0,0,0,0
6.5,7,0,0,0,0
6.5,7.1,0,0.0372437,0.000955051,0
6.5,7.2,0,0.0744875,0.0019101,0
6.5,7.3,0,0.112958,0.00387185,0
6.5,7.4,0,0.15838,0.0115382,0
6.5,7.5,0,0.203803,0.0192046,0
6.5,7.6,0,0.244464,0.0267853,0
6.5,7.7,0,0.274014,0.0341663,0
6.5,7.8,0,0.303565,0.0415474,0
6.5,7.9,0,0.325329,0.0469538,0
6.5,8,0,0.337574,0.0499467,0
6.5,8.1,0,0.34982,0.0529397,0
6.5,8.2,0,0.356354,0.0545731,0
6.5,8.3,0,0.35908,0.0553,0
6.5,8.4,0,0.361807,0.0560269,0
6.5,8.5,0,0.361786,0.0559088,0
6.5,8.6,0,0.360849,0.0555091,0
6.5,8.7,0,0.359913,0.0551094,0
6.5,8.8,0,0.358134,0.0543349,0
6.5,8.9,0,0.356261,0.0535187,0
6.5,9,0,0.354385,0.0526989,0
6.5,9.1,0,0.352454,0.0518087,0
6.5,9.2,0,0.350522,0.0509186,0
6.5,9.3,0,0.348615,0.0500344,0
6.5,9.4,0,0.346808,0.0491742,0
6.5,9.5,0,0.345001,0.048314,0
6.5,9.6,0,0.34324,0.0474725,0
6.5,9.7,0,0.341565,0.0466656,0
6.5,9.8,0,0.339889,0.0458588,0
6.5,9.9,0,0.338271,0.0450838,0
6.5,10,0,0.336708,0.0443405,0
6.5,10.1,0,0.335146,0.0435973,0
6.5,10.2,0,0.333647,0.0428994,0
6.5,10.3,0,0.332181,0.0422259,0
6.5,10.4,0,0.330714,0.0415524,0
6.5,10.5,0,0.329314,0.0409365,0
6.5,10.6,0,0.327929,0.0403348,0
6.5,10.7,0,0.326545,0.0397332,0
6.5,10.8,0,0.325226,0.0391993,0
6.5,10.9,0,0.323911,0.0386689,0
6.5,11,0,0.322602,0.0381455,0
6.5,11.1,0,0.321345,0.0376844,0
6.5,11.2,0,0.320088,0.0372234,0
6.5,11.3,0,0.318843,0.0367791,0
6.5,11.4,0,0.317635,0.0363851,0
6.5,11.5,0,0.316426,0.035991,0
6.5,11.6,0,0.315235,0.0356229,0
6.5,11.7,0,0.314069,0.0352938,0
6.5,11.8,0,0.312903,0.0349648,0
6.5,11.9,0,0.311764,0.0346683,0
6.5,12,0,0.310649,0.0343984,0
6.5,12.1,0,0.309534,0.0341285,0
6.5,12.2,0,0.308512,0.033882,0
6.5,12.3,0,0.30753,0.0336455,0
6.5,12.4,0,0.306549,0.0334089,0
6.5,12.5,0,0.306028,0.0332756,0
6.5,12.6,0,0.305589,0.0331604,0
6.5,12.7,0,0.30515,0.0330453,0
6.6,0,0,0.30352,-0.0604146,0
6.6,0.1,0,0.303575,-0.0604503,0
6.6,0.2,0,0.30403,-0.0606396,0
6.6,0.3,0,0.304702,-0.0609266,0
6.6,0.4,0,0.305405,-0.0612257,0
6.6,0.5,0,0.306133,-0.0615118,0
6.6,0.6,0,0.30686,-0.0618284,0
6.6,0.7,0,0.307591,-0.0621813,0
6.6,0.8,0,0.3083,-0.0625632,0
6.6,0.9,0,0.309015,-0.0629799,0
6.6,1,0,0.309706,-0.0634216,0
6.6,1.1,0,0.310384,-0.0639004,0
6.6,1.2,0,0.31106,-0.0644124,0
6.6,1.3,0,0.311707,-0.0649508,0
6.6,1.4,0,0.312354,-0.0655274,0
6.6,1.5,0,0.31297,-0.0661296,0
6.6,1.6,0,0.31357,-0.0667719,0
6.6,1.7,0,0.314159,-0.0674503,0
6.6,1.8,0,0.314711,-0.0681556,0
6.6,1.9,0,0.315258,-0.0689035,0
6.6,2,0,0.315764,-0.0696767,0
6.6,2.1,0,0.316244,-0.0704931,0
6.6,2.2,0,0.316703,-0.071349,0
6.6,2.3,0,0.317113,-0.0722303,0
6.6,2.4,0,0.317507,-0.0731593,0
6.6,2.5,0,0.317844,-0.0741109,0
6.6,2.6,0,0.318142,-0.0751064,0
6.6,2.7,0,0.3184,-0.0761438,0
6.6,2.8,0,0.318596,-0.0771999,0
6.6,2.9,0,0.318753,-0.0783065,0
6.6,3,0,0.318835,-0.0794263,0
6.6,3.1,0,0.318857,-0.0805823,0
6.6,3.2,0,0.318809,-0.0817761,0
6.6,3.3,0,0.318682,-0.0829681,0
6.6,3.4,0,0.318483,-0.0842028,0
6.6,3.5,0,0.318186,-0.085425,0
6.6,3.6,0,0.317803,-0.0866504,0
6.6,3.7,0,0.317299,-0.0878866,0
6.6,3.8,0,0.316713,-0.0890715,0
6.6,3.9,0,0.315965,-0.0902346,0
6.6,4,0,0.315082,-0.0913009,0
6.6,4.1,0,0.314071,-0.0922608,0
6.6,4.2,0,0.312615,-0.092982,0
6.6,4.3,0,0.311082,-0.0935065,0
6.6,4.4,0,0.308711,-0.0935683,0
6.6,4.5,0,0.305519,-0.0930407,0
6.6,4.6,0,0.301913,-0.0920801,0
6.6,4.7,0,0.295133,-0.0896276,0
6.6,4.8,0,0.287544,-0.0865144,0
6.6,4.9,0,0.278301,-0.0825743,0
6.6,5,0,0.267477,-0.0778497,0
6.6,5.1,0,0.238018,-0.0648235,0
6.6,5.2,0,0.21258,-0.0544471,0
6.6,5.3,0,0.183224,-0.0434311,0
6.6,5.4,0,0.151357,-0.0325552,0
6.6,5.5,0,0.118714,-0.0225862,0
6.6,5.6,0,0.0871371,-0.014151,0
6.6,5.7,0,0.0583191,-0.00764522,0
6.6,5.8,0,0.0336219,-0.00320451,0
6.6,5.9,0,0.0139963,-0.000737749,0
6.6,6,0,0,0,0
6.6,7,0,0,0,0
6.6,7.1,0,0.0238255,-0.00271878,0
6.6,7.2,0,0.0620948,-0.00145081,0
6.6,7.3,0,0.109369,0.00250993,0
6.6,7.4,0,0.155247,0.00665178,0
6.6,7.5,0,0.199684,0.0149344,0
6.6,7.6,0,0.240699,0.0246952,0
6.6,7.7,0,0.276996,0.0330606,0
6.6,7.8,0,0.303092,0.039576,0
6.6,7.9,0,0.323948,0.0444055,0
6.6,8,0,0.340464,0.0480799,0
6.6,8.1,0,0.34964,0.0506304,0
6.6,8.2,0,0.356612,0.0525409,0
6.6,8.3,0,0.360897,0.0536173,0
6.6,8.4,0,0.361886,0.0540847,0
6.6,8.5,0,0.362556,0.0542776,0
6.6,8.6,0,0.36197,0.0539856,0
6.6,8.7,0,0.360337,0.0535284,0
6.6,8.8,0,0.358978,0.0529681,0
6.6,8.9,0,0.357133,0.0521642,0
6.6,9,0,0.355057,0.0514428,0
6.6,9.1,0,0.353269,0.0506709,0
6.6,9.2,0,0.351327,0.0497992,0
6.6,9.3,0,0.349371,0.0490332,0
6.6,9.4,0,0.3476,0.0482456,0
6.6,9.5,0,0.345778,0.0474154,0
6.6,9.6,0,0.343988,0.0466665,0
6.6,9.7,0,0.34232,0.045907,0
6.6,9.8,0,0.340622,0.045135,0
6.6,9.9,0,0.338975,0.0444308,0
6.6,10,0,0.33741,0.0437165,0
6.6,10.1,0,0.335819,0.0430098,0
6.6,10.2,0,0.334291,0.0423671,0
6.6,10.3,0,0.33282,0.0417092,0
6.6,10.4,0,0.331321,0.0410716,0
6.6,10.5,0,0.329891,0.0404987,0
6.6,10.6,0,0.328502,0.0399034,0
6.6,10.7,0,0.327082,0.039335,0
6.6,10.8,0,0.325733,0.0388346,0
6.6,10.9,0,0.324416,0.0383056,0
6.6,11,0,0.323071,0.0378101,0
6.6,11.1,0,0.321785,0.0373712,0
6.6,11.2,0,0.320522,0.0369144,0
6.6,11.3,0,0.319244,0.0364909,0
6.6,11.4,0,0.318011,0.0361106,0
6.6,11.5,0,0.316793,0.0357219,0
6.6,11.6,0,0.315569,0.0353685,0
6.6,11.7,0,0.314382,0.035047,0
6.6,11.8,0,0.313204,0.0347235,0
6.6,11.9,0,0.312027,0.0344391,0
6.6,12,0,0.310891,0.0341745,0
6.6,12.1,0,0.309773,0.0339063,0
6.6,12.2,0,0.308661,0.0336806,0
6.6,12.3,0,0.307648,0.0334512,0
6.6,12.4,0,0.306732,0.0331967,0
6.6,12.5,0,0.305835,0.0329864,0
6.6,12.6,0,0.30535,0.0328626,0
6.6,12.7,0,0.305328,0.0328302,0
6.7,0,0,0.303724,-0.0607364,0
6.7,0.1,0,0.303779,-0.0607722,0
6.7,0.2,0,0.304249,-0.0609663,0
6.7,0.3,0,0.304962,-0.061268,0
6.7,0.4,0,0.305679,-0.061572,0
6.7,0.5,0,0.306445,-0.0618667,0
6.7,0.6,0,0.307209,-0.0621922,0
6.7,0.7,0,0.307956,-0.0625493,0
6.7,0.8,0,0.308712,-0.0629439,0
6.7,0.9,0,0.309441,-0.0633649,0
6.7,1,0,0.310172,-0.063818,0
6.7,1.1,0,0.31089,-0.0643087,0
6.7,1.2,0,0.311583,-0.0648259,0
6.7,1.3,0,0.312278,-0.0653803,0
6.7,1.4,0,0.312942,-0.0659623,0
6.7,1.5,0,0.313601,-0.0665795,0
6.7,1.6,0,0.314242,-0.0672378,0
6.7,1.7,0,0.314849,-0.0679233,0
6.7,1.8,0,0.315454,-0.0686506,0
6.7,1.9,0,0.316019,-0.0694061,0
6.7,2,0,0.316569,-0.0702007,0
6.7,2.1,0,0.317095,-0.0710401,0
6.7,2.2,0,0.317572,-0.0719064,0
6.7,2.3,0,0.318038,-0.0728204,0
6.7,2.4,0,0.31845,-0.0737607,0
6.7,2.5,0,0.318832,-0.0747447,0
6.7,2.6,0,0.319176,-0.0757756,0
6.7,2.7,0,0.319451,-0.0768293,0
6.7,2.8,0,0.319699,-0.0779366,0
6.7,2.9,0,0.319873,-0.0790611,0
6.7,3,0,0.319993,-0.0802328,0
6.7,3.1,0,0.320051,-0.0814454,0
6.7,3.2,0,0.320014,-0.0826656,0
6.7,3.3,0,0.319917,-0.0839402,0
6.7,3.4,0,0.319726,-0.0852036,0
6.7,3.5,0,0.319435,-0.0865078,0
6.7,3.6,0,0.319048,-0.0878222,0
6.7,3.7,0,0.318527,-0.089096,0
6.7,3.8,0,0.317881,-0.0903983,0
6.7,3.9,0,0.31711,-0.0916021,0
6.7,4,0,0.316069,-0.0927504,0
6.7,4.1,0,0.314884,-0.0938006,0
6.7,4.2,0,0.313252,-0.0945194,0
6.7,4.3,0,0.311182,-0.0950397,0
6.7,4.4,0,0.308629,-0.095101,0
6.7,4.5,0,0.304407,-0.0943217,0
6.7,4.6,0,0.299748,-0.0930986,0
6.7,4.7,0,0.292202,-0.0903956,0
6.7,4.8,0,0.282289,-0.0865054,0
6.7,4.9,0,0.272263,-0.0822976,0
6.7,5,0,0.260024,-0.0772399,0
6.7,5.1,0,0.228062,-0.0635954,0
6.7,5.2,0,0.20173,-0.0530082,0
6.7,5.3,0,0.172233,-0.0419831,0
6.7,5.4,0,0.14099,-0.0312836,0
6.7,5.5,0,0.10964,-0.0216119,0
6.7,5.6,0,0.0798251,-0.01351,0
6.7,5.7,0,0.0529969,-0.00729769,0
6.7,5.8,0,0.030288,-0.0030648,0
6.7,5.9,0,0.0124732,-0.000708598,0
6.7,6,0,0,0,0
6.7,7,0,0,0,0
6.7,7.1,0,0.023632,-0.00275568,0
6.7,7.2,0,0.0584197,-0.00215188,0
6.7,7.3,0,0.105693,0.00180886,0
6.7,7.4,0,0.150898,0.00556261,0
6.7,7.5,0,0.192806,0.0123899,0
6.7,7.6,0,0.23382,0.0221506,0
6.7,7.7,0,0.270727,0.0302888,0
6.7,7.8,0,0.297868,0.0364144,0
6.7,7.9,0,0.318725,0.0412439,0
6.7,8,0,0.336719,0.0451975,0
6.7,8.1,0,0.347227,0.0479991,0
6.7,8.2,0,0.3542,0.0499097,0
6.7,8.3,0,0.359765,0.0513942,0
6.7,8.4,0,0.361345,0.0520499,0
6.7,8.5,0,0.362016,0.0522428,0
6.7,8.6,0,0.362173,0.0523272,0
6.7,8.7,0,0.36068,0.0519407,0
6.7,8.8,0,0.35932,0.0513803,0
6.7,8.9,0,0.357796,0.0509016,0
6.7,9,0,0.35572,0.0501802,0
6.7,9.1,0,0.353941,0.0494337,0
6.7,9.2,0,0.352073,0.0487786,0
6.7,9.3,0,0.350118,0.0480125,0
6.7,9.4,0,0.348346,0.0472741,0
6.7,9.5,0,0.346521,0.0465817,0
6.7,9.6,0,0.344731,0.0458328,0
6.7,9.7,0,0.343048,0.0451359,0
6.7,9.8,0,0.341329,0.0444499,0
6.7,9.9,0,0.339682,0.0437456,0
6.7,10,0,0.338088,0.0431002,0
6.7,10.1,0,0.336475,0.0424436,0
6.7,10.2,0,0.334947,0.0418009,0
6.7,10.3,0,0.333433,0.041213,0
6.7,10.4,0,0.331918,0.0406003,0
6.7,10.5,0,0.330488,0.0400274,0
6.7,10.6,0,0.329044,0.0394992,0
6.7,10.7,0,0.327618,0.0389386,0
6.7,10.8,0,0.326268,0.0384382,0
6.7,10.9,0,0.324888,0.0379677,0
6.7,11,0,0.323544,0.0374722,0
6.7,11.1,0,0.322248,0.0370404,0
6.7,11.2,0,0.320932,0.0366212,0
6.7,11.3,0,0.319655,0.0361976,0
6.7,11.4,0,0.318402,0.0358279,0
6.7,11.5,0,0.317143,0.0354619,0
6.7,11.6,0,0.315919,0.0351086,0
6.7,11.7,0,0.314704,0.0347983,0
6.7,11.8,0,0.313496,0.0344871,0
6.7,11.9,0,0.312318,0.0342027,0
6.7,12,0,0.311148,0.0339476,0
6.7,12.1,0,0.31001,0.0336849,0
6.7,12.2,0,0.308899,0.0334592,0
6.7,12.3,0,0.307852,0.0332344,0
6.7,12.4,0,0.306927,0.0329812,0
6.7,12.5,0,0.30603,0.0327709,0
6.7,12.6,0,0.305529,0.0326475,0
6.7,12.7,0,0.305506,0.0326151,0
6.8,0,0,0.303934,-0.0610358,0
6.8,0.1,0,0.304301,-0.0611902,0
6.8,0.2,0,0.304668,-0.0613447,0
6.8,0.3,0,0.305233,-0.0615773,0
6.8,0.4,0,0.305998,-0.061888,0
6.8,0.5,0,0.306762,-0.0621987,0
6.8,0.6,0,0.307549,-0.0625553,0
6.8,0.7,0,0.308336,-0.0629119,0
6.8,0.8,0,0.309113,-0.0633102,0
6.8,0.9,0,0.309879,-0.0637502,0
6.8,1,0,0.310645,-0.0641902,0
6.8,1.1,0,0.311382,-0.0647107,0
6.8,1.2,0,0.312119,-0.0652312,0
6.8,1.3,0,0.312838,-0.0657938,0
6.8,1.4,0,0.313539,-0.0663984,0
6.8,1.5,0,0.31424,-0.0670031,0
6.8,1.6,0,0.314897,-0.0676956,0
6.8,1.7,0,0.315554,-0.0683882,0
6.8,1.8,0,0.316183,-0.0691267,0
6.8,1.9,0,0.316786,-0.0699112,0
6.8,2,0,0.317388,-0.0706958,0
6.8,2.1,0,0.317922,-0.0715764,0
6.8,2.2,0,0.318456,-0.0724571,0
6.8,2.3,0,0.318946,-0.0733876,0
6.8,2.4,0,0.319394,-0.0743681,0
6.8,2.5,0,0.319841,-0.0753485,0
6.8,2.6,0,0.320179,-0.076431,0
6.8,2.7,0,0.320517,-0.0775134,0
6.8,2.8,0,0.320786,-0.0786463,0
6.8,2.9,0,0.320985,-0.0798298,0
6.8,3,0,0.321184,-0.0810133,0
6.8,3.1,0,0.321207,-0.0822906,0
6.8,3.2,0,0.32123,-0.0835678,0
6.8,3.3,0,0.32114,-0.0848821,0
6.8,3.4,0,0.320937,-0.0862334,0
6.8,3.5,0,0.320734,-0.0875847,0
6.8,3.6,0,0.320231,-0.0889631,0
6.8,3.7,0,0.319729,-0.0903416,0
6.8,3.8,0,0.319001,-0.0916731,0
6.8,3.9,0,0.318048,-0.0929576,0
6.8,4,0,0.317095,-0.0942422,0
6.8,4.1,0,0.315283,-0.0951081,0
6.8,4.2,0,0.31347,-0.095974,0
6.8,4.3,0,0.310679,-0.0962667,0
6.8,4.4,0,0.30691,-0.0959863,0
6.8,4.5,0,0.30314,-0.0957058,0
6.8,4.6,0,0.294987,-0.0930385,0
6.8,4.7,0,0.286833,-0.0903712,0
6.8,4.8,0,0.276649,-0.086598,0
6.8,4.9,0,0.264436,-0.0817189,0
6.8,5,0,0.252223,-0.0768398,0
6.8,5.1,0,0.217889,-0.0626381,0
6.8,5.2,0,0.190806,-0.0518562,0
6.8,5.3,0,0.161316,-0.0408131,0
6.8,5.4,0,0.130812,-0.0302542,0
6.8,5.5,0,0.100809,-0.0208239,0
6.8,5.6,0,0.0727503,-0.0129921,0
6.8,5.7,0,0.0478609,-0.00701713,0
6.8,5.8,0,0.0270698,-0.00295192,0
6.8,5.9,0,0.0109985,-0.000684977,0
6.8,6,0,0,0,0
6.8,7,0,1.05604e-17,6.8687e-20,0
6.8,7.1,0,0.0333752,0.00021708,0
6.8,7.2,0,0.0667505,0.00043416,0
6.8,7.3,0,0.101427,0.00147756,0
6.8,7.4,0,0.143477,0.00720345,0
6.8,7.5,0,0.185528,0.0129293,0
6.8,7.6,0,0.224351,0.0189569,0
6.8,7.7,0,0.255644,0.0256883,0
6.8,7.8,0,0.286937,0.0324198,0
6.8,7.9,0,0.31099,0.0377202,0
6.8,8,0,0.326194,0.0412714,0
6.8,8.1,0,0.341398,0.0448227,0
6.8,8.2,0,0.350298,0.047056,0
6.8,8.3,0,0.354995,0.0484107,0
6.8,8.4,0,0.359692,0.0497654,0
6.8,8.5,0,0.360861,0.0501573,0
6.8,8.6,0,0.360854,0.0502282,0
6.8,8.7,0,0.360847,0.0502991,0
6.8,8.8,0,0.359465,0.0498797,0
6.8,8.9,0,0.35793,0.0494058,0
6.8,9,0,0.356379,0.0489238,0
6.8,9.1,0,0.354535,0.0482883,0
6.8,9.2,0,0.352691,0.0476529,0
6.8,9.3,0,0.350854,0.0470119,0
6.8,9.4,0,0.349043,0.0463485,0
6.8,9.5,0,0.347233,0.0456852,0
6.8,9.6,0,0.345456,0.0450263,0
6.8,9.7,0,0.343743,0.0443758,0
6.8,9.8,0,0.34203,0.0437252,0
6.8,9.9,0,0.340365,0.043091,0
6.8,10,0,0.338749,0.0424729,0
6.8,10.1,0,0.337134,0.0418549,0
6.8,10.2,0,0.335575,0.0412658,0
6.8,10.3,0,0.334047,0.0406922,0
6.8,10.4,0,0.33252,0.0401186,0
6.8,10.5,0,0.331054,0.0395857,0
6.8,10.6,0,0.329604,0.0390629,0
6.8,10.7,0,0.328155,0.0385402,0
6.8,10.8,0,0.32677,0.0380686,0
6.8,10.9,0,0.325389,0.0375997,0
6.8,11,0,0.324013,0.0371364,0
6.8,11.1,0,0.322691,0.0367224,0
6.8,11.2,0,0.321368,0.0363085,0
6.8,11.3,0,0.320058,0.0359083,0
6.8,11.4,0,0.318786,0.0355492,0
6.8,11.5,0,0.317514,0.0351902,0
6.8,11.6,0,0.316259,0.034853,0
6.8,11.7,0,0.315032,0.0345487,0
6.8,11.8,0,0.313804,0.0342445,0
6.8,11.9,0,0.312607,0.0339678,0
6.8,12,0,0.311435,0.0337137,0
6.8,12.1,0,0.310263,0.0334596,0
6.8,12.2,0,0.309193,0.0332221,0
6.8,12.3,0,0.308167,0.0329917,0
6.8,12.4,0,0.307141,0.0327614,0
6.8,12.5,0,0.306599,0.0326294,0
6.8,12.6,0,0.306142,0.0325147,0
6.8,12.7,0,0.305685,0.0324,0
6.9,0,0,0.304154,-0.0612902,0
6.9,0.1,0,0.304216,-0.0613284,0
6.9,0.2,0,0.304727,-0.0615368,0
6.9,0.3,0,0.305482,-0.0618529,0
6.9,0.4,0,0.306272,-0.0621778,0
6.9,0.5,0,0.307091,-0.0624846,0
6.9,0.6,0,0.307909,-0.062822,0
6.9,0.7,0,0.308733,-0.0631974,0
6.9,0.8,0,0.309536,-0.0636039,0
6.9,0.9,0,0.310345,-0.0640452,0
6.9,1,0,0.311132,-0.0645128,0
6.9,1.1,0,0.311907,-0.065019,0
6.9,1.2,0,0.312682,-0.065559,0
6.9,1.3,0,0.313428,-0.066128,0
6.9,1.4,0,0.314177,-0.0667359,0
6.9,1.5,0,0.314897,-0.0673719,0
6.9,1.6,0,0.315601,-0.0680509,0
6.9,1.7,0,0.316297,-0.0687677,0
6.9,1.8,0,0.316957,-0.0695153,0
6.9,1.9,0,0.317615,-0.0703078,0
6.9,2,0,0.318232,-0.0711297,0
6.9,2.1,0,0.318826,-0.0720001,0
6.9,2.2,0,0.3194,-0.0729137,0
6.9,2.3,0,0.319925,-0.0738592,0
6.9,2.4,0,0.320437,-0.0748579,0
6.9,2.5,0,0.320891,-0.0758859,0
6.9,2.6,0,0.321305,-0.0769676,0
6.9,2.7,0,0.321681,-0.0780996,0
6.9,2.8,0,0.321987,-0.0792597,0
6.9,2.9,0,0.322259,-0.0804839,0
6.9,3,0,0.322445,-0.0817311,0
6.9,3.1,0,0.322564,-0.0830321,0
6.9,3.2,0,0.322608,-0.0843899,0
6.9,3.3,0,0.322554,-0.0857578,0
6.9,3.4,0,0.322415,-0.0871967,0
6.9,3.5,0,0.32215,-0.0886334,0
6.9,3.6,0,0.321762,-0.0900987,0
6.9,3.7,0,0.321197,-0.0915982,0
6.9,3.8,0,0.320493,-0.0930472,0
6.9,3.9,0,0.319506,-0.0944931,0
6.9,4,0,0.318229,-0.0958012,0
6.9,4.1,0,0.316693,-0.097002,0
6.9,4.2,0,0.314262,-0.0978518,0
6.9,4.3,0,0.311546,-0.0984084,0
6.9,4.4,0,0.307382,-0.0983436,0
6.9,4.5,0,0.30162,-0.0973239,0
6.9,4.6,0,0.295083,-0.095725,0
6.9,4.7,0,0.284095,-0.0921929,0
6.9,4.8,0,0.271683,-0.0876126,0
6.9,4.9,0,0.25807,-0.0824806,0
6.9,5,0,0.243832,-0.0770088,0
6.9,5.1,0,0.207325,-0.0623256,0
6.9,5.2,0,0.179708,-0.0513209,0
6.9,5.3,0,0.150451,-0.0401875,0
6.9,5.4,0,0.120857,-0.0296626,0
6.9,5.5,0,0.0922869,-0.0203514,0
6.9,5.6,0,0.0659828,-0.0126729,0
6.9,5.7,0,0.0429691,-0.00684078,0
6.9,5.8,0,0.0240045,-0.00288005,0
6.9,5.9,0,0.00958838,-0.000669819,0
6.9,6,0,0,0,0
6.9,7,0,0,0,0
6.9,7.1,0,0.0233954,-0.00184041,0
6.9,7.2,0,0.0575558,-0.00142421,0
6.9,7.3,0,0.0986443,0.000738534,0
6.9,7.4,0,0.139297,0.0034078,0
6.9,7.5,0,0.180992,0.00971111,0
6.9,7.6,0,0.221235,0.0175218,0
6.9,7.7,0,0.25776,0.0246138,0
6.9,7.8,0,0.286065,0.0307731,0
6.9,7.9,0,0.309716,0.0357717,0
6.9,8,0,0.329039,0.0398618,0
6.9,8.1,0,0.340991,0.0429454,0
6.9,8.2,0,0.350429,0.0454014,0
6.9,8.3,0,0.356819,0.0470844,0
6.9,8.4,0,0.359439,0.0480721,0
6.9,8.5,0,0.36146,0.0487335,0
6.9,8.6,0,0.361878,0.0489113,0
6.9,8.7,0,0.360932,0.0488388,0
6.9,8.8,0,0.360123,0.0486246,0
6.9,8.9,0,0.358626,0.048163,0
6.9,9,0,0.35678,0.0477199,0
6.9,9.1,0,0.355153,0.0471968,0
6.9,9.2,0,0.353296,0.0465745,0
6.9,9.3,0,0.351404,0.0460208,0
6.9,9.4,0,0.349653,0.0454221,0
6.9,9.5,0,0.347831,0.0447831,0
6.9,9.6,0,0.346039,0.0442011,0
6.9,9.7,0,0.344341,0.043592,0
6.9,9.8,0,0.342614,0.042972,0
6.9,9.9,0,0.340936,0.0424,0
6.9,10,0,0.339322,0.0418075,0
6.9,10.1,0,0.337688,0.0412234,0
6.9,10.2,0,0.336113,0.0406846,0
6.9,10.3,0,0.334583,0.0401251,0
6.9,10.4,0,0.333032,0.0395861,0
6.9,10.5,0,0.331547,0.0390934,0
6.9,10.6,0,0.330095,0.0385764,0
6.9,10.7,0,0.32862,0.0380868,0
6.9,10.8,0,0.327211,0.0376469,0
6.9,10.9,0,0.325829,0.0371795,0
6.9,11,0,0.324427,0.0367448,0
6.9,11.1,0,0.323081,0.0363522,0
6.9,11.2,0,0.321754,0.0359427,0
6.9,11.3,0,0.320418,0.0355641,0
6.9,11.4,0,0.319126,0.0352186,0
6.9,11.5,0,0.317846,0.0348654,0
6.9,11.6,0,0.316564,0.0345438,0
6.9,11.7,0,0.315318,0.0342471,0
6.9,11.8,0,0.314082,0.0339491,0
6.9,11.9,0,0.31285,0.0336854,0
6.9,12,0,0.311658,0.0334366,0
6.9,12.1,0,0.310488,0.0331851,0
6.9,12.2,0,0.309328,0.03297,0
6.9,12.3,0,0.30827,0.0327471,0
6.9,12.4,0,0.307318,0.032499,0
6.9,12.5,0,0.30639,0.0322876,0
6.9,12.6,0,0.305886,0.032164,0
6.9,12.7,0,0.305863,0.0321357,0
7,0,0,0.304379,-0.061522,0
7,0.1,0,0.304441,-0.0615602,0
7,0.2,0,0.304966,-0.0617733,0
7,0.3,0,0.305763,-0.0621032,0
7,0.4,0,0.306567,-0.0624328,0
7,0.5,0,0.307424,-0.0627472,0
7,0.6,0,0.308281,-0.0630923,0
7,0.7,0,0.309121,-0.0634712,0
7,0.8,0,0.309971,-0.0638884,0
7,0.9,0,0.310797,-0.0643334,0
7,1,0,0.311624,-0.0648103,0
7,1.1,0,0.312441,-0.0653262,0
7,1.2,0,0.313233,-0.0658703,0
7,1.3,0,0.31403,-0.0664521,0
7,1.4,0,0.314797,-0.0670644,0
7,1.5,0,0.315561,-0.0677125,0
7,1.6,0,0.316311,-0.0684045,0
7,1.7,0,0.317026,-0.0691269,0
7,1.8,0,0.317744,-0.0698926,0
7,1.9,0,0.318421,-0.0706914,0
7,2,0,0.319088,-0.0715312,0
7,2.1,0,0.319732,-0.0724214,0
7,2.2,0,0.320328,-0.0733442,0
7,2.3,0,0.320918,-0.0743189,0
7,2.4,0,0.321451,-0.075328,0
7,2.5,0,0.32196,-0.0763864,0
7,2.6,0,0.322432,-0.0775024,0
7,2.7,0,0.32283,-0.078651,0
7,2.8,0,0.323205,-0.0798638,0
7,2.9,0,0.323499,-0.0811067,0
7,3,0,0.323742,-0.0824107,0
7,3.1,0,0.323918,-0.0837762,0
7,3.2,0,0.323982,-0.0851656,0
7,3.3,0,0.323987,-0.0866352,0
7,3.4,0,0.323868,-0.0881103,0
7,3.5,0,0.323633,-0.0896545,0
7,3.6,0,0.323269,-0.091245,0
7,3.7,0,0.322689,-0.0927981,0
7,3.8,0,0.321934,-0.094423,0
7,3.9,0,0.320928,-0.0959327,0
7,4,0,0.319437,-0.0973725,0
7,4.1,0,0.317665,-0.098739,0
7,4.2,0,0.314991,-0.0996105,0
7,4.3,0,0.311521,-0.100254,0
7,4.4,0,0.307099,-0.100226,0
7,4.5,0,0.300019,-0.0990613,0
7,4.6,0,0.292103,-0.0973298,0
7,4.7,0,0.280255,-0.0936363,0
7,4.8,0,0.265208,-0.0885293,0
7,4.9,0,0.250698,-0.0832076,0
7,5,0,0.235194,-0.0775763,0
7,5.1,0,0.196536,-0.0624253,0
7,5.2,0,0.168458,-0.0511434,0
7,5.3,0,0.13952,-0.0398485,0
7,5.4,0,0.110914,-0.0292815,0
7,5.5,0,0.0838232,-0.0200186,0
7,5.6,0,0.0592901,-0.0124356,0
7,5.7,0,0.0381436,-0.00670512,0
7,5.8,0,0.0209831,-0.00282384,0
7,5.9,0,0.00819685,-0.000658129,0
7,6,0,0,0,0
7,7,0,0,0,0
7,7.1,0,0.0232627,-0.00184914,0
7,7.2,0,0.0550351,-0.00159012,0
7,7.3,0,0.0961236,0.000572625,0
7,7.4,0,0.136143,0.00293967,0
7,7.5,0,0.175461,0.00810967,0
7,7.6,0,0.215704,0.0159204,0
7,7.7,0,0.252432,0.0227058,0
7,7.8,0,0.281085,0.0283396,0
7,7.9,0,0.304736,0.0333382,0
7,8,0,0.325221,0.037542,0
7,8.1,0,0.33822,0.040728,0
7,8.2,0,0.347657,0.043184,0
7,8.3,0,0.355263,0.0451359,0
7,8.4,0,0.358444,0.0462477,0
7,8.5,0,0.360465,0.0469091,0
7,8.6,0,0.361699,0.0473793,0
7,8.7,0,0.360906,0.0473617,0
7,8.8,0,0.360097,0.0471475,0
7,8.9,0,0.359015,0.0469529,0
7,9,0,0.357169,0.0465098,0
7,9.1,0,0.355558,0.0460079,0
7,9.2,0,0.353831,0.0455662,0
7,9.3,0,0.351939,0.0450126,0
7,9.4,0,0.350198,0.0444557,0
7,9.5,0,0.348403,0.0439338,0
7,9.6,0,0.346611,0.0433518,0
7,9.7,0,0.344912,0.0427974,0
7,9.8,0,0.343182,0.0422527,0
7,9.9,0,0.341504,0.0416808,0
7,10,0,0.339876,0.0411505,0
7,10.1,0,0.338231,0.0406117,0
7,10.2,0,0.336656,0.0400729,0
7,10.3,0,0.335099,0.0395785,0
7,10.4,0,0.333539,0.0390628,0
7,10.5,0,0.332054,0.0385701,0
7,10.6,0,0.330563,0.0381174,0
7,10.7,0,0.329083,0.0376353,0
7,10.8,0,0.327675,0.0371955,0
7,10.9,0,0.326245,0.0367855,0
7,11,0,0.324843,0.0363507,0
7,11.1,0,0.32349,0.0359652,0
7,11.2,0,0.322122,0.0355937,0
7,11.3,0,0.320786,0.0352151,0
7,11.4,0,0.319478,0.0348804,0
7,11.5,0,0.318164,0.0345507,0
7,11.6,0,0.316882,0.0342291,0
7,11.7,0,0.315614,0.0339443,0
7,11.8,0,0.314352,0.0336594,0
7,11.9,0,0.31312,0.0333956,0
7,12,0,0.3119,0.0331573,0
7,12.1,0,0.310713,0.0329118,0
7,12.2,0,0.309553,0.0326967,0
7,12.3,0,0.308468,0.0324799,0
7,12.4,0,0.307509,0.0322334,0
7,12.5,0,0.306581,0.0320219,0
7,12.6,0,0.306064,0.0318996,0
7,12.7,0,0.30604,0.0318714,0
7.1,0,0,0.304609,-0.0617312,0
7.1,0.1,0,0.305017,-0.0618995,0
7.1,0.2,0,0.305426,-0.0620679,0
7.1,0.3,0,0.306057,-0.062319,0
7.1,0.4,0,0.30691,-0.0626527,0
7.1,0.5,0,0.307762,-0.0629865,0
7.1,0.6,0,0.308643,-0.0633629,0
7.1,0.7,0,0.309524,-0.0637393,0
7.1,0.8,0,0.310396,-0.0641585,0
7.1,0.9,0,0.311259,-0.0646206,0
7.1,1,0,0.312122,-0.0650826,0
7.1,1.1,0,0.312959,-0.0656272,0
7.1,1.2,0,0.313797,-0.0661718,0
7.1,1.3,0,0.314619,-0.0667603,0
7.1,1.4,0,0.315426,-0.0673926,0
7.1,1.5,0,0.316233,-0.0680249,0
7.1,1.6,0,0.317001,-0.0687502,0
7.1,1.7,0,0.31777,-0.0694755,0
7.1,1.8,0,0.318514,-0.0702506,0
7.1,1.9,0,0.319235,-0.0710755,0
7.1,2,0,0.319955,-0.0719004,0
7.1,2.1,0,0.320614,-0.0728324,0
7.1,2.2,0,0.321273,-0.0737645,0
7.1,2.3,0,0.321891,-0.0747544,0
7.1,2.4,0,0.32247,-0.0758023,0
7.1,2.5,0,0.323049,-0.0768502,0
7.1,2.6,0,0.323524,-0.0780233,0
7.1,2.7,0,0.323998,-0.0791964,0
7.1,2.8,0,0.324404,-0.0804368,0
7.1,2.9,0,0.32474,-0.0817444,0
7.1,3,0,0.325077,-0.083052,0
7.1,3.1,0,0.325228,-0.0845014,0
7.1,3.2,0,0.325379,-0.0859508,0
7.1,3.3,0,0.3254,-0.08747,0
7.1,3.4,0,0.325291,-0.089059,0
7.1,3.5,0,0.325182,-0.090648,0
7.1,3.6,0,0.324665,-0.0923374,0
7.1,3.7,0,0.324147,-0.0940269,0
7.1,3.8,0,0.323254,-0.0956885,0
7.1,3.9,0,0.321986,-0.0973223,0
7.1,4,0,0.320717,-0.0989561,0
7.1,4.1,0,0.317889,-0.100086,0
7.1,4.2,0,0.315062,-0.101216,0
7.1,4.3,0,0.310586,-0.101608,0
7.1,4.4,0,0.304462,-0.101263,0
7.1,4.5,0,0.298339,-0.100918,0
7.1,4.6,0,0.285951,-0.0976074,0
7.1,4.7,0,0.273564,-0.0942969,0
7.1,4.8,0,0.259158,-0.0898218,0
7.1,4.9,0,0.242735,-0.0841821,0
7.1,5,0,0.226311,-0.0785424,0
7.1,5.1,0,0.185522,-0.062937,0
7.1,5.2,0,0.157055,-0.0513235,0
7.1,5.3,0,0.128525,-0.0397961,0
7.1,5.4,0,0.100981,-0.0291108,0
7.1,5.5,0,0.075418,-0.0198254,0
7.1,5.6,0,0.052672,-0.0122802,0
7.1,5.7,0,0.0333844,-0.00661014,0
7.1,5.8,0,0.0180056,-0.00278328,0
7.1,5.9,0,0.00682389,-0.000649908,0
7.1,6,0,0,0,0
7.1,7,0,9.72081e-18,1.34281e-20,0
7.1,7.1,0,0.0307219,4.24386e-05,0
7.1,7.2,0,0.0614437,8.48772e-05,0
7.1,7.3,0,0.0933896,0.00075317,0
7.1,7.4,0,0.132271,0.00496797,0
7.1,7.5,0,0.171153,0.00918278,0
7.1,7.6,0,0.207932,0.0138898,0
7.1,7.7,0,0.239805,0.0197454,0
7.1,7.8,0,0.271678,0.0256011,0
7.1,7.9,0,0.297096,0.0305221,0
7.1,8,0,0.314625,0.0343008,0
7.1,8.1,0,0.332154,0.0380794,0
7.1,8.2,0,0.343106,0.040652,0
7.1,8.3,0,0.349673,0.0424204,0
7.1,8.4,0,0.35624,0.0441888,0
7.1,8.5,0,0.358642,0.0449582,0
7.1,8.6,0,0.359655,0.0453946,0
7.1,8.7,0,0.360668,0.0458311,0
7.1,8.8,0,0.359781,0.0457012,0
7.1,8.9,0,0.358682,0.0455084,0
7.1,9,0,0.357553,0.0453041,0
7.1,9.1,0,0.355863,0.0448811,0
7.1,9.2,0,0.354173,0.0444581,0
7.1,9.3,0,0.352467,0.0440205,0
7.1,9.4,0,0.350696,0.0435245,0
7.1,9.5,0,0.348925,0.0430284,0
7.1,9.6,0,0.347173,0.0425262,0
7.1,9.7,0,0.345455,0.0420126,0
7.1,9.8,0,0.343736,0.041499,0
7.1,9.9,0,0.342056,0.0409898,0
7.1,10,0,0.340414,0.040485,0
7.1,10.1,0,0.338772,0.0399802,0
7.1,10.2,0,0.337179,0.0394912,0
7.1,10.3,0,0.335613,0.0390106,0
7.1,10.4,0,0.334047,0.0385301,0
7.1,10.5,0,0.332538,0.0380763,0
7.1,10.6,0,0.331043,0.0376291,0
7.1,10.7,0,0.329547,0.0371819,0
7.1,10.8,0,0.328113,0.0367715,0
7.1,10.9,0,0.326682,0.0363631,0
7.1,11,0,0.325257,0.0359589,0
7.1,11.1,0,0.323883,0.0355924,0
7.1,11.2,0,0.322509,0.0352259,0
7.1,11.3,0,0.321148,0.0348702,0
7.1,11.4,0,0.319824,0.0345473,0
7.1,11.5,0,0.318499,0.0342244,0
7.1,11.6,0,0.317194,0.0339195,0
7.1,11.7,0,0.315915,0.0336415,0
7.1,11.8,0,0.314637,0.0333634,0
7.1,11.9,0,0.313391,0.0331081,0
7.1,12,0,0.312172,0.0328713,0
7.1,12.1,0,0.310953,0.0326346,0
7.1,12.2,0,0.309844,0.0324079,0
7.1,12.3,0,0.308782,0.0321855,0
7.1,12.4,0,0.30772,0.0319632,0
7.1,12.5,0,0.30716,0.0318336,0
7.1,12.6,0,0.306689,0.0317204,0
7.1,12.7,0,0.306219,0.0316072,0
7.2,0,0,0.304848,-0.0618954,0
7.2,0.1,0,0.304917,-0.0619358,0
7.2,0.2,0,0.305484,-0.0621623,0
7.2,0.3,0,0.306323,-0.0625058,0
7.2,0.4,0,0.3072,-0.0628543,0
7.2,0.5,0,0.30811,-0.063179,0
7.2,0.6,0,0.30902,-0.063534,0
7.2,0.7,0,0.309939,-0.0639278,0
7.2,0.8,0,0.310838,-0.0643546,0
7.2,0.9,0,0.311744,-0.0648157,0
7.2,1,0,0.31263,-0.0653038,0
7.2,1.1,0,0.313506,-0.0658314,0
7.2,1.2,0,0.314383,-0.0663928,0
7.2,1.3,0,0.315233,-0.0669855,0
7.2,1.4,0,0.31609,-0.067617,0
7.2,1.5,0,0.316918,-0.068279,0
7.2,1.6,0,0.317734,-0.0689864,0
7.2,1.7,0,0.318546,-0.0697321,0
7.2,1.8,0,0.319323,-0.0705131,0
7.2,1.9,0,0.320103,-0.0713401,0
7.2,2,0,0.320843,-0.0722011,0
7.2,2.1,0,0.321564,-0.0731159,0
7.2,2.2,0,0.322271,-0.0740768,0
7.2,2.3,0,0.322929,-0.0750775,0
7.2,2.4,0,0.323582,-0.0761363,0
7.2,2.5,0,0.324176,-0.0772327,0
7.2,2.6,0,0.324736,-0.0783946,0
7.2,2.7,0,0.325263,-0.0796154,0
7.2,2.8,0,0.325718,-0.0808788,0
7.2,2.9,0,0.326147,-0.0822203,0
7.2,3,0,0.326485,-0.0836003,0
7.2,3.1,0,0.326756,-0.0850593,0
7.2,3.2,0,0.326957,-0.0865972,0
7.2,3.3,0,0.327041,-0.0881711,0
7.2,3.4,0,0.32704,-0.0898505,0
7.2,3.5,0,0.326877,-0.0915525,0
7.2,3.6,0,0.326562,-0.0933325,0
7.2,3.7,0,0.325988,-0.0951761,0
7.2,3.8,0,0.325198,-0.0969963,0
7.2,3.9,0,0.323961,-0.0988455,0
7.2,4,0,0.322179,-0.100521,0
7.2,4.1,0,0.319967,-0.102124,0
7.2,4.2,0,0.316262,-0.103281,0
7.2,4.3,0,0.311952,-0.104067,0
7.2,4.4,0,0.305541,-0.104178,0
7.2,4.5,0,0.296616,-0.103038,0
7.2,4.6,0,0.286487,-0.101243,0
7.2,4.7,0,0.270809,-0.0974007,0
7.2,4.8,0,0.25302,-0.0920754,0
7.2,4.9,0,0.234624,-0.0864212,0
7.2,5,0,0.217071,-0.0807132,0
7.2,5.1,0,0.173897,-0.0645956,0
7.2,5.2,0,0.145109,-0.052391,0
7.2,5.3,0,0.117146,-0.0403679,0
7.2,5.4,0,0.0908377,-0.0293358,0
7.2,5.5,0,0.066942,-0.0198532,0
7.2,5.6,0,0.046071,-0.012228,0
7.2,5.7,0,0.0286781,-0.00655191,0
7.2,5.8,0,0.0150771,-0.00275076,0
7.2,5.9,0,0.00547474,-0.000642209,0
7.2,6,0,0,0,0
7.2,7,0,0,0,0
7.2,7.1,0,0.023269,-0.00108312,0
7.2,7.2,0,0.0545843,-0.000921425,0
7.2,7.3,0,0.0911562,0.000304306,0
7.2,7.4,0,0.127808,0.00208592,0
7.2,7.5,0,0.166696,0.00678669,0
7.2,7.6,0,0.205299,0.0128127,0
7.2,7.7,0,0.241087,0.0185778,0
7.2,7.8,0,0.270495,0.0241378,0
7.2,7.9,0,0.295991,0.0290227,0
7.2,8,0,0.317372,0.0332128,0
7.2,8.1,0,0.33162,0.0365433,0
7.2,8.2,0,0.343225,0.0393032,0
7.2,8.3,0,0.351566,0.041371,0
7.2,8.4,0,0.355779,0.04272,0
7.2,8.5,0,0.359178,0.0437331,0
7.2,8.6,0,0.360681,0.0442744,0
7.2,8.7,0,0.360502,0.0445019,0
7.2,8.8,0,0.360342,0.044575,0
7.2,8.9,0,0.359291,0.0443949,0
7.2,9,0,0.35774,0.0441725,0
7.2,9.1,0,0.35635,0.0438605,0
7.2,9.2,0,0.35464,0.0434451,0
7.2,9.3,0,0.352852,0.0430634,0
7.2,9.4,0,0.351166,0.0426258,0
7.2,9.5,0,0.349384,0.042148,0
7.2,9.6,0,0.347619,0.0417062,0
7.2,9.7,0,0.345926,0.0412286,0
7.2,9.8,0,0.344197,0.0407404,0
7.2,9.9,0,0.342513,0.0402842,0
7.2,10,0,0.340877,0.0398017,0
7.2,10.1,0,0.339222,0.0393267,0
7.2,10.2,0,0.337623,0.0388822,0
7.2,10.3,0,0.336057,0.0384143,0
7.2,10.4,0,0.334475,0.0379652,0
7.2,10.5,0,0.332954,0.0375479,0
7.2,10.6,0,0.331458,0.037106,0
7.2,10.7,0,0.329944,0.0366899,0
7.2,10.8,0,0.328493,0.0363088,0
7.2,10.9,0,0.327062,0.0359018,0
7.2,11,0,0.325617,0.0355252,0
7.2,11.1,0,0.324225,0.0351787,0
7.2,11.2,0,0.322848,0.0348166,0
7.2,11.3,0,0.321467,0.0344824,0
7.2,11.4,0,0.320126,0.0341723,0
7.2,11.5,0,0.318796,0.0338554,0
7.2,11.6,0,0.317468,0.0335661,0
7.2,11.7,0,0.316174,0.0332953,0
7.2,11.8,0,0.314889,0.033024,0
7.2,11.9,0,0.313612,0.0327819,0
7.2,12,0,0.312374,0.0325504,0
7.2,12.1,0,0.311161,0.0323168,0
7.2,12.2,0,0.309962,0.0321134,0
7.2,12.3,0,0.308866,0.0318989,0
7.2,12.4,0,0.307889,0.0316589,0
7.2,12.5,0,0.306938,0.0314483,0
7.2,12.6,0,0.30642,0.031326,0
7.2,12.7,0,0.306395,0.0313018,0
7.3,0,0,0.305092,-0.0620372,0
7.3,0.1,0,0.305161,-0.0620775,0
7.3,0.2,0,0.305742,-0.0623084,0
7.3,0.3,0,0.306623,-0.0626647,0
7.3,0.4,0,0.307513,-0.0630174,0
7.3,0.5,0,0.308461,-0.0633483,0
7.3,0.6,0,0.309411,-0.0637092,0
7.3,0.7,0,0.310346,-0.0641058,0
7.3,0.8,0,0.311292,-0.0645407,0
7.3,0.9,0,0.312215,-0.0650045,0
7.3,1,0,0.313142,-0.0654993,0
7.3,1.1,0,0.314061,-0.0660337,0
7.3,1.2,0,0.314955,-0.0665978,0
7.3,1.3,0,0.315859,-0.0671991,0
7.3,1.4,0,0.316733,-0.0678335,0
7.3,1.5,0,0.317607,-0.0685034,0
7.3,1.6,0,0.318472,-0.0692193,0
7.3,1.7,0,0.319304,-0.0699687,0
7.3,1.8,0,0.320143,-0.0707616,0
7.3,1.9,0,0.320944,-0.0715928,0
7.3,2,0,0.321738,-0.0724659,0
7.3,2.1,0,0.322516,-0.0733945,0
7.3,2.2,0,0.323247,-0.074362,0
7.3,2.3,0,0.323979,-0.075384,0
7.3,2.4,0,0.324657,-0.0764505,0
7.3,2.5,0,0.325318,-0.0775705,0
7.3,2.6,0,0.325947,-0.07876,0
7.3,2.7,0,0.326504,-0.0799947,0
7.3,2.8,0,0.327049,-0.0813035,0
7.3,2.9,0,0.32751,-0.0826614,0
7.3,3,0,0.327929,-0.0840929,0
7.3,3.1,0,0.328284,-0.0856134,0
7.3,3.2,0,0.328518,-0.0871819,0
7.3,3.3,0,0.328705,-0.0888577,0
7.3,3.4,0,0.328739,-0.0905746,0
7.3,3.5,0,0.328644,-0.0923886,0
7.3,3.6,0,0.3284,-0.0943123,0
7.3,3.7,0,0.327823,-0.0962165,0
7.3,3.8,0,0.32702,-0.0982533,0
7.3,3.9,0,0.325778,-0.100186,0
7.3,4,0,0.32375,-0.102021,0
7.3,4.1,0,0.321269,-0.103883,0
7.3,4.2,0,0.317272,-0.105081,0
7.3,4.3,0,0.31204,-0.106081,0
7.3,4.4,0,0.305309,-0.106295,0
7.3,4.5,0,0.294975,-0.105223,0
7.3,4.6,0,0.283289,-0.103668,0
7.3,4.7,0,0.266772,-0.0999497,0
7.3,4.8,0,0.246288,-0.0949573,0
7.3,4.9,0,0.226935,-0.0894006,0
7.3,5,0,0.207721,-0.083788,0
7.3,5.1,0,0.161692,-0.0670535,0
7.3,5.2,0,0.132586,-0.0539929,0
7.3,5.3,0,0.105306,-0.0412454,0
7.3,5.4,0,0.0803822,-0.029699,0
7.3,5.5,0,0.0582906,-0.0199144,0
7.3,5.6,0,0.0393973,-0.0121576,0
7.3,5.7,0,0.0239614,-0.0064624,0
7.3,5.8,0,0.0121626,-0.0026965,0
7.3,5.9,0,0.00413593,-0.000628149,0
7.3,6,0,0,0,0
7.3,7,0,0,0,0
7.3,7.1,0,0.0231734,-0.00108273,0
7.3,7.2,0,0.052769,-0.000914066,0
7.3,7.3,0,0.089341,0.000311665,0
7.3,7.4,0,0.12544,0.00187376,0
7.3,7.5,0,0.162257,0.00575134,0
7.3,7.6,0,0.20086,0.0117774,0
7.3,7.7,0,0.236599,0.0172351,0
7.3,7.8,0,0.265922,0.0222682,0
7.3,7.9,0,0.291418,0.027153,0
7.3,8,0,0.313669,0.0313472,0
7.3,8.1,0,0.328699,0.0346813,0
7.3,8.2,0,0.340305,0.0374411,0
7.3,8.3,0,0.349753,0.0396755,0
7.3,8.4,0,0.354478,0.0411014,0
7.3,8.5,0,0.357876,0.0421145,0
7.3,8.6,0,0.360218,0.0428789,0
7.3,8.7,0,0.360196,0.0431483,0
7.3,8.8,0,0.360036,0.0432213,0
7.3,8.9,0,0.359461,0.0432571,0
7.3,9,0,0.35791,0.0430347,0
7.3,9.1,0,0.35654,0.0427401,0
7.3,9.2,0,0.355003,0.0424724,0
7.3,9.3,0,0.353216,0.0420907,0
7.3,9.4,0,0.351547,0.0416878,0
7.3,9.5,0,0.349815,0.041307,0
7.3,9.6,0,0.348051,0.0408652,0
7.3,9.7,0,0.346365,0.0404342,0
7.3,9.8,0,0.344647,0.04001,0
7.3,9.9,0,0.342962,0.0395538,0
7.3,10,0,0.341323,0.0391259,0
7.3,10.1,0,0.339666,0.0386906,0
7.3,10.2,0,0.338066,0.0382461,0
7.3,10.3,0,0.336486,0.0378368,0
7.3,10.4,0,0.334899,0.0374087,0
7.3,10.5,0,0.333378,0.0369913,0
7.3,10.6,0,0.331856,0.0366087,0
7.3,10.7,0,0.33034,0.0361997,0
7.3,10.8,0,0.328889,0.0358186,0
7.3,10.9,0,0.327424,0.0354658,0
7.3,11,0,0.325979,0.0350892,0
7.3,11.1,0,0.324582,0.0347495,0
7.3,11.2,0,0.323173,0.0344242,0
7.3,11.3,0,0.321792,0.0340899,0
7.3,11.4,0,0.320438,0.0337905,0
7.3,11.5,0,0.319082,0.0334968,0
7.3,11.6,0,0.317754,0.0332075,0
7.3,11.7,0,0.316442,0.0329486,0
7.3,11.8,0,0.315137,0.0326905,0
7.3,11.9,0,0.31386,0.0324484,0
7.3,12,0,0.312599,0.0322277,0
7.3,12.1,0,0.311372,0.0320004,0
7.3,12.2,0,0.310173,0.0317971,0
7.3,12.3,0,0.309057,0.0315895,0
7.3,12.4,0,0.308074,0.0313514,0
7.3,12.5,0,0.307124,0.0311408,0
7.3,12.6,0,0.306597,0.0310205,0
7.3,12.7,0,0.306571,0.0309964,0
7.4,0,0,0.305341,-0.0621567,0
7.4,0.1,0,0.305791,-0.0623379,0
7.4,0.2,0,0.306242,-0.0625191,0
7.4,0.3,0,0.306937,-0.0627865,0
7.4,0.4,0,0.307877,-0.0631403,0
7.4,0.5,0,0.308818,-0.0634941,0
7.4,0.6,0,0.309792,-0.0638859,0
7.4,0.7,0,0.310767,-0.0642777,0
7.4,0.8,0,0.311735,-0.0647127,0
7.4,0.9,0,0.312696,-0.0651908,0
7.4,1,0,0.313658,-0.065669,0
7.4,1.1,0,0.314599,-0.0662301,0
7.4,1.2,0,0.31554,-0.0667913,0
7.4,1.3,0,0.316469,-0.0673971,0
7.4,1.4,0,0.317386,-0.0680475,0
7.4,1.5,0,0.318302,-0.068698,0
7.4,1.6,0,0.319189,-0.0694448,0
7.4,1.7,0,0.320076,-0.0701916,0
7.4,1.8,0,0.320944,-0.070991,0
7.4,1.9,0,0.321793,-0.071843,0
7.4,2,0,0.322642,-0.0726949,0
7.4,2.1,0,0.323441,-0.0736633,0
7.4,2.2,0,0.32424,-0.0746317,0
7.4,2.3,0,0.325007,-0.0756654,0
7.4,2.4,0,0.325741,-0.0767645,0
7.4,2.5,0,0.326476,-0.0778637,0
7.4,2.6,0,0.327122,-0.0791115,0
7.4,2.7,0,0.327769,-0.0803594,0
7.4,2.8,0,0.328356,-0.0816926,0
7.4,2.9,0,0.328882,-0.0831112,0
7.4,3,0,0.329408,-0.0845298,0
7.4,3.1,0,0.329761,-0.0861447,0
7.4,3.2,0,0.330114,-0.0877596,0
7.4,3.3,0,0.330329,-0.0894849,0
7.4,3.4,0,0.330407,-0.0913206,0
7.4,3.5,0,0.330485,-0.0931563,0
7.4,3.6,0,0.330041,-0.0951998,0
7.4,3.7,0,0.329598,-0.0972433,0
7.4,3.8,0,0.328587,-0.0993035,0
7.4,3.9,0,0.327009,-0.10138,0
7.4,4,0,0.325431,-0.103457,0
7.4,4.1,0,0.321401,-0.10502,0
7.4,4.2,0,0.31737,-0.106583,0
7.4,4.3,0,0.310967,-0.107386,0
7.4,4.4,0,0.30219,-0.107429,0
7.4,4.5,0,0.293414,-0.107472,0
7.4,4.6,0,0.276641,-0.104822,0
7.4,4.7,0,0.259869,-0.102173,0
7.4,4.8,0,0.240838,-0.0982318,0
7.4,4.9,0,0.21955,-0.0929993,0
7.4,5,0,0.198262,-0.0877667,0
7.4,5.1,0,0.148909,-0.0703106,0
7.4,5.2,0,0.119487,-0.0561292,0
7.4,5.3,0,0.0930056,-0.0424286,0
7.4,5.4,0,0.0696146,-0.0302003,0
7.4,5.5,0,0.0494636,-0.0200091,0
7.4,5.6,0,0.0326507,-0.0120689,0
7.4,5.7,0,0.0192343,-0.0063416,0
7.4,5.8,0,0.00926202,-0.0026205,0
7.4,5.9,0,0.00280745,-0.000607727,0
7.4,6,0,0,0,0
7.4,7,0,0,0,0
7.4,7.1,0,0.0288111,5.01847e-05,0
7.4,7.2,0,0.0576222,0.000100369,0
7.4,7.3,0,0.0875296,0.000610608,0
7.4,7.4,0,0.123649,0.00372782,0
7.4,7.5,0,0.159769,0.00684503,0
7.4,7.6,0,0.194572,0.0105203,0
7.4,7.7,0,0.226305,0.0154977,0
7.4,7.8,0,0.258038,0.020475,0
7.4,7.9,0,0.284161,0.0249166,0
7.4,8,0,0.303429,0.0287033,0
7.4,8.1,0,0.322696,0.03249,0
7.4,8.2,0,0.335366,0.0352195,0
7.4,8.3,0,0.343638,0.0372442,0
7.4,8.4,0,0.351909,0.0392689,0
7.4,8.5,0,0.355523,0.0403115,0
7.4,8.6,0,0.357584,0.0410268,0
7.4,8.7,0,0.359645,0.0417421,0
7.4,8.8,0,0.359314,0.0418447,0
7.4,8.9,0,0.358716,0.0418792,0
7.4,9,0,0.358074,0.0418995,0
7.4,9.1,0,0.356587,0.0416502,0
7.4,9.2,0,0.3551,0.041401,0
7.4,9.3,0,0.353571,0.0411301,0
7.4,9.4,0,0.351872,0.0407727,0
7.4,9.5,0,0.350174,0.0404153,0
7.4,9.6,0,0.348475,0.0400439,0
7.4,9.7,0,0.346775,0.0396468,0
7.4,9.8,0,0.345075,0.0392496,0
7.4,9.9,0,0.343401,0.0388482,0
7.4,10,0,0.341752,0.0384426,0
7.4,10.1,0,0.340104,0.0380371,0
7.4,10.2,0,0.338496,0.0376372,0
7.4,10.3,0,0.336909,0.0372405,0
7.4,10.4,0,0.335323,0.0368438,0
7.4,10.5,0,0.333786,0.0364625,0
7.4,10.6,0,0.332261,0.0360851,0
7.4,10.7,0,0.330736,0.0357076,0
7.4,10.8,0,0.329267,0.035355,0
7.4,10.9,0,0.3278,0.0350037,0
7.4,11,0,0.326339,0.0346555,0
7.4,11.1,0,0.324926,0.0343348,0
7.4,11.2,0,0.323513,0.0340141,0
7.4,11.3,0,0.322113,0.0337017,0
7.4,11.4,0,0.320748,0.0334145,0
7.4,11.5,0,0.319383,0.0331272,0
7.4,11.6,0,0.318036,0.0328542,0
7.4,11.7,0,0.316717,0.0326027,0
7.4,11.8,0,0.315397,0.0323511,0
7.4,11.9,0,0.314112,0.0321176,0
7.4,12,0,0.312855,0.0318989,0
7.4,12.1,0,0.311598,0.0316801,0
7.4,12.2,0,0.310458,0.0314653,0
7.4,12.3,0,0.309369,0.0312522,0
7.4,12.4,0,0.30828,0.0310391,0
7.4,12.5,0,0.307708,0.0309129,0
7.4,12.6,0,0.307228,0.030802,0
7.4,12.7,0,0.306748,0.0306911,0
7.5,0,0,0.305598,-0.062232,0
7.5,0.1,0,0.305674,-0.0622741,0
7.5,0.2,0,0.306296,-0.0625172,0
7.5,0.3,0,0.307218,-0.0628856,0
7.5,0.4,0,0.30818,-0.0632545,0
7.5,0.5,0,0.309181,-0.0635936,0
7.5,0.6,0,0.310184,-0.0639617,0
7.5,0.7,0,0.311197,-0.0643691,0
7.5,0.8,0,0.312192,-0.0648107,0
7.5,0.9,0,0.313196,-0.0652852,0
7.5,1,0,0.31418,-0.065787,0
7.5,1.1,0,0.315159,-0.0663285,0
7.5,1.2,0,0.31614,-0.0669026,0
7.5,1.3,0,0.317097,-0.0675099,0
7.5,1.4,0,0.318064,-0.0681548,0
7.5,1.5,0,0.319004,-0.0688321,0
7.5,1.6,0,0.319938,-0.069556,0
7.5,1.7,0,0.320871,-0.0703176,0
7.5,1.8,0,0.321773,-0.0711185,0
7.5,1.9,0,0.322683,-0.0719647,0
7.5,2,0,0.323557,-0.0728491,0
7.5,2.1,0,0.324418,-0.0737914,0
7.5,2.2,0,0.325273,-0.0747807,0
7.5,2.3,0,0.326083,-0.0758182,0
7.5,2.4,0,0.326899,-0.0769157,0
7.5,2.5,0,0.327659,-0.0780598,0
7.5,2.6,0,0.328396,-0.0792807,0
7.5,2.7,0,0.329112,-0.0805661,0
7.5,2.8,0,0.32976,-0.0819119,0
7.5,2.9,0,0.330399,-0.0833452,0
7.5,3,0,0.330949,-0.0848356,0
7.5,3.1,0,0.331443,-0.0864329,0
7.5,3.2,0,0.331878,-0.0881234,0
7.5,3.3,0,0.33219,-0.0898875,0
7.5,3.4,0,0.332425,-0.0917831,0
7.5,3.5,0,0.33246,-0.0937363,0
7.5,3.6,0,0.332337,-0.0958374,0
7.5,3.7,0,0.331853,-0.0980275,0
7.5,3.8,0,0.331071,-0.100262,0
7.5,3.9,0,0.329666,-0.102573,0
7.5,4,0,0.327357,-0.104699,0
7.5,4.1,0,0.324435,-0.10683,0
7.5,4.2,0,0.319329,-0.108482,0
7.5,4.3,0,0.313166,-0.109697,0
7.5,4.4,0,0.304373,-0.110424,0
7.5,4.5,0,0.292207,-0.109958,0
7.5,4.6,0,0.278426,-0.108955,0
7.5,4.7,0,0.258558,-0.107214,0
7.5,4.8,0,0.235664,-0.103651,0
7.5,4.9,0,0.211603,-0.099537,0
7.5,5,0,0.188827,-0.0946893,0
7.5,5.1,0,0.134161,-0.0755893,0
7.5,5.2,0,0.104481,-0.0591279,0
7.5,5.3,0,0.07925,-0.0437154,0
7.5,5.4,0,0.057926,-0.0303993,0
7.5,5.5,0,0.0401839,-0.0196534,0
7.5,5.6,0,0.0257955,-0.0115464,0
7.5,5.7,0,0.0146029,-0.00589469,0
7.5,5.8,0,0.00652689,-0.00236004,0
7.5,5.9,0,0.00159835,-0.000528563,0
7.5,6,0,0,0,0
7.5,7,0,0,0,0
7.5,7.1,0,0.0231001,-0.000610313,0
7.5,7.2,0,0.0523682,-0.000487324,0
7.5,7.3,0,0.0856931,0.000292644,0
7.5,7.4,0,0.11932,0.00154794,0
7.5,7.5,0,0.155636,0.00505475,0
7.5,7.6,0,0.192303,0.00965085,0
7.5,7.7,0,0.226883,0.0142598,0
7.5,7.8,0,0.25664,0.0191512,0
7.5,7.9,0,0.283213,0.0237402,0
7.5,8,0,0.306,0.0278222,0
7.5,8.1,0,0.322077,0.0312108,0
7.5,8.2,0,0.335525,0.0341072,0
7.5,8.3,0,0.345604,0.0363981,0
7.5,8.4,0,0.351318,0.0379908,0
7.5,8.5,0,0.356063,0.0392604,0
7.5,8.6,0,0.358669,0.0400773,0
7.5,8.7,0,0.359294,0.0405383,0
7.5,8.8,0,0.359842,0.0408446,0
7.5,8.9,0,0.359303,0.0408921,0
7.5,9,0,0.358091,0.0408454,0
7.5,9.1,0,0.356992,0.0407086,0
7.5,9.2,0,0.355476,0.0404618,0
7.5,9.3,0,0.353824,0.0402183,0
7.5,9.4,0,0.35224,0.0399148,0
7.5,9.5,0,0.350525,0.0395699,0
7.5,9.6,0,0.34881,0.0392438,0
7.5,9.7,0,0.347145,0.0388777,0
7.5,9.8,0,0.345435,0.038501,0
7.5,9.9,0,0.343762,0.0381435,0
7.5,10,0,0.342124,0.037757,0
7.5,10.1,0,0.340466,0.0373769,0
7.5,10.2,0,0.338858,0.0370156,0
7.5,10.3,0,0.337273,0.0366297,0
7.5,10.4,0,0.335676,0.0362609,0
7.5,10.5,0,0.334133,0.035912,0
7.5,10.6,0,0.332608,0.0355392,0
7.5,10.7,0,0.331071,0.0351903,0
7.5,10.8,0,0.329591,0.0348641,0
7.5,10.9,0,0.328124,0.0345141,0
7.5,11,0,0.326649,0.0341917,0
7.5,11.1,0,0.325223,0.0338893,0
7.5,11.2,0,0.323807,0.0335729,0
7.5,11.3,0,0.322392,0.0332809,0
7.5,11.4,0,0.321014,0.0330056,0
7.5,11.5,0,0.319645,0.0327243,0
7.5,11.6,0,0.318281,0.0324664,0
7.5,11.7,0,0.316948,0.0322216,0
7.5,11.8,0,0.315625,0.0319768,0
7.5,11.9,0,0.314312,0.0317564,0
7.5,12,0,0.313036,0.0315428,0
7.5,12.1,0,0.31179,0.0313274,0
7.5,12.2,0,0.310559,0.0311366,0
7.5,12.3,0,0.309436,0.0309315,0
7.5,12.4,0,0.308441,0.0307009,0
7.5,12.5,0,0.307475,0.0304929,0
7.5,12.6,0,0.306947,0.0303728,0
7.5,12.7,0,0.306921,0.0303524,0
7.6,0,0,0.305859,-0.0622856,0
7.6,0.1,0,0.305935,-0.0623275,0
7.6,0.2,0,0.306571,-0.0625744,0
7.6,0.3,0,0.307534,-0.0629541,0
7.6,0.4,0,0.30851,-0.0633267,0
7.6,0.5,0,0.309547,-0.0636702,0
7.6,0.6,0,0.310589,-0.0640422,0
7.6,0.7,0,0.311618,-0.0644514,0
7.6,0.8,0,0.312659,-0.0648981,0
7.6,0.9,0,0.313679,-0.0653742,0
7.6,1,0,0.314704,-0.0658794,0
7.6,1.1,0,0.315725,-0.066424,0
7.6,1.2,0,0.316724,-0.0669992,0
7.6,1.3,0,0.317735,-0.0676098,0
7.6,1.4,0,0.31872,-0.0682558,0
7.6,1.5,0,0.319708,-0.0689355,0
7.6,1.6,0,0.320691,-0.0696621,0
7.6,1.7,0,0.321645,-0.0704248,0
7.6,1.8,0,0.32261,-0.0712292,0
7.6,1.9,0,0.323543,-0.0720767,0
7.6,2,0,0.324474,-0.0729648,0
7.6,2.1,0,0.325398,-0.0739118,0
7.6,2.2,0,0.326279,-0.0749034,0
7.6,2.3,0,0.327171,-0.0759491,0
7.6,2.4,0,0.328014,-0.0770496,0
7.6,2.5,0,0.32885,-0.0782041,0
7.6,2.6,0,0.329669,-0.0794385,0
7.6,2.7,0,0.330421,-0.0807312,0
7.6,2.8,0,0.33118,-0.0821022,0
7.6,2.9,0,0.331859,-0.083545,0
7.6,3,0,0.332513,-0.0850662,0
7.6,3.1,0,0.333121,-0.0867041,0
7.6,3.2,0,0.333602,-0.0884136,0
7.6,3.3,0,0.334061,-0.0902459,0
7.6,3.4,0,0.334347,-0.092168,0
7.6,3.5,0,0.334489,-0.0941921,0
7.6,3.6,0,0.33449,-0.0964055,0
7.6,3.7,0,0.334021,-0.098639,0
7.6,3.8,0,0.333295,-0.101068,0
7.6,3.9,0,0.331913,-0.103465,0
7.6,4,0,0.329411,-0.105725,0
7.6,4.1,0,0.326287,-0.108261,0
7.6,4.2,0,0.320906,-0.109925,0
7.6,4.3,0,0.313826,-0.11155,0
7.6,4.4,0,0.304696,-0.112537,0
7.6,4.5,0,0.291437,-0.112076,0
7.6,4.6,0,0.27609,-0.112329,0
7.6,4.7,0,0.255873,-0.111448,0
7.6,4.8,0,0.231568,-0.111159,0
7.6,4.9,0,0.206917,-0.108367,0
7.6,5,0,0.178876,-0.102922,0
7.6,5.1,0,0.116663,-0.0809144,0
7.6,5.2,0,0.0871841,-0.0614254,0
7.6,5.3,0,0.0639567,-0.0440777,0
7.6,5.4,0,0.0453697,-0.0297248,0
7.6,5.5,0,0.0305356,-0.0185966,0
7.6,5.6,0,0.0189003,-0.0105264,0
7.6,5.7,0,0.0101126,-0.00513955,0
7.6,5.8,0,0.003989,-0.00194722,0
7.6,5.9,0,0.000534016,-0.000405874,0
7.6,6,0,0,0,0
7.6,7,0,0,0,0
7.6,7.1,0,0.023028,-0.000608674,0
7.6,7.2,0,0.0509991,-0.000456181,0
7.6,7.3,0,0.0843239,0.000323787,0
7.6,7.4,0,0.117485,0.00142529,0
7.6,7.5,0,0.152052,0.00435534,0
7.6,7.6,0,0.188719,0.00895144,0
7.6,7.7,0,0.223103,0.0132868,0
7.6,7.8,0,0.252524,0.017709,0
7.6,7.9,0,0.279097,0.022298,0
7.6,8,0,0.302504,0.0263133,0
7.6,8.1,0,0.319138,0.029642,0
7.6,8.2,0,0.332586,0.0325384,0
7.6,8.3,0,0.343646,0.0349226,0
7.6,8.4,0,0.349813,0.0365584,0
7.6,8.5,0,0.354558,0.037828,0
7.6,8.6,0,0.357994,0.0388122,0
7.6,8.7,0,0.358774,0.0393046,0
7.6,8.8,0,0.359322,0.0396109,0
7.6,8.9,0,0.359298,0.0398317,0
7.6,9,0,0.358086,0.039785,0
7.6,9.1,0,0.357011,0.0396623,0
7.6,9.2,0,0.355699,0.0395357,0
7.6,9.3,0,0.354047,0.0392922,0
7.6,9.4,0,0.352488,0.039017,0
7.6,9.5,0,0.35084,0.0387517,0
7.6,9.6,0,0.349126,0.0384256,0
7.6,9.7,0,0.347474,0.0380984,0
7.6,9.8,0,0.345784,0.0377751,0
7.6,9.9,0,0.344111,0.0374176,0
7.6,10,0,0.342478,0.0370778,0
7.6,10.1,0,0.340824,0.0367316,0
7.6,10.2,0,0.339215,0.0363703,0
7.6,10.3,0,0.337625,0.0360359,0
7.6,10.4,0,0.336026,0.0356855,0
7.6,10.5,0,0.334484,0.0353366,0
7.6,10.6,0,0.332944,0.0350171,0
7.6,10.7,0,0.331405,0.0346745,0
7.6,10.8,0,0.329925,0.0343483,0
7.6,10.9,0,0.328435,0.0340482,0
7.6,11,0,0.326961,0.0337258,0
7.6,11.1,0,0.32553,0.0334298,0
7.6,11.2,0,0.324092,0.0331478,0
7.6,11.3,0,0.322677,0.0328558,0
7.6,11.4,0,0.321289,0.0325907,0
7.6,11.5,0,0.3199,0.0323315,0
7.6,11.6,0,0.318536,0.0320736,0
7.6,11.7,0,0.317189,0.0318405,0
7.6,11.8,0,0.31585,0.0316086,0
7.6,11.9,0,0.314537,0.0313882,0
7.6,12,0,0.313243,0.0311854,0
7.6,12.1,0,0.311987,0.0309763,0
7.6,12.2,0,0.310756,0.0307855,0
7.6,12.3,0,0.309618,0.0305879,0
7.6,12.4,0,0.308619,0.0303593,0
7.6,12.5,0,0.307654,0.0301514,0
7.6,12.6,0,0.30712,0.0300339,0
7.6,12.7,0,0.307094,0.0300137,0
7.7,0,0,0.306125,-0.0623175,0
7.7,0.1,0,0.306616,-0.06251,0
7.7,0.2,0,0.307107,-0.0627024,0
7.7,0.3,0,0.307865,-0.0629837,0
7.7,0.4,0,0.308891,-0.0633538,0
7.7,0.5,0,0.309917,-0.0637238,0
7.7,0.6,0,0.310984,-0.0641256,0
7.7,0.7,0,0.312051,-0.0645274,0
7.7,0.8,0,0.313114,-0.0649718,0
7.7,0.9,0,0.314172,-0.0654589,0
7.7,1,0,0.315231,-0.065946,0
7.7,1.1,0,0.316276,-0.0665142,0
7.7,1.2,0,0.31732,-0.0670824,0
7.7,1.3,0,0.318356,-0.0676949,0
7.7,1.4,0,0.319385,-0.0683517,0
7.7,1.5,0,0.320413,-0.0690084,0
7.7,1.6,0,0.321422,-0.0697616,0
7.7,1.7,0,0.322431,-0.0705148,0
7.7,1.8,0,0.323427,-0.0713215,0
7.7,1.9,0,0.324411,-0.0721818,0
7.7,2,0,0.325395,-0.073042,0
7.7,2.1,0,0.326347,-0.074023,0
7.7,2.2,0,0.327299,-0.0750041,0
7.7,2.3,0,0.32823,-0.076055,0
7.7,2.4,0,0.32914,-0.0771758,0
7.7,2.5,0,0.33005,-0.0782965,0
7.7,2.6,0,0.330902,-0.0795825,0
7.7,2.7,0,0.331754,-0.0808684,0
7.7,2.8,0,0.332564,-0.0822534,0
7.7,2.9,0,0.333332,-0.0837374,0
7.7,3,0,0.3341,-0.0852215,0
7.7,3.1,0,0.334729,-0.0869422,0
7.7,3.2,0,0.335358,-0.0886629,0
7.7,3.3,0,0.335853,-0.0905234,0
7.7,3.4,0,0.336213,-0.0925236,0
7.7,3.5,0,0.336574,-0.0945238,0
7.7,3.6,0,0.336324,-0.096832,0
7.7,3.7,0,0.336074,-0.0991402,0
7.7,3.8,0,0.335077,-0.101542,0
7.7,3.9,0,0.333335,-0.104038,0
7.7,4,0,0.331592,-0.106534,0
7.7,4.1,0,0.326496,-0.108621,0
7.7,4.2,0,0.3214,-0.110708,0
7.7,4.3,0,0.313302,-0.112166,0
7.7,4.4,0,0.302203,-0.112997,0
7.7,4.5,0,0.291104,-0.113828,0
7.7,4.6,0,0.271404,-0.115264,0
7.7,4.7,0,0.251705,-0.116701,0
7.7,4.8,0,0.227166,-0.116428,0
7.7,4.9,0,0.197787,-0.114447,0
7.7,5,0,0.168408,-0.112466,0
7.7,5.1,0,0.0964141,-0.086286,0
7.7,5.2,0,0.0675969,-0.0630216,0
7.7,5.3,0,0.0471255,-0.0435155,0
7.7,5.4,0,0.0319456,-0.0281769,0
7.7,5.5,0,0.0205186,-0.0168385,0
7.7,5.6,0,0.0119653,-0.00900875,0
7.7,5.7,0,0.00576347,-0.00407617,0
7.7,5.8,0,0.00164834,-0.00138202,0
7.7,5.9,0,-0.000385553,-0.00023966,0
7.7,6,0,0,0,0
7.7,7,0,8.6602e-18,2.62521e-20,0
7.7,7.1,0,0.0273699,8.29675e-05,0
7.7,7.2,0,0.0547397,0.000165935,0
7.7,7.3,0,0.0830724,0.000588688,0
7.7,7.4,0,0.116861,0.00293689,0
7.7,7.5,0,0.150649,0.0052851,0
7.7,7.6,0,0.183652,0.00818749,0
7.7,7.7,0,0.214825,0.012383,0
7.7,7.8,0,0.245998,0.0165785,0
7.7,7.9,0,0.272371,0.0205301,0
7.7,8,0,0.292877,0.0241835,0
7.7,8.1,0,0.313384,0.027837,0
7.7,8.2,0,0.327455,0.0305993,0
7.7,8.3,0,0.337236,0.0327676,0
7.7,8.4,0,0.347018,0.0349358,0
7.7,8.5,0,0.351787,0.0361712,0
7.7,8.6,0,0.354884,0.0370956,0
7.7,8.7,0,0.357982,0.03802,0
7.7,8.8,0,0.358242,0.0383077,0
7.7,8.9,0,0.358186,0.0385247,0
7.7,9,0,0.358071,0.0387254,0
7.7,9.1,0,0.356824,0.0386175,0
7.7,9.2,0,0.355577,0.0385096,0
7.7,9.3,0,0.354259,0.0383744,0
7.7,9.4,0,0.352658,0.0381306,0
7.7,9.5,0,0.351057,0.0378868,0
7.7,9.6,0,0.349433,0.0376233,0
7.7,9.7,0,0.347769,0.0373234,0
7.7,9.8,0,0.346105,0.0370233,0
7.7,9.9,0,0.344453,0.036713,0
7.7,10,0,0.342813,0.0363923,0
7.7,10.1,0,0.341173,0.0360715,0
7.7,10.2,0,0.339563,0.0357492,0
7.7,10.3,0,0.337969,0.035426,0
7.7,10.4,0,0.336375,0.0351029,0
7.7,10.5,0,0.334823,0.0347865,0
7.7,10.6,0,0.333281,0.0344718,0
7.7,10.7,0,0.331739,0.0341571,0
7.7,10.8,0,0.330247,0.0338575,0
7.7,10.9,0,0.328756,0.0335587,0
7.7,11,0,0.327271,0.033262,0
7.7,11.1,0,0.32583,0.0329843,0
7.7,11.2,0,0.324388,0.0327065,0
7.7,11.3,0,0.322959,0.0324349,0
7.7,11.4,0,0.321563,0.0321817,0
7.7,11.5,0,0.320167,0.0319285,0
7.7,11.6,0,0.318789,0.0316863,0
7.7,11.7,0,0.317437,0.0314606,0
7.7,11.8,0,0.316086,0.0312349,0
7.7,11.9,0,0.31477,0.0310229,0
7.7,12,0,0.313484,0.0308221,0
7.7,12.1,0,0.312197,0.0306214,0
7.7,12.2,0,0.311035,0.0304191,0
7.7,12.3,0,0.309927,0.030216,0
7.7,12.4,0,0.308819,0.030013,0
7.7,12.5,0,0.308239,0.0298908,0
7.7,12.6,0,0.307753,0.0297829,0
7.7,12.7,0,0.307267,0.029675,0
7.8,0,0,0.306398,-0.0623071,0
7.8,0.1,0,0.306481,-0.0623505,0
7.8,0.2,0,0.307156,-0.0626078,0
7.8,0.3,0,0.308158,-0.0629979,0
7.8,0.4,0,0.309202,-0.0633832,0
7.8,0.5,0,0.310291,-0.0637324,0
7.8,0.6,0,0.311385,-0.0641085,0
7.8,0.7,0,0.312489,-0.0645236,0
7.8,0.8,0,0.313578,-0.0649736,0
7.8,0.9,0,0.314677,-0.065454,0
7.8,1,0,0.315759,-0.0659616,0
7.8,1.1,0,0.316839,-0.0665076,0
7.8,1.2,0,0.317924,-0.0670843,0
7.8,1.3,0,0.318987,-0.0676953,0
7.8,1.4,0,0.320064,-0.0683409,0
7.8,1.5,0,0.321118,-0.0690201,0
7.8,1.6,0,0.32217,-0.0697456,0
7.8,1.7,0,0.323227,-0.0705064,0
7.8,1.8,0,0.324257,-0.0713094,0
7.8,1.9,0,0.325302,-0.0721545,0
7.8,2,0,0.326315,-0.0730407,0
7.8,2.1,0,0.327327,-0.0739865,0
7.8,2.2,0,0.328339,-0.0749765,0
7.8,2.3,0,0.329315,-0.0760219,0
7.8,2.4,0,0.330309,-0.0771238,0
7.8,2.5,0,0.331254,-0.07828,0
7.8,2.6,0,0.332195,-0.0795196,0
7.8,2.7,0,0.333129,-0.0808223,0
7.8,2.8,0,0.334007,-0.0822031,0
7.8,2.9,0,0.334901,-0.0836691,0
7.8,3,0,0.335712,-0.0852087,0
7.8,3.1,0,0.336498,-0.0868769,0
7.8,3.2,0,0.337232,-0.0886297,0
7.8,3.3,0,0.337855,-0.0904959,0
7.8,3.4,0,0.338409,-0.0924829,0
7.8,3.5,0,0.338721,-0.0945486,0
7.8,3.6,0,0.338908,-0.0968292,0
7.8,3.7,0,0.338616,-0.0991718,0
7.8,3.8,0,0.337982,-0.101674,0
7.8,3.9,0,0.33661,-0.104287,0
7.8,4,0,0.333959,-0.106772,0
7.8,4.1,0,0.330654,-0.109442,0
7.8,4.2,0,0.324577,-0.111627,0
7.8,4.3,0,0.316882,-0.113296,0
7.8,4.4,0,0.306418,-0.114843,0
7.8,4.5,0,0.291935,-0.11575,0
7.8,4.6,0,0.275416,-0.116282,0
7.8,4.7,0,0.253012,-0.123227,0
7.8,4.8,0,0.228141,-0.129234,0
7.8,4.9,0,0.194958,-0.128658,0
7.8,5,0,0.153522,-0.121205,0
7.8,5.1,0,0.0693691,-0.0806948,0
7.8,5.2,0,0.0447396,-0.0545345,0
7.8,5.3,0,0.0294582,-0.0353409,0
7.8,5.4,0,0.019061,-0.0214639,0
7.8,5.5,0,0.0116878,-0.0118783,0
7.8,5.6,0,0.00640331,-0.00568735,0
7.8,5.7,0,0.00270016,-0.00210829,0
7.8,5.8,0,0.000338472,-0.000429757,0
7.8,5.9,0,-0.000675505,3.66674e-05,0
7.8,6,0,0,0,0
7.8,7,0,0,0,0
7.8,7.1,0,0.0228613,-0.000357316,0
7.8,7.2,0,0.0505938,-0.000226427,0
7.8,7.3,0,0.0815503,0.000339122,0
7.8,7.4,0,0.112892,0.00127647,0
7.8,7.5,0,0.146956,0.00393104,0
7.8,7.6,0,0.181666,0.00745587,0
7.8,7.7,0,0.214861,0.0111414,0
7.8,7.8,0,0.244475,0.015386,0
7.8,7.9,0,0.271544,0.019577,0
7.8,8,0,0.295205,0.0234215,0
7.8,8.1,0,0.312699,0.026746,0
7.8,8.2,0,0.327667,0.0296666,0
7.8,8.3,0,0.33925,0.0320668,0
7.8,8.4,0,0.346345,0.0338153,0
7.8,8.5,0,0.352364,0.0352662,0
7.8,8.6,0,0.356051,0.036288,0
7.8,8.7,0,0.357494,0.0369286,0
7.8,8.8,0,0.358778,0.0374225,0
7.8,8.9,0,0.35879,0.0376528,0
7.8,9,0,0.357952,0.0377457,0
7.8,9.1,0,0.357187,0.0377548,0
7.8,9.2,0,0.3559,0.0376447,0
7.8,9.3,0,0.354407,0.0375118,0
7.8,9.4,0,0.352953,0.0373202,0
7.8,9.5,0,0.351328,0.0370834,0
7.8,9.6,0,0.349679,0.0368514,0
7.8,9.7,0,0.348059,0.0365791,0
7.8,9.8,0,0.346384,0.0362945,0
7.8,9.9,0,0.344735,0.0360196,0
7.8,10,0,0.343108,0.0357153,0
7.8,10.1,0,0.341461,0.0354155,0
7.8,10.2,0,0.339855,0.0351259,0
7.8,10.3,0,0.338265,0.0348122,0
7.8,10.4,0,0.336664,0.034513,0
7.8,10.5,0,0.335111,0.0342249,0
7.8,10.6,0,0.333569,0.0339143,0
7.8,10.7,0,0.332019,0.0336249,0
7.8,10.8,0,0.33052,0.0333488,0
7.8,10.9,0,0.329029,0.0330512,0
7.8,11,0,0.327535,0.032778,0
7.8,11.1,0,0.326084,0.0325167,0
7.8,11.2,0,0.324641,0.032243,0
7.8,11.3,0,0.323202,0.0319903,0
7.8,11.4,0,0.321795,0.031748,0
7.8,11.5,0,0.320397,0.0315006,0
7.8,11.6,0,0.319006,0.0312727,0
7.8,11.7,0,0.317642,0.0310532,0
7.8,11.8,0,0.31629,0.0308341,0
7.8,11.9,0,0.314949,0.0306348,0
7.8,12,0,0.313645,0.0304389,0
7.8,12.1,0,0.312373,0.0302416,0
7.8,12.2,0,0.31112,0.0300634,0
7.8,12.3,0,0.309976,0.0298685,0
7.8,12.4,0,0.308971,0.0296481,0
7.8,12.5,0,0.307997,0.029444,0
7.8,12.6,0,0.307463,0.0293269,0
7.8,12.7,0,0.307436,0.0293101,0
7.9,0,0,0.306675,-0.0622761,0
7.9,0.1,0,0.306758,-0.0623191,0
7.9,0.2,0,0.307445,-0.0625797,0
7.9,0.3,0,0.308485,-0.0629792,0
7.9,0.4,0,0.309543,-0.0633675,0
7.9,0.5,0,0.310667,-0.063719,0
7.9,0.6,0,0.311797,-0.0640969,0
7.9,0.7,0,0.312917,-0.0645125,0
7.9,0.8,0,0.31405,-0.0649642,0
7.9,0.9,0,0.315165,-0.065445,0
7.9,1,0,0.316287,-0.0659522,0
7.9,1.1,0,0.317408,-0.0664973,0
7.9,1.2,0,0.31851,-0.0670732,0
7.9,1.3,0,0.319626,-0.0676815,0
7.9,1.4,0,0.32072,-0.0683261,0
7.9,1.5,0,0.321821,-0.0690016,0
7.9,1.6,0,0.322922,-0.069723,0
7.9,1.7,0,0.323999,-0.0704816,0
7.9,1.8,0,0.325093,-0.071278,0
7.9,1.9,0,0.32616,-0.0721207,0
7.9,2,0,0.327232,-0.0730002,0
7.9,2.1,0,0.328306,-0.0739389,0
7.9,2.2,0,0.329345,-0.0749257,0
7.9,2.3,0,0.330405,-0.0759615,0
7.9,2.4,0,0.331428,-0.0770603,0
7.9,2.5,0,0.332454,-0.0782076,0
7.9,2.6,0,0.333482,-0.0794392,0
7.9,2.7,0,0.334456,-0.0807384,0
7.9,2.8,0,0.335457,-0.0821101,0
7.9,2.9,0,0.336394,-0.0835735,0
7.9,3,0,0.337322,-0.0851055,0
7.9,3.1,0,0.338241,-0.0867711,0
7.9,3.2,0,0.339028,-0.0885193,0
7.9,3.3,0,0.339822,-0.090378,0
7.9,3.4,0,0.340439,-0.0923646,0
7.9,3.5,0,0.340867,-0.0943989,0
7.9,3.6,0,0.341204,-0.0966732,0
7.9,3.7,0,0.340934,-0.0989943,0
7.9,3.8,0,0.34039,-0.101488,0
7.9,3.9,0,0.339055,-0.104117,0
7.9,4,0,0.336365,-0.106573,0
7.9,4.1,0,0.333046,-0.109648,0
7.9,4.2,0,0.326898,-0.111749,0
7.9,4.3,0,0.31898,-0.114258,0
7.9,4.4,0,0.308437,-0.116448,0
7.9,4.5,0,0.293217,-0.115353,0
7.9,4.6,0,0.276042,-0.120849,0
7.9,4.7,0,0.252215,-0.126685,0
7.9,4.8,0,0.224392,-0.143778,0
7.9,4.9,0,0.190665,-0.1517,0
7.9,5,0,0.0973857,-0.0837168,0
7.9,5.1,0,0.0372311,-0.0519327,0
7.9,5.2,0,0.0222073,-0.0335273,0
7.9,5.3,0,0.0137497,-0.0208357,0
7.9,5.4,0,0.00841252,-0.0120716,0
7.9,5.5,0,0.0048482,-0.00626544,0
7.9,5.6,0,0.00241488,-0.00268444,0
7.9,5.7,0,0.000779001,-0.000749571,0
7.9,5.8,0,-0.000210973,3.09148e-05,0
7.9,5.9,0,-0.000546987,0.000116554,0
7.9,6,0,0,0,0
7.9,7,0,0,0,0
7.9,7.1,0,0.0228053,-0.000356528,0
7.9,7.2,0,0.0495306,-0.000211458,0
7.9,7.3,0,0.0804871,0.00035409,0
7.9,7.4,0,0.111438,0.00118382,0
7.9,7.5,0,0.144037,0.0034348,0
7.9,7.6,0,0.178747,0.00695962,0
7.9,7.7,0,0.211666,0.0104135,0
7.9,7.8,0,0.240808,0.0142609,0
7.9,7.9,0,0.267877,0.0184519,0
7.9,8,0,0.291955,0.0221885,0
7.9,8.1,0,0.309824,0.0254158,0
7.9,8.2,0,0.324792,0.0283364,0
7.9,8.3,0,0.337226,0.0307775,0
7.9,8.4,0,0.344714,0.032545,0
7.9,8.5,0,0.350732,0.0339958,0
7.9,8.6,0,0.355218,0.0351402,0
7.9,8.7,0,0.356811,0.0358038,0
7.9,8.8,0,0.358095,0.0362977,0
7.9,8.9,0,0.358644,0.0366665,0
7.9,9,0,0.357806,0.0367594,0
7.9,9.1,0,0.357068,0.0367801,0
7.9,9.2,0,0.356008,0.0367681,0
7.9,9.3,0,0.354516,0.0366351,0
7.9,9.4,0,0.353091,0.0364669,0
7.9,9.5,0,0.351547,0.0362953,0
7.9,9.6,0,0.349898,0.0360632,0
7.9,9.7,0,0.348298,0.0358231,0
7.9,9.8,0,0.346649,0.0355827,0
7.9,9.9,0,0.345,0.0353078,0
7.9,10,0,0.343384,0.0350429,0
7.9,10.1,0,0.341744,0.0347718,0
7.9,10.2,0,0.340138,0.0344822,0
7.9,10.3,0,0.33855,0.0342129,0
7.9,10.4,0,0.33695,0.0339295,0
7.9,10.5,0,0.335397,0.0336414,0
7.9,10.6,0,0.333849,0.0333779,0
7.9,10.7,0,0.332298,0.033094,0
7.9,10.8,0,0.330799,0.0328179,0
7.9,10.9,0,0.329295,0.0325653,0
7.9,11,0,0.327801,0.0322921,0
7.9,11.1,0,0.326347,0.0320367,0
7.9,11.2,0,0.324888,0.0317945,0
7.9,11.3,0,0.323449,0.0315419,0
7.9,11.4,0,0.322035,0.0313091,0
7.9,11.5,0,0.320622,0.0310824,0
7.9,11.6,0,0.319231,0.0308545,0
7.9,11.7,0,0.317857,0.030646,0
7.9,11.8,0,0.316493,0.0304392,0
7.9,11.9,0,0.315152,0.0302399,0
7.9,12,0,0.313835,0.0300546,0
7.9,12.1,0,0.312556,0.0298635,0
7.9,12.2,0,0.311303,0.0296853,0
7.9,12.3,0,0.31015,0.0294982,0
7.9,12.4,0,0.309142,0.0292799,0
7.9,12.5,0,0.308169,0.0290758,0
7.9,12.6,0,0.307632,0.0289618,0
7.9,12.7,0,0.307605,0.0289452,0
8,0,0,0.306955,-0.0622245,0
8,0.1,0,0.307484,-0.0624263,0
8,0.2,0,0.308013,-0.0626281,0
8,0.3,0,0.308831,-0.0629199,0
8,0.4,0,0.309938,-0.0633017,0
8,0.5,0,0.311045,-0.0636836,0
8,0.6,0,0.3122,-0.0640894,0
8,0.7,0,0.313356,-0.0644952,0
8,0.8,0,0.31451,-0.064942,0
8,0.9,0,0.315662,-0.0654299,0
8,1,0,0.316814,-0.0659177,0
8,1.1,0,0.31796,-0.0664825,0
8,1.2,0,0.319105,-0.0670473,0
8,1.3,0,0.320246,-0.0676543,0
8,1.4,0,0.321384,-0.0683036,0
8,1.5,0,0.322521,-0.0689528,0
8,1.6,0,0.32365,-0.0696947,0
8,1.7,0,0.32478,-0.0704365,0
8,1.8,0,0.325904,-0.07123,0
8,1.9,0,0.327024,-0.0720752,0
8,2,0,0.328144,-0.0729204,0
8,2.1,0,0.329253,-0.0738834,0
8,2.2,0,0.330361,-0.0748464,0
8,2.3,0,0.331462,-0.0758782,0
8,2.4,0,0.332556,-0.0769788,0
8,2.5,0,0.33365,-0.0780794,0
8,2.6,0,0.334724,-0.0793453,0
8,2.7,0,0.335798,-0.0806111,0
8,2.8,0,0.336854,-0.0819776,0
8,2.9,0,0.337892,-0.0834447,0
8,3,0,0.33893,-0.0849119,0
8,3.1,0,0.339876,-0.0866156,0
8,3.2,0,0.340822,-0.0883194,0
8,3.3,0,0.341639,-0.0901519,0
8,3.4,0,0.342325,-0.0921133,0
8,3.5,0,0.343012,-0.0940747,0
8,3.6,0,0.343009,-0.0963111,0
8,3.7,0,0.343006,-0.0985475,0
8,3.8,0,0.342165,-0.10092,0
8,3.9,0,0.340488,-0.10343,0
8,4,0,0.338811,-0.105939,0
8,4.1,0,0.333487,-0.10826,0
8,4.2,0,0.328163,-0.110581,0
8,4.3,0,0.319391,-0.111921,0
8,4.4,0,0.307171,-0.112279,0
8,4.5,0,0.29495,-0.112637,0
8,4.6,0,0.270195,-0.116703,0
8,4.7,0,0.245439,-0.12077,0
8,4.8,0,0.186449,-0.0982426,0
8,4.9,0,0.0932247,-0.0491213,0
8,5,0,0,0,0
8,5.1,0,0,0,0
8,5.2,0,0,0,0
8,5.3,0,0,0,0
8,5.4,0,0,0,0
8,5.5,0,0,0,0
8,5.6,0,0,0,0
8,5.7,0,0,0,0
8,5.8,0,0,0,0
8,5.9,0,0,0,0
8,6,0,0,0,0
8,7,0,0,0,0
8,7.1,0,0.0262507,9.87239e-05,0
8,7.2,0,0.0525013,0.000197448,0
8,7.3,0,0.0795895,0.000552876,0
8,7.4,0,0.111424,0.00236296,0
8,7.5,0,0.143258,0.00417305,0
8,7.6,0,0.174658,0.0065002,0
8,7.7,0,0.205044,0.0100338,0
8,7.8,0,0.23543,0.0135674,0
8,7.9,0,0.261746,0.0170578,0
8,8,0,0.283085,0.0204953,0
8,8.1,0,0.304425,0.0239328,0
8,8.2,0,0.319615,0.0266465,0
8,8.3,0,0.330705,0.0288778,0
8,8.4,0,0.341796,0.031109,0
8,8.5,0,0.347641,0.032475,0
8,8.6,0,0.351738,0.0335526,0
8,8.7,0,0.355834,0.0346302,0
8,8.8,0,0.356703,0.0350645,0
8,8.9,0,0.357212,0.0354274,0
8,9,0,0.357647,0.0357724,0
8,9.1,0,0.356668,0.0357799,0
8,9.2,0,0.355689,0.0357874,0
8,9.3,0,0.354609,0.0357632,0
8,9.4,0,0.353124,0.0356125,0
8,9.5,0,0.351639,0.0354619,0
8,9.6,0,0.350108,0.035287,0
8,9.7,0,0.348493,0.0350675,0
8,9.8,0,0.346878,0.0348479,0
8,9.9,0,0.34526,0.0346135,0
8,10,0,0.343639,0.0343643,0
8,10.1,0,0.342017,0.0341152,0
8,10.2,0,0.340416,0.0338592,0
8,10.3,0,0.338825,0.0335995,0
8,10.4,0,0.337234,0.0333398,0
8,10.5,0,0.335676,0.0330804,0
8,10.6,0,0.334127,0.0328211,0
8,10.7,0,0.332578,0.0325617,0
8,10.8,0,0.331071,0.0323099,0
8,10.9,0,0.329566,0.0320583,0
8,11,0,0.328066,0.0318082,0
8,11.1,0,0.326605,0.0315699,0
8,11.2,0,0.325144,0.0313315,0
8,11.3,0,0.323694,0.0310975,0
8,11.4,0,0.322276,0.0308761,0
8,11.5,0,0.320857,0.0306548,0
8,11.6,0,0.319456,0.0304416,0
8,11.7,0,0.318081,0.0302404,0
8,11.8,0,0.316706,0.0300393,0
8,11.9,0,0.315367,0.029848,0
8,12,0,0.31406,0.0296649,0
8,12.1,0,0.312752,0.0294817,0
8,12.2,0,0.311575,0.0292919,0
8,12.3,0,0.310455,0.0290994,0
8,12.4,0,0.309335,0.0289069,0
8,12.5,0,0.308751,0.0287892,0
8,12.6,0,0.308263,0.0286848,0
8,12.7,0,0.307775,0.0285803,0
8.1,0,0,0.307241,-0.0621332,0
8.1,0.1,0,0.30733,-0.0621772,0
8.1,0.2,0,0.308054,-0.0624462,0
8.1,0.3,0,0.309131,-0.0628539,0
8.1,0.4,0,0.310253,-0.0632511,0
8.1,0.5,0,0.311425,-0.0636055,0
8.1,0.6,0,0.312604,-0.0639841,0
8.1,0.7,0,0.313795,-0.0644005,0
8.1,0.8,0,0.314973,-0.0648519,0
8.1,0.9,0,0.316164,-0.0653302,0
8.1,1,0,0.317339,-0.0658346,0
8.1,1.1,0,0.318516,-0.0663753,0
8.1,1.2,0,0.319699,-0.0669435,0
8.1,1.3,0,0.320866,-0.0675459,0
8.1,1.4,0,0.322049,-0.0681787,0
8.1,1.5,0,0.323213,-0.0688449,0
8.1,1.6,0,0.324381,-0.069555,0
8.1,1.7,0,0.325557,-0.0702959,0
8.1,1.8,0,0.326713,-0.0710804,0
8.1,1.9,0,0.32789,-0.0719007,0
8.1,2,0,0.329042,-0.0727631,0
8.1,2.1,0,0.330203,-0.0736826,0
8.1,2.2,0,0.331371,-0.0746399,0
8.1,2.3,0,0.332515,-0.0756562,0
8.1,2.4,0,0.333687,-0.0767192,0
8.1,2.5,0,0.334824,-0.0778395,0
8.1,2.6,0,0.335974,-0.0790414,0
8.1,2.7,0,0.337133,-0.0802943,0
8.1,2.8,0,0.338256,-0.0816359,0
8.1,2.9,0,0.339413,-0.083043,0
8.1,3,0,0.340501,-0.0845312,0
8.1,3.1,0,0.341604,-0.0861491,0
8.1,3.2,0,0.342646,-0.0878113,0
8.1,3.3,0,0.343608,-0.0896124,0
8.1,3.4,0,0.34449,-0.0914624,0
8.1,3.5,0,0.345067,-0.0933643,0
8.1,3.6,0,0.345591,-0.0954903,0
8.1,3.7,0,0.345462,-0.0975015,0
8.1,3.8,0,0.345005,-0.0997675,0
8.1,3.9,0,0.343739,-0.101949,0
8.1,4,0,0.34094,-0.104024,0
8.1,4.1,0,0.337842,-0.106614,0
8.1,4.2,0,0.33136,-0.107801,0
8.1,4.3,0,0.32369,-0.109299,0
8.1,4.4,0,0.312089,-0.108115,0
8.1,4.5,0,0.293894,-0.103769,0
8.1,4.6,0,0.27562,-0.0994309,0
8.1,4.7,0,0.238892,-0.0973036,0
8.1,4.8,0,0.200987,-0.0990524,0
8.1,4.9,0,0.134215,-0.0758563,0
8.1,5,0,0,0,0
8.1,7,0,0,0,0
8.1,7.1,0,0.0226007,-0.00023295,0
8.1,7.2,0,0.0491468,-9.96943e-05,0
8.1,7.3,0,0.0783225,0.000346848,0
8.1,7.4,0,0.107896,0.00107744,0
8.1,7.5,0,0.140027,0.00312864,0
8.1,7.6,0,0.172901,0.00587183,0
8.1,7.7,0,0.204689,0.00884412,0
8.1,7.8,0,0.233856,0.0125031,0
8.1,7.9,0,0.261008,0.0162565,0
8.1,8,0,0.285138,0.0197948,0
8.1,8.1,0,0.303692,0.0229797,0
8.1,8.2,0,0.319882,0.0258485,0
8.1,8.3,0,0.332737,0.0282773,0
8.1,8.4,0,0.341075,0.0301166,0
8.1,8.5,0,0.348273,0.0316879,0
8.1,8.6,0,0.352993,0.0328576,0
8.1,8.7,0,0.355245,0.0336362,0
8.1,8.8,0,0.357274,0.0342775,0
8.1,8.9,0,0.35786,0.0346537,0
8.1,9,0,0.357419,0.0348605,0
8.1,9.1,0,0.357018,0.0349892,0
8.1,9.2,0,0.355986,0.0349908,0
8.1,9.3,0,0.354673,0.0349486,0
8.1,9.4,0,0.353371,0.0348493,0
8.1,9.5,0,0.351852,0.0347011,0
8.1,9.6,0,0.350281,0.0345464,0
8.1,9.7,0,0.348722,0.0343517,0
8.1,9.8,0,0.347092,0.0341434,0
8.1,9.9,0,0.345476,0.0339371,0
8.1,10,0,0.343872,0.0337021,0
8.1,10.1,0,0.342243,0.0334701,0
8.1,10.2,0,0.340648,0.0332415,0
8.1,10.3,0,0.339062,0.0329898,0
8.1,10.4,0,0.337466,0.0327507,0
8.1,10.5,0,0.335912,0.0325155,0
8.1,10.6,0,0.334363,0.0322597,0
8.1,10.7,0,0.332809,0.0320227,0
8.1,10.8,0,0.331299,0.0317914,0
8.1,10.9,0,0.329794,0.031541,0
8.1,11,0,0.328289,0.031312,0
8.1,11.1,0,0.326822,0.0310883,0
8.1,11.2,0,0.325361,0.0308537,0
8.1,11.3,0,0.323904,0.030637,0
8.1,11.4,0,0.322477,0.0304255,0
8.1,11.5,0,0.321057,0.0302096,0
8.1,11.6,0,0.319646,0.0300096,0
8.1,11.7,0,0.31826,0.0298141,0
8.1,11.8,0,0.316887,0.0296194,0
8.1,11.9,0,0.315526,0.0294403,0
8.1,12,0,0.3142,0.0292618,0
8.1,12.1,0,0.312912,0.0290819,0
8.1,12.2,0,0.311643,0.0289162,0
8.1,12.3,0,0.310487,0.0287317,0
8.1,12.4,0,0.309478,0.0285219,0
8.1,12.5,0,0.308503,0.028323,0
8.1,12.6,0,0.307966,0.0282093,0
8.1,12.7,0,0.307939,0.0281958,0
8.2,0,0,0.30753,-0.0620229,0
8.2,0.1,0,0.30762,-0.0620665,0
8.2,0.2,0,0.308355,-0.062338,0
8.2,0.3,0,0.309466,-0.0627528,0
8.2,0.4,0,0.3106,-0.0631522,0
8.2,0.5,0,0.311805,-0.0635069,0
8.2,0.6,0,0.313018,-0.0638849,0
8.2,0.7,0,0.314223,-0.0643008,0
8.2,0.8,0,0.315443,-0.0647502,0
8.2,0.9,0,0.316648,-0.0652277,0
8.2,1,0,0.317861,-0.065728,0
8.2,1.1,0,0.319076,-0.0662636,0
8.2,1.2,0,0.320276,-0.0668291,0
8.2,1.3,0,0.321491,-0.0674226,0
8.2,1.4,0,0.322691,-0.0680523,0
8.2,1.5,0,0.323898,-0.0687083,0
8.2,1.6,0,0.325112,-0.0694071,0
8.2,1.7,0,0.326307,-0.0701426,0
8.2,1.8,0,0.327523,-0.0709097,0
8.2,1.9,0,0.328721,-0.071724,0
8.2,2,0,0.329928,-0.0725684,0
8.2,2.1,0,0.331148,-0.0734682,0
8.2,2.2,0,0.332342,-0.0744161,0
8.2,2.3,0,0.333566,-0.0754032,0
8.2,2.4,0,0.334766,-0.076456,0
8.2,2.5,0,0.335978,-0.0775457,0
8.2,2.6,0,0.337212,-0.0787142,0
8.2,2.7,0,0.338407,-0.0799506,0
8.2,2.8,0,0.339645,-0.0812403,0
8.2,2.9,0,0.340843,-0.0826294,0
8.2,3,0,0.342033,-0.0840591,0
8.2,3.1,0,0.343259,-0.0856133,0
8.2,3.2,0,0.344342,-0.0872388,0
8.2,3.3,0,0.345449,-0.0889246,0
8.2,3.4,0,0.346386,-0.0907345,0
8.2,3.5,0,0.347018,-0.0924651,0
8.2,3.6,0,0.347663,-0.0943987,0
8.2,3.7,0,0.347499,-0.0962756,0
8.2,3.8,0,0.347014,-0.0980935,0
8.2,3.9,0,0.345765,-0.100111,0
8.2,4,0,0.342598,-0.101601,0
8.2,4.1,0,0.339386,-0.103367,0
8.2,4.2,0,0.332489,-0.104126,0
8.2,4.3,0,0.323764,-0.103991,0
8.2,4.4,0,0.311874,-0.102147,0
8.2,4.5,0,0.290181,-0.0947751,0
8.2,4.6,0,0.267324,-0.0869663,0
8.2,4.7,0,0.226475,-0.0814445,0
8.2,4.8,0,0.169306,-0.0728981,0
8.2,4.9,0,0.0938121,-0.0462331,0
8.2,5,0,0,0,0
8.2,7,0,0,0,0
8.2,7.1,0,0.0225564,-0.000233141,0
8.2,7.2,0,0.0483037,-0.000103317,0
8.2,7.3,0,0.0774794,0.000343225,0
8.2,7.4,0,0.106725,0.000996837,0
8.2,7.5,0,0.137623,0.00275935,0
8.2,7.6,0,0.170498,0.00550254,0
8.2,7.7,0,0.201973,0.00828228,0
8.2,7.8,0,0.230607,0.0116112,0
8.2,7.9,0,0.257759,0.0153646,0
8.2,8,0,0.282147,0.018774,0
8.2,8.1,0,0.300933,0.021843,0
8.2,8.2,0,0.317122,0.0247118,0
8.2,8.3,0,0.3307,0.0271436,0
8.2,8.4,0,0.339372,0.0289843,0
8.2,8.5,0,0.34657,0.0305555,0
8.2,8.6,0,0.352045,0.0318121,0
8.2,8.7,0,0.354439,0.0326071,0
8.2,8.8,0,0.356468,0.0332483,0
8.2,8.9,0,0.3576,0.0337351,0
8.2,9,0,0.357159,0.0339419,0
8.2,9.1,0,0.356786,0.0340801,0
8.2,9.2,0,0.356001,0.0341625,0
8.2,9.3,0,0.354688,0.0341204,0
8.2,9.4,0,0.353419,0.0340402,0
8.2,9.5,0,0.351993,0.0339459,0
8.2,9.6,0,0.350422,0.0337912,0
8.2,9.7,0,0.348886,0.0336231,0
8.2,9.8,0,0.347288,0.0334514,0
8.2,9.9,0,0.345672,0.0332451,0
8.2,10,0,0.344083,0.033043,0
8.2,10.1,0,0.342464,0.032835,0
8.2,10.2,0,0.34087,0.0326064,0
8.2,10.3,0,0.339291,0.0323926,0
8.2,10.4,0,0.337697,0.032167,0
8.2,10.5,0,0.336142,0.0319319,0
8.2,10.6,0,0.334594,0.0317171,0
8.2,10.7,0,0.33304,0.0314849,0
8.2,10.8,0,0.33153,0.0312536,0
8.2,10.9,0,0.330019,0.0310431,0
8.2,11,0,0.328513,0.0308142,0
8.2,11.1,0,0.327045,0.0305958,0
8.2,11.2,0,0.325573,0.0303898,0
8.2,11.3,0,0.324117,0.0301731,0
8.2,11.4,0,0.322685,0.0299704,0
8.2,11.5,0,0.321255,0.0297735,0
8.2,11.6,0,0.319844,0.0295735,0
8.2,11.7,0,0.318451,0.0293884,0
8.2,11.8,0,0.317069,0.0292052,0
8.2,11.9,0,0.315708,0.0290261,0
8.2,12,0,0.314374,0.0288576,0
8.2,12.1,0,0.31308,0.0286836,0
8.2,12.2,0,0.311812,0.0285179,0
8.2,12.3,0,0.310652,0.0283414,0
8.2,12.4,0,0.309641,0.0281338,0
8.2,12.5,0,0.308667,0.0279348,0
8.2,12.6,0,0.30813,0.0278246,0
8.2,12.7,0,0.308103,0.0278113,0
8.3,0,0,0.307822,-0.0618935,0
8.3,0.1,0,0.308386,-0.0621024,0
8.3,0.2,0,0.30895,-0.0623113,0
8.3,0.3,0,0.309822,-0.0626102,0
8.3,0.4,0,0.311004,-0.0629989,0
8.3,0.5,0,0.312186,-0.0633877,0
8.3,0.6,0,0.313423,-0.0637914,0
8.3,0.7,0,0.314661,-0.064195,0
8.3,0.8,0,0.3159,-0.0646371,0
8.3,0.9,0,0.31714,-0.0651175,0
8.3,1,0,0.31838,-0.0655979,0
8.3,1.1,0,0.319619,-0.0661483,0
8.3,1.2,0,0.320858,-0.0666988,0
8.3,1.3,0,0.322097,-0.0672878,0
8.3,1.4,0,0.323337,-0.0679155,0
8.3,1.5,0,0.324577,-0.0685431,0
8.3,1.6,0,0.325819,-0.069255,0
8.3,1.7,0,0.327062,-0.0699668,0
8.3,1.8,0,0.328307,-0.0707254,0
8.3,1.9,0,0.329555,-0.0715308,0
8.3,2,0,0.330803,-0.0723362,0
8.3,2.1,0,0.332059,-0.0732476,0
8.3,2.2,0,0.333315,-0.0741589,0
8.3,2.3,0,0.334577,-0.0751312,0
8.3,2.4,0,0.335846,-0.0761645,0
8.3,2.5,0,0.337114,-0.0771978,0
8.3,2.6,0,0.338396,-0.078374,0
8.3,2.7,0,0.339678,-0.0795503,0
8.3,2.8,0,0.340961,-0.0808098,0
8.3,2.9,0,0.342245,-0.0821527,0
8.3,3,0,0.343529,-0.0834955,0
8.3,3.1,0,0.344745,-0.0850125,0
8.3,3.2,0,0.345962,-0.0865296,0
8.3,3.3,0,0.347029,-0.0881059,0
8.3,3.4,0,0.347946,-0.0897415,0
8.3,3.5,0,0.348864,-0.0913771,0
8.3,3.6,0,0.3489,-0.0929798,0
8.3,3.7,0,0.348937,-0.0945824,0
8.3,3.8,0,0.347921,-0.096041,0
8.3,3.9,0,0.345852,-0.0973558,0
8.3,4,0,0.343783,-0.0986705,0
8.3,4.1,0,0.33708,-0.0987178,0
8.3,4.2,0,0.330377,-0.0987652,0
8.3,4.3,0,0.318382,-0.0961623,0
8.3,4.4,0,0.301097,-0.0909091,0
8.3,4.5,0,0.283811,-0.0856559,0
8.3,4.6,0,0.241193,-0.0753739,0
8.3,4.7,0,0.198576,-0.0650919,0
8.3,4.8,0,0.141814,-0.0479607,0
8.3,4.9,0,0.0709069,-0.0239803,0
8.3,5,0,0,0,0
8.3,7,0,0,0,0
8.3,7.1,0,0.0253631,9.491e-05,0
8.3,7.2,0,0.0507263,0.00018982,0
8.3,7.3,0,0.0768137,0.00048427,0
8.3,7.4,0,0.107005,0.00190944,0
8.3,7.5,0,0.137197,0.00333462,0
8.3,7.6,0,0.16718,0.00522729,0
8.3,7.7,0,0.196676,0.00821077,0
8.3,7.8,0,0.226173,0.0111943,0
8.3,7.9,0,0.252231,0.0142661,0
8.3,8,0,0.274086,0.0174459,0
8.3,8.1,0,0.295941,0.0206257,0
8.3,8.2,0,0.312004,0.0232391,0
8.3,8.3,0,0.324206,0.025475,0
8.3,8.4,0,0.336408,0.0277108,0
8.3,8.5,0,0.343239,0.0291594,0
8.3,8.6,0,0.34828,0.0303457,0
8.3,8.7,0,0.353321,0.0315319,0
8.3,8.8,0,0.354801,0.0320818,0
8.3,8.9,0,0.355886,0.032561,0
8.3,9,0,0.356881,0.0330213,0
8.3,9.1,0,0.356192,0.0331239,0
8.3,9.2,0,0.355503,0.0332265,0
8.3,9.3,0,0.354681,0.0332938,0
8.3,9.4,0,0.353328,0.03322,0
8.3,9.5,0,0.351974,0.0331463,0
8.3,9.6,0,0.35055,0.0330447,0
8.3,9.7,0,0.348994,0.0328917,0
8.3,9.8,0,0.347438,0.0327386,0
8.3,9.9,0,0.345862,0.0325675,0
8.3,10,0,0.344267,0.0323783,0
8.3,10.1,0,0.342672,0.032189,0
8.3,10.2,0,0.341086,0.0319892,0
8.3,10.3,0,0.339506,0.0317836,0
8.3,10.4,0,0.337925,0.0315781,0
8.3,10.5,0,0.336369,0.0313681,0
8.3,10.6,0,0.33482,0.031157,0
8.3,10.7,0,0.33327,0.0309459,0
8.3,10.8,0,0.331757,0.0307364,0
8.3,10.9,0,0.330245,0.0305269,0
8.3,11,0,0.328737,0.0303182,0
8.3,11.1,0,0.327264,0.0301155,0
8.3,11.2,0,0.325792,0.0299129,0
8.3,11.3,0,0.324328,0.0297129,0
8.3,11.4,0,0.322894,0.0295209,0
8.3,11.5,0,0.32146,0.0293289,0
8.3,11.6,0,0.320043,0.0291425,0
8.3,11.7,0,0.318652,0.0289644,0
8.3,11.8,0,0.31726,0.0287863,0
8.3,11.9,0,0.315906,0.0286147,0
8.3,12,0,0.314584,0.0284482,0
8.3,12.1,0,0.313262,0.0282818,0
8.3,12.2,0,0.312078,0.0281046,0
8.3,12.3,0,0.310952,0.0279227,0
8.3,12.4,0,0.309827,0.0277408,0
8.3,12.5,0,0.309243,0.027628,0
8.3,12.6,0,0.308756,0.0275274,0
8.3,12.7,0,0.308268,0.0274268,0
8.4,0,0,0.308119,-0.0617279,0
8.4,0.1,0,0.308214,-0.061772,0
8.4,0.2,0,0.308982,-0.0620497,0
8.4,0.3,0,0.310126,-0.0624705,0
8.4,0.4,0,0.311318,-0.0628747,0
8.4,0.5,0,0.312566,-0.0632294,0
8.4,0.6,0,0.313824,-0.0636049,0
8.4,0.7,0,0.315095,-0.0640163,0
8.4,0.8,0,0.316355,-0.0644619,0
8.4,0.9,0,0.31763,-0.0649303,0
8.4,1,0,0.318891,-0.0654229,0
8.4,1.1,0,0.320158,-0.0659482,0
8.4,1.2,0,0.321432,-0.066497,0
8.4,1.3,0,0.322694,-0.0670787,0
8.4,1.4,0,0.323974,-0.0676853,0
8.4,1.5,0,0.325239,-0.0683235,0
8.4,1.6,0,0.326514,-0.0690013,0
8.4,1.7,0,0.327799,-0.0697038,0
8.4,1.8,0,0.329072,-0.0704486,0
8.4,1.9,0,0.330369,-0.0712208,0
8.4,2,0,0.331648,-0.0720332,0
8.4,2.1,0,0.332946,-0.0728961,0
8.4,2.2,0,0.334256,-0.0737867,0
8.4,2.3,0,0.335555,-0.0747352,0
8.4,2.4,0,0.336889,-0.0757149,0
8.4,2.5,0,0.338197,-0.0767487,0
8.4,2.6,0,0.339539,-0.0778517,0
8.4,2.7,0,0.34089,-0.0789837,0
8.4,2.8,0,0.34223,-0.0802012,0
8.4,2.9,0,0.343603,-0.0814478,0
8.4,3,0,0.344912,-0.0827652,0
8.4,3.1,0,0.346272,-0.0841806,0
8.4,3.2,0,0.347514,-0.0855754,0
8.4,3.3,0,0.348717,-0.0870936,0
8.4,3.4,0,0.349753,-0.0885432,0
8.4,3.5,0,0.350385,-0.0899731,0
8.4,3.6,0,0.35102,-0.0915024,0
8.4,3.7,0,0.350595,-0.0926556,0
8.4,3.8,0,0.349864,-0.0939097,0
8.4,3.9,0,0.347826,-0.0946932,0
8.4,4,0,0.343751,-0.0951553,0
8.4,4.1,0,0.339334,-0.0955096,0
8.4,4.2,0,0.329752,-0.0939681,0
8.4,4.3,0,0.318725,-0.0921058,0
8.4,4.4,0,0.301172,-0.0867881,0
8.4,4.5,0,0.274299,-0.0767731,0
8.4,4.6,0,0.244188,-0.0656724,0
8.4,4.7,0,0.192185,-0.0530565,0
8.4,4.8,0,0.128276,-0.0394906,0
8.4,4.9,0,0.065794,-0.0237741,0
8.4,5,0,0,0,0
8.4,7,0,0,0,0
8.4,7.1,0,0.0223592,-0.000175309,0
8.4,7.2,0,0.0479673,-5.36528e-05,0
8.4,7.3,0,0.0757567,0.000310168,0
8.4,7.4,0,0.103923,0.000892818,0
8.4,7.5,0,0.1344,0.00250999,0
8.4,7.6,0,0.165621,0.00468256,0
8.4,7.7,0,0.196064,0.00710771,0
8.4,7.8,0,0.224611,0.0102521,0
8.4,7.9,0,0.251561,0.0135694,0
8.4,8,0,0.275858,0.0167763,0
8.4,8.1,0,0.295176,0.019776,0
8.4,8.2,0,0.312314,0.0225409,0
8.4,8.3,0,0.32622,0.0249414,0
8.4,8.4,0,0.335663,0.026821,0
8.4,8.5,0,0.343928,0.0284659,0
8.4,8.6,0,0.349614,0.0297384,0
8.4,8.7,0,0.352659,0.0306199,0
8.4,8.8,0,0.355422,0.0313782,0
8.4,8.9,0,0.356591,0.031871,0
8.4,9,0,0.356566,0.0321686,0
8.4,9.1,0,0.356548,0.0323991,0
8.4,9.2,0,0.355793,0.0324922,0
8.4,9.3,0,0.354678,0.0325237,0
8.4,9.4,0,0.353547,0.0325035,0
8.4,9.5,0,0.352148,0.0324277,0
8.4,9.6,0,0.350666,0.0323359,0
8.4,9.7,0,0.349178,0.0322072,0
8.4,9.8,0,0.3476,0.0320609,0
8.4,9.9,0,0.346025,0.0319117,0
8.4,10,0,0.344451,0.0317353,0
8.4,10.1,0,0.342847,0.0315592,0
8.4,10.2,0,0.341269,0.0313823,0
8.4,10.3,0,0.339695,0.0311838,0
8.4,10.4,0,0.338109,0.0309952,0
8.4,10.5,0,0.336559,0.0308062,0
8.4,10.6,0,0.335011,0.0305982,0
8.4,10.7,0,0.333459,0.0304063,0
8.4,10.8,0,0.331946,0.0302148,0
8.4,10.9,0,0.330434,0.0300063,0
8.4,11,0,0.328924,0.0298163,0
8.4,11.1,0,0.327447,0.0296267,0
8.4,11.2,0,0.325974,0.0294274,0
8.4,11.3,0,0.324508,0.0292431,0
8.4,11.4,0,0.323067,0.0290599,0
8.4,11.5,0,0.321633,0.0288729,0
8.4,11.6,0,0.320209,0.0286986,0
8.4,11.7,0,0.318808,0.0285256,0
8.4,11.8,0,0.31742,0.0283536,0
8.4,11.9,0,0.316045,0.0281935,0
8.4,12,0,0.314706,0.0280315,0
8.4,12.1,0,0.313407,0.0278681,0
8.4,12.2,0,0.31213,0.0277145,0
8.4,12.3,0,0.310968,0.0275406,0
8.4,12.4,0,0.309961,0.0273417,0
8.4,12.5,0,0.30899,0.0271487,0
8.4,12.6,0,0.308454,0.027039,0
8.4,12.7,0,0.308427,0.0270284,0
8.5,0,0,0.308418,-0.0615452,0
8.5,0.1,0,0.308514,-0.0615888,0
8.5,0.2,0,0.309292,-0.0618683,0
8.5,0.3,0,0.310466,-0.0622938,0
8.5,0.4,0,0.311667,-0.0626994,0
8.5,0.5,0,0.312945,-0.0630525,0
8.5,0.6,0,0.314234,-0.0634253,0
8.5,0.7,0,0.315517,-0.0638351,0
8.5,0.8,0,0.316816,-0.0642753,0
8.5,0.9,0,0.318103,-0.0647416,0
8.5,1,0,0.319398,-0.0652266,0
8.5,1.1,0,0.320699,-0.0657432,0
8.5,1.2,0,0.321987,-0.0662874,0
8.5,1.3,0,0.323293,-0.0668546,0
8.5,1.4,0,0.324588,-0.067456,0
8.5,1.5,0,0.325891,-0.0680784,0
8.5,1.6,0,0.327207,-0.0687385,0
8.5,1.7,0,0.328509,-0.0694325,0
8.5,1.8,0,0.329834,-0.0701504,0
8.5,1.9,0,0.331149,-0.0709131,0
8.5,2,0,0.332475,-0.0716975,0
8.5,2.1,0,0.333824,-0.0725293,0
8.5,2.2,0,0.335156,-0.0734051,0
8.5,2.3,0,0.336521,-0.0743067,0
8.5,2.4,0,0.337878,-0.07527,0
8.5,2.5,0,0.339248,-0.0762541,0
8.5,2.6,0,0.340656,-0.0773016,0
8.5,2.7,0,0.342034,-0.0784058,0
8.5,2.8,0,0.343457,-0.0795344,0
8.5,2.9,0,0.344859,-0.0807496,0
8.5,3,0,0.346226,-0.0819643,0
8.5,3.1,0,0.347655,-0.0832627,0
8.5,3.2,0,0.348904,-0.084594,0
8.5,3.3,0,0.350135,-0.0859071,0
8.5,3.4,0,0.351184,-0.0872834,0
8.5,3.5,0,0.35171,-0.0884512,0
8.5,3.6,0,0.352258,-0.0896784,0
8.5,3.7,0,0.351672,-0.0906449,0
8.5,3.8,0,0.350461,-0.0913007,0
8.5,3.9,0,0.348264,-0.0918719,0
8.5,4,0,0.343143,-0.0914998,0
8.5,4.1,0,0.337598,-0.0909084,0
8.5,4.2,0,0.327117,-0.0888555,0
8.5,4.3,0,0.31319,-0.0853316,0
8.5,4.4,0,0.294602,-0.0794177,0
8.5,4.5,0,0.264072,-0.0681672,0
8.5,4.6,0,0.229682,-0.0555563,0
8.5,4.7,0,0.177607,-0.0425347,0
8.5,4.8,0,0.114181,-0.0280033,0
8.5,4.9,0,0.0520947,-0.0120489,0
8.5,5,0,0,0,0
8.5,7,0,0,0,0
8.5,7.1,0,0.0223236,-0.000176158,0
8.5,7.2,0,0.0472901,-6.97816e-05,0
8.5,7.3,0,0.0750795,0.000294039,0
8.5,7.4,0,0.102968,0.000819657,0
8.5,7.5,0,0.132403,0.00222296,0
8.5,7.6,0,0.163624,0.00439552,0
8.5,7.7,0,0.193746,0.00666079,0
8.5,7.8,0,0.221743,0.00953104,0
8.5,7.9,0,0.248693,0.0128484,0
8.5,8,0,0.273125,0.0159186,0
8.5,8.1,0,0.292564,0.0187953,0
8.5,8.2,0,0.309703,0.0215602,0
8.5,8.3,0,0.324211,0.0239358,0
8.5,8.4,0,0.333932,0.0258038,0
8.5,8.5,0,0.342197,0.0274488,0
8.5,8.6,0,0.348586,0.0287796,0
8.5,8.7,0,0.351762,0.0296719,0
8.5,8.8,0,0.354525,0.0304303,0
8.5,8.9,0,0.356238,0.0310112,0
8.5,9,0,0.356214,0.0313088,0
8.5,9.1,0,0.356226,0.0315472,0
8.5,9.2,0,0.35573,0.0317078,0
8.5,9.3,0,0.354615,0.0317393,0
8.5,9.4,0,0.353521,0.0317353,0
8.5,9.5,0,0.352224,0.0317047,0
8.5,9.6,0,0.350741,0.0316129,0
8.5,9.7,0,0.34928,0.0315065,0
8.5,9.8,0,0.347739,0.0313908,0
8.5,9.9,0,0.346164,0.0312415,0
8.5,10,0,0.344607,0.0310929,0
8.5,10.1,0,0.343016,0.0309369,0
8.5,10.2,0,0.341438,0.0307601,0
8.5,10.3,0,0.339874,0.0305939,0
8.5,10.4,0,0.338293,0.0304169,0
8.5,10.5,0,0.336743,0.0302279,0
8.5,10.6,0,0.335199,0.0300554,0
8.5,10.7,0,0.333647,0.0298677,0
8.5,10.8,0,0.332134,0.0296762,0
8.5,10.9,0,0.330621,0.0295029,0
8.5,11,0,0.329111,0.029313,0
8.5,11.1,0,0.327634,0.0291281,0
8.5,11.2,0,0.326156,0.0289544,0
8.5,11.3,0,0.324689,0.0287702,0
8.5,11.4,0,0.323246,0.028595,0
8.5,11.5,0,0.321806,0.0284253,0
8.5,11.6,0,0.320382,0.0282511,0
8.5,11.7,0,0.318977,0.0280877,0
8.5,11.8,0,0.317583,0.0279263,0
8.5,11.9,0,0.316208,0.0277662,0
8.5,12,0,0.314864,0.0276137,0
8.5,12.1,0,0.313562,0.0274558,0
8.5,12.2,0,0.312285,0.0273022,0
8.5,12.3,0,0.311124,0.0271362,0
8.5,12.4,0,0.310117,0.0269394,0
8.5,12.5,0,0.309146,0.0267464,0
8.5,12.6,0,0.308613,0.0266404,0
8.5,12.7,0,0.308586,0.02663,0
8.6,0,0,0.308719,-0.0613455,0
8.6,0.1,0,0.309313,-0.0615592,0
8.6,0.2,0,0.309907,-0.0617728,0
8.6,0.3,0,0.310828,-0.0620751,0
8.6,0.4,0,0.312076,-0.0624661,0
8.6,0.5,0,0.313323,-0.062857,0
8.6,0.6,0,0.314636,-0.0632526,0
8.6,0.7,0,0.315948,-0.0636483,0
8.6,0.8,0,0.317263,-0.0640787,0
8.6,0.9,0,0.318581,-0.0645439,0
8.6,1,0,0.3199,-0.0650091,0
8.6,1.1,0,0.321222,-0.0655354,0
8.6,1.2,0,0.322545,-0.0660616,0
8.6,1.3,0,0.323872,-0.0666213,0
8.6,1.4,0,0.325203,-0.0672145,0
8.6,1.5,0,0.326533,-0.0678077,0
8.6,1.6,0,0.327875,-0.0684728,0
8.6,1.7,0,0.329217,-0.0691379,0
8.6,1.8,0,0.330568,-0.0698421,0
8.6,1.9,0,0.331926,-0.0705855,0
8.6,2,0,0.333285,-0.071329,0
8.6,2.1,0,0.334666,-0.0721586,0
8.6,2.2,0,0.336048,-0.0729882,0
8.6,2.3,0,0.337444,-0.0738652,0
8.6,2.4,0,0.338855,-0.0747896,0
8.6,2.5,0,0.340266,-0.075714,0
8.6,2.6,0,0.341706,-0.0767401,0
8.6,2.7,0,0.343146,-0.0777661,0
8.6,2.8,0,0.344587,-0.0788419,0
8.6,2.9,0,0.346028,-0.0799674,0
8.6,3,0,0.347469,-0.0810929,0
8.6,3.1,0,0.348788,-0.0822789,0
8.6,3.2,0,0.350107,-0.083465,0
8.6,3.3,0,0.351181,-0.0846087,0
8.6,3.4,0,0.35201,-0.0857101,0
8.6,3.5,0,0.352839,-0.0868115,0
8.6,3.6,0,0.352288,-0.0874916,0
8.6,3.7,0,0.351737,-0.0881717,0
8.6,3.8,0,0.349561,-0.0883502,0
8.6,3.9,0,0.345759,-0.0880271,0
8.6,4,0,0.341957,-0.087704,0
8.6,4.1,0,0.331206,-0.0850822,0
8.6,4.2,0,0.320455,-0.0824604,0
8.6,4.3,0,0.30269,-0.0768872,0
8.6,4.4,0,0.277909,-0.0683627,0
8.6,4.5,0,0.253129,-0.0598382,0
8.6,4.6,0,0.205159,-0.0465268,0
8.6,4.7,0,0.157188,-0.0332153,0
8.6,4.8,0,0.106562,-0.0212477,0
8.6,4.9,0,0.0532811,-0.0106238,0
8.6,5,0,0,0,0
8.6,7,0,0,0,0
8.6,7.1,0,0.0246503,7.79324e-05,0
8.6,7.2,0,0.0493006,0.000155865,0
8.6,7.3,0,0.0745737,0.000393109,0
8.6,7.4,0,0.103376,0.00153312,0
8.6,7.5,0,0.132179,0.00267313,0
8.6,7.6,0,0.160915,0.00422914,0
8.6,7.7,0,0.189494,0.0067558,0
8.6,7.8,0,0.218073,0.00928247,0
8.6,7.9,0,0.243748,0.01198,0
8.6,8,0,0.265874,0.0148865,0
8.6,8.1,0,0.288,0.017793,0
8.6,8.2,0,0.304727,0.0202741,0
8.6,8.3,0,0.317856,0.0224716,0
8.6,8.4,0,0.330984,0.0246691,0
8.6,8.5,0,0.338705,0.0261627,0
8.6,8.6,0,0.344624,0.0274218,0
8.6,8.7,0,0.350542,0.0286809,0
8.6,8.8,0,0.352626,0.0293215,0
8.6,8.9,0,0.354284,0.0298934,0
8.6,9,0,0.355839,0.0304458,0
8.6,9.1,0,0.355455,0.0306278,0
8.6,9.2,0,0.355071,0.0308097,0
8.6,9.3,0,0.354522,0.0309535,0
8.6,9.4,0,0.353314,0.0309443,0
8.6,9.5,0,0.352106,0.0309352,0
8.6,9.6,0,0.3508,0.0308951,0
8.6,9.7,0,0.34931,0.0307978,0
8.6,9.8,0,0.347821,0.0307004,0
8.6,9.9,0,0.346295,0.0305823,0
8.6,10,0,0.344732,0.0304435,0
8.6,10.1,0,0.343168,0.0303047,0
8.6,10.2,0,0.341603,0.0301525,0
8.6,10.3,0,0.340038,0.0299931,0
8.6,10.4,0,0.338472,0.0298338,0
8.6,10.5,0,0.336923,0.0296665,0
8.6,10.6,0,0.335379,0.0294973,0
8.6,10.7,0,0.333835,0.029328,0
8.6,10.8,0,0.332321,0.0291558,0
8.6,10.9,0,0.330808,0.0289834,0
8.6,11,0,0.329298,0.0288113,0
8.6,11.1,0,0.327819,0.0286406,0
8.6,11.2,0,0.326341,0.02847,0
8.6,11.3,0,0.324871,0.0283008,0
8.6,11.4,0,0.323428,0.0281355,0
8.6,11.5,0,0.321985,0.0279702,0
8.6,11.6,0,0.320558,0.0278083,0
8.6,11.7,0,0.319156,0.0276516,0
8.6,11.8,0,0.317753,0.0274948,0
8.6,11.9,0,0.316391,0.0273414,0
8.6,12,0,0.315061,0.0271907,0
8.6,12.1,0,0.313731,0.0270401,0
8.6,12.2,0,0.312544,0.026875,0
8.6,12.3,0,0.31142,0.0267037,0
8.6,12.4,0,0.310295,0.0265323,0
8.6,12.5,0,0.309714,0.0264246,0
8.6,12.6,0,0.30923,0.0263281,0
8.6,12.7,0,0.308746,0.0262316,0
8.7,0,0,0.309022,-0.0611137,0
8.7,0.1,0,0.309123,-0.0611573,0
8.7,0.2,0,0.309928,-0.0614406,0
8.7,0.3,0,0.311131,-0.0618697,0
8.7,0.4,0,0.312383,-0.0622761,0
8.7,0.5,0,0.313699,-0.0626266,0
8.7,0.6,0,0.315028,-0.0629939,0
8.7,0.7,0,0.316369,-0.0633945,0
8.7,0.8,0,0.317703,-0.0638277,0
8.7,0.9,0,0.319051,-0.0642791,0
8.7,1,0,0.320389,-0.064752,0
8.7,1.1,0,0.321735,-0.0652532,0
8.7,1.2,0,0.323089,-0.0657731,0
8.7,1.3,0,0.324435,-0.0663234,0
8.7,1.4,0,0.325799,-0.0668923,0
8.7,1.5,0,0.327152,-0.0674898,0
8.7,1.6,0,0.32852,-0.0681206,0
8.7,1.7,0,0.329897,-0.0687691,0
8.7,1.8,0,0.33127,-0.0694562,0
8.7,1.9,0,0.332668,-0.0701608,0
8.7,2,0,0.334053,-0.0709013,0
8.7,2.1,0,0.335465,-0.0716821,0
8.7,2.2,0,0.336889,-0.0724787,0
8.7,2.3,0,0.338312,-0.0733268,0
8.7,2.4,0,0.33977,-0.0741884,0
8.7,2.5,0,0.341209,-0.075095,0
8.7,2.6,0,0.342693,-0.0760507,0
8.7,2.7,0,0.344171,-0.0770091,0
8.7,2.8,0,0.345655,-0.0780368,0
8.7,2.9,0,0.347143,-0.0790521,0
8.7,3,0,0.348553,-0.080109,0
8.7,3.1,0,0.350014,-0.0812143,0
8.7,3.2,0,0.351243,-0.0822267,0
8.7,3.3,0,0.35243,-0.0833124,0
8.7,3.4,0,0.353279,-0.0842215,0
8.7,3.5,0,0.353557,-0.0850094,0
8.7,3.6,0,0.353753,-0.0857621,0
8.7,3.7,0,0.352338,-0.0859054,0
8.7,3.8,0,0.350447,-0.085963,0
8.7,3.9,0,0.346541,-0.0852602,0
8.7,4,0,0.339778,-0.0838118,0
8.7,4.1,0,0.332128,-0.081935,0
8.7,4.2,0,0.317658,-0.0778204,0
8.7,4.3,0,0.300688,-0.072863,0
8.7,4.4,0,0.276493,-0.064871,0
8.7,4.5,0,0.241791,-0.0525194,0
8.7,4.6,0,0.203781,-0.0390383,0
8.7,4.7,0,0.152076,-0.0264883,0
8.7,4.8,0,0.0918431,-0.0133906,0
8.7,4.9,0,0.0404278,-0.00417937,0
8.7,5,0,0,0,0
8.7,7,0,0,0,0
8.7,7.1,0,0.0221616,-0.000150165,0
8.7,7.2,0,0.0470165,-5.06562e-05,0
8.7,7.3,0,0.0736935,0.000243805,0
8.7,7.4,0,0.100711,0.000710822,0
8.7,7.5,0,0.129776,0.00200593,0
8.7,7.6,0,0.159535,0.00375276,0
8.7,7.7,0,0.18874,0.00575194,0
8.7,7.8,0,0.216573,0.00845013,0
8.7,7.9,0,0.243135,0.0113559,0
8.7,8,0,0.267387,0.0142317,0
8.7,8.1,0,0.28722,0.0170219,0
8.7,8.2,0,0.305072,0.0196465,0
8.7,8.3,0,0.31983,0.0219771,0
8.7,8.4,0,0.33023,0.02386,0
8.7,8.5,0,0.339452,0.0255388,0
8.7,8.6,0,0.346031,0.0268772,0
8.7,8.7,0,0.349828,0.0278369,0
8.7,8.8,0,0.353307,0.0286828,0
8.7,8.9,0,0.355056,0.0292681,0
8.7,9,0,0.355453,0.029644,0
8.7,9.1,0,0.355836,0.0299568,0
8.7,9.2,0,0.355372,0.030127,0
8.7,9.3,0,0.354465,0.0302229,0
8.7,9.4,0,0.353521,0.0302681,0
8.7,9.5,0,0.352254,0.0302538,0
8.7,9.6,0,0.350868,0.0302161,0
8.7,9.7,0,0.349462,0.0301419,0
8.7,9.8,0,0.347944,0.0300485,0
8.7,9.9,0,0.346414,0.0299474,0
8.7,10,0,0.344876,0.02982,0
8.7,10.1,0,0.3433,0.0296917,0
8.7,10.2,0,0.341745,0.0295588,0
8.7,10.3,0,0.340186,0.0294055,0
8.7,10.4,0,0.338615,0.0292606,0
8.7,10.5,0,0.337075,0.0291113,0
8.7,10.6,0,0.335532,0.0289447,0
8.7,10.7,0,0.333987,0.0287923,0
8.7,10.8,0,0.332475,0.0286357,0
8.7,10.9,0,0.330962,0.0284642,0
8.7,11,0,0.329453,0.0283089,0
8.7,11.1,0,0.327972,0.0281496,0
8.7,11.2,0,0.326494,0.027982,0
8.7,11.3,0,0.325023,0.027827,0
8.7,11.4,0,0.323575,0.0276694,0
8.7,11.5,0,0.322133,0.0275088,0
8.7,11.6,0,0.320702,0.0273581,0
8.7,11.7,0,0.319291,0.0272058,0
8.7,11.8,0,0.317894,0.0270548,0
8.7,11.9,0,0.316512,0.0269123,0
8.7,12,0,0.315164,0.0267658,0
8.7,12.1,0,0.313861,0.026618,0
8.7,12.2,0,0.312581,0.0264759,0
8.7,12.3,0,0.311419,0.0263123,0
8.7,12.4,0,0.310419,0.0261245,0
8.7,12.5,0,0.309458,0.0259378,0
8.7,12.6,0,0.308926,0.0258324,0
8.7,12.7,0,0.308899,0.0258246,0
8.8,0,0,0.309327,-0.0608671,0
8.8,0.1,0,0.309428,-0.0609101,0
8.8,0.2,0,0.310242,-0.0611944,0
8.8,0.3,0,0.31147,-0.0616259,0
8.8,0.4,0,0.312731,-0.0620329,0
8.8,0.5,0,0.314072,-0.06238,0
8.8,0.6,0,0.315427,-0.0627426,0
8.8,0.7,0,0.316779,-0.0631407,0
8.8,0.8,0,0.318147,-0.0635657,0
8.8,0.9,0,0.319506,-0.064014,0
8.8,1,0,0.320872,-0.0644765,0
8.8,1.1,0,0.322247,-0.0649658,0
8.8,1.2,0,0.323613,-0.0654797,0
8.8,1.3,0,0.324996,-0.066011,0
8.8,1.4,0,0.326373,-0.0665732,0
8.8,1.5,0,0.327757,-0.0671504,0
8.8,1.6,0,0.329159,-0.0677587,0
8.8,1.7,0,0.33055,-0.0683965,0
8.8,1.8,0,0.331964,-0.0690496,0
8.8,1.9,0,0.333376,-0.0697424,0
8.8,2,0,0.334799,-0.0704477,0
8.8,2.1,0,0.336249,-0.0711895,0
8.8,2.2,0,0.337688,-0.0719676,0
8.8,2.3,0,0.33916,-0.0727573,0
8.8,2.4,0,0.340634,-0.0735984,0
8.8,2.5,0,0.342112,-0.0744433,0
8.8,2.6,0,0.343637,-0.0753305,0
8.8,2.7,0,0.345127,-0.0762545,0
8.8,2.8,0,0.346647,-0.0771737,0
8.8,2.9,0,0.348148,-0.0781509,0
8.8,3,0,0.349552,-0.0790827,0
8.8,3.1,0,0.351012,-0.0800498,0
8.8,3.2,0,0.352202,-0.0809866,0
8.8,3.3,0,0.353277,-0.081834,0
8.8,3.4,0,0.354088,-0.0826599,0
8.8,3.5,0,0.354073,-0.0831561,0
8.8,3.6,0,0.35397,-0.0835901,0
8.8,3.7,0,0.352279,-0.0835476,0
8.8,3.8,0,0.349544,-0.083025,0
8.8,3.9,0,0.345351,-0.0821212,0
8.8,4,0,0.337177,-0.0799356,0
8.8,4.1,0,0.328046,-0.0772663,0
8.8,4.2,0,0.312628,-0.0727939,0
8.8,4.3,0,0.292716,-0.0667232,0
8.8,4.4,0,0.267508,-0.058347,0
8.8,4.5,0,0.230591,-0.0458103,0
8.8,4.6,0,0.19011,-0.0321169,0
8.8,4.7,0,0.139877,-0.0202774,0
8.8,4.8,0,0.0840894,-0.00954382,0
8.8,4.9,0,0.0341659,-0.00119824,0
8.8,5,0,0,0,0
8.8,7,0,0,0,0
8.8,7.1,0,0.0221329,-0.000151382,0
8.8,7.2,0,0.046471,-7.37737e-05,0
8.8,7.3,0,0.073148,0.000220687,0
8.8,7.4,0,0.099929,0.000643536,0
8.8,7.5,0,0.128107,0.00177302,0
8.8,7.6,0,0.157866,0.00351985,0
8.8,7.7,0,0.186755,0.00538507,0
8.8,7.8,0,0.214046,0.00785362,0
8.8,7.9,0,0.240609,0.0107594,0
8.8,8,0,0.264902,0.0134988,0
8.8,8.1,0,0.284772,0.0161662,0
8.8,8.2,0,0.302625,0.0187909,0
8.8,8.3,0,0.317875,0.0210765,0
8.8,8.4,0,0.328502,0.0229386,0
8.8,8.5,0,0.337724,0.0246174,0
8.8,8.6,0,0.344946,0.0259914,0
8.8,8.7,0,0.348864,0.0269577,0
8.8,8.8,0,0.352343,0.0278037,0
8.8,8.9,0,0.354628,0.028459,0
8.8,9,0,0.355025,0.028835,0
8.8,9.1,0,0.35544,0.0291544,0
8.8,9.2,0,0.355244,0.0293819,0
8.8,9.3,0,0.354337,0.0294777,0
8.8,9.4,0,0.353432,0.0295368,0
8.8,9.5,0,0.352275,0.0295612,0
8.8,9.6,0,0.350889,0.0295235,0
8.8,9.7,0,0.349512,0.0294683,0
8.8,9.8,0,0.348034,0.0294009,0
8.8,9.9,0,0.346504,0.0292998,0
8.8,10,0,0.344986,0.029196,0
8.8,10.1,0,0.343425,0.0290848,0
8.8,10.2,0,0.341869,0.0289519,0
8.8,10.3,0,0.340324,0.0288263,0
8.8,10.4,0,0.338758,0.0286914,0
8.8,10.5,0,0.337217,0.0285421,0
8.8,10.6,0,0.335683,0.0284063,0
8.8,10.7,0,0.334138,0.0282576,0
8.8,10.8,0,0.332627,0.028101,0
8.8,10.9,0,0.331117,0.0279605,0
8.8,11,0,0.329607,0.0278052,0
8.8,11.1,0,0.328127,0.0276502,0
8.8,11.2,0,0.326647,0.0275055,0
8.8,11.3,0,0.325176,0.0273505,0
8.8,11.4,0,0.323727,0.0272002,0
8.8,11.5,0,0.322283,0.0270553,0
8.8,11.6,0,0.320851,0.0269046,0
8.8,11.7,0,0.319439,0.0267611,0
8.8,11.8,0,0.318039,0.0266199,0
8.8,11.9,0,0.316657,0.0264774,0
8.8,12,0,0.315308,0.0263398,0
8.8,12.1,0,0.314004,0.0261971,0
8.8,12.2,0,0.312724,0.0260551,0
8.8,12.3,0,0.311566,0.0258993,0
8.8,12.4,0,0.310567,0.0257135,0
8.8,12.5,0,0.309606,0.0255269,0
8.8,12.6,0,0.309079,0.0254252,0
8.8,12.7,0,0.309053,0.0254177,0
8.9,0,0,0.309633,-0.0606056,0
8.9,0.1,0,0.310253,-0.0608216,0
8.9,0.2,0,0.310872,-0.0610377,0
8.9,0.3,0,0.311834,-0.06134,0
8.9,0.4,0,0.313139,-0.0617286,0
8.9,0.5,0,0.314443,-0.0621171,0
8.9,0.6,0,0.315819,-0.0624997,0
8.9,0.7,0,0.317195,-0.0628823,0
8.9,0.8,0,0.318577,-0.0632954,0
8.9,0.9,0,0.319963,-0.063739,0
8.9,1,0,0.321349,-0.0641826,0
8.9,1.1,0,0.322743,-0.0646766,0
8.9,1.2,0,0.324137,-0.0651706,0
8.9,1.3,0,0.325538,-0.065692,0
8.9,1.4,0,0.326944,-0.0662408,0
8.9,1.5,0,0.32835,-0.0667896,0
8.9,1.6,0,0.329773,-0.0673954,0
8.9,1.7,0,0.331196,-0.0680012,0
8.9,1.8,0,0.33263,-0.0686369,0
8.9,1.9,0,0.334076,-0.0693024,0
8.9,2,0,0.335521,-0.069968,0
8.9,2.1,0,0.336996,-0.0706954,0
8.9,2.2,0,0.33847,-0.0714229,0
8.9,2.3,0,0.339961,-0.072181,0
8.9,2.4,0,0.341467,-0.0729698,0
8.9,2.5,0,0.342973,-0.0737587,0
8.9,2.6,0,0.344498,-0.0745996,0
8.9,2.7,0,0.346023,-0.0754405,0
8.9,2.8,0,0.347521,-0.0762915,0
8.9,2.9,0,0.348995,-0.0771527,0
8.9,3,0,0.350468,-0.0780139,0
8.9,3.1,0,0.35167,-0.0788072,0
8.9,3.2,0,0.352873,-0.0796005,0
8.9,3.3,0,0.353657,-0.080248,0
8.9,3.4,0,0.354022,-0.0807498,0
8.9,3.5,0,0.354387,-0.0812516,0
8.9,3.6,0,0.352649,-0.0809919,0
8.9,3.7,0,0.35091,-0.0807323,0
8.9,3.8,0,0.346863,-0.079697,0
8.9,3.9,0,0.340509,-0.0778862,0
8.9,4,0,0.334154,-0.0760754,0
8.9,4.1,0,0.318781,-0.071429,0
8.9,4.2,0,0.303409,-0.0667825,0
8.9,4.3,0,0.280484,-0.0595096,0
8.9,4.4,0,0.250007,-0.0496103,0
8.9,4.5,0,0.219531,-0.0397109,0
8.9,4.6,0,0.17301,-0.0282761,0
8.9,4.7,0,0.12649,-0.0168413,0
8.9,4.8,0,0.0825834,-0.00889913,0
8.9,4.9,0,0.0412917,-0.00444957,0
8.9,5,0,0,0,0
8.9,7,0,0,0,0
8.9,7.1,0,0.0240761,5.35981e-05,0
8.9,7.2,0,0.0481522,0.000107196,0
8.9,7.3,0,0.0727599,0.00029063,0
8.9,7.4,0,0.10038,0.0012098,0
8.9,7.5,0,0.128,0.00212897,0
8.9,7.6,0,0.155637,0.00341557,0
8.9,7.7,0,0.183314,0.00555951,0
8.9,7.8,0,0.21099,0.00770346,0
8.9,7.9,0,0.236207,0.0100678,0
8.9,8,0,0.258415,0.0127015,0
8.9,8.1,0,0.280624,0.0153352,0
8.9,8.2,0,0.297839,0.0176656,0
8.9,8.3,0,0.311725,0.0197939,0
8.9,8.4,0,0.32561,0.0219222,0
8.9,8.5,0,0.334124,0.0234319,0
8.9,8.6,0,0.340847,0.0247354,0
8.9,8.7,0,0.34757,0.0260389,0
8.9,8.8,0,0.350242,0.0267504,0
8.9,8.9,0,0.352463,0.0273961,0
8.9,9,0,0.35457,0.028022,0
8.9,9.1,0,0.354502,0.0282713,0
8.9,9.2,0,0.354434,0.0285205,0
8.9,9.3,0,0.35417,0.0287292,0
8.9,9.4,0,0.353118,0.0287754,0
8.9,9.5,0,0.352066,0.0288215,0
8.9,9.6,0,0.350886,0.028834,0
8.9,9.7,0,0.349471,0.028784,0
8.9,9.8,0,0.348055,0.028734,0
8.9,9.9,0,0.346584,0.028661,0
8.9,10,0,0.345057,0.0285651,0
8.9,10.1,0,0.34353,0.0284691,0
8.9,10.2,0,0.34199,0.0283576,0
8.9,10.3,0,0.340443,0.0282379,0
8.9,10.4,0,0.338895,0.0281181,0
8.9,10.5,0,0.337358,0.0279878,0
8.9,10.6,0,0.335824,0.0278549,0
8.9,10.7,0,0.334289,0.027722,0
8.9,10.8,0,0.332778,0.0275827,0
8.9,10.9,0,0.331269,0.027443,0
8.9,11,0,0.329762,0.0273031,0
8.9,11.1,0,0.328282,0.0271611,0
8.9,11.2,0,0.326802,0.0270191,0
8.9,11.3,0,0.325331,0.0268773,0
8.9,11.4,0,0.323884,0.0267363,0
8.9,11.5,0,0.322436,0.0265952,0
8.9,11.6,0,0.321005,0.0264557,0
8.9,11.7,0,0.319598,0.0263186,0
8.9,11.8,0,0.318191,0.0261814,0
8.9,11.9,0,0.316824,0.0260449,0
8.9,12,0,0.315492,0.025909,0
8.9,12.1,0,0.314159,0.0257731,0
8.9,12.2,0,0.312976,0.0256197,0
8.9,12.3,0,0.311857,0.0254588,0
8.9,12.4,0,0.310738,0.0252978,0
8.9,12.5,0,0.310163,0.0251952,0
8.9,12.6,0,0.309685,0.025103,0
8.9,12.7,0,0.309206,0.0250107,0
9,0,0,0.309941,-0.0603167,0
9,0.1,0,0.310045,-0.0603593,0
9,0.2,0,0.310882,-0.0606451,0
9,0.3,0,0.312133,-0.0610779,0
9,0.4,0,0.313436,-0.0614821,0
9,0.5,0,0.314809,-0.0618243,0
9,0.6,0,0.316197,-0.062179,0
9,0.7,0,0.317598,-0.0625642,0
9,0.8,0,0.318996,-0.0629796,0
9,0.9,0,0.320407,-0.0634084,0
9,1,0,0.32181,-0.0638553,0
9,1.1,0,0.323222,-0.0643256,0
9,1.2,0,0.324642,-0.0648096,0
9,1.3,0,0.326057,-0.0653203,0
9,1.4,0,0.32749,-0.0658432,0
9,1.5,0,0.328914,-0.0663906,0
9,1.6,0,0.330356,-0.0669641,0
9,1.7,0,0.331806,-0.067548,0
9,1.8,0,0.333257,-0.0681648,0
9,1.9,0,0.334731,-0.0687897,0
9,2,0,0.336196,-0.0694437,0
9,2.1,0,0.33769,-0.0701264,0
9,2.2,0,0.339192,-0.0708128,0
9,2.3,0,0.340701,-0.0715408,0
9,2.4,0,0.342234,-0.0722654,0
9,2.5,0,0.34375,-0.0730215,0
9,2.6,0,0.345309,-0.0738052,0
9,2.7,0,0.346833,-0.0745647,0
9,2.8,0,0.348366,-0.0753714,0
9,2.9,0,0.34985,-0.0761277,0
9,3,0,0.351211,-0.0768849,0
9,3.1,0,0.352597,-0.0776446,0
9,3.2,0,0.353581,-0.0782375,0
9,3.3,0,0.354477,-0.0788443,0
9,3.4,0,0.354809,-0.0791876,0
9,3.5,0,0.354315,-0.0792936,0
9,3.6,0,0.35359,-0.0792646,0
9,3.7,0,0.350632,-0.0784441,0
9,3.8,0,0.346921,-0.0773751,0
9,3.9,0,0.340549,-0.0753925,0
9,4,0,0.330429,-0.0723422,0
9,4.1,0,0.318997,-0.068725,0
9,4.2,0,0.299725,-0.0629296,0
9,4.3,0,0.277118,-0.0560661,0
9,4.4,0,0.248082,-0.0471166,0
9,4.5,0,0.20913,-0.0347973,0
9,4.6,0,0.167722,-0.0218981,0
9,4.7,0,0.12112,-0.0125565,0
9,4.8,0,0.0702126,-0.00421399,0
9,4.9,0,0.0284948,0.000630162,0
9,5,0,0,0,0
9,7,0,0,0,0
9,7.1,0,0.0220203,-0.000140341,0
9,7.2,0,0.046267,-6.92591e-05,0
9,7.3,0,0.0720333,0.000159913,0
9,7.4,0,0.0980963,0.000530397,0
9,7.5,0,0.12595,0.00157595,0
9,7.6,0,0.154425,0.00299292,0
9,7.7,0,0.1825,0.00465256,0
9,7.8,0,0.209585,0.00696437,0
9,7.9,0,0.235643,0.00949408,0
9,8,0,0.25969,0.0120551,0
9,8.1,0,0.279845,0.014624,0
9,8.2,0,0.298204,0.0170874,0
9,8.3,0,0.313628,0.0193207,0
9,8.4,0,0.324859,0.0211753,0
9,8.5,0,0.334915,0.0228608,0
9,8.6,0,0.342302,0.0242372,0
9,8.7,0,0.346821,0.0252491,0
9,8.8,0,0.35098,0.0261661,0
9,8.9,0,0.353298,0.0268251,0
9,9,0,0.354127,0.0272616,0
9,9.1,0,0.354914,0.0276494,0
9,9.2,0,0.354752,0.0278844,0
9,9.3,0,0.354067,0.0280326,0
9,9.4,0,0.353323,0.0281385,0
9,9.5,0,0.352198,0.0281755,0
9,9.6,0,0.350917,0.0281828,0
9,9.7,0,0.3496,0.028158,0
9,9.8,0,0.348147,0.0281079,0
9,9.9,0,0.346667,0.0280476,0
9,10,0,0.34517,0.0279633,0
9,10.1,0,0.343626,0.0278742,0
9,10.2,0,0.342096,0.0277794,0
9,10.3,0,0.340557,0.0276655,0
9,10.4,0,0.339004,0.027557,0
9,10.5,0,0.337477,0.0274428,0
9,10.6,0,0.335944,0.0273123,0
9,10.7,0,0.334408,0.0271935,0
9,10.8,0,0.332903,0.0270683,0
9,10.9,0,0.331393,0.0269294,0
9,11,0,0.329888,0.0268041,0
9,11.1,0,0.328408,0.0266725,0
9,11.2,0,0.326929,0.0265332,0
9,11.3,0,0.325458,0.026404,0
9,11.4,0,0.324007,0.0262701,0
9,11.5,0,0.322562,0.0261331,0
9,11.6,0,0.321128,0.0260037,0
9,11.7,0,0.319713,0.0258708,0
9,11.8,0,0.318313,0.0257388,0
9,11.9,0,0.316928,0.0256127,0
9,12,0,0.315578,0.025481,0
9,12.1,0,0.314276,0.0253472,0
9,12.2,0,0.312999,0.0252163,0
9,12.3,0,0.311841,0.0250631,0
9,12.4,0,0.310854,0.0248855,0
9,12.5,0,0.309906,0.0247063,0
9,12.6,0,0.309381,0.0246054,0
9,12.7,0,0.309354,0.0245994,0
9.1,0,0,0.310249,-0.0600153,0
9.1,0.1,0,0.310354,-0.0600574,0
9.1,0.2,0,0.311198,-0.0603435,0
9.1,0.3,0,0.312468,-0.0607764,0
9.1,0.4,0,0.313778,-0.0611804,0
9.1,0.5,0,0.315172,-0.0615179,0
9.1,0.6,0,0.316582,-0.0618665,0
9.1,0.7,0,0.317992,-0.0622485,0
9.1,0.8,0,0.319417,-0.0626534,0
9.1,0.9,0,0.320837,-0.0630784,0
9.1,1,0,0.322263,-0.0635129,0
9.1,1.1,0,0.323699,-0.0639692,0
9.1,1.2,0,0.325128,-0.0644463,0
9.1,1.3,0,0.326572,-0.0649351,0
9.1,1.4,0,0.328014,-0.0654503,0
9.1,1.5,0,0.329464,-0.0659747,0
9.1,1.6,0,0.330931,-0.0665229,0
9.1,1.7,0,0.332391,-0.0670948,0
9.1,1.8,0,0.333872,-0.0676739,0
9.1,1.9,0,0.335356,-0.0682855,0
9.1,2,0,0.336845,-0.0689008,0
9.1,2.1,0,0.338365,-0.069541,0
9.1,2.2,0,0.339875,-0.0702073,0
9.1,2.3,0,0.341411,-0.0708721,0
9.1,2.4,0,0.342953,-0.0715747,0
9.1,2.5,0,0.344483,-0.0722644,0
9.1,2.6,0,0.346057,-0.0729756,0
9.1,2.7,0,0.347576,-0.0736988,0
9.1,2.8,0,0.349097,-0.074392,0
9.1,2.9,0,0.350576,-0.0751089,0
9.1,3,0,0.35187,-0.0757364,0
9.1,3.1,0,0.353186,-0.0763565,0
9.1,3.2,0,0.354091,-0.076873,0
9.1,3.3,0,0.354749,-0.0772424,0
9.1,3.4,0,0.355001,-0.077504,0
9.1,3.5,0,0.35406,-0.0773283,0
9.1,3.6,0,0.352877,-0.0770006,0
9.1,3.7,0,0.349566,-0.0760176,0
9.1,3.8,0,0.344779,-0.0744481,0
9.1,3.9,0,0.338041,-0.0722942,0
9.1,4,0,0.326425,-0.0687043,0
9.1,4.1,0,0.313424,-0.0645236,0
9.1,4.2,0,0.29339,-0.0585569,0
9.1,4.3,0,0.268428,-0.0511779,0
9.1,4.4,0,0.238583,-0.0420558,0
9.1,4.5,0,0.199146,-0.0303995,0
9.1,4.6,0,0.157205,-0.0182564,0
9.1,4.7,0,0.112151,-0.00954665,0
9.1,4.8,0,0.0659868,-0.00322589,0
9.1,4.9,0,0.0258839,0.000902368,0
9.1,5,0,0,0,0
9.1,7,0,0,0,0
9.1,7.1,0,0.0219974,-0.000141807,0
9.1,7.2,0,0.0458324,-9.70979e-05,0
9.1,7.3,0,0.0715987,0.000132074,0
9.1,7.4,0,0.0974593,0.000466497,0
9.1,7.5,0,0.124554,0.00137683,0
9.1,7.6,0,0.153029,0.00279379,0
9.1,7.7,0,0.180801,0.00433953,0
9.1,7.8,0,0.207367,0.0064561,0
9.1,7.9,0,0.233424,0.0089858,0
9.1,8,0,0.257443,0.0114152,0
9.1,8.1,0,0.277573,0.0138658,0
9.1,8.2,0,0.295932,0.0163291,0
9.1,8.3,0,0.311748,0.0185033,0
9.1,8.4,0,0.32316,0.0203307,0
9.1,8.5,0,0.333216,0.0220161,0
9.1,8.6,0,0.341185,0.0234099,0
9.1,8.7,0,0.345812,0.0244251,0
9.1,8.8,0,0.349971,0.025342,0
9.1,8.9,0,0.352807,0.0260571,0
9.1,9,0,0.353636,0.0264936,0
9.1,9.1,0,0.354456,0.0268872,0
9.1,9.2,0,0.354568,0.0271719,0
9.1,9.3,0,0.353883,0.0273201,0
9.1,9.4,0,0.35318,0.0274382,0
9.1,9.5,0,0.35217,0.0275096,0
9.1,9.6,0,0.35089,0.0275169,0
9.1,9.7,0,0.349605,0.0275088,0
9.1,9.8,0,0.348196,0.0274816,0
9.1,9.9,0,0.346716,0.0274213,0
9.1,10,0,0.345241,0.0273575,0
9.1,10.1,0,0.343713,0.0272834,0
9.1,10.2,0,0.342182,0.0271886,0
9.1,10.3,0,0.340659,0.0270988,0
9.1,10.4,0,0.339112,0.026999,0
9.1,10.5,0,0.337584,0.0268848,0
9.1,10.6,0,0.336062,0.0267814,0
9.1,10.7,0,0.334528,0.0266658,0
9.1,10.8,0,0.333022,0.0265406,0
9.1,10.9,0,0.331519,0.0264292,0
9.1,11,0,0.330013,0.0263039,0
9.1,11.1,0,0.328534,0.0261761,0
9.1,11.2,0,0.327057,0.0260573,0
9.1,11.3,0,0.325586,0.0259282,0
9.1,11.4,0,0.324136,0.0258008,0
9.1,11.5,0,0.322691,0.0256781,0
9.1,11.6,0,0.321257,0.0255487,0
9.1,11.7,0,0.319842,0.0254239,0
9.1,11.8,0,0.318441,0.0253009,0
9.1,11.9,0,0.317056,0.0251748,0
9.1,12,0,0.315707,0.0250513,0
9.1,12.1,0,0.314406,0.0249223,0
9.1,12.2,0,0.313129,0.0247914,0
9.1,12.3,0,0.311979,0.0246457,0
9.1,12.4,0,0.310994,0.0244701,0
9.1,12.5,0,0.310046,0.0242909,0
9.1,12.6,0,0.309528,0.0241938,0
9.1,12.7,0,0.309501,0.0241881,0
9.2,0,0,0.310557,-0.0597015,0
9.2,0.1,0,0.311197,-0.0599178,0
9.2,0.2,0,0.311837,-0.060134,0
9.2,0.3,0,0.312832,-0.0604333,0
9.2,0.4,0,0.314182,-0.0608156,0
9.2,0.5,0,0.315532,-0.0611978,0
9.2,0.6,0,0.316961,-0.0615635,0
9.2,0.7,0,0.31839,-0.0619292,0
9.2,0.8,0,0.319825,-0.0623207,0
9.2,0.9,0,0.321267,-0.0627381,0
9.2,1,0,0.322708,-0.0631555,0
9.2,1.1,0,0.324159,-0.0636119,0
9.2,1.2,0,0.325611,-0.0640684,0
9.2,1.3,0,0.327069,-0.0645457,0
9.2,1.4,0,0.328534,-0.0650439,0
9.2,1.5,0,0.329998,-0.0655421,0
9.2,1.6,0,0.331481,-0.0660815,0
9.2,1.7,0,0.332964,-0.0666209,0
9.2,1.8,0,0.334459,-0.0671803,0
9.2,1.9,0,0.335964,-0.0677598,0
9.2,2,0,0.33747,-0.0683393,0
9.2,2.1,0,0.339001,-0.0689554,0
9.2,2.2,0,0.340532,-0.0695715,0
9.2,2.3,0,0.342073,-0.0702011,0
9.2,2.4,0,0.343623,-0.0708441,0
9.2,2.5,0,0.345172,-0.0714872,0
9.2,2.6,0,0.346702,-0.0721323,0
9.2,2.7,0,0.348231,-0.0727774,0
9.2,2.8,0,0.349685,-0.0733936,0
9.2,2.9,0,0.351064,-0.0739811,0
9.2,3,0,0.352443,-0.0745685,0
9.2,3.1,0,0.353326,-0.0749647,0
9.2,3.2,0,0.35421,-0.0753609,0
9.2,3.3,0,0.354446,-0.0755184,0
9.2,3.4,0,0.354034,-0.0754371,0
9.2,3.5,0,0.353623,-0.0753558,0
9.2,3.6,0,0.350276,-0.0742503,0
9.2,3.7,0,0.34693,-0.0731448,0
9.2,3.8,0,0.340634,-0.071106,0
9.2,3.9,0,0.331388,-0.0681338,0
9.2,4,0,0.322141,-0.0651616,0
9.2,4.1,0,0.302602,-0.0593253,0
9.2,4.2,0,0.283064,-0.053489,0
9.2,4.3,0,0.256551,-0.0457603,0
9.2,4.4,0,0.223065,-0.036139,0
9.2,4.5,0,0.18958,-0.0265177,0
9.2,4.6,0,0.147062,-0.0178859,0
9.2,4.7,0,0.104544,-0.00925405,0
9.2,4.8,0,0.0666283,-0.00395051,0
9.2,4.9,0,0.0333141,-0.00197525,0
9.2,5,0,0,0,0
9.2,7,0,0,0,0
9.2,7.1,0,0.0236186,2.4294e-05,0
9.2,7.2,0,0.0472372,4.85881e-05,0
9.2,7.3,0,0.0713042,0.000180068,0
9.2,7.4,0,0.0979122,0.000918933,0
9.2,7.5,0,0.12452,0.0016578,0
9.2,7.6,0,0.151189,0.00272056,0
9.2,7.7,0,0.178,0.00453909,0
9.2,7.8,0,0.204811,0.00635762,0
9.2,7.9,0,0.229525,0.00842456,0
9.2,8,0,0.251678,0.0107951,0
9.2,8.1,0,0.27383,0.0131657,0
9.2,8.2,0,0.291384,0.0153363,0
9.2,8.3,0,0.305873,0.0173737,0
9.2,8.4,0,0.320361,0.019411,0
9.2,8.5,0,0.329571,0.0209142,0
9.2,8.6,0,0.337021,0.0222394,0
9.2,8.7,0,0.344471,0.0235646,0
9.2,8.8,0,0.347707,0.0243313,0
9.2,8.9,0,0.350473,0.0250359,0
9.2,9,0,0.353114,0.0257207,0
9.2,9.1,0,0.353369,0.0260285,0
9.2,9.2,0,0.353623,0.0263362,0
9.2,9.3,0,0.35365,0.0266015,0
9.2,9.4,0,0.352763,0.0266967,0
9.2,9.5,0,0.351876,0.0267919,0
9.2,9.6,0,0.350833,0.0268509,0
9.2,9.7,0,0.349497,0.0268426,0
9.2,9.8,0,0.348162,0.0268343,0
9.2,9.9,0,0.346751,0.0268008,0
9.2,10,0,0.345263,0.0267422,0
9.2,10.1,0,0.343776,0.0266835,0
9.2,10.2,0,0.342264,0.0266076,0
9.2,10.3,0,0.340738,0.0265223,0
9.2,10.4,0,0.339213,0.0264371,0
9.2,10.5,0,0.33769,0.0263392,0
9.2,10.6,0,0.336168,0.0262382,0
9.2,10.7,0,0.334646,0.0261372,0
9.2,10.8,0,0.333142,0.026027,0
9.2,10.9,0,0.33164,0.0259163,0
9.2,11,0,0.330139,0.0258051,0
9.2,11.1,0,0.328662,0.0256887,0
9.2,11.2,0,0.327186,0.0255723,0
9.2,11.3,0,0.325716,0.0254552,0
9.2,11.4,0,0.324269,0.0253361,0
9.2,11.5,0,0.322823,0.025217,0
9.2,11.6,0,0.321391,0.0250978,0
9.2,11.7,0,0.319984,0.0249786,0
9.2,11.8,0,0.318576,0.0248595,0
9.2,11.9,0,0.317211,0.0247386,0
9.2,12,0,0.31588,0.0246164,0
9.2,12.1,0,0.31455,0.0244942,0
9.2,12.2,0,0.313375,0.0243519,0
9.2,12.3,0,0.312266,0.024201,0
9.2,12.4,0,0.311157,0.0240501,0
9.2,12.5,0,0.31059,0.0239527,0
9.2,12.6,0,0.310119,0.0238647,0
9.2,12.7,0,0.309648,0.0237767,0
9.3,0,0,0.310866,-0.0593651,0
9.3,0.1,0,0.310974,-0.0594064,0
9.3,0.2,0,0.311835,-0.059692,0
9.3,0.3,0,0.313123,-0.0601241,0
9.3,0.4,0,0.314465,-0.0605223,0
9.3,0.5,0,0.315885,-0.0608531,0
9.3,0.6,0,0.317322,-0.061192,0
9.3,0.7,0,0.318772,-0.0615583,0
9.3,0.8,0,0.320221,-0.061952,0
9.3,0.9,0,0.321681,-0.0623544,0
9.3,1,0,0.323136,-0.0627712,0
9.3,1.1,0,0.324601,-0.0632062,0
9.3,1.2,0,0.326072,-0.06365,0
9.3,1.3,0,0.327541,-0.0641161,0
9.3,1.4,0,0.329025,-0.0645886,0
9.3,1.5,0,0.330503,-0.0650806,0
9.3,1.6,0,0.331999,-0.0655914,0
9.3,1.7,0,0.3335,-0.0661058,0
9.3,1.8,0,0.335006,-0.0666465,0
9.3,1.9,0,0.336528,-0.0671865,0
9.3,2,0,0.338044,-0.0677479,0
9.3,2.1,0,0.339589,-0.0683265,0
9.3,2.2,0,0.34113,-0.0688979,0
9.3,2.3,0,0.342683,-0.0694993,0
9.3,2.4,0,0.344242,-0.0700826,0
9.3,2.5,0,0.345776,-0.0706815,0
9.3,2.6,0,0.347344,-0.0712883,0
9.3,2.7,0,0.34883,-0.0718458,0
9.3,2.8,0,0.350315,-0.0724268,0
9.3,2.9,0,0.351681,-0.0729253,0
9.3,3,0,0.35285,-0.0733801,0
9.3,3.1,0,0.353997,-0.0737997,0
9.3,3.2,0,0.354532,-0.0739839,0
9.3,3.3,0,0.354897,-0.0741237,0
9.3,3.4,0,0.354446,-0.0739352,0
9.3,3.5,0,0.352847,-0.0733984,0
9.3,3.6,0,0.35085,-0.0726608,0
9.3,3.7,0,0.346,-0.0710136,0
9.3,3.8,0,0.34007,-0.0689957,0
9.3,3.9,0,0.331001,-0.066035,0
9.3,4,0,0.317437,-0.0618438,0
9.3,4.1,0,0.302285,-0.0570769,0
9.3,4.2,0,0.279124,-0.0504602,0
9.3,4.3,0,0.2522,-0.0427954,0
9.3,4.4,0,0.220472,-0.0341089,0
9.3,4.5,0,0.180902,-0.0234791,0
9.3,4.6,0,0.139863,-0.0127683,0
9.3,4.7,0,0.0991734,-0.00631732,0
9.3,4.8,0,0.0573236,-0.00155198,0
9.3,4.9,0,0.0230297,0.00102994,0
9.3,5,0,0,0,0
9.3,7,0,0,0,0
9.3,7.1,0,0.0219451,-0.000140168,0
9.3,7.2,0,0.0457044,-0.000102154,0
9.3,7.3,0,0.0707155,6.05966e-05,0
9.3,7.4,0,0.0959799,0.000344246,0
9.3,7.5,0,0.12279,0.00118645,0
9.3,7.6,0,0.150138,0.00233561,0
9.3,7.7,0,0.177198,0.00371441,0
9.3,7.8,0,0.203528,0.00569109,0
9.3,7.9,0,0.229016,0.00788282,0
9.3,8,0,0.252764,0.0101504,0
9.3,8.1,0,0.273071,0.012498,0
9.3,8.2,0,0.291769,0.0147861,0
9.3,8.3,0,0.307707,0.0169018,0
9.3,8.4,0,0.319623,0.0187098,0
9.3,8.5,0,0.330407,0.0203743,0
9.3,8.6,0,0.338522,0.0217643,0
9.3,8.7,0,0.343699,0.0228181,0
9.3,8.8,0,0.348505,0.0237812,0
9.3,8.9,0,0.351374,0.0244985,0
9.3,9,0,0.352624,0.0249951,0
9.3,9.1,0,0.353821,0.0254402,0
9.3,9.2,0,0.353967,0.0257328,0
9.3,9.3,0,0.353509,0.0259335,0
9.3,9.4,0,0.352975,0.0260886,0
9.3,9.5,0,0.352,0.0261733,0
9.3,9.6,0,0.350831,0.0262238,0
9.3,9.7,0,0.349613,0.0262399,0
9.3,9.8,0,0.348228,0.0262302,0
9.3,9.9,0,0.346803,0.026207,0
9.3,10,0,0.345351,0.026159,0
9.3,10.1,0,0.343842,0.0261062,0
9.3,10.2,0,0.34234,0.0260446,0
9.3,10.3,0,0.340825,0.0259643,0
9.3,10.4,0,0.339291,0.0258895,0
9.3,10.5,0,0.33778,0.0258054,0
9.3,10.6,0,0.33626,0.0257065,0
9.3,10.7,0,0.334737,0.0256187,0
9.3,10.8,0,0.33324,0.0255204,0
9.3,10.9,0,0.331737,0.0254104,0
9.3,11,0,0.330239,0.0253129,0
9.3,11.1,0,0.328764,0.0252051,0
9.3,11.2,0,0.327288,0.0250913,0
9.3,11.3,0,0.325822,0.0249861,0
9.3,11.4,0,0.324373,0.0248728,0
9.3,11.5,0,0.322928,0.0247577,0
9.3,11.6,0,0.321496,0.024648,0
9.3,11.7,0,0.320081,0.0245321,0
9.3,11.8,0,0.318682,0.0244182,0
9.3,11.9,0,0.317299,0.0243071,0
9.3,12,0,0.31595,0.0241886,0
9.3,12.1,0,0.314654,0.0240686,0
9.3,12.2,0,0.313384,0.0239476,0
9.3,12.3,0,0.312235,0.0238039,0
9.3,12.4,0,0.311264,0.0236377,0
9.3,12.5,0,0.310333,0.0234649,0
9.3,12.6,0,0.309816,0.0233684,0
9.3,12.7,0,0.30979,0.0233655,0
9.4,0,0,0.311174,-0.0590186,0
9.4,0.1,0,0.311282,-0.0590593,0
9.4,0.2,0,0.312148,-0.0593446,0
9.4,0.3,0,0.313451,-0.059775,0
9.4,0.4,0,0.314798,-0.0601723,0
9.4,0.5,0,0.316235,-0.0604975,0
9.4,0.6,0,0.317689,-0.0608293,0
9.4,0.7,0,0.319145,-0.0611919,0
9.4,0.8,0,0.320616,-0.0615737,0
9.4,0.9,0,0.322083,-0.0619718,0
9.4,1,0,0.323556,-0.0623752,0
9.4,1.1,0,0.325039,-0.062795,0
9.4,1.2,0,0.326517,-0.0632315,0
9.4,1.3,0,0.328007,-0.0636745,0
9.4,1.4,0,0.329498,-0.0641389,0
9.4,1.5,0,0.330993,-0.064607,0
9.4,1.6,0,0.332505,-0.0650916,0
9.4,1.7,0,0.334012,-0.0655937,0
9.4,1.8,0,0.335536,-0.0660959,0
9.4,1.9,0,0.337065,-0.0666226,0
9.4,2,0,0.338593,-0.0671449,0
9.4,2.1,0,0.34015,-0.0676812,0
9.4,2.2,0,0.341694,-0.0682325,0
9.4,2.3,0,0.343252,-0.0687714,0
9.4,2.4,0,0.344813,-0.0693331,0
9.4,2.5,0,0.346337,-0.0698667,0
9.4,2.6,0,0.347894,-0.0704033,0
9.4,2.7,0,0.34936,-0.0709256,0
9.4,2.8,0,0.350788,-0.0713973,0
9.4,2.9,0,0.352133,-0.0718582,0
9.4,3,0,0.353178,-0.0721889,0
9.4,3.1,0,0.354195,-0.0724777,0
9.4,3.2,0,0.354617,-0.0725903,0
9.4,3.3,0,0.354639,-0.0725107,0
9.4,3.4,0,0.354072,-0.0722476,0
9.4,3.5,0,0.351916,-0.0714592,0
9.4,3.6,0,0.349347,-0.0704613,0
9.4,3.7,0,0.34411,-0.0686839,0
9.4,3.8,0,0.337002,-0.0662709,0
9.4,3.9,0,0.327534,-0.0631769,0
9.4,4,0,0.312583,-0.0586445,0
9.4,4.1,0,0.295988,-0.0535347,0
9.4,4.2,0,0.272325,-0.0468827,0
9.4,4.3,0,0.243852,-0.0391228,0
9.4,4.4,0,0.211595,-0.0304082,0
9.4,4.5,0,0.172663,-0.0207716,0
9.4,4.6,0,0.132281,-0.0111393,0
9.4,4.7,0,0.0928318,-0.00504522,0
9.4,4.8,0,0.0547643,-0.00141085,0
9.4,4.9,0,0.0217514,0.000773978,0
9.4,5,0,0,0,0
9.4,7,0,0,0,0
9.4,7.1,0,0.0219273,-0.000141964,0
9.4,7.2,0,0.0453676,-0.000136272,0
9.4,7.3,0,0.0703788,2.64782e-05,0
9.4,7.4,0,0.0954687,0.000278994,0
9.4,7.5,0,0.121624,0.00100444,0
9.4,7.6,0,0.148973,0.0021536,0
9.4,7.7,0,0.175745,0.00343402,0
9.4,7.8,0,0.201582,0.00524203,0
9.4,7.9,0,0.22707,0.00743375,0
9.4,8,0,0.250737,0.00957749,0
9.4,8.1,0,0.270971,0.0118136,0
9.4,8.2,0,0.289668,0.0141018,0
9.4,8.3,0,0.30591,0.0161499,0
9.4,8.4,0,0.317967,0.0179267,0
9.4,8.5,0,0.32875,0.0195912,0
9.4,8.6,0,0.337385,0.0209851,0
9.4,8.7,0,0.342659,0.0220396,0
9.4,8.8,0,0.347465,0.0230027,0
9.4,8.9,0,0.350831,0.0237652,0
9.4,9,0,0.35208,0.0242618,0
9.4,9.1,0,0.35331,0.024712,0
9.4,9.2,0,0.353732,0.0250489,0
9.4,9.3,0,0.353275,0.0252496,0
9.4,9.4,0,0.352784,0.0254158,0
9.4,9.5,0,0.35193,0.0255318,0
9.4,9.6,0,0.350761,0.0255823,0
9.4,9.7,0,0.349577,0.0256135,0
9.4,9.8,0,0.34824,0.0256246,0
9.4,9.9,0,0.346815,0.0256014,0
9.4,10,0,0.345387,0.0255718,0
9.4,10.1,0,0.343895,0.0255324,0
9.4,10.2,0,0.342393,0.0254707,0
9.4,10.3,0,0.340895,0.0254119,0
9.4,10.4,0,0.339368,0.0253448,0
9.4,10.5,0,0.337856,0.0252607,0
9.4,10.6,0,0.336349,0.0251859,0
9.4,10.7,0,0.334828,0.0251009,0
9.4,10.8,0,0.333331,0.0250026,0
9.4,10.9,0,0.331837,0.0249172,0
9.4,11,0,0.330339,0.0248197,0
9.4,11.1,0,0.328865,0.0247154,0
9.4,11.2,0,0.327394,0.0246201,0
9.4,11.3,0,0.325928,0.0245149,0
9.4,11.4,0,0.32448,0.0244076,0
9.4,11.5,0,0.323038,0.0243055,0
9.4,11.6,0,0.321606,0.0241957,0
9.4,11.7,0,0.320193,0.0240873,0
9.4,11.8,0,0.318795,0.0239815,0
9.4,11.9,0,0.317412,0.0238705,0
9.4,12,0,0.316067,0.0237596,0
9.4,12.1,0,0.314773,0.0236441,0
9.4,12.2,0,0.313503,0.0235231,0
9.4,12.3,0,0.312365,0.0233867,0
9.4,12.4,0,0.311396,0.0232223,0
9.4,12.5,0,0.310466,0.0230496,0
9.4,12.6,0,0.309957,0.022957,0
9.4,12.7,0,0.309931,0.0229542,0
9.5,0,0,0.311482,-0.0586621,0
9.5,0.1,0,0.312136,-0.0588767,0
9.5,0.2,0,0.312791,-0.0590912,0
9.5,0.3,0,0.313811,-0.059385,0
9.5,0.4,0,0.315196,-0.0597579,0
9.5,0.5,0,0.316581,-0.0601308,0
9.5,0.6,0,0.318051,-0.060477,0
9.5,0.7,0,0.319522,-0.0608232,0
9.5,0.8,0,0.320999,-0.0611905,0
9.5,0.9,0,0.322483,-0.061579,0
9.5,1,0,0.323967,-0.0619674,0
9.5,1.1,0,0.325461,-0.0623838,0
9.5,1.2,0,0.326954,-0.0628001,0
9.5,1.3,0,0.328454,-0.0632309,0
9.5,1.4,0,0.32996,-0.0636761,0
9.5,1.5,0,0.331466,-0.0641213,0
9.5,1.6,0,0.332988,-0.0645924,0
9.5,1.7,0,0.33451,-0.0650636,0
9.5,1.8,0,0.33604,-0.0655454,0
9.5,1.9,0,0.337579,-0.0660379,0
9.5,2,0,0.339118,-0.0665304,0
9.5,2.1,0,0.34067,-0.0670355,0
9.5,2.2,0,0.342222,-0.0675407,0
9.5,2.3,0,0.34377,-0.0680431,0
9.5,2.4,0,0.345313,-0.0685429,0
9.5,2.5,0,0.346855,-0.0690427,0
9.5,2.6,0,0.348314,-0.0694977,0
9.5,2.7,0,0.349773,-0.0699528,0
9.5,2.8,0,0.351087,-0.0703433,0
9.5,2.9,0,0.352256,-0.0706691,0
9.5,3,0,0.353425,-0.0709949,0
9.5,3.1,0,0.353814,-0.0710194,0
9.5,3.2,0,0.354203,-0.0710439,0
9.5,3.3,0,0.353684,-0.0707525,0
9.5,3.4,0,0.352257,-0.0701453,0
9.5,3.5,0,0.35083,-0.0695381,0
9.5,3.6,0,0.345637,-0.0677299,0
9.5,3.7,0,0.340445,-0.0659218,0
9.5,3.8,0,0.331794,-0.0631269,0
9.5,3.9,0,0.319687,-0.0593453,0
9.5,4,0,0.307579,-0.0555637,0
9.5,4.1,0,0.284801,-0.04921,0
9.5,4.2,0,0.262022,-0.0428563,0
9.5,4.3,0,0.233479,-0.0354226,0
9.5,4.4,0,0.199171,-0.0269089,0
9.5,4.5,0,0.164863,-0.0183953,0
9.5,4.6,0,0.126855,-0.0121283,0
9.5,4.7,0,0.0888464,-0.00586133,0
9.5,4.8,0,0.0558738,-0.00218227,0
9.5,4.9,0,0.0279369,-0.00109114,0
9.5,5,0,0,0,0
9.5,7,0,0,0,0
9.5,7.1,0,0.0232641,-1.162e-05,0
9.5,7.2,0,0.0465283,-2.324e-05,0
9.5,7.3,0,0.0701631,5.43621e-05,0
9.5,7.4,0,0.0958987,0.000637556,0
9.5,7.5,0,0.121634,0.00122075,0
9.5,7.6,0,0.147446,0.00209021,0
9.5,7.7,0,0.173436,0.00362762,0
9.5,7.8,0,0.199425,0.00516504,0
9.5,7.9,0,0.223615,0.0069659,0
9.5,8,0,0.245605,0.00908876,0
9.5,8.1,0,0.267595,0.0112116,0
9.5,8.2,0,0.285364,0.0132208,0
9.5,8.3,0,0.300319,0.0151543,0
9.5,8.4,0,0.315275,0.0170877,0
9.5,8.5,0,0.325088,0.0185686,0
9.5,8.6,0,0.333187,0.0198987,0
9.5,8.7,0,0.341286,0.0212288,0
9.5,8.8,0,0.345057,0.0220387,0
9.5,8.9,0,0.348347,0.0227909,0
9.5,9,0,0.351501,0.0235234,0
9.5,9.1,0,0.35208,0.0238832,0
9.5,9.2,0,0.35266,0.0242429,0
9.5,9.3,0,0.352981,0.0245587,0
9.5,9.4,0,0.352268,0.0246986,0
9.5,9.5,0,0.351554,0.0248386,0
9.5,9.6,0,0.350653,0.0249398,0
9.5,9.7,0,0.349404,0.0249692,0
9.5,9.8,0,0.348155,0.0249986,0
9.5,9.9,0,0.346808,0.0250007,0
9.5,10,0,0.345364,0.0249755,0
9.5,10.1,0,0.343921,0.0249502,0
9.5,10.2,0,0.342439,0.0249059,0
9.5,10.3,0,0.340938,0.0248513,0
9.5,10.4,0,0.339437,0.0247967,0
9.5,10.5,0,0.337931,0.0247277,0
9.5,10.6,0,0.336424,0.024655,0
9.5,10.7,0,0.334917,0.0245824,0
9.5,10.8,0,0.333424,0.0244983,0
9.5,10.9,0,0.331931,0.0244135,0
9.5,11,0,0.33044,0.0243279,0
9.5,11.1,0,0.328969,0.0242346,0
9.5,11.2,0,0.327499,0.0241413,0
9.5,11.3,0,0.326035,0.0240466,0
9.5,11.4,0,0.324592,0.0239474,0
9.5,11.5,0,0.32315,0.0238482,0
9.5,11.6,0,0.321722,0.0237476,0
9.5,11.7,0,0.320318,0.0236449,0
9.5,11.8,0,0.318914,0.0235422,0
9.5,11.9,0,0.317554,0.0234358,0
9.5,12,0,0.31623,0.0233263,0
9.5,12.1,0,0.314906,0.0232168,0
9.5,12.2,0,0.313743,0.0230851,0
9.5,12.3,0,0.312648,0.0229439,0
9.5,12.4,0,0.311553,0.0228027,0
9.5,12.5,0,0.310996,0.0227104,0
9.5,12.6,0,0.310534,0.0226267,0
9.5,12.7,0,0.310072,0.022543,0
9.6,0,0,0.311789,-0.0582878,0
9.6,0.1,0,0.311899,-0.0583275,0
9.6,0.2,0,0.312777,-0.0586104,0
9.6,0.3,0,0.314092,-0.0590383,0
9.6,0.4,0,0.315463,-0.0594275,0
9.6,0.5,0,0.316919,-0.0597448,0
9.6,0.6,0,0.318394,-0.0600658,0
9.6,0.7,0,0.31988,-0.0604112,0
9.6,0.8,0,0.321369,-0.0607807,0
9.6,0.9,0,0.322867,-0.0611548,0
9.6,1,0,0.32436,-0.0615395,0
9.6,1.1,0,0.325864,-0.0619373,0
9.6,1.2,0,0.32737,-0.0623394,0
9.6,1.3,0,0.328878,-0.0627593,0
9.6,1.4,0,0.330397,-0.0631803,0
9.6,1.5,0,0.33191,-0.0636158,0
9.6,1.6,0,0.333441,-0.0640632,0
9.6,1.7,0,0.334972,-0.0645081,0
9.6,1.8,0,0.336508,-0.0649725,0
9.6,1.9,0,0.338055,-0.0654292,0
9.6,2,0,0.339593,-0.065899,0
9.6,2.1,0,0.341156,-0.066376,0
9.6,2.2,0,0.342702,-0.0668357,0
9.6,2.3,0,0.344257,-0.067314,0
9.6,2.4,0,0.345796,-0.0677623,0
9.6,2.5,0,0.347293,-0.0682093,0
9.6,2.6,0,0.348809,-0.068648,0
9.6,2.7,0,0.350179,-0.0690138,0
9.6,2.8,0,0.351528,-0.0693804,0
9.6,2.9,0,0.352672,-0.0696377,0
9.6,3,0,0.35352,-0.0698071,0
9.6,3.1,0,0.354285,-0.0699123,0
9.6,3.2,0,0.354201,-0.0697207,0
9.6,3.3,0,0.353836,-0.0694333,0
9.6,3.4,0,0.352401,-0.0687718,0
9.6,3.5,0,0.349463,-0.0676674,0
9.6,3.6,0,0.345967,-0.0663249,0
9.6,3.7,0,0.339069,-0.0640142,0
9.6,3.8,0,0.330772,-0.061257,0
9.6,3.9,0,0.319071,-0.0576132,0
9.6,4,0,0.302378,-0.0527185,0
9.6,4.1,0,0.284002,-0.0473158,0
9.6,4.2,0,0.258156,-0.0405106,0
9.6,4.3,0,0.22854,-0.0328117,0
9.6,4.4,0,0.195873,-0.0249632,0
9.6,4.5,0,0.157886,-0.0165262,0
9.6,4.6,0,0.119218,-0.00829099,0
9.6,4.7,0,0.0837535,-0.00380191,0
9.6,4.8,0,0.0489311,-0.000964074,0
9.6,4.9,0,0.0200075,0.000596504,0
9.6,5,0,0,0,0
9.6,7,0,0,0,0
9.6,7.1,0,0.0219431,-0.000152952,0
9.6,7.2,0,0.0453208,-0.000154642,0
9.6,7.3,0,0.0697054,-6.41433e-05,0
9.6,7.4,0,0.0942907,0.000137648,0
9.6,7.5,0,0.120197,0.000804478,0
9.6,7.6,0,0.146552,0.00172532,0
9.6,7.7,0,0.172681,0.00286668,0
9.6,7.8,0,0.198275,0.00454931,0
9.6,7.9,0,0.223156,0.00644067,0
9.6,8,0,0.246517,0.00844224,0
9.6,8.1,0,0.266865,0.0105719,0
9.6,8.2,0,0.285747,0.0126852,0
9.6,8.3,0,0.302049,0.0146764,0
9.6,8.4,0,0.314552,0.0164167,0
9.6,8.5,0,0.325943,0.0180515,0
9.6,8.6,0,0.334696,0.019441,0
9.6,8.7,0,0.340499,0.0205127,0
9.6,8.8,0,0.345899,0.021521,0
9.6,8.9,0,0.349295,0.0222859,0
9.6,9,0,0.350969,0.0228231,0
9.6,9.1,0,0.352568,0.0233305,0
9.6,9.2,0,0.353026,0.0236729,0
9.6,9.3,0,0.352807,0.0239145,0
9.6,9.4,0,0.352491,0.0241228,0
9.6,9.5,0,0.351673,0.0242483,0
9.6,9.6,0,0.350623,0.0243352,0
9.6,9.7,0,0.34951,0.0243936,0
9.6,9.8,0,0.3482,0.0244175,0
9.6,9.9,0,0.346833,0.0244272,0
9.6,10,0,0.345432,0.0244144,0
9.6,10.1,0,0.34396,0.0243913,0
9.6,10.2,0,0.342489,0.0243603,0
9.6,10.3,0,0.341,0.0243112,0
9.6,10.4,0,0.339488,0.0242638,0
9.6,10.5,0,0.337995,0.0242083,0
9.6,10.6,0,0.336491,0.0241379,0
9.6,10.7,0,0.334982,0.0240755,0
9.6,10.8,0,0.333498,0.0240034,0
9.6,10.9,0,0.332005,0.0239192,0
9.6,11,0,0.330517,0.0238448,0
9.6,11.1,0,0.32905,0.0237605,0
9.6,11.2,0,0.32758,0.0236693,0
9.6,11.3,0,0.32612,0.0235846,0
9.6,11.4,0,0.324676,0.0234917,0
9.6,11.5,0,0.323237,0.0233958,0
9.6,11.6,0,0.32181,0.0233036,0
9.6,11.7,0,0.320399,0.0232047,0
9.6,11.8,0,0.319004,0.0231061,0
9.6,11.9,0,0.317627,0.023009,0
9.6,12,0,0.316284,0.0229037,0
9.6,12.1,0,0.314998,0.0227952,0
9.6,12.2,0,0.31374,0.0226846,0
9.6,12.3,0,0.312604,0.0225507,0
9.6,12.4,0,0.311651,0.0223933,0
9.6,12.5,0,0.31074,0.0222292,0
9.6,12.6,0,0.310233,0.0221374,0
9.6,12.7,0,0.310207,0.0221347,0
9.7,0,0,0.312095,-0.0579058,0
9.7,0.1,0,0.312205,-0.0579449,0
9.7,0.2,0,0.313086,-0.058227,0
9.7,0.3,0,0.31441,-0.0586515,0
9.7,0.4,0,0.315784,-0.0590394,0
9.7,0.5,0,0.317253,-0.0593504,0
9.7,0.6,0,0.31874,-0.0596639,0
9.7,0.7,0,0.320232,-0.0600053,0
9.7,0.8,0,0.321736,-0.0603625,0
9.7,0.9,0,0.323239,-0.0607321,0
9.7,1,0,0.324745,-0.0611031,0
9.7,1.1,0,0.326261,-0.0614855,0
9.7,1.2,0,0.327772,-0.0618804,0
9.7,1.3,0,0.329293,-0.0622774,0
9.7,1.4,0,0.330816,-0.0626905,0
9.7,1.5,0,0.332339,-0.0631026,0
9.7,1.6,0,0.333879,-0.0635246,0
9.7,1.7,0,0.335412,-0.0639577,0
9.7,1.8,0,0.336956,-0.0643853,0
9.7,1.9,0,0.338505,-0.0648292,0
9.7,2,0,0.340045,-0.065262,0
9.7,2.1,0,0.341608,-0.0656993,0
9.7,2.2,0,0.34315,-0.0661403,0
9.7,2.3,0,0.344692,-0.0665605,0
9.7,2.4,0,0.346227,-0.0669888,0
9.7,2.5,0,0.347691,-0.067375,0
9.7,2.6,0,0.349173,-0.0677494,0
9.7,2.7,0,0.350511,-0.0680825,0
9.7,2.8,0,0.351761,-0.0683487,0
9.7,2.9,0,0.352871,-0.0685718,0
9.7,3,0,0.353542,-0.068627,0
9.7,3.1,0,0.354127,-0.0686141,0
9.7,3.2,0,0.353903,-0.0683579,0
9.7,3.3,0,0.353113,-0.0678747,0
9.7,3.4,0,0.351534,-0.0671471,0
9.7,3.5,0,0.347971,-0.0658267,0
9.7,3.6,0,0.343834,-0.0642646,0
9.7,3.7,0,0.336548,-0.0618555,0
9.7,3.8,0,0.327073,-0.0588018,0
9.7,3.9,0,0.314975,-0.0550588,0
9.7,4,0,0.297119,-0.0499867,0
9.7,4.1,0,0.277543,-0.0444122,0
9.7,4.2,0,0.251446,-0.0376636,0
9.7,4.3,0,0.221061,-0.0301495,0
9.7,4.4,0,0.188133,-0.0223674,0
9.7,4.5,0,0.151283,-0.0148485,0
9.7,4.6,0,0.113794,-0.00758593,0
9.7,4.7,0,0.079236,-0.00327395,0
9.7,4.8,0,0.047169,-0.000990969,0
9.7,4.9,0,0.0191757,0.000376801,0
9.7,5,0,0,0,0
9.7,7,0,0,0,0
9.7,7.1,0,0.0219304,-0.000155426,0
9.7,7.2,0,0.0450788,-0.000201634,0
9.7,7.3,0,0.0694633,-0.000111136,0
9.7,7.4,0,0.0938977,6.22136e-05,0
9.7,7.5,0,0.119238,0.000622387,0
9.7,7.6,0,0.145593,0.00154323,0
9.7,7.7,0,0.171452,0.00259839,0
9.7,7.8,0,0.196581,0.00413325,0
9.7,7.9,0,0.221462,0.00602461,0
9.7,8,0,0.244702,0.00791108,0
9.7,8.1,0,0.26494,0.0099372,0
9.7,8.2,0,0.283823,0.0120504,0
9.7,8.3,0,0.300348,0.0139696,0
9.7,8.4,0,0.312954,0.0156767,0
9.7,8.5,0,0.324345,0.0173115,0
9.7,8.6,0,0.333553,0.0186955,0
9.7,8.7,0,0.339441,0.0197662,0
9.7,8.8,0,0.344842,0.0207745,0
9.7,8.9,0,0.348706,0.0215773,0
9.7,9,0,0.350381,0.0221145,0
9.7,9.1,0,0.352012,0.0226268,0
9.7,9.2,0,0.352746,0.0230105,0
9.7,9.3,0,0.352526,0.0232521,0
9.7,9.4,0,0.352255,0.0234712,0
9.7,9.5,0,0.351563,0.0236268,0
9.7,9.6,0,0.350514,0.0237137,0
9.7,9.7,0,0.349437,0.0237865,0
9.7,9.8,0,0.348178,0.0238302,0
9.7,9.9,0,0.346811,0.0238399,0
9.7,10,0,0.345436,0.0238442,0
9.7,10.1,0,0.343983,0.0238336,0
9.7,10.2,0,0.342512,0.0238026,0
9.7,10.3,0,0.341042,0.0237733,0
9.7,10.4,0,0.339537,0.0237329,0
9.7,10.5,0,0.338044,0.0236774,0
9.7,10.6,0,0.336555,0.0236289,0
9.7,10.7,0,0.335047,0.0235691,0
9.7,10.8,0,0.333563,0.023497,0
9.7,10.9,0,0.332082,0.0234351,0
9.7,11,0,0.330594,0.0233608,0
9.7,11.1,0,0.329128,0.0232795,0
9.7,11.2,0,0.327666,0.0232052,0
9.7,11.3,0,0.326206,0.0231205,0
9.7,11.4,0,0.324764,0.023033,0
9.7,11.5,0,0.323329,0.022949,0
9.7,11.6,0,0.321902,0.0228567,0
9.7,11.7,0,0.320494,0.0227647,0
9.7,11.8,0,0.319103,0.0226737,0
9.7,11.9,0,0.317726,0.0225766,0
9.7,12,0,0.31639,0.0224784,0
9.7,12.1,0,0.315107,0.022374,0
9.7,12.2,0,0.313848,0.0222634,0
9.7,12.3,0,0.312726,0.0221365,0
9.7,12.4,0,0.311776,0.021981,0
9.7,12.5,0,0.310865,0.0218168,0
9.7,12.6,0,0.310368,0.0217289,0
9.7,12.7,0,0.310342,0.0217264,0
9.8,0,0,0.3124,-0.0575161,0
9.8,0.1,0,0.313064,-0.0577273,0
9.8,0.2,0,0.313728,-0.0579386,0
9.8,0.3,0,0.314764,-0.0582249,0
9.8,0.4,0,0.316173,-0.0585862,0
9.8,0.5,0,0.317583,-0.0589476,0
9.8,0.6,0,0.319084,-0.0592731,0
9.8,0.7,0,0.320584,-0.0595986,0
9.8,0.8,0,0.322092,-0.0599407,0
9.8,0.9,0,0.323606,-0.0602994,0
9.8,1,0,0.32512,-0.0606581,0
9.8,1.1,0,0.326642,-0.0610343,0
9.8,1.2,0,0.328164,-0.0614104,0
9.8,1.3,0,0.329691,-0.0617951,0
9.8,1.4,0,0.331222,-0.0621883,0
9.8,1.5,0,0.332753,-0.0625815,0
9.8,1.6,0,0.334294,-0.0629868,0
9.8,1.7,0,0.335834,-0.0633921,0
9.8,1.8,0,0.337378,-0.0637997,0
9.8,1.9,0,0.338926,-0.0642096,0
9.8,2,0,0.340473,-0.0646195,0
9.8,2.1,0,0.342014,-0.0650208,0
9.8,2.2,0,0.343554,-0.0654221,0
9.8,2.3,0,0.34507,-0.0658061,0
9.8,2.4,0,0.34656,-0.066173,0
9.8,2.5,0,0.348051,-0.0665398,0
9.8,2.6,0,0.349371,-0.0668196,0
9.8,2.7,0,0.350691,-0.0670994,0
9.8,2.8,0,0.35178,-0.0672823,0
9.8,2.9,0,0.352636,-0.0673684,0
9.8,3,0,0.353493,-0.0674546,0
9.8,3.1,0,0.353244,-0.0671438,0
9.8,3.2,0,0.352996,-0.066833,0
9.8,3.3,0,0.351567,-0.0661453,0
9.8,3.4,0,0.348959,-0.0650806,0
9.8,3.5,0,0.346351,-0.064016,0
9.8,3.6,0,0.339228,-0.061649,0
9.8,3.7,0,0.332104,-0.059282,0
9.8,3.8,0,0.321195,-0.0559525,0
9.8,3.9,0,0.306499,-0.0516604,0
9.8,4,0,0.291803,-0.0473684,0
9.8,4.1,0,0.26683,-0.0409784,0
9.8,4.2,0,0.241857,-0.0345885,0
9.8,4.3,0,0.212507,-0.0277872,0
9.8,4.4,0,0.178781,-0.0205748,0
9.8,4.5,0,0.145054,-0.0133623,0
9.8,4.6,0,0.11118,-0.00879374,0
9.8,4.7,0,0.077306,-0.00422517,0
9.8,4.8,0,0.0482952,-0.00155271,0
9.8,4.9,0,0.0241476,-0.000776354,0
9.8,5,0,0,0,0
9.8,7,0,0,0,0
9.8,7.1,0,0.0230093,-6.10856e-05,0
9.8,7.2,0,0.0460186,-0.000122171,0
9.8,7.3,0,0.0693237,-0.000107946,0
9.8,7.4,0,0.0943046,0.000333038,0
9.8,7.5,0,0.119286,0.000774023,0
9.8,7.6,0,0.144337,0.00147005,0
9.8,7.7,0,0.169553,0.00276118,0
9.8,7.8,0,0.194769,0.00405231,0
9.8,7.9,0,0.218424,0.00561413,0
9.8,8,0,0.240171,0.00750682,0
9.8,8.1,0,0.261918,0.0093995,0
9.8,8.2,0,0.279796,0.0112502,0
9.8,8.3,0,0.295096,0.0130728,0
9.8,8.4,0,0.310395,0.0148955,0
9.8,8.5,0,0.320721,0.0163435,0
9.8,8.6,0,0.329389,0.0176667,0
9.8,8.7,0,0.338057,0.01899,0
9.8,8.8,0,0.342329,0.0198352,0
9.8,8.9,0,0.346112,0.0206273,0
9.8,9,0,0.349752,0.0214002,0
9.8,9.1,0,0.350656,0.0218085,0
9.8,9.2,0,0.351559,0.0222168,0
9.8,9.3,0,0.352176,0.0225801,0
9.8,9.4,0,0.351642,0.0227631,0
9.8,9.5,0,0.351109,0.022946,0
9.8,9.6,0,0.350358,0.0230879,0
9.8,9.7,0,0.3492,0.0231533,0
9.8,9.8,0,0.348043,0.0232187,0
9.8,9.9,0,0.346766,0.0232544,0
9.8,10,0,0.345369,0.0232604,0
9.8,10.1,0,0.343973,0.0232663,0
9.8,10.2,0,0.342526,0.0232512,0
9.8,10.3,0,0.341052,0.0232247,0
9.8,10.4,0,0.339577,0.0231983,0
9.8,10.5,0,0.338091,0.0231556,0
9.8,10.6,0,0.336601,0.0231087,0
9.8,10.7,0,0.335111,0.0230619,0
9.8,10.8,0,0.33363,0.0230014,0
9.8,10.9,0,0.33215,0.0229401,0
9.8,11,0,0.330671,0.0228777,0
9.8,11.1,0,0.32921,0.0228055,0
9.8,11.2,0,0.327749,0.0227332,0
9.8,11.3,0,0.326294,0.0226587,0
9.8,11.4,0,0.324858,0.0225778,0
9.8,11.5,0,0.323422,0.0224968,0
9.8,11.6,0,0.322002,0.0224132,0
9.8,11.7,0,0.320605,0.0223257,0
9.8,11.8,0,0.319207,0.0222381,0
9.8,11.9,0,0.317856,0.022145,0
9.8,12,0,0.316543,0.0220473,0
9.8,12.1,0,0.31523,0.0219496,0
9.8,12.2,0,0.314081,0.021828,0
9.8,12.3,0,0.313003,0.0216961,0
9.8,12.4,0,0.311925,0.0215642,0
9.8,12.5,0,0.31138,0.0214769,0
9.8,12.6,0,0.310928,0.0213975,0
9.8,12.7,0,0.310477,0.0213182,0
9.9,0,0,0.312703,-0.0571131,0
9.9,0.1,0,0.312815,-0.057151,0
9.9,0.2,0,0.313702,-0.0574293,0
9.9,0.3,0,0.315033,-0.0578498,0
9.9,0.4,0,0.316423,-0.0582279,0
9.9,0.5,0,0.317904,-0.0585305,0
9.9,0.6,0,0.319406,-0.0588329,0
9.9,0.7,0,0.320918,-0.0591565,0
9.9,0.8,0,0.322435,-0.0595012,0
9.9,0.9,0,0.323959,-0.0598467,0
9.9,1,0,0.325479,-0.0601991,0
9.9,1.1,0,0.327008,-0.06056,0
9.9,1.2,0,0.328537,-0.0609215,0
9.9,1.3,0,0.330068,-0.0612961,0
9.9,1.4,0,0.331606,-0.0616677,0
9.9,1.5,0,0.333138,-0.0620487,0
9.9,1.6,0,0.334686,-0.0624356,0
9.9,1.7,0,0.336227,-0.0628152,0
9.9,1.8,0,0.337774,-0.0632076,0
9.9,1.9,0,0.339322,-0.0635867,0
9.9,2,0,0.340857,-0.063971,0
9.9,2.1,0,0.342411,-0.0643541,0
9.9,2.2,0,0.343929,-0.0647114,0
9.9,2.3,0,0.34545,-0.0650765,0
9.9,2.4,0,0.346928,-0.0654018,0
9.9,2.5,0,0.348337,-0.0657091,0
9.9,2.6,0,0.349745,-0.0659951,0
9.9,2.7,0,0.350931,-0.066186,0
9.9,2.8,0,0.352064,-0.0663568,0
9.9,2.9,0,0.352895,-0.0663957,0
9.9,3,0,0.353307,-0.0663042,0
9.9,3.1,0,0.353572,-0.066127,0
9.9,3.2,0,0.35273,-0.065599,0
9.9,3.3,0,0.351482,-0.0649317,0
9.9,3.4,0,0.348924,-0.0638599,0
9.9,3.5,0,0.344506,-0.0622709,0
9.9,3.6,0,0.339388,-0.0604264,0
9.9,3.7,0,0.330437,-0.0576048,0
9.9,3.8,0,0.319811,-0.0542986,0
9.9,3.9,0,0.305725,-0.0502135,0
9.9,4,0,0.286439,-0.044965,0
9.9,4.1,0,0.265518,-0.0393077,0
9.9,4.2,0,0.23814,-0.0327371,0
9.9,4.3,0,0.207316,-0.0254997,0
9.9,4.4,0,0.17493,-0.0186587,0
9.9,4.5,0,0.139487,-0.0121631,0
9.9,4.6,0,0.103914,-0.00598761,0
9.9,4.7,0,0.072687,-0.00273493,0
9.9,4.8,0,0.0429553,-0.000841958,0
9.9,4.9,0,0.0179074,0.000250934,0
9.9,5,0,0,0,0
9.9,7,0,0,0,0
9.9,7.1,0,0.0220371,-0.000191774,0
9.9,7.2,0,0.0451335,-0.000247076,0
9.9,7.3,0,0.0689979,-0.000244062,0
9.9,7.4,0,0.0930165,-0.000125042,0
9.9,7.5,0,0.11813,0.000381963,0
9.9,7.6,0,0.143596,0.00109978,0
9.9,7.7,0,0.168903,0.0020376,0
9.9,7.8,0,0.193769,0.00346015,0
9.9,7.9,0,0.218028,0.00508454,0
9.9,8,0,0.240981,0.00684596,0
9.9,8.1,0,0.261235,0.00877082,0
9.9,8.2,0,0.280191,0.0107069,0
9.9,8.3,0,0.296753,0.0125656,0
9.9,8.4,0,0.309694,0.0142411,0
9.9,8.5,0,0.3216,0.015824,0
9.9,8.6,0,0.330914,0.0171972,0
9.9,8.7,0,0.337259,0.0182975,0
9.9,8.8,0,0.343217,0.0193235,0
9.9,8.9,0,0.34711,0.0201271,0
9.9,9,0,0.349183,0.0207225,0
9.9,9.1,0,0.35118,0.0212695,0
9.9,9.2,0,0.35195,0.0216616,0
9.9,9.3,0,0.351969,0.0219559,0
9.9,9.4,0,0.351879,0.0222038,0
9.9,9.5,0,0.351224,0.0223734,0
9.9,9.6,0,0.350301,0.022502,0
9.9,9.7,0,0.3493,0.0225945,0
9.9,9.8,0,0.348069,0.0226554,0
9.9,9.9,0,0.346767,0.0226982,0
9.9,10,0,0.34542,0.0227152,0
9.9,10.1,0,0.343988,0.0227243,0
9.9,10.2,0,0.342552,0.022721,0
9.9,10.3,0,0.341092,0.0226991,0
9.9,10.4,0,0.339604,0.022681,0
9.9,10.5,0,0.338131,0.0226495,0
9.9,10.6,0,0.336645,0.0226043,0
9.9,10.7,0,0.335153,0.0225689,0
9.9,10.8,0,0.333683,0.0225175,0
9.9,10.9,0,0.332203,0.0224569,0
9.9,11,0,0.330728,0.0224066,0
9.9,11.1,0,0.329271,0.0223405,0
9.9,11.2,0,0.327811,0.0222706,0
9.9,11.3,0,0.32636,0.0222066,0
9.9,11.4,0,0.324924,0.0221298,0
9.9,11.5,0,0.323492,0.0220526,0
9.9,11.6,0,0.322073,0.0219772,0
9.9,11.7,0,0.320669,0.0218919,0
9.9,11.8,0,0.319283,0.0218093,0
9.9,11.9,0,0.317915,0.0217249,0
9.9,12,0,0.316582,0.0216303,0
9.9,12.1,0,0.31531,0.0215346,0
9.9,12.2,0,0.314066,0.0214321,0
9.9,12.3,0,0.312947,0.0213066,0
9.9,12.4,0,0.312016,0.0211611,0
9.9,12.5,0,0.311127,0.0210028,0
9.9,12.6,0,0.310632,0.0209154,0
9.9,12.7,0,0.310606,0.0209164,0
10,0,0,0.313005,-0.0567045,0
10,0.1,0,0.313117,-0.0567419,0
10,0.2,0,0.314006,-0.0570189,0
10,0.3,0,0.315341,-0.0574349,0
10,0.4,0,0.316731,-0.0578113,0
10,0.5,0,0.318222,-0.0581074,0
10,0.6,0,0.319732,-0.0584022,0
10,0.7,0,0.321247,-0.058722,0
10,0.8,0,0.322774,-0.0590543,0
10,0.9,0,0.324301,-0.0593954,0
10,1,0,0.325828,-0.0597345,0
10,1.1,0,0.327365,-0.0600807,0
10,1.2,0,0.328897,-0.0604353,0
10,1.3,0,0.330435,-0.0607884,0
10,1.4,0,0.331975,-0.0611526,0
10,1.5,0,0.33351,-0.0615118,0
10,1.6,0,0.33506,-0.0618754,0
10,1.7,0,0.3366,-0.0622442,0
10,1.8,0,0.338146,-0.0626031,0
10,1.9,0,0.339693,-0.0629707,0
10,2,0,0.34122,-0.0633216,0
10,2.1,0,0.342764,-0.0636692,0
10,2.2,0,0.344272,-0.0640097,0
10,2.3,0,0.345764,-0.064323,0
10,2.4,0,0.347233,-0.0646306,0
10,2.5,0,0.348588,-0.0648832,0
10,2.6,0,0.349941,-0.0651121,0
10,2.7,0,0.351083,-0.0652734,0
10,2.8,0,0.35208,-0.0653539,0
10,2.9,0,0.352866,-0.0653623,0
10,3,0,0.353057,-0.0651675,0
10,3.1,0,0.353098,-0.0648847,0
10,3.2,0,0.352095,-0.0642996,0
10,3.3,0,0.350359,-0.0634597,0
10,3.4,0,0.347637,-0.06233,0
10,3.5,0,0.342559,-0.0605604,0
10,3.6,0,0.336768,-0.0585339,0
10,3.7,0,0.327452,-0.0556415,0
10,3.8,0,0.315718,-0.0521233,0
10,3.9,0,0.301258,-0.0479675,0
10,4,0,0.281077,-0.0426624,0
10,4.1,0,0.259238,-0.0369553,0
10,4.2,0,0.231808,-0.0304932,0
10,4.3,0,0.200826,-0.0235949,0
10,4.4,0,0.168387,-0.0168715,0
10,4.5,0,0.13421,-0.0110708,0
10,4.6,0,0.0999436,-0.00562193,0
10,4.7,0,0.0693729,-0.00246052,0
10,4.8,0,0.0416321,-0.000849316,0
10,4.9,0,0.0172545,0.000147006,0
10,5,0,0,0,0
10,7,0,0,0,0
10,7.1,0,0.0220295,-0.00019576,0
10,7.2,0,0.0449881,-0.000322823,0
10,7.3,0,0.0688525,-0.000319809,0
10,7.4,0,0.0927369,-0.000228464,0
10,7.5,0,0.117347,0.000174759,0
10,7.6,0,0.142813,0.000892578,0
10,7.7,0,0.167863,0.00175515,0
10,7.8,0,0.192287,0.00304871,0
10,7.9,0,0.216546,0.0046731,0
10,8,0,0.239348,0.0063325,0
10,8.1,0,0.259465,0.00816554,0
10,8.2,0,0.278422,0.0101016,0
10,8.3,0,0.295139,0.0118908,0
10,8.4,0,0.308152,0.0135342,0
10,8.5,0,0.320058,0.0151171,0
10,8.6,0,0.329768,0.0164804,0
10,8.7,0,0.336187,0.0175789,0
10,8.8,0,0.342146,0.0186048,0
10,8.9,0,0.34648,0.0194417,0
10,9,0,0.348553,0.0200371,0
10,9.1,0,0.350582,0.0205887,0
10,9.2,0,0.351625,0.0210201,0
10,9.3,0,0.351644,0.0213144,0
10,9.4,0,0.351601,0.0215728,0
10,9.5,0,0.351076,0.0217717,0
10,9.6,0,0.350153,0.0219003,0
10,9.7,0,0.349191,0.0220068,0
10,9.8,0,0.348015,0.022087,0
10,9.9,0,0.346712,0.0221298,0
10,10,0,0.345394,0.0221632,0
10,10.1,0,0.343983,0.0221843,0
10,10.2,0,0.342546,0.022181,0
10,10.3,0,0.341107,0.0221775,0
10,10.4,0,0.339627,0.022166,0
10,10.5,0,0.338154,0.0221345,0
10,10.6,0,0.336685,0.0221096,0
10,10.7,0,0.335195,0.0220766,0
10,10.8,0,0.333725,0.0220252,0
10,10.9,0,0.332258,0.021985,0
10,11,0,0.330783,0.0219348,0
10,11.1,0,0.329328,0.0218716,0
10,11.2,0,0.327878,0.0218171,0
10,11.3,0,0.326427,0.021753,0
10,11.4,0,0.324994,0.0216812,0
10,11.5,0,0.323569,0.0216149,0
10,11.6,0,0.32215,0.0215395,0
10,11.7,0,0.320751,0.0214605,0
10,11.8,0,0.31937,0.0213848,0
10,11.9,0,0.318001,0.0213004,0
10,12,0,0.316677,0.0212124,0
10,12.1,0,0.315409,0.0211206,0
10,12.2,0,0.314165,0.021018,0
10,12.3,0,0.313061,0.0208992,0
10,12.4,0,0.312134,0.0207554,0
10,12.5,0,0.311245,0.0205971,0
10,12.6,0,0.31076,0.0205134,0
10,12.7,0,0.310735,0.0205147,0
10.1,0,0,0.313305,-0.0562904,0
10.1,0.1,0,0.313973,-0.0564971,0
10.1,0.2,0,0.314641,-0.0567039,0
10.1,0.3,0,0.315687,-0.0569814,0
10.1,0.4,0,0.317111,-0.0573298,0
10.1,0.5,0,0.318535,-0.0576782,0
10.1,0.6,0,0.320055,-0.057983,0
10.1,0.7,0,0.321576,-0.0582878,0
10.1,0.8,0,0.323103,-0.058605,0
10.1,0.9,0,0.324636,-0.0589346,0
10.1,1,0,0.32617,-0.0592643,0
10.1,1.1,0,0.327708,-0.0596022,0
10.1,1.2,0,0.329246,-0.0599401,0
10.1,1.3,0,0.330785,-0.0602814,0
10.1,1.4,0,0.332327,-0.0606261,0
10.1,1.5,0,0.333868,-0.0609708,0
10.1,1.6,0,0.33541,-0.0613158,0
10.1,1.7,0,0.336953,-0.0616607,0
10.1,1.8,0,0.338492,-0.0620008,0
10.1,1.9,0,0.340026,-0.0623361,0
10.1,2,0,0.341561,-0.0626714,0
10.1,2.1,0,0.343062,-0.0629796,0
10.1,2.2,0,0.344563,-0.0632878,0
10.1,2.3,0,0.346011,-0.063566,0
10.1,2.4,0,0.347408,-0.063814,0
10.1,2.5,0,0.348805,-0.0640621,0
10.1,2.6,0,0.349925,-0.0641845,0
10.1,2.7,0,0.351046,-0.064307,0
10.1,2.8,0,0.351833,-0.0643035,0
10.1,2.9,0,0.352288,-0.0641739,0
10.1,3,0,0.352743,-0.0640444,0
10.1,3.1,0,0.351742,-0.0634356,0
10.1,3.2,0,0.35074,-0.0628269,0
10.1,3.3,0,0.348294,-0.0617949,0
10.1,3.4,0,0.344402,-0.0603398,0
10.1,3.5,0,0.34051,-0.0588847,0
10.1,3.6,0,0.331483,-0.0560869,0
10.1,3.7,0,0.322456,-0.0532891,0
10.1,3.8,0,0.309498,-0.0496043,0
10.1,3.9,0,0.292608,-0.0450325,0
10.1,4,0,0.275718,-0.0404607,0
10.1,4.1,0,0.249487,-0.0343365,0
10.1,4.2,0,0.223256,-0.0282122,0
10.1,4.3,0,0.193957,-0.0221372,0
10.1,4.4,0,0.16159,-0.0161114,0
10.1,4.5,0,0.129223,-0.0100856,0
10.1,4.6,0,0.0988867,-0.00666275,0
10.1,4.7,0,0.0685509,-0.00323985,0
10.1,4.8,0,0.0427064,-0.00122272,0
10.1,4.9,0,0.0213532,-0.000611358,0
10.1,5,0,0,0,0
10.1,7,0,0,0,0
10.1,7.1,0,0.0228563,-0.000140819,0
10.1,7.2,0,0.0457126,-0.000281639,0
10.1,7.3,0,0.0687869,-0.000355944,0
10.1,7.4,0,0.0930966,-5.33341e-05,0
10.1,7.5,0,0.117406,0.000249276,0
10.1,7.6,0,0.141767,0.000783944,0
10.1,7.7,0,0.166248,0.00186008,0
10.1,7.8,0,0.190729,0.00293622,0
10.1,7.9,0,0.213843,0.00428799,0
10.1,8,0,0.235287,0.00597663,0
10.1,8.1,0,0.256731,0.00766528,0
10.1,8.2,0,0.274631,0.00937013,0
10.1,8.3,0,0.29017,0.0110858,0
10.1,8.4,0,0.305708,0.0128014,0
10.1,8.5,0,0.316466,0.0142135,0
10.1,8.6,0,0.325629,0.0155244,0
10.1,8.7,0,0.334793,0.0168353,0
10.1,8.8,0,0.339533,0.0177108,0
10.1,8.9,0,0.343781,0.0185379,0
10.1,9,0,0.347878,0.0193463,0
10.1,9.1,0,0.349103,0.0198008,0
10.1,9.2,0,0.350328,0.0202553,0
10.1,9.3,0,0.351239,0.0206639,0
10.1,9.4,0,0.350892,0.0208888,0
10.1,9.5,0,0.350545,0.0211137,0
10.1,9.6,0,0.349949,0.0212951,0
10.1,9.7,0,0.348889,0.0213956,0
10.1,9.8,0,0.34783,0.0214961,0
10.1,9.9,0,0.346628,0.0215642,0
10.1,10,0,0.345283,0.0215999,0
10.1,10.1,0,0.343938,0.0216357,0
10.1,10.2,0,0.342529,0.0216481,0
10.1,10.3,0,0.341084,0.021648,0
10.1,10.4,0,0.33964,0.0216479,0
10.1,10.5,0,0.338175,0.0216296,0
10.1,10.6,0,0.336705,0.0216066,0
10.1,10.7,0,0.335235,0.0215837,0
10.1,10.8,0,0.33377,0.0215448,0
10.1,10.9,0,0.332304,0.0215051,0
10.1,11,0,0.33084,0.0214641,0
10.1,11.1,0,0.32939,0.0214111,0
10.1,11.2,0,0.327941,0.021358,0
10.1,11.3,0,0.326497,0.0213022,0
10.1,11.4,0,0.325071,0.0212379,0
10.1,11.5,0,0.323646,0.0211737,0
10.1,11.6,0,0.322235,0.0211057,0
10.1,11.7,0,0.320848,0.0210321,0
10.1,11.8,0,0.319461,0.0209585,0
10.1,11.9,0,0.318122,0.0208777,0
10.1,12,0,0.316823,0.0207909,0
10.1,12.1,0,0.315523,0.0207042,0
10.1,12.2,0,0.314392,0.020592,0
10.1,12.3,0,0.313334,0.0204689,0
10.1,12.4,0,0.312276,0.0203458,0
10.1,12.5,0,0.311743,0.0202634,0
10.1,12.6,0,0.311304,0.0201881,0
10.1,12.7,0,0.310864,0.0201129,0
10.2,0,0,0.313602,-0.0558671,0
10.2,0.1,0,0.313714,-0.0559032,0
10.2,0.2,0,0.314606,-0.0561754,0
10.2,0.3,0,0.315943,-0.0565863,0
10.2,0.4,0,0.317341,-0.0569519,0
10.2,0.5,0,0.318839,-0.0572393,0
10.2,0.6,0,0.320358,-0.0575232,0
10.2,0.7,0,0.321886,-0.0578255,0
10.2,0.8,0,0.323421,-0.0581457,0
10.2,0.9,0,0.32496,-0.0584638,0
10.2,1,0,0.326495,-0.0587854,0
10.2,1.1,0,0.328038,-0.0591114,0
10.2,1.2,0,0.329578,-0.059435,0
10.2,1.3,0,0.33112,-0.0597675,0
10.2,1.4,0,0.332664,-0.0600937,0
10.2,1.5,0,0.3342,-0.0604248,0
10.2,1.6,0,0.335748,-0.0607567,0
10.2,1.7,0,0.337284,-0.0610775,0
10.2,1.8,0,0.338823,-0.061405,0
10.2,1.9,0,0.340353,-0.0617153,0
10.2,2,0,0.341863,-0.0620232,0
10.2,2.1,0,0.343384,-0.0623234,0
10.2,2.2,0,0.344845,-0.0625901,0
10.2,2.3,0,0.346301,-0.0628551,0
10.2,2.4,0,0.347681,-0.063072,0
10.2,2.5,0,0.348956,-0.0632545,0
10.2,2.6,0,0.350207,-0.0634055,0
10.2,2.7,0,0.351146,-0.0634399,0
10.2,2.8,0,0.35199,-0.0634352,0
10.2,2.9,0,0.35243,-0.063279,0
10.2,3,0,0.352308,-0.062952,0
10.2,3.1,0,0.351971,-0.0625231,0
10.2,3.2,0,0.350265,-0.0616975,0
10.2,3.3,0,0.348018,-0.0606962,0
10.2,3.4,0,0.344247,-0.0592733,0
10.2,3.5,0,0.338282,-0.0572798,0
10.2,3.6,0,0.331504,-0.0550269,0
10.2,3.7,0,0.3206,-0.0518267,0
10.2,3.8,0,0.30781,-0.048133,0
10.2,3.9,0,0.291676,-0.0437941,0
10.2,4,0,0.270406,-0.0384469,0
10.2,4.1,0,0.247646,-0.0327956,0
10.2,4.2,0,0.219667,-0.026693,0
10.2,4.3,0,0.188759,-0.0201695,0
10.2,4.4,0,0.157399,-0.0142977,0
10.2,4.5,0,0.124737,-0.00925815,0
10.2,4.6,0,0.0923016,-0.00457004,0
10.2,4.7,0,0.0644652,-0.00209974,0
10.2,4.8,0,0.0384417,-0.000700801,0
10.2,4.9,0,0.0162641,0.000120034,0
10.2,5,0,0,0,0
10.2,7,0,0,0,0
10.2,7.1,0,0.0222847,-0.000293655,0
10.2,7.2,0,0.0452013,-0.000433472,0
10.2,7.3,0,0.0686295,-0.000549197,0
10.2,7.4,0,0.0920932,-0.000512942,0
10.2,7.5,0,0.11651,-0.000157907,0
10.2,7.6,0,0.141177,0.000375244,0
10.2,7.7,0,0.165671,0.00113005,0
10.2,7.8,0,0.189859,0.00233188,0
10.2,7.9,0,0.21349,0.00373656,0
10.2,8,0,0.235957,0.00529197,0
10.2,8.1,0,0.256079,0.00702849,0
10.2,8.2,0,0.274997,0.00881517,0
10.2,8.3,0,0.291689,0.0105582,0
10.2,8.4,0,0.30502,0.0121505,0
10.2,8.5,0,0.317327,0.0137005,0
10.2,8.6,0,0.327114,0.0150599,0
10.2,8.7,0,0.333984,0.0161549,0
10.2,8.8,0,0.340438,0.0172225,0
10.2,8.9,0,0.344797,0.0180617,0
10.2,9,0,0.347274,0.0186825,0
10.2,9.1,0,0.349654,0.0192932,0
10.2,9.2,0,0.350734,0.0197288,0
10.2,9.3,0,0.351,0.0200574,0
10.2,9.4,0,0.351139,0.0203607,0
10.2,9.5,0,0.350655,0.0205673,0
10.2,9.6,0,0.349866,0.0207294,0
10.2,9.7,0,0.348984,0.0208648,0
10.2,9.8,0,0.347839,0.0209553,0
10.2,9.9,0,0.346606,0.0210287,0
10.2,10,0,0.345319,0.0210792,0
10.2,10.1,0,0.343931,0.0211132,0
10.2,10.2,0,0.342532,0.021138,0
10.2,10.3,0,0.341105,0.0211441,0
10.2,10.4,0,0.339643,0.0211477,0
10.2,10.5,0,0.338195,0.0211422,0
10.2,10.6,0,0.33673,0.0211215,0
10.2,10.7,0,0.335256,0.0211055,0
10.2,10.8,0,0.333803,0.0210784,0
10.2,10.9,0,0.332337,0.0210391,0
10.2,11,0,0.330877,0.0210066,0
10.2,11.1,0,0.329433,0.0209621,0
10.2,11.2,0,0.327985,0.0209106,0
10.2,11.3,0,0.326547,0.0208627,0
10.2,11.4,0,0.325122,0.0208044,0
10.2,11.5,0,0.323701,0.0207426,0
10.2,11.6,0,0.322293,0.0206816,0
10.2,11.7,0,0.320899,0.0206117,0
10.2,11.8,0,0.319524,0.0205412,0
10.2,11.9,0,0.318169,0.020469,0
10.2,12,0,0.316849,0.0203865,0
10.2,12.1,0,0.315593,0.0202995,0
10.2,12.2,0,0.314367,0.0202068,0
10.2,12.3,0,0.313267,0.0200907,0
10.2,12.4,0,0.312359,0.0199521,0
10.2,12.5,0,0.311494,0.0198027,0
10.2,12.6,0,0.311012,0.0197199,0
10.2,12.7,0,0.310987,0.0197202,0
10.3,0,0,0.313898,-0.0554401,0
10.3,0.1,0,0.31401,-0.0554758,0
10.3,0.2,0,0.314902,-0.0557463,0
10.3,0.3,0,0.31624,-0.0561518,0
10.3,0.4,0,0.317638,-0.0565155,0
10.3,0.5,0,0.31914,-0.0567964,0
10.3,0.6,0,0.320663,-0.057073,0
10.3,0.7,0,0.322193,-0.0573716,0
10.3,0.8,0,0.323733,-0.0576801,0
10.3,0.9,0,0.325274,-0.0579941,0
10.3,1,0,0.326812,-0.0583033,0
10.3,1.1,0,0.328359,-0.058616,0
10.3,1.2,0,0.329899,-0.0589333,0
10.3,1.3,0,0.331442,-0.0592463,0
10.3,1.4,0,0.332986,-0.0595659,0
10.3,1.5,0,0.33452,-0.0598775,0
10.3,1.6,0,0.336066,-0.060189,0
10.3,1.7,0,0.337598,-0.0605003,0
10.3,1.8,0,0.339127,-0.0607986,0
10.3,1.9,0,0.340654,-0.0610989,0
10.3,2,0,0.342147,-0.0613777,0
10.3,2.1,0,0.343649,-0.0616474,0
10.3,2.2,0,0.345096,-0.0618994,0
10.3,2.3,0,0.346508,-0.0621194,0
10.3,2.4,0,0.347874,-0.0623211,0
10.3,2.5,0,0.349077,-0.0624554,0
10.3,2.6,0,0.350254,-0.0625566,0
10.3,2.7,0,0.351137,-0.0625645,0
10.3,2.8,0,0.351813,-0.0624793,0
10.3,2.9,0,0.352196,-0.0622959,0
10.3,3,0,0.351816,-0.0618764,0
10.3,3.1,0,0.351219,-0.0613531,0
10.3,3.2,0,0.349336,-0.0604777,0
10.3,3.3,0,0.346557,-0.0593254,0
10.3,3.4,0,0.342607,-0.0578517,0
10.3,3.5,0,0.335974,-0.0557114,0
10.3,3.6,0,0.32852,-0.0533095,0
10.3,3.7,0,0.317286,-0.0500622,0
10.3,3.8,0,0.303501,-0.0462268,0
10.3,3.9,0,0.287032,-0.0418406,0
10.3,4,0,0.265133,-0.036521,0
10.3,4.1,0,0.241731,-0.0309024,0
10.3,4.2,0,0.213837,-0.0249257,0
10.3,4.3,0,0.18319,-0.0187904,0
10.3,4.4,0,0.151918,-0.0130515,0
10.3,4.5,0,0.120467,-0.00848686,0
10.3,4.6,0,0.0892757,-0.00429418,0
10.3,4.7,0,0.0619388,-0.00187846,0
10.3,4.8,0,0.0374238,-0.000648016,0
10.3,4.9,0,0.0157521,0.000115062,0
10.3,5,0,0,0,0
10.3,7,0,0,0,0
10.3,7.1,0,0.0222848,-0.000301198,0
10.3,7.2,0,0.0452026,-0.000576784,0
10.3,7.3,0,0.0686308,-0.000692509,0
10.3,7.4,0,0.0919686,-0.000680903,0
10.3,7.5,0,0.115913,-0.000418299,0
10.3,7.6,0,0.14058,0.000114852,0
10.3,7.7,0,0.164825,0.000806612,0
10.3,7.8,0,0.188585,0.00190036,0
10.3,7.9,0,0.212217,0.00330504,0
10.3,8,0,0.234505,0.00477074,0
10.3,8.1,0,0.254467,0.00642652,0
10.3,8.2,0,0.273384,0.0082132,0
10.3,8.3,0,0.290169,0.00989263,0
10.3,8.4,0,0.303542,0.0114555,0
10.3,8.5,0,0.31585,0.0130055,0
10.3,8.6,0,0.325973,0.0143558,0
10.3,8.7,0,0.332906,0.0154491,0
10.3,8.8,0,0.33936,0.0165168,0
10.3,8.9,0,0.344129,0.0173893,0
10.3,9,0,0.346606,0.0180101,0
10.3,9.1,0,0.349018,0.0186255,0
10.3,9.2,0,0.350366,0.0191013,0
10.3,9.3,0,0.350632,0.01943,0
10.3,9.4,0,0.350819,0.0197442,0
10.3,9.5,0,0.350469,0.0199813,0
10.3,9.6,0,0.34968,0.0201433,0
10.3,9.7,0,0.34884,0.0202931,0
10.3,9.8,0,0.347753,0.0204034,0
10.3,9.9,0,0.346519,0.0204768,0
10.3,10,0,0.345263,0.0205437,0
10.3,10.1,0,0.343898,0.0205896,0
10.3,10.2,0,0.3425,0.0206144,0
10.3,10.3,0,0.341095,0.0206384,0
10.3,10.4,0,0.339642,0.0206484,0
10.3,10.5,0,0.338194,0.020643,0
10.3,10.6,0,0.336747,0.0206415,0
10.3,10.7,0,0.335276,0.0206278,0
10.3,10.8,0,0.333823,0.0206006,0
10.3,10.9,0,0.332373,0.0205805,0
10.3,11,0,0.330913,0.020548,0
10.3,11.1,0,0.329472,0.0205062,0
10.3,11.2,0,0.328035,0.020469,0
10.3,11.3,0,0.326597,0.0204211,0
10.3,11.4,0,0.325176,0.0203675,0
10.3,11.5,0,0.323762,0.0203158,0
10.3,11.6,0,0.322354,0.0202547,0
10.3,11.7,0,0.320967,0.0201907,0
10.3,11.8,0,0.319599,0.0201268,0
10.3,11.9,0,0.318243,0.0200545,0
10.3,12,0,0.316933,0.0199782,0
10.3,12.1,0,0.315683,0.0198948,0
10.3,12.2,0,0.314457,0.0198021,0
10.3,12.3,0,0.313374,0.0196923,0
10.3,12.4,0,0.31247,0.0195554,0
10.3,12.5,0,0.311605,0.019406,0
10.3,12.6,0,0.311134,0.019327,0
10.3,12.7,0,0.31111,0.0193274,0
10.4,0,0,0.314192,-0.0550093,0
10.4,0.1,0,0.314861,-0.0552106,0
10.4,0.2,0,0.315529,-0.0554119,0
10.4,0.3,0,0.316578,-0.05568,0
10.4,0.4,0,0.318007,-0.0560148,0
10.4,0.5,0,0.319437,-0.0563496,0
10.4,0.6,0,0.320968,-0.0566344,0
10.4,0.7,0,0.322499,-0.0569193,0
10.4,0.8,0,0.324037,-0.057213,0
10.4,0.9,0,0.325579,-0.0575155,0
10.4,1,0,0.327122,-0.057818,0
10.4,1.1,0,0.328665,-0.0581211,0
10.4,1.2,0,0.330207,-0.0584241,0
10.4,1.3,0,0.331749,-0.0587264,0
10.4,1.4,0,0.333288,-0.0590277,0
10.4,1.5,0,0.334828,-0.0593291,0
10.4,1.6,0,0.336358,-0.0596209,0
10.4,1.7,0,0.337888,-0.0599128,0
10.4,1.8,0,0.339405,-0.0601939,0
10.4,1.9,0,0.340909,-0.0604643,0
10.4,2,0,0.342412,-0.0607347,0
10.4,2.1,0,0.343848,-0.0609623,0
10.4,2.2,0,0.345284,-0.0611899,0
10.4,2.3,0,0.346635,-0.0613759,0
10.4,2.4,0,0.347902,-0.0615203,0
10.4,2.5,0,0.349168,-0.0616647,0
10.4,2.6,0,0.350033,-0.0616479,0
10.4,2.7,0,0.350898,-0.0616311,0
10.4,2.8,0,0.351318,-0.0614617,0
10.4,2.9,0,0.351293,-0.0611397,0
10.4,3,0,0.351268,-0.0608177,0
10.4,3.1,0,0.349424,-0.059946,0
10.4,3.2,0,0.347579,-0.0590743,0
10.4,3.3,0,0.344043,-0.0577467,0
10.4,3.4,0,0.338815,-0.0559632,0
10.4,3.5,0,0.333586,-0.0541796,0
10.4,3.6,0,0.32276,-0.0510617,0
10.4,3.7,0,0.311934,-0.0479437,0
10.4,3.8,0,0.297197,-0.0440444,0
10.4,3.9,0,0.278548,-0.0393636,0
10.4,4,0,0.2599,-0.0346828,0
10.4,4.1,0,0.233153,-0.0289756,0
10.4,4.2,0,0.206407,-0.0232684,0
10.4,4.3,0,0.177709,-0.0178862,0
10.4,4.4,0,0.14706,-0.012829,0
10.4,4.5,0,0.116411,-0.00777179,0
10.4,4.6,0,0.0890677,-0.00510713,0
10.4,4.7,0,0.0617239,-0.00244247,0
10.4,4.8,0,0.0384417,-0.000888111,0
10.4,4.9,0,0.0192208,-0.000444055,0
10.4,5,0,0,0,0
10.4,7,0,0,0,0
10.4,7.1,0,0.0228576,-0.000291674,0
10.4,7.2,0,0.0457152,-0.000583348,0
10.4,7.3,0,0.0686962,-0.000804366,0
10.4,7.4,0,0.0923765,-0.000624998,0
10.4,7.5,0,0.116057,-0.000445631,0
10.4,7.6,0,0.139763,-5.12719e-05,0
10.4,7.7,0,0.163532,0.000844734,0
10.4,7.8,0,0.1873,0.00174074,0
10.4,7.9,0,0.209862,0.00291269,0
10.4,8,0,0.230949,0.00442192,0
10.4,8.1,0,0.252035,0.00593114,0
10.4,8.2,0,0.269879,0.00750548,0
10.4,8.3,0,0.28556,0.00912321,0
10.4,8.4,0,0.301241,0.010741,0
10.4,8.5,0,0.312349,0.01212,0
10.4,8.6,0,0.321933,0.0134195,0
10.4,8.7,0,0.331517,0.0147191,0
10.4,8.8,0,0.336687,0.015625,0
10.4,8.9,0,0.341367,0.0164872,0
10.4,9,0,0.34589,0.0173313,0
10.4,9.1,0,0.34743,0.0178332,0
10.4,9.2,0,0.348971,0.0183351,0
10.4,9.3,0,0.350172,0.0187903,0
10.4,9.4,0,0.350017,0.0190588,0
10.4,9.5,0,0.349862,0.0193272,0
10.4,9.6,0,0.349427,0.0195495,0
10.4,9.7,0,0.348472,0.019686,0
10.4,9.8,0,0.347518,0.0198224,0
10.4,9.9,0,0.346397,0.0199235,0
10.4,10,0,0.345109,0.019989,0
10.4,10.1,0,0.34382,0.0200546,0
10.4,10.2,0,0.342452,0.0200941,0
10.4,10.3,0,0.34104,0.0201196,0
10.4,10.4,0,0.339629,0.0201451,0
10.4,10.5,0,0.338189,0.0201499,0
10.4,10.6,0,0.336742,0.0201496,0
10.4,10.7,0,0.335294,0.0201493,0
10.4,10.8,0,0.333846,0.0201308,0
10.4,10.9,0,0.332397,0.0201113,0
10.4,11,0,0.33095,0.0200902,0
10.4,11.1,0,0.329515,0.0200551,0
10.4,11.2,0,0.328079,0.0200199,0
10.4,11.3,0,0.32665,0.0199813,0
10.4,11.4,0,0.325237,0.0199326,0
10.4,11.5,0,0.323824,0.0198839,0
10.4,11.6,0,0.322426,0.0198304,0
10.4,11.7,0,0.321052,0.0197698,0
10.4,11.8,0,0.319678,0.0197092,0
10.4,11.9,0,0.318354,0.0196399,0
10.4,12,0,0.317071,0.0195634,0
10.4,12.1,0,0.315787,0.0194869,0
10.4,12.2,0,0.314677,0.0193837,0
10.4,12.3,0,0.313642,0.0192692,0
10.4,12.4,0,0.312606,0.0191546,0
10.4,12.5,0,0.312087,0.0190769,0
10.4,12.6,0,0.31166,0.0190058,0
10.4,12.7,0,0.311233,0.0189346,0
10.5,0,0,0.314482,-0.054573,0
10.5,0.1,0,0.314594,-0.0546072,0
10.5,0.2,0,0.315484,-0.0548723,0
10.5,0.3,0,0.316821,-0.055272,0
10.5,0.4,0,0.318219,-0.0556243,0
10.5,0.5,0,0.319724,-0.055897,0
10.5,0.6,0,0.321251,-0.0561632,0
10.5,0.7,0,0.322787,-0.0564454,0
10.5,0.8,0,0.324331,-0.0567425,0
10.5,0.9,0,0.325876,-0.0570352,0
10.5,1,0,0.327416,-0.0573287,0
10.5,1.1,0,0.328964,-0.0576229,0
10.5,1.2,0,0.330504,-0.0579126,0
10.5,1.3,0,0.332045,-0.0582074,0
10.5,1.4,0,0.333584,-0.0584937,0
10.5,1.5,0,0.335113,-0.0587809,0
10.5,1.6,0,0.33665,-0.0590649,0
10.5,1.7,0,0.338166,-0.0593348,0
10.5,1.8,0,0.339683,-0.0596063,0
10.5,1.9,0,0.341179,-0.0598575,0
10.5,2,0,0.342644,-0.0600997,0
10.5,2.1,0,0.344111,-0.0603289,0
10.5,2.2,0,0.345491,-0.0605178,0
10.5,2.3,0,0.346853,-0.0606965,0
10.5,2.4,0,0.348104,-0.0608199,0
10.5,2.5,0,0.349202,-0.0608929,0
10.5,2.6,0,0.35025,-0.0609264,0
10.5,2.7,0,0.350885,-0.0608221,0
10.5,2.8,0,0.351376,-0.0606613,0
10.5,2.9,0,0.351354,-0.0603317,0
10.5,3,0,0.350613,-0.0597935,0
10.5,3.1,0,0.34959,-0.0591417,0
10.5,3.2,0,0.346939,-0.058055,0
10.5,3.3,0,0.343609,-0.0567627,0
10.5,3.4,0,0.338577,-0.0550433,0
10.5,3.5,0,0.33106,-0.0527192,0
10.5,3.6,0,0.322645,-0.0501422,0
10.5,3.7,0,0.309954,-0.046676,0
10.5,3.8,0,0.29524,-0.042729,0
10.5,3.9,0,0.277429,-0.0382785,0
10.5,4,0,0.254768,-0.0330068,0
10.5,4.1,0,0.230814,-0.0275263,0
10.5,4.2,0,0.202902,-0.0219733,0
10.5,4.3,0,0.172658,-0.0162206,0
10.5,4.4,0,0.14272,-0.0111761,0
10.5,4.5,0,0.112722,-0.00713078,0
10.5,4.6,0,0.0831785,-0.00343665,0
10.5,4.7,0,0.0581437,-0.00147681,0
10.5,4.8,0,0.0349887,-0.000389502,0
10.5,4.9,0,0.0150197,0.000191603,0
10.5,5,0,0,0,0
10.5,7,0,0,0,0
10.5,7.1,0,0.0229264,-0.000596506,0
10.5,7.2,0,0.0457738,-0.000897655,0
10.5,7.3,0,0.0685699,-0.00121972,0
10.5,7.4,0,0.0917253,-0.00114972,0
10.5,7.5,0,0.115433,-0.000955073,0
10.5,7.6,0,0.139263,-0.00060516,0
10.5,7.7,0,0.16313,0.000101866,0
10.5,7.8,0,0.18658,0.00109947,0
10.5,7.9,0,0.209558,0.00230153,0
10.5,8,0,0.231595,0.00368897,0
10.5,8.1,0,0.251434,0.00527218,0
10.5,8.2,0,0.270244,0.00690896,0
10.5,8.3,0,0.287019,0.00853175,0
10.5,8.4,0,0.300567,0.0100876,0
10.5,8.5,0,0.313211,0.0115755,0
10.5,8.6,0,0.323408,0.0129099,0
10.5,8.7,0,0.330696,0.0140543,0
10.5,8.8,0,0.337614,0.0151174,0
10.5,8.9,0,0.342406,0.0159894,0
10.5,9,0,0.345249,0.0166876,0
10.5,9.1,0,0.348006,0.0173213,0
10.5,9.2,0,0.34939,0.0178082,0
10.5,9.3,0,0.349901,0.0182012,0
10.5,9.4,0,0.350275,0.0185367,0
10.5,9.5,0,0.349967,0.0187913,0
10.5,9.6,0,0.349318,0.0190007,0
10.5,9.7,0,0.348563,0.0191662,0
10.5,9.8,0,0.34751,0.0192971,0
10.5,9.9,0,0.346352,0.0194046,0
10.5,10,0,0.34513,0.0194816,0
10.5,10.1,0,0.34379,0.0195495,0
10.5,10.2,0,0.342435,0.0195997,0
10.5,10.3,0,0.341043,0.0196295,0
10.5,10.4,0,0.33961,0.0196628,0
10.5,10.5,0,0.338189,0.019677,0
10.5,10.6,0,0.336747,0.019678,0
10.5,10.7,0,0.335294,0.0196888,0
10.5,10.8,0,0.333861,0.019677,0
10.5,10.9,0,0.332412,0.0196581,0
10.5,11,0,0.330969,0.0196487,0
10.5,11.1,0,0.329541,0.0196177,0
10.5,11.2,0,0.328107,0.0195849,0
10.5,11.3,0,0.326684,0.0195559,0
10.5,11.4,0,0.325272,0.0195098,0
10.5,11.5,0,0.323863,0.0194647,0
10.5,11.6,0,0.32247,0.0194185,0
10.5,11.7,0,0.321089,0.0193593,0
10.5,11.8,0,0.319728,0.0193033,0
10.5,11.9,0,0.318388,0.019242,0
10.5,12,0,0.317083,0.0191684,0
10.5,12.1,0,0.315847,0.0190934,0
10.5,12.2,0,0.314642,0.0190073,0
10.5,12.3,0,0.313564,0.0188986,0
10.5,12.4,0,0.312681,0.0187715,0
10.5,12.5,0,0.311842,0.018628,0
10.5,12.6,0,0.311374,0.0185494,0
10.5,12.7,0,0.31135,0.0185525,0
10.6,0,0,0.314771,-0.0541345,0
10.6,0.1,0,0.314883,-0.0541687,0
10.6,0.2,0,0.315772,-0.0544318,0
10.6,0.3,0,0.317105,-0.0548258,0
10.6,0.4,0,0.318502,-0.0551763,0
10.6,0.5,0,0.320009,-0.0554421,0
10.6,0.6,0,0.321537,-0.0557018,0
10.6,0.7,0,0.323073,-0.0559804,0
10.6,0.8,0,0.324618,-0.0562669,0
10.6,0.9,0,0.326164,-0.0565561,0
10.6,1,0,0.327704,-0.0568379,0
10.6,1.1,0,0.329251,-0.057121,0
10.6,1.2,0,0.33079,-0.057405,0
10.6,1.3,0,0.332328,-0.0576829,0
10.6,1.4,0,0.333865,-0.0579636,0
10.6,1.5,0,0.335388,-0.0582336,0
10.6,1.6,0,0.336918,-0.0585007,0
10.6,1.7,0,0.338428,-0.0587623,0
10.6,1.8,0,0.339929,-0.0590092,0
10.6,1.9,0,0.34142,-0.0592521,0
10.6,2,0,0.342861,-0.0594693,0
10.6,2.1,0,0.344302,-0.0596734,0
10.6,2.2,0,0.345663,-0.0598496,0
10.6,2.3,0,0.346968,-0.05999,0
10.6,2.4,0,0.348199,-0.0601006,0
10.6,2.5,0,0.34921,-0.0601315,0
10.6,2.6,0,0.350166,-0.0601217,0
10.6,2.7,0,0.350735,-0.059994,0
10.6,2.8,0,0.351028,-0.0597617,0
10.6,2.9,0,0.350938,-0.0594078,0
10.6,3,0,0.349908,-0.0587882,0
10.6,3.1,0,0.348593,-0.058051,0
10.6,3.2,0,0.345755,-0.0569219,0
10.6,3.3,0,0.341864,-0.0554987,0
10.6,3.4,0,0.336644,-0.0537342,0
10.6,3.5,0,0.328472,-0.0512978,0
10.6,3.6,0,0.3194,-0.0485976,0
10.6,3.7,0,0.306424,-0.0451063,0
10.6,3.8,0,0.29085,-0.0410762,0
10.6,3.9,0,0.272751,-0.0365955,0
10.6,4,0,0.249695,-0.031411,0
10.6,4.1,0,0.225341,-0.0260113,0
10.6,4.2,0,0.197595,-0.0205784,0
10.6,4.3,0,0.167857,-0.0151899,0
10.6,4.4,0,0.138091,-0.0102681,0
10.6,4.5,0,0.109184,-0.00651362,0
10.6,4.6,0,0.0807632,-0.00311883,0
10.6,4.7,0,0.0561447,-0.00120661,0
10.6,4.8,0,0.0342567,-0.000256257,0
10.6,4.9,0,0.014716,0.000281165,0
10.6,5,0,0,0,0
10.6,7,0,0,0,0
10.6,7.1,0,0.0229249,-0.000617288,0
10.6,7.2,0,0.0457459,-0.0012925,0
10.6,7.3,0,0.068542,-0.00161456,0
10.6,7.4,0,0.0915884,-0.00155968,0
10.6,7.5,0,0.114887,-0.00142174,0
10.6,7.6,0,0.138717,-0.00107183,0
10.6,7.7,0,0.162358,-0.000377658,0
10.6,7.8,0,0.185421,0.000597907,0
10.6,7.9,0,0.2084,0.00179996,0
10.6,8,0,0.230252,0.00313288,0
10.6,8.1,0,0.249924,0.00466702,0
10.6,8.2,0,0.268735,0.0063038,0
10.6,8.3,0,0.28556,0.00787851,0
10.6,8.4,0,0.299132,0.0094122,0
10.6,8.5,0,0.311776,0.0109001,0
10.6,8.6,0,0.322263,0.0122281,0
10.6,8.7,0,0.329605,0.0133712,0
10.6,8.8,0,0.336523,0.0144344,0
10.6,8.9,0,0.341698,0.0153383,0
10.6,9,0,0.344542,0.0160365,0
10.6,9.1,0,0.347329,0.0166748,0
10.6,9.2,0,0.348978,0.0172011,0
10.6,9.3,0,0.349489,0.0175942,0
10.6,9.4,0,0.349912,0.0179405,0
10.6,9.5,0,0.349742,0.0182255,0
10.6,9.6,0,0.349093,0.0184349,0
10.6,9.7,0,0.348383,0.0186148,0
10.6,9.8,0,0.347391,0.0187655,0
10.6,9.9,0,0.346233,0.018873,0
10.6,10,0,0.345046,0.0189662,0
10.6,10.1,0,0.343731,0.0190459,0
10.6,10.2,0,0.342375,0.0190961,0
10.6,10.3,0,0.341009,0.0191431,0
10.6,10.4,0,0.339586,0.0191826,0
10.6,10.5,0,0.338165,0.0191968,0
10.6,10.6,0,0.336744,0.019216,0
10.6,10.7,0,0.335293,0.0192289,0
10.6,10.8,0,0.33386,0.0192171,0
10.6,10.9,0,0.33243,0.0192161,0
10.6,11,0,0.330987,0.0192068,0
10.6,11.1,0,0.329561,0.0191782,0
10.6,11.2,0,0.328141,0.0191585,0
10.6,11.3,0,0.326717,0.0191296,0
10.6,11.4,0,0.32531,0.0190876,0
10.6,11.5,0,0.323912,0.0190517,0
10.6,11.6,0,0.322518,0.0190056,0
10.6,11.7,0,0.321144,0.0189517,0
10.6,11.8,0,0.319791,0.0189015,0
10.6,11.9,0,0.31845,0.0188402,0
10.6,12,0,0.317158,0.0187723,0
10.6,12.1,0,0.315928,0.0187006,0
10.6,12.2,0,0.314722,0.0186145,0
10.6,12.3,0,0.313663,0.0185116,0
10.6,12.4,0,0.312785,0.018386,0
10.6,12.5,0,0.311946,0.0182426,0
10.6,12.6,0,0.31149,0.0181671,0
10.6,12.7,0,0.311466,0.0181704,0
10.7,0,0,0.315059,-0.0536936,0
10.7,0.1,0,0.315724,-0.053889,0
10.7,0.2,0,0.316388,-0.0540844,0
10.7,0.3,0,0.317434,-0.0543426,0
10.7,0.4,0,0.318861,-0.0546636,0
10.7,0.5,0,0.320288,-0.0549847,0
10.7,0.6,0,0.321823,-0.055251,0
10.7,0.7,0,0.323358,-0.0555174,0
10.7,0.8,0,0.324898,-0.0557896,0
10.7,0.9,0,0.326441,-0.0560677,0
10.7,1,0,0.327985,-0.0563458,0
10.7,1.1,0,0.329524,-0.0566183,0
10.7,1.2,0,0.331063,-0.0568908,0
10.7,1.3,0,0.332597,-0.057159,0
10.7,1.4,0,0.334125,-0.057423,0
10.7,1.5,0,0.335653,-0.057687,0
10.7,1.6,0,0.337159,-0.0579338,0
10.7,1.7,0,0.338665,-0.0581807,0
10.7,1.8,0,0.340147,-0.058412,0
10.7,1.9,0,0.341604,-0.0586278,0
10.7,2,0,0.343062,-0.0588435,0
10.7,2.1,0,0.344411,-0.059003,0
10.7,2.2,0,0.345761,-0.0591625,0
10.7,2.3,0,0.346987,-0.0592699,0
10.7,2.4,0,0.348089,-0.0593252,0
10.7,2.5,0,0.349191,-0.0593804,0
10.7,2.6,0,0.34975,-0.0592415,0
10.7,2.7,0,0.350309,-0.0591026,0
10.7,2.8,0,0.350301,-0.0587869,0
10.7,2.9,0,0.349728,-0.0582942,0
10.7,3,0,0.349154,-0.0578015,0
10.7,3.1,0,0.346398,-0.0567005,0
10.7,3.2,0,0.343642,-0.0555995,0
10.7,3.3,0,0.338976,-0.0540223,0
10.7,3.4,0,0.332399,-0.0519688,0
10.7,3.5,0,0.325823,-0.0499154,0
10.7,3.6,0,0.313352,-0.0465741,0
10.7,3.7,0,0.300881,-0.0432329,0
10.7,3.8,0,0.284653,-0.0392289,0
10.7,3.9,0,0.264666,-0.0345621,0
10.7,4,0,0.24468,-0.0298953,0
10.7,4.1,0,0.217952,-0.0246453,0
10.7,4.2,0,0.191223,-0.0193953,0
10.7,4.3,0,0.163446,-0.0146003,0
10.7,4.4,0,0.134622,-0.0102603,0
10.7,4.5,0,0.105797,-0.00592031,0
10.7,4.6,0,0.0810499,-0.00375772,0
10.7,4.7,0,0.0563026,-0.00159513,0
10.7,4.8,0,0.0351432,-0.000411064,0
10.7,4.9,0,0.0175716,-0.000205532,0
10.7,5,0,0,0,0
10.7,7,0,0,0,0
10.7,7.1,0,0.0228282,-0.0007073,0
10.7,7.2,0,0.0456564,-0.0014146,0
10.7,7.3,0,0.0685307,-0.00200024,0
10.7,7.4,0,0.0916657,-0.00189648,0
10.7,7.5,0,0.114801,-0.00179271,0
10.7,7.6,0,0.137932,-0.00146229,0
10.7,7.7,0,0.161056,-0.000603023,0
10.7,7.8,0,0.18418,0.000256247,0
10.7,7.9,0,0.206221,0.00135892,0
10.7,8,0,0.226938,0.0027591,0
10.7,8.1,0,0.247655,0.00415928,0
10.7,8.2,0,0.265397,0.00564562,0
10.7,8.3,0,0.281156,0.0071894,0
10.7,8.4,0,0.296915,0.00873318,0
10.7,8.5,0,0.308315,0.0100877,0
10.7,8.6,0,0.318262,0.0113792,0
10.7,8.7,0,0.328208,0.0126707,0
10.7,8.8,0,0.333777,0.0136061,0
10.7,8.9,0,0.33886,0.0145019,0
10.7,9,0,0.343782,0.0153804,0
10.7,9.1,0,0.345633,0.0159287,0
10.7,9.2,0,0.347485,0.0164769,0
10.7,9.3,0,0.348974,0.0169779,0
10.7,9.4,0,0.349016,0.0172898,0
10.7,9.5,0,0.349058,0.0176016,0
10.7,9.6,0,0.34879,0.0178647,0
10.7,9.7,0,0.347948,0.0180372,0
10.7,9.8,0,0.347105,0.0182097,0
10.7,9.9,0,0.346071,0.0183434,0
10.7,10,0,0.344845,0.0184384,0
10.7,10.1,0,0.343619,0.0185333,0
10.7,10.2,0,0.342296,0.0185992,0
10.7,10.3,0,0.340922,0.0186494,0
10.7,10.4,0,0.339548,0.0186996,0
10.7,10.5,0,0.338135,0.0187265,0
10.7,10.6,0,0.336713,0.0187475,0
10.7,10.7,0,0.335291,0.0187686,0
10.7,10.8,0,0.333863,0.018769,0
10.7,10.9,0,0.332434,0.0187684,0
10.7,11,0,0.331006,0.0187659,0
10.7,11.1,0,0.329587,0.0187472,0
10.7,11.2,0,0.328168,0.0187285,0
10.7,11.3,0,0.326755,0.0187058,0
10.7,11.4,0,0.325357,0.0186712,0
10.7,11.5,0,0.323959,0.0186366,0
10.7,11.6,0,0.322577,0.0185963,0
10.7,11.7,0,0.321218,0.0185474,0
10.7,11.8,0,0.319859,0.0184985,0
10.7,11.9,0,0.318553,0.0184397,0
10.7,12,0,0.317289,0.0183727,0
10.7,12.1,0,0.316024,0.0183057,0
10.7,12.2,0,0.314937,0.0182108,0
10.7,12.3,0,0.313926,0.0181039,0
10.7,12.4,0,0.312914,0.0179971,0
10.7,12.5,0,0.312411,0.0179235,0
10.7,12.6,0,0.311997,0.0178559,0
10.7,12.7,0,0.311583,0.0177882,0
10.8,0,0,0.315341,-0.0532508,0
10.8,0.1,0,0.315453,-0.0532828,0
10.8,0.2,0,0.316336,-0.0535405,0
10.8,0.3,0,0.317662,-0.0539279,0
10.8,0.4,0,0.319054,-0.0542663,0
10.8,0.5,0,0.320561,-0.0545258,0
10.8,0.6,0,0.322089,-0.0547747,0
10.8,0.7,0,0.323626,-0.0550387,0
10.8,0.8,0,0.325171,-0.0553148,0
10.8,0.9,0,0.326715,-0.0555848,0
10.8,1,0,0.328253,-0.0558542,0
10.8,1.1,0,0.329797,-0.05612,0
10.8,1.2,0,0.331329,-0.0563806,0
10.8,1.3,0,0.332862,-0.0566429,0
10.8,1.4,0,0.334387,-0.0568948,0
10.8,1.5,0,0.335899,-0.0571453,0
10.8,1.6,0,0.337415,-0.0573883,0
10.8,1.7,0,0.3389,-0.0576158,0
10.8,1.8,0,0.340381,-0.0578404,0
10.8,1.9,0,0.341831,-0.0580422,0
10.8,2,0,0.343235,-0.0582298,0
10.8,2.1,0,0.344631,-0.0583997,0
10.8,2.2,0,0.345907,-0.0585232,0
10.8,2.3,0,0.34715,-0.058629,0
10.8,2.4,0,0.348241,-0.0586729,0
10.8,2.5,0,0.349123,-0.0586507,0
10.8,2.6,0,0.349928,-0.0585832,0
10.8,2.7,0,0.350206,-0.0583566,0
10.8,2.8,0,0.350285,-0.0580583,0
10.8,2.9,0,0.349739,-0.0575761,0
10.8,3,0,0.348307,-0.0568493,0
10.8,3.1,0,0.346527,-0.0560033,0
10.8,3.2,0,0.342876,-0.05469,0
10.8,3.3,0,0.33841,-0.0531492,0
10.8,3.4,0,0.332102,-0.051186,0
10.8,3.5,0,0.323077,-0.0485972,0
10.8,3.6,0,0.31309,-0.0457797,0
10.8,3.7,0,0.298819,-0.0421411,0
10.8,3.8,0,0.28246,-0.0380558,0
10.8,3.9,0,0.26333,-0.0336044,0
10.8,4,0,0.239793,-0.0285076,0
10.8,4.1,0,0.215178,-0.023301,0
10.8,4.2,0,0.187758,-0.018282,0
10.8,4.3,0,0.158592,-0.0132224,0
10.8,4.4,0,0.130233,-0.00882762,0
10.8,4.5,0,0.102658,-0.00541402,0
10.8,4.6,0,0.0756939,-0.00228414,0
10.8,4.7,0,0.0530727,-0.000748996,0
10.8,4.8,0,0.0323667,3.90359e-05,0
10.8,4.9,0,0.0142271,0.000405478,0
10.8,5,0,0,0,0
10.8,7,0,0,0,0
10.8,7.1,0,0.0229415,-0.00154901,0
10.8,7.2,0,0.0458855,-0.0022322,0
10.8,7.3,0,0.0694394,-0.00269401,0
10.8,7.4,0,0.0909502,-0.0030226,0
10.8,7.5,0,0.114177,-0.00281088,0
10.8,7.6,0,0.137528,-0.00222733,0
10.8,7.7,0,0.160568,-0.00147451,0
10.8,7.8,0,0.183355,-0.000574015,0
10.8,7.9,0,0.205752,0.00059397,0
10.8,8,0,0.227381,0.00200372,0
10.8,8.1,0,0.246812,0.00335214,0
10.8,8.2,0,0.265538,0.00496783,0
10.8,8.3,0,0.282416,0.00660903,0
10.8,8.4,0,0.295939,0.00792322,0
10.8,8.5,0,0.30903,0.00952238,0
10.8,8.6,0,0.319641,0.010901,0
10.8,8.7,0,0.327085,0.0118321,0
10.8,8.8,0,0.334671,0.0131286,0
10.8,8.9,0,0.339882,0.0140468,0
10.8,9,0,0.342896,0.01457,0
10.8,9.1,0,0.346218,0.0154615,0
10.8,9.2,0,0.347883,0.0159627,0
10.8,9.3,0,0.348559,0.0162724,0
10.8,9.4,0,0.349279,0.0168093,0
10.8,9.5,0,0.349128,0.0170495,0
10.8,9.6,0,0.348602,0.01724,0
10.8,9.7,0,0.348033,0.0175542,0
10.8,9.8,0,0.347056,0.0176428,0
10.8,9.9,0,0.345981,0.0177807,0
10.8,10,0,0.344853,0.0179632,0
10.8,10.1,0,0.343549,0.0179651,0
10.8,10.2,0,0.34225,0.0180869,0
10.8,10.3,0,0.340908,0.018188,0
10.8,10.4,0,0.339495,0.0181351,0
10.8,10.5,0,0.338115,0.0182578,0
10.8,10.6,0,0.336701,0.0183021,0
10.8,10.7,0,0.335264,0.0182087,0
10.8,10.8,0,0.333861,0.0183394,0
10.8,10.9,0,0.332432,0.0183327,0
10.8,11,0,0.331007,0.0182353,0
10.8,11.1,0,0.329598,0.0183322,0
10.8,11.2,0,0.328182,0.0182903,0
10.8,11.3,0,0.326778,0.0182131,0
10.8,11.4,0,0.325379,0.018269,0
10.8,11.5,0,0.323989,0.0181951,0
10.8,11.6,0,0.322613,0.0181369,0
10.8,11.7,0,0.321243,0.0181559,0
10.8,11.8,0,0.319907,0.0180525,0
10.8,11.9,0,0.318582,0.0180124,0
10.8,12,0,0.31729,0.0179948,0
10.8,12.1,0,0.31609,0.017855,0
10.8,12.2,0,0.314898,0.0178227,0
10.8,12.3,0,0.313838,0.0177502,0
10.8,12.4,0,0.313006,0.0175417,0
10.8,12.5,0,0.312173,0.0174801,0
10.8,12.6,0,0.311717,0.0174161,0
10.8,12.7,0,0.311725,0.0173204,0
10.9,0,0,0.31573,-0.0526243,0
10.9,0.1,0,0.31573,-0.0528403,0
10.9,0.2,0,0.316656,-0.0530198,0
10.9,0.3,0,0.317978,-0.0534027,0
10.9,0.4,0,0.319324,-0.0538162,0
10.9,0.5,0,0.320939,-0.0538713,0
10.9,0.6,0,0.322357,-0.0543095,0
10.9,0.7,0,0.323936,-0.0544907,0
10.9,0.8,0,0.325479,-0.0547583,0
10.9,0.9,0,0.326979,-0.0551053,0
10.9,1,0,0.328619,-0.0551573,0
10.9,1.1,0,0.330056,-0.0556206,0
10.9,1.2,0,0.331625,-0.0557902,0
10.9,1.3,0,0.333151,-0.0560382,0
10.9,1.4,0,0.334634,-0.0563716,0
10.9,1.5,0,0.336228,-0.0563828,0
10.9,1.6,0,0.337641,-0.0568367,0
10.9,1.7,0,0.339151,-0.056963,0
10.9,1.8,0,0.340611,-0.0571673,0
10.9,1.9,0,0.342021,-0.0574567,0
10.9,2,0,0.343453,-0.0573746,0
10.9,2.1,0,0.344758,-0.0577723,0
10.9,2.2,0,0.34602,-0.0577791,0
10.9,2.3,0,0.347193,-0.0578523,0
10.9,2.4,0,0.348251,-0.057991,0
10.9,2.5,0,0.348982,-0.0576462,0
10.9,2.6,0,0.349727,-0.0578264,0
10.9,2.7,0,0.349861,-0.0574526,0
10.9,2.8,0,0.349714,-0.0570902,0
10.9,2.9,0,0.349162,-0.0567123,0
10.9,3,0,0.347023,-0.0555564,0
10.9,3.1,0,0.345322,-0.05499,0
10.9,3.2,0,0.341184,-0.0534778,0
10.9,3.3,0,0.336145,-0.0518227,0
10.9,3.4,0,0.329942,-0.0499821,0
10.9,3.5,0,0.319097,-0.0468615,0
10.9,3.6,0,0.309688,-0.0443864,0
10.9,3.7,0,0.294515,-0.0405665,0
10.9,3.8,0,0.277432,-0.0364399,0
10.9,3.9,0,0.258722,-0.0321423,0
10.9,4,0,0.233101,-0.026869,0
10.9,4.1,0,0.210143,-0.0220769,0
10.9,4.2,0,0.182274,-0.0171494,0
10.9,4.3,0,0.15372,-0.0124328,0
10.9,4.4,0,0.126217,-0.00817522,0
10.9,4.5,0,0.0987029,-0.00524471,0
10.9,4.6,0,0.0736536,-0.00205879,0
10.9,4.7,0,0.0514316,-0.000818212,0
10.9,4.8,0,0.0317566,-0.000257608,0
10.9,4.9,0,0.0139051,0.000251779,0
10.9,5,0,0,0,0
10.9,7,0,0,0,0
10.9,7.1,0,0.0230053,-0.00158125,0
10.9,7.2,0,0.0470987,-0.00284491,0
10.9,7.3,0,0.0706526,-0.00330672,0
10.9,7.4,0,0.091831,-0.00365703,0
10.9,7.5,0,0.113812,-0.00352678,0
10.9,7.6,0,0.137163,-0.00294322,0
10.9,7.7,0,0.159863,-0.00221166,0
10.9,7.8,0,0.182066,-0.00134759,0
10.9,7.9,0,0.204464,-0.000179604,0
10.9,8,0,0.225835,0.00119267,0
10.9,8.1,0,0.245033,0.00250735,0
10.9,8.2,0,0.263759,0.00412304,0
10.9,8.3,0,0.28064,0.00573197,0
10.9,8.4,0,0.294165,0.00703126,0
10.9,8.5,0,0.307256,0.00863043,0
10.9,8.6,0,0.318167,0.0100182,0
10.9,8.7,0,0.325668,0.0109511,0
10.9,8.8,0,0.333254,0.0122476,0
10.9,8.9,0,0.338915,0.0132174,0
10.9,9,0,0.341928,0.0137406,0
10.9,9.1,0,0.345289,0.0146388,0
10.9,9.2,0,0.347287,0.0151971,0
10.9,9.3,0,0.347964,0.0155068,0
10.9,9.4,0,0.348749,0.016059,0
10.9,9.5,0,0.348781,0.0163422,0
10.9,9.6,0,0.348255,0.0165327,0
10.9,9.7,0,0.347749,0.0168668,0
10.9,9.8,0,0.346857,0.0169828,0
10.9,9.9,0,0.345782,0.0171207,0
10.9,10,0,0.344703,0.017325,0
10.9,10.1,0,0.343435,0.0173427,0
10.9,10.2,0,0.342136,0.0174645,0
10.9,10.3,0,0.340831,0.017588,0
10.9,10.4,0,0.339432,0.0175432,0
10.9,10.5,0,0.338052,0.0176659,0
10.9,10.6,0,0.336669,0.0177331,0
10.9,10.7,0,0.335236,0.0176424,0
10.9,10.8,0,0.333833,0.0177731,0
10.9,10.9,0,0.332432,0.0177884,0
10.9,11,0,0.331006,0.0176911,0
10.9,11.1,0,0.329601,0.017791,0
10.9,11.2,0,0.328205,0.0177652,0
10.9,11.3,0,0.326801,0.0176879,0
10.9,11.4,0,0.325409,0.0177491,0
10.9,11.5,0,0.324035,0.0176864,0
10.9,11.6,0,0.322659,0.0176281,0
10.9,11.7,0,0.321299,0.0176536,0
10.9,11.8,0,0.319975,0.0175573,0
10.9,11.9,0,0.31865,0.0175172,0
10.9,12,0,0.317374,0.0175065,0
10.9,12.1,0,0.316184,0.0173707,0
10.9,12.2,0,0.314992,0.0173385,0
10.9,12.3,0,0.313958,0.0172738,0
10.9,12.4,0,0.313132,0.0170673,0
10.9,12.5,0,0.312299,0.0170057,0
10.9,12.6,0,0.311858,0.0169479,0
10.9,12.7,0,0.311866,0.0168525,0
11,0,0,0.316226,-0.0518139,0
11,0.1,0,0.316886,-0.0519955,0
11,0.2,0,0.317546,-0.0521771,0
11,0.3,0,0.318585,-0.0524186,0
11,0.4,0,0.320003,-0.0527199,0
11,0.5,0,0.321421,-0.0530212,0
11,0.6,0,0.32295,-0.0532664,0
11,0.7,0,0.324479,-0.0535116,0
11,0.8,0,0.326012,-0.0537583,0
11,0.9,0,0.327547,-0.0540067,0
11,1,0,0.329082,-0.0542551,0
11,1.1,0,0.330605,-0.0544915,0
11,1.2,0,0.332128,-0.054728,0
11,1.3,0,0.33364,-0.0549568,0
11,1.4,0,0.33514,-0.0551781,0
11,1.5,0,0.33664,-0.0553994,0
11,1.6,0,0.338098,-0.0555957,0
11,1.7,0,0.339555,-0.0557921,0
11,1.8,0,0.340971,-0.0559678,0
11,1.9,0,0.342344,-0.0561228,0
11,2,0,0.343718,-0.0562778,0
11,2.1,0,0.344915,-0.0563607,0
11,2.2,0,0.346112,-0.0564436,0
11,2.3,0,0.347122,-0.0564615,0
11,2.4,0,0.347946,-0.0564142,0
11,2.5,0,0.348769,-0.0563669,0
11,2.6,0,0.348823,-0.0560839,0
11,2.7,0,0.348877,-0.0558009,0
11,2.8,0,0.348183,-0.055312,0
11,2.9,0,0.346742,-0.0546173,0
11,3,0,0.345301,-0.0539226,0
11,3.1,0,0.341179,-0.0525607,0
11,3.2,0,0.337058,-0.0511988,0
11,3.3,0,0.330774,-0.049356,0
11,3.4,0,0.322329,-0.0470323,0
11,3.5,0,0.313884,-0.0447085,0
11,3.6,0,0.2994,-0.0412343,0
11,3.7,0,0.284916,-0.0377601,0
11,3.8,0,0.26706,-0.0338143,0
11,3.9,0,0.245833,-0.0293969,0
11,4,0,0.224606,-0.0249795,0
11,4.1,0,0.198519,-0.0205014,0
11,4.2,0,0.172433,-0.0160233,0
11,4.3,0,0.146298,-0.0121098,0
11,4.4,0,0.120115,-0.00876109,0
11,4.5,0,0.0939324,-0.00541237,0
11,4.6,0,0.0726803,-0.00406623,0
11,4.7,0,0.0514283,-0.00272008,0
11,4.8,0,0.0326418,-0.00163761,0
11,4.9,0,0.0163209,-0.000818805,0
11,5,0,0,0,0
11,5.1,0,0,0,0
11,5.2,0,0,0,0
11,5.3,0,0,0,0
11,5.4,0,0,0,0
11,5.5,0,0,0,0
11,5.6,0,0,0,0
11,5.7,0,0,0,0
11,5.8,0,0,0,0
11,5.9,0,0,0,0
11,6,0,0,0,0
11,6.1,0,0,0,0
11,6.2,0,0,0,0
11,6.3,0,0,0,0
11,6.4,0,0,0,0
11,6.5,0,0,0,0
11,6.6,0,0,0,0
11,6.7,0,0,0,0
11,6.8,0,0,0,0
11,6.9,0,0,0,0
11,7,0,0,0,0
11,7.1,0,0.0241053,-0.00135226,0
11,7.2,0,0.0482106,-0.00270451,0
11,7.3,0,0.0719211,-0.00385466,0
11,7.4,0,0.0933943,-0.00385951,0
11,7.5,0,0.114868,-0.00386437,0
11,7.6,0,0.136544,-0.0036282,0
11,7.7,0,0.158696,-0.00282964,0
11,7.8,0,0.180848,-0.00203108,0
11,7.9,0,0.202122,-0.000995528,0
11,8,0,0.222324,0.000329689,0
11,8.1,0,0.242525,0.00165491,0
11,8.2,0,0.260063,0.00308147,0
11,8.3,0,0.275827,0.0045756,0
11,8.4,0,0.291591,0.00606972,0
11,8.5,0,0.303274,0.00742051,0
11,8.6,0,0.313596,0.00872351,0
11,8.7,0,0.323918,0.0100265,0
11,8.8,0,0.329951,0.0110119,0
11,8.9,0,0.335508,0.011962,0
11,9,0,0.340898,0.0128954,0
11,9.1,0,0.343141,0.0135109,0
11,9.2,0,0.345385,0.0141264,0
11,9.3,0,0.34724,0.0146934,0
11,9.4,0,0.347543,0.0150666,0
11,9.5,0,0.347847,0.0154398,0
11,9.6,0,0.347803,0.0157601,0
11,9.7,0,0.347116,0.0159825,0
11,9.8,0,0.34643,0.0162048,0
11,9.9,0,0.345518,0.0163832,0
11,10,0,0.344381,0.0165177,0
11,10.1,0,0.343243,0.0166522,0
11,10.2,0,0.341987,0.0167528,0
11,10.3,0,0.340667,0.0168351,0
11,10.4,0,0.339347,0.0169174,0
11,10.5,0,0.337975,0.0169723,0
11,10.6,0,0.33659,0.0170203,0
11,10.7,0,0.335206,0.0170684,0
11,10.8,0,0.333806,0.0170922,0
11,10.9,0,0.332407,0.0171148,0
11,11,0,0.331007,0.0171352,0
11,11.1,0,0.329614,0.0171366,0
11,11.2,0,0.32822,0.017138,0
11,11.3,0,0.326831,0.0171347,0
11,11.4,0,0.325456,0.0171174,0
11,11.5,0,0.324081,0.0171,0
11,11.6,0,0.322722,0.0170757,0
11,11.7,0,0.321387,0.0170411,0
11,11.8,0,0.320052,0.0170066,0
11,11.9,0,0.318772,0.0169605,0
11,12,0,0.317536,0.016905,0
11,12.1,0,0.3163,0.0168494,0
11,12.2,0,0.315244,0.0167652,0
11,12.3,0,0.314265,0.0166688,0
11,12.4,0,0.313286,0.0165723,0
11,12.5,0,0.312802,0.0165061,0
11,12.6,0,0.312405,0.0164454,0
11,12.7,0,0.312008,0.0163846,0
11.1,0,0,0.316445,-0.0514448,0
11.1,0.1,0,0.316839,-0.0516351,0
11.1,0.2,0,0.317499,-0.0518167,0
11.1,0.3,0,0.318727,-0.0521315,0
11.1,0.4,0,0.320145,-0.0524328,0
11.1,0.5,0,0.321624,-0.052637,0
11.1,0.6,0,0.323119,-0.0529508,0
11.1,0.7,0,0.324648,-0.0531959,0
11.1,0.8,0,0.326182,-0.0534374,0
11.1,0.9,0,0.327717,-0.0536858,0
11.1,1,0,0.329268,-0.0538528,0
11.1,1.1,0,0.330772,-0.0541583,0
11.1,1.2,0,0.332295,-0.0543947,0
11.1,1.3,0,0.3338,-0.0546106,0
11.1,1.4,0,0.3353,-0.0548319,0
11.1,1.5,0,0.336793,-0.0549714,0
11.1,1.6,0,0.338247,-0.0552349,0
11.1,1.7,0,0.339704,-0.0554312,0
11.1,1.8,0,0.341105,-0.0555912,0
11.1,1.9,0,0.342478,-0.0557462,0
11.1,2,0,0.343786,-0.0558152,0
11.1,2.1,0,0.345027,-0.0559676,0
11.1,2.2,0,0.346224,-0.0560505,0
11.1,2.3,0,0.3472,-0.0560511,0
11.1,2.4,0,0.348024,-0.0560038,0
11.1,2.5,0,0.34857,-0.0558419,0
11.1,2.6,0,0.348845,-0.0556547,0
11.1,2.7,0,0.348899,-0.0553717,0
11.1,2.8,0,0.348102,-0.0548599,0
11.1,2.9,0,0.346661,-0.0541652,0
11.1,3,0,0.344327,-0.053268,0
11.1,3.1,0,0.340907,-0.052077,0
11.1,3.2,0,0.336785,-0.0507151,0
11.1,3.3,0,0.330167,-0.048828,0
11.1,3.4,0,0.321722,-0.0465042,0
11.1,3.5,0,0.311416,-0.0439081,0
11.1,3.6,0,0.298263,-0.0406534,0
11.1,3.7,0,0.283779,-0.0371792,0
11.1,3.8,0,0.26521,-0.033195,0
11.1,3.9,0,0.243983,-0.0287777,0
11.1,4,0,0.221275,-0.0244261,0
11.1,4.1,0,0.195953,-0.0199222,0
11.1,4.2,0,0.169866,-0.0154441,0
11.1,4.3,0,0.143487,-0.011777,0
11.1,4.4,0,0.117305,-0.00842823,0
11.1,4.5,0,0.0925044,-0.00565595,0
11.1,4.6,0,0.0705298,-0.00409614,0
11.1,4.7,0,0.0492777,-0.00274999,0
11.1,4.8,0,0.0328004,-0.00259781,0
11.1,4.9,0,0.0164795,-0.00177901,0
11.1,5,0,0.00216741,-0.000921268,0
11.1,5.1,0,0.000880439,-0.00104242,0
11.1,5.2,0,0.000158149,-0.00107447,0
11.1,5.3,0,-0.00040847,-0.00104915,0
11.1,5.4,0,-0.000848191,-0.000978146,0
11.1,5.5,0,-0.00118302,-0.000872236,0
11.1,5.6,0,-0.0014292,-0.000739715,0
11.1,5.7,0,-0.00159815,-0.000588008,0
11.1,5.8,0,-0.00169727,-0.000424255,0
11.1,5.9,0,-0.00173046,-0.000255398,0
11.1,6,0,-0.00169845,-8.82924e-05,0
11.1,6.1,0,-0.00159892,7.01524e-05,0
11.1,6.2,0,-0.0014264,0.000212816,0
11.1,6.3,0,-0.00117199,0.000332208,0
11.1,6.4,0,-0.000822855,0.000420359,0
11.1,6.5,0,-0.000361597,0.000468843,0
11.1,6.6,0,0.000234383,0.000468666,0
11.1,6.7,0,0.000993112,0.000409948,0
11.1,6.8,0,0.00194768,0.000277771,0
11.1,6.9,0,0.00313546,4.64034e-05,0
11.1,7,0,0.0053186,-0.000380927,0
11.1,7.1,0,0.0276658,-0.00198899,0
11.1,7.2,0,0.0517711,-0.00334124,0
11.1,7.3,0,0.0724091,-0.00419968,0
11.1,7.4,0,0.0933713,-0.00436,0
11.1,7.5,0,0.114845,-0.00436485,0
11.1,7.6,0,0.136215,-0.00414845,0
11.1,7.7,0,0.158332,-0.00341256,0
11.1,7.8,0,0.180484,-0.002614,0
11.1,7.9,0,0.201884,-0.00157992,0
11.1,8,0,0.222086,-0.000254703,0
11.1,8.1,0,0.242287,0.00107051,0
11.1,8.2,0,0.260054,0.00254296,0
11.1,8.3,0,0.275818,0.00403708,0
11.1,8.4,0,0.29115,0.00553372,0
11.1,8.5,0,0.303379,0.00693417,0
11.1,8.6,0,0.313701,0.00823717,0
11.1,8.7,0,0.323197,0.00950149,0
11.1,8.8,0,0.330047,0.0105635,0
11.1,8.9,0,0.335603,0.0115136,0
11.1,9,0,0.340267,0.012393,0
11.1,9.1,0,0.343181,0.0130898,0
11.1,9.2,0,0.345424,0.0137053,0
11.1,9.3,0,0.346998,0.0142552,0
11.1,9.4,0,0.347534,0.0146668,0
11.1,9.5,0,0.347837,0.01504,0
11.1,9.6,0,0.347738,0.0153724,0
11.1,9.7,0,0.347081,0.0156014,0
11.1,9.8,0,0.346394,0.0158237,0
11.1,9.9,0,0.345475,0.0160194,0
11.1,10,0,0.344338,0.0161539,0
11.1,10.1,0,0.343192,0.0162857,0
11.1,10.2,0,0.341951,0.0164049,0
11.1,10.3,0,0.340631,0.0164872,0
11.1,10.4,0,0.33929,0.0165589,0
11.1,10.5,0,0.33795,0.0166389,0
11.1,10.6,0,0.336565,0.016687,0
11.1,10.7,0,0.33516,0.0167168,0
11.1,10.8,0,0.333794,0.0167719,0
11.1,10.9,0,0.332394,0.0167945,0
11.1,11,0,0.330989,0.0168019,0
11.1,11.1,0,0.329614,0.0168279,0
11.1,11.2,0,0.328221,0.0168293,0
11.1,11.3,0,0.326836,0.0168243,0
11.1,11.4,0,0.325468,0.0168188,0
11.1,11.5,0,0.324093,0.0168014,0
11.1,11.6,0,0.322742,0.0167859,0
11.1,11.7,0,0.321407,0.0167514,0
11.1,11.8,0,0.320072,0.0167168,0
11.1,11.9,0,0.318789,0.0166798,0
11.1,12,0,0.317553,0.0166242,0
11.1,12.1,0,0.316325,0.0165617,0
11.1,12.2,0,0.315235,0.0164961,0
11.1,12.3,0,0.314256,0.0163997,0
11.1,12.4,0,0.313329,0.016281,0
11.1,12.5,0,0.312729,0.016208,0
11.1,12.6,0,0.312332,0.0161472,0
11.1,12.7,0,0.312094,0.0160823,0
11.2,0,0,0.316665,-0.0510757,0
11.2,0.1,0,0.316792,-0.0512747,0
11.2,0.2,0,0.317595,-0.051448,0
11.2,0.3,0,0.318908,-0.0517958,0
11.2,0.4,0,0.320287,-0.0521457,0
11.2,0.5,0,0.321826,-0.0522527,0
11.2,0.6,0,0.323288,-0.0526351,0
11.2,0.7,0,0.324831,-0.0528387,0
11.2,0.8,0,0.326366,-0.0530778,0
11.2,0.9,0,0.327888,-0.0533648,0
11.2,1,0,0.329453,-0.0534506,0
11.2,1.1,0,0.330938,-0.053825,0
11.2,1.2,0,0.332465,-0.0540169,0
11.2,1.3,0,0.333967,-0.0542269,0
11.2,1.4,0,0.335459,-0.0544856,0
11.2,1.5,0,0.336946,-0.0545434,0
11.2,1.6,0,0.338396,-0.0548741,0
11.2,1.7,0,0.339839,-0.0550249,0
11.2,1.8,0,0.341232,-0.0551778,0
11.2,1.9,0,0.342612,-0.0553697,0
11.2,2,0,0.343854,-0.0553526,0
11.2,2.1,0,0.345139,-0.0555745,0
11.2,2.2,0,0.346259,-0.0556052,0
11.2,2.3,0,0.347221,-0.055598,0
11.2,2.4,0,0.348102,-0.0555935,0
11.2,2.5,0,0.348371,-0.0553168,0
11.2,2.6,0,0.348866,-0.0552256,0
11.2,2.7,0,0.348635,-0.0548598,0
11.2,2.8,0,0.347792,-0.0543377,0
11.2,2.9,0,0.346579,-0.0537132,0
11.2,3,0,0.343352,-0.0526133,0
11.2,3.1,0,0.340634,-0.0515932,0
11.2,3.2,0,0.335752,-0.0500902,0
11.2,3.3,0,0.328982,-0.0481832,0
11.2,3.4,0,0.321114,-0.0459762,0
11.2,3.5,0,0.308947,-0.0431078,0
11.2,3.6,0,0.297126,-0.0400726,0
11.2,3.7,0,0.281528,-0.0364978,0
11.2,3.8,0,0.262638,-0.0324963,0
11.2,3.9,0,0.242132,-0.0281584,0
11.2,4,0,0.217945,-0.0238727,0
11.2,4.1,0,0.193387,-0.019343,0
11.2,4.2,0,0.167233,-0.0150866,0
11.2,4.3,0,0.140745,-0.0115304,0
11.2,4.4,0,0.114494,-0.00809536,0
11.2,4.5,0,0.0910764,-0.00589953,0
11.2,4.6,0,0.0683792,-0.00412604,0
11.2,4.7,0,0.0482526,-0.00304468,0
11.2,4.8,0,0.0328145,-0.00331113,0
11.2,4.9,0,0.0166382,-0.00273921,0
11.2,5,0,0.00433481,-0.00184254,0
11.2,5.1,0,0.00176088,-0.00208484,0
11.2,5.2,0,0.000316298,-0.00214894,0
11.2,5.3,0,-0.00081694,-0.00209831,0
11.2,5.4,0,-0.00169638,-0.00195629,0
11.2,5.5,0,-0.00236605,-0.00174447,0
11.2,5.6,0,-0.00285839,-0.00147943,0
11.2,5.7,0,-0.00319629,-0.00117602,0
11.2,5.8,0,-0.00339454,-0.00084851,0
11.2,5.9,0,-0.00346092,-0.000510796,0
11.2,6,0,-0.00339691,-0.000176585,0
11.2,6.1,0,-0.00319784,0.000140305,0
11.2,6.2,0,-0.0028528,0.000425631,0
11.2,6.3,0,-0.00234398,0.000664415,0
11.2,6.4,0,-0.00164571,0.000840718,0
11.2,6.5,0,-0.000723195,0.000937686,0
11.2,6.6,0,0.000468765,0.000937331,0
11.2,6.7,0,0.00198622,0.000819895,0
11.2,6.8,0,0.00389535,0.000555542,0
11.2,6.9,0,0.00627091,9.28069e-05,0
11.2,7,0,0.0106372,-0.000761855,0
11.2,7.1,0,0.0312263,-0.00262572,0
11.2,7.2,0,0.0553316,-0.00397797,0
11.2,7.3,0,0.0732125,-0.00444878,0
11.2,7.4,0,0.0933483,-0.00486048,0
11.2,7.5,0,0.114779,-0.00482539,0
11.2,7.6,0,0.135997,-0.00446678,0
11.2,7.7,0,0.157968,-0.00399548,0
11.2,7.8,0,0.179838,-0.00309327,0
11.2,7.9,0,0.201136,-0.00201551,0
11.2,8,0,0.221848,-0.000839094,0
11.2,8.1,0,0.241142,0.00058466,0
11.2,8.2,0,0.2595,0.00203022,0
11.2,8.3,0,0.275809,0.00349857,0
11.2,8.4,0,0.289956,0.00500211,0
11.2,8.5,0,0.303364,0.00644367,0
11.2,8.6,0,0.313806,0.00775084,0
11.2,8.7,0,0.322193,0.00896327,0
11.2,8.8,0,0.330143,0.0101151,0
11.2,8.9,0,0.335699,0.0110652,0
11.2,9,0,0.339538,0.0118788,0
11.2,9.1,0,0.343221,0.0126687,0
11.2,9.2,0,0.345464,0.0132842,0
11.2,9.3,0,0.346517,0.0137772,0
11.2,9.4,0,0.347524,0.0142671,0
11.2,9.5,0,0.347726,0.0146255,0
11.2,9.6,0,0.347435,0.0149302,0
11.2,9.7,0,0.347045,0.0152203,0
11.2,9.8,0,0.346246,0.0154201,0
11.2,9.9,0,0.345326,0.0156205,0
11.2,10,0,0.344296,0.0157901,0
11.2,10.1,0,0.343072,0.0158975,0
11.2,10.2,0,0.341885,0.0160431,0
11.2,10.3,0,0.340594,0.0161394,0
11.2,10.4,0,0.339212,0.0161896,0
11.2,10.5,0,0.337924,0.0163056,0
11.2,10.6,0,0.336539,0.0163537,0
11.2,10.7,0,0.335112,0.0163626,0
11.2,10.8,0,0.333781,0.0164516,0
11.2,10.9,0,0.332381,0.0164742,0
11.2,11,0,0.330963,0.0164602,0
11.2,11.1,0,0.329615,0.0165192,0
11.2,11.2,0,0.328221,0.0165185,0
11.2,11.3,0,0.32683,0.0164931,0
11.2,11.4,0,0.32548,0.0165203,0
11.2,11.5,0,0.324105,0.0164916,0
11.2,11.6,0,0.322754,0.0164641,0
11.2,11.7,0,0.321426,0.0164616,0
11.2,11.8,0,0.320101,0.0164051,0
11.2,11.9,0,0.318814,0.0163782,0
11.2,12,0,0.31757,0.0163435,0
11.2,12.1,0,0.316376,0.0162516,0
11.2,12.2,0,0.315239,0.016218,0
11.2,12.3,0,0.314247,0.0161306,0
11.2,12.4,0,0.313404,0.0159762,0
11.2,12.5,0,0.312656,0.0159098,0
11.2,12.6,0,0.312259,0.015849,0
11.2,12.7,0,0.312181,0.01578,0
11.3,0,0,0.316884,-0.0507066,0
11.3,0.1,0,0.316772,-0.0509134,0
11.3,0.2,0,0.317808,-0.0510724,0
11.3,0.3,0,0.319121,-0.0514202,0
11.3,0.4,0,0.320435,-0.0518489,0
11.3,0.5,0,0.322029,-0.0518684,0
11.3,0.6,0,0.32346,-0.0523126,0
11.3,0.7,0,0.325025,-0.0524474,0
11.3,0.8,0,0.32656,-0.0526865,0
11.3,0.9,0,0.32806,-0.0530357,0
11.3,1,0,0.329638,-0.0530483,0
11.3,1.1,0,0.331107,-0.0534849,0
11.3,1.2,0,0.332637,-0.0536025,0
11.3,1.3,0,0.334139,-0.0538126,0
11.3,1.4,0,0.335619,-0.0541312,0
11.3,1.5,0,0.3371,-0.0541155,0
11.3,1.6,0,0.338546,-0.0545065,0
11.3,1.7,0,0.339961,-0.0545813,0
11.3,1.8,0,0.341354,-0.0547342,0
11.3,1.9,0,0.34274,-0.0549845,0
11.3,2,0,0.343923,-0.05489,0
11.3,2.1,0,0.345246,-0.0551744,0
11.3,2.2,0,0.346232,-0.0551171,0
11.3,2.3,0,0.347193,-0.05511,0
11.3,2.4,0,0.348153,-0.0551717,0
11.3,2.5,0,0.348171,-0.0547918,0
11.3,2.6,0,0.348866,-0.0547869,0
11.3,2.7,0,0.348139,-0.0542802,0
11.3,2.8,0,0.347295,-0.0537581,0
11.3,2.9,0,0.346408,-0.0532408,0
11.3,3,0,0.342378,-0.0519587,0
11.3,3.1,0,0.340292,-0.0510923,0
11.3,3.2,0,0.334096,-0.0493498,0
11.3,3.3,0,0.327326,-0.0474428,0
11.3,3.4,0,0.32032,-0.0454209,0
11.3,3.5,0,0.306479,-0.0423074,0
11.3,3.6,0,0.295856,-0.0394697,0
11.3,3.7,0,0.278367,-0.035734,0
11.3,3.8,0,0.259477,-0.0317326,0
11.3,3.9,0,0.240134,-0.0275457,0
11.3,4,0,0.214615,-0.0233193,0
11.3,4.1,0,0.190744,-0.0187664,0
11.3,4.2,0,0.164546,-0.0149106,0
11.3,4.3,0,0.138057,-0.0113544,0
11.3,4.4,0,0.111822,-0.00782014,0
11.3,4.5,0,0.0896484,-0.00614311,0
11.3,4.6,0,0.066301,-0.00417732,0
11.3,4.7,0,0.0481484,-0.00355601,0
11.3,4.8,0,0.0327102,-0.00382246,0
11.3,4.9,0,0.0169977,-0.00369552,0
11.3,5,0,0.00650222,-0.00276381,0
11.3,5.1,0,0.00264132,-0.00312727,0
11.3,5.2,0,0.000474446,-0.00322341,0
11.3,5.3,0,-0.00122541,-0.00314746,0
11.3,5.4,0,-0.00254457,-0.00293444,0
11.3,5.5,0,-0.00354907,-0.00261671,0
11.3,5.6,0,-0.00428759,-0.00221914,0
11.3,5.7,0,-0.00479444,-0.00176402,0
11.3,5.8,0,-0.00509181,-0.00127276,0
11.3,5.9,0,-0.00519139,-0.000766195,0
11.3,6,0,-0.00509536,-0.000264877,0
11.3,6.1,0,-0.00479676,0.000210457,0
11.3,6.2,0,-0.0042792,0.000638447,0
11.3,6.3,0,-0.00351597,0.000996623,0
11.3,6.4,0,-0.00246856,0.00126108,0
11.3,6.5,0,-0.00108479,0.00140653,0
11.3,6.6,0,0.000703148,0.001406,0
11.3,6.7,0,0.00297934,0.00122984,0
11.3,6.8,0,0.00584303,0.000833313,0
11.3,6.9,0,0.00940637,0.00013921,0
11.3,7,0,0.0159558,-0.00114278,0
11.3,7.1,0,0.0355887,-0.00314576,0
11.3,7.2,0,0.0565823,-0.00428998,0
11.3,7.3,0,0.0740158,-0.00469788,0
11.3,7.4,0,0.0933869,-0.00534222,0
11.3,7.5,0,0.114561,-0.00514372,0
11.3,7.6,0,0.13578,-0.00478511,0
11.3,7.7,0,0.157604,-0.0045784,0
11.3,7.8,0,0.179003,-0.00350367,0
11.3,7.9,0,0.200301,-0.00242592,0
11.3,8,0,0.22161,-0.00142349,0
11.3,8.1,0,0.23998,0.000100566,0
11.3,8.2,0,0.258338,0.00154613,0
11.3,8.3,0,0.2758,0.00296006,0
11.3,8.4,0,0.288762,0.0044705,0
11.3,8.5,0,0.30217,0.00591205,0
11.3,8.6,0,0.313687,0.00725404,0
11.3,8.7,0,0.321189,0.00842505,0
11.3,8.8,0,0.329458,0.00960284,0
11.3,8.9,0,0.335314,0.0105784,0
11.3,9,0,0.338808,0.0113646,0
11.3,9.1,0,0.343008,0.012217,0
11.3,9.2,0,0.345001,0.0128082,0
11.3,9.3,0,0.346035,0.0132992,0
11.3,9.4,0,0.347515,0.0138673,0
11.3,9.5,0,0.347423,0.0141834,0
11.3,9.6,0,0.347132,0.0144881,0
11.3,9.7,0,0.347009,0.0148392,0
11.3,9.8,0,0.346057,0.0150081,0
11.3,9.9,0,0.345136,0.0152085,0
11.3,10,0,0.344253,0.0154263,0
11.3,10.1,0,0.342951,0.0155094,0
11.3,10.2,0,0.341764,0.0156549,0
11.3,10.3,0,0.340557,0.0157915,0
11.3,10.4,0,0.339135,0.0158202,0
11.3,10.5,0,0.337848,0.0159375,0
11.3,10.6,0,0.336506,0.0160135,0
11.3,10.7,0,0.335064,0.0160084,0
11.3,10.8,0,0.333748,0.0161115,0
11.3,10.9,0,0.33236,0.0161386,0
11.3,11,0,0.330938,0.0161185,0
11.3,11.1,0,0.32961,0.0162038,0
11.3,11.2,0,0.328215,0.0161872,0
11.3,11.3,0,0.326824,0.0161618,0
11.3,11.4,0,0.325492,0.0162217,0
11.3,11.5,0,0.324117,0.0161691,0
11.3,11.6,0,0.322766,0.0161416,0
11.3,11.7,0,0.321446,0.0161718,0
11.3,11.8,0,0.320131,0.0160897,0
11.3,11.9,0,0.318844,0.0160628,0
11.3,12,0,0.317587,0.0160628,0
11.3,12.1,0,0.316428,0.0159414,0
11.3,12.2,0,0.31529,0.0159078,0
11.3,12.3,0,0.314244,0.0158588,0
11.3,12.4,0,0.313478,0.0156713,0
11.3,12.5,0,0.312707,0.015606,0
11.3,12.6,0,0.312259,0.015549,0
11.3,12.7,0,0.312267,0.0154777,0
11.4,0,0,0.317104,-0.0503375,0
11.4,0.1,0,0.316991,-0.0505443,0
11.4,0.2,0,0.318021,-0.0506969,0
11.4,0.3,0,0.319333,-0.0510447,0
11.4,0.4,0,0.320637,-0.0514647,0
11.4,0.5,0,0.322231,-0.0514841,0
11.4,0.6,0,0.323662,-0.0519283,0
11.4,0.7,0,0.32522,-0.0520562,0
11.4,0.8,0,0.326755,-0.0522953,0
11.4,0.9,0,0.328245,-0.0526335,0
11.4,1,0,0.329824,-0.052646,0
11.4,1.1,0,0.331292,-0.0530826,0
11.4,1.2,0,0.33281,-0.0531882,0
11.4,1.3,0,0.334312,-0.0533982,0
11.4,1.4,0,0.335772,-0.0537033,0
11.4,1.5,0,0.337253,-0.0536875,0
11.4,1.6,0,0.338699,-0.0540785,0
11.4,1.7,0,0.340083,-0.0541378,0
11.4,1.8,0,0.341476,-0.0542906,0
11.4,1.9,0,0.342808,-0.0545219,0
11.4,2,0,0.343991,-0.0544274,0
11.4,2.1,0,0.345315,-0.0547118,0
11.4,2.2,0,0.346204,-0.054629,0
11.4,2.3,0,0.347166,-0.0546219,0
11.4,2.4,0,0.347954,-0.0546466,0
11.4,2.5,0,0.347972,-0.0542668,0
11.4,2.6,0,0.348667,-0.0542618,0
11.4,2.7,0,0.347642,-0.0537007,0
11.4,2.8,0,0.346799,-0.0531785,0
11.4,2.9,0,0.345434,-0.0525862,0
11.4,3,0,0.341404,-0.051304,0
11.4,3.1,0,0.339317,-0.0504377,0
11.4,3.2,0,0.332439,-0.0486094,0
11.4,3.3,0,0.32567,-0.0467024,0
11.4,3.4,0,0.317852,-0.0446206,0
11.4,3.5,0,0.30401,-0.0415071,0
11.4,3.6,0,0.293387,-0.0386694,0
11.4,3.7,0,0.275205,-0.0349703,0
11.4,3.8,0,0.256315,-0.0309688,0
11.4,3.9,0,0.236803,-0.0269923,0
11.4,4,0,0.211284,-0.0227658,0
11.4,4.1,0,0.187414,-0.018213,0
11.4,4.2,0,0.161858,-0.0147346,0
11.4,4.3,0,0.135369,-0.0111784,0
11.4,4.4,0,0.110394,-0.00806372,0
11.4,4.5,0,0.0882204,-0.00638669,0
11.4,4.6,0,0.064873,-0.0044209,0
11.4,4.7,0,0.0480441,-0.00406733,0
11.4,4.8,0,0.032606,-0.00433378,0
11.4,4.9,0,0.0191651,-0.00461679,0
11.4,5,0,0.00866963,-0.00368507,0
11.4,5.1,0,0.00352176,-0.00416969,0
11.4,5.2,0,0.000632595,-0.00429788,0
11.4,5.3,0,-0.00163388,-0.00419661,0
11.4,5.4,0,-0.00339277,-0.00391258,0
11.4,5.5,0,-0.00473209,-0.00348894,0
11.4,5.6,0,-0.00571678,-0.00295886,0
11.4,5.7,0,-0.00639258,-0.00235203,0
11.4,5.8,0,-0.00678907,-0.00169702,0
11.4,5.9,0,-0.00692185,-0.00102159,0
11.4,6,0,-0.00679382,-0.00035317,0
11.4,6.1,0,-0.00639568,0.00028061,0
11.4,6.2,0,-0.0057056,0.000851262,0
11.4,6.3,0,-0.00468796,0.00132883,0
11.4,6.4,0,-0.00329142,0.00168144,0
11.4,6.5,0,-0.00144639,0.00187537,0
11.4,6.6,0,0.000937531,0.00187466,0
11.4,6.7,0,0.00397245,0.00163979,0
11.4,6.8,0,0.0077907,0.00111108,0
11.4,6.9,0,0.0125418,0.000185614,0
11.4,7,0,0.0212744,-0.00152371,0
11.4,7.1,0,0.0409073,-0.00352669,0
11.4,7.2,0,0.0573857,-0.00453907,0
11.4,7.3,0,0.0748191,-0.00494698,0
11.4,7.4,0,0.0941902,-0.00559132,0
11.4,7.5,0,0.114344,-0.00546204,0
11.4,7.6,0,0.135562,-0.00510344,0
11.4,7.7,0,0.157315,-0.00496813,0
11.4,7.8,0,0.178168,-0.00391408,0
11.4,7.9,0,0.199467,-0.00283632,0
11.4,8,0,0.220781,-0.00190971,0
11.4,8.1,0,0.238819,-0.000383528,0
11.4,8.2,0,0.257177,0.00106203,0
11.4,8.3,0,0.274819,0.00242721,0
11.4,8.4,0,0.287568,0.00393888,0
11.4,8.5,0,0.300975,0.00538044,0
11.4,8.6,0,0.312684,0.00671582,0
11.4,8.7,0,0.320186,0.00788683,0
11.4,8.8,0,0.328454,0.00906462,0
11.4,8.9,0,0.334585,0.0100642,0
11.4,9,0,0.338079,0.0108504,0
11.4,9.1,0,0.342279,0.0117028,0
11.4,9.2,0,0.344519,0.0123302,0
11.4,9.3,0,0.345554,0.0128212,0
11.4,9.4,0,0.347058,0.0133934,0
11.4,9.5,0,0.34712,0.0137413,0
11.4,9.6,0,0.34683,0.0140459,0
11.4,9.7,0,0.346794,0.0144179,0
11.4,9.8,0,0.345867,0.0145961,0
11.4,9.9,0,0.344947,0.0147964,0
11.4,10,0,0.344139,0.0150398,0
11.4,10.1,0,0.34283,0.0151212,0
11.4,10.2,0,0.341643,0.0152667,0
11.4,10.3,0,0.340481,0.0154233,0
11.4,10.4,0,0.339057,0.0154508,0
11.4,10.5,0,0.33777,0.0155681,0
11.4,10.6,0,0.336458,0.0156593,0
11.4,10.7,0,0.335015,0.0156542,0
11.4,10.8,0,0.3337,0.0157573,0
11.4,10.9,0,0.332334,0.0157969,0
11.4,11,0,0.330912,0.0157768,0
11.4,11.1,0,0.329585,0.015862,0
11.4,11.2,0,0.328209,0.015856,0
11.4,11.3,0,0.326818,0.0158306,0
11.4,11.4,0,0.325489,0.0158964,0
11.4,11.5,0,0.324129,0.0158467,0
11.4,11.6,0,0.322778,0.0158191,0
11.4,11.7,0,0.321466,0.0158597,0
11.4,11.8,0,0.320161,0.0157744,0
11.4,11.9,0,0.318874,0.0157475,0
11.4,12,0,0.317628,0.0157597,0
11.4,12.1,0,0.316479,0.0156312,0
11.4,12.2,0,0.315341,0.0155977,0
11.4,12.3,0,0.314318,0.0155539,0
11.4,12.4,0,0.313553,0.0153664,0
11.4,12.5,0,0.312781,0.0153011,0
11.4,12.6,0,0.312345,0.0152467,0
11.4,12.7,0,0.312354,0.0151754,0
11.5,0,0,0.317323,-0.0499684,0
11.5,0.1,0,0.31738,-0.0501654,0
11.5,0.2,0,0.318234,-0.0503213,0
11.5,0.3,0,0.319546,-0.0506691,0
11.5,0.4,0,0.320886,-0.0510229,0
11.5,0.5,0,0.322434,-0.0510998,0
11.5,0.6,0,0.323881,-0.0514949,0
11.5,0.7,0,0.325414,-0.051665,0
11.5,0.8,0,0.326949,-0.051904,0
11.5,0.9,0,0.328446,-0.0521855,0
11.5,1,0,0.330009,-0.0522438,0
11.5,1.1,0,0.331482,-0.0526276,0
11.5,1.2,0,0.332983,-0.0527738,0
11.5,1.3,0,0.334484,-0.0529839,0
11.5,1.4,0,0.335933,-0.053231,0
11.5,1.5,0,0.337406,-0.0532595,0
11.5,1.6,0,0.338834,-0.0535968,0
11.5,1.7,0,0.340205,-0.0536942,0
11.5,1.8,0,0.341598,-0.0538471,0
11.5,1.9,0,0.342869,-0.0540157,0
11.5,2,0,0.344059,-0.0539648,0
11.5,2.1,0,0.345293,-0.0541875,0
11.5,2.2,0,0.346177,-0.054141,0
11.5,2.3,0,0.347139,-0.0541338,0
11.5,2.4,0,0.347686,-0.0540711,0
11.5,2.5,0,0.347773,-0.0537418,0
11.5,2.6,0,0.348131,-0.053639,0
11.5,2.7,0,0.347146,-0.0531211,0
11.5,2.8,0,0.346302,-0.0525989,0
11.5,2.9,0,0.34419,-0.0518486,0
11.5,3,0,0.34043,-0.0506494,0
11.5,3.1,0,0.337444,-0.0496163,0
11.5,3.2,0,0.330783,-0.0478691,0
11.5,3.3,0,0.324014,-0.0459621,0
11.5,3.4,0,0.314702,-0.0436822,0
11.5,3.5,0,0.301542,-0.0407067,0
11.5,3.6,0,0.289603,-0.0377502,0
11.5,3.7,0,0.272044,-0.0342065,0
11.5,3.8,0,0.253154,-0.0302051,0
11.5,3.9,0,0.232621,-0.0263449,0
11.5,4,0,0.207954,-0.0222124,0
11.5,4.1,0,0.184004,-0.0179216,0
11.5,4.2,0,0.15917,-0.0145586,0
11.5,4.3,0,0.132681,-0.0110024,0
11.5,4.4,0,0.109046,-0.00840927,0
11.5,4.5,0,0.0867924,-0.00663027,0
11.5,4.6,0,0.0647751,-0.0049774,0
11.5,4.7,0,0.0479399,-0.00457866,0
11.5,4.8,0,0.0325017,-0.00484511,0
11.5,4.9,0,0.0211616,-0.00524629,0
11.5,5,0,0.010837,-0.00460634,0
11.5,5.1,0,0.0044022,-0.00521211,0
11.5,5.2,0,0.000790744,-0.00537236,0
11.5,5.3,0,-0.00204235,-0.00524577,0
11.5,5.4,0,-0.00424096,-0.00489073,0
11.5,5.5,0,-0.00591511,-0.00436118,0
11.5,5.6,0,-0.00714598,-0.00369857,0
11.5,5.7,0,-0.00799073,-0.00294004,0
11.5,5.8,0,-0.00848634,-0.00212127,0
11.5,5.9,0,-0.00865231,-0.00127699,0
11.5,6,0,-0.00849227,-0.000441462,0
11.5,6.1,0,-0.00799461,0.000350762,0
11.5,6.2,0,-0.007132,0.00106408,0
11.5,6.3,0,-0.00585994,0.00166104,0
11.5,6.4,0,-0.00411427,0.00210179,0
11.5,6.5,0,-0.00180799,0.00234422,0
11.5,6.6,0,0.00117191,0.00234333,0
11.5,6.7,0,0.00496556,0.00204974,0
11.5,6.8,0,0.00973838,0.00138886,0
11.5,6.9,0,0.0156773,0.000232017,0
11.5,7,0,0.026593,-0.00190464,0
11.5,7.1,0,0.0454157,-0.00379371,0
11.5,7.2,0,0.058189,-0.00478817,0
11.5,7.3,0,0.0756225,-0.00519608,0
11.5,7.4,0,0.0948621,-0.00571738,0
11.5,7.5,0,0.114126,-0.00578037,0
11.5,7.6,0,0.135345,-0.00542177,0
11.5,7.7,0,0.156627,-0.00511395,0
11.5,7.8,0,0.177333,-0.00432449,0
11.5,7.9,0,0.198632,-0.00324673,0
11.5,8,0,0.219023,-0.00221982,0
11.5,8.1,0,0.237658,-0.000867622,0
11.5,8.2,0,0.256016,0.00057794,0
11.5,8.3,0,0.272553,0.00194619,0
11.5,8.4,0,0.286373,0.00340727,0
11.5,8.5,0,0.299781,0.00484883,0
11.5,8.6,0,0.310968,0.00615277,0
11.5,8.7,0,0.319182,0.00734861,0
11.5,8.8,0,0.327418,0.0085238,0
11.5,8.9,0,0.333672,0.00953497,0
11.5,9,0,0.33735,0.0103362,0
11.5,9.1,0,0.34133,0.0111646,0
11.5,9.2,0,0.344038,0.0118522,0
11.5,9.3,0,0.345072,0.0123432,0
11.5,9.4,0,0.346341,0.0128814,0
11.5,9.5,0,0.346817,0.0132991,0
11.5,9.6,0,0.346527,0.0136038,0
11.5,9.7,0,0.346337,0.0139448,0
11.5,9.8,0,0.345678,0.014184,0
11.5,9.9,0,0.344757,0.0143844,0
11.5,10,0,0.343872,0.0146034,0
11.5,10.1,0,0.34271,0.014733,0
11.5,10.2,0,0.341523,0.0148786,0
11.5,10.3,0,0.340336,0.0150215,0
11.5,10.4,0,0.338979,0.0150814,0
11.5,10.5,0,0.337692,0.0151988,0
11.5,10.6,0,0.336388,0.0152899,0
11.5,10.7,0,0.334967,0.0153,0
11.5,10.8,0,0.333649,0.0153995,0
11.5,10.9,0,0.332308,0.0154539,0
11.5,11,0,0.330887,0.0154351,0
11.5,11.1,0,0.329556,0.015508,0
11.5,11.2,0,0.328203,0.0155248,0
11.5,11.3,0,0.326812,0.0154994,0
11.5,11.4,0,0.325483,0.0155429,0
11.5,11.5,0,0.324141,0.0155242,0
11.5,11.6,0,0.322789,0.0154967,0
11.5,11.7,0,0.321488,0.0155117,0
11.5,11.8,0,0.320191,0.015459,0
11.5,11.9,0,0.318904,0.0154321,0
11.5,12,0,0.317693,0.0154149,0
11.5,12.1,0,0.31653,0.015321,0
11.5,12.2,0,0.315393,0.0152875,0
11.5,12.3,0,0.314434,0.0152213,0
11.5,12.4,0,0.313627,0.0150615,0
11.5,12.5,0,0.312856,0.0149962,0
11.5,12.6,0,0.312475,0.0149424,0
11.5,12.7,0,0.31244,0.0148731,0
11.6,0,0,0.317543,-0.0495993,0
11.6,0.1,0,0.317859,-0.0497811,0
11.6,0.2,0,0.3185,-0.049944,0
11.6,0.3,0,0.319771,-0.0502741,0
11.6,0.4,0,0.321159,-0.0505501,0
11.6,0.5,0,0.322636,-0.0507156,0
11.6,0.6,0,0.32411,-0.051035,0
11.6,0.7,0,0.325615,-0.05126,0
11.6,0.8,0,0.327146,-0.0514965,0
11.6,0.9,0,0.328656,-0.051713,0
11.6,1,0,0.330195,-0.0518415,0
11.6,1.1,0,0.331673,-0.0521443,0
11.6,1.2,0,0.333159,-0.0523457,0
11.6,1.3,0,0.334656,-0.0525532,0
11.6,1.4,0,0.336099,-0.0527349,0
11.6,1.5,0,0.337559,-0.0528315,0
11.6,1.6,0,0.33896,-0.0530861,0
11.6,1.7,0,0.340327,-0.0532372,0
11.6,1.8,0,0.341707,-0.0533863,0
11.6,1.9,0,0.342925,-0.0534861,0
11.6,2,0,0.344128,-0.0535022,0
11.6,2.1,0,0.345222,-0.0536299,0
11.6,2.2,0,0.346141,-0.053639,0
11.6,2.3,0,0.347056,-0.0536228,0
11.6,2.4,0,0.347381,-0.0534683,0
11.6,2.5,0,0.347574,-0.0532167,0
11.6,2.6,0,0.347413,-0.0529635,0
11.6,2.7,0,0.346605,-0.0525223,0
11.6,2.8,0,0.345627,-0.0519788,0
11.6,2.9,0,0.342801,-0.0510665,0
11.6,3,0,0.339456,-0.0499947,0
11.6,3.1,0,0.335086,-0.048705,0
11.6,3.2,0,0.328987,-0.0470945,0
11.6,3.3,0,0.321986,-0.0451672,0
11.6,3.4,0,0.311185,-0.0426695,0
11.6,3.5,0,0.299074,-0.0399064,0
11.6,3.6,0,0.28511,-0.0367669,0
11.6,3.7,0,0.268616,-0.0333989,0
11.6,3.8,0,0.249696,-0.0294545,0
11.6,3.9,0,0.227979,-0.025647,0
11.6,4,0,0.204623,-0.021659,0
11.6,4.1,0,0.180552,-0.0177714,0
11.6,4.2,0,0.15633,-0.0143878,0
11.6,4.3,0,0.13027,-0.0109417,0
11.6,4.4,0,0.107741,-0.00880971,0
11.6,4.5,0,0.0853644,-0.00687385,0
11.6,4.6,0,0.0653934,-0.0057024,0
11.6,4.7,0,0.0479801,-0.00513272,0
11.6,4.8,0,0.0327992,-0.00534865,0
11.6,4.9,0,0.0230661,-0.00571868,0
11.6,5,0,0.0130044,-0.00552761,0
11.6,5.1,0,0.00528264,-0.00625453,0
11.6,5.2,0,0.000948893,-0.00644683,0
11.6,5.3,0,-0.00245082,-0.00629492,0
11.6,5.4,0,-0.00508915,-0.00586887,0
11.6,5.5,0,-0.00709814,-0.00523342,0
11.6,5.6,0,-0.00857517,-0.00443829,0
11.6,5.7,0,-0.00958888,-0.00352805,0
11.6,5.8,0,-0.0101836,-0.00254553,0
11.6,5.9,0,-0.0103828,-0.00153239,0
11.6,6,0,-0.0101907,-0.000529754,0
11.6,6.1,0,-0.00959353,0.000420914,0
11.6,6.2,0,-0.0085584,0.00127689,0
11.6,6.3,0,-0.00703193,0.00199325,0
11.6,6.4,0,-0.00493713,0.00252215,0
11.6,6.5,0,-0.00216958,0.00281306,0
11.6,6.6,0,0.0014063,0.00281199,0
11.6,6.7,0,0.00595867,0.00245969,0
11.6,6.8,0,0.0116861,0.00166663,0
11.6,6.9,0,0.0188127,0.000278421,0
11.6,7,0,0.0319116,-0.00228556,0
11.6,7.1,0,0.0479771,-0.00378701,0
11.6,7.2,0,0.0605963,-0.00480391,0
11.6,7.3,0,0.0764258,-0.00544518,0
11.6,7.4,0,0.0954708,-0.00578433,0
11.6,7.5,0,0.114347,-0.00596529,0
11.6,7.6,0,0.135127,-0.00574009,0
11.6,7.7,0,0.155938,-0.00525976,0
11.6,7.8,0,0.17652,-0.00469544,0
11.6,7.9,0,0.197797,-0.00365714,0
11.6,8,0,0.217265,-0.00252993,0
11.6,8.1,0,0.236496,-0.00135172,0
11.6,8.2,0,0.254527,9.57521e-05,0
11.6,8.3,0,0.270207,0.001469,0
11.6,8.4,0,0.285179,0.00287566,0
11.6,8.5,0,0.297858,0.00428308,0
11.6,8.6,0,0.308665,0.00556927,0
11.6,8.7,0,0.318179,0.00681039,0
11.6,8.8,0,0.325589,0.00791979,0
11.6,8.9,0,0.331843,0.00893096,0
11.6,9,0,0.33662,0.00982196,0
11.6,9.1,0,0.340079,0.0105935,0
11.6,9.2,0,0.342952,0.0113011,0
11.6,9.3,0,0.344591,0.0118652,0
11.6,9.4,0,0.345566,0.012361,0
11.6,9.5,0,0.346324,0.0128254,0
11.6,9.6,0,0.346224,0.0131616,0
11.6,9.7,0,0.345881,0.0134717,0
11.6,9.8,0,0.345482,0.0137707,0
11.6,9.9,0,0.344566,0.0139719,0
11.6,10,0,0.343604,0.014167,0
11.6,10.1,0,0.342589,0.0143448,0
11.6,10.2,0,0.341385,0.0144817,0
11.6,10.3,0,0.340174,0.0146118,0
11.6,10.4,0,0.338901,0.0147121,0
11.6,10.5,0,0.337597,0.014813,0
11.6,10.6,0,0.336287,0.0148996,0
11.6,10.7,0,0.334919,0.0149457,0
11.6,10.8,0,0.333588,0.0150239,0
11.6,10.9,0,0.332246,0.0150783,0
11.6,11,0,0.330862,0.0150933,0
11.6,11.1,0,0.329524,0.0151438,0
11.6,11.2,0,0.328179,0.0151719,0
11.6,11.3,0,0.326806,0.0151681,0
11.6,11.4,0,0.325477,0.0151878,0
11.6,11.5,0,0.324148,0.0151927,0
11.6,11.6,0,0.322801,0.0151742,0
11.6,11.7,0,0.32151,0.0151636,0
11.6,11.8,0,0.320221,0.0151436,0
11.6,11.9,0,0.318939,0.0151123,0
11.6,12,0,0.317757,0.01507,0
11.6,12.1,0,0.316581,0.0150108,0
11.6,12.2,0,0.315488,0.0149583,0
11.6,12.3,0,0.314569,0.0148753,0
11.6,12.4,0,0.313702,0.0147566,0
11.6,12.5,0,0.313076,0.0146876,0
11.6,12.6,0,0.312709,0.0146334,0
11.6,12.7,0,0.312526,0.0145708,0
11.7,0,0,0.317762,-0.0492302,0
11.7,0.1,0,0.318338,-0.0493969,0
11.7,0.2,0,0.318979,-0.0495598,0
11.7,0.3,0,0.320045,-0.0498014,0
11.7,0.4,0,0.321433,-0.0500774,0
11.7,0.5,0,0.322838,-0.0503313,0
11.7,0.6,0,0.324338,-0.0505751,0
11.7,0.7,0,0.325844,-0.0508001,0
11.7,0.8,0,0.327356,-0.051024,0
11.7,0.9,0,0.328865,-0.0512404,0
11.7,1,0,0.33038,-0.0514393,0
11.7,1.1,0,0.331865,-0.0516609,0
11.7,1.2,0,0.33335,-0.0518623,0
11.7,1.3,0,0.334822,-0.0520571,0
11.7,1.4,0,0.336265,-0.0522388,0
11.7,1.5,0,0.337712,-0.0524036,0
11.7,1.6,0,0.339086,-0.0525754,0
11.7,1.7,0,0.340453,-0.0527265,0
11.7,1.8,0,0.341763,-0.0528567,0
11.7,1.9,0,0.342981,-0.0529565,0
11.7,2,0,0.344196,-0.0530396,0
11.7,2.1,0,0.345151,-0.0530724,0
11.7,2.2,0,0.34607,-0.0530815,0
11.7,2.3,0,0.346751,-0.0530201,0
11.7,2.4,0,0.347076,-0.0528656,0
11.7,2.5,0,0.347375,-0.0526917,0
11.7,2.6,0,0.346696,-0.0522881,0
11.7,2.7,0,0.345887,-0.0518468,0
11.7,2.8,0,0.344238,-0.0511967,0
11.7,2.9,0,0.341412,-0.0502843,0
11.7,3,0,0.338482,-0.0493401,0
11.7,3.1,0,0.332728,-0.0477937,0
11.7,3.2,0,0.326629,-0.0461833,0
11.7,3.3,0,0.318469,-0.0441545,0
11.7,3.4,0,0.307668,-0.0416568,0
11.7,3.5,0,0.296605,-0.039106,0
11.7,3.6,0,0.280617,-0.0357837,0
11.7,3.7,0,0.264123,-0.0324157,0
11.7,3.8,0,0.245055,-0.0287566,0
11.7,3.9,0,0.223338,-0.0249491,0
11.7,4,0,0.201293,-0.0211055,0
11.7,4.1,0,0.177101,-0.0176211,0
11.7,4.2,0,0.152878,-0.0142376,0
11.7,4.3,0,0.128965,-0.0113421,0
11.7,4.4,0,0.106435,-0.00921016,0
11.7,4.5,0,0.0839364,-0.00711743,0
11.7,4.6,0,0.0660117,-0.00642739,0
11.7,4.7,0,0.0485984,-0.00585771,0
11.7,4.8,0,0.0347037,-0.00582104,0
11.7,4.9,0,0.0249706,-0.00619107,0
11.7,5,0,0.0151718,-0.00644888,0
11.7,5.1,0,0.00616308,-0.00729696,0
11.7,5.2,0,0.00110704,-0.0075213,0
11.7,5.3,0,-0.00285929,-0.00734407,0
11.7,5.4,0,-0.00593734,-0.00684702,0
11.7,5.5,0,-0.00828116,-0.00610565,0
11.7,5.6,0,-0.0100044,-0.005178,0
11.7,5.7,0,-0.011187,-0.00411606,0
11.7,5.8,0,-0.0118809,-0.00296978,0
11.7,5.9,0,-0.0121132,-0.00178779,0
11.7,6,0,-0.0118892,-0.000618047,0
11.7,6.1,0,-0.0111924,0.000491067,0
11.7,6.2,0,-0.0099848,0.00148971,0
11.7,6.3,0,-0.00820392,0.00232545,0
11.7,6.4,0,-0.00575998,0.00294251,0
11.7,6.5,0,-0.00253118,0.0032819,0
11.7,6.6,0,0.00164068,0.00328066,0
11.7,6.7,0,0.00695178,0.00286963,0
11.7,6.8,0,0.0136337,0.0019444,0
11.7,6.9,0,0.0219482,0.000324824,0
11.7,7,0,0.0372302,-0.00266649,0
11.7,7.1,0,0.0505386,-0.0037803,0
11.7,7.2,0,0.0631577,-0.00479721,0
11.7,7.3,0,0.0772035,-0.00567031,0
11.7,7.4,0,0.0960795,-0.00585127,0
11.7,7.5,0,0.114956,-0.00603223,0
11.7,7.6,0,0.134668,-0.0059699,0
11.7,7.7,0,0.15525,-0.00540558,0
11.7,7.8,0,0.175832,-0.00484125,0
11.7,7.9,0,0.196136,-0.00397781,0
11.7,8,0,0.215507,-0.00284004,0
11.7,8.1,0,0.234877,-0.00170227,0
11.7,8.2,0,0.25218,-0.000381444,0
11.7,8.3,0,0.26786,0.000991801,0
11.7,8.4,0,0.28354,0.00236505,0
11.7,8.5,0,0.295555,0.00369958,0
11.7,8.6,0,0.306362,0.00498577,0
11.7,8.7,0,0.317169,0.00627197,0
11.7,8.8,0,0.32376,0.00731578,0
11.7,8.9,0,0.330015,0.00832695,0
11.7,9,0,0.335891,0.00930775,0
11.7,9.1,0,0.338828,0.0100224,0
11.7,9.2,0,0.341702,0.01073,0
11.7,9.3,0,0.344033,0.0113762,0
11.7,9.4,0,0.344791,0.0118406,0
11.7,9.5,0,0.345549,0.012305,0
11.7,9.6,0,0.345822,0.0126997,0
11.7,9.7,0,0.345424,0.0129986,0
11.7,9.8,0,0.345026,0.0132976,0
11.7,9.9,0,0.344299,0.0135355,0
11.7,10,0,0.343336,0.0137306,0
11.7,10.1,0,0.342374,0.0139258,0
11.7,10.2,0,0.341224,0.014072,0
11.7,10.3,0,0.340012,0.0142021,0
11.7,10.4,0,0.338801,0.0143323,0
11.7,10.5,0,0.337496,0.0144227,0
11.7,10.6,0,0.336187,0.0145093,0
11.7,10.7,0,0.33487,0.0145915,0
11.7,10.8,0,0.333527,0.0146483,0
11.7,10.9,0,0.332185,0.0147026,0
11.7,11,0,0.330836,0.0147515,0
11.7,11.1,0,0.329492,0.0147796,0
11.7,11.2,0,0.328147,0.0148077,0
11.7,11.3,0,0.3268,0.0148277,0
11.7,11.4,0,0.325471,0.0148326,0
11.7,11.5,0,0.324141,0.0148376,0
11.7,11.6,0,0.322821,0.0148322,0
11.7,11.7,0,0.321533,0.0148156,0
11.7,11.8,0,0.320244,0.014799,0
11.7,11.9,0,0.319004,0.0147675,0
11.7,12,0,0.317822,0.0147252,0
11.7,12.1,0,0.316639,0.0146828,0
11.7,12.2,0,0.315623,0.0146123,0
11.7,12.3,0,0.314704,0.0145293,0
11.7,12.4,0,0.313784,0.0144464,0
11.7,12.5,0,0.31331,0.0143786,0
11.7,12.6,0,0.312943,0.0143244,0
11.7,12.7,0,0.312613,0.0142685,0
11.8,0,0,0.318002,-0.0488154,0
11.8,0.1,0,0.318486,-0.0489284,0
11.8,0.2,0,0.319127,-0.0490913,0
11.8,0.3,0,0.320263,-0.0493544,0
11.8,0.4,0,0.321651,-0.0496304,0
11.8,0.5,0,0.323053,-0.0499011,0
11.8,0.6,0,0.32456,-0.0501159,0
11.8,0.7,0,0.326066,-0.0503408,0
11.8,0.8,0,0.327569,-0.0505552,0
11.8,0.9,0,0.329078,-0.0507716,0
11.8,1,0,0.330569,-0.0509923,0
11.8,1.1,0,0.332064,-0.0511816,0
11.8,1.2,0,0.33355,-0.051383,0
11.8,1.3,0,0.335002,-0.0515671,0
11.8,1.4,0,0.336445,-0.0517489,0
11.8,1.5,0,0.337857,-0.0519352,0
11.8,1.6,0,0.339238,-0.0520744,0
11.8,1.7,0,0.340605,-0.0522255,0
11.8,1.8,0,0.341871,-0.0523438,0
11.8,1.9,0,0.343089,-0.0524437,0
11.8,2,0,0.344223,-0.05254,0
11.8,2.1,0,0.345183,-0.052545,0
11.8,2.2,0,0.346102,-0.0525541,0
11.8,2.3,0,0.34665,-0.0524717,0
11.8,2.4,0,0.346975,-0.0523172,0
11.8,2.5,0,0.347034,-0.0521252,0
11.8,2.6,0,0.346361,-0.0517065,0
11.8,2.7,0,0.345552,-0.0512653,0
11.8,2.8,0,0.34351,-0.0505643,0
11.8,2.9,0,0.340684,-0.0496519,0
11.8,3,0,0.337186,-0.0486386,0
11.8,3.1,0,0.331402,-0.0470939,0
11.8,3.2,0,0.325303,-0.0454834,0
11.8,3.3,0,0.316352,-0.0433894,0
11.8,3.4,0,0.305551,-0.0408917,0
11.8,3.5,0,0.293805,-0.038307,0
11.8,3.6,0,0.277669,-0.0350031,0
11.8,3.7,0,0.261175,-0.031635,0
11.8,3.8,0,0.24157,-0.0280833,0
11.8,3.9,0,0.219853,-0.0242759,0
11.8,4,0,0.198125,-0.0206419,0
11.8,4.1,0,0.173788,-0.017227,0
11.8,4.2,0,0.149565,-0.0138434,0
11.8,4.3,0,0.126645,-0.0113391,0
11.8,4.4,0,0.104115,-0.00920711,0
11.8,4.5,0,0.0828534,-0.00731524,0
11.8,4.6,0,0.0649984,-0.00674781,0
11.8,4.7,0,0.0475851,-0.00617813,0
11.8,4.8,0,0.0342674,-0.00621195,0
11.8,4.9,0,0.0245343,-0.00658198,0
11.8,5,0,0.0158328,-0.00679246,0
11.8,5.1,0,0.00637032,-0.00759534,0
11.8,5.2,0,0.00102515,-0.00780273,0
11.8,5.3,0,-0.00319126,-0.00762743,0
11.8,5.4,0,-0.00647904,-0.00714619,0
11.8,5.5,0,-0.00899145,-0.00642997,0
11.8,5.6,0,-0.0108417,-0.00553405,0
11.8,5.7,0,-0.0121097,-0.0045087,0
11.8,5.8,0,-0.0128472,-0.00340262,0
11.8,5.9,0,-0.0130813,-0.00226347,0
11.8,6,0,-0.0128169,-0.00113835,0
11.8,6.1,0,-0.0120374,-7.47597e-05,0
11.8,6.2,0,-0.0107042,0.000878575,0
11.8,6.3,0,-0.00875465,0.00167071,0
11.8,6.4,0,-0.0060991,0.00224795,0
11.8,6.5,0,-0.00261655,0.00255415,0
11.8,6.6,0,0.00184915,0.00253012,0
11.8,6.7,0,0.00749062,0.00211176,0
11.8,6.8,0,0.0145341,0.00120357,0
11.8,6.9,0,0.0232344,-0.000359589,0
11.8,7,0,0.039104,-0.00323775,0
11.8,7.1,0,0.0503422,-0.00404197,0
11.8,7.2,0,0.0629613,-0.00505888,0
11.8,7.3,0,0.0772742,-0.00597759,0
11.8,7.4,0,0.0957567,-0.00614276,0
11.8,7.5,0,0.114633,-0.00632372,0
11.8,7.6,0,0.133905,-0.00633062,0
11.8,7.7,0,0.154487,-0.0057663,0
11.8,7.8,0,0.175069,-0.00520198,0
11.8,7.9,0,0.195167,-0.00441114,0
11.8,8,0,0.214538,-0.00327337,0
11.8,8.1,0,0.233908,-0.0021356,0
11.8,8.2,0,0.251221,-0.000874267,0
11.8,8.3,0,0.266901,0.000498978,0
11.8,8.4,0,0.282488,0.00187385,0
11.8,8.5,0,0.294737,0.00318304,0
11.8,8.6,0,0.305545,0.00446923,0
11.8,8.7,0,0.315937,0.00575562,0
11.8,8.8,0,0.323131,0.00680698,0
11.8,8.9,0,0.329385,0.00781815,0
11.8,9,0,0.335059,0.00881628,0
11.8,9.1,0,0.338372,0.009535,0
11.8,9.2,0,0.341245,0.0102426,0
11.8,9.3,0,0.3436,0.010914,0
11.8,9.4,0,0.344469,0.0113799,0
11.8,9.5,0,0.345227,0.0118443,0
11.8,9.6,0,0.345595,0.0122645,0
11.8,9.7,0,0.345196,0.0125635,0
11.8,9.8,0,0.344798,0.0128624,0
11.8,9.9,0,0.344135,0.0131224,0
11.8,10,0,0.343172,0.0133176,0
11.8,10.1,0,0.34221,0.0135127,0
11.8,10.2,0,0.341105,0.0136773,0
11.8,10.3,0,0.339893,0.0138074,0
11.8,10.4,0,0.338677,0.0139473,0
11.8,10.5,0,0.337411,0.0140431,0
11.8,10.6,0,0.336101,0.0141297,0
11.8,10.7,0,0.334789,0.014241,0
11.8,10.8,0,0.333469,0.014281,0
11.8,10.9,0,0.332128,0.0143354,0
11.8,11,0,0.330793,0.0144087,0
11.8,11.1,0,0.329458,0.0144225,0
11.8,11.2,0,0.328113,0.0144506,0
11.8,11.3,0,0.326786,0.0144823,0
11.8,11.4,0,0.325458,0.014484,0
11.8,11.5,0,0.324128,0.0144889,0
11.8,11.6,0,0.322826,0.0144903,0
11.8,11.7,0,0.321538,0.0144738,0
11.8,11.8,0,0.32025,0.0144572,0
11.8,11.9,0,0.319023,0.0144316,0
11.8,12,0,0.317841,0.0143893,0
11.8,12.1,0,0.316658,0.014347,0
11.8,12.2,0,0.315649,0.0142814,0
11.8,12.3,0,0.314729,0.0141984,0
11.8,12.4,0,0.313843,0.014126,0
11.8,12.5,0,0.313327,0.0140376,0
11.8,12.6,0,0.312961,0.0139834,0
11.8,12.7,0,0.312704,0.013972,0
11.9,0,0,0.31825,-0.0483853,0
11.9,0.1,0,0.318523,-0.0484318,0
11.9,0.2,0,0.319223,-0.0486127,0
11.9,0.3,0,0.320474,-0.0489165,0
11.9,0.4,0,0.321851,-0.049192,0
11.9,0.5,0,0.323271,-0.0494555,0
11.9,0.6,0,0.32478,-0.0496568,0
11.9,0.7,0,0.326282,-0.0498838,0
11.9,0.8,0,0.327781,-0.0500921,0
11.9,0.9,0,0.329293,-0.0503041,0
11.9,1,0,0.33076,-0.0505305,0
11.9,1.1,0,0.332266,-0.0507036,0
11.9,1.2,0,0.333742,-0.050907,0
11.9,1.3,0,0.335182,-0.0510841,0
11.9,1.4,0,0.33663,-0.0512609,0
11.9,1.5,0,0.338,-0.0514533,0
11.9,1.6,0,0.339398,-0.0515767,0
11.9,1.7,0,0.340746,-0.0517287,0
11.9,1.8,0,0.341986,-0.0518404,0
11.9,1.9,0,0.343213,-0.0519364,0
11.9,2,0,0.344236,-0.052028,0
11.9,2.1,0,0.345249,-0.0520277,0
11.9,2.2,0,0.346109,-0.0520304,0
11.9,2.3,0,0.346587,-0.051939,0
11.9,2.4,0,0.346943,-0.051787,0
11.9,2.5,0,0.346646,-0.0515449,0
11.9,2.6,0,0.346153,-0.0511563,0
11.9,2.7,0,0.345167,-0.0506878,0
11.9,2.8,0,0.342915,-0.0499642,0
11.9,2.9,0,0.340177,-0.0490694,0
11.9,3,0,0.335783,-0.0479214,0
11.9,3.1,0,0.33042,-0.0464644,0
11.9,3.2,0,0.323967,-0.0448071,0
11.9,3.3,0,0.314549,-0.0426758,0
11.9,3.4,0,0.303901,-0.040209,0
11.9,3.5,0,0.290894,-0.0375085,0
11.9,3.6,0,0.275235,-0.03429,0
11.9,3.7,0,0.25847,-0.0309284,0
11.9,3.8,0,0.238399,-0.0274103,0
11.9,3.9,0,0.216754,-0.0236108,0
11.9,4,0,0.195012,-0.0202081,0
11.9,4.1,0,0.170521,-0.0167516,0
11.9,4.2,0,0.146622,-0.0134825,0
11.9,4.3,0,0.124128,-0.0112147,0
11.9,4.4,0,0.101457,-0.00906956,0
11.9,4.5,0,0.0818853,-0.00749781,0
11.9,4.6,0,0.0634412,-0.00693338,0
11.9,4.7,0,0.0464803,-0.00638433,0
11.9,4.8,0,0.0334009,-0.00654287,0
11.9,4.9,0,0.0233176,-0.00694572,0
11.9,5,0,0.0159915,-0.00694349,0
11.9,5.1,0,0.00635316,-0.00764571,0
11.9,5.2,0,0.000863242,-0.00781982,0
11.9,5.3,0,-0.00349773,-0.00765552,0
11.9,5.4,0,-0.00691858,-0.00721903,0
11.9,5.5,0,-0.00954415,-0.00657165,0
11.9,5.6,0,-0.0114818,-0.00576222,0
11.9,5.7,0,-0.0128073,-0.00483621,0
11.9,5.8,0,-0.0135699,-0.00383832,0
11.9,5.9,0,-0.0137953,-0.00281257,0
11.9,6,0,-0.0134877,-0.00180266,0
11.9,6.1,0,-0.012631,-0.000852579,0
11.9,6.2,0,-0.0111879,-7.20853e-06,0
11.9,6.3,0,-0.00909829,0.000686993,0
11.9,6.4,0,-0.00627696,0.00118174,0
11.9,6.5,0,-0.00260984,0.00142753,0
11.9,6.6,0,0.00204898,0.00137319,0
11.9,6.7,0,0.00787802,0.000964615,0
11.9,6.8,0,0.0150855,0.000123205,0
11.9,6.9,0,0.0239042,-0.00128761,0
11.9,7,0,0.0398295,-0.00387245,0
11.9,7.1,0,0.0492265,-0.0043931,0
11.9,7.2,0,0.0618457,-0.00541,0
11.9,7.3,0,0.0777088,-0.00638678,0
11.9,7.4,0,0.0951233,-0.0065091,0
11.9,7.5,0,0.113999,-0.00669006,0
11.9,7.6,0,0.133686,-0.00670968,0
11.9,7.7,0,0.153699,-0.00619867,0
11.9,7.8,0,0.17427,-0.00562259,0
11.9,7.9,0,0.194392,-0.00483981,0
11.9,8,0,0.213831,-0.00374778,0
11.9,8.1,0,0.232835,-0.00258882,0
11.9,8.2,0,0.250565,-0.00136054,0
11.9,8.3,0,0.266404,9.46665e-07,0
11.9,8.4,0,0.281184,0.00139011,0
11.9,8.5,0,0.294416,0.00268881,0
11.9,8.6,0,0.305223,0.00397501,0
11.9,8.7,0,0.314777,0.00526178,0
11.9,8.8,0,0.322901,0.00632991,0
11.9,8.9,0,0.329155,0.00734109,0
11.9,9,0,0.334162,0.00833902,0
11.9,9.1,0,0.338181,0.00907557,0
11.9,9.2,0,0.341054,0.00978319,0
11.9,9.3,0,0.342967,0.0104666,0
11.9,9.4,0,0.344298,0.010939,0
11.9,9.5,0,0.345032,0.0114059,0
11.9,9.6,0,0.345209,0.011848,0
11.9,9.7,0,0.345045,0.0121409,0
11.9,9.8,0,0.344585,0.0124564,0
11.9,9.9,0,0.343933,0.0127254,0
11.9,10,0,0.343043,0.0129123,0
11.9,10.1,0,0.342031,0.013141,0
11.9,10.2,0,0.340992,0.0132899,0
11.9,10.3,0,0.339789,0.0134177,0
11.9,10.4,0,0.338551,0.0135978,0
11.9,10.5,0,0.337331,0.013667,0
11.9,10.6,0,0.336021,0.0137536,0
11.9,10.7,0,0.334705,0.0139046,0
11.9,10.8,0,0.333413,0.0139165,0
11.9,10.9,0,0.332071,0.0139709,0
11.9,11,0,0.330741,0.0140827,0
11.9,11.1,0,0.329423,0.0140679,0
11.9,11.2,0,0.328079,0.0140959,0
11.9,11.3,0,0.326761,0.0141648,0
11.9,11.4,0,0.325442,0.0141374,0
11.9,11.5,0,0.324116,0.0141504,0
11.9,11.6,0,0.322826,0.0141719,0
11.9,11.7,0,0.321537,0.014134,0
11.9,11.8,0,0.320264,0.0141383,0
11.9,11.9,0,0.319034,0.0141084,0
11.9,12,0,0.317845,0.0140564,0
11.9,12.1,0,0.316708,0.0140451,0
11.9,12.2,0,0.315638,0.0139554,0
11.9,12.3,0,0.314718,0.0138724,0
11.9,12.4,0,0.313921,0.0138286,0
11.9,12.5,0,0.313273,0.013686,0
11.9,12.6,0,0.312906,0.0136318,0
11.9,12.7,0,0.312796,0.0136773,0
12,0,0,0.318497,-0.0479552,0
12,0.1,0,0.31856,-0.0479353,0
12,0.2,0,0.31946,-0.0481761,0
12,0.3,0,0.32071,-0.0484799,0
12,0.4,0,0.322051,-0.0487536,0
12,0.5,0,0.32349,-0.04901,0
12,0.6,0,0.325001,-0.0491978,0
12,0.7,0,0.326487,-0.0494312,0
12,0.8,0,0.327986,-0.0496396,0
12,0.9,0,0.329508,-0.0498365,0
12,1,0,0.33095,-0.0500687,0
12,1.1,0,0.332468,-0.0502256,0
12,1.2,0,0.333913,-0.0504356,0
12,1.3,0,0.335353,-0.0506127,0
12,1.4,0,0.336814,-0.050773,0
12,1.5,0,0.338142,-0.0509714,0
12,1.6,0,0.339559,-0.0510789,0
12,1.7,0,0.340841,-0.0512342,0
12,1.8,0,0.342082,-0.0513458,0
12,1.9,0,0.343338,-0.0514292,0
12,2,0,0.344249,-0.051516,0
12,2.1,0,0.345316,-0.0515104,0
12,2.2,0,0.345975,-0.0514917,0
12,2.3,0,0.346453,-0.0514003,0
12,2.4,0,0.34691,-0.0512568,0
12,2.5,0,0.346258,-0.0509646,0
12,2.6,0,0.345945,-0.0506061,0
12,2.7,0,0.344366,-0.0500466,0
12,2.8,0,0.342115,-0.049323,0
12,2.9,0,0.339669,-0.0484869,0
12,3,0,0.33438,-0.0472043,0
12,3.1,0,0.329437,-0.045835,0
12,3.2,0,0.321806,-0.0440214,0
12,3.3,0,0.312388,-0.0418901,0
12,3.4,0,0.302251,-0.0395264,0
12,3.5,0,0.287984,-0.0367099,0
12,3.6,0,0.272802,-0.0335769,0
12,3.7,0,0.255131,-0.0302367,0
12,3.8,0,0.235061,-0.0267186,0
12,3.9,0,0.213655,-0.0229458,0
12,4,0,0.191898,-0.0197743,0
12,4.1,0,0.167255,-0.0162761,0
12,4.2,0,0.144435,-0.013389,0
12,4.3,0,0.121941,-0.0111212,0
12,4.4,0,0.0987986,-0.00893201,0
12,4.5,0,0.0809172,-0.00768038,0
12,4.6,0,0.061884,-0.00711894,0
12,4.7,0,0.046431,-0.00663869,0
12,4.8,0,0.0333516,-0.00679723,0
12,4.9,0,0.0221009,-0.00730947,0
12,5,0,0.0161503,-0.00709451,0
12,5.1,0,0.006336,-0.00769607,0
12,5.2,0,0.000701335,-0.0078369,0
12,5.3,0,-0.0038042,-0.00768362,0
12,5.4,0,-0.00735812,-0.00729187,0
12,5.5,0,-0.0100969,-0.00671332,0
12,5.6,0,-0.0121218,-0.00599038,0
12,5.7,0,-0.0135049,-0.00516373,0
12,5.8,0,-0.0142926,-0.00427402,0
12,5.9,0,-0.0145093,-0.00336167,0
12,6,0,-0.0141586,-0.00246698,0
12,6.1,0,-0.0132247,-0.0016304,0
12,6.2,0,-0.0116716,-0.000892992,0
12,6.3,0,-0.00944193,-0.000296728,0
12,6.4,0,-0.00645483,0.000115529,0
12,6.5,0,-0.00260312,0.00030091,0
12,6.6,0,0.00224881,0.000216251,0
12,6.7,0,0.00826543,-0.000182531,0
12,6.8,0,0.0156368,-0.000957158,0
12,6.9,0,0.0245739,-0.00221563,0
12,7,0,0.040555,-0.00450715,0
12,7.1,0,0.0484904,-0.00480268,0
12,7.2,0,0.0616411,-0.00579525,0
12,7.3,0,0.0781433,-0.00679597,0
12,7.4,0,0.09449,-0.00687544,0
12,7.5,0,0.113775,-0.00706804,0
12,7.6,0,0.133474,-0.00708803,0
12,7.7,0,0.152911,-0.00663104,0
12,7.8,0,0.17345,-0.00602142,0
12,7.9,0,0.193572,-0.00523864,0
12,8,0,0.213125,-0.00422219,0
12,8.1,0,0.231628,-0.00303429,0
12,8.2,0,0.249358,-0.00180601,0
12,8.3,0,0.265907,-0.000497085,0
12,8.4,0,0.279879,0.000906368,0
12,8.5,0,0.293266,0.00220341,0
12,8.6,0,0.304901,0.00348078,0
12,8.7,0,0.313618,0.00476795,0
12,8.8,0,0.322243,0.00584513,0
12,8.9,0,0.328702,0.00686397,0
12,9,0,0.333264,0.00786177,0
12,9.1,0,0.337933,0.00861474,0
12,9.2,0,0.340547,0.00933242,0
12,9.3,0,0.342334,0.0100193,0
12,9.4,0,0.344127,0.0104982,0
12,9.5,0,0.344608,0.0109903,0
12,9.6,0,0.344785,0.0114324,0
12,9.7,0,0.344893,0.0117184,0
12,9.8,0,0.344305,0.0120684,0
12,9.9,0,0.343653,0.0123373,0
12,10,0,0.342914,0.012507,0
12,10.1,0,0.341844,0.0127747,0
12,10.2,0,0.340805,0.0129236,0
12,10.3,0,0.339684,0.0130281,0
12,10.4,0,0.338424,0.0132483,0
12,10.5,0,0.337218,0.01331,0
12,10.6,0,0.335941,0.0133807,0
12,10.7,0,0.334621,0.0135682,0
12,10.8,0,0.333347,0.0135614,0
12,10.9,0,0.332017,0.0136242,0
12,11,0,0.330689,0.0137567,0
12,11.1,0,0.329388,0.0137132,0
12,11.2,0,0.328052,0.0137725,0
12,11.3,0,0.326736,0.0138472,0
12,11.4,0,0.325427,0.0137909,0
12,11.5,0,0.324116,0.0138397,0
12,11.6,0,0.322825,0.0138612,0
12,11.7,0,0.321537,0.0137943,0
12,11.8,0,0.320287,0.013833,0
12,11.9,0,0.319058,0.0138031,0
12,12,0,0.317849,0.0137236,0
12,12.1,0,0.316759,0.0137436,0
12,12.2,0,0.315686,0.0136531,0
12,12.3,0,0.314707,0.0135464,0
12,12.4,0,0.313999,0.0135313,0
12,12.5,0,0.313297,0.0133663,0
12,12.6,0,0.312882,0.013292,0
12,12.7,0,0.312888,0.0133826,0
12.1,0,0,0.318744,-0.0475251,0
12.1,0.1,0,0.318776,-0.0474952,0
12.1,0.2,0,0.319696,-0.0477395,0
12.1,0.3,0,0.320946,-0.0480433,0
12.1,0.4,0,0.322267,-0.0483091,0
12.1,0.5,0,0.323708,-0.0485645,0
12.1,0.6,0,0.325219,-0.0487503,0
12.1,0.7,0,0.326692,-0.0489787,0
12.1,0.8,0,0.328191,-0.049187,0
12.1,0.9,0,0.329702,-0.0493738,0
12.1,1,0,0.33114,-0.0496068,0
12.1,1.1,0,0.33266,-0.0497613,0
12.1,1.2,0,0.334085,-0.0499642,0
12.1,1.3,0,0.335524,-0.0501413,0
12.1,1.4,0,0.336963,-0.0502902,0
12.1,1.5,0,0.338284,-0.0504895,0
12.1,1.6,0,0.339704,-0.0505947,0
12.1,1.7,0,0.340936,-0.0507396,0
12.1,1.8,0,0.342177,-0.0508513,0
12.1,1.9,0,0.343367,-0.0509179,0
12.1,2,0,0.344262,-0.051004,0
12.1,2.1,0,0.345337,-0.0509976,0
12.1,2.2,0,0.345841,-0.0509531,0
12.1,2.3,0,0.34632,-0.0508617,0
12.1,2.4,0,0.346575,-0.050684,0
12.1,2.5,0,0.34587,-0.0503843,0
12.1,2.6,0,0.345584,-0.0500303,0
12.1,2.7,0,0.343566,-0.0494053,0
12.1,2.8,0,0.341315,-0.0486817,0
12.1,2.9,0,0.338401,-0.04779,0
12.1,3,0,0.332977,-0.0464871,0
12.1,3.1,0,0.328098,-0.045131,0
12.1,3.2,0,0.319644,-0.0432357,0
12.1,3.3,0,0.310226,-0.0411045,0
12.1,3.4,0,0.29953,-0.0387452,0
12.1,3.5,0,0.285073,-0.0359114,0
12.1,3.6,0,0.269963,-0.0327912,0
12.1,3.7,0,0.251793,-0.0295451,0
12.1,3.8,0,0.231722,-0.026027,0
12.1,3.9,0,0.210544,-0.0224774,0
12.1,4,0,0.188785,-0.0193406,0
12.1,4.1,0,0.164118,-0.0158361,0
12.1,4.2,0,0.142248,-0.0132955,0
12.1,4.3,0,0.119754,-0.0110277,0
12.1,4.4,0,0.097577,-0.00906656,0
12.1,4.5,0,0.0799491,-0.00786294,0
12.1,4.6,0,0.0608276,-0.00730196,0
12.1,4.7,0,0.0463817,-0.00689305,0
12.1,4.8,0,0.0333022,-0.00705159,0
12.1,4.9,0,0.0220534,-0.0074924,0
12.1,5,0,0.016309,-0.00724554,0
12.1,5.1,0,0.00631884,-0.00774644,0
12.1,5.2,0,0.000539429,-0.00785399,0
12.1,5.3,0,-0.00411067,-0.00771171,0
12.1,5.4,0,-0.00779766,-0.00736472,0
12.1,5.5,0,-0.0106496,-0.006855,0
12.1,5.6,0,-0.0127619,-0.00621854,0
12.1,5.7,0,-0.0142025,-0.00549124,0
12.1,5.8,0,-0.0150153,-0.00470972,0
12.1,5.9,0,-0.0152232,-0.00391078,0
12.1,6,0,-0.0148294,-0.00313129,0
12.1,6.1,0,-0.0138183,-0.00240822,0
12.1,6.2,0,-0.0121553,-0.00177878,0
12.1,6.3,0,-0.00978557,-0.00128045,0
12.1,6.4,0,-0.0066327,-0.00095068,0
12.1,6.5,0,-0.00259641,-0.000825709,0
12.1,6.6,0,0.00244864,-0.000940684,0
12.1,6.7,0,0.00865284,-0.00132968,0
12.1,6.8,0,0.0161881,-0.00203752,0
12.1,6.9,0,0.0252437,-0.00314364,0
12.1,7,0,0.0412805,-0.00514186,0
12.1,7.1,0,0.0492159,-0.00543738,0
12.1,7.2,0,0.0620757,-0.00620445,0
12.1,7.3,0,0.0785779,-0.00720517,0
12.1,7.4,0,0.0947372,-0.00727711,0
12.1,7.5,0,0.113563,-0.00744639,0
12.1,7.6,0,0.133262,-0.00746638,0
12.1,7.7,0,0.152379,-0.00703948,0
12.1,7.8,0,0.172631,-0.00642025,0
12.1,7.9,0,0.192753,-0.00563748,0
12.1,8,0,0.212318,-0.0046865,0
12.1,8.1,0,0.230422,-0.00347976,0
12.1,8.2,0,0.248152,-0.00225149,0
12.1,8.3,0,0.264949,-0.000986969,0
12.1,8.4,0,0.278575,0.000422627,0
12.1,8.5,0,0.291962,0.00171967,0
12.1,8.6,0,0.303782,0.00298693,0
12.1,8.7,0,0.312458,0.00427411,0
12.1,8.8,0,0.321083,0.00535129,0
12.1,8.9,0,0.327805,0.00638671,0
12.1,9,0,0.332367,0.00738451,0
12.1,9.1,0,0.337036,0.00813749,0
12.1,9.2,0,0.339914,0.0088851,0
12.1,9.3,0,0.341702,0.009572,0
12.1,9.4,0,0.343634,0.0100528,0
12.1,9.5,0,0.344184,0.0105747,0
12.1,9.6,0,0.344361,0.0110168,0
12.1,9.7,0,0.344656,0.0112981,0
12.1,9.8,0,0.344025,0.0116803,0
12.1,9.9,0,0.343373,0.0119493,0
12.1,10,0,0.342766,0.012114,0
12.1,10.1,0,0.341657,0.0124085,0
12.1,10.2,0,0.340618,0.0125574,0
12.1,10.3,0,0.339564,0.0126664,0
12.1,10.4,0,0.338298,0.0128989,0
12.1,10.5,0,0.337091,0.0129605,0
12.1,10.6,0,0.335856,0.0130443,0
12.1,10.7,0,0.334536,0.0132318,0
12.1,10.8,0,0.333263,0.013225,0
12.1,10.9,0,0.331965,0.0132982,0
12.1,11,0,0.330637,0.0134308,0
12.1,11.1,0,0.329337,0.0133858,0
12.1,11.2,0,0.328027,0.013455,0
12.1,11.3,0,0.326711,0.0135297,0
12.1,11.4,0,0.325406,0.0134609,0
12.1,11.5,0,0.324115,0.0135291,0
12.1,11.6,0,0.322824,0.0135505,0
12.1,11.7,0,0.321538,0.0134621,0
12.1,11.8,0,0.320311,0.0135277,0
12.1,11.9,0,0.319081,0.0134978,0
12.1,12,0,0.317873,0.0134046,0
12.1,12.1,0,0.316809,0.0134421,0
12.1,12.2,0,0.315737,0.0133516,0
12.1,12.3,0,0.31477,0.0132441,0
12.1,12.4,0,0.314078,0.013234,0
12.1,12.5,0,0.313375,0.013069,0
12.1,12.6,0,0.312974,0.0129973,0
12.1,12.7,0,0.31298,0.013088,0
12.2,0,0,0.318992,-0.0470951,0
12.2,0.1,0,0.319103,-0.0470891,0
12.2,0.2,0,0.319932,-0.0473028,0
12.2,0.3,0,0.321183,-0.0476066,0
12.2,0.4,0,0.3225,-0.0478643,0
12.2,0.5,0,0.323926,-0.0481189,0
12.2,0.6,0,0.325432,-0.0483073,0
12.2,0.7,0,0.326897,-0.0485261,0
12.2,0.8,0,0.328396,-0.0487345,0
12.2,0.9,0,0.329889,-0.048918,0
12.2,1,0,0.331331,-0.049145,0
12.2,1.1,0,0.332838,-0.0493021,0
12.2,1.2,0,0.334256,-0.0494928,0
12.2,1.3,0,0.335695,-0.04967,0
12.2,1.4,0,0.3371,-0.0498149,0
12.2,1.5,0,0.338427,-0.0500076,0
12.2,1.6,0,0.33982,-0.050114,0
12.2,1.7,0,0.341032,-0.050245,0
12.2,1.8,0,0.342272,-0.0503567,0
12.2,1.9,0,0.343369,-0.050411,0
12.2,2,0,0.344275,-0.050492,0
12.2,2.1,0,0.34527,-0.0504771,0
12.2,2.2,0,0.345708,-0.0504145,0
12.2,2.3,0,0.346186,-0.0503231,0
12.2,2.4,0,0.346147,-0.0501003,0
12.2,2.5,0,0.345482,-0.049804,0
12.2,2.6,0,0.344959,-0.0494136,0
12.2,2.7,0,0.342766,-0.0487641,0
12.2,2.8,0,0.340514,-0.0480405,0
12.2,2.9,0,0.336881,-0.0470493,0
12.2,3,0,0.331574,-0.04577,0
12.2,3.1,0,0.326223,-0.0443514,0
12.2,3.2,0,0.317483,-0.04245,0
12.2,3.3,0,0.308065,-0.0403188,0
12.2,3.4,0,0.296415,-0.0379055,0
12.2,3.5,0,0.282162,-0.0351129,0
12.2,3.6,0,0.26669,-0.0320012,0
12.2,3.7,0,0.248454,-0.0288534,0
12.2,3.8,0,0.228384,-0.0253353,0
12.2,3.9,0,0.207335,-0.0220329,0
12.2,4,0,0.185672,-0.0189068,0
12.2,4.1,0,0.161437,-0.0155551,0
12.2,4.2,0,0.140061,-0.013202,0
12.2,4.3,0,0.117567,-0.0109342,0
12.2,4.4,0,0.0967974,-0.00926674,0
12.2,4.5,0,0.078981,-0.00804551,0
12.2,4.6,0,0.0604626,-0.00751204,0
12.2,4.7,0,0.0463323,-0.0071474,0
12.2,4.8,0,0.0332529,-0.00730594,0
12.2,4.9,0,0.0226791,-0.00759967,0
12.2,5,0,0.0164678,-0.00739656,0
12.2,5.1,0,0.00630168,-0.00779681,0
12.2,5.2,0,0.000377522,-0.00787108,0
12.2,5.3,0,-0.00441714,-0.00773981,0
12.2,5.4,0,-0.0082372,-0.00743756,0
12.2,5.5,0,-0.0112023,-0.00699667,0
12.2,5.6,0,-0.013402,-0.00644671,0
12.2,5.7,0,-0.0149001,-0.00581876,0
12.2,5.8,0,-0.015738,-0.00514541,0
12.2,5.9,0,-0.0159372,-0.00445988,0
12.2,6,0,-0.0155002,-0.0037956,0
12.2,6.1,0,-0.0144119,-0.00318604,0
12.2,6.2,0,-0.012639,-0.00266456,0
12.2,6.3,0,-0.0101292,-0.00226417,0
12.2,6.4,0,-0.00681056,-0.00201689,0
12.2,6.5,0,-0.0025897,-0.00195233,0
12.2,6.6,0,0.00264847,-0.00209762,0
12.2,6.7,0,0.00904024,-0.00247682,0
12.2,6.8,0,0.0167394,-0.00311788,0
12.2,6.9,0,0.0259135,-0.00407166,0
12.2,7,0,0.042006,-0.00577656,0
12.2,7.1,0,0.0500094,-0.00607463,0
12.2,7.2,0,0.0625103,-0.00661364,0
12.2,7.3,0,0.0790125,-0.00761436,0
12.2,7.4,0,0.0953512,-0.00769142,0
12.2,7.5,0,0.113351,-0.00782474,0
12.2,7.6,0,0.133051,-0.00784473,0
12.2,7.7,0,0.152141,-0.00739076,0
12.2,7.8,0,0.171811,-0.00681909,0
12.2,7.9,0,0.191933,-0.00603631,0
12.2,8,0,0.210997,-0.0050564,0
12.2,8.1,0,0.229215,-0.00392523,0
12.2,8.2,0,0.246945,-0.00269696,0
12.2,8.3,0,0.263162,-0.00143498,0
12.2,8.4,0,0.27727,-6.11153e-05,0
12.2,8.5,0,0.290657,0.00123593,0
12.2,8.6,0,0.302329,0.00249622,0
12.2,8.7,0,0.311298,0.00378028,0
12.2,8.8,0,0.319923,0.00485746,0
12.2,8.9,0,0.326908,0.00590946,0
12.2,9,0,0.33147,0.00690726,0
12.2,9.1,0,0.336063,0.0076623,0
12.2,9.2,0,0.339282,0.00843779,0
12.2,9.3,0,0.341069,0.00912468,0
12.2,9.4,0,0.342862,0.00961947,0
12.2,9.5,0,0.34376,0.0101592,0
12.2,9.6,0,0.343938,0.0106013,0
12.2,9.7,0,0.344112,0.0109147,0
12.2,9.8,0,0.343745,0.0112923,0
12.2,9.9,0,0.343093,0.0115613,0
12.2,10,0,0.342438,0.0117639,0
12.2,10.1,0,0.34147,0.0120422,0
12.2,10.2,0,0.340431,0.0121911,0
12.2,10.3,0,0.339392,0.0123299,0
12.2,10.4,0,0.338172,0.0125494,0
12.2,10.5,0,0.336965,0.012611,0
12.2,10.6,0,0.335764,0.0127124,0
12.2,10.7,0,0.334452,0.0128955,0
12.2,10.8,0,0.333179,0.0128886,0
12.2,10.9,0,0.331913,0.0129722,0
12.2,11,0,0.330585,0.0131048,0
12.2,11.1,0,0.329288,0.0130709,0
12.2,11.2,0,0.328002,0.0131375,0
12.2,11.3,0,0.326686,0.0132121,0
12.2,11.4,0,0.325391,0.0131678,0
12.2,11.5,0,0.324114,0.0132184,0
12.2,11.6,0,0.322824,0.0132398,0
12.2,11.7,0,0.321561,0.0131859,0
12.2,11.8,0,0.320334,0.0132224,0
12.2,11.9,0,0.319105,0.0131925,0
12.2,12,0,0.31794,0.0131253,0
12.2,12.1,0,0.316859,0.0131406,0
12.2,12.2,0,0.315787,0.0130502,0
12.2,12.3,0,0.314874,0.0129572,0
12.2,12.4,0,0.314156,0.0129367,0
12.2,12.5,0,0.313453,0.0127717,0
12.2,12.6,0,0.313072,0.012705,0
12.2,12.7,0,0.313072,0.0127933,0
12.3,0,0,0.319239,-0.046665,0
12.3,0.1,0,0.319549,-0.046719,0
12.3,0.2,0,0.320169,-0.0468662,0
12.3,0.3,0,0.321419,-0.04717,0
12.3,0.4,0,0.322754,-0.0474206,0
12.3,0.5,0,0.324145,-0.0476734,0
12.3,0.6,0,0.325635,-0.0478683,0
12.3,0.7,0,0.327102,-0.0480735,0
12.3,0.8,0,0.328601,-0.0482819,0
12.3,0.9,0,0.330069,-0.0484711,0
12.3,1,0,0.331521,-0.0486832,0
12.3,1.1,0,0.332997,-0.0488469,0
12.3,1.2,0,0.334427,-0.0490214,0
12.3,1.3,0,0.335866,-0.0491986,0
12.3,1.4,0,0.337229,-0.0493496,0
12.3,1.5,0,0.338569,-0.0495257,0
12.3,1.6,0,0.339897,-0.0496353,0
12.3,1.7,0,0.341127,-0.0497505,0
12.3,1.8,0,0.342367,-0.0498622,0
12.3,1.9,0,0.343352,-0.0499117,0
12.3,2,0,0.344288,-0.04998,0
12.3,2.1,0,0.345082,-0.0499438,0
12.3,2.2,0,0.345574,-0.0498758,0
12.3,2.3,0,0.346052,-0.0497844,0
12.3,2.4,0,0.345658,-0.0495116,0
12.3,2.5,0,0.345094,-0.0492236,0
12.3,2.6,0,0.343979,-0.0487423,0
12.3,2.7,0,0.341966,-0.0481229,0
12.3,2.8,0,0.339714,-0.0473993,0
12.3,2.9,0,0.335185,-0.0462735,0
12.3,3,0,0.330171,-0.0450529,0
12.3,3.1,0,0.323641,-0.043478,0
12.3,3.2,0,0.315322,-0.0416644,0
12.3,3.3,0,0.305904,-0.0395331,0
12.3,3.4,0,0.292993,-0.0370039,0
12.3,3.5,0,0.279252,-0.0343143,0
12.3,3.6,0,0.262874,-0.0312241,0
12.3,3.7,0,0.245116,-0.0281617,0
12.3,3.8,0,0.225045,-0.0246436,0
12.3,3.9,0,0.203982,-0.0215725,0
12.3,4,0,0.182558,-0.018473,0
12.3,4.1,0,0.159403,-0.0155033,0
12.3,4.2,0,0.137874,-0.0131085,0
12.3,4.3,0,0.115379,-0.0108406,0
12.3,4.4,0,0.0963005,-0.00949333,0
12.3,4.5,0,0.0780129,-0.00822808,0
12.3,4.6,0,0.0610024,-0.0077634,0
12.3,4.7,0,0.046283,-0.00740176,0
12.3,4.8,0,0.0332036,-0.0075603,0
12.3,4.9,0,0.0240052,-0.0076413,0
12.3,5,0,0.0166265,-0.00754759,0
12.3,5.1,0,0.00628452,-0.00784717,0
12.3,5.2,0,0.000215615,-0.00788816,0
12.3,5.3,0,-0.00472361,-0.0077679,0
12.3,5.4,0,-0.00867674,-0.0075104,0
12.3,5.5,0,-0.011755,-0.00713835,0
12.3,5.6,0,-0.014042,-0.00667487,0
12.3,5.7,0,-0.0155977,-0.00614627,0
12.3,5.8,0,-0.0164607,-0.00558111,0
12.3,5.9,0,-0.0166512,-0.00500899,0
12.3,6,0,-0.0161711,-0.00445991,0
12.3,6.1,0,-0.0150056,-0.00396386,0
12.3,6.2,0,-0.0131227,-0.00355034,0
12.3,6.3,0,-0.0104729,-0.00324789,0
12.3,6.4,0,-0.00698843,-0.0030831,0
12.3,6.5,0,-0.00258299,-0.00307895,0
12.3,6.6,0,0.00284831,-0.00325456,0
12.3,6.7,0,0.00942765,-0.00362397,0
12.3,6.8,0,0.0172908,-0.00419825,0
12.3,6.9,0,0.0265832,-0.00499968,0
12.3,7,0,0.0427315,-0.00641126,0
12.3,7.1,0,0.0522852,-0.0067674,0
12.3,7.2,0,0.0641643,-0.00721064,0
12.3,7.3,0,0.0794471,-0.00802355,0
12.3,7.4,0,0.0962075,-0.00811262,0
12.3,7.5,0,0.11344,-0.00821512,0
12.3,7.6,0,0.132839,-0.00822307,0
12.3,7.7,0,0.151898,-0.00773558,0
12.3,7.8,0,0.170991,-0.00721792,0
12.3,7.9,0,0.191113,-0.00643514,0
12.3,8,0,0.209677,-0.0054263,0
12.3,8.1,0,0.228008,-0.00437071,0
12.3,8.2,0,0.245717,-0.00314205,0
12.3,8.3,0,0.261148,-0.00186616,0
12.3,8.4,0,0.275966,-0.000544857,0
12.3,8.5,0,0.289011,0.000752346,0
12.3,8.6,0,0.300187,0.00201287,0
12.3,8.7,0,0.310139,0.00328644,0
12.3,8.8,0,0.318237,0.00436347,0
12.3,8.9,0,0.325158,0.00541683,0
12.3,9,0,0.330572,0.00643,0
12.3,9.1,0,0.334725,0.00719716,0
12.3,9.2,0,0.338272,0.00798093,0
12.3,9.3,0,0.340437,0.00867736,0
12.3,9.4,0,0.341976,0.00919745,0
12.3,9.5,0,0.343265,0.00974261,0
12.3,9.6,0,0.343514,0.0101857,0
12.3,9.7,0,0.34356,0.0105337,0
12.3,9.8,0,0.343465,0.0109043,0
12.3,9.9,0,0.342813,0.0111732,0
12.3,10,0,0.342101,0.0114149,0
12.3,10.1,0,0.341283,0.011676,0
12.3,10.2,0,0.34024,0.011831,0
12.3,10.3,0,0.339184,0.0120039,0
12.3,10.4,0,0.338045,0.0121999,0
12.3,10.5,0,0.336836,0.0122828,0
12.3,10.6,0,0.335634,0.0124027,0
12.3,10.7,0,0.334368,0.0125591,0
12.3,10.8,0,0.333099,0.0125875,0
12.3,10.9,0,0.331839,0.0126684,0
12.3,11,0,0.330533,0.0127788,0
12.3,11.1,0,0.329246,0.0127821,0
12.3,11.2,0,0.32797,0.0128316,0
12.3,11.3,0,0.326661,0.0128946,0
12.3,11.4,0,0.325381,0.0128861,0
12.3,11.5,0,0.324113,0.0129085,0
12.3,11.6,0,0.322823,0.0129292,0
12.3,11.7,0,0.321585,0.0129096,0
12.3,11.8,0,0.320358,0.0129171,0
12.3,11.9,0,0.319128,0.0128872,0
12.3,12,0,0.31801,0.0128514,0
12.3,12.1,0,0.31691,0.0128391,0
12.3,12.2,0,0.315862,0.0127567,0
12.3,12.3,0,0.315014,0.0126844,0
12.3,12.4,0,0.314234,0.0126394,0
12.3,12.5,0,0.313629,0.0125121,0
12.3,12.6,0,0.313297,0.0124647,0
12.3,12.7,0,0.313164,0.0124986,0
12.4,0,0,0.319486,-0.0462349,0
12.4,0.1,0,0.319996,-0.0463488,0
12.4,0.2,0,0.320604,-0.0464928,0
12.4,0.3,0,0.321673,-0.0467266,0
12.4,0.4,0,0.323009,-0.0469768,0
12.4,0.5,0,0.324363,-0.0472279,0
12.4,0.6,0,0.325838,-0.0474292,0
12.4,0.7,0,0.327305,-0.0476338,0
12.4,0.8,0,0.328783,-0.0478348,0
12.4,0.9,0,0.33025,-0.0480243,0
12.4,1,0,0.331712,-0.0482213,0
12.4,1.1,0,0.333157,-0.0483917,0
12.4,1.2,0,0.334587,-0.0485654,0
12.4,1.3,0,0.335997,-0.0487329,0
12.4,1.4,0,0.337357,-0.0488842,0
12.4,1.5,0,0.338711,-0.0490438,0
12.4,1.6,0,0.339974,-0.0491566,0
12.4,1.7,0,0.341205,-0.049271,0
12.4,1.8,0,0.342357,-0.0493631,0
12.4,1.9,0,0.343336,-0.0494124,0
12.4,2,0,0.344301,-0.0494681,0
12.4,2.1,0,0.344895,-0.0494105,0
12.4,2.2,0,0.345389,-0.0493423,0
12.4,2.3,0,0.345581,-0.0491982,0
12.4,2.4,0,0.345169,-0.0489229,0
12.4,2.5,0,0.344706,-0.0486433,0
12.4,2.6,0,0.342999,-0.048071,0
12.4,2.7,0,0.340995,-0.0474532,0
12.4,2.8,0,0.338063,-0.0466302,0
12.4,2.9,0,0.333489,-0.0454977,0
12.4,3,0,0.328768,-0.0443357,0
12.4,3.1,0,0.321059,-0.0426046,0
12.4,3.2,0,0.312761,-0.0407954,0
12.4,3.3,0,0.302545,-0.0386373,0
12.4,3.4,0,0.289571,-0.0361023,0
12.4,3.5,0,0.276341,-0.0335158,0
12.4,3.6,0,0.259059,-0.030447,0
12.4,3.7,0,0.241324,-0.0273889,0
12.4,3.8,0,0.221693,-0.0241717,0
12.4,3.9,0,0.200629,-0.0211121,0
12.4,4,0,0.179445,-0.0180393,0
12.4,4.1,0,0.157369,-0.0154514,0
12.4,4.2,0,0.135832,-0.0130545,0
12.4,4.3,0,0.114798,-0.0110512,0
12.4,4.4,0,0.0958037,-0.00971993,0
12.4,4.5,0,0.0770448,-0.00841064,0
12.4,4.6,0,0.0615421,-0.00801476,0
12.4,4.7,0,0.0467933,-0.00765327,0
12.4,4.8,0,0.0344609,-0.00761257,0
12.4,4.9,0,0.0253313,-0.00768294,0
12.4,5,0,0.0167853,-0.00769861,0
12.4,5.1,0,0.00626736,-0.00789754,0
12.4,5.2,0,5.37084e-05,-0.00790525,0
12.4,5.3,0,-0.00503008,-0.007796,0
12.4,5.4,0,-0.00911628,-0.00758325,0
12.4,5.5,0,-0.0123077,-0.00728003,0
12.4,5.6,0,-0.0146821,-0.00690303,0
12.4,5.7,0,-0.0162952,-0.00647379,0
12.4,5.8,0,-0.0171834,-0.00601681,0
12.4,5.9,0,-0.0173651,-0.00555809,0
12.4,6,0,-0.0168419,-0.00512422,0
12.4,6.1,0,-0.0155992,-0.00474168,0
12.4,6.2,0,-0.0136064,-0.00443613,0
12.4,6.3,0,-0.0108165,-0.00423161,0
12.4,6.4,0,-0.00716629,-0.00414931,0
12.4,6.5,0,-0.00257628,-0.00420557,0
12.4,6.6,0,0.00304814,-0.00441149,0
12.4,6.7,0,0.00981506,-0.00477111,0
12.4,6.8,0,0.0178421,-0.00527861,0
12.4,6.9,0,0.027253,-0.0059277,0
12.4,7,0,0.043457,-0.00704596,0
12.4,7.1,0,0.054561,-0.00746017,0
12.4,7.2,0,0.06644,-0.00790341,0
12.4,7.3,0,0.0798817,-0.00843274,0
12.4,7.4,0,0.0970638,-0.00853382,0
12.4,7.5,0,0.114296,-0.00863632,0
12.4,7.6,0,0.132619,-0.0085926,0
12.4,7.7,0,0.151654,-0.00808039,0
12.4,7.8,0,0.170689,-0.00756819,0
12.4,7.9,0,0.189971,-0.00681532,0
12.4,8,0,0.208357,-0.00579619,0
12.4,8.1,0,0.226743,-0.00477706,0
12.4,8.2,0,0.243703,-0.00357324,0
12.4,8.3,0,0.259134,-0.00229734,0
12.4,8.4,0,0.274565,-0.00102145,0
12.4,8.5,0,0.286869,0.000268995,0
12.4,8.6,0,0.298044,0.00152951,0
12.4,8.7,0,0.308979,0.00279261,0
12.4,8.8,0,0.31641,0.00386944,0
12.4,8.9,0,0.323331,0.0049228,0
12.4,9,0,0.329675,0.00595275,0
12.4,9.1,0,0.333386,0.00673201,0
12.4,9.2,0,0.336933,0.00751578,0
12.4,9.3,0,0.339802,0.00823026,0
12.4,9.4,0,0.341091,0.00877543,0
12.4,9.5,0,0.34238,0.00932059,0
12.4,9.6,0,0.34304,0.00978361,0
12.4,9.7,0,0.343007,0.0101526,0
12.4,9.8,0,0.342975,0.0105216,0
12.4,9.9,0,0.342488,0.0108153,0
12.4,10,0,0.341763,0.0110659,0
12.4,10.1,0,0.341037,0.0113165,0
12.4,10.2,0,0.340032,0.011505,0
12.4,10.3,0,0.338975,0.0116778,0
12.4,10.4,0,0.337918,0.0118507,0
12.4,10.5,0,0.336706,0.011973,0
12.4,10.6,0,0.335503,0.0120929,0
12.4,10.7,0,0.334284,0.0122227,0
12.4,10.8,0,0.333019,0.0122896,0
12.4,10.9,0,0.331759,0.0123705,0
12.4,11,0,0.330481,0.0124528,0
12.4,11.1,0,0.329203,0.0124932,0
12.4,11.2,0,0.327927,0.0125428,0
12.4,11.3,0,0.326637,0.0125819,0
12.4,11.4,0,0.32537,0.0126043,0
12.4,11.5,0,0.324103,0.0126268,0
12.4,11.6,0,0.322835,0.0126363,0
12.4,11.7,0,0.321608,0.0126334,0
12.4,11.8,0,0.320382,0.0126305,0
12.4,11.9,0,0.319194,0.0126101,0
12.4,12,0,0.31808,0.0125775,0
12.4,12.1,0,0.316965,0.0125449,0
12.4,12.2,0,0.316002,0.0124839,0
12.4,12.3,0,0.315154,0.0124115,0
12.4,12.4,0,0.314313,0.0123421,0
12.4,12.5,0,0.313854,0.0122718,0
12.4,12.6,0,0.313522,0.0122243,0
12.4,12.7,0,0.313256,0.012204,0
12.5,0,0,0.319723,-0.0458141,0
12.5,0.1,0,0.320232,-0.0459291,0
12.5,0.2,0,0.320841,-0.046073,0
12.5,0.3,0,0.321887,-0.0462959,0
12.5,0.4,0,0.323223,-0.046546,0
12.5,0.5,0,0.324571,-0.0467932,0
12.5,0.6,0,0.326037,-0.0469929,0
12.5,0.7,0,0.327504,-0.0471975,0
12.5,0.8,0,0.328968,-0.0473904,0
12.5,0.9,0,0.330434,-0.0475799,0
12.5,1,0,0.33189,-0.0477708,0
12.5,1.1,0,0.333325,-0.0479395,0
12.5,1.2,0,0.334755,-0.0481132,0
12.5,1.3,0,0.336141,-0.0482723,0
12.5,1.4,0,0.337502,-0.0484236,0
12.5,1.5,0,0.338837,-0.0485729,0
12.5,1.6,0,0.340081,-0.0486859,0
12.5,1.7,0,0.341311,-0.0488003,0
12.5,1.8,0,0.342398,-0.0488782,0
12.5,1.9,0,0.343377,-0.0489275,0
12.5,2,0,0.34428,-0.0489632,0
12.5,2.1,0,0.344818,-0.0489033,0
12.5,2.2,0,0.345312,-0.0488351,0
12.5,2.3,0,0.345295,-0.0486548,0
12.5,2.4,0,0.344883,-0.0483795,0
12.5,2.5,0,0.344244,-0.0480626,0
12.5,2.6,0,0.342365,-0.0474725,0
12.5,2.7,0,0.340361,-0.0468547,0
12.5,2.8,0,0.336907,-0.0459591,0
12.5,2.9,0,0.332333,-0.0448265,0
12.5,3,0,0.327286,-0.0436245,0
12.5,3.1,0,0.319222,-0.0418598,0
12.5,3.2,0,0.310924,-0.0400506,0
12.5,3.3,0,0.299991,-0.0378574,0
12.5,3.4,0,0.287017,-0.0353224,0
12.5,3.5,0,0.273553,-0.0327685,0
12.5,3.6,0,0.256017,-0.0297285,0
12.5,3.7,0,0.238282,-0.0266704,0
12.5,3.8,0,0.218714,-0.023653,0
12.5,3.9,0,0.19765,-0.0205935,0
12.5,4,0,0.176728,-0.0176658,0
12.5,4.1,0,0.155123,-0.0152293,0
12.5,4.2,0,0.133587,-0.0128324,0
12.5,4.3,0,0.113636,-0.0110807,0
12.5,4.4,0,0.0946417,-0.00974935,0
12.5,4.5,0,0.0762137,-0.00853343,0
12.5,4.6,0,0.061283,-0.00812887,0
12.5,4.7,0,0.0465342,-0.00776738,0
12.5,4.8,0,0.0346483,-0.00764253,0
12.5,4.9,0,0.0255186,-0.0077129,0
12.5,5,0,0.0168896,-0.0077957,0
12.5,5.1,0,0.00628866,-0.00793932,0
12.5,5.2,0,-7.64552e-06,-0.00793509,0
12.5,5.3,0,-0.00517996,-0.00784243,0
12.5,5.4,0,-0.00935026,-0.00766864,0
12.5,5.5,0,-0.0126138,-0.00742129,0
12.5,5.6,0,-0.015043,-0.00711312,0
12.5,5.7,0,-0.0166901,-0.00676234,0
12.5,5.8,0,-0.017589,-0.00639041,0
12.5,5.9,0,-0.0177571,-0.00602038,0
12.5,6,0,-0.0171956,-0.00567597,0
12.5,6.1,0,-0.0158906,-0.00538073,0
12.5,6.2,0,-0.0138129,-0.00515717,0
12.5,6.3,0,-0.0109182,-0.00502593,0
12.5,6.4,0,-0.00714687,-0.00500436,0
12.5,6.5,0,-0.00242518,-0.0051047,0
12.5,6.6,0,0.00333361,-0.00533325,0
12.5,6.7,0,0.0102272,-0.00568835,0
12.5,6.8,0,0.01836,-0.00615574,0
12.5,6.9,0,0.0278402,-0.00671518,0
12.5,7,0,0.0440529,-0.00765568,0
12.5,7.1,0,0.0553112,-0.00816574,0
12.5,7.2,0,0.0671903,-0.00860898,0
12.5,7.3,0,0.0801727,-0.00895175,0
12.5,7.4,0,0.0973414,-0.00907617,0
12.5,7.5,0,0.114573,-0.00917867,0
12.5,7.6,0,0.132245,-0.00905791,0
12.5,7.7,0,0.15128,-0.0085457,0
12.5,7.8,0,0.170316,-0.00803349,0
12.5,7.9,0,0.189036,-0.007264,0
12.5,8,0,0.207422,-0.00624487,0
12.5,8.1,0,0.225808,-0.00522574,0
12.5,8.2,0,0.242464,-0.00402657,0
12.5,8.3,0,0.257896,-0.00275068,0
12.5,8.4,0,0.273327,-0.00147479,0
12.5,8.5,0,0.285623,-0.00018616,0
12.5,8.6,0,0.296799,0.00107436,0
12.5,8.7,0,0.307775,0.00234973,0
12.5,8.8,0,0.315358,0.00342866,0
12.5,8.9,0,0.32228,0.00448201,0
12.5,9,0,0.328788,0.00553832,0
12.5,9.1,0,0.332598,0.00631959,0
12.5,9.2,0,0.336145,0.00710336,0
12.5,9.3,0,0.339253,0.00784931,0
12.5,9.4,0,0.340542,0.00839447,0
12.5,9.5,0,0.341831,0.00893963,0
12.5,9.6,0,0.34267,0.00943074,0
12.5,9.7,0,0.342638,0.00979974,0
12.5,9.8,0,0.342605,0.0101687,0
12.5,9.9,0,0.34224,0.0104847,0
12.5,10,0,0.341515,0.0107353,0
12.5,10.1,0,0.340789,0.0109858,0
12.5,10.2,0,0.339863,0.0111912,0
12.5,10.3,0,0.338807,0.011364,0
12.5,10.4,0,0.33775,0.0115368,0
12.5,10.5,0,0.336592,0.0116719,0
12.5,10.6,0,0.33539,0.0117917,0
12.5,10.7,0,0.334181,0.0119241,0
12.5,10.8,0,0.332945,0.0119984,0
12.5,10.9,0,0.331685,0.0120793,0
12.5,11,0,0.330429,0.0121664,0
12.5,11.1,0,0.329161,0.01221,0
12.5,11.2,0,0.327885,0.0122595,0
12.5,11.3,0,0.326623,0.0123053,0
12.5,11.4,0,0.325356,0.0123277,0
12.5,11.5,0,0.324088,0.0123501,0
12.5,11.6,0,0.322846,0.012365,0
12.5,11.7,0,0.321619,0.0123621,0
12.5,11.8,0,0.320393,0.0123592,0
12.5,11.9,0,0.319232,0.0123429,0
12.5,12,0,0.318118,0.0123103,0
12.5,12.1,0,0.317004,0.0122777,0
12.5,12.2,0,0.31607,0.0122199,0
12.5,12.3,0,0.315221,0.0121476,0
12.5,12.4,0,0.314382,0.0120775,0
12.5,12.5,0,0.313948,0.0120127,0
12.5,12.6,0,0.313616,0.0119653,0
12.5,12.7,0,0.313342,0.0119398,0
12.6,0,0,0.319948,-0.0454027,0
12.6,0.1,0,0.320259,-0.0454597,0
12.6,0.2,0,0.320877,-0.0456063,0
12.6,0.3,0,0.322062,-0.0458781,0
12.6,0.4,0,0.323396,-0.0461283,0
12.6,0.5,0,0.324767,-0.0463692,0
12.6,0.6,0,0.326231,-0.0465594,0
12.6,0.7,0,0.327698,-0.0467641,0
12.6,0.8,0,0.329156,-0.046949,0
12.6,0.9,0,0.330623,-0.047138,0
12.6,1,0,0.332055,-0.0473315,0
12.6,1.1,0,0.333501,-0.0474903,0
12.6,1.2,0,0.33493,-0.047664,0
12.6,1.3,0,0.3363,-0.0478167,0
12.6,1.4,0,0.337661,-0.0479677,0
12.6,1.5,0,0.338947,-0.048113,0
12.6,1.6,0,0.340217,-0.0482232,0
12.6,1.7,0,0.341443,-0.0483369,0
12.6,1.8,0,0.342493,-0.0484076,0
12.6,1.9,0,0.343475,-0.0484571,0
12.6,2,0,0.344226,-0.0484653,0
12.6,2.1,0,0.344851,-0.0484222,0
12.6,2.2,0,0.345331,-0.0483514,0
12.6,2.3,0,0.345203,-0.048155,0
12.6,2.4,0,0.344799,-0.0478813,0
12.6,2.5,0,0.343707,-0.0474815,0
12.6,2.6,0,0.342078,-0.0469468,0
12.6,2.7,0,0.340039,-0.0463231,0
12.6,2.8,0,0.336273,-0.0453888,0
12.6,2.9,0,0.331717,-0.0442601,0
12.6,3,0,0.325723,-0.0429192,0
12.6,3.1,0,0.318129,-0.0412437,0
12.6,3.2,0,0.309776,-0.0394284,0
12.6,3.3,0,0.29828,-0.0371952,0
12.6,3.4,0,0.285331,-0.0346641,0
12.6,3.5,0,0.270888,-0.0320726,0
12.6,3.6,0,0.253749,-0.0290689,0
12.6,3.7,0,0.235989,-0.0260163,0
12.6,3.8,0,0.216102,-0.0230776,0
12.6,3.9,0,0.195045,-0.0200166,0
12.6,4,0,0.174408,-0.0173528,0
12.6,4.1,0,0.152666,-0.0148369,0
12.6,4.2,0,0.131177,-0.0124558,0
12.6,4.3,0,0.111825,-0.0109175,0
12.6,4.4,0,0.0928146,-0.00958161,0
12.6,4.5,0,0.0755196,-0.00859644,0
12.6,4.6,0,0.0602249,-0.00810573,0
12.6,4.7,0,0.0455216,-0.00774924,0
12.6,4.8,0,0.033737,-0.00766374,0
12.6,4.9,0,0.0245672,-0.00773119,0
12.6,5,0,0.0169394,-0.00783886,0
12.6,5.1,0,0.00634841,-0.00797251,0
12.6,5.2,0,3.15534e-05,-0.00797768,0
12.6,5.3,0,-0.00517324,-0.0079072,0
12.6,5.4,0,-0.0093787,-0.00776659,0
12.6,5.5,0,-0.0126734,-0.00756213,0
12.6,5.6,0,-0.0151249,-0.00730512,0
12.6,5.7,0,-0.0167822,-0.00701193,0
12.6,5.8,0,-0.0176775,-0.0067019,0
12.6,5.9,0,-0.017827,-0.00639585,0
12.6,6,0,-0.0172322,-0.00611517,0
12.6,6.1,0,-0.0158799,-0.00588101,0
12.6,6.2,0,-0.0137424,-0.00571348,0
12.6,6.3,0,-0.0107779,-0.00563083,0
12.6,6.4,0,-0.00693016,-0.00564827,0
12.6,6.5,0,-0.0021297,-0.00577635,0
12.6,6.6,0,0.00370472,-0.00601983,0
12.6,6.7,0,0.010664,-0.00637567,0
12.6,6.8,0,0.0188446,-0.00682965,0
12.6,6.9,0,0.0283448,-0.00736212,0
12.6,7,0,0.044519,-0.00824041,0
12.6,7.1,0,0.0545359,-0.0088841,0
12.6,7.2,0,0.066415,-0.00932734,0
12.6,7.3,0,0.0804063,-0.00943016,0
12.6,7.4,0,0.0970402,-0.00973967,0
12.6,7.5,0,0.114272,-0.00984217,0
12.6,7.6,0,0.131947,-0.00949908,0
12.6,7.7,0,0.150776,-0.0091315,0
12.6,7.8,0,0.169789,-0.00859613,0
12.6,7.9,0,0.188422,-0.00773061,0
12.6,8,0,0.206872,-0.00677233,0
12.6,8.1,0,0.22499,-0.00567097,0
12.6,8.2,0,0.242002,-0.00450206,0
12.6,8.3,0,0.257433,-0.00322617,0
12.6,8.4,0,0.272188,-0.00185578,0
12.6,8.5,0,0.285274,-0.000613119,0
12.6,8.6,0,0.29645,0.000647401,0
12.6,8.7,0,0.306615,0.00198321,0
12.6,8.8,0,0.315083,0.00304111,0
12.6,8.9,0,0.322004,0.00409447,0
12.6,9,0,0.327843,0.00518533,0
12.6,9.1,0,0.332361,0.00595991,0
12.6,9.2,0,0.335908,0.00674368,0
12.6,9.3,0,0.338557,0.00751828,0
12.6,9.4,0,0.34033,0.00805458,0
12.6,9.5,0,0.341619,0.00859975,0
12.6,9.6,0,0.342297,0.00911605,0
12.6,9.7,0,0.342451,0.00947505,0
12.6,9.8,0,0.342384,0.00985208,0
12.6,9.9,0,0.342041,0.0101777,0
12.6,10,0,0.341356,0.010423,0
12.6,10.1,0,0.340585,0.0106959,0
12.6,10.2,0,0.339736,0.0108895,0
12.6,10.3,0,0.338679,0.0110623,0
12.6,10.4,0,0.337587,0.0112706,0
12.6,10.5,0,0.336495,0.0113794,0
12.6,10.6,0,0.335292,0.0114992,0
12.6,10.7,0,0.334068,0.0116652,0
12.6,10.8,0,0.332877,0.0117139,0
12.6,10.9,0,0.331617,0.0117948,0
12.6,11,0,0.330353,0.0119128,0
12.6,11.1,0,0.32912,0.0119324,0
12.6,11.2,0,0.327844,0.0119819,0
12.6,11.3,0,0.326582,0.012053,0
12.6,11.4,0,0.325337,0.012056,0
12.6,11.5,0,0.32407,0.0120784,0
12.6,11.6,0,0.322837,0.0121087,0
12.6,11.7,0,0.321619,0.0120957,0
12.6,11.8,0,0.320396,0.0121013,0
12.6,11.9,0,0.319238,0.0120843,0
12.6,12,0,0.318124,0.0120499,0
12.6,12.1,0,0.317034,0.0120327,0
12.6,12.2,0,0.316065,0.0119649,0
12.6,12.3,0,0.315216,0.0118925,0
12.6,12.4,0,0.314449,0.0118416,0
12.6,12.5,0,0.313912,0.0117351,0
12.6,12.6,0,0.31358,0.0116876,0
12.6,12.7,0,0.313423,0.0117062,0
12.7,0,0,0.320174,-0.0449912,0
12.7,0.1,0,0.320285,-0.0449903,0
12.7,0.2,0,0.321091,-0.04519,0
12.7,0.3,0,0.322276,-0.0454619,0
12.7,0.4,0,0.323569,-0.0457105,0
12.7,0.5,0,0.324963,-0.0459453,0
12.7,0.6,0,0.326426,-0.0461258,0
12.7,0.7,0,0.327879,-0.0463332,0
12.7,0.8,0,0.329338,-0.0465181,0
12.7,0.9,0,0.330812,-0.0466961,0
12.7,1,0,0.332221,-0.0468922,0
12.7,1.1,0,0.333678,-0.047041,0
12.7,1.2,0,0.335073,-0.0472154,0
12.7,1.3,0,0.336444,-0.0473682,0
12.7,1.4,0,0.337821,-0.0475117,0
12.7,1.5,0,0.339057,-0.0476532,0
12.7,1.6,0,0.340353,-0.0477604,0
12.7,1.7,0,0.341494,-0.0478617,0
12.7,1.8,0,0.342544,-0.0479324,0
12.7,1.9,0,0.343573,-0.0479867,0
12.7,2,0,0.344171,-0.0479675,0
12.7,2.1,0,0.344884,-0.0479411,0
12.7,2.2,0,0.345094,-0.0478194,0
12.7,2.3,0,0.344965,-0.047623,0
12.7,2.4,0,0.344715,-0.0473832,0
12.7,2.5,0,0.34317,-0.0469005,0
12.7,2.6,0,0.34179,-0.0464211,0
12.7,2.7,0,0.339057,-0.0456798,0
12.7,2.8,0,0.335291,-0.0447456,0
12.7,2.9,0,0.331101,-0.0436937,0
12.7,3,0,0.324161,-0.0422138,0
12.7,3.1,0,0.317036,-0.0406276,0
12.7,3.2,0,0.307588,-0.0386912,0
12.7,3.3,0,0.296092,-0.0364579,0
12.7,3.4,0,0.283644,-0.0340058,0
12.7,3.5,0,0.268223,-0.0313766,0
12.7,3.6,0,0.25148,-0.0284092,0
12.7,3.7,0,0.233237,-0.0254678,0
12.7,3.8,0,0.21335,-0.0225291,0
12.7,3.9,0,0.192441,-0.0194397,0
12.7,4,0,0.172089,-0.0170397,0
12.7,4.1,0,0.150209,-0.0144445,0
12.7,4.2,0,0.129663,-0.0123792,0
12.7,4.3,0,0.110311,-0.0108409,0
12.7,4.4,0,0.0909875,-0.00941386,0
12.7,4.5,0,0.0748255,-0.00865944,0
12.7,4.6,0,0.0591669,-0.0080826,0
12.7,4.7,0,0.0453727,-0.00782596,0
12.7,4.8,0,0.0335881,-0.00774046,0
12.7,4.9,0,0.0236158,-0.00774948,0
12.7,5,0,0.0169892,-0.00788202,0
12.7,5.1,0,0.00640816,-0.00800571,0
12.7,5.2,0,7.07524e-05,-0.00802027,0
12.7,5.3,0,-0.00516652,-0.00797196,0
12.7,5.4,0,-0.00940714,-0.00786454,0
12.7,5.5,0,-0.0127329,-0.00770297,0
12.7,5.6,0,-0.0152067,-0.00749713,0
12.7,5.7,0,-0.0168743,-0.00726152,0
12.7,5.8,0,-0.0177659,-0.00701338,0
12.7,5.9,0,-0.0178969,-0.00677132,0
12.7,6,0,-0.0172688,-0.00655437,0
12.7,6.1,0,-0.0158691,-0.00638129,0
12.7,6.2,0,-0.0136719,-0.00626979,0
12.7,6.3,0,-0.0106376,-0.00623574,0
12.7,6.4,0,-0.00671345,-0.00629218,0
12.7,6.5,0,-0.00183423,-0.006448,0
12.7,6.6,0,0.00407584,-0.0067064,0
12.7,6.7,0,0.0111009,-0.00706298,0
12.7,6.8,0,0.0193292,-0.00750355,0
12.7,6.9,0,0.0288493,-0.00800905,0
12.7,7,0,0.0449852,-0.00882514,0
12.7,7.1,0,0.0537606,-0.00960246,0
12.7,7.2,0,0.0659804,-0.00996466,0
12.7,7.3,0,0.0806398,-0.00990856,0
12.7,7.4,0,0.096739,-0.0104032,0
12.7,7.5,0,0.114026,-0.0103086,0
12.7,7.6,0,0.131722,-0.0098886,0
12.7,7.7,0,0.150272,-0.0097173,0
12.7,7.8,0,0.169058,-0.00895231,0
12.7,7.9,0,0.187692,-0.00808679,0
12.7,8,0,0.206323,-0.00729979,0
12.7,8.1,0,0.223886,-0.006028,0
12.7,8.2,0,0.240915,-0.0048622,0
12.7,8.3,0,0.256971,-0.00370166,0
12.7,8.4,0,0.270944,-0.0022219,0
12.7,8.5,0,0.284395,-0.00100406,0
12.7,8.6,0,0.296101,0.000220443,0
12.7,8.7,0,0.305455,0.0016167,0
12.7,8.8,0,0.314621,0.00265799,0
12.7,8.9,0,0.321673,0.0037098,0
12.7,9,0,0.326899,0.00483234,0
12.7,9.1,0,0.332125,0.00560023,0
12.7,9.2,0,0.335456,0.00639736,0
12.7,9.3,0,0.337856,0.00718733,0
12.7,9.4,0,0.340118,0.00771469,0
12.7,9.5,0,0.341171,0.00828661,0
12.7,9.6,0,0.341806,0.00880776,0
12.7,9.7,0,0.342264,0.00915036,0
12.7,9.8,0,0.342046,0.00956261,0
12.7,9.9,0,0.341703,0.00988822,0
12.7,10,0,0.341198,0.0101108,0
12.7,10.1,0,0.340352,0.0104203,0
12.7,10.2,0,0.339519,0.0106099,0
12.7,10.3,0,0.338551,0.0107607,0
12.7,10.4,0,0.337424,0.0110048,0
12.7,10.5,0,0.336367,0.0110992,0
12.7,10.6,0,0.335195,0.0112067,0
12.7,10.7,0,0.333955,0.0114064,0
12.7,10.8,0,0.332805,0.0114315,0
12.7,10.9,0,0.331548,0.0115168,0
12.7,11,0,0.330277,0.0116592,0
12.7,11.1,0,0.329078,0.0116548,0
12.7,11.2,0,0.3278,0.0117211,0
12.7,11.3,0,0.326537,0.0118037,0
12.7,11.4,0,0.325319,0.0117844,0
12.7,11.5,0,0.324053,0.0118322,0
12.7,11.6,0,0.322821,0.0118632,0
12.7,11.7,0,0.321618,0.0118293,0
12.7,11.8,0,0.320407,0.011859,0
12.7,11.9,0,0.319249,0.011842,0
12.7,12,0,0.31813,0.0117894,0
12.7,12.1,0,0.317074,0.0117931,0
12.7,12.2,0,0.316092,0.011721,0
12.7,12.3,0,0.315211,0.0116375,0
12.7,12.4,0,0.314517,0.0116057,0
12.7,12.5,0,0.313911,0.0114715,0
12.7,12.6,0,0.313544,0.0114099,0
12.7,12.7,0,0.313504,0.0114726,0
12.8,0,0,0.3204,-0.0445798,0
12.8,0.1,0,0.320431,-0.0445557,0
12.8,0.2,0,0.321306,-0.0447738,0
12.8,0.3,0,0.322491,-0.0450456,0
12.8,0.4,0,0.323755,-0.045289,0
12.8,0.5,0,0.325159,-0.0455213,0
12.8,0.6,0,0.326622,-0.045698,0
12.8,0.7,0,0.328061,-0.0459023,0
12.8,0.8,0,0.329519,-0.0460872,0
12.8,0.9,0,0.330987,-0.0462557,0
12.8,1,0,0.332386,-0.046453,0
12.8,1.1,0,0.333848,-0.0465978,0
12.8,1.2,0,0.335217,-0.0467669,0
12.8,1.3,0,0.336588,-0.0469197,0
12.8,1.4,0,0.33795,-0.0470534,0
12.8,1.5,0,0.339166,-0.0471933,0
12.8,1.6,0,0.340473,-0.0472994,0
12.8,1.7,0,0.341544,-0.0473865,0
12.8,1.8,0,0.342595,-0.0474572,0
12.8,1.9,0,0.34358,-0.0474998,0
12.8,2,0,0.344117,-0.0474696,0
12.8,2.1,0,0.344864,-0.04745,0
12.8,2.2,0,0.344856,-0.0472874,0
12.8,2.3,0,0.344728,-0.047091,0
12.8,2.4,0,0.344359,-0.0468353,0
12.8,2.5,0,0.342633,-0.0463194,0
12.8,2.6,0,0.341353,-0.0458621,0
12.8,2.7,0,0.338075,-0.0450365,0
12.8,2.8,0,0.334309,-0.0441023,0
12.8,2.9,0,0.329917,-0.0430439,0
12.8,3,0,0.322598,-0.0415085,0
12.8,3.1,0,0.315661,-0.0399579,0
12.8,3.2,0,0.3054,-0.0379539,0
12.8,3.3,0,0.293904,-0.0357207,0
12.8,3.4,0,0.281371,-0.0333249,0
12.8,3.5,0,0.265557,-0.0306806,0
12.8,3.6,0,0.248974,-0.0277277,0
12.8,3.7,0,0.230484,-0.0249194,0
12.8,3.8,0,0.210597,-0.0219806,0
12.8,3.9,0,0.190007,-0.0190211,0
12.8,4,0,0.169769,-0.0167267,0
12.8,4.1,0,0.147835,-0.0140998,0
12.8,4.2,0,0.128149,-0.0123026,0
12.8,4.3,0,0.108797,-0.0107643,0
12.8,4.4,0,0.0898402,-0.00938457,0
12.8,4.5,0,0.0741314,-0.00872245,0
12.8,4.6,0,0.0583272,-0.00811115,0
12.8,4.7,0,0.0452239,-0.00790267,0
12.8,4.8,0,0.0334393,-0.00781718,0
12.8,4.9,0,0.0232651,-0.00778269,0
12.8,5,0,0.017039,-0.00792517,0
12.8,5.1,0,0.00646791,-0.0080389,0
12.8,5.2,0,0.000109951,-0.00806286,0
12.8,5.3,0,-0.0051598,-0.00803673,0
12.8,5.4,0,-0.00943557,-0.00796249,0
12.8,5.5,0,-0.0127925,-0.00784382,0
12.8,5.6,0,-0.0152885,-0.00768913,0
12.8,5.7,0,-0.0169664,-0.00751111,0
12.8,5.8,0,-0.0178544,-0.00732488,0
12.8,5.9,0,-0.0179669,-0.00714679,0
12.8,6,0,-0.0173054,-0.00699356,0
12.8,6.1,0,-0.0158584,-0.00688157,0
12.8,6.2,0,-0.0136014,-0.0068261,0
12.8,6.3,0,-0.0104974,-0.00684064,0
12.8,6.4,0,-0.00649674,-0.00693608,0
12.8,6.5,0,-0.00153874,-0.00711965,0
12.8,6.6,0,0.00444695,-0.00739298,0
12.8,6.7,0,0.0115377,-0.0077503,0
12.8,6.8,0,0.0198138,-0.00817745,0
12.8,6.9,0,0.0293539,-0.00865599,0
12.8,7,0,0.0454514,-0.00940987,0
12.8,7.1,0,0.0541723,-0.0101931,0
12.8,7.2,0,0.066214,-0.0104431,0
12.8,7.3,0,0.0808734,-0.010387,0
12.8,7.4,0,0.0967451,-0.0109603,0
12.8,7.5,0,0.113802,-0.0106981,0
12.8,7.6,0,0.131498,-0.0102781,0
12.8,7.7,0,0.149822,-0.0102652,0
12.8,7.8,0,0.168328,-0.00930848,0
12.8,7.9,0,0.186961,-0.00844296,0
12.8,8,0,0.205773,-0.00782725,0
12.8,8.1,0,0.222781,-0.00638502,0
12.8,8.2,0,0.23981,-0.00521923,0
12.8,8.3,0,0.256259,-0.00414214,0
12.8,8.4,0,0.269699,-0.00258802,0
12.8,8.5,0,0.28315,-0.00137018,0
12.8,8.6,0,0.295182,-0.000164099,0
12.8,8.7,0,0.304294,0.00125018,0
12.8,8.8,0,0.313461,0.00229148,0
12.8,8.9,0,0.320728,0.00335682,0
12.8,9,0,0.325954,0.00447936,0
12.8,9.1,0,0.331301,0.0052461,0
12.8,9.2,0,0.334755,0.0060664,0
12.8,9.3,0,0.337156,0.00685638,0
12.8,9.4,0,0.339688,0.0073788,0
12.8,9.5,0,0.340679,0.00797832,0
12.8,9.6,0,0.341314,0.00849947,0
12.8,9.7,0,0.342057,0.00882675,0
12.8,9.8,0,0.341708,0.00927314,0
12.8,9.9,0,0.341365,0.00959875,0
12.8,10,0,0.341034,0.00980097,0
12.8,10.1,0,0.340118,0.0101447,0
12.8,10.2,0,0.339285,0.0103343,0
12.8,10.3,0,0.338407,0.010475,0
12.8,10.4,0,0.337261,0.0107389,0
12.8,10.5,0,0.336204,0.0108334,0
12.8,10.6,0,0.335085,0.0109421,0
12.8,10.7,0,0.333841,0.0111475,0
12.8,10.8,0,0.332692,0.0111726,0
12.8,10.9,0,0.331472,0.0112632,0
12.8,11,0,0.330202,0.0114057,0
12.8,11.1,0,0.329013,0.0113941,0
12.8,11.2,0,0.327756,0.0114719,0
12.8,11.3,0,0.326493,0.0115545,0
12.8,11.4,0,0.325293,0.0115199,0
12.8,11.5,0,0.324037,0.0115867,0
12.8,11.6,0,0.322804,0.0116177,0
12.8,11.7,0,0.321617,0.0115629,0
12.8,11.8,0,0.320418,0.0116167,0
12.8,11.9,0,0.31926,0.0115997,0
12.8,12,0,0.318142,0.011533,0
12.8,12.1,0,0.317114,0.0115536,0
12.8,12.2,0,0.316132,0.0114815,0
12.8,12.3,0,0.315248,0.0113934,0
12.8,12.4,0,0.314585,0.0113698,0
12.8,12.5,0,0.313979,0.0112356,0
12.8,12.6,0,0.313619,0.0111744,0
12.8,12.7,0,0.313585,0.011239,0
12.9,0,0,0.320625,-0.0441683,0
12.9,0.1,0,0.320685,-0.0441522,0
12.9,0.2,0,0.321521,-0.0443575,0
12.9,0.3,0,0.322705,-0.0446294,0
12.9,0.4,0,0.323958,-0.0448653,0
12.9,0.5,0,0.325355,-0.0450974,0
12.9,0.6,0,0.326816,-0.0452745,0
12.9,0.7,0,0.328242,-0.0454714,0
12.9,0.8,0,0.3297,-0.0456563,0
12.9,0.9,0,0.331152,-0.0458181,0
12.9,1,0,0.332552,-0.0460137,0
12.9,1.1,0,0.334009,-0.0461586,0
12.9,1.2,0,0.335361,-0.0463183,0
12.9,1.3,0,0.336732,-0.0464711,0
12.9,1.4,0,0.338058,-0.0465947,0
12.9,1.5,0,0.339276,-0.0467335,0
12.9,1.6,0,0.34057,-0.0468377,0
12.9,1.7,0,0.341595,-0.0469113,0
12.9,1.8,0,0.342645,-0.0469819,0
12.9,1.9,0,0.343518,-0.0470012,0
12.9,2,0,0.344062,-0.0469718,0
12.9,2.1,0,0.344769,-0.0469445,0
12.9,2.2,0,0.344618,-0.0467554,0
12.9,2.3,0,0.34449,-0.0465589,0
12.9,2.4,0,0.343799,-0.0462492,0
12.9,2.5,0,0.342096,-0.0457383,0
12.9,2.6,0,0.340712,-0.0452634,0
12.9,2.7,0,0.337092,-0.0443932,0
12.9,2.8,0,0.333326,-0.043459,0
12.9,2.9,0,0.328299,-0.0423271,0
12.9,3,0,0.321036,-0.0408032,0
12.9,3.1,0,0.313935,-0.0392344,0
12.9,3.2,0,0.303213,-0.0372167,0
12.9,3.3,0,0.291716,-0.0349834,0
12.9,3.4,0,0.27863,-0.0326171,0
12.9,3.5,0,0.262892,-0.0299847,0
12.9,3.6,0,0.246236,-0.0270484,0
12.9,3.7,0,0.227731,-0.0243709,0
12.9,3.8,0,0.207844,-0.0214321,0
12.9,3.9,0,0.187665,-0.0187123,0
12.9,4,0,0.167449,-0.0164136,0
12.9,4.1,0,0.145656,-0.0138341,0
12.9,4.2,0,0.126636,-0.0122261,0
12.9,4.3,0,0.107284,-0.0106877,0
12.9,4.4,0,0.0891931,-0.00946125,0
12.9,4.5,0,0.0734373,-0.00878546,0
12.9,4.6,0,0.0577695,-0.00818913,0
12.9,4.7,0,0.045075,-0.00797939,0
12.9,4.8,0,0.0332904,-0.0078939,0
12.9,4.9,0,0.0234353,-0.00783462,0
12.9,5,0,0.0170889,-0.00796833,0
12.9,5.1,0,0.00652766,-0.00807209,0
12.9,5.2,0,0.00014915,-0.00810545,0
12.9,5.3,0,-0.00515309,-0.0081015,0
12.9,5.4,0,-0.00946401,-0.00806044,0
12.9,5.5,0,-0.012852,-0.00798466,0
12.9,5.6,0,-0.0153704,-0.00788114,0
12.9,5.7,0,-0.0170586,-0.0077607,0
12.9,5.8,0,-0.0179428,-0.00763637,0
12.9,5.9,0,-0.0180368,-0.00752226,0
12.9,6,0,-0.017342,-0.00743276,0
12.9,6.1,0,-0.0158476,-0.00738185,0
12.9,6.2,0,-0.0135309,-0.00738241,0
12.9,6.3,0,-0.0103571,-0.00744555,0
12.9,6.4,0,-0.00628003,-0.00757999,0
12.9,6.5,0,-0.00124327,-0.0077913,0
12.9,6.6,0,0.00481807,-0.00807956,0
12.9,6.7,0,0.0119745,-0.00843762,0
12.9,6.8,0,0.0202983,-0.00885136,0
12.9,6.9,0,0.0298585,-0.00930293,0
12.9,7,0,0.0459175,-0.0099946,0
12.9,7.1,0,0.0546385,-0.0107778,0
12.9,7.2,0,0.0664476,-0.0109215,0
12.9,7.3,0,0.081107,-0.0108654,0
12.9,7.4,0,0.0969921,-0.0113907,0
12.9,7.5,0,0.113577,-0.0110876,0
12.9,7.6,0,0.131273,-0.0106676,0
12.9,7.7,0,0.149472,-0.0105268,0
12.9,7.8,0,0.167598,-0.00966466,0
12.9,7.9,0,0.186231,-0.00879914,0
12.9,8,0,0.204556,-0.00805576,0
12.9,8.1,0,0.221677,-0.00674204,0
12.9,8.2,0,0.238706,-0.00557625,0
12.9,8.3,0,0.254738,-0.00445734,0
12.9,8.4,0,0.268454,-0.00295414,0
12.9,8.5,0,0.281905,-0.0017363,0
12.9,8.6,0,0.293979,-0.000527677,0
12.9,8.7,0,0.303134,0.000883671,0
12.9,8.8,0,0.3123,0.00192497,0
12.9,8.9,0,0.319784,0.00300383,0
12.9,9,0,0.325009,0.00412637,0
12.9,9.1,0,0.330356,0.00489311,0
12.9,9.2,0,0.334055,0.00573545,0
12.9,9.3,0,0.336455,0.00652542,0
12.9,9.4,0,0.338903,0.00705741,0
12.9,9.5,0,0.340187,0.00767003,0
12.9,9.6,0,0.340822,0.00819118,0
12.9,9.7,0,0.341462,0.00854256,0
12.9,9.8,0,0.341369,0.00898368,0
12.9,9.9,0,0.341027,0.00930928,0
12.9,10,0,0.340678,0.00954095,0
12.9,10.1,0,0.339885,0.00986912,0
12.9,10.2,0,0.339052,0.0100587,0
12.9,10.3,0,0.338213,0.010217,0
12.9,10.4,0,0.337099,0.010473,0
12.9,10.5,0,0.336041,0.0105675,0
12.9,10.6,0,0.334971,0.0106832,0
12.9,10.7,0,0.333728,0.0108886,0
12.9,10.8,0,0.332578,0.0109137,0
12.9,10.9,0,0.331396,0.0110096,0
12.9,11,0,0.330126,0.0111521,0
12.9,11.1,0,0.328937,0.0111419,0
12.9,11.2,0,0.327711,0.0112227,0
12.9,11.3,0,0.326448,0.0113053,0
12.9,11.4,0,0.325249,0.0112819,0
12.9,11.5,0,0.32402,0.0113412,0
12.9,11.6,0,0.322787,0.0113721,0
12.9,11.7,0,0.32161,0.0113356,0
12.9,11.8,0,0.320428,0.0113744,0
12.9,11.9,0,0.319271,0.0113573,0
12.9,12,0,0.318185,0.0113036,0
12.9,12.1,0,0.317153,0.0113141,0
12.9,12.2,0,0.316171,0.0112419,0
12.9,12.3,0,0.315324,0.0111602,0
12.9,12.4,0,0.314653,0.0111339,0
12.9,12.5,0,0.314046,0.0109997,0
12.9,12.6,0,0.3137,0.0109407,0
12.9,12.7,0,0.313666,0.0110054,0
13,0,0,0.320851,-0.0437568,0
13,0.1,0,0.321099,-0.0437939,0
13,0.2,0,0.321735,-0.0439413,0
13,0.3,0,0.32292,-0.0442131,0
13,0.4,0,0.324196,-0.0444429,0
13,0.5,0,0.325551,-0.0446734,0
13,0.6,0,0.326999,-0.0448532,0
13,0.7,0,0.328423,-0.0450405,0
13,0.8,0,0.329882,-0.0452254,0
13,0.9,0,0.33131,-0.0453899,0
13,1,0,0.332717,-0.0455744,0
13,1.1,0,0.334141,-0.04572,0
13,1.2,0,0.335505,-0.0458698,0
13,1.3,0,0.336876,-0.0460226,0
13,1.4,0,0.338152,-0.0461422,0
13,1.5,0,0.339386,-0.0462736,0
13,1.6,0,0.340594,-0.0463654,0
13,1.7,0,0.341646,-0.0464361,0
13,1.8,0,0.342696,-0.0465067,0
13,1.9,0,0.343416,-0.0464986,0
13,2,0,0.344008,-0.0464739,0
13,2.1,0,0.344444,-0.0463957,0
13,2.2,0,0.344381,-0.0462234,0
13,2.3,0,0.344252,-0.0460269,0
13,2.4,0,0.343108,-0.0456342,0
13,2.5,0,0.341559,-0.0451572,0
13,2.6,0,0.33948,-0.0445648,0
13,2.7,0,0.33611,-0.0437499,0
13,2.8,0,0.332344,-0.0428157,0
13,2.9,0,0.326371,-0.0415449,0
13,3,0,0.319473,-0.0400978,0
13,3.1,0,0.311277,-0.038408,0
13,3.2,0,0.301025,-0.0364794,0
13,3.3,0,0.289529,-0.0342462,0
13,3.4,0,0.275463,-0.0318422,0
13,3.5,0,0.260227,-0.0292887,0
13,3.6,0,0.243086,-0.0264637,0
13,3.7,0,0.224979,-0.0238224,0
13,3.8,0,0.205091,-0.0208837,0
13,3.9,0,0.185198,-0.0184277,0
13,4,0,0.16513,-0.0161006,0
13,4.1,0,0.14428,-0.0138368,0
13,4.2,0,0.125122,-0.0121495,0
13,4.3,0,0.10577,-0.0106111,0
13,4.4,0,0.0888124,-0.0096154,0
13,4.5,0,0.0727432,-0.00884846,0
13,4.6,0,0.0579845,-0.008352,0
13,4.7,0,0.0449261,-0.00805611,0
13,4.8,0,0.0331415,-0.00797062,0
13,4.9,0,0.0242877,-0.0079362,0
13,5,0,0.0171387,-0.00801148,0
13,5.1,0,0.00658741,-0.00810529,0
13,5.2,0,0.000188349,-0.00814804,0
13,5.3,0,-0.00514637,-0.00816627,0
13,5.4,0,-0.00949245,-0.00815839,0
13,5.5,0,-0.0129115,-0.0081255,0
13,5.6,0,-0.0154522,-0.00807315,0
13,5.7,0,-0.0171507,-0.00801029,0
13,5.8,0,-0.0180313,-0.00794786,0
13,5.9,0,-0.0181068,-0.00789773,0
13,6,0,-0.0173786,-0.00787196,0
13,6.1,0,-0.0158369,-0.00788213,0
13,6.2,0,-0.0134604,-0.00793872,0
13,6.3,0,-0.0102168,-0.00805046,0
13,6.4,0,-0.00606332,-0.00822389,0
13,6.5,0,-0.000947785,-0.00846295,0
13,6.6,0,0.00518918,-0.00876614,0
13,6.7,0,0.0124114,-0.00912494,0
13,6.8,0,0.0207829,-0.00952526,0
13,6.9,0,0.030363,-0.00994986,0
13,7,0,0.0463837,-0.0105793,0
13,7.1,0,0.0559056,-0.011172,0
13,7.2,0,0.067193,-0.0113448,0
13,7.3,0,0.0813406,-0.0113438,0
13,7.4,0,0.0973023,-0.0115951,0
13,7.5,0,0.113369,-0.0114715,0
13,7.6,0,0.131049,-0.0110572,0
13,7.7,0,0.149021,-0.0106867,0
13,7.8,0,0.166867,-0.0100208,0
13,7.9,0,0.185501,-0.00915531,0
13,8,0,0.203271,-0.0082415,0
13,8.1,0,0.220572,-0.00709907,0
13,8.2,0,0.237601,-0.00593327,0
13,8.3,0,0.252851,-0.00470499,0
13,8.4,0,0.267209,-0.00332026,0
13,8.5,0,0.280532,-0.00209287,0
13,8.6,0,0.291923,-0.000833353,0
13,8.7,0,0.301973,0.000517158,0
13,8.8,0,0.310779,0.0015771,0
13,8.9,0,0.318249,0.00266486,0
13,9,0,0.324065,0.00377338,0
13,9.1,0,0.328985,0.00456659,0
13,9.2,0,0.333153,0.00540641,0
13,9.3,0,0.335755,0.00619447,0
13,9.4,0,0.337922,0.00675806,0
13,9.5,0,0.339695,0.00736174,0
13,9.6,0,0.34033,0.00788289,0
13,9.7,0,0.340819,0.00826949,0
13,9.8,0,0.341031,0.00869421,0
13,9.9,0,0.340689,0.00901982,0
13,10,0,0.340265,0.00928812,0
13,10.1,0,0.339652,0.00959352,0
13,10.2,0,0.338819,0.00978308,0
13,10.3,0,0.337944,0.00997723,0
13,10.4,0,0.336936,0.0102072,0
13,10.5,0,0.335874,0.0103112,0
13,10.6,0,0.334798,0.0104488,0
13,10.7,0,0.333615,0.0106297,0
13,10.8,0,0.33246,0.0106755,0
13,10.9,0,0.331296,0.0107699,0
13,11,0,0.33005,0.0108985,0
13,11.1,0,0.328858,0.0109166,0
13,11.2,0,0.327661,0.0109772,0
13,11.3,0,0.326403,0.011056,0
13,11.4,0,0.325205,0.0110588,0
13,11.5,0,0.324003,0.0110957,0
13,11.6,0,0.32277,0.0111266,0
13,11.7,0,0.321605,0.0111142,0
13,11.8,0,0.320439,0.011132,0
13,11.9,0,0.319281,0.011115,0
13,12,0,0.318229,0.0110822,0
13,12.1,0,0.317193,0.0110746,0
13,12.2,0,0.316213,0.011003,0
13,12.3,0,0.315436,0.0109399,0
13,12.4,0,0.314721,0.010898,0
13,12.5,0,0.314163,0.010782,0
13,12.6,0,0.313864,0.0107403,0
13,12.7,0,0.313747,0.0107717,0
13.1,0,0,0.321076,-0.0433454,0
13.1,0.1,0,0.321512,-0.0434355,0
13.1,0.2,0,0.322089,-0.0435656,0
13.1,0.3,0,0.323151,-0.0437926,0
13.1,0.4,0,0.324434,-0.0440205,0
13.1,0.5,0,0.325747,-0.0442495,0
13.1,0.6,0,0.327182,-0.0444319,0
13.1,0.7,0,0.328606,-0.0446163,0
13.1,0.8,0,0.330047,-0.0447964,0
13.1,0.9,0,0.331468,-0.0449616,0
13.1,1,0,0.332883,-0.0451352,0
13.1,1.1,0,0.334274,-0.0452814,0
13.1,1.2,0,0.335642,-0.0454282,0
13.1,1.3,0,0.336985,-0.0455713,0
13.1,1.4,0,0.338246,-0.0456897,0
13.1,1.5,0,0.339495,-0.0458137,0
13.1,1.6,0,0.340619,-0.045893,0
13.1,1.7,0,0.341678,-0.0459629,0
13.1,1.8,0,0.34264,-0.0460124,0
13.1,1.9,0,0.343314,-0.045996,0
13.1,2,0,0.343953,-0.0459761,0
13.1,2.1,0,0.344119,-0.045847,0
13.1,2.2,0,0.344082,-0.0456796,0
13.1,2.3,0,0.343698,-0.0454368,0
13.1,2.4,0,0.342417,-0.0450192,0
13.1,2.5,0,0.341022,-0.0445761,0
13.1,2.6,0,0.338248,-0.0438661,0
13.1,2.7,0,0.334953,-0.0430679,0
13.1,2.8,0,0.3307,-0.0420752,0
13.1,2.9,0,0.324442,-0.0407627,0
13.1,3,0,0.31791,-0.0393925,0
13.1,3.1,0,0.30862,-0.0375815,0
13.1,3.2,0,0.298509,-0.0356797,0
13.1,3.3,0,0.286655,-0.0334826,0
13.1,3.4,0,0.272297,-0.0310673,0
13.1,3.5,0,0.257561,-0.0285927,0
13.1,3.6,0,0.239936,-0.0258789,0
13.1,3.7,0,0.221948,-0.0232486,0
13.1,3.8,0,0.202538,-0.0205199,0
13.1,3.9,0,0.18273,-0.0181431,0
13.1,4,0,0.16281,-0.0157875,0
13.1,4.1,0,0.142904,-0.0138395,0
13.1,4.2,0,0.123704,-0.0121284,0
13.1,4.3,0,0.105049,-0.010696,0
13.1,4.4,0,0.0884317,-0.00976956,0
13.1,4.5,0,0.0720491,-0.00891147,0
13.1,4.6,0,0.0581996,-0.00851486,0
13.1,4.7,0,0.045032,-0.00819313,0
13.1,4.8,0,0.0336935,-0.00806475,0
13.1,4.9,0,0.0251401,-0.00803778,0
13.1,5,0,0.0171885,-0.00805464,0
13.1,5.1,0,0.00664716,-0.00813848,0
13.1,5.2,0,0.000227548,-0.00819063,0
13.1,5.3,0,-0.00513965,-0.00823104,0
13.1,5.4,0,-0.00952088,-0.00825634,0
13.1,5.5,0,-0.0129711,-0.00826635,0
13.1,5.6,0,-0.0155341,-0.00826515,0
13.1,5.7,0,-0.0172428,-0.00825988,0
13.1,5.8,0,-0.0181197,-0.00825934,0
13.1,5.9,0,-0.0181767,-0.0082732,0
13.1,6,0,-0.0174152,-0.00831115,0
13.1,6.1,0,-0.0158261,-0.00838241,0
13.1,6.2,0,-0.0133899,-0.00849503,0
13.1,6.3,0,-0.0100765,-0.00865536,0
13.1,6.4,0,-0.00584661,-0.0088678,0
13.1,6.5,0,-0.000652305,-0.0091346,0
13.1,6.6,0,0.00556029,-0.00945271,0
13.1,6.7,0,0.0128482,-0.00981226,0
13.1,6.8,0,0.0212675,-0.0101992,0
13.1,6.9,0,0.0308676,-0.0105968,0
13.1,7,0,0.0468498,-0.0111641,0
13.1,7.1,0,0.0573806,-0.0115168,0
13.1,7.2,0,0.068668,-0.0116895,0
13.1,7.3,0,0.0815742,-0.0118222,0
13.1,7.4,0,0.0976125,-0.0117995,0
13.1,7.5,0,0.113679,-0.0116759,0
13.1,7.6,0,0.130821,-0.0114437,0
13.1,7.7,0,0.14857,-0.0108466,0
13.1,7.8,0,0.166318,-0.0102496,0
13.1,7.9,0,0.184551,-0.00944421,0
13.1,8,0,0.201985,-0.00842724,0
13.1,8.1,0,0.21942,-0.00741026,0
13.1,8.2,0,0.235889,-0.00620539,0
13.1,8.3,0,0.250964,-0.00495264,0
13.1,8.4,0,0.265965,-0.00368638,0
13.1,8.5,0,0.278476,-0.00239855,0
13.1,8.6,0,0.289866,-0.00113903,0
13.1,8.7,0,0.300813,0.000150644,0
13.1,8.8,0,0.308949,0.00124514,0
13.1,8.9,0,0.31642,0.00233291,0
13.1,9,0,0.32312,0.0034204,0
13.1,9.1,0,0.327577,0.00424233,0
13.1,9.2,0,0.331745,0.00508215,0
13.1,9.3,0,0.335054,0.00586352,0
13.1,9.4,0,0.336942,0.00645871,0
13.1,9.5,0,0.338762,0.00706152,0
13.1,9.6,0,0.339818,0.00757955,0
13.1,9.7,0,0.340176,0.00799642,0
13.1,9.8,0,0.340534,0.0084133,0
13.1,9.9,0,0.340311,0.00874947,0
13.1,10,0,0.339852,0.00903529,0
13.1,10.1,0,0.339393,0.00932111,0
13.1,10.2,0,0.338554,0.00953982,0
13.1,10.3,0,0.337676,0.00973742,0
13.1,10.4,0,0.336773,0.00994132,0
13.1,10.5,0,0.335695,0.010079,0
13.1,10.6,0,0.334618,0.0102166,0
13.1,10.7,0,0.333501,0.0103708,0
13.1,10.8,0,0.332339,0.0104475,0
13.1,10.9,0,0.331175,0.0105419,0
13.1,11,0,0.329974,0.0106449,0
13.1,11.1,0,0.328779,0.0106914,0
13.1,11.2,0,0.327582,0.010752,0
13.1,11.3,0,0.326359,0.0108068,0
13.1,11.4,0,0.325162,0.0108357,0
13.1,11.5,0,0.323966,0.0108676,0
13.1,11.6,0,0.322757,0.0108876,0
13.1,11.7,0,0.3216,0.0108928,0
13.1,11.8,0,0.320444,0.010898,0
13.1,11.9,0,0.319314,0.0108863,0
13.1,12,0,0.318273,0.0108608,0
13.1,12.1,0,0.317233,0.0108353,0
13.1,12.2,0,0.316326,0.0107827,0
13.1,12.3,0,0.315549,0.0107195,0
13.1,12.4,0,0.314789,0.0106621,0
13.1,12.5,0,0.314347,0.0105901,0
13.1,12.6,0,0.314049,0.0105484,0
13.1,12.7,0,0.313828,0.0105381,0
13.2,0,0,0.321298,-0.0429395,0
13.2,0.1,0,0.321827,-0.0430548,0
13.2,0.2,0,0.322404,-0.0431848,0
13.2,0.3,0,0.323367,-0.0433757,0
13.2,0.4,0,0.324649,-0.0436036,0
13.2,0.5,0,0.325939,-0.0438309,0
13.2,0.6,0,0.327362,-0.0440126,0
13.2,0.7,0,0.328786,-0.044197,0
13.2,0.8,0,0.330208,-0.0443695,0
13.2,0.9,0,0.331629,-0.0445347,0
13.2,1,0,0.333042,-0.0446999,0
13.2,1.1,0,0.334414,-0.0448447,0
13.2,1.2,0,0.335781,-0.0449915,0
13.2,1.3,0,0.337091,-0.0451218,0
13.2,1.4,0,0.338352,-0.0452403,0
13.2,1.5,0,0.339595,-0.045355,0
13.2,1.6,0,0.340666,-0.045426,0
13.2,1.7,0,0.341726,-0.0454959,0
13.2,1.8,0,0.342581,-0.0455193,0
13.2,1.9,0,0.343256,-0.0455029,0
13.2,2,0,0.343876,-0.0454741,0
13.2,2.1,0,0.343873,-0.0453147,0
13.2,2.2,0,0.343836,-0.0451474,0
13.2,2.3,0,0.343142,-0.0448485,0
13.2,2.4,0,0.341862,-0.0444308,0
13.2,2.5,0,0.340444,-0.0439858,0
13.2,2.6,0,0.337228,-0.0432064,0
13.2,2.7,0,0.333933,-0.0424082,0
13.2,2.8,0,0.32907,-0.0413427,0
13.2,2.9,0,0.322813,-0.0400302,0
13.2,3,0,0.316325,-0.0386823,0
13.2,3.1,0,0.306328,-0.036807,0
13.2,3.2,0,0.296217,-0.0349052,0
13.2,3.3,0,0.283855,-0.0327443,0
13.2,3.4,0,0.269496,-0.030329,0
13.2,3.5,0,0.254975,-0.0279078,0
13.2,3.6,0,0.237046,-0.0252946,0
13.2,3.7,0,0.219057,-0.0226642,0
13.2,3.8,0,0.200125,-0.0201911,0
13.2,3.9,0,0.180316,-0.0178143,0
13.2,4,0,0.160631,-0.0154737,0
13.2,4.1,0,0.141368,-0.0137717,0
13.2,4.2,0,0.122168,-0.0120605,0
13.2,4.3,0,0.104383,-0.0107855,0
13.2,4.4,0,0.0877655,-0.00985905,0
13.2,4.5,0,0.0713893,-0.00893826,0
13.2,4.6,0,0.0581053,-0.00863813,0
13.2,4.7,0,0.0449377,-0.00831641,0
13.2,4.8,0,0.0340597,-0.00815509,0
13.2,4.9,0,0.0255062,-0.00812813,0
13.2,5,0,0.0172243,-0.00807023,0
13.2,5.1,0,0.00670504,-0.00814745,0
13.2,5.2,0,0.000277499,-0.00820857,0
13.2,5.3,0,-0.00510832,-0.00826886,0
13.2,5.4,0,-0.00951113,-0.00832367,0
13.2,5.5,0,-0.0129802,-0.00837178,0
13.2,5.6,0,-0.0155554,-0.00841602,0
13.2,5.7,0,-0.0172671,-0.00846188,0
13.2,5.8,0,-0.0181362,-0.00851634,0
13.2,5.9,0,-0.0181738,-0.00858707,0
13.2,6,0,-0.0173817,-0.00868171,0
13.2,6.1,0,-0.0157515,-0.00880735,0
13.2,6.2,0,-0.0132652,-0.00896991,0
13.2,6.3,0,-0.00989497,-0.00917366,0
13.2,6.4,0,-0.00560431,-0.00942106,0
13.2,6.5,0,-0.000349106,-0.00971284,0
13.2,6.6,0,0.00591992,-0.0100446,0
13.2,6.7,0,0.0132542,-0.0104054,0
13.2,6.8,0,0.0217031,-0.0107813,0
13.2,6.9,0,0.0313085,-0.0111563,0
13.2,7,0,0.0472409,-0.0116712,0
13.2,7.1,0,0.0581681,-0.0118747,0
13.2,7.2,0,0.0694555,-0.0120475,0
13.2,7.3,0,0.0816043,-0.0121726,0
13.2,7.4,0,0.0976709,-0.012049,0
13.2,7.5,0,0.113737,-0.0119254,0
13.2,7.6,0,0.130291,-0.0116515,0
13.2,7.7,0,0.14804,-0.0110545,0
13.2,7.8,0,0.165789,-0.0104575,0
13.2,7.9,0,0.183406,-0.00966453,0
13.2,8,0,0.200841,-0.00864756,0
13.2,8.1,0,0.218275,-0.00763058,0
13.2,8.2,0,0.234325,-0.00646481,0
13.2,8.3,0,0.2494,-0.00521206,0
13.2,8.4,0,0.264474,-0.00395931,0
13.2,8.5,0,0.276821,-0.00269379,0
13.2,8.6,0,0.288211,-0.00143427,0
13.2,8.7,0,0.299602,-0.000174751,0
13.2,8.8,0,0.307489,0.000936514,0
13.2,8.9,0,0.31496,0.00202428,0
13.2,9,0,0.322197,0.0031073,0
13.2,9.1,0,0.326448,0.00394348,0
13.2,9.2,0,0.330616,0.0047833,0
13.2,9.3,0,0.334324,0.00557772,0
13.2,9.4,0,0.336144,0.00618054,0
13.2,9.5,0,0.337964,0.00678335,0
13.2,9.6,0,0.33928,0.00732185,0
13.2,9.7,0,0.339638,0.00773873,0
13.2,9.8,0,0.339997,0.0081556,0
13.2,9.9,0,0.339954,0.00850704,0
13.2,10,0,0.339495,0.00879285,0
13.2,10.1,0,0.339036,0.00907867,0
13.2,10.2,0,0.338312,0.00930696,0
13.2,10.3,0,0.337434,0.00950456,0
13.2,10.4,0,0.336557,0.00970217,0
13.2,10.5,0,0.335528,0.00985158,0
13.2,10.6,0,0.334452,0.0099892,0
13.2,10.7,0,0.333377,0.0101304,0
13.2,10.8,0,0.332223,0.0102232,0
13.2,10.9,0,0.331059,0.0103176,0
13.2,11,0,0.329898,0.0104086,0
13.2,11.1,0,0.328702,0.0104692,0
13.2,11.2,0,0.327505,0.0105298,0
13.2,11.3,0,0.326314,0.0105834,0
13.2,11.4,0,0.325117,0.0106153,0
13.2,11.5,0,0.323921,0.0106472,0
13.2,11.6,0,0.322745,0.0106688,0
13.2,11.7,0,0.321589,0.010674,0
13.2,11.8,0,0.320432,0.0106792,0
13.2,11.9,0,0.319342,0.0106683,0
13.2,12,0,0.318301,0.0106428,0
13.2,12.1,0,0.317261,0.0106173,0
13.2,12.2,0,0.316403,0.0105663,0
13.2,12.3,0,0.315626,0.0105031,0
13.2,12.4,0,0.314849,0.01044,0
13.2,12.5,0,0.314474,0.0103901,0
13.2,12.6,0,0.314175,0.0103484,0
13.2,12.7,0,0.313907,0.0103154,0
13.3,0,0,0.321507,-0.0425504,0
13.3,0.1,0,0.321842,-0.0426068,0
13.3,0.2,0,0.322419,-0.0427369,0
13.3,0.3,0,0.323516,-0.0429755,0
13.3,0.4,0,0.324799,-0.0432034,0
13.3,0.5,0,0.326117,-0.0434283,0
13.3,0.6,0,0.327536,-0.0435991,0
13.3,0.7,0,0.32896,-0.0437835,0
13.3,0.8,0,0.330377,-0.0439466,0
13.3,0.9,0,0.331798,-0.0441118,0
13.3,1,0,0.333183,-0.0442765,0
13.3,1.1,0,0.334572,-0.0444135,0
13.3,1.2,0,0.335939,-0.0445602,0
13.3,1.3,0,0.337233,-0.0446815,0
13.3,1.4,0,0.338494,-0.0448,0
13.3,1.5,0,0.339662,-0.0448994,0
13.3,1.6,0,0.340782,-0.044975,0
13.3,1.7,0,0.341842,-0.0450449,0
13.3,1.8,0,0.342653,-0.0450548,0
13.3,1.9,0,0.343328,-0.0450385,0
13.3,2,0,0.343731,-0.0449598,0
13.3,2.1,0,0.343865,-0.044832,0
13.3,2.2,0,0.343828,-0.0446646,0
13.3,2.3,0,0.342992,-0.0443401,0
13.3,2.4,0,0.341712,-0.0439225,0
13.3,2.5,0,0.339747,-0.0433676,0
13.3,2.6,0,0.336845,-0.0426636,0
13.3,2.7,0,0.33355,-0.0418654,0
13.3,2.8,0,0.328336,-0.0407594,0
13.3,2.9,0,0.322079,-0.0394469,0
13.3,3,0,0.314672,-0.0379577,0
13.3,3.1,0,0.305134,-0.0361881,0
13.3,3.2,0,0.295023,-0.0342863,0
13.3,3.3,0,0.282154,-0.0321159,0
13.3,3.4,0,0.267795,-0.0297007,0
13.3,3.5,0,0.252623,-0.027256,0
13.3,3.6,0,0.234933,-0.0247116,0
13.3,3.7,0,0.216945,-0.0220812,0
13.3,3.8,0,0.197875,-0.0197298,0
13.3,3.9,0,0.178066,-0.017353,0
13.3,4,0,0.158876,-0.0151577,0
13.3,4.1,0,0.139353,-0.0134919,0
13.3,4.2,0,0.120154,-0.0117808,0
13.3,4.3,0,0.102861,-0.010681,0
13.3,4.4,0,0.0862429,-0.00975449,0
13.3,4.5,0,0.0708326,-0.00885638,0
13.3,4.6,0,0.057083,-0.00864265,0
13.3,4.7,0,0.0439154,-0.00832092,0
13.3,4.8,0,0.0329673,-0.00821174,0
13.3,4.9,0,0.0244138,-0.00818478,0
13.3,5,0,0.0172178,-0.00800313,0
13.3,5.1,0,0.00675731,-0.00808374,0
13.3,5.2,0,0.000359704,-0.00815254,0
13.3,5.3,0,-0.00500316,-0.00822582,0
13.3,5.4,0,-0.00938678,-0.00829915,0
13.3,5.5,0,-0.0128381,-0.00837098,0
13.3,5.6,0,-0.0153954,-0.00844345,0
13.3,5.7,0,-0.0170881,-0.00852111,0
13.3,5.8,0,-0.0179366,-0.00860986,0
13.3,5.9,0,-0.0179526,-0.00871615,0
13.3,6,0,-0.0171379,-0.00884635,0
13.3,6.1,0,-0.0154854,-0.00900625,0
13.3,6.2,0,-0.012978,-0.0092005,0
13.3,6.3,0,-0.00958955,-0.00943212,0
13.3,6.4,0,-0.0052852,-0.00970239,0
13.3,6.5,0,-2.27516e-05,-0.0100108,0
13.3,6.6,0,0.00624506,-0.0103523,0
13.3,6.7,0,0.0135675,-0.0107161,0
13.3,6.8,0,0.021992,-0.0110884,0
13.3,6.9,0,0.0315582,-0.0114535,0
13.3,7,0,0.0474065,-0.0119458,0
13.3,7.1,0,0.0568931,-0.0122721,0
13.3,7.2,0,0.0681805,-0.0124449,0
13.3,7.3,0,0.0814611,-0.0124231,0
13.3,7.4,0,0.0969738,-0.0124338,0
13.3,7.5,0,0.11304,-0.0123102,0
13.3,7.6,0,0.12969,-0.0119222,0
13.3,7.7,0,0.147274,-0.0114062,0
13.3,7.8,0,0.165022,-0.0108092,0
13.3,7.9,0,0.182673,-0.00997185,0
13.3,8,0,0.200117,-0.00897161,0
13.3,8.1,0,0.217459,-0.00791837,0
13.3,8.2,0,0.233731,-0.00675952,0
13.3,8.3,0,0.248806,-0.00550677,0
13.3,8.4,0,0.263483,-0.00418412,0
13.3,8.5,0,0.276368,-0.00295774,0
13.3,8.6,0,0.287758,-0.00169822,0
13.3,8.7,0,0.298437,-0.000366109,0
13.3,8.8,0,0.307138,0.000697863,0
13.3,8.9,0,0.314609,0.00178563,0
13.3,9,0,0.321227,0.00291435,0
13.3,9.1,0,0.326158,0.00372085,0
13.3,9.2,0,0.330326,0.00456068,0
13.3,9.3,0,0.333714,0.00538261,0
13.3,9.4,0,0.335892,0.00596589,0
13.3,9.5,0,0.337712,0.00656871,0
13.3,9.6,0,0.33895,0.00712088,0
13.3,9.7,0,0.339417,0.00752713,0
13.3,9.8,0,0.339775,0.00794401,0
13.3,9.9,0,0.339762,0.00829577,0
13.3,10,0,0.339303,0.00858159,0
13.3,10.1,0,0.338824,0.00887949,0
13.3,10.2,0,0.338151,0.00909494,0
13.3,10.3,0,0.337274,0.00929254,0
13.3,10.4,0,0.336389,0.00951392,0
13.3,10.5,0,0.335397,0.00963871,0
13.3,10.6,0,0.334321,0.00977633,0
13.3,10.7,0,0.33326,0.00994674,0
13.3,10.8,0,0.332122,0.0100099,0
13.3,10.9,0,0.330958,0.0101043,0
13.3,11,0,0.329821,0.0102209,0
13.3,11.1,0,0.328628,0.010256,0
13.3,11.2,0,0.327431,0.0103165,0
13.3,11.3,0,0.326266,0.0103841,0
13.3,11.4,0,0.325068,0.0104027,0
13.3,11.5,0,0.323872,0.0104346,0
13.3,11.6,0,0.322717,0.0104619,0
13.3,11.7,0,0.321558,0.010463,0
13.3,11.8,0,0.320406,0.0104699,0
13.3,11.9,0,0.31932,0.0104606,0
13.3,12,0,0.318279,0.0104351,0
13.3,12.1,0,0.317267,0.0104161,0
13.3,12.2,0,0.316374,0.0103618,0
13.3,12.3,0,0.315598,0.0102987,0
13.3,12.4,0,0.314898,0.0102463,0
13.3,12.5,0,0.314424,0.0101655,0
13.3,12.6,0,0.314125,0.0101238,0
13.3,12.7,0,0.31398,0.0101253,0
13.4,0,0,0.321717,-0.0421613,0
13.4,0.1,0,0.321858,-0.0421589,0
13.4,0.2,0,0.322581,-0.0423322,0
13.4,0.3,0,0.323705,-0.0425804,0
13.4,0.4,0,0.324948,-0.0428031,0
13.4,0.5,0,0.326295,-0.0430257,0
13.4,0.6,0,0.327709,-0.0431857,0
13.4,0.7,0,0.329123,-0.0433713,0
13.4,0.8,0,0.33054,-0.0435325,0
13.4,0.9,0,0.331968,-0.043689,0
13.4,1,0,0.333324,-0.0438532,0
13.4,1.1,0,0.33473,-0.0439822,0
13.4,1.2,0,0.336061,-0.0441241,0
13.4,1.3,0,0.337351,-0.0442435,0
13.4,1.4,0,0.338635,-0.0443597,0
13.4,1.5,0,0.33973,-0.0444439,0
13.4,1.6,0,0.340898,-0.044524,0
13.4,1.7,0,0.341857,-0.0445705,0
13.4,1.8,0,0.342659,-0.0445778,0
13.4,1.9,0,0.3434,-0.044574,0
13.4,2,0,0.343585,-0.0444455,0
13.4,2.1,0,0.343857,-0.0443492,0
13.4,2.2,0,0.343534,-0.0441197,0
13.4,2.3,0,0.34267,-0.04379,0
13.4,2.4,0,0.341562,-0.0434141,0
13.4,2.5,0,0.33905,-0.0427495,0
13.4,2.6,0,0.336461,-0.0421207,0
13.4,2.7,0,0.332559,-0.0412134,0
13.4,2.8,0,0.327276,-0.0400993,0
13.4,2.9,0,0.321345,-0.0388635,0
13.4,3,0,0.313018,-0.0372331,0
13.4,3.1,0,0.30394,-0.0355692,0
13.4,3.2,0,0.293093,-0.0335825,0
13.4,3.3,0,0.280124,-0.0314103,0
13.4,3.4,0,0.266095,-0.0290723,0
13.4,3.5,0,0.250271,-0.0266042,0
13.4,3.6,0,0.23282,-0.0241286,0
13.4,3.7,0,0.214739,-0.0215631,0
13.4,3.8,0,0.195642,-0.019236,0
13.4,3.9,0,0.175816,-0.0168917,0
13.4,4,0,0.15712,-0.0148417,0
13.4,4.1,0,0.137338,-0.0132122,0
13.4,4.2,0,0.118854,-0.0115954,0
13.4,4.3,0,0.10166,-0.0105306,0
13.4,4.4,0,0.0847202,-0.00964994,0
13.4,4.5,0,0.0702759,-0.00877451,0
13.4,4.6,0,0.0560606,-0.00864716,0
13.4,4.7,0,0.0435643,-0.00826969,0
13.4,4.8,0,0.0326022,-0.00817093,0
13.4,4.9,0,0.0233214,-0.00824142,0
13.4,5,0,0.0172113,-0.00793602,0
13.4,5.1,0,0.00680959,-0.00802003,0
13.4,5.2,0,0.00044191,-0.00809652,0
13.4,5.3,0,-0.004898,-0.00818277,0
13.4,5.4,0,-0.00926243,-0.00827462,0
13.4,5.5,0,-0.012696,-0.00837018,0
13.4,5.6,0,-0.0152353,-0.00847088,0
13.4,5.7,0,-0.016909,-0.00858035,0
13.4,5.8,0,-0.0177371,-0.00870338,0
13.4,5.9,0,-0.0177313,-0.00884523,0
13.4,6,0,-0.0168942,-0.00901099,0
13.4,6.1,0,-0.0152192,-0.00920515,0
13.4,6.2,0,-0.0126908,-0.00943108,0
13.4,6.3,0,-0.00928413,-0.00969058,0
13.4,6.4,0,-0.00496609,-0.00998372,0
13.4,6.5,0,0.000303603,-0.0103088,0
13.4,6.6,0,0.0065702,-0.0106601,0
13.4,6.7,0,0.0138809,-0.0110269,0
13.4,6.8,0,0.0222809,-0.0113954,0
13.4,6.9,0,0.031808,-0.0117507,0
13.4,7,0,0.0475722,-0.0122204,0
13.4,7.1,0,0.055618,-0.0126695,0
13.4,7.2,0,0.0670121,-0.0128276,0
13.4,7.3,0,0.0814018,-0.0126532,0
13.4,7.4,0,0.0962767,-0.0128186,0
13.4,7.5,0,0.11247,-0.0126013,0
13.4,7.6,0,0.129262,-0.0121074,0
13.4,7.7,0,0.146508,-0.011758,0
13.4,7.8,0,0.164208,-0.0110021,0
13.4,7.9,0,0.18185,-0.0101369,0
13.4,8,0,0.199394,-0.00929566,0
13.4,8.1,0,0.216337,-0.00808639,0
13.4,8.2,0,0.232755,-0.00696254,0
13.4,8.3,0,0.248212,-0.00580148,0
13.4,8.4,0,0.262243,-0.004365,0
13.4,8.5,0,0.275646,-0.00319326,0
13.4,8.6,0,0.287306,-0.00196216,0
13.4,8.7,0,0.29727,-0.000557147,0
13.4,8.8,0,0.306788,0.000459211,0
13.4,8.9,0,0.314258,0.00154698,0
13.4,9,0,0.320257,0.0027214,0
13.4,9.1,0,0.325867,0.00349823,0
13.4,9.2,0,0.32994,0.00434543,0
13.4,9.3,0,0.33298,0.00519432,0
13.4,9.4,0,0.335639,0.00575125,0
13.4,9.5,0,0.337298,0.00637351,0
13.4,9.6,0,0.338427,0.00693885,0
13.4,9.7,0,0.339195,0.00731554,0
13.4,9.8,0,0.339417,0.00776518,0
13.4,9.9,0,0.339406,0.00811695,0
13.4,10,0,0.339112,0.00837033,0
13.4,10.1,0,0.338577,0.00870183,0
13.4,10.2,0,0.337939,0.00890341,0
13.4,10.3,0,0.337113,0.00908052,0
13.4,10.4,0,0.336219,0.00933396,0
13.4,10.5,0,0.335259,0.00943291,0
13.4,10.6,0,0.334191,0.00956346,0
13.4,10.7,0,0.333143,0.00976309,0
13.4,10.8,0,0.332021,0.00979659,0
13.4,10.9,0,0.330857,0.00989097,0
13.4,11,0,0.329743,0.0100333,0
13.4,11.1,0,0.328555,0.0100427,0
13.4,11.2,0,0.327367,0.0101109,0
13.4,11.3,0,0.32622,0.0101931,0
13.4,11.4,0,0.325019,0.0101902,0
13.4,11.5,0,0.323844,0.010236,0
13.4,11.6,0,0.322698,0.0102686,0
13.4,11.7,0,0.321528,0.010252,0
13.4,11.8,0,0.320413,0.0102754,0
13.4,11.9,0,0.319323,0.0102641,0
13.4,12,0,0.318258,0.0102274,0
13.4,12.1,0,0.317302,0.0102217,0
13.4,12.2,0,0.316376,0.0101621,0
13.4,12.3,0,0.315569,0.0100942,0
13.4,12.4,0,0.314959,0.0100543,0
13.4,12.5,0,0.314384,0.00994373,0
13.4,12.6,0,0.314076,0.00989921,0
13.4,12.7,0,0.314052,0.00993529,0
13.5,0,0,0.321926,-0.0417723,0
13.5,0.1,0,0.321942,-0.0417315,0
13.5,0.2,0,0.322779,-0.0419384,0
13.5,0.3,0,0.323903,-0.0421866,0
13.5,0.4,0,0.325108,-0.042402,0
13.5,0.5,0,0.326474,-0.0426231,0
13.5,0.6,0,0.327884,-0.042776,0
13.5,0.7,0,0.329284,-0.0429595,0
13.5,0.8,0,0.3307,-0.0431206,0
13.5,0.9,0,0.332128,-0.0432659,0
13.5,1,0,0.333465,-0.0434299,0
13.5,1.1,0,0.334883,-0.0435538,0
13.5,1.2,0,0.336174,-0.0436867,0
13.5,1.3,0,0.337464,-0.0438062,0
13.5,1.4,0,0.338751,-0.043914,0
13.5,1.5,0,0.339798,-0.0439884,0
13.5,1.6,0,0.340998,-0.0440714,0
13.5,1.7,0,0.341846,-0.0440904,0
13.5,1.8,0,0.342649,-0.0440976,0
13.5,1.9,0,0.343396,-0.0440921,0
13.5,2,0,0.34344,-0.0439312,0
13.5,2.1,0,0.3438,-0.0438554,0
13.5,2.2,0,0.343168,-0.0435592,0
13.5,2.3,0,0.342304,-0.0432295,0
13.5,2.4,0,0.341221,-0.0428673,0
13.5,2.5,0,0.338353,-0.0421314,0
13.5,2.6,0,0.335968,-0.0415516,0
13.5,2.7,0,0.331417,-0.0405342,0
13.5,2.8,0,0.326134,-0.0394201,0
13.5,2.9,0,0.32029,-0.0382308,0
13.5,3,0,0.311365,-0.0365084,0
13.5,3.1,0,0.302585,-0.0349132,0
13.5,3.2,0,0.29098,-0.0328576,0
13.5,3.3,0,0.27801,-0.0306854,0
13.5,3.4,0,0.264166,-0.0284358,0
13.5,3.5,0,0.24792,-0.0259524,0
13.5,3.6,0,0.230624,-0.0235215,0
13.5,3.7,0,0.21251,-0.0210612,0
13.5,3.8,0,0.193413,-0.0187341,0
13.5,3.9,0,0.17374,-0.0164813,0
13.5,4,0,0.155364,-0.0145256,0
13.5,4.1,0,0.135414,-0.0129198,0
13.5,4.2,0,0.117734,-0.0114336,0
13.5,4.3,0,0.100539,-0.0103688,0
13.5,4.4,0,0.0835357,-0.00955333,0
13.5,4.5,0,0.0697193,-0.00869263,0
13.5,4.6,0,0.0552013,-0.00862144,0
13.5,4.7,0,0.043381,-0.00820451,0
13.5,4.8,0,0.0324189,-0.00810576,0
13.5,4.9,0,0.0226091,-0.00825476,0
13.5,5,0,0.0172049,-0.00786892,0
13.5,5.1,0,0.00686186,-0.00795632,0
13.5,5.2,0,0.000524115,-0.00804049,0
13.5,5.3,0,-0.00479285,-0.00813973,0
13.5,5.4,0,-0.00913809,-0.0082501,0
13.5,5.5,0,-0.0125539,-0.00836938,0
13.5,5.6,0,-0.0150753,-0.00849831,0
13.5,5.7,0,-0.0167299,-0.00863959,0
13.5,5.8,0,-0.0175376,-0.00879691,0
13.5,5.9,0,-0.01751,-0.00897431,0
13.5,6,0,-0.0166504,-0.00917563,0
13.5,6.1,0,-0.0149531,-0.00940405,0
13.5,6.2,0,-0.0124036,-0.00966166,0
13.5,6.3,0,-0.00897872,-0.00994905,0
13.5,6.4,0,-0.00464698,-0.0102651,0
13.5,6.5,0,0.000629958,-0.0106068,0
13.5,6.6,0,0.00689535,-0.0109678,0
13.5,6.7,0,0.0141943,-0.0113376,0
13.5,6.8,0,0.0225697,-0.0117024,0
13.5,6.9,0,0.0320578,-0.0120479,0
13.5,7,0,0.0477378,-0.0124949,0
13.5,7.1,0,0.0553603,-0.0129802,0
13.5,7.2,0,0.0669528,-0.0130577,0
13.5,7.3,0,0.0813426,-0.0128833,0
13.5,7.4,0,0.0957866,-0.0131532,0
13.5,7.5,0,0.112041,-0.0127865,0
13.5,7.6,0,0.128834,-0.0122925,0
13.5,7.7,0,0.145742,-0.0121097,0
13.5,7.8,0,0.163386,-0.0111672,0
13.5,7.9,0,0.181028,-0.010302,0
13.5,8,0,0.198671,-0.00961972,0
13.5,8.1,0,0.215214,-0.00825441,0
13.5,8.2,0,0.231633,-0.00713057,0
13.5,8.3,0,0.247572,-0.0060882,0
13.5,8.4,0,0.261003,-0.00454588,0
13.5,8.5,0,0.274406,-0.00337414,0
13.5,8.6,0,0.28653,-0.00219317,0
13.5,8.7,0,0.296102,-0.000748185,0
13.5,8.8,0,0.305652,0.000266294,0
13.5,8.9,0,0.313391,0.00134641,0
13.5,9,0,0.319287,0.00252845,0
13.5,9.1,0,0.325183,0.00329278,0
13.5,9.2,0,0.329205,0.00415714,0
13.5,9.3,0,0.332245,0.00500603,0
13.5,9.4,0,0.335292,0.00554181,0
13.5,9.5,0,0.336775,0.00619148,0
13.5,9.6,0,0.337904,0.00675682,0
13.5,9.7,0,0.338973,0.00710394,0
13.5,9.8,0,0.339057,0.00758708,0
13.5,9.9,0,0.339045,0.00793885,0
13.5,10,0,0.33892,0.00815907,0
13.5,10.1,0,0.33833,0.00852418,0
13.5,10.2,0,0.337692,0.00872575,0
13.5,10.3,0,0.33695,0.00887483,0
13.5,10.4,0,0.336049,0.00915401,0
13.5,10.5,0,0.335089,0.00925296,0
13.5,10.6,0,0.334068,0.0093675,0
13.5,10.7,0,0.333027,0.00957943,0
13.5,10.8,0,0.331907,0.00960798,0
13.5,10.9,0,0.330779,0.00970236,0
13.5,11,0,0.329665,0.00984575,0
13.5,11.1,0,0.32848,0.00984108,0
13.5,11.2,0,0.327321,0.00991995,0
13.5,11.3,0,0.326173,0.0100021,0
13.5,11.4,0,0.32497,0.00997918,0
13.5,11.5,0,0.323825,0.0100427,0
13.5,11.6,0,0.322679,0.0100753,0
13.5,11.7,0,0.321497,0.010041,0
13.5,11.8,0,0.320421,0.0100809,0
13.5,11.9,0,0.319331,0.0100697,0
13.5,12,0,0.318236,0.0100197,0
13.5,12.1,0,0.317337,0.0100273,0
13.5,12.2,0,0.316411,0.00996765,0
13.5,12.3,0,0.315569,0.00989376,0
13.5,12.4,0,0.31502,0.00986228,0
13.5,12.5,0,0.314445,0.0097517,0
13.5,12.6,0,0.314112,0.00969901,0
13.5,12.7,0,0.314124,0.00974524,0
13.6,0,0,0.322135,-0.0413832,0
13.6,0.1,0,0.322151,-0.0413424,0
13.6,0.2,0,0.322978,-0.0415446,0
13.6,0.3,0,0.324101,-0.0417927,0
13.6,0.4,0,0.325286,-0.0419994,0
13.6,0.5,0,0.326652,-0.0422205,0
13.6,0.6,0,0.328063,-0.0423734,0
13.6,0.7,0,0.329444,-0.0425476,0
13.6,0.8,0,0.330861,-0.0427087,0
13.6,0.9,0,0.332268,-0.0428426,0
13.6,1,0,0.333606,-0.0430065,0
13.6,1.1,0,0.335024,-0.0431304,0
13.6,1.2,0,0.336287,-0.0432494,0
13.6,1.3,0,0.337577,-0.0433688,0
13.6,1.4,0,0.338819,-0.0434585,0
13.6,1.5,0,0.339866,-0.0435328,0
13.6,1.6,0,0.341065,-0.0436158,0
13.6,1.7,0,0.341835,-0.0436102,0
13.6,1.8,0,0.342638,-0.0436175,0
13.6,1.9,0,0.34325,-0.0435778,0
13.6,2,0,0.343295,-0.0434169,0
13.6,2.1,0,0.343655,-0.0433411,0
13.6,2.2,0,0.342803,-0.0429987,0
13.6,2.3,0,0.341939,-0.042669,0
13.6,2.4,0,0.340524,-0.0422492,0
13.6,2.5,0,0.337656,-0.0415132,0
13.6,2.6,0,0.335271,-0.0409334,0
13.6,2.7,0,0.330275,-0.039855,0
13.6,2.8,0,0.324991,-0.0387409,0
13.6,2.9,0,0.318636,-0.0375061,0
13.6,3,0,0.309711,-0.0357838,0
13.6,3.1,0,0.300931,-0.0341886,0
13.6,3.2,0,0.288866,-0.0321327,0
13.6,3.3,0,0.275897,-0.0299605,0
13.6,3.4,0,0.261815,-0.027784,0
13.6,3.5,0,0.245568,-0.0253006,0
13.6,3.6,0,0.228272,-0.0228697,0
13.6,3.7,0,0.210281,-0.0205593,0
13.6,3.8,0,0.191184,-0.0182322,0
13.6,3.9,0,0.171984,-0.0161653,0
13.6,4,0,0.153609,-0.0142096,0
13.6,4.1,0,0.133658,-0.0126037,0
13.6,4.2,0,0.116613,-0.0112718,0
13.6,4.3,0,0.0994184,-0.010207,0
13.6,4.4,0,0.082979,-0.00947145,0
13.6,4.5,0,0.0691626,-0.00861076,0
13.6,4.6,0,0.0546446,-0.00853957,0
13.6,4.7,0,0.0431978,-0.00813934,0
13.6,4.8,0,0.0322356,-0.00804058,0
13.6,4.9,0,0.0226026,-0.00818765,0
13.6,5,0,0.0171984,-0.00780181,0
13.6,5.1,0,0.00691414,-0.00789261,0
13.6,5.2,0,0.000606321,-0.00798446,0
13.6,5.3,0,-0.00468769,-0.00809669,0
13.6,5.4,0,-0.00901374,-0.00822557,0
13.6,5.5,0,-0.0124118,-0.00836858,0
13.6,5.6,0,-0.0149152,-0.00852574,0
13.6,5.7,0,-0.0165508,-0.00869882,0
13.6,5.8,0,-0.0173381,-0.00889043,0
13.6,5.9,0,-0.0172887,-0.00910339,0
13.6,6,0,-0.0164066,-0.00934027,0
13.6,6.1,0,-0.0146869,-0.00960295,0
13.6,6.2,0,-0.0121164,-0.00989225,0
13.6,6.3,0,-0.0086733,-0.0102075,0
13.6,6.4,0,-0.00432788,-0.0105464,0
13.6,6.5,0,0.000956313,-0.0109047,0
13.6,6.6,0,0.00722049,-0.0112756,0
13.6,6.7,0,0.0145076,-0.0116483,0
13.6,6.8,0,0.0228586,-0.0120094,0
13.6,6.9,0,0.0323075,-0.012345,0
13.6,7,0,0.0479035,-0.0127695,0
13.6,7.1,0,0.055526,-0.0132548,0
13.6,7.2,0,0.0668935,-0.0132878,0
13.6,7.3,0,0.0812833,-0.0131134,0
13.6,7.4,0,0.0957273,-0.0133833,0
13.6,7.5,0,0.111613,-0.0129717,0
13.6,7.6,0,0.128406,-0.0124777,0
13.6,7.7,0,0.145277,-0.0122471,0
13.6,7.8,0,0.162563,-0.0113323,0
13.6,7.9,0,0.180205,-0.0104671,0
13.6,8,0,0.197617,-0.00974709,0
13.6,8.1,0,0.214092,-0.00842243,0
13.6,8.2,0,0.230511,-0.00729859,0
13.6,8.3,0,0.246237,-0.00624629,0
13.6,8.4,0,0.259763,-0.00472676,0
13.6,8.5,0,0.273166,-0.00355502,0
13.6,8.6,0,0.285362,-0.00238421,0
13.6,8.7,0,0.294935,-0.000939223,0
13.6,8.8,0,0.304485,7.52556e-05,0
13.6,8.9,0,0.312421,0.00115346,0
13.6,9,0,0.318317,0.0023355,0
13.6,9.1,0,0.324214,0.00309983,0
13.6,9.2,0,0.328471,0.00396885,0
13.6,9.3,0,0.331511,0.00481774,0
13.6,9.4,0,0.334543,0.00535523,0
13.6,9.5,0,0.336252,0.00600945,0
13.6,9.6,0,0.337382,0.00657478,0
13.6,9.7,0,0.338446,0.00693101,0
13.6,9.8,0,0.338696,0.00740898,0
13.6,9.9,0,0.338684,0.00776075,0
13.6,10,0,0.33861,0.00798962,0
13.6,10.1,0,0.338084,0.00834652,0
13.6,10.2,0,0.337445,0.0085481,0
13.6,10.3,0,0.336776,0.00869668,0
13.6,10.4,0,0.33588,0.00897405,0
13.6,10.5,0,0.334919,0.00907301,0
13.6,10.6,0,0.333951,0.00918385,0
13.6,10.7,0,0.33291,0.00939577,0
13.6,10.8,0,0.331791,0.00942433,0
13.6,10.9,0,0.330701,0.00951476,0
13.6,11,0,0.329588,0.00965815,0
13.6,11.1,0,0.328402,0.00965348,0
13.6,11.2,0,0.327274,0.00972898,0
13.6,11.3,0,0.326127,0.00981117,0
13.6,11.4,0,0.324929,0.00979167,0
13.6,11.5,0,0.323806,0.0098494,0
13.6,11.6,0,0.32266,0.00988196,0
13.6,11.7,0,0.321496,0.00985143,0
13.6,11.8,0,0.320428,0.00988645,0
13.6,11.9,0,0.319338,0.00987518,0
13.6,12,0,0.318277,0.0098286,0
13.6,12.1,0,0.317372,0.00983288,0
13.6,12.2,0,0.316446,0.00977325,0
13.6,12.3,0,0.31563,0.00970173,0
13.6,12.4,0,0.315081,0.00967025,0
13.6,12.5,0,0.314506,0.00955968,0
13.6,12.6,0,0.314184,0.00950896,0
13.6,12.7,0,0.314197,0.00955519,0
13.7,0,0,0.322345,-0.0409941,0
13.7,0.1,0,0.322525,-0.0410021,0
13.7,0.2,0,0.323176,-0.0411508,0
13.7,0.3,0,0.324299,-0.0413989,0
13.7,0.4,0,0.325508,-0.0416026,0
13.7,0.5,0,0.32683,-0.0418179,0
13.7,0.6,0,0.328229,-0.0419723,0
13.7,0.7,0,0.329605,-0.0421357,0
13.7,0.8,0,0.331022,-0.0422969,0
13.7,0.9,0,0.332401,-0.0424292,0
13.7,1,0,0.333747,-0.0425832,0
13.7,1.1,0,0.335124,-0.0427016,0
13.7,1.2,0,0.336401,-0.042812,0
13.7,1.3,0,0.337691,-0.0429314,0
13.7,1.4,0,0.338861,-0.0430056,0
13.7,1.5,0,0.339933,-0.0430773,0
13.7,1.6,0,0.341019,-0.0431341,0
13.7,1.7,0,0.341825,-0.04313,0
13.7,1.8,0,0.342628,-0.0431373,0
13.7,1.9,0,0.343031,-0.0430493,0
13.7,2,0,0.34315,-0.0429026,0
13.7,2.1,0,0.343188,-0.0427568,0
13.7,2.2,0,0.342437,-0.0424381,0
13.7,2.3,0,0.341573,-0.0421085,0
13.7,2.4,0,0.339632,-0.0415841,0
13.7,2.5,0,0.336959,-0.0408951,0
13.7,2.6,0,0.333891,-0.0401925,0
13.7,2.7,0,0.329133,-0.0391758,0
13.7,2.8,0,0.323849,-0.0380617,0
13.7,2.9,0,0.316615,-0.0366952,0
13.7,3,0,0.308058,-0.0350592,0
13.7,3.1,0,0.298451,-0.0333685,0
13.7,3.2,0,0.286753,-0.0314077,0
13.7,3.3,0,0.273783,-0.0292355,0
13.7,3.4,0,0.259092,-0.0270452,0
13.7,3.5,0,0.243216,-0.0246487,0
13.7,3.6,0,0.225816,-0.0222909,0
13.7,3.7,0,0.208052,-0.0200574,0
13.7,3.8,0,0.188955,-0.0177303,0
13.7,3.9,0,0.170247,-0.0158127,0
13.7,4,0,0.151853,-0.0138936,0
13.7,4.1,0,0.132707,-0.0123939,0
13.7,4.2,0,0.115493,-0.01111,0
13.7,4.3,0,0.0982979,-0.0100452,0
13.7,4.4,0,0.0827842,-0.00933806,0
13.7,4.5,0,0.0686059,-0.00852888,0
13.7,4.6,0,0.0548431,-0.00839497,0
13.7,4.7,0,0.0430145,-0.00807416,0
13.7,4.8,0,0.0320524,-0.00797541,0
13.7,4.9,0,0.0234144,-0.00801091,0
13.7,5,0,0.0171919,-0.00773471,0
13.7,5.1,0,0.00696641,-0.0078289,0
13.7,5.2,0,0.000688526,-0.00792844,0
13.7,5.3,0,-0.00458253,-0.00805365,0
13.7,5.4,0,-0.00888939,-0.00820105,0
13.7,5.5,0,-0.0122696,-0.00836778,0
13.7,5.6,0,-0.0147552,-0.00855317,0
13.7,5.7,0,-0.0163718,-0.00875806,0
13.7,5.8,0,-0.0171385,-0.00898395,0
13.7,5.9,0,-0.0170675,-0.00923247,0
13.7,6,0,-0.0161628,-0.00950491,0
13.7,6.1,0,-0.0144207,-0.00980185,0
13.7,6.2,0,-0.0118292,-0.0101228,0
13.7,6.3,0,-0.00836788,-0.010466,0
13.7,6.4,0,-0.00400877,-0.0108277,0
13.7,6.5,0,0.00128267,-0.0112027,0
13.7,6.6,0,0.00754563,-0.0115833,0
13.7,6.7,0,0.014821,-0.011959,0
13.7,6.8,0,0.0231475,-0.0123164,0
13.7,6.9,0,0.0325573,-0.0126422,0
13.7,7,0,0.0480692,-0.0130441,0
13.7,7.1,0,0.0563528,-0.0134383,0
13.7,7.2,0,0.0670681,-0.013498,0
13.7,7.3,0,0.081224,-0.0133435,0
13.7,7.4,0,0.095917,-0.0134287,0
13.7,7.5,0,0.111185,-0.0131568,0
13.7,7.6,0,0.127977,-0.0126629,0
13.7,7.7,0,0.144792,-0.0122456,0
13.7,7.8,0,0.161741,-0.0114974,0
13.7,7.9,0,0.179382,-0.0106322,0
13.7,8,0,0.196396,-0.00975615,0
13.7,8.1,0,0.21297,-0.00859046,0
13.7,8.2,0,0.229388,-0.00746661,0
13.7,8.3,0,0.244469,-0.00630049,0
13.7,8.4,0,0.258523,-0.00490764,0
13.7,8.5,0,0.271926,-0.0037359,0
13.7,8.6,0,0.283567,-0.00250894,0
13.7,8.7,0,0.293767,-0.00113026,0
13.7,8.8,0,0.303138,-0.000102553,0
13.7,8.9,0,0.311111,0.000980347,0
13.7,9,0,0.317347,0.00214255,0
13.7,9.1,0,0.322946,0.00292992,0
13.7,9.2,0,0.327713,0.0037816,0
13.7,9.3,0,0.330776,0.00462945,0
13.7,9.4,0,0.333538,0.00519955,0
13.7,9.5,0,0.33573,0.00582741,0
13.7,9.6,0,0.336859,0.00639275,0
13.7,9.7,0,0.337784,0.00678247,0
13.7,9.8,0,0.338336,0.00723088,0
13.7,9.9,0,0.338324,0.00758265,0
13.7,10,0,0.338194,0.00784512,0
13.7,10.1,0,0.337837,0.00816886,0
13.7,10.2,0,0.337198,0.00837044,0
13.7,10.3,0,0.33652,0.00855109,0
13.7,10.4,0,0.33571,0.0087941,0
13.7,10.5,0,0.334749,0.00889408,0
13.7,10.6,0,0.333808,0.00902228,0
13.7,10.7,0,0.332793,0.00921212,0
13.7,10.8,0,0.331683,0.00925139,0
13.7,10.9,0,0.330619,0.00933575,0
13.7,11,0,0.32951,0.00947056,0
13.7,11.1,0,0.328345,0.00948367,0
13.7,11.2,0,0.327228,0.00953802,0
13.7,11.3,0,0.32608,0.0096202,0
13.7,11.4,0,0.324913,0.00961993,0
13.7,11.5,0,0.323787,0.00965609,0
13.7,11.6,0,0.322641,0.00968866,0
13.7,11.7,0,0.321515,0.00967464,0
13.7,11.8,0,0.320436,0.00969197,0
13.7,11.9,0,0.319346,0.00968069,0
13.7,12,0,0.318341,0.00964742,0
13.7,12.1,0,0.317407,0.00963848,0
13.7,12.2,0,0.316481,0.00957885,0
13.7,12.3,0,0.31575,0.00951902,0
13.7,12.4,0,0.315142,0.00947822,0
13.7,12.5,0,0.314586,0.00937325,0
13.7,12.6,0,0.314317,0.00933662,0
13.7,12.7,0,0.314269,0.00936514,0
13.8,0,0,0.322554,-0.040605,0
13.8,0.1,0,0.322916,-0.0406671,0
13.8,0.2,0,0.323461,-0.0407835,0
13.8,0.3,0,0.324511,-0.0410041,0
13.8,0.4,0,0.325735,-0.0412065,0
13.8,0.5,0,0.327008,-0.0414153,0
13.8,0.6,0,0.328394,-0.0415712,0
13.8,0.7,0,0.329767,-0.0417287,0
13.8,0.8,0,0.331169,-0.0418848,0
13.8,0.9,0,0.332533,-0.0420168,0
13.8,1,0,0.333888,-0.0421599,0
13.8,1.1,0,0.335219,-0.0422721,0
13.8,1.2,0,0.336506,-0.0423782,0
13.8,1.3,0,0.33777,-0.0424872,0
13.8,1.4,0,0.3389,-0.042553,0
13.8,1.5,0,0.340001,-0.0426218,0
13.8,1.6,0,0.34096,-0.0426494,0
13.8,1.7,0,0.341793,-0.0426479,0
13.8,1.8,0,0.342519,-0.0426347,0
13.8,1.9,0,0.342803,-0.0425194,0
13.8,2,0,0.343004,-0.0423883,0
13.8,2.1,0,0.342686,-0.0421648,0
13.8,2.2,0,0.34201,-0.0418634,0
13.8,2.3,0,0.340961,-0.0414986,0
13.8,2.4,0,0.33872,-0.0409138,0
13.8,2.5,0,0.336262,-0.0402769,0
13.8,2.6,0,0.332435,-0.039438,0
13.8,2.7,0,0.32785,-0.0384627,0
13.8,2.8,0,0.322293,-0.0373189,0
13.8,2.9,0,0.314553,-0.0358747,0
13.8,3,0,0.306404,-0.0343345,0
13.8,3.1,0,0.295878,-0.0325379,0
13.8,3.2,0,0.284433,-0.0306352,0
13.8,3.3,0,0.271377,-0.0285,0
13.8,3.4,0,0.256327,-0.0262968,0
13.8,3.5,0,0.240865,-0.0239969,0
13.8,3.6,0,0.223348,-0.0217202,0
13.8,3.7,0,0.205715,-0.0195245,0
13.8,3.8,0,0.186948,-0.0172937,0
13.8,3.9,0,0.168512,-0.015456,0
13.8,4,0,0.150097,-0.0135776,0
13.8,4.1,0,0.131846,-0.0121958,0
13.8,4.2,0,0.114489,-0.0109319,0
13.8,4.3,0,0.097612,-0.00989363,0
13.8,4.4,0,0.0826296,-0.00919894,0
13.8,4.5,0,0.0680492,-0.008447,0
13.8,4.6,0,0.0551254,-0.0082434,0
13.8,4.7,0,0.0430408,-0.00797011,0
13.8,4.8,0,0.0323578,-0.00785455,0
13.8,4.9,0,0.0243171,-0.00782198,0
13.8,5,0,0.0171855,-0.0076676,0
13.8,5.1,0,0.00701869,-0.00776519,0
13.8,5.2,0,0.000770732,-0.00787241,0
13.8,5.3,0,-0.00447737,-0.00801061,0
13.8,5.4,0,-0.00876505,-0.00817652,0
13.8,5.5,0,-0.0121275,-0.00836698,0
13.8,5.6,0,-0.0145951,-0.00858061,0
13.8,5.7,0,-0.0161927,-0.0088173,0
13.8,5.8,0,-0.016939,-0.00907747,0
13.8,5.9,0,-0.0168462,-0.00936155,0
13.8,6,0,-0.015919,-0.00966955,0
13.8,6.1,0,-0.0141546,-0.0100008,0
13.8,6.2,0,-0.011542,-0.0103534,0
13.8,6.3,0,-0.00806246,-0.0107244,0
13.8,6.4,0,-0.00368966,-0.011109,0
13.8,6.5,0,0.00160902,-0.0115007,0
13.8,6.6,0,0.00787077,-0.0118911,0
13.8,6.7,0,0.0151343,-0.0122697,0
13.8,6.8,0,0.0234364,-0.0126235,0
13.8,6.9,0,0.0328071,-0.0129394,0
13.8,7,0,0.0482348,-0.0133186,0
13.8,7.1,0,0.0577343,-0.0135456,0
13.8,7.2,0,0.0684495,-0.0136053,0
13.8,7.3,0,0.0811647,-0.0135736,0
13.8,7.4,0,0.0961267,-0.0134592,0
13.8,7.5,0,0.111255,-0.0132213,0
13.8,7.6,0,0.127549,-0.0128481,0
13.8,7.7,0,0.144308,-0.0122441,0
13.8,7.8,0,0.161053,-0.011596,0
13.8,7.9,0,0.178502,-0.0107747,0
13.8,8,0,0.195174,-0.00976522,0
13.8,8.1,0,0.211846,-0.00875569,0
13.8,8.2,0,0.227926,-0.00757472,0
13.8,8.3,0,0.242701,-0.00635468,0
13.8,8.4,0,0.257283,-0.00508852,0
13.8,8.5,0,0.270037,-0.00385059,0
13.8,8.6,0,0.281612,-0.00261691,0
13.8,8.7,0,0.2926,-0.0013213,0
13.8,8.8,0,0.301352,-0.000247891,0
13.8,8.9,0,0.309325,0.00083501,0
13.8,9,0,0.316377,0.0019496,0
13.8,9.1,0,0.321532,0.0027713,0
13.8,9.2,0,0.326299,0.00362298,0
13.8,9.3,0,0.330042,0.00444115,0
13.8,9.4,0,0.332533,0.00504387,0
13.8,9.5,0,0.334892,0.0056626,0
13.8,9.6,0,0.336336,0.00621072,0
13.8,9.7,0,0.337122,0.00663393,0
13.8,9.8,0,0.337893,0.00706081,0
13.8,9.9,0,0.337948,0.00741368,0
13.8,10,0,0.337778,0.00770063,0
13.8,10.1,0,0.33759,0.0079912,0
13.8,10.2,0,0.336946,0.00821374,0
13.8,10.3,0,0.336264,0.0084055,0
13.8,10.4,0,0.33554,0.00861415,0
13.8,10.5,0,0.334593,0.00874333,0
13.8,10.6,0,0.333652,0.00887153,0
13.8,10.7,0,0.332676,0.00902846,0
13.8,10.8,0,0.33159,0.00909347,0
13.8,10.9,0,0.330525,0.00917783,0
13.8,11,0,0.329432,0.00928296,0
13.8,11.1,0,0.328295,0.00931834,0
13.8,11.2,0,0.327177,0.00937033,0
13.8,11.3,0,0.326034,0.00942923,0
13.8,11.4,0,0.324896,0.00944819,0
13.8,11.5,0,0.32377,0.00947414,0
13.8,11.6,0,0.322623,0.00949564,0
13.8,11.7,0,0.321534,0.00949784,0
13.8,11.8,0,0.320445,0.00950004,0
13.8,11.9,0,0.319376,0.00949152,0
13.8,12,0,0.318406,0.00946623,0
13.8,12.1,0,0.317442,0.00944408,0
13.8,12.2,0,0.316586,0.00939417,0
13.8,12.3,0,0.315875,0.00933706,0
13.8,12.4,0,0.315203,0.00928619,0
13.8,12.5,0,0.314769,0.00921578,0
13.8,12.6,0,0.3145,0.00917915,0
13.8,12.7,0,0.314342,0.00917509,0
13.9,0,0,0.322763,-0.0402159,0
13.9,0.1,0,0.323308,-0.0403322,0
13.9,0.2,0,0.323853,-0.0404485,0
13.9,0.3,0,0.324738,-0.0406079,0
13.9,0.4,0,0.325962,-0.0408103,0
13.9,0.5,0,0.327186,-0.0410128,0
13.9,0.6,0,0.328559,-0.0411702,0
13.9,0.7,0,0.329933,-0.0413277,0
13.9,0.8,0,0.331301,-0.0414724,0
13.9,0.9,0,0.332665,-0.0416045,0
13.9,1,0,0.334029,-0.0417365,0
13.9,1.1,0,0.335315,-0.0418426,0
13.9,1.2,0,0.336601,-0.0419487,0
13.9,1.3,0,0.337809,-0.0420346,0
13.9,1.4,0,0.338939,-0.0421004,0
13.9,1.5,0,0.340069,-0.0421663,0
13.9,1.6,0,0.340901,-0.0421647,0
13.9,1.7,0,0.341734,-0.0421632,0
13.9,1.8,0,0.342292,-0.0421047,0
13.9,1.9,0,0.342575,-0.0419894,0
13.9,2,0,0.342859,-0.041874,0
13.9,2.1,0,0.342183,-0.0415727,0
13.9,2.2,0,0.341507,-0.0412714,0
13.9,2.3,0,0.340049,-0.0408283,0
13.9,2.4,0,0.337807,-0.0402436,0
13.9,2.5,0,0.335565,-0.0396588,0
13.9,2.6,0,0.33098,-0.0386835,0
13.9,2.7,0,0.326394,-0.0377082,0
13.9,2.8,0,0.320231,-0.0364984,0
13.9,2.9,0,0.312491,-0.0350541,0
13.9,3,0,0.30475,-0.0336099,0
13.9,3.1,0,0.293305,-0.0317072,0
13.9,3.2,0,0.28186,-0.0298045,0
13.9,3.3,0,0.268613,-0.0277516,0
13.9,3.4,0,0.253563,-0.0255483,0
13.9,3.5,0,0.238513,-0.0233451,0
13.9,3.6,0,0.22088,-0.0211494,0
13.9,3.7,0,0.203247,-0.0189538,0
13.9,3.8,0,0.185213,-0.0169371,0
13.9,3.9,0,0.166777,-0.0150993,0
13.9,4,0,0.148342,-0.0132615,0
13.9,4.1,0,0.130985,-0.0119977,0
13.9,4.2,0,0.113627,-0.0107338,0
13.9,4.3,0,0.0974574,-0.00975451,0
13.9,4.4,0,0.082475,-0.00905982,0
13.9,4.5,0,0.0674925,-0.00836513,0
13.9,4.6,0,0.0554078,-0.00809184,0
13.9,4.7,0,0.0433232,-0.00781855,0
13.9,4.8,0,0.0332605,-0.00766562,0
13.9,4.9,0,0.0252198,-0.00763306,0
13.9,5,0,0.017179,-0.0076005,0
13.9,5.1,0,0.00707096,-0.00770148,0
13.9,5.2,0,0.000852937,-0.00781638,0
13.9,5.3,0,-0.00437221,-0.00796757,0
13.9,5.4,0,-0.0086407,-0.008152,0
13.9,5.5,0,-0.0119854,-0.00836618,0
13.9,5.6,0,-0.0144351,-0.00860804,0
13.9,5.7,0,-0.0160136,-0.00887653,0
13.9,5.8,0,-0.0167395,-0.00917099,0
13.9,5.9,0,-0.0166249,-0.00949062,0
13.9,6,0,-0.0156753,-0.00983419,0
13.9,6.1,0,-0.0138884,-0.0101997,0
13.9,6.2,0,-0.0112548,-0.010584,0
13.9,6.3,0,-0.00775704,-0.0109829,0
13.9,6.4,0,-0.00337055,-0.0113904,0
13.9,6.5,0,0.00193538,-0.0117987,0
13.9,6.6,0,0.00819592,-0.0121988,0
13.9,6.7,0,0.0154477,-0.0125804,0
13.9,6.8,0,0.0237252,-0.0129305,0
13.9,6.9,0,0.0330568,-0.0132366,0
13.9,7,0,0.0484005,-0.0135932,0
13.9,7.1,0,0.0591157,-0.0136528,0
13.9,7.2,0,0.0698309,-0.0137125,0
13.9,7.3,0,0.0812081,-0.0137275,0
13.9,7.4,0,0.0963364,-0.0134896,0
13.9,7.5,0,0.111465,-0.0132518,0
13.9,7.6,0,0.127078,-0.0128908,0
13.9,7.7,0,0.143823,-0.0122427,0
13.9,7.8,0,0.160568,-0.0115946,0
13.9,7.9,0,0.17728,-0.0107838,0
13.9,8,0,0.193952,-0.00977428,0
13.9,8.1,0,0.210624,-0.00876475,0
13.9,8.2,0,0.226158,-0.00762892,0
13.9,8.3,0,0.240933,-0.00640887,0
13.9,8.4,0,0.255708,-0.00518883,0
13.9,8.5,0,0.268082,-0.00395856,0
13.9,8.6,0,0.279657,-0.00272488,0
13.9,8.7,0,0.291232,-0.00149121,0
13.9,8.8,0,0.299565,-0.000393228,0
13.9,8.9,0,0.307538,0.000689672,0
13.9,9,0,0.315351,0.00176101,0
13.9,9.1,0,0.320118,0.00261269,0
13.9,9.2,0,0.324885,0.00346437,0
13.9,9.3,0,0.32917,0.00426945,0
13.9,9.4,0,0.331528,0.00488819,0
13.9,9.5,0,0.333887,0.00550692,0
13.9,9.6,0,0.335689,0.0060585,0
13.9,9.7,0,0.336461,0.00648539,0
13.9,9.8,0,0.337232,0.00691227,0
13.9,9.9,0,0.337532,0.00726919,0
13.9,10,0,0.337362,0.00755613,0
13.9,10.1,0,0.337192,0.00784307,0
13.9,10.2,0,0.33669,0.00806814,0
13.9,10.3,0,0.336008,0.00825991,0
13.9,10.4,0,0.335326,0.00845167,0
13.9,10.5,0,0.334437,0.00859259,0
13.9,10.6,0,0.333496,0.00872079,0
13.9,10.7,0,0.332555,0.00884899,0
13.9,10.8,0,0.331496,0.00893554,0
13.9,10.9,0,0.330431,0.00901991,0
13.9,11,0,0.329361,0.00910103,0
13.9,11.1,0,0.328244,0.00915302,0
13.9,11.2,0,0.327126,0.00920501,0
13.9,11.3,0,0.326006,0.00925049,0
13.9,11.4,0,0.32488,0.00927644,0
13.9,11.5,0,0.323753,0.00930239,0
13.9,11.6,0,0.322642,0.00931885,0
13.9,11.7,0,0.321553,0.00932105,0
13.9,11.8,0,0.320464,0.00932325,0
13.9,11.9,0,0.319441,0.00931034,0
13.9,12,0,0.31847,0.00928505,0
13.9,12.1,0,0.3175,0.00925976,0
13.9,12.2,0,0.316711,0.00921221,0
13.9,12.3,0,0.315999,0.0091551,0
13.9,12.4,0,0.315288,0.009098,0
13.9,12.5,0,0.314952,0.0090583,0
13.9,12.6,0,0.314683,0.00902167,0
13.9,12.7,0,0.314414,0.00898504,0
14,0,0,0.32295,-0.0398571,0
14,0.1,0,0.323324,-0.0399171,0
14,0.2,0,0.323869,-0.0400334,0
14,0.3,0,0.324872,-0.0402326,0
14,0.4,0,0.326096,-0.040435,0
14,0.5,0,0.327335,-0.0406359,0
14,0.6,0,0.328715,-0.0407793,0
14,0.7,0,0.330088,-0.0409368,0
14,0.8,0,0.331449,-0.0410674,0
14,0.9,0,0.332813,-0.0411995,0
14,1,0,0.334125,-0.0413291,0
14,1.1,0,0.335447,-0.0414237,0
14,1.2,0,0.336734,-0.0415298,0
14,1.3,0,0.33792,-0.0415993,0
14,1.4,0,0.339049,-0.0416651,0
14,1.5,0,0.340062,-0.0417084,0
14,1.6,0,0.340977,-0.0417093,0
14,1.7,0,0.341809,-0.0417077,0
14,1.8,0,0.342308,-0.041624,0
14,1.9,0,0.342592,-0.0415087,0
14,2,0,0.34258,-0.0413295,0
14,2.1,0,0.342099,-0.0410596,0
14,2.2,0,0.341423,-0.0407583,0
14,2.3,0,0.339798,-0.0402745,0
14,2.4,0,0.337556,-0.0396898,0
14,2.5,0,0.334692,-0.0389859,0
14,2.6,0,0.330478,-0.0380818,0
14,2.7,0,0.325893,-0.0371065,0
14,2.8,0,0.31939,-0.0358484,0
14,2.9,0,0.31165,-0.0344041,0
14,3,0,0.303058,-0.0328359,0
14,3.1,0,0.292067,-0.0310222,0
14,3.2,0,0.280622,-0.0291195,0
14,3.3,0,0.267001,-0.0270648,0
14,3.4,0,0.251951,-0.0248615,0
14,3.5,0,0.236482,-0.0226484,0
14,3.6,0,0.219042,-0.0205119,0
14,3.7,0,0.201409,-0.0183162,0
14,3.8,0,0.183403,-0.0164004,0
14,3.9,0,0.164967,-0.0145627,0
14,4,0,0.146993,-0.0127936,0
14,4.1,0,0.129455,-0.0115837,0
14,4.2,0,0.112098,-0.0103199,0
14,4.3,0,0.096333,-0.00943869,0
14,4.4,0,0.0813506,-0.008744,0
14,4.5,0,0.067062,-0.00800981,0
14,4.6,0,0.0546616,-0.00782635,0
14,4.7,0,0.0425769,-0.00755306,0
14,4.8,0,0.0324029,-0.0074246,0
14,4.9,0,0.0243622,-0.00739204,0
14,5,0,0.0172235,-0.00724617,0
14,5.1,0,0.00719846,-0.00735114,0
14,5.2,0,0.00103278,-0.00747207,0
14,5.3,0,-0.00414558,-0.00763194,0
14,5.4,0,-0.00837151,-0.00782761,0
14,5.5,0,-0.011677,-0.00805548,0
14,5.6,0,-0.0140904,-0.00831322,0
14,5.7,0,-0.0156354,-0.00859943,0
14,5.8,0,-0.0163306,-0.00891301,0
14,5.9,0,-0.0161887,-0.00925272,0
14,6,0,-0.0152157,-0.00961685,0
14,6.1,0,-0.0134104,-0.0100029,0
14,6.2,0,-0.0107644,-0.0104075,0
14,6.3,0,-0.00726153,-0.0108258,0
14,6.4,0,-0.00287865,-0.0112515,0
14,6.5,0,0.00241349,-0.0116766,0
14,6.6,0,0.00864863,-0.0120919,0
14,6.7,0,0.0158621,-0.0124865,0
14,6.8,0,0.0240875,-0.0128475,0
14,6.9,0,0.0333525,-0.0131622,0
14,7,0,0.0485749,-0.0135268,0
14,7.1,0,0.0579486,-0.013835,0
14,7.2,0,0.0686638,-0.0138947,0
14,7.3,0,0.0808799,-0.0137618,0
14,7.4,0,0.095625,-0.0136792,0
14,7.5,0,0.110753,-0.0134413,0
14,7.6,0,0.126329,-0.0130001,0
14,7.7,0,0.142989,-0.0124047,0
14,7.8,0,0.159734,-0.0117566,0
14,7.9,0,0.176466,-0.0109135,0
14,8,0,0.193138,-0.00990401,0
14,8.1,0,0.20981,-0.00889449,0
14,8.2,0,0.225473,-0.00772796,0
14,8.3,0,0.240248,-0.00650791,0
14,8.4,0,0.254829,-0.00524425,0
14,8.5,0,0.26756,-0.00403241,0
14,8.6,0,0.279135,-0.00279873,0
14,8.7,0,0.290243,-0.00151066,0
14,8.8,0,0.299179,-0.000454148,0
14,8.9,0,0.307152,0.000628753,0
14,9,0,0.314474,0.00173625,0
14,9.1,0,0.319824,0.00255145,0
14,9.2,0,0.324591,0.00340312,0
14,9.3,0,0.328692,0.00421748,0
14,9.4,0,0.331297,0.00481827,0
14,9.5,0,0.333655,0.00543701,0
14,9.6,0,0.335466,0.00597928,0
14,9.7,0,0.336273,0.00640191,0
14,9.8,0,0.337045,0.0068288,0
14,9.9,0,0.337382,0.00716965,0
14,10,0,0.337212,0.00745659,0
14,10.1,0,0.337033,0.00774677,0
14,10.2,0,0.336571,0.00795242,0
14,10.3,0,0.335889,0.00814418,0
14,10.4,0,0.335191,0.00835116,0
14,10.5,0,0.334347,0.00846196,0
14,10.6,0,0.333406,0.00859016,0
14,10.7,0,0.332458,0.00874522,0
14,10.8,0,0.331433,0.00879197,0
14,10.9,0,0.330368,0.00887633,0
14,11,0,0.329306,0.00897646,0
14,11.1,0,0.328204,0.0089988,0
14,11.2,0,0.327086,0.00905079,0
14,11.3,0,0.325981,0.00910067,0
14,11.4,0,0.324859,0.00911408,0
14,11.5,0,0.323733,0.00914003,0
14,11.6,0,0.322635,0.00915135,0
14,11.7,0,0.321546,0.00915355,0
14,11.8,0,0.320457,0.00915576,0
14,11.9,0,0.319438,0.00914147,0
14,12,0,0.318467,0.00911618,0
14,12.1,0,0.317505,0.00909354,0
14,12.2,0,0.316699,0.00904295,0
14,12.3,0,0.315988,0.00898584,0
14,12.4,0,0.315316,0.00893222,0
14,12.5,0,0.314924,0.00887203,0
14,12.6,0,0.314655,0.0088354,0
14,12.7,0,0.314476,0.008819,0
14.1,0,0,0.323136,-0.0394983,0
14.1,0.1,0,0.323341,-0.0395019,0
14.1,0.2,0,0.323972,-0.0396459,0
14.1,0.3,0,0.325028,-0.039863,0
14.1,0.4,0,0.32623,-0.0400597,0
14.1,0.5,0,0.327484,-0.040259,0
14.1,0.6,0,0.32887,-0.0403885,0
14.1,0.7,0,0.330227,-0.0405462,0
14.1,0.8,0,0.331585,-0.0406705,0
14.1,0.9,0,0.332961,-0.0407945,0
14.1,1,0,0.334222,-0.0409216,0
14.1,1.1,0,0.33558,-0.0410047,0
14.1,1.2,0,0.336825,-0.0411051,0
14.1,1.3,0,0.338,-0.0411672,0
14.1,1.4,0,0.339159,-0.0412297,0
14.1,1.5,0,0.340054,-0.0412506,0
14.1,1.6,0,0.341052,-0.0412538,0
14.1,1.7,0,0.341781,-0.0412303,0
14.1,1.8,0,0.342254,-0.0411352,0
14.1,1.9,0,0.342608,-0.0410279,0
14.1,2,0,0.3423,-0.040785,0
14.1,2.1,0,0.342014,-0.0405466,0
14.1,2.2,0,0.341093,-0.0401946,0
14.1,2.3,0,0.339393,-0.0396925,0
14.1,2.4,0,0.337306,-0.0391359,0
14.1,2.5,0,0.333818,-0.038313,0
14.1,2.6,0,0.329977,-0.0374802,0
14.1,2.7,0,0.324961,-0.0364311,0
14.1,2.8,0,0.318305,-0.0351511,0
14.1,2.9,0,0.310809,-0.0337541,0
14.1,3,0,0.301366,-0.0320618,0
14.1,3.1,0,0.290828,-0.0303372,0
14.1,3.2,0,0.278975,-0.0283906,0
14.1,3.3,0,0.265185,-0.026335,0
14.1,3.4,0,0.250338,-0.0241747,0
14.1,3.5,0,0.234451,-0.0219517,0
14.1,3.6,0,0.217204,-0.0198743,0
14.1,3.7,0,0.199595,-0.017708,0
14.1,3.8,0,0.181601,-0.0158376,0
14.1,3.9,0,0.163156,-0.014026,0
14.1,4,0,0.145644,-0.0123257,0
14.1,4.1,0,0.127926,-0.0111698,0
14.1,4.2,0,0.110942,-0.00992027,0
14.1,4.3,0,0.0953594,-0.00908324,0
14.1,4.4,0,0.0802261,-0.00842818,0
14.1,4.5,0,0.0666316,-0.00765449,0
14.1,4.6,0,0.0539153,-0.00756087,0
14.1,4.7,0,0.0421687,-0.00723944,0
14.1,4.8,0,0.0319447,-0.00712198,0
14.1,4.9,0,0.0235046,-0.00715101,0
14.1,5,0,0.0172679,-0.00689184,0
14.1,5.1,0,0.00732596,-0.0070008,0
14.1,5.2,0,0.00121262,-0.00712776,0
14.1,5.3,0,-0.00391894,-0.00729631,0
14.1,5.4,0,-0.00810232,-0.00750322,0
14.1,5.5,0,-0.0113687,-0.00774478,0
14.1,5.6,0,-0.0137457,-0.0080184,0
14.1,5.7,0,-0.0152571,-0.00832232,0
14.1,5.8,0,-0.0159217,-0.00865503,0
14.1,5.9,0,-0.0157524,-0.00901482,0
14.1,6,0,-0.0147561,-0.00939952,0
14.1,6.1,0,-0.0129324,-0.0098062,0
14.1,6.2,0,-0.010274,-0.010231,0
14.1,6.3,0,-0.00676601,-0.0106687,0
14.1,6.4,0,-0.00238675,-0.0111127,0
14.1,6.5,0,0.00289161,-0.0115546,0
14.1,6.6,0,0.00910135,-0.011985,0
14.1,6.7,0,0.0162766,-0.0123926,0
14.1,6.8,0,0.0244498,-0.0127645,0
14.1,6.9,0,0.0336481,-0.0130878,0
14.1,7,0,0.0487493,-0.0134603,0
14.1,7.1,0,0.0567815,-0.0140171,0
14.1,7.2,0,0.0674967,-0.0140768,0
14.1,7.3,0,0.0807883,-0.0137003,0
14.1,7.4,0,0.0949136,-0.0138687,0
14.1,7.5,0,0.110094,-0.013576,0
14.1,7.6,0,0.125857,-0.0129397,0
14.1,7.7,0,0.142154,-0.0125667,0
14.1,7.8,0,0.158893,-0.0117879,0
14.1,7.9,0,0.175626,-0.0108849,0
14.1,8,0,0.192324,-0.0100337,0
14.1,8.1,0,0.208701,-0.00885603,0
14.1,8.2,0,0.224585,-0.00776044,0
14.1,8.3,0,0.239564,-0.00660695,0
14.1,8.4,0,0.253612,-0.00522346,0
14.1,8.5,0,0.266973,-0.00409754,0
14.1,8.6,0,0.278612,-0.00287258,0
14.1,8.7,0,0.289095,-0.00151155,0
14.1,8.8,0,0.298792,-0.000515068,0
14.1,8.9,0,0.306765,0.000567833,0
14.1,9,0,0.313512,0.0017168,0
14.1,9.1,0,0.31953,0.0024902,0
14.1,9.2,0,0.324297,0.00334188,0
14.1,9.3,0,0.327959,0.00418409,0
14.1,9.4,0,0.331065,0.00474836,0
14.1,9.5,0,0.333323,0.00537582,0
14.1,9.6,0,0.334946,0.00593456,0
14.1,9.7,0,0.336086,0.00631843,0
14.1,9.8,0,0.336737,0.00676493,0
14.1,9.9,0,0.337084,0.00710142,0
14.1,10,0,0.337061,0.00735706,0
14.1,10.1,0,0.336801,0.00767676,0
14.1,10.2,0,0.336413,0.00785253,0
14.1,10.3,0,0.335771,0.00802845,0
14.1,10.4,0,0.33504,0.00826642,0
14.1,10.5,0,0.334258,0.00833132,0
14.1,10.6,0,0.333317,0.00845952,0
14.1,10.7,0,0.33236,0.00864536,0
14.1,10.8,0,0.33137,0.0086484,0
14.1,10.9,0,0.330305,0.00873276,0
14.1,11,0,0.329245,0.00886201,0
14.1,11.1,0,0.328164,0.00884458,0
14.1,11.2,0,0.327047,0.00889899,0
14.1,11.3,0,0.325948,0.00897278,0
14.1,11.4,0,0.324839,0.00895171,0
14.1,11.5,0,0.323717,0.00898837,0
14.1,11.6,0,0.322624,0.00901112,0
14.1,11.7,0,0.321539,0.00898606,0
14.1,11.8,0,0.320465,0.00900347,0
14.1,11.9,0,0.319443,0.00898411,0
14.1,12,0,0.318464,0.00894731,0
14.1,12.1,0,0.317538,0.00893582,0
14.1,12.2,0,0.316697,0.00887622,0
14.1,12.3,0,0.315976,0.00881658,0
14.1,12.4,0,0.315369,0.00876857,0
14.1,12.5,0,0.314895,0.00868575,0
14.1,12.6,0,0.314626,0.00864913,0
14.1,12.7,0,0.314537,0.00865295,0
14.2,0,0,0.323322,-0.0391395,0
14.2,0.1,0,0.323374,-0.0390924,0
14.2,0.2,0,0.324146,-0.0392811,0
14.2,0.3,0,0.325201,-0.0394982,0
14.2,0.4,0,0.326366,-0.0396842,0
14.2,0.5,0,0.327633,-0.0398821,0
14.2,0.6,0,0.329025,-0.039999,0
14.2,0.7,0,0.330351,-0.0401558,0
14.2,0.8,0,0.331709,-0.0402801,0
14.2,0.9,0,0.333104,-0.0403893,0
14.2,1,0,0.334318,-0.0405141,0
14.2,1.1,0,0.335709,-0.040587,0
14.2,1.2,0,0.336881,-0.0406758,0
14.2,1.3,0,0.338057,-0.040738,0
14.2,1.4,0,0.339258,-0.0407921,0
14.2,1.5,0,0.340047,-0.0407928,0
14.2,1.6,0,0.341119,-0.0407981,0
14.2,1.7,0,0.341669,-0.0407348,0
14.2,1.8,0,0.342142,-0.0406397,0
14.2,1.9,0,0.342595,-0.0405408,0
14.2,2,0,0.34202,-0.0402405,0
14.2,2.1,0,0.341909,-0.0400304,0
14.2,2.2,0,0.340562,-0.0395895,0
14.2,2.3,0,0.338863,-0.0390874,0
14.2,2.4,0,0.336993,-0.0385702,0
14.2,2.5,0,0.332945,-0.0376401,0
14.2,2.6,0,0.329438,-0.0368714,0
14.2,2.7,0,0.323676,-0.0356952,0
14.2,2.8,0,0.317021,-0.0344153,0
14.2,2.9,0,0.309882,-0.0330917,0
14.2,3,0,0.299674,-0.0312878,0
14.2,3.1,0,0.289544,-0.0296433,0
14.2,3.2,0,0.276994,-0.0276257,0
14.2,3.3,0,0.263204,-0.0255701,0
14.2,3.4,0,0.248684,-0.023487,0
14.2,3.5,0,0.232419,-0.021255,0
14.2,3.6,0,0.215346,-0.0192308,0
14.2,3.7,0,0.197799,-0.0171239,0
14.2,3.8,0,0.179805,-0.0152535,0
14.2,3.9,0,0.161392,-0.0134962,0
14.2,4,0,0.144296,-0.0118578,0
14.2,4.1,0,0.126414,-0.0107505,0
14.2,4.2,0,0.110092,-0.0095324,0
14.2,4.3,0,0.094509,-0.00869537,0
14.2,4.4,0,0.0791711,-0.00810841,0
14.2,4.5,0,0.0662011,-0.00729917,0
14.2,4.6,0,0.0532006,-0.0072864,0
14.2,4.7,0,0.0420372,-0.00688643,0
14.2,4.8,0,0.0318132,-0.00676898,0
14.2,4.9,0,0.0227373,-0.00689866,0
14.2,5,0,0.0173123,-0.00653751,0
14.2,5.1,0,0.00745345,-0.00665046,0
14.2,5.2,0,0.00139246,-0.00678345,0
14.2,5.3,0,-0.0036923,-0.00696067,0
14.2,5.4,0,-0.00783313,-0.00717884,0
14.2,5.5,0,-0.0110603,-0.00743408,0
14.2,5.6,0,-0.0134011,-0.00772358,0
14.2,5.7,0,-0.0148789,-0.00804522,0
14.2,5.8,0,-0.0155128,-0.00839705,0
14.2,5.9,0,-0.0153162,-0.00877692,0
14.2,6,0,-0.0142965,-0.00918218,0
14.2,6.1,0,-0.0124543,-0.00960947,0
14.2,6.2,0,-0.00978353,-0.0100544,0
14.2,6.3,0,-0.0062705,-0.0105115,0
14.2,6.4,0,-0.00189486,-0.0109738,0
14.2,6.5,0,0.00336972,-0.0114326,0
14.2,6.6,0,0.00955407,-0.011878,0
14.2,6.7,0,0.016691,-0.0122987,0
14.2,6.8,0,0.024812,-0.0126815,0
14.2,6.9,0,0.0339437,-0.0130134,0
14.2,7,0,0.0489237,-0.0133939,0
14.2,7.1,0,0.0562264,-0.0140859,0
14.2,7.2,0,0.0672306,-0.0140549,0
14.2,7.3,0,0.0806966,-0.0136388,0
14.2,7.4,0,0.0942484,-0.0140395,0
14.2,7.5,0,0.109622,-0.0135156,0
14.2,7.6,0,0.125385,-0.0128792,0
14.2,7.7,0,0.141319,-0.0127287,0
14.2,7.8,0,0.158049,-0.0117325,0
14.2,7.9,0,0.174782,-0.0108295,0
14.2,8,0,0.19151,-0.0101635,0
14.2,8.1,0,0.207586,-0.00881458,0
14.2,8.2,0,0.223471,-0.00771898,0
14.2,8.3,0,0.238879,-0.00670598,0
14.2,8.4,0,0.252395,-0.00520268,0
14.2,8.5,0,0.265756,-0.00407676,0
14.2,8.6,0,0.277963,-0.00293171,0
14.2,8.7,0,0.287946,-0.00151244,0
14.2,8.8,0,0.297864,-0.000533337,0
14.2,8.9,0,0.306043,0.000531104,0
14.2,9,0,0.31255,0.00169735,0
14.2,9.1,0,0.319017,0.00244271,0
14.2,9.2,0,0.32358,0.00330751,0
14.2,9.3,0,0.327227,0.00415069,0
14.2,9.4,0,0.330833,0.00467845,0
14.2,9.5,0,0.332803,0.00533111,0
14.2,9.6,0,0.334426,0.00588984,0
14.2,9.7,0,0.335899,0.00623496,0
14.2,9.8,0,0.336386,0.00670838,0
14.2,9.9,0,0.336733,0.00704487,0
14.2,10,0,0.33691,0.00725753,0
14.2,10.1,0,0.336568,0.00760675,0
14.2,10.2,0,0.336181,0.00778252,0
14.2,10.3,0,0.335652,0.00791273,0
14.2,10.4,0,0.334888,0.00818167,0
14.2,10.5,0,0.334108,0.00824496,0
14.2,10.6,0,0.333224,0.00833901,0
14.2,10.7,0,0.332262,0.0085455,0
14.2,10.8,0,0.331286,0.00853033,0
14.2,10.9,0,0.330243,0.00860988,0
14.2,11,0,0.329184,0.00874755,0
14.2,11.1,0,0.32812,0.00869838,0
14.2,11.2,0,0.327013,0.0087711,0
14.2,11.3,0,0.325914,0.00884489,0
14.2,11.4,0,0.324819,0.00878934,0
14.2,11.5,0,0.323706,0.00884863,0
14.2,11.6,0,0.322613,0.00887137,0
14.2,11.7,0,0.321532,0.00881856,0
14.2,11.8,0,0.320476,0.00885375,0
14.2,11.9,0,0.319453,0.00883439,0
14.2,12,0,0.318462,0.00877844,0
14.2,12.1,0,0.31757,0.0087781,0
14.2,12.2,0,0.31673,0.0087185,0
14.2,12.3,0,0.315969,0.00864774,0
14.2,12.4,0,0.315421,0.00860493,0
14.2,12.5,0,0.314935,0.00851844,0
14.2,12.6,0,0.314639,0.00847208,0
14.2,12.7,0,0.314599,0.0084869,0
14.3,0,0,0.323509,-0.0387806,0
14.3,0.1,0,0.32356,-0.0387336,0
14.3,0.2,0,0.324319,-0.0389162,0
14.3,0.3,0,0.325375,-0.0391333,0
14.3,0.4,0,0.326515,-0.0393073,0
14.3,0.5,0,0.327782,-0.0395052,0
14.3,0.6,0,0.329174,-0.0396221,0
14.3,0.7,0,0.330476,-0.0397654,0
14.3,0.8,0,0.331834,-0.0398897,0
14.3,0.9,0,0.333201,-0.0399818,0
14.3,1,0,0.334415,-0.0401067,0
14.3,1.1,0,0.335806,-0.0401795,0
14.3,1.2,0,0.336937,-0.0402466,0
14.3,1.3,0,0.338113,-0.0403087,0
14.3,1.4,0,0.33925,-0.0403343,0
14.3,1.5,0,0.340039,-0.040335,0
14.3,1.6,0,0.341111,-0.0403403,0
14.3,1.7,0,0.341557,-0.0402393,0
14.3,1.8,0,0.342029,-0.0401442,0
14.3,1.9,0,0.342315,-0.0399963,0
14.3,2,0,0.341741,-0.0396961,0
14.3,2.1,0,0.34163,-0.0394859,0
14.3,2.2,0,0.340031,-0.0389843,0
14.3,2.3,0,0.338332,-0.0384822,0
14.3,2.4,0,0.336119,-0.0378973,0
14.3,2.5,0,0.332071,-0.0369672,0
14.3,2.6,0,0.328565,-0.0361985,0
14.3,2.7,0,0.322392,-0.0349593,0
14.3,2.8,0,0.315736,-0.0336794,0
14.3,2.9,0,0.30819,-0.0323177,0
14.3,3,0,0.297982,-0.0305137,0
14.3,3.1,0,0.287852,-0.0288693,0
14.3,3.2,0,0.275013,-0.0268608,0
14.3,3.3,0,0.261223,-0.0248052,0
14.3,3.4,0,0.246653,-0.0227903,0
14.3,3.5,0,0.230388,-0.0205583,0
14.3,3.6,0,0.213315,-0.0185341,0
14.3,3.7,0,0.196004,-0.0165397,0
14.3,3.8,0,0.17801,-0.0146693,0
14.3,3.9,0,0.160043,-0.0130283,0
14.3,4,0,0.142947,-0.0113899,0
14.3,4.1,0,0.125066,-0.0102826,0
14.3,4.2,0,0.109241,-0.00914453,0
14.3,4.3,0,0.0936587,-0.0083075,0
14.3,4.4,0,0.0787407,-0.00775309,0
14.3,4.5,0,0.0657706,-0.00694385,0
14.3,4.6,0,0.0527701,-0.00693108,0
14.3,4.7,0,0.0419057,-0.00653343,0
14.3,4.8,0,0.0316817,-0.00641597,0
14.3,4.9,0,0.0227817,-0.00654433,0
14.3,5,0,0.0173567,-0.00618319,0
14.3,5.1,0,0.00758095,-0.00630012,0
14.3,5.2,0,0.0015723,-0.00643914,0
14.3,5.3,0,-0.00346566,-0.00662504,0
14.3,5.4,0,-0.00756394,-0.00685445,0
14.3,5.5,0,-0.0107519,-0.00712338,0
14.3,5.6,0,-0.0130564,-0.00742876,0
14.3,5.7,0,-0.0145007,-0.00776812,0
14.3,5.8,0,-0.0151039,-0.00813907,0
14.3,5.9,0,-0.0148799,-0.00853901,0
14.3,6,0,-0.0138369,-0.00896485,0
14.3,6.1,0,-0.0119763,-0.00941274,0
14.3,6.2,0,-0.0092931,-0.00987791,0
14.3,6.3,0,-0.00577498,-0.0103544,0
14.3,6.4,0,-0.00140296,-0.0108349,0
14.3,6.5,0,0.00384784,-0.0113106,0
14.3,6.6,0,0.0100068,-0.0117711,0
14.3,6.7,0,0.0171054,-0.0122049,0
14.3,6.8,0,0.0251743,-0.0125985,0
14.3,6.9,0,0.0342393,-0.012939,0
14.3,7,0,0.0490981,-0.0133275,0
14.3,7.1,0,0.0564008,-0.0140195,0
14.3,7.2,0,0.0671389,-0.0139934,0
14.3,7.3,0,0.080605,-0.0135774,0
14.3,7.4,0,0.0941567,-0.013978,0
14.3,7.5,0,0.10915,-0.0134551,0
14.3,7.6,0,0.124913,-0.0128188,0
14.3,7.7,0,0.140736,-0.0127241,0
14.3,7.8,0,0.157204,-0.0116771,0
14.3,7.9,0,0.173937,-0.0107741,0
14.3,8,0,0.190554,-0.0101605,0
14.3,8.1,0,0.206472,-0.00877312,0
14.3,8.2,0,0.222356,-0.00767753,0
14.3,8.3,0,0.237758,-0.00670675,0
14.3,8.4,0,0.251178,-0.00518189,0
14.3,8.5,0,0.264539,-0.00405597,0
14.3,8.6,0,0.276815,-0.0029326,0
14.3,8.7,0,0.286798,-0.00151333,0
14.3,8.8,0,0.296716,-0.000534229,0
14.3,8.9,0,0.305081,0.000511654,0
14.3,9,0,0.311588,0.0016779,0
14.3,9.1,0,0.318055,0.00242326,0
14.3,9.2,0,0.322847,0.00327411,0
14.3,9.3,0,0.326494,0.0041173,0
14.3,9.4,0,0.330127,0.00464313,0
14.3,9.5,0,0.332284,0.00528639,0
14.3,9.6,0,0.333906,0.00584512,0
14.3,9.7,0,0.335493,0.00617837,0
14.3,9.8,0,0.336034,0.00665183,0
14.3,9.9,0,0.336381,0.00698832,0
14.3,10,0,0.336677,0.00718262,0
14.3,10.1,0,0.336336,0.00753674,0
14.3,10.2,0,0.335949,0.00771251,0
14.3,10.3,0,0.335502,0.00782635,0
14.3,10.4,0,0.334736,0.00809692,0
14.3,10.5,0,0.333957,0.00816021,0
14.3,10.6,0,0.333126,0.00823916,0
14.3,10.7,0,0.332164,0.00844564,0
14.3,10.8,0,0.331188,0.00843047,0
14.3,10.9,0,0.330182,0.00849543,0
14.3,11,0,0.329123,0.0086331,0
14.3,11.1,0,0.328059,0.00858392,0
14.3,11.2,0,0.32698,0.0086432,0
14.3,11.3,0,0.32588,0.00871699,0
14.3,11.4,0,0.324788,0.00865525,0
14.3,11.5,0,0.323695,0.00870888,0
14.3,11.6,0,0.322602,0.00873163,0
14.3,11.7,0,0.321529,0.00866877,0
14.3,11.8,0,0.320487,0.00870403,0
14.3,11.9,0,0.319464,0.00868467,0
14.3,12,0,0.318484,0.00861839,0
14.3,12.1,0,0.317603,0.00862038,0
14.3,12.2,0,0.316762,0.00856078,0
14.3,12.3,0,0.316022,0.0084841,0
14.3,12.4,0,0.315474,0.00844129,0
14.3,12.5,0,0.314987,0.0083548,0
14.3,12.6,0,0.3147,0.00830603,0
14.3,12.7,0,0.31466,0.00832085,0
14.4,0,0,0.323695,-0.0384218,0
14.4,0.1,0,0.323849,-0.0384075,0
14.4,0.2,0,0.324493,-0.0385514,0
14.4,0.3,0,0.325548,-0.0387685,0
14.4,0.4,0,0.326689,-0.0389373,0
14.4,0.5,0,0.327931,-0.0391284,0
14.4,0.6,0,0.329303,-0.0392456,0
14.4,0.7,0,0.330601,-0.039375,0
14.4,0.8,0,0.331959,-0.0394993,0
14.4,0.9,0,0.333282,-0.0395838,0
14.4,1,0,0.334512,-0.0396992,0
14.4,1.1,0,0.335853,-0.0397653,0
14.4,1.2,0,0.336994,-0.0398173,0
14.4,1.3,0,0.338169,-0.0398794,0
14.4,1.4,0,0.339208,-0.0398805,0
14.4,1.5,0,0.340032,-0.0398772,0
14.4,1.6,0,0.340982,-0.0398565,0
14.4,1.7,0,0.341444,-0.0397439,0
14.4,1.8,0,0.341917,-0.0396488,0
14.4,1.9,0,0.341952,-0.0394423,0
14.4,2,0,0.341461,-0.0391516,0
14.4,2.1,0,0.34106,-0.0388815,0
14.4,2.2,0,0.3395,-0.0383792,0
14.4,2.3,0,0.337801,-0.0378771,0
14.4,2.4,0,0.335064,-0.0371911,0
14.4,2.5,0,0.331198,-0.0362943,0
14.4,2.6,0,0.327182,-0.0354384,0
14.4,2.7,0,0.321108,-0.0342235,0
14.4,2.8,0,0.314452,-0.0329436,0
14.4,2.9,0,0.30621,-0.0314878,0
14.4,3,0,0.29629,-0.0297397,0
14.4,3.1,0,0.285677,-0.0280433,0
14.4,3.2,0,0.273031,-0.0260959,0
14.4,3.3,0,0.259242,-0.0240403,0
14.4,3.4,0,0.244382,-0.0220428,0
14.4,3.5,0,0.228357,-0.0198616,0
14.4,3.6,0,0.211311,-0.0178721,0
14.4,3.7,0,0.194209,-0.0159556,0
14.4,3.8,0,0.176215,-0.0140852,0
14.4,3.9,0,0.158705,-0.0125295,0
14.4,4,0,0.141598,-0.010922,0
14.4,4.1,0,0.124158,-0.00983159,0
14.4,4.2,0,0.108391,-0.00875666,0
14.4,4.3,0,0.0928084,-0.00791963,0
14.4,4.4,0,0.0784883,-0.00735094,0
14.4,4.5,0,0.0653402,-0.00658854,0
14.4,4.6,0,0.0527392,-0.00651887,0
14.4,4.7,0,0.0417742,-0.00618042,0
14.4,4.8,0,0.0315502,-0.00606297,0
14.4,4.9,0,0.0232981,-0.00611721,0
14.4,5,0,0.0174012,-0.00582886,0
14.4,5.1,0,0.00770845,-0.00594978,0
14.4,5.2,0,0.00175213,-0.00609483,0
14.4,5.3,0,-0.00323903,-0.00628941,0
14.4,5.4,0,-0.00729475,-0.00653007,0
14.4,5.5,0,-0.0104435,-0.00681268,0
14.4,5.6,0,-0.0127117,-0.00713394,0
14.4,5.7,0,-0.0141224,-0.00749101,0
14.4,5.8,0,-0.014695,-0.00788109,0
14.4,5.9,0,-0.0144437,-0.00830111,0
14.4,6,0,-0.0133773,-0.00874751,0
14.4,6.1,0,-0.0114983,-0.00921601,0
14.4,6.2,0,-0.00880268,-0.00970139,0
14.4,6.3,0,-0.00527946,-0.0101973,0
14.4,6.4,0,-0.000911058,-0.0106961,0
14.4,6.5,0,0.00432595,-0.0111885,0
14.4,6.6,0,0.0104595,-0.0116641,0
14.4,6.7,0,0.0175199,-0.012111,0
14.4,6.8,0,0.0255366,-0.0125155,0
14.4,6.9,0,0.034535,-0.0128646,0
14.4,7,0,0.0492725,-0.0132611,0
14.4,7.1,0,0.0568912,-0.0138815,0
14.4,7.2,0,0.0670473,-0.0139319,0
14.4,7.3,0,0.0805133,-0.0135159,0
14.4,7.4,0,0.0942267,-0.0137477,0
14.4,7.5,0,0.108678,-0.0133947,0
14.4,7.6,0,0.124441,-0.0127584,0
14.4,7.7,0,0.140254,-0.0124463,0
14.4,7.8,0,0.15636,-0.0116217,0
14.4,7.9,0,0.173093,-0.0107187,0
14.4,8,0,0.189409,-0.00993388,0
14.4,8.1,0,0.205357,-0.00873166,0
14.4,8.2,0,0.221242,-0.00763607,0
14.4,8.3,0,0.236141,-0.00655533,0
14.4,8.4,0,0.24996,-0.0051611,0
14.4,8.5,0,0.263322,-0.00403518,0
14.4,8.6,0,0.275286,-0.00288161,0
14.4,8.7,0,0.285649,-0.00151423,0
14.4,8.8,0,0.295545,-0.000533484,0
14.4,8.9,0,0.303992,0.000502209,0
14.4,9,0,0.310626,0.00165845,0
14.4,9.1,0,0.316908,0.00241553,0
14.4,9.2,0,0.322115,0.00324072,0
14.4,9.3,0,0.325761,0.0040839,0
14.4,9.4,0,0.329163,0.00462996,0
14.4,9.5,0,0.331764,0.00524167,0
14.4,9.6,0,0.333386,0.00580041,0
14.4,9.7,0,0.334809,0.00616058,0
14.4,9.8,0,0.335682,0.00659529,0
14.4,9.9,0,0.336029,0.00693178,0
14.4,10,0,0.336243,0.00715559,0
14.4,10.1,0,0.336104,0.00746673,0
14.4,10.2,0,0.335716,0.0076425,0
14.4,10.3,0,0.335259,0.00777829,0
14.4,10.4,0,0.334585,0.00801217,0
14.4,10.5,0,0.333805,0.00807547,0
14.4,10.6,0,0.333002,0.00815862,0
14.4,10.7,0,0.332066,0.00834579,0
14.4,10.8,0,0.331091,0.00833547,0
14.4,10.9,0,0.33012,0.0083827,0
14.4,11,0,0.329062,0.00851864,0
14.4,11.1,0,0.328001,0.0084839,0
14.4,11.2,0,0.326946,0.00851531,0
14.4,11.3,0,0.325847,0.0085891,0
14.4,11.4,0,0.324763,0.00854839,0
14.4,11.5,0,0.323684,0.00856914,0
14.4,11.6,0,0.322591,0.00859188,0
14.4,11.7,0,0.321536,0.00854681,0
14.4,11.8,0,0.320497,0.00855432,0
14.4,11.9,0,0.319475,0.00853496,0
14.4,12,0,0.31853,0.00847983,0
14.4,12.1,0,0.317636,0.00846266,0
14.4,12.2,0,0.316795,0.00840306,0
14.4,12.3,0,0.316104,0.00832826,0
14.4,12.4,0,0.315526,0.00827765,0
14.4,12.5,0,0.31504,0.00819116,0
14.4,12.6,0,0.314786,0.00814663,0
14.4,12.7,0,0.314722,0.0081548,0
14.5,0,0,0.323881,-0.038063,0
14.5,0.1,0,0.324192,-0.038099,0
14.5,0.2,0,0.3247,-0.0381978,0
14.5,0.3,0,0.325725,-0.0384033,0
14.5,0.4,0,0.326878,-0.0385709,0
14.5,0.5,0,0.32808,-0.0387515,0
14.5,0.6,0,0.329421,-0.0388692,0
14.5,0.7,0,0.330725,-0.0389874,0
14.5,0.8,0,0.332074,-0.0391084,0
14.5,0.9,0,0.333356,-0.039191,0
14.5,1,0,0.334608,-0.0392918,0
14.5,1.1,0,0.335873,-0.0393475,0
14.5,1.2,0,0.337043,-0.0393903,0
14.5,1.3,0,0.338202,-0.0394456,0
14.5,1.4,0,0.339147,-0.0394287,0
14.5,1.5,0,0.340024,-0.0394194,0
14.5,1.6,0,0.340787,-0.0393587,0
14.5,1.7,0,0.341316,-0.0392479,0
14.5,1.8,0,0.341746,-0.0391406,0
14.5,1.9,0,0.341544,-0.038883,0
14.5,2,0,0.341182,-0.0386071,0
14.5,2.1,0,0.340335,-0.038245,0
14.5,2.2,0,0.338931,-0.0377678,0
14.5,2.3,0,0.337146,-0.0372482,0
14.5,2.4,0,0.33391,-0.0364668,0
14.5,2.5,0,0.330324,-0.0356214,0
14.5,2.6,0,0.325526,-0.0346313,0
14.5,2.7,0,0.319749,-0.0334734,0
14.5,2.8,0,0.312997,-0.0321829,0
14.5,2.9,0,0.304075,-0.0306279,0
14.5,3,0,0.294597,-0.0289657,0
14.5,3.1,0,0.283243,-0.0271894,0
14.5,3.2,0,0.27096,-0.0253132,0
14.5,3.3,0,0.257177,-0.0232735,0
14.5,3.4,0,0.241982,-0.021268,0
14.5,3.5,0,0.226325,-0.0191649,0
14.5,3.6,0,0.209323,-0.0172289,0
14.5,3.7,0,0.192376,-0.0153596,0
14.5,3.8,0,0.174513,-0.0135148,0
14.5,3.9,0,0.157371,-0.0120141,0
14.5,4,0,0.14025,-0.010454,0
14.5,4.1,0,0.123489,-0.00938973,0
14.5,4.2,0,0.107577,-0.00835799,0
14.5,4.3,0,0.0920968,-0.00752386,0
14.5,4.4,0,0.078332,-0.00692357,0
14.5,4.5,0,0.0649097,-0.00623322,0
14.5,4.6,0,0.0529235,-0.00607603,0
14.5,4.7,0,0.0417059,-0.00580945,0
14.5,4.8,0,0.0315991,-0.0056873,0
14.5,4.9,0,0.0240685,-0.0056509,0
14.5,5,0,0.0174456,-0.00547453,0
14.5,5.1,0,0.00783595,-0.00559944,0
14.5,5.2,0,0.00193197,-0.00575051,0
14.5,5.3,0,-0.00301239,-0.00595378,0
14.5,5.4,0,-0.00702556,-0.00620568,0
14.5,5.5,0,-0.0101352,-0.00650198,0
14.5,5.6,0,-0.012367,-0.00683912,0
14.5,5.7,0,-0.0137442,-0.00721391,0
14.5,5.8,0,-0.0142861,-0.00762311,0
14.5,5.9,0,-0.0140074,-0.00806321,0
14.5,6,0,-0.0129177,-0.00853018,0
14.5,6.1,0,-0.0110203,-0.00901928,0
14.5,6.2,0,-0.00831225,-0.00952487,0
14.5,6.3,0,-0.00478395,-0.0100402,0
14.5,6.4,0,-0.000419159,-0.0105572,0
14.5,6.5,0,0.00480407,-0.0110665,0
14.5,6.6,0,0.0109122,-0.0115572,0
14.5,6.7,0,0.0179343,-0.0120171,0
14.5,6.8,0,0.0258989,-0.0124325,0
14.5,6.9,0,0.0348306,-0.0127902,0
14.5,7,0,0.0494469,-0.0131946,0
14.5,7.1,0,0.058141,-0.0135714,0
14.5,7.2,0,0.0681794,-0.0136436,0
14.5,7.3,0,0.0804217,-0.0134544,0
14.5,7.4,0,0.0943745,-0.0134362,0
14.5,7.5,0,0.108535,-0.013201,0
14.5,7.6,0,0.123969,-0.0126979,0
14.5,7.7,0,0.139772,-0.0121685,0
14.5,7.8,0,0.155569,-0.0115331,0
14.5,7.9,0,0.172248,-0.0106633,0
14.5,8,0,0.188265,-0.00970729,0
14.5,8.1,0,0.204243,-0.00869021,0
14.5,8.2,0,0.21998,-0.0075615,0
14.5,8.3,0,0.234494,-0.00639405,0
14.5,8.4,0,0.248743,-0.00514032,0
14.5,8.5,0,0.261693,-0.0039664,0
14.5,8.6,0,0.273443,-0.00278787,0
14.5,8.7,0,0.284501,-0.00151512,0
14.5,8.8,0,0.293821,-0.000492905,0
14.5,8.9,0,0.302268,0.000542788,0
14.5,9,0,0.309664,0.001639,0
14.5,9.1,0,0.315507,0.00242393,0
14.5,9.2,0,0.320857,0.00324013,0
14.5,9.3,0,0.325028,0.00405051,0
14.5,9.4,0,0.328142,0.00462176,0
14.5,9.5,0,0.331042,0.00521169,0
14.5,9.6,0,0.332866,0.00575569,0
14.5,9.7,0,0.334124,0.0061428,0
14.5,9.8,0,0.335323,0.00653959,0
14.5,9.9,0,0.335675,0.00687588,0
14.5,10,0,0.33581,0.00712857,0
14.5,10.1,0,0.335872,0.00739672,0
14.5,10.2,0,0.335471,0.00758499,0
14.5,10.3,0,0.334994,0.00773926,0
14.5,10.4,0,0.334433,0.00792742,0
14.5,10.5,0,0.333647,0.00801488,0
14.5,10.6,0,0.332842,0.00810464,0
14.5,10.7,0,0.331968,0.00824593,0
14.5,10.8,0,0.330995,0.00826473,0
14.5,10.9,0,0.330024,0.00831196,0
14.5,11,0,0.329001,0.00840419,0
14.5,11.1,0,0.327947,0.00839578,0
14.5,11.2,0,0.326899,0.00841358,0
14.5,11.3,0,0.325813,0.0084612,0
14.5,11.4,0,0.324739,0.00844312,0
14.5,11.5,0,0.32367,0.00843892,0
14.5,11.6,0,0.322581,0.00845214,0
14.5,11.7,0,0.321542,0.00842484,0
14.5,11.8,0,0.320508,0.0084046,0
14.5,11.9,0,0.31949,0.0083869,0
14.5,12,0,0.318576,0.00834126,0
14.5,12.1,0,0.317668,0.00830494,0
14.5,12.2,0,0.316862,0.00824833,0
14.5,12.3,0,0.316201,0.00817616,0
14.5,12.4,0,0.315579,0.00811401,0
14.5,12.5,0,0.315175,0.00804597,0
14.5,12.6,0,0.314928,0.00800321,0
14.5,12.7,0,0.314784,0.00798875,0
14.6,0,0,0.324067,-0.0377042,0
14.6,0.1,0,0.324536,-0.0377904,0
14.6,0.2,0,0.325044,-0.0378893,0
14.6,0.3,0,0.325913,-0.0380369,0
14.6,0.4,0,0.327066,-0.0382045,0
14.6,0.5,0,0.328229,-0.0383746,0
14.6,0.6,0,0.32954,-0.0384927,0
14.6,0.7,0,0.330843,-0.038611,0
14.6,0.8,0,0.332147,-0.0387155,0
14.6,0.9,0,0.333429,-0.0387981,0
14.6,1,0,0.334705,-0.0388843,0
14.6,1.1,0,0.335894,-0.0389297,0
14.6,1.2,0,0.337063,-0.0389725,0
14.6,1.3,0,0.338141,-0.0389939,0
14.6,1.4,0,0.339086,-0.038977,0
14.6,1.5,0,0.340017,-0.0389616,0
14.6,1.6,0,0.340592,-0.0388609,0
14.6,1.7,0,0.341121,-0.0387501,0
14.6,1.8,0,0.341337,-0.0385813,0
14.6,1.9,0,0.341136,-0.0383238,0
14.6,2,0,0.340902,-0.0380626,0
14.6,2.1,0,0.339609,-0.0376084,0
14.6,2.2,0,0.338205,-0.0371312,0
14.6,2.3,0,0.335992,-0.0365239,0
14.6,2.4,0,0.332756,-0.0357426,0
14.6,2.5,0,0.329451,-0.0349485,0
14.6,2.6,0,0.323869,-0.0338241,0
14.6,2.7,0,0.318092,-0.0326663,0
14.6,2.8,0,0.310862,-0.031323,0
14.6,2.9,0,0.301939,-0.0297681,0
14.6,3,0,0.292905,-0.0281916,0
14.6,3.1,0,0.280808,-0.0263354,0
14.6,3.2,0,0.268525,-0.0244593,0
14.6,3.3,0,0.254777,-0.0224987,0
14.6,3.4,0,0.239582,-0.0204932,0
14.6,3.5,0,0.224294,-0.0184682,0
14.6,3.6,0,0.207335,-0.0165856,0
14.6,3.7,0,0.190388,-0.0147163,0
14.6,3.8,0,0.173179,-0.0129994,0
14.6,3.9,0,0.156038,-0.0114987,0
14.6,4,0,0.138901,-0.00998613,0
14.6,4.1,0,0.122819,-0.00894788,0
14.6,4.2,0,0.106907,-0.00791613,0
14.6,4.3,0,0.0919405,-0.0070965,0
14.6,4.4,0,0.0781756,-0.0064962,0
14.6,4.5,0,0.0644792,-0.0058779,0
14.6,4.6,0,0.0531078,-0.0056332,0
14.6,4.7,0,0.0418902,-0.00536661,0
14.6,4.8,0,0.0323695,-0.00522099,0
14.6,4.9,0,0.024839,-0.00518459,0
14.6,5,0,0.01749,-0.0051202,0
14.6,5.1,0,0.00796345,-0.0052491,0
14.6,5.2,0,0.00211181,-0.0054062,0
14.6,5.3,0,-0.00278575,-0.00561815,0
14.6,5.4,0,-0.00675637,-0.0058813,0
14.6,5.5,0,-0.00982679,-0.00619128,0
14.6,5.6,0,-0.0120224,-0.0065443,0
14.6,5.7,0,-0.013366,-0.0069368,0
14.6,5.8,0,-0.0138772,-0.00736513,0
14.6,5.9,0,-0.0135712,-0.0078253,0
14.6,6,0,-0.0124581,-0.00831284,0
14.6,6.1,0,-0.0105422,-0.00882256,0
14.6,6.2,0,-0.00782182,-0.00934835,0
14.6,6.3,0,-0.00428843,-0.00988306,0
14.6,6.4,0,7.27405e-05,-0.0104184,0
14.6,6.5,0,0.00528218,-0.0109445,0
14.6,6.6,0,0.0113649,-0.0114502,0
14.6,6.7,0,0.0183487,-0.0119232,0
14.6,6.8,0,0.0262611,-0.0123495,0
14.6,6.9,0,0.0351262,-0.0127158,0
14.6,7,0,0.0496213,-0.0131282,0
14.6,7.1,0,0.0593908,-0.0132613,0
14.6,7.2,0,0.0694292,-0.0133335,0
14.6,7.3,0,0.0803615,-0.01336,0
14.6,7.4,0,0.0945222,-0.0131248,0
14.6,7.5,0,0.108683,-0.0128896,0
14.6,7.6,0,0.123492,-0.0125259,0
14.6,7.7,0,0.13929,-0.0118906,0
14.6,7.8,0,0.155087,-0.0112553,0
14.6,7.9,0,0.171135,-0.0104548,0
14.6,8,0,0.18712,-0.0094807,0
14.6,8.1,0,0.203105,-0.00850665,0
14.6,8.2,0,0.218333,-0.00740022,0
14.6,8.3,0,0.232846,-0.00623277,0
14.6,8.4,0,0.24736,-0.00506531,0
14.6,8.5,0,0.25985,-0.00387266,0
14.6,8.6,0,0.2716,-0.00269413,0
14.6,8.7,0,0.28335,-0.00151559,0
14.6,8.8,0,0.292097,-0.000452327,0
14.6,8.9,0,0.300544,0.000583366,0
14.6,9,0,0.308702,0.00161955,0
14.6,9.1,0,0.314106,0.00243233,0
14.6,9.2,0,0.319456,0.00324853,0
14.6,9.3,0,0.324221,0.00402363,0
14.6,9.4,0,0.327121,0.00461356,0
14.6,9.5,0,0.330021,0.00520349,0
14.6,9.6,0,0.332241,0.00572822,0
14.6,9.7,0,0.33344,0.00612501,0
14.6,9.8,0,0.334638,0.0065218,0
14.6,9.9,0,0.335242,0.00684885,0
14.6,10,0,0.335376,0.00710154,0
14.6,10.1,0,0.335511,0.00735423,0
14.6,10.2,0,0.335206,0.00754595,0
14.6,10.3,0,0.334729,0.00770023,0
14.6,10.4,0,0.334252,0.0078545,0
14.6,10.5,0,0.333487,0.0079609,0
14.6,10.6,0,0.332683,0.00805067,0
14.6,10.7,0,0.33187,0.00814607,0
14.6,10.8,0,0.330899,0.00819399,0
14.6,10.9,0,0.329928,0.00824121,0
14.6,11,0,0.32894,0.00828985,0
14.6,11.1,0,0.327892,0.00830765,0
14.6,11.2,0,0.326844,0.00832545,0
14.6,11.3,0,0.325783,0.00834204,0
14.6,11.4,0,0.324714,0.00833785,0
14.6,11.5,0,0.323646,0.00833365,0
14.6,11.6,0,0.322583,0.00832604,0
14.6,11.7,0,0.321549,0.00830288,0
14.6,11.8,0,0.320515,0.00827971,0
14.6,11.9,0,0.319537,0.00824834,0
14.6,12,0,0.318622,0.0082027,0
14.6,12.1,0,0.317708,0.00815705,0
14.6,12.2,0,0.316958,0.00809623,0
14.6,12.3,0,0.316298,0.00802406,0
14.6,12.4,0,0.315638,0.00795189,0
14.6,12.5,0,0.315318,0.00790255,0
14.6,12.6,0,0.315071,0.00785979,0
14.6,12.7,0,0.314845,0.0078227,0
14.7,0,0,0.324232,-0.0373768,0
14.7,0.1,0,0.324617,-0.0374308,0
14.7,0.2,0,0.325125,-0.0375296,0
14.7,0.3,0,0.326031,-0.037686,0
14.7,0.4,0,0.327184,-0.0378536,0
14.7,0.5,0,0.328348,-0.0380269,0
14.7,0.6,0,0.329652,-0.0381263,0
14.7,0.7,0,0.330955,-0.0382445,0
14.7,0.8,0,0.332238,-0.0383311,0
14.7,0.9,0,0.33352,-0.0384137,0
14.7,1,0,0.334753,-0.0384989,0
14.7,1.1,0,0.335954,-0.038524,0
14.7,1.2,0,0.337124,-0.0385668,0
14.7,1.3,0,0.338156,-0.038561,0
14.7,1.4,0,0.339101,-0.0385441,0
14.7,1.5,0,0.339925,-0.0385113,0
14.7,1.6,0,0.340536,-0.0383928,0
14.7,1.7,0,0.341065,-0.0382821,0
14.7,1.8,0,0.341168,-0.0380682,0
14.7,1.9,0,0.340966,-0.0378107,0
14.7,2,0,0.340489,-0.0375045,0
14.7,2.1,0,0.339267,-0.0370393,0
14.7,2.2,0,0.337862,-0.0365621,0
14.7,2.3,0,0.335403,-0.0358896,0
14.7,2.4,0,0.332167,-0.0351083,0
14.7,2.5,0,0.328431,-0.0342449,0
14.7,2.6,0,0.322963,-0.0331219,0
14.7,2.7,0,0.317186,-0.0319641,0
14.7,2.8,0,0.309603,-0.0305636,0
14.7,2.9,0,0.30068,-0.0290087,0
14.7,3,0,0.291187,-0.0273821,0
14.7,3.1,0,0.279234,-0.0255472,0
14.7,3.2,0,0.266952,-0.023671,0
14.7,3.3,0,0.253023,-0.0217251,0
14.7,3.4,0,0.237827,-0.0197196,0
14.7,3.5,0,0.222426,-0.0177076,0
14.7,3.6,0,0.205608,-0.0158707,0
14.7,3.7,0,0.18866,-0.0140014,0
14.7,3.8,0,0.171686,-0.0123649,0
14.7,3.9,0,0.154544,-0.0108642,0
14.7,4,0,0.137697,-0.0093652,0
14.7,4.1,0,0.121674,-0.00838249,0
14.7,4.2,0,0.105762,-0.00735075,0
14.7,4.3,0,0.0911486,-0.00656949,0
14.7,4.4,0,0.0773838,-0.0059692,0
14.7,4.5,0,0.0640562,-0.00530278,0
14.7,4.6,0,0.0526101,-0.00511738,0
14.7,4.7,0,0.0413924,-0.0048508,0
14.7,4.8,0,0.0319149,-0.00470859,0
14.7,4.9,0,0.0243844,-0.00467219,0
14.7,5,0,0.0175243,-0.0045341,0
14.7,5.1,0,0.00809279,-0.00466462,0
14.7,5.2,0,0.00230378,-0.00482519,0
14.7,5.3,0,-0.00253632,-0.00504266,0
14.7,5.4,0,-0.00645408,-0.00531334,0
14.7,5.5,0,-0.00947591,-0.00563273,0
14.7,5.6,0,-0.0116271,-0.00599675,0
14.7,5.7,0,-0.0129304,-0.00640161,0
14.7,5.8,0,-0.0134059,-0.00684334,0
14.7,5.9,0,-0.013069,-0.00731768,0
14.7,6,0,-0.0119304,-0.00781987,0
14.7,6.1,0,-0.00999525,-0.00834449,0
14.7,6.2,0,-0.00726259,-0.00888525,0
14.7,6.3,0,-0.0037251,-0.00943481,0
14.7,6.4,0,0.000630808,-0.00998472,0
14.7,6.5,0,0.00582435,-0.0105252,0
14.7,6.6,0,0.0118793,-0.011045,0
14.7,6.7,0,0.0188223,-0.0115317,0
14.7,6.8,0,0.0266799,-0.0119715,0
14.7,6.9,0,0.0354758,-0.012351,0
14.7,7,0,0.0498463,-0.012782,0
14.7,7.1,0,0.0588699,-0.0130131,0
14.7,7.2,0,0.0689083,-0.0130854,0
14.7,7.3,0,0.080108,-0.0130771,0
14.7,7.4,0,0.09401,-0.0129327,0
14.7,7.5,0,0.108171,-0.0126975,0
14.7,7.6,0,0.122705,-0.0123646,0
14.7,7.7,0,0.138502,-0.0117293,0
14.7,7.8,0,0.1543,-0.011094,0
14.7,7.9,0,0.170185,-0.0103113,0
14.7,8,0,0.18617,-0.0093373,0
14.7,8.1,0,0.202155,-0.00836325,0
14.7,8.2,0,0.217358,-0.0072698,0
14.7,8.3,0,0.231872,-0.00610234,0
14.7,8.4,0,0.246341,-0.00492546,0
14.7,8.5,0,0.258964,-0.00375459,0
14.7,8.6,0,0.270714,-0.00257606,0
14.7,8.7,0,0.282211,-0.00138016,0
14.7,8.8,0,0.291364,-0.000351846,0
14.7,8.9,0,0.299811,0.000683847,0
14.7,9,0,0.30781,0.00170859,0
14.7,9.1,0,0.313541,0.00251025,0
14.7,9.2,0,0.318891,0.00332645,0
14.7,9.3,0,0.323696,0.00408323,0
14.7,9.4,0,0.326709,0.00466926,0
14.7,9.5,0,0.329609,0.00525919,0
14.7,9.6,0,0.331951,0.00576041,0
14.7,9.7,0,0.333149,0.0061572,0
14.7,9.8,0,0.334348,0.006554,0
14.7,9.9,0,0.335041,0.00685682,0
14.7,10,0,0.335176,0.00710951,0
14.7,10.1,0,0.33531,0.0073622,0
14.7,10.2,0,0.335068,0.00752996,0
14.7,10.3,0,0.334591,0.00768424,0
14.7,10.4,0,0.334115,0.0078393,0
14.7,10.5,0,0.333393,0.00792193,0
14.7,10.6,0,0.332588,0.00801169,0
14.7,10.7,0,0.331804,0.00810712,0
14.7,10.8,0,0.330836,0.00813333,0
14.7,10.9,0,0.329865,0.00818056,0
14.7,11,0,0.328914,0.0082269,0
14.7,11.1,0,0.32785,0.00822679,0
14.7,11.2,0,0.326802,0.00824459,0
14.7,11.3,0,0.325763,0.0082471,0
14.7,11.4,0,0.324689,0.00823828,0
14.7,11.5,0,0.32362,0.00823409,0
14.7,11.6,0,0.32257,0.00820955,0
14.7,11.7,0,0.321536,0.00818639,0
14.7,11.8,0,0.320502,0.00816323,0
14.7,11.9,0,0.319532,0.00811755,0
14.7,12,0,0.318617,0.00807191,0
14.7,12.1,0,0.317703,0.00802627,0
14.7,12.2,0,0.316956,0.00795199,0
14.7,12.3,0,0.316296,0.00787982,0
14.7,12.4,0,0.31568,0.00782664,0
14.7,12.5,0,0.315315,0.00773392,0
14.7,12.6,0,0.315069,0.00769117,0
14.7,12.7,0,0.314929,0.00771249,0
14.8,0,0,0.324389,-0.0370599,0
14.8,0.1,0,0.32461,-0.0370541,0
14.8,0.2,0,0.325163,-0.0371688,0
14.8,0.3,0,0.326139,-0.037347,0
14.8,0.4,0,0.327277,-0.0375079,0
14.8,0.5,0,0.328458,-0.0376889,0
14.8,0.6,0,0.329761,-0.0377631,0
14.8,0.7,0,0.331054,-0.0378838,0
14.8,0.8,0,0.332329,-0.0379575,0
14.8,0.9,0,0.333617,-0.0380322,0
14.8,1,0,0.334784,-0.0381209,0
14.8,1.1,0,0.336028,-0.0381223,0
14.8,1.2,0,0.337167,-0.0381631,0
14.8,1.3,0,0.338176,-0.0381398,0
14.8,1.4,0,0.339142,-0.0381174,0
14.8,1.5,0,0.339806,-0.0380635,0
14.8,1.6,0,0.340526,-0.0379347,0
14.8,1.7,0,0.340981,-0.0378117,0
14.8,1.8,0,0.341028,-0.0375701,0
14.8,1.9,0,0.340877,-0.037313,0
14.8,2,0,0.340031,-0.0369419,0
14.8,2.1,0,0.339052,-0.0364927,0
14.8,2.2,0,0.337493,-0.0359885,0
14.8,2.3,0,0.334902,-0.0352755,0
14.8,2.4,0,0.331766,-0.0345038,0
14.8,2.5,0,0.327363,-0.0335311,0
14.8,2.6,0,0.322307,-0.0324547,0
14.8,2.7,0,0.316299,-0.0312627,0
14.8,2.8,0,0.308499,-0.0298212,0
14.8,2.9,0,0.299714,-0.0282827,0
14.8,3,0,0.28946,-0.0265607,0
14.8,3.1,0,0.277948,-0.0247808,0
14.8,3.2,0,0.265488,-0.0228881,0
14.8,3.3,0,0.251382,-0.0209374,0
14.8,3.4,0,0.236288,-0.0189465,0
14.8,3.5,0,0.220612,-0.0169256,0
14.8,3.6,0,0.203968,-0.0151319,0
14.8,3.7,0,0.187049,-0.0132675,0
14.8,3.8,0,0.170139,-0.0116763,0
14.8,3.9,0,0.152997,-0.0101901,0
14.8,4,0,0.13654,-0.00869326,0
14.8,4.1,0,0.120371,-0.00777593,0
14.8,4.2,0,0.104622,-0.00673175,0
14.8,4.3,0,0.0902182,-0.00598293,0
14.8,4.4,0,0.0763802,-0.00540899,0
14.8,4.5,0,0.0636356,-0.00465439,0
14.8,4.6,0,0.0518849,-0.00457725,0
14.8,4.7,0,0.0408391,-0.00427525,0
14.8,4.8,0,0.0312652,-0.00414169,0
14.8,4.9,0,0.0235215,-0.00414443,0
14.8,5,0,0.0175552,-0.00387075,0
14.8,5.1,0,0.00822275,-0.00400209,0
14.8,5.2,0,0.00249979,-0.00416527,0
14.8,5.3,0,-0.0022793,-0.00438721,0
14.8,5.4,0,-0.00614075,-0.0046642,0
14.8,5.5,0,-0.00911087,-0.00499155,0
14.8,5.6,0,-0.0112149,-0.00536496,0
14.8,5.7,0,-0.0124758,-0.00578039,0
14.8,5.8,0,-0.0129138,-0.00623363,0
14.8,5.9,0,-0.0125448,-0.00672015,0
14.8,6,0,-0.01138,-0.00723501,0
14.8,6.1,0,-0.00942528,-0.00777265,0
14.8,6.2,0,-0.00668042,-0.00832663,0
14.8,6.3,0,-0.00313917,-0.00888952,0
14.8,6.4,0,0.00121093,-0.00945282,0
14.8,6.5,0,0.00638788,-0.0100068,0
14.8,6.6,0,0.0124143,-0.0105404,0
14.8,6.7,0,0.0193155,-0.011041,0
14.8,6.8,0,0.0271175,-0.0114951,0
14.8,6.9,0,0.0358433,-0.0118893,0
14.8,7,0,0.0500881,-0.0123426,0
14.8,7.1,0,0.0577587,-0.0127856,0
14.8,7.2,0,0.0677971,-0.0128578,0
14.8,7.3,0,0.080078,-0.0126785,0
14.8,7.4,0,0.0932778,-0.0127804,0
14.8,7.5,0,0.107438,-0.0125452,0
14.8,7.6,0,0.122285,-0.0120209,0
14.8,7.7,0,0.137613,-0.0116069,0
14.8,7.8,0,0.153448,-0.0109108,0
14.8,7.9,0,0.169362,-0.0100867,0
14.8,8,0,0.185285,-0.00922163,0
14.8,8.1,0,0.201154,-0.00815094,0
14.8,8.2,0,0.216542,-0.00712114,0
14.8,8.3,0,0.231121,-0.00598219,0
14.8,8.4,0,0.2452,-0.00472273,0
14.8,8.5,0,0.258397,-0.00362842,0
14.8,8.6,0,0.270147,-0.00244989,0
14.8,8.7,0,0.281136,-0.00121895,0
14.8,8.8,0,0.29096,-0.000231396,0
14.8,8.9,0,0.299407,0.000804297,0
14.8,9,0,0.306912,0.00183304,0
14.8,9.1,0,0.313255,0.00261134,0
14.8,9.2,0,0.318605,0.00342755,0
14.8,9.3,0,0.32302,0.00417639,0
14.8,9.4,0,0.3265,0.00474627,0
14.8,9.5,0,0.329375,0.00533512,0
14.8,9.6,0,0.331528,0.00582386,0
14.8,9.7,0,0.332991,0.00620606,0
14.8,9.8,0,0.334123,0.00659892,0
14.8,9.9,0,0.334835,0.00688649,0
14.8,10,0,0.335053,0.00712914,0
14.8,10.1,0,0.335142,0.00737953,0
14.8,10.2,0,0.334965,0.00752409,0
14.8,10.3,0,0.334496,0.00767592,0
14.8,10.4,0,0.334021,0.00783429,0
14.8,10.5,0,0.333321,0.00788795,0
14.8,10.6,0,0.332516,0.00797771,0
14.8,10.7,0,0.331764,0.00808224,0
14.8,10.8,0,0.330783,0.00807604,0
14.8,10.9,0,0.329812,0.00812327,0
14.8,11,0,0.32891,0.00818459,0
14.8,11.1,0,0.327813,0.00814835,0
14.8,11.2,0,0.326765,0.00816615,0
14.8,11.3,0,0.325783,0.00818999,0
14.8,11.4,0,0.324664,0.00814062,0
14.8,11.5,0,0.323609,0.00814276,0
14.8,11.6,0,0.322593,0.0081281,0
14.8,11.7,0,0.321516,0.00807173,0
14.8,11.8,0,0.320528,0.00807018,0
14.8,11.9,0,0.319537,0.00800664,0
14.8,12,0,0.318595,0.00794371,0
14.8,12.1,0,0.317773,0.0079399,0
14.8,12.2,0,0.316921,0.00781038,0
14.8,12.3,0,0.316261,0.00773821,0
14.8,12.4,0,0.315765,0.00773658,0
14.8,12.5,0,0.315264,0.00755689,0
14.8,12.6,0,0.315018,0.00751413,0
14.8,12.7,0,0.31502,0.00762089,0
14.9,0,0,0.324547,-0.0367429,0
14.9,0.1,0,0.324604,-0.0366775,0
14.9,0.2,0,0.325304,-0.0368451,0
14.9,0.3,0,0.32628,-0.0370232,0
14.9,0.4,0,0.327371,-0.0371623,0
14.9,0.5,0,0.328567,-0.0373509,0
14.9,0.6,0,0.32987,-0.0374,0
14.9,0.7,0,0.331128,-0.0375285,0
14.9,0.8,0,0.332403,-0.0376022,0
14.9,0.9,0,0.333714,-0.0376506,0
14.9,1,0,0.334815,-0.0377428,0
14.9,1.1,0,0.336102,-0.0377206,0
14.9,1.2,0,0.337138,-0.0377549,0
14.9,1.3,0,0.338147,-0.0377316,0
14.9,1.4,0,0.339182,-0.0376907,0
14.9,1.5,0,0.339686,-0.0376156,0
14.9,1.6,0,0.340516,-0.0374766,0
14.9,1.7,0,0.340724,-0.0373127,0
14.9,1.8,0,0.340771,-0.0370712,0
14.9,1.9,0,0.340787,-0.0368153,0
14.9,2,0,0.339573,-0.0363793,0
14.9,2.1,0,0.338837,-0.0359461,0
14.9,2.2,0,0.336761,-0.0353519,0
14.9,2.3,0,0.334171,-0.0346389,0
14.9,2.4,0,0.331364,-0.0338994,0
14.9,2.5,0,0.326295,-0.0328173,0
14.9,2.6,0,0.32165,-0.0317875,0
14.9,2.7,0,0.314873,-0.0304817,0
14.9,2.8,0,0.307073,-0.0290401,0
14.9,2.9,0,0.298748,-0.0275568,0
14.9,3,0,0.287733,-0.0257393,0
14.9,3.1,0,0.276661,-0.0240144,0
14.9,3.2,0,0.263609,-0.0220666,0
14.9,3.3,0,0.249503,-0.0201159,0
14.9,3.4,0,0.234748,-0.0181733,0
14.9,3.5,0,0.218798,-0.0161436,0
14.9,3.6,0,0.202327,-0.0143932,0
14.9,3.7,0,0.185505,-0.012545,0
14.9,3.8,0,0.168596,-0.0109537,0
14.9,3.9,0,0.15145,-0.00951601,0
14.9,4,0,0.135384,-0.00802131,0
14.9,4.1,0,0.119068,-0.00716937,0
14.9,4.2,0,0.103863,-0.0060837,0
14.9,4.3,0,0.0894585,-0.00533488,0
14.9,4.4,0,0.0753765,-0.00484877,0
14.9,4.5,0,0.0632151,-0.004006,0
14.9,4.6,0,0.0511597,-0.00403711,0
14.9,4.7,0,0.0406868,-0.00361704,0
14.9,4.8,0,0.0311129,-0.00348349,0
14.9,4.9,0,0.0226585,-0.00361666,0
14.9,5,0,0.0175861,-0.00320739,0
14.9,5.1,0,0.00835271,-0.00333957,0
14.9,5.2,0,0.0026958,-0.00350535,0
14.9,5.3,0,-0.00202227,-0.00373176,0
14.9,5.4,0,-0.00582743,-0.00401506,0
14.9,5.5,0,-0.00874582,-0.00435037,0
14.9,5.6,0,-0.0108027,-0.00473317,0
14.9,5.7,0,-0.0120212,-0.00515916,0
14.9,5.8,0,-0.0124217,-0.00562391,0
14.9,5.9,0,-0.0120207,-0.00612262,0
14.9,6,0,-0.0108297,-0.00665016,0
14.9,6.1,0,-0.0088553,-0.00720081,0
14.9,6.2,0,-0.00609825,-0.00776801,0
14.9,6.3,0,-0.00255323,-0.00834423,0
14.9,6.4,0,0.00179106,-0.00892092,0
14.9,6.5,0,0.00695141,-0.00948841,0
14.9,6.6,0,0.0129492,-0.0100357,0
14.9,6.7,0,0.0198087,-0.0105504,0
14.9,6.8,0,0.0275551,-0.0110188,0
14.9,6.9,0,0.0362109,-0.0114277,0
14.9,7,0,0.05033,-0.0119032,0
14.9,7.1,0,0.0569264,-0.0125143,0
14.9,7.2,0,0.0673213,-0.0125297,0
14.9,7.3,0,0.0800479,-0.0122799,0
14.9,7.4,0,0.0925456,-0.0126281,0
14.9,7.5,0,0.107015,-0.0122044,0
14.9,7.6,0,0.121872,-0.0116741,0
14.9,7.7,0,0.136724,-0.0114845,0
14.9,7.8,0,0.152666,-0.0106151,0
14.9,7.9,0,0.16858,-0.00979108,0
14.9,8,0,0.1844,-0.00910596,0
14.9,8.1,0,0.20011,-0.00790334,0
14.9,8.2,0,0.215498,-0.00687354,0
14.9,8.3,0,0.230371,-0.00586205,0
14.9,8.4,0,0.244059,-0.00452,0
14.9,8.5,0,0.257347,-0.00343778,0
14.9,8.6,0,0.269581,-0.00232372,0
14.9,8.7,0,0.28006,-0.00105774,0
14.9,8.8,0,0.290247,-9.21743e-05,0
14.9,8.9,0,0.298839,0.000926079,0
14.9,9,0,0.306014,0.00195749,0
14.9,9.1,0,0.31292,0.00271428,0
14.9,9.2,0,0.31804,0.00352297,0
14.9,9.3,0,0.322344,0.00426955,0
14.9,9.4,0,0.326291,0.00482327,0
14.9,9.5,0,0.328909,0.00540095,0
14.9,9.6,0,0.331062,0.00588969,0
14.9,9.7,0,0.332832,0.00625491,0
14.9,9.8,0,0.333825,0.00663955,0
14.9,9.9,0,0.334537,0.00692712,0
14.9,10,0,0.33493,0.00714877,0
14.9,10.1,0,0.334966,0.0073965,0
14.9,10.2,0,0.334789,0.00754105,0
14.9,10.3,0,0.334401,0.00766761,0
14.9,10.4,0,0.333928,0.00782927,0
14.9,10.5,0,0.333233,0.00787467,0
14.9,10.6,0,0.332447,0.00794445,0
14.9,10.7,0,0.331724,0.00805736,0
14.9,10.8,0,0.330735,0.00802955,0
14.9,10.9,0,0.329782,0.00807288,0
14.9,11,0,0.328905,0.00814229,0
14.9,11.1,0,0.327776,0.00806991,0
14.9,11.2,0,0.326776,0.00810567,0
14.9,11.3,0,0.325803,0.00813288,0
14.9,11.4,0,0.324638,0.00804296,0
14.9,11.5,0,0.323649,0.00807343,0
14.9,11.6,0,0.322633,0.00805877,0
14.9,11.7,0,0.321497,0.00795707,0
14.9,11.8,0,0.320584,0.00799124,0
14.9,11.9,0,0.319593,0.00792769,0
14.9,12,0,0.318573,0.00781552,0
14.9,12.1,0,0.317845,0.00785409,0
14.9,12.2,0,0.31699,0.00772286,0
14.9,12.3,0,0.316226,0.00759659,0
14.9,12.4,0,0.315851,0.00764652,0
14.9,12.5,0,0.315293,0.00743097,0
14.9,12.6,0,0.314996,0.00735471,0
14.9,12.7,0,0.31511,0.0075293,0
15,0,0,0.324704,-0.036426,0
15,0.1,0,0.324737,-0.0363516,0
15,0.2,0,0.325446,-0.0365213,0
15,0.3,0,0.326422,-0.0366995,0
15,0.4,0,0.327478,-0.0368231,0
15,0.5,0,0.328677,-0.037013,0
15,0.6,0,0.32998,-0.0370582,0
15,0.7,0,0.331203,-0.0371733,0
15,0.8,0,0.332477,-0.037247,0
15,0.9,0,0.333756,-0.037272,0
15,1,0,0.334847,-0.0373648,0
15,1.1,0,0.33614,-0.037339,0
15,1.2,0,0.337109,-0.0373467,0
15,1.3,0,0.338118,-0.0373234,0
15,1.4,0,0.339087,-0.0372461,0
15,1.5,0,0.339566,-0.0371678,0
15,1.6,0,0.340413,-0.0370272,0
15,1.7,0,0.340467,-0.0368137,0
15,1.8,0,0.340514,-0.0365722,0
15,1.9,0,0.340385,-0.0362624,0
15,2,0,0.339116,-0.0358167,0
15,2.1,0,0.338416,-0.0353859,0
15,2.2,0,0.33603,-0.0347154,0
15,2.3,0,0.333439,-0.0340023,0
15,2.4,0,0.330396,-0.033202,0
15,2.5,0,0.325226,-0.0321035,0
15,2.6,0,0.320644,-0.0310807,0
15,2.7,0,0.313447,-0.0297006,0
15,2.8,0,0.305647,-0.0282591,0
15,2.9,0,0.297135,-0.0267498,0
15,3,0,0.286005,-0.0249179,0
15,3.1,0,0.275,-0.0232013,0
15,3.2,0,0.261731,-0.0212451,0
15,3.3,0,0.247625,-0.0192944,0
15,3.4,0,0.232976,-0.0173926,0
15,3.5,0,0.216985,-0.0153616,0
15,3.6,0,0.20054,-0.0136177,0
15,3.7,0,0.183961,-0.0118224,0
15,3.8,0,0.167052,-0.0102312,0
15,3.9,0,0.150235,-0.00884374,0
15,4,0,0.134228,-0.00734937,0
15,4.1,0,0.11789,-0.00650724,0
15,4.2,0,0.103103,-0.00543565,0
15,4.3,0,0.0886987,-0.00468683,0
15,4.4,0,0.0748685,-0.00421361,0
15,4.5,0,0.0627946,-0.00335761,0
15,4.6,0,0.0506935,-0.00340496,0
15,4.7,0,0.0405345,-0.00295884,0
15,4.8,0,0.0309606,-0.00282529,0
15,4.9,0,0.0225554,-0.00297365,0
15,5,0,0.0176171,-0.00254404,0
15,5.1,0,0.00848266,-0.00267704,0
15,5.2,0,0.00289181,-0.00284543,0
15,5.3,0,-0.00176525,-0.00307631,0
15,5.4,0,-0.00551411,-0.00336591,0
15,5.5,0,-0.00838078,-0.00370919,0
15,5.6,0,-0.0103905,-0.00410137,0
15,5.7,0,-0.0115666,-0.00453794,0
15,5.8,0,-0.0119297,-0.00501419,0
15,5.9,0,-0.0114965,-0.00552509,0
15,6,0,-0.0102793,-0.0060653,0
15,6.1,0,-0.00828532,-0.00662896,0
15,6.2,0,-0.00551608,-0.00720939,0
15,6.3,0,-0.0019673,-0.00779893,0
15,6.4,0,0.00237118,-0.00838902,0
15,6.5,0,0.00751494,-0.00897003,0
15,6.6,0,0.0134841,-0.00953105,0
15,6.7,0,0.020302,-0.0100597,0
15,6.8,0,0.0279927,-0.0105424,0
15,6.9,0,0.0365784,-0.010966,0
15,7,0,0.0505719,-0.0114637,0
15,7.1,0,0.0571683,-0.0120749,0
15,7.2,0,0.0672913,-0.0121311,0
15,7.3,0,0.0800179,-0.0118812,0
15,7.4,0,0.0923924,-0.0122727,0
15,7.5,0,0.106602,-0.0118577,0
15,7.6,0,0.121458,-0.0113274,0
15,7.7,0,0.136046,-0.0112626,0
15,7.8,0,0.151884,-0.0103195,0
15,7.9,0,0.167798,-0.00949543,0
15,8,0,0.183491,-0.00895436,0
15,8.1,0,0.199066,-0.00765574,0
15,8.2,0,0.214455,-0.00662594,0
15,8.3,0,0.229397,-0.00569482,0
15,8.4,0,0.242918,-0.00431727,0
15,8.5,0,0.256206,-0.00323505,0
15,8.6,0,0.268529,-0.0021642,0
15,8.7,0,0.278984,-0.000896525,0
15,8.8,0,0.289171,6.90385e-05,0
15,8.9,0,0.297941,0.00105053,0
15,9,0,0.305116,0.00208194,0
15,9.1,0,0.312022,0.00283873,0
15,9.2,0,0.317364,0.00361613,0
15,9.3,0,0.321668,0.00436271,0
15,9.4,0,0.325756,0.00491154,0
15,9.5,0,0.328442,0.00546678,0
15,9.6,0,0.330596,0.00595552,0
15,9.7,0,0.332576,0.00630913,0
15,9.8,0,0.333528,0.00668018,0
15,9.9,0,0.33424,0.00696775,0
15,10,0,0.33479,0.00716755,0
15,10.1,0,0.33479,0.00741346,0
15,10.2,0,0.334614,0.00755801,0
15,10.3,0,0.334307,0.0076616,0
15,10.4,0,0.333834,0.00782426,0
15,10.5,0,0.33314,0.00786966,0
15,10.6,0,0.332407,0.00791957,0
15,10.7,0,0.331684,0.00803247,0
15,10.8,0,0.330694,0.00800467,0
15,10.9,0,0.329777,0.00803058,0
15,11,0,0.3289,0.00809999,0
15,11.1,0,0.32777,0.00802586,0
15,11.2,0,0.326796,0.00804856,0
15,11.3,0,0.325823,0.00807576,0
15,11.4,0,0.324639,0.00796842,0
15,11.5,0,0.323688,0.0080041,0
15,11.6,0,0.322672,0.00798944,0
15,11.7,0,0.321493,0.00785315,0
15,11.8,0,0.32064,0.0079123,0
15,11.9,0,0.319649,0.00784875,0
15,12,0,0.318593,0.0077061,0
15,12.1,0,0.317917,0.00776829,0
15,12.2,0,0.317062,0.00763705,0
15,12.3,0,0.31629,0.00749749,0
15,12.4,0,0.315936,0.00755646,0
15,12.5,0,0.315379,0.00734091,0
15,12.6,0,0.315087,0.00726312,0
15,12.7,0,0.315201,0.0074377,0
15.1,0,0,0.324861,-0.0361091,0
15.1,0.1,0,0.324953,-0.0360558,0
15.1,0.2,0,0.325588,-0.0361976,0
15.1,0.3,0,0.326564,-0.0363757,0
15.1,0.4,0,0.327607,-0.0364939,0
15.1,0.5,0,0.328786,-0.036675,0
15.1,0.6,0,0.330075,-0.0367234,0
15.1,0.7,0,0.331277,-0.0368181,0
15.1,0.8,0,0.332552,-0.0368918,0
15.1,0.9,0,0.333778,-0.0369045,0
15.1,1,0,0.334878,-0.0369868,0
15.1,1.1,0,0.33613,-0.0369584,0
15.1,1.2,0,0.33708,-0.0369385,0
15.1,1.3,0,0.338089,-0.0369152,0
15.1,1.4,0,0.338939,-0.0368056,0
15.1,1.5,0,0.339447,-0.03672,0
15.1,1.6,0,0.340195,-0.036563,0
15.1,1.7,0,0.34021,-0.0363147,0
15.1,1.8,0,0.340257,-0.0360732,0
15.1,1.9,0,0.33986,-0.0356993,0
15.1,2,0,0.338658,-0.0352541,0
15.1,2.1,0,0.337751,-0.0347873,0
15.1,2.2,0,0.335298,-0.0340788,0
15.1,2.3,0,0.332708,-0.0333657,0
15.1,2.4,0,0.329196,-0.0324754,0
15.1,2.5,0,0.324158,-0.0313897,0
15.1,2.6,0,0.319268,-0.0303214,0
15.1,2.7,0,0.312021,-0.0289196,0
15.1,2.8,0,0.304221,-0.0274781,0
15.1,2.9,0,0.295224,-0.0259063,0
15.1,3,0,0.284278,-0.0240965,0
15.1,3.1,0,0.273037,-0.0223578,0
15.1,3.2,0,0.259853,-0.0204235,0
15.1,3.3,0,0.245747,-0.0184729,0
15.1,3.4,0,0.231026,-0.0165913,0
15.1,3.5,0,0.215171,-0.0145797,0
15.1,3.6,0,0.198764,-0.0128422,0
15.1,3.7,0,0.182418,-0.0110999,0
15.1,3.8,0,0.165508,-0.00950864,0
15.1,3.9,0,0.14908,-0.00815242,0
15.1,4,0,0.133071,-0.00667743,0
15.1,4.1,0,0.116951,-0.0058187,0
15.1,4.2,0,0.102343,-0.0047876,0
15.1,4.3,0,0.087939,-0.00403878,0
15.1,4.4,0,0.0745455,-0.00353009,0
15.1,4.5,0,0.062374,-0.00270923,0
15.1,4.6,0,0.0505021,-0.00270935,0
15.1,4.7,0,0.0403822,-0.00230064,0
15.1,4.8,0,0.0308083,-0.00216709,0
15.1,4.9,0,0.0228706,-0.00225812,0
15.1,5,0,0.017648,-0.00188068,0
15.1,5.1,0,0.00861262,-0.00201451,0
15.1,5.2,0,0.00308782,-0.00218551,0
15.1,5.3,0,-0.00150822,-0.00242086,0
15.1,5.4,0,-0.00520078,-0.00271677,0
15.1,5.5,0,-0.00801573,-0.00306801,0
15.1,5.6,0,-0.00997831,-0.00346958,0
15.1,5.7,0,-0.011112,-0.00391672,0
15.1,5.8,0,-0.0114376,-0.00440447,0
15.1,5.9,0,-0.0109723,-0.00492756,0
15.1,6,0,-0.00972896,-0.00548044,0
15.1,6.1,0,-0.00771535,-0.00605712,0
15.1,6.2,0,-0.00493391,-0.00665077,0
15.1,6.3,0,-0.00138136,-0.00725364,0
15.1,6.4,0,0.00295131,-0.00785712,0
15.1,6.5,0,0.00807846,-0.00845165,0
15.1,6.6,0,0.0140191,-0.00902639,0
15.1,6.7,0,0.0207952,-0.00956906,0
15.1,6.8,0,0.0284303,-0.0100661,0
15.1,6.9,0,0.036946,-0.0105044,0
15.1,7,0,0.0508137,-0.0110243,0
15.1,7.1,0,0.0574575,-0.011628,0
15.1,7.2,0,0.0672612,-0.0117324,0
15.1,7.3,0,0.0799878,-0.0114826,0
15.1,7.4,0,0.0924979,-0.0117913,0
15.1,7.5,0,0.106188,-0.0115109,0
15.1,7.6,0,0.121045,-0.0109806,0
15.1,7.7,0,0.135719,-0.0107761,0
15.1,7.8,0,0.151102,-0.0100238,0
15.1,7.9,0,0.167016,-0.00919977,0
15.1,8,0,0.182551,-0.00852677,0
15.1,8.1,0,0.198023,-0.00740813,0
15.1,8.2,0,0.213411,-0.00637833,0
15.1,8.3,0,0.228057,-0.00540544,0
15.1,8.4,0,0.241777,-0.00411453,0
15.1,8.5,0,0.255065,-0.00303232,0
15.1,8.6,0,0.267282,-0.00198015,0
15.1,8.7,0,0.277909,-0.000735312,0
15.1,8.8,0,0.288095,0.000230251,0
15.1,8.9,0,0.297043,0.00117497,0
15.1,9,0,0.304218,0.00220638,0
15.1,9.1,0,0.311057,0.00296182,0
15.1,9.2,0,0.316687,0.00370929,0
15.1,9.3,0,0.320992,0.00445587,0
15.1,9.4,0,0.324938,0.00499853,0
15.1,9.5,0,0.327976,0.00553261,0
15.1,9.6,0,0.330129,0.00602135,0
15.1,9.7,0,0.33198,0.00636728,0
15.1,9.8,0,0.33323,0.00672081,0
15.1,9.9,0,0.333942,0.00700838,0
15.1,10,0,0.334451,0.00720414,0
15.1,10.1,0,0.334614,0.00743042,0
15.1,10.2,0,0.334438,0.00757498,0
15.1,10.3,0,0.334169,0.00767055,0
15.1,10.4,0,0.33374,0.00781924,0
15.1,10.5,0,0.333046,0.00786464,0
15.1,10.6,0,0.332363,0.00789964,0
15.1,10.7,0,0.331644,0.00800759,0
15.1,10.8,0,0.330654,0.00797978,0
15.1,10.9,0,0.329772,0.00798828,0
15.1,11,0,0.328896,0.00805769,0
15.1,11.1,0,0.327782,0.00798992,0
15.1,11.2,0,0.326817,0.00799145,0
15.1,11.3,0,0.325844,0.00801865,0
15.1,11.4,0,0.324703,0.00793057,0
15.1,11.5,0,0.323727,0.00793478,0
15.1,11.6,0,0.322711,0.00792011,0
15.1,11.7,0,0.321608,0.00781954,0
15.1,11.8,0,0.320696,0.00783336,0
15.1,11.9,0,0.319705,0.00776981,0
15.1,12,0,0.318728,0.00766004,0
15.1,12.1,0,0.317989,0.00768248,0
15.1,12.2,0,0.317134,0.00755124,0
15.1,12.3,0,0.316421,0.00743117,0
15.1,12.4,0,0.316021,0.0074664,0
15.1,12.5,0,0.315464,0.00725085,0
15.1,12.6,0,0.315184,0.00717534,0
15.1,12.7,0,0.315292,0.00734611,0
15.2,0,0,0.325019,-0.0357921,0
15.2,0.1,0,0.325259,-0.0357918,0
15.2,0.2,0,0.32573,-0.0358739,0
15.2,0.3,0,0.326706,-0.036052,0
15.2,0.4,0,0.327764,-0.0361779,0
15.2,0.5,0,0.328896,-0.036337,0
15.2,0.6,0,0.33015,-0.0363934,0
15.2,0.7,0,0.331351,-0.0364629,0
15.2,0.8,0,0.332626,-0.0365366,0
15.2,0.9,0,0.333787,-0.0365528,0
15.2,1,0,0.334909,-0.0366087,0
15.2,1.1,0,0.336058,-0.0365738,0
15.2,1.2,0,0.337051,-0.0365303,0
15.2,1.3,0,0.33806,-0.036507,0
15.2,1.4,0,0.33875,-0.0363763,0
15.2,1.5,0,0.339327,-0.0362721,0
15.2,1.6,0,0.339828,-0.0360743,0
15.2,1.7,0,0.339953,-0.0358157,0
15.2,1.8,0,0.340001,-0.0355742,0
15.2,1.9,0,0.339235,-0.0351354,0
15.2,2,0,0.3382,-0.0346915,0
15.2,2.1,0,0.336777,-0.0341347,0
15.2,2.2,0,0.334567,-0.0334422,0
15.2,2.3,0,0.331976,-0.0327291,0
15.2,2.4,0,0.327797,-0.0317294,0
15.2,2.5,0,0.32309,-0.0306759,0
15.2,2.6,0,0.31743,-0.0294938,0
15.2,2.7,0,0.310595,-0.0281386,0
15.2,2.8,0,0.302796,-0.026697,0
15.2,2.9,0,0.293037,-0.0250298,0
15.2,3,0,0.282551,-0.0232751,0
15.2,3.1,0,0.270718,-0.0214813,0
15.2,3.2,0,0.257975,-0.019602,0
15.2,3.3,0,0.243869,-0.0176514,0
15.2,3.4,0,0.228874,-0.015761,0
15.2,3.5,0,0.213357,-0.0137977,0
15.2,3.6,0,0.197047,-0.0120764,0
15.2,3.7,0,0.180874,-0.0103773,0
15.2,3.8,0,0.163964,-0.0087861,0
15.2,3.9,0,0.147927,-0.00743206,0
15.2,4,0,0.131915,-0.00600549,0
15.2,4.1,0,0.116338,-0.00510527,0
15.2,4.2,0,0.101583,-0.00413955,0
15.2,4.3,0,0.0871793,-0.00339073,0
15.2,4.4,0,0.0743689,-0.00279387,0
15.2,4.5,0,0.0619535,-0.00206084,0
15.2,4.6,0,0.0506544,-0.00194289,0
15.2,4.7,0,0.0402299,-0.00164244,0
15.2,4.8,0,0.030656,-0.00150889,0
15.2,4.9,0,0.0236121,-0.00146432,0
15.2,5,0,0.0176789,-0.00121733,0
15.2,5.1,0,0.00874258,-0.00135199,0
15.2,5.2,0,0.00328383,-0.0015256,0
15.2,5.3,0,-0.0012512,-0.00176541,0
15.2,5.4,0,-0.00488746,-0.00206763,0
15.2,5.5,0,-0.00765069,-0.00242683,0
15.2,5.6,0,-0.00956613,-0.00283779,0
15.2,5.7,0,-0.0106574,-0.00329549,0
15.2,5.8,0,-0.0109455,-0.00379475,0
15.2,5.9,0,-0.0104482,-0.00433003,0
15.2,6,0,-0.0091786,-0.00489559,0
15.2,6.1,0,-0.00714537,-0.00548528,0
15.2,6.2,0,-0.00435174,-0.00609215,0
15.2,6.3,0,-0.000795431,-0.00670835,0
15.2,6.4,0,0.00353143,-0.00732522,0
15.2,6.5,0,0.00864199,-0.00793326,0
15.2,6.6,0,0.014554,-0.00852174,0
15.2,6.7,0,0.0212885,-0.00907839,0
15.2,6.8,0,0.0288679,-0.0095897,0
15.2,6.9,0,0.0373135,-0.0100427,0
15.2,7,0,0.0510556,-0.0105849,0
15.2,7.1,0,0.0587806,-0.0110175,0
15.2,7.2,0,0.0681273,-0.0111935,0
15.2,7.3,0,0.0799578,-0.011084,0
15.2,7.4,0,0.0927867,-0.0111982,0
15.2,7.5,0,0.105972,-0.011095,0
15.2,7.6,0,0.120631,-0.0106339,0
15.2,7.7,0,0.135412,-0.0102561,0
15.2,7.8,0,0.15032,-0.00972817,0
15.2,7.9,0,0.166234,-0.00890411,0
15.2,8,0,0.18161,-0.00809918,0
15.2,8.1,0,0.196979,-0.00716053,0
15.2,8.2,0,0.212357,-0.00612856,0
15.2,8.3,0,0.226623,-0.00507524,0
15.2,8.4,0,0.240636,-0.0039118,0
15.2,8.5,0,0.253716,-0.00281529,0
15.2,8.6,0,0.265632,-0.00174238,0
15.2,8.7,0,0.276833,-0.0005741,0
15.2,8.8,0,0.286629,0.000394621,0
15.2,8.9,0,0.295529,0.00133679,0
15.2,9,0,0.30332,0.00233083,0
15.2,9.1,0,0.309769,0.00307833,0
15.2,9.2,0,0.315684,0.00381495,0
15.2,9.3,0,0.320316,0.00454903,0
15.2,9.4,0,0.324004,0.00508051,0
15.2,9.5,0,0.327438,0.00560092,0
15.2,9.6,0,0.329663,0.00608718,0
15.2,9.7,0,0.331375,0.00642488,0
15.2,9.8,0,0.332933,0.00676144,0
15.2,9.9,0,0.333645,0.00704901,0
15.2,10,0,0.334101,0.0072421,0
15.2,10.1,0,0.334439,0.00744738,0
15.2,10.2,0,0.334262,0.00759244,0
15.2,10.3,0,0.333994,0.00769081,0
15.2,10.4,0,0.333646,0.00781422,0
15.2,10.5,0,0.332969,0.00786449,0
15.2,10.6,0,0.332301,0.00790372,0
15.2,10.7,0,0.331604,0.0079827,0
15.2,10.8,0,0.330658,0.00796864,0
15.2,10.9,0,0.329778,0.00797156,0
15.2,11,0,0.328891,0.00801539,0
15.2,11.1,0,0.327835,0.00796895,0
15.2,11.2,0,0.32685,0.00794907,0
15.2,11.3,0,0.325864,0.00796154,0
15.2,11.4,0,0.324788,0.00790179,0
15.2,11.5,0,0.323767,0.00786651,0
15.2,11.6,0,0.32275,0.00785078,0
15.2,11.7,0,0.321723,0.00778593,0
15.2,11.8,0,0.320752,0.00775441,0
15.2,11.9,0,0.319761,0.00769086,0
15.2,12,0,0.318878,0.00762348,0
15.2,12.1,0,0.318061,0.00759667,0
15.2,12.2,0,0.31724,0.00747991,0
15.2,12.3,0,0.316613,0.00739691,0
15.2,12.4,0,0.316107,0.00737634,0
15.2,12.5,0,0.315643,0.00721737,0
15.2,12.6,0,0.315411,0.00717071,0
15.2,12.7,0,0.315383,0.00725451,0
15.3,0,0,0.325176,-0.0354752,0
15.3,0.1,0,0.325564,-0.0355278,0
15.3,0.2,0,0.326027,-0.0356069,0
15.3,0.3,0,0.326862,-0.0357356,0
15.3,0.4,0,0.327922,-0.0358618,0
15.3,0.5,0,0.329005,-0.035999,0
15.3,0.6,0,0.330224,-0.0360633,0
15.3,0.7,0,0.331426,-0.0361315,0
15.3,0.8,0,0.332638,-0.0361847,0
15.3,0.9,0,0.333795,-0.0362011,0
15.3,1,0,0.334941,-0.0362307,0
15.3,1.1,0,0.335987,-0.0361893,0
15.3,1.2,0,0.336982,-0.0361446,0
15.3,1.3,0,0.337879,-0.0360787,0
15.3,1.4,0,0.338561,-0.0359469,0
15.3,1.5,0,0.339208,-0.0358243,0
15.3,1.6,0,0.339461,-0.0355856,0
15.3,1.7,0,0.339592,-0.0353265,0
15.3,1.8,0,0.339394,-0.0350136,0
15.3,1.9,0,0.33861,-0.0345716,0
15.3,2,0,0.337742,-0.0341289,0
15.3,2.1,0,0.335803,-0.0334821,0
15.3,2.2,0,0.333604,-0.0327904,0
15.3,2.3,0,0.330611,-0.0319886,0
15.3,2.4,0,0.326399,-0.0309834,0
15.3,2.5,0,0.322022,-0.0299621,0
15.3,2.6,0,0.315592,-0.0286662,0
15.3,2.7,0,0.308778,-0.0273133,0
15.3,2.8,0,0.300647,-0.0258253,0
15.3,2.9,0,0.29085,-0.0241533,0
15.3,3,0,0.280824,-0.0224537,0
15.3,3.1,0,0.268399,-0.0206047,0
15.3,3.2,0,0.255678,-0.0187282,0
15.3,3.3,0,0.24173,-0.0168215,0
15.3,3.4,0,0.226721,-0.0149307,0
15.3,3.5,0,0.211543,-0.0130157,0
15.3,3.6,0,0.19533,-0.0113107,0
15.3,3.7,0,0.179165,-0.00961374,0
15.3,3.8,0,0.162792,-0.00806562,0
15.3,3.9,0,0.146774,-0.00671169,0
15.3,4,0,0.130759,-0.00533354,0
15.3,4.1,0,0.115725,-0.00439184,0
15.3,4.2,0,0.100963,-0.00342938,0
15.3,4.3,0,0.0869734,-0.00265891,0
15.3,4.4,0,0.0741922,-0.00205764,0
15.3,4.5,0,0.0615329,-0.00141245,0
15.3,4.6,0,0.0508068,-0.00117644,0
15.3,4.7,0,0.040367,-0.000881396,0
15.3,4.8,0,0.0313529,-0.000721873,0
15.3,4.9,0,0.0243537,-0.000670531,0
15.3,5,0,0.0177098,-0.000553971,0
15.3,5.1,0,0.00887254,-0.000689463,0
15.3,5.2,0,0.00347984,-0.000865679,0
15.3,5.3,0,-0.000994171,-0.00110996,0
15.3,5.4,0,-0.00457414,-0.00141848,0
15.3,5.5,0,-0.00728564,-0.00178565,0
15.3,5.6,0,-0.00915394,-0.00220599,0
15.3,5.7,0,-0.0102028,-0.00267427,0
15.3,5.8,0,-0.0104535,-0.00318504,0
15.3,5.9,0,-0.009924,-0.0037325,0
15.3,6,0,-0.00862824,-0.00431073,0
15.3,6.1,0,-0.00657539,-0.00491344,0
15.3,6.2,0,-0.00376957,-0.00553353,0
15.3,6.3,0,-0.000209497,-0.00616306,0
15.3,6.4,0,0.00411155,-0.00679332,0
15.3,6.5,0,0.00920552,-0.00741488,0
15.3,6.6,0,0.0150889,-0.00801708,0
15.3,6.7,0,0.0217817,-0.00858773,0
15.3,6.8,0,0.0293055,-0.00911335,0
15.3,6.9,0,0.0376811,-0.00958106,0
15.3,7,0,0.0512974,-0.0101454,0
15.3,7.1,0,0.0601036,-0.010407,0
15.3,7.2,0,0.0694503,-0.0105829,0
15.3,7.3,0,0.0799277,-0.0106853,0
15.3,7.4,0,0.0930754,-0.0106051,0
15.3,7.5,0,0.106261,-0.0105019,0
15.3,7.6,0,0.120246,-0.0102415,0
15.3,7.7,0,0.135106,-0.00973618,0
15.3,7.8,0,0.149966,-0.00923084,0
15.3,7.9,0,0.16535,-0.00852339,0
15.3,8,0,0.180669,-0.00767158,0
15.3,8.1,0,0.195989,-0.00681978,0
15.3,8.2,0,0.210923,-0.00579837,0
15.3,8.3,0,0.225189,-0.00474505,0
15.3,8.4,0,0.239455,-0.00369174,0
15.3,8.5,0,0.252066,-0.00257752,0
15.3,8.6,0,0.263982,-0.0015046,0
15.3,8.7,0,0.275757,-0.000412887,0
15.3,8.8,0,0.285059,0.000559832,0
15.3,8.9,0,0.293958,0.001502,0
15.3,9,0,0.302422,0.00245528,0
15.3,9.1,0,0.308482,0.00319485,0
15.3,9.2,0,0.314396,0.00393146,0
15.3,9.3,0,0.319637,0.0046421,0
15.3,9.4,0,0.323071,0.0051625,0
15.3,9.5,0,0.326505,0.00568291,0
15.3,9.6,0,0.329143,0.0061498,0
15.3,9.7,0,0.330771,0.00648249,0
15.3,9.8,0,0.332398,0.00681518,0
15.3,9.9,0,0.333307,0.00708758,0
15.3,10,0,0.333751,0.00728006,0
15.3,10.1,0,0.334195,0.00747254,0
15.3,10.2,0,0.334088,0.0076127,0
15.3,10.3,0,0.33382,0.00771106,0
15.3,10.4,0,0.333552,0.00780943,0
15.3,10.5,0,0.332908,0.00786857,0
15.3,10.6,0,0.33224,0.0079078,0
15.3,10.7,0,0.331563,0.00795782,0
15.3,10.8,0,0.330667,0.00795875,0
15.3,10.9,0,0.329786,0.00796167,0
15.3,11,0,0.328887,0.00797309,0
15.3,11.1,0,0.327887,0.00794798,0
15.3,11.2,0,0.326902,0.0079281,0
15.3,11.3,0,0.325893,0.00790828,0
15.3,11.4,0,0.324872,0.00787301,0
15.3,11.5,0,0.323852,0.00783773,0
15.3,11.6,0,0.322829,0.00779994,0
15.3,11.7,0,0.321837,0.00775232,0
15.3,11.8,0,0.320846,0.0077047,0
15.3,11.9,0,0.319902,0.00765003,0
15.3,12,0,0.319028,0.00758693,0
15.3,12.1,0,0.318154,0.00752382,0
15.3,12.2,0,0.317432,0.00744565,0
15.3,12.3,0,0.316806,0.00736266,0
15.3,12.4,0,0.316192,0.00728628,0
15.3,12.5,0,0.31587,0.00721275,0
15.3,12.6,0,0.315638,0.00716609,0
15.3,12.7,0,0.315474,0.00716292,0
15.4,0,0,0.325318,-0.0351943,0
15.4,0.1,0,0.32571,-0.0352365,0
15.4,0.2,0,0.326173,-0.0353156,0
15.4,0.3,0,0.326973,-0.0354305,0
15.4,0.4,0,0.328033,-0.0355567,0
15.4,0.5,0,0.329092,-0.0356959,0
15.4,0.6,0,0.330296,-0.0357422,0
15.4,0.7,0,0.331498,-0.0358105,0
15.4,0.8,0,0.332664,-0.0358418,0
15.4,0.9,0,0.333822,-0.0358583,0
15.4,1,0,0.334929,-0.0358832,0
15.4,1.1,0,0.335954,-0.0358169,0
15.4,1.2,0,0.336948,-0.0357722,0
15.4,1.3,0,0.337759,-0.0356672,0
15.4,1.4,0,0.338441,-0.0355353,0
15.4,1.5,0,0.339014,-0.0353987,0
15.4,1.6,0,0.339215,-0.035123,0
15.4,1.7,0,0.339345,-0.0348639,0
15.4,1.8,0,0.338964,-0.0344867,0
15.4,1.9,0,0.33818,-0.0340447,0
15.4,2,0,0.337177,-0.0335777,0
15.4,2.1,0,0.335121,-0.0328787,0
15.4,2.2,0,0.332923,-0.032187,0
15.4,2.3,0,0.329615,-0.0313016,0
15.4,2.4,0,0.325402,-0.0302964,0
15.4,2.5,0,0.320845,-0.0292517,0
15.4,2.6,0,0.31425,-0.0278995,0
15.4,2.7,0,0.307435,-0.0265466,0
15.4,2.8,0,0.298993,-0.0249979,0
15.4,2.9,0,0.289197,-0.0233259,0
15.4,3,0,0.27906,-0.0216277,0
15.4,3.1,0,0.266556,-0.0197496,0
15.4,3.2,0,0.253835,-0.0178731,0
15.4,3.3,0,0.239891,-0.0159747,0
15.4,3.4,0,0.224882,-0.0140839,0
15.4,3.5,0,0.209767,-0.0121978,0
15.4,3.6,0,0.193699,-0.0104945,0
15.4,3.7,0,0.177534,-0.00879757,0
15.4,3.8,0,0.161503,-0.0072774,0
15.4,3.9,0,0.145486,-0.00592347,0
15.4,4,0,0.129618,-0.00457176,0
15.4,4.1,0,0.114815,-0.00361126,0
15.4,4.2,0,0.100053,-0.00264881,0
15.4,4.3,0,0.0864106,-0.00186528,0
15.4,4.4,0,0.0736294,-0.00126401,0
15.4,4.5,0,0.0610948,-0.000642756,0
15.4,4.6,0,0.0505378,-0.000361794,0
15.4,4.7,0,0.0400981,-6.67509e-05,0
15.4,4.8,0,0.0313294,0.000107764,0
15.4,4.9,0,0.0243302,0.000159106,0
15.4,5,0,0.0177413,0.000235018,0
15.4,5.1,0,0.00901236,9.86774e-05,0
15.4,5.2,0,0.00369234,-8.00964e-05,0
15.4,5.3,0,-0.000714506,-0.000328649,0
15.4,5.4,0,-0.00423268,-0.000643062,0
15.4,5.5,0,-0.00688775,-0.00101755,0
15.4,5.6,0,-0.008705,-0.00144639,0
15.4,5.7,0,-0.00970828,-0.00192411,0
15.4,5.8,0,-0.00991911,-0.00244505,0
15.4,5.9,0,-0.00935573,-0.00300321,0
15.4,6,0,-0.00803234,-0.00359252,0
15.4,6.1,0,-0.00595865,-0.00420656,0
15.4,6.2,0,-0.0031394,-0.00483821,0
15.4,6.3,0,0.000425894,-0.0054795,0
15.4,6.4,0,0.004743,-0.0061218,0
15.4,6.5,0,0.00982279,-0.00675578,0
15.4,6.6,0,0.0156807,-0.00737095,0
15.4,6.7,0,0.0223354,-0.00795527,0
15.4,6.8,0,0.0298078,-0.00849546,0
15.4,6.9,0,0.038118,-0.00897877,0
15.4,7,0,0.0516155,-0.00956772,0
15.4,7.1,0,0.0603399,-0.00982712,0
15.4,7.2,0,0.0696867,-0.0100031,0
15.4,7.3,0,0.079839,-0.0101676,0
15.4,7.4,0,0.0929418,-0.0100911,0
15.4,7.5,0,0.106127,-0.00998792,0
15.4,7.6,0,0.119704,-0.00980058,0
15.4,7.7,0,0.134564,-0.00929523,0
15.4,7.8,0,0.149424,-0.00878988,0
15.4,7.9,0,0.164464,-0.00815299,0
15.4,8,0,0.179784,-0.00730118,0
15.4,8.1,0,0.195103,-0.00644937,0
15.4,8.2,0,0.209848,-0.0054902,0
15.4,8.3,0,0.224114,-0.00443689,0
15.4,8.4,0,0.23838,-0.00338358,0
15.4,8.5,0,0.250981,-0.00232542,0
15.4,8.6,0,0.262897,-0.00125251,0
15.4,8.7,0,0.274705,-0.000179385,0
15.4,8.8,0,0.28411,0.000762117,0
15.4,8.9,0,0.293009,0.00170428,0
15.4,9,0,0.301602,0.00262216,0
15.4,9.1,0,0.307746,0.0033551,0
15.4,9.2,0,0.313661,0.00409171,0
15.4,9.3,0,0.319127,0.00476535,0
15.4,9.4,0,0.322561,0.00528575,0
15.4,9.5,0,0.325995,0.00580616,0
15.4,9.6,0,0.328825,0.00623994,0
15.4,9.7,0,0.330453,0.00657263,0
15.4,9.8,0,0.332081,0.00690532,0
15.4,9.9,0,0.333134,0.00714814,0
15.4,10,0,0.333578,0.00734061,0
15.4,10.1,0,0.334022,0.00753309,0
15.4,10.2,0,0.334016,0.00764737,0
15.4,10.3,0,0.333748,0.00774573,0
15.4,10.4,0,0.33348,0.0078441,0
15.4,10.5,0,0.332901,0.00788149,0
15.4,10.6,0,0.332233,0.00792071,0
15.4,10.7,0,0.331543,0.0079503,0
15.4,10.8,0,0.330703,0.00795429,0
15.4,10.9,0,0.329822,0.00795721,0
15.4,11,0,0.328922,0.0079472,0
15.4,11.1,0,0.327953,0.00793053,0
15.4,11.2,0,0.326968,0.00791065,0
15.4,11.3,0,0.325979,0.00788203,0
15.4,11.4,0,0.324958,0.00784675,0
15.4,11.5,0,0.323938,0.00781148,0
15.4,11.6,0,0.322931,0.00776865,0
15.4,11.7,0,0.32194,0.00772103,0
15.4,11.8,0,0.320948,0.00767341,0
15.4,11.9,0,0.320018,0.00761724,0
15.4,12,0,0.319144,0.00755413,0
15.4,12.1,0,0.31827,0.00749103,0
15.4,12.2,0,0.317561,0.00741545,0
15.4,12.3,0,0.316934,0.00733246,0
15.4,12.4,0,0.316308,0.00724311,0
15.4,12.5,0,0.316006,0.00718978,0
15.4,12.6,0,0.315774,0.00714312,0
15.4,12.7,0,0.315552,0.00707662,0
15.5,0,0,0.325445,-0.0349495,0
15.5,0.1,0,0.325697,-0.034918,0
15.5,0.2,0,0.326166,-0.0350004,0
15.5,0.3,0,0.327041,-0.0351385,0
15.5,0.4,0,0.328098,-0.0352627,0
15.5,0.5,0,0.329154,-0.0354277,0
15.5,0.6,0,0.330366,-0.0354302,0
15.5,0.7,0,0.331564,-0.0354996,0
15.5,0.8,0,0.332707,-0.0355101,0
15.5,0.9,0,0.333866,-0.0355243,0
15.5,1,0,0.334873,-0.0355661,0
15.5,1.1,0,0.335958,-0.0354568,0
15.5,1.2,0,0.336946,-0.0354124,0
15.5,1.3,0,0.337705,-0.0352754,0
15.5,1.4,0,0.338391,-0.0351416,0
15.5,1.5,0,0.338746,-0.0349952,0
15.5,1.6,0,0.339089,-0.0346865,0
15.5,1.7,0,0.339204,-0.0344259,0
15.5,1.8,0,0.338718,-0.033998,0
15.5,1.9,0,0.337945,-0.0335547,0
15.5,2,0,0.336503,-0.033038,0
15.5,2.1,0,0.334732,-0.0323244,0
15.5,2.2,0,0.332505,-0.0316292,0
15.5,2.3,0,0.329002,-0.0306738,0
15.5,2.4,0,0.324808,-0.0296684,0
15.5,2.5,0,0.31956,-0.0285445,0
15.5,2.6,0,0.313403,-0.0271937,0
15.5,2.7,0,0.306551,-0.0258371,0
15.5,2.8,0,0.297849,-0.0242196,0
15.5,2.9,0,0.288076,-0.0225476,0
15.5,3,0,0.277258,-0.0207972,0
15.5,3.1,0,0.265188,-0.0189158,0
15.5,3.2,0,0.252442,-0.0170383,0
15.5,3.3,0,0.238348,-0.0151121,0
15.5,3.4,0,0.223356,-0.0132208,0
15.5,3.5,0,0.208029,-0.0113441,0
15.5,3.6,0,0.192152,-0.00962791,0
15.5,3.7,0,0.175991,-0.0079319,0
15.5,3.8,0,0.160076,-0.00642171,0
15.5,3.9,0,0.144061,-0.00506739,0
15.5,4,0,0.128492,-0.00372012,0
15.5,4.1,0,0.113609,-0.00276355,0
15.5,4.2,0,0.0988683,-0.00180006,0
15.5,4.3,0,0.0854704,-0.00101338,0
15.5,4.4,0,0.0726805,-0.000412974,0
15.5,4.5,0,0.0606392,0.000248243,0
15.5,4.6,0,0.0498476,0.000501042,0
15.5,4.7,0,0.0394336,0.000798364,0
15.5,4.8,0,0.0305714,0.000975392,0
15.5,4.9,0,0.0235415,0.00102459,0
15.5,5,0,0.0177732,0.00114964,0
15.5,5.1,0,0.00916204,0.00101243,0
15.5,5.2,0,0.00392132,0.000831151,0
15.5,5.3,0,-0.000412201,0.000578529,0
15.5,5.4,0,-0.0038631,0.000258634,0
15.5,5.5,0,-0.00645701,-0.000122523,0
15.5,5.6,0,-0.00821931,-0.00055897,0
15.5,5.7,0,-0.00917393,-0.00104501,0
15.5,5.8,0,-0.00934249,-0.00157479,0
15.5,5.9,0,-0.00874334,-0.00214216,0
15.5,6,0,-0.0073909,-0.00274094,0
15.5,6.1,0,-0.00529514,-0.00336464,0
15.5,6.2,0,-0.00246123,-0.00400617,0
15.5,6.3,0,0.00111074,-0.00465767,0
15.5,6.4,0,0.00542578,-0.00531066,0
15.5,6.5,0,0.0104938,-0.00595597,0
15.5,6.6,0,0.0163292,-0.00658333,0
15.5,6.7,0,0.0229497,-0.00718102,0
15.5,6.8,0,0.0303749,-0.00773604,0
15.5,6.9,0,0.0386242,-0.00823583,0
15.5,7,0,0.0520098,-0.00885171,0
15.5,7.1,0,0.0594896,-0.00927796,0
15.5,7.2,0,0.0688363,-0.00945394,0
15.5,7.3,0,0.0799809,-0.00950673,0
15.5,7.4,0,0.0923859,-0.00965617,0
15.5,7.5,0,0.105571,-0.00955297,0
15.5,7.6,0,0.119329,-0.00927728,0
15.5,7.7,0,0.133785,-0.00893329,0
15.5,7.8,0,0.148663,-0.00841473,0
15.5,7.9,0,0.163714,-0.00777593,0
15.5,8,0,0.178954,-0.00698795,0
15.5,8.1,0,0.194246,-0.00609055,0
15.5,8.2,0,0.209131,-0.00520407,0
15.5,8.3,0,0.223397,-0.00415076,0
15.5,8.4,0,0.237414,-0.00305792,0
15.5,8.5,0,0.250462,-0.002059,0
15.5,8.6,0,0.262377,-0.00098609,0
15.5,8.7,0,0.273746,8.78896e-05,0
15.5,8.8,0,0.283781,0.00100148,0
15.5,8.9,0,0.29268,0.00194364,0
15.5,9,0,0.300803,0.00283602,0
15.5,9.1,0,0.307564,0.00355907,0
15.5,9.2,0,0.313478,0.00429568,0
15.5,9.3,0,0.318539,0.00493361,0
15.5,9.4,0,0.322473,0.00545026,0
15.5,9.5,0,0.325907,0.00597067,0
15.5,9.6,0,0.328573,0.00636536,0
15.5,9.7,0,0.330423,0.0066953,0
15.5,9.8,0,0.332004,0.00702038,0
15.5,9.9,0,0.333085,0.00723268,0
15.5,10,0,0.333584,0.00742375,0
15.5,10.1,0,0.333949,0.00759877,0
15.5,10.2,0,0.334045,0.00769645,0
15.5,10.3,0,0.333777,0.00779481,0
15.5,10.4,0,0.333427,0.0078675,0
15.5,10.5,0,0.33295,0.00790324,0
15.5,10.6,0,0.332282,0.00794246,0
15.5,10.7,0,0.331532,0.00794619,0
15.5,10.8,0,0.330768,0.00795526,0
15.5,10.9,0,0.329887,0.00795818,0
15.5,11,0,0.328936,0.00792023,0
15.5,11.1,0,0.328031,0.00791661,0
15.5,11.2,0,0.327046,0.00789673,0
15.5,11.3,0,0.326015,0.00783963,0
15.5,11.4,0,0.325045,0.00782302,0
15.5,11.5,0,0.324025,0.00778775,0
15.5,11.6,0,0.322996,0.007725,0
15.5,11.7,0,0.322029,0.00769208,0
15.5,11.8,0,0.321023,0.00763001,0
15.5,11.9,0,0.320097,0.00758411,0
15.5,12,0,0.319227,0.0075251,0
15.5,12.1,0,0.318334,0.00742721,0
15.5,12.2,0,0.317626,0.00738931,0
15.5,12.3,0,0.316999,0.00730632,0
15.5,12.4,0,0.316371,0.00716328,0
15.5,12.5,0,0.316051,0.00714847,0
15.5,12.6,0,0.315819,0.00710182,0
15.5,12.7,0,0.315618,0.00699562,0
15.6,0,0,0.325573,-0.0347047,0
15.6,0.1,0,0.325683,-0.0345995,0
15.6,0.2,0,0.326273,-0.0347483,0
15.6,0.3,0,0.327148,-0.0348864,0
15.6,0.4,0,0.328163,-0.0349686,0
15.6,0.5,0,0.329217,-0.0351596,0
15.6,0.6,0,0.330435,-0.0351182,0
15.6,0.7,0,0.331574,-0.0352107,0
15.6,0.8,0,0.332717,-0.0352211,0
15.6,0.9,0,0.33391,-0.0351903,0
15.6,1,0,0.334818,-0.0352491,0
15.6,1.1,0,0.335963,-0.0350967,0
15.6,1.2,0,0.336802,-0.0350579,0
15.6,1.3,0,0.337561,-0.0349209,0
15.6,1.4,0,0.338341,-0.0347479,0
15.6,1.5,0,0.338479,-0.0345917,0
15.6,1.6,0,0.338963,-0.03425,0
15.6,1.7,0,0.338763,-0.0339606,0
15.6,1.8,0,0.338277,-0.0335327,0
15.6,1.9,0,0.33771,-0.0330648,0
15.6,2,0,0.335829,-0.0324983,0
15.6,2.1,0,0.334343,-0.03177,0
15.6,2.2,0,0.331542,-0.0310062,0
15.6,2.3,0,0.328038,-0.0300508,0
15.6,2.4,0,0.324213,-0.0290403,0
15.6,2.5,0,0.318274,-0.0278374,0
15.6,2.6,0,0.312556,-0.0264879,0
15.6,2.7,0,0.304963,-0.0250569,0
15.6,2.8,0,0.296261,-0.0234394,0
15.6,2.9,0,0.286955,-0.0217694,0
15.6,3,0,0.275456,-0.0199667,0
15.6,3.1,0,0.26382,-0.018082,0
15.6,3.2,0,0.250582,-0.0161853,0
15.6,3.3,0,0.236488,-0.0142591,0
15.6,3.4,0,0.22183,-0.0123576,0
15.6,3.5,0,0.206291,-0.0104904,0
15.6,3.6,0,0.190606,-0.00876132,0
15.6,3.7,0,0.174522,-0.00708369,0
15.6,3.8,0,0.158607,-0.00557351,0
15.6,3.9,0,0.142636,-0.00421131,0
15.6,4,0,0.127366,-0.00286849,0
15.6,4.1,0,0.112402,-0.00191585,0
15.6,4.2,0,0.0980927,-0.0009316,0
15.6,4.3,0,0.0846948,-0.000144913,0
15.6,4.4,0,0.0717315,0.000438062,0
15.6,4.5,0,0.0601835,0.00113924,0
15.6,4.6,0,0.0491573,0.00136388,0
15.6,4.7,0,0.0392578,0.00170677,0
15.6,4.8,0,0.0303957,0.0018838,0
15.6,4.9,0,0.0227529,0.00189007,0
15.6,5,0,0.0178052,0.00206426,0
15.6,5.1,0,0.00931171,0.00192619,0
15.6,5.2,0,0.0041503,0.0017424,0
15.6,5.3,0,-0.000109895,0.00148571,0
15.6,5.4,0,-0.00349352,0.00116033,0
15.6,5.5,0,-0.00602627,0.000772502,0
15.6,5.6,0,-0.00773362,0.000328446,0
15.6,5.7,0,-0.00863958,-0.000165908,0
15.6,5.8,0,-0.00876586,-0.000704525,0
15.6,5.9,0,-0.00813096,-0.00128111,0
15.6,6,0,-0.00674946,-0.00188936,0
15.6,6.1,0,-0.00463164,-0.00252273,0
15.6,6.2,0,-0.00178306,-0.00317414,0
15.6,6.3,0,0.00179559,-0.00383584,0
15.6,6.4,0,0.00610856,-0.00449951,0
15.6,6.5,0,0.0111648,-0.00515615,0
15.6,6.6,0,0.0169777,-0.00579571,0
15.6,6.7,0,0.0235639,-0.00640677,0
15.6,6.8,0,0.0309419,-0.00697661,0
15.6,6.9,0,0.0391304,-0.0074929,0
15.6,7,0,0.0524041,-0.00813571,0
15.6,7.1,0,0.0586393,-0.0087288,0
15.6,7.2,0,0.0683211,-0.00886706,0
15.6,7.3,0,0.0801227,-0.00884588,0
15.6,7.4,0,0.09183,-0.00922122,0
15.6,7.5,0,0.10525,-0.00901301,0
15.6,7.6,0,0.119099,-0.00869634,0
15.6,7.7,0,0.133007,-0.00857135,0
15.6,7.8,0,0.148057,-0.00792182,0
15.6,7.9,0,0.163108,-0.00728302,0
15.6,8,0,0.178124,-0.00667473,0
15.6,8.1,0,0.193361,-0.00568281,0
15.6,8.2,0,0.20825,-0.00479953,0
15.6,8.3,0,0.222681,-0.00386462,0
15.6,8.4,0,0.236409,-0.00272604,0
15.6,8.5,0,0.249655,-0.00175383,0
15.6,8.6,0,0.261858,-0.000719672,0
15.6,8.7,0,0.272786,0.000355164,0
15.6,8.8,0,0.28332,0.00124671,0
15.6,8.9,0,0.292313,0.00218088,0
15.6,9,0,0.300004,0.00304987,0
15.6,9.1,0,0.307381,0.00376305,0
15.6,9.2,0,0.313105,0.00448307,0
15.6,9.3,0,0.317948,0.00510191,0
15.6,9.4,0,0.322385,0.00561477,0
15.6,9.5,0,0.32556,0.00610359,0
15.6,9.6,0,0.328179,0.00649255,0
15.6,9.7,0,0.330393,0.00681797,0
15.6,9.8,0,0.331768,0.0071097,0
15.6,9.9,0,0.332849,0.007322,0
15.6,10,0,0.333589,0.00750689,0
15.6,10.1,0,0.333824,0.00765327,0
15.6,10.2,0,0.333945,0.00775011,0
15.6,10.3,0,0.333807,0.00784389,0
15.6,10.4,0,0.333374,0.00789067,0
15.6,10.5,0,0.332951,0.00792565,0
15.6,10.6,0,0.332331,0.00796422,0
15.6,10.7,0,0.331521,0.00794209,0
15.6,10.8,0,0.330826,0.00795581,0
15.6,10.9,0,0.329941,0.00795327,0
15.6,11,0,0.32895,0.00789326,0
15.6,11.1,0,0.328108,0.00790269,0
15.6,11.2,0,0.327094,0.00786421,0
15.6,11.3,0,0.326044,0.00779429,0
15.6,11.4,0,0.325133,0.0077993,0
15.6,11.5,0,0.324066,0.00772927,0
15.6,11.6,0,0.323035,0.00766559,0
15.6,11.7,0,0.322119,0.00766312,0
15.6,11.8,0,0.321071,0.00756039,0
15.6,11.9,0,0.320145,0.00751449,0
15.6,12,0,0.31931,0.00749606,0
15.6,12.1,0,0.318391,0.00735097,0
15.6,12.2,0,0.317685,0.00732714,0
15.6,12.3,0,0.317065,0.00728018,0
15.6,12.4,0,0.316435,0.00708345,0
15.6,12.5,0,0.316102,0.00709416,0
15.6,12.6,0,0.315863,0.00706051,0
15.6,12.7,0,0.315684,0.00691461,0
15.7,0,0,0.3257,-0.0344598,0
15.7,0.1,0,0.325754,-0.0343252,0
15.7,0.2,0,0.32638,-0.0344962,0
15.7,0.3,0,0.327255,-0.0346343,0
15.7,0.4,0,0.328227,-0.0346901,0
15.7,0.5,0,0.32928,-0.0348914,0
15.7,0.6,0,0.3305,-0.0348325,0
15.7,0.7,0,0.331584,-0.0349217,0
15.7,0.8,0,0.332727,-0.0349322,0
15.7,0.9,0,0.333895,-0.0348664,0
15.7,1,0,0.334763,-0.0349321,0
15.7,1.1,0,0.335932,-0.0347624,0
15.7,1.2,0,0.336658,-0.0347033,0
15.7,1.3,0,0.337417,-0.0345663,0
15.7,1.4,0,0.338161,-0.0343483,0
15.7,1.5,0,0.338211,-0.0341883,0
15.7,1.6,0,0.338752,-0.0338333,0
15.7,1.7,0,0.338321,-0.0334953,0
15.7,1.8,0,0.337836,-0.0330674,0
15.7,1.9,0,0.337211,-0.032545,0
15.7,2,0,0.335155,-0.0319586,0
15.7,2.1,0,0.333783,-0.0312245,0
15.7,2.2,0,0.330578,-0.0303831,0
15.7,2.3,0,0.327075,-0.0294278,0
15.7,2.4,0,0.323204,-0.0283649,0
15.7,2.5,0,0.316989,-0.0271303,0
15.7,2.6,0,0.311446,-0.0257813,0
15.7,2.7,0,0.303375,-0.0242767,0
15.7,2.8,0,0.294672,-0.0226592,0
15.7,2.9,0,0.285425,-0.0209598,0
15.7,3,0,0.273654,-0.0191362,0
15.7,3.1,0,0.262192,-0.0172501,0
15.7,3.2,0,0.248722,-0.0153324,0
15.7,3.3,0,0.234628,-0.0134061,0
15.7,3.4,0,0.220177,-0.0115001,0
15.7,3.5,0,0.204553,-0.00963662,0
15.7,3.6,0,0.188944,-0.00790243,0
15.7,3.7,0,0.173053,-0.00623548,0
15.7,3.8,0,0.157138,-0.0047253,0
15.7,3.9,0,0.14139,-0.0033579,0
15.7,4,0,0.126241,-0.00201686,0
15.7,4.1,0,0.111244,-0.00106578,0
15.7,4.2,0,0.0973171,-6.31367e-05,0
15.7,4.3,0,0.0839192,0.000723551,0
15.7,4.4,0,0.0710786,0.00131308,0
15.7,4.5,0,0.0597279,0.00203024,0
15.7,4.6,0,0.0486079,0.00224361,0
15.7,4.7,0,0.0390821,0.00261518,0
15.7,4.8,0,0.03022,0.00279221,0
15.7,4.9,0,0.0224566,0.00278503,0
15.7,5,0,0.0178372,0.00297888,0
15.7,5.1,0,0.00946139,0.00283994,0
15.7,5.2,0,0.00437929,0.00265365,0
15.7,5.3,0,0.00019241,0.00239288,0
15.7,5.4,0,-0.00312393,0.00206203,0
15.7,5.5,0,-0.00559553,0.00166753,0
15.7,5.6,0,-0.00724792,0.00121586,0
15.7,5.7,0,-0.00810523,0.000713192,0
15.7,5.8,0,-0.00818924,0.000165736,0
15.7,5.9,0,-0.00751857,-0.000420062,0
15.7,6,0,-0.00610802,-0.00103778,0
15.7,6.1,0,-0.00396813,-0.00168082,0
15.7,6.2,0,-0.00110489,-0.00234211,0
15.7,6.3,0,0.00248044,-0.00301402,0
15.7,6.4,0,0.00679133,-0.00368837,0
15.7,6.5,0,0.0118359,-0.00435633,0
15.7,6.6,0,0.0176263,-0.0050081,0
15.7,6.7,0,0.0241781,-0.00563252,0
15.7,6.8,0,0.031509,-0.00621719,0
15.7,6.9,0,0.0396366,-0.00674996,0
15.7,7,0,0.0527983,-0.0074197,0
15.7,7.1,0,0.058979,-0.00802011,0
15.7,7.2,0,0.0684629,-0.00820622,0
15.7,7.3,0,0.0802645,-0.00818504,0
15.7,7.4,0,0.091675,-0.00865648,0
15.7,7.5,0,0.105019,-0.00843208,0
15.7,7.6,0,0.118868,-0.0081154,0
15.7,7.7,0,0.132335,-0.00816715,0
15.7,7.8,0,0.147451,-0.00742891,0
15.7,7.9,0,0.162503,-0.00679011,0
15.7,8,0,0.177294,-0.00636151,0
15.7,8.1,0,0.192475,-0.00527508,0
15.7,8.2,0,0.207364,-0.0043918,0
15.7,8.3,0,0.221872,-0.00356384,0
15.7,8.4,0,0.235405,-0.00239416,0
15.7,8.5,0,0.24865,-0.00142195,0
15.7,8.6,0,0.261029,-0.000452653,0
15.7,8.7,0,0.271827,0.000622439,0
15.7,8.8,0,0.28236,0.00151399,0
15.7,8.9,0,0.291514,0.00239473,0
15.7,9,0,0.299205,0.00326372,0
15.7,9.1,0,0.306687,0.00397521,0
15.7,9.2,0,0.312513,0.00465137,0
15.7,9.3,0,0.317356,0.0052702,0
15.7,9.4,0,0.322072,0.00578098,0
15.7,9.5,0,0.325166,0.00623078,0
15.7,9.6,0,0.327785,0.00661974,0
15.7,9.7,0,0.330339,0.00694093,0
15.7,9.8,0,0.331532,0.00719902,0
15.7,9.9,0,0.332613,0.00741133,0
15.7,10,0,0.333586,0.00758814,0
15.7,10.1,0,0.333699,0.00770777,0
15.7,10.2,0,0.33382,0.00780461,0
15.7,10.3,0,0.3338,0.00788138,0
15.7,10.4,0,0.333321,0.00791384,0
15.7,10.5,0,0.332898,0.00794883,0
15.7,10.6,0,0.33233,0.00796454,0
15.7,10.7,0,0.331511,0.00793798,0
15.7,10.8,0,0.330816,0.00795171,0
15.7,10.9,0,0.329955,0.00792631,0
15.7,11,0,0.328964,0.0078663,0
15.7,11.1,0,0.328142,0.00787961,0
15.7,11.2,0,0.327123,0.00781888,0
15.7,11.3,0,0.326073,0.00774895,0
15.7,11.4,0,0.325201,0.00776865,0
15.7,11.5,0,0.324105,0.00766986,0
15.7,11.6,0,0.323074,0.00760617,0
15.7,11.7,0,0.322209,0.00763417,0
15.7,11.8,0,0.321119,0.00749077,0
15.7,11.9,0,0.320193,0.00744487,0
15.7,12,0,0.319387,0.00745791,0
15.7,12.1,0,0.318447,0.00727473,0
15.7,12.2,0,0.317742,0.0072509,0
15.7,12.3,0,0.317129,0.00722319,0
15.7,12.4,0,0.316498,0.00700361,0
15.7,12.5,0,0.316165,0.00701432,0
15.7,12.6,0,0.315928,0.00698125,0
15.7,12.7,0,0.31575,0.00683361,0
15.8,0,0,0.325827,-0.034215,0
15.8,0.1,0,0.3259,-0.0340903,0
15.8,0.2,0,0.326487,-0.0342441,0
15.8,0.3,0,0.327362,-0.0343822,0
15.8,0.4,0,0.328296,-0.0344282,0
15.8,0.5,0,0.329343,-0.0346232,0
15.8,0.6,0,0.330554,-0.0345677,0
15.8,0.7,0,0.331594,-0.0346328,0
15.8,0.8,0,0.332737,-0.0346432,0
15.8,0.9,0,0.333834,-0.0345562,0
15.8,1,0,0.334707,-0.034615,0
15.8,1.1,0,0.335854,-0.0344462,0
15.8,1.2,0,0.336515,-0.0343488,0
15.8,1.3,0,0.337274,-0.0342118,0
15.8,1.4,0,0.337879,-0.0339507,0
15.8,1.5,0,0.337943,-0.0337848,0
15.8,1.6,0,0.338437,-0.0334255,0
15.8,1.7,0,0.33788,-0.03303,0
15.8,1.8,0,0.337395,-0.0326021,0
15.8,1.9,0,0.336506,-0.032009,0
15.8,2,0,0.334481,-0.0314189,0
15.8,2.1,0,0.333023,-0.0306745,0
15.8,2.2,0,0.329615,-0.0297601,0
15.8,2.3,0,0.326111,-0.0288047,0
15.8,2.4,0,0.321863,-0.0276585,0
15.8,2.5,0,0.315704,-0.0264232,0
15.8,2.6,0,0.310049,-0.0250631,0
15.8,2.7,0,0.301786,-0.0234966,0
15.8,2.8,0,0.293084,-0.021879,0
15.8,2.9,0,0.283554,-0.020129,0
15.8,3,0,0.271853,-0.0183056,0
15.8,3.1,0,0.260316,-0.0164167,0
15.8,3.2,0,0.246862,-0.0144794,0
15.8,3.3,0,0.232768,-0.0125531,0
15.8,3.4,0,0.218389,-0.0106478,0
15.8,3.5,0,0.202815,-0.00878288,0
15.8,3.6,0,0.187218,-0.00705145,0
15.8,3.7,0,0.171584,-0.00538728,0
15.8,3.8,0,0.155669,-0.00387709,0
15.8,3.9,0,0.140258,-0.00250745,0
15.8,4,0,0.125115,-0.00116522,0
15.8,4.1,0,0.110183,-0.000211035,0
15.8,4.2,0,0.0965415,0.000805327,0
15.8,4.3,0,0.0831436,0.00159201,0
15.8,4.4,0,0.0706489,0.00220669,0
15.8,4.5,0,0.0592722,0.00292124,0
15.8,4.6,0,0.0482294,0.00314145,0
15.8,4.7,0,0.0389064,0.00352359,0
15.8,4.8,0,0.0300442,0.00370061,0
15.8,4.9,0,0.0225806,0.0037061,0
15.8,5,0,0.0178692,0.00389351,0
15.8,5.1,0,0.00961107,0.0037537,0
15.8,5.2,0,0.00460827,0.00356489,0
15.8,5.3,0,0.000494716,0.00330006,0
15.8,5.4,0,-0.00275435,0.00296372,0
15.8,5.5,0,-0.00516479,0.00256255,0
15.8,5.6,0,-0.00676223,0.00210328,0
15.8,5.7,0,-0.00757087,0.00159229,0
15.8,5.8,0,-0.00761261,0.001036,0
15.8,5.9,0,-0.00690619,0.000440987,0
15.8,6,0,-0.00546657,-0.000186198,0
15.8,6.1,0,-0.00330462,-0.000838904,0
15.8,6.2,0,-0.000426724,-0.00151007,0
15.8,6.3,0,0.00316528,-0.00219219,0
15.8,6.4,0,0.00747411,-0.00287722,0
15.8,6.5,0,0.0125069,-0.00355652,0
15.8,6.6,0,0.0182748,-0.00422048,0
15.8,6.7,0,0.0247924,-0.00485827,0
15.8,6.8,0,0.0320761,-0.00545777,0
15.8,6.9,0,0.0401429,-0.00600703,0
15.8,7,0,0.0531926,-0.0067037,0
15.8,7.1,0,0.0593732,-0.0073041,0
15.8,7.2,0,0.0686047,-0.00754537,0
15.8,7.3,0,0.0804063,-0.00752419,0
15.8,7.4,0,0.0918739,-0.00797002,0
15.8,7.5,0,0.104789,-0.00785114,0
15.8,7.6,0,0.118638,-0.00753447,0
15.8,7.7,0,0.1322,-0.00751326,0
15.8,7.8,0,0.146846,-0.006936,0
15.8,7.9,0,0.161897,-0.0062972,0
15.8,8,0,0.176593,-0.00581378,0
15.8,8.1,0,0.191589,-0.00486734,0
15.8,8.2,0,0.206478,-0.00398406,0
15.8,8.3,0,0.220794,-0.0031797,0
15.8,8.4,0,0.2344,-0.00206228,0
15.8,8.5,0,0.247645,-0.00109007,0
15.8,8.6,0,0.260046,-0.00018222,0
15.8,8.7,0,0.270868,0.000889714,0
15.8,8.8,0,0.281401,0.00178126,0
15.8,8.9,0,0.290715,0.00260858,0
15.8,9,0,0.298406,0.00347758,0
15.8,9.1,0,0.305888,0.00418906,0
15.8,9.2,0,0.311921,0.00481967,0
15.8,9.3,0,0.316764,0.0054385,0
15.8,9.4,0,0.321387,0.00593798,0
15.8,9.5,0,0.324772,0.00635796,0
15.8,9.6,0,0.327391,0.00674693,0
15.8,9.7,0,0.329804,0.0070453,0
15.8,9.8,0,0.331296,0.00728834,0
15.8,9.9,0,0.332377,0.00750065,0
15.8,10,0,0.333296,0.00764687,0
15.8,10.1,0,0.333575,0.00776227,0
15.8,10.2,0,0.333695,0.00785911,0
15.8,10.3,0,0.3337,0.00790619,0
15.8,10.4,0,0.333267,0.00793702,0
15.8,10.5,0,0.332845,0.007972,0
15.8,10.6,0,0.332319,0.00796043,0
15.8,10.7,0,0.3315,0.00793388,0
15.8,10.8,0,0.330805,0.0079476,0
15.8,10.9,0,0.329969,0.00789934,0
15.8,11,0,0.328978,0.00783933,0
15.8,11.1,0,0.328153,0.00785113,0
15.8,11.2,0,0.327152,0.00777354,0
15.8,11.3,0,0.326102,0.00770362,0
15.8,11.4,0,0.325209,0.00770797,0
15.8,11.5,0,0.324144,0.00761044,0
15.8,11.6,0,0.323114,0.00754675,0
15.8,11.7,0,0.322217,0.00754363,0
15.8,11.8,0,0.321167,0.00742115,0
15.8,11.9,0,0.320241,0.00737525,0
15.8,12,0,0.319425,0.00735907,0
15.8,12.1,0,0.318504,0.00719849,0
15.8,12.2,0,0.317798,0.00717466,0
15.8,12.3,0,0.317191,0.00713457,0
15.8,12.4,0,0.316561,0.00692378,0
15.8,12.5,0,0.316229,0.00693449,0
15.8,12.6,0,0.315994,0.00690025,0
15.8,12.7,0,0.315816,0.00675261,0
15.9,0,0,0.325955,-0.0339702,0
15.9,0.1,0,0.326148,-0.0339119,0
15.9,0.2,0,0.326594,-0.033992,0
15.9,0.3,0,0.327469,-0.0341301,0
15.9,0.4,0,0.328401,-0.0342019,0
15.9,0.5,0,0.329406,-0.034355,0
15.9,0.6,0,0.330558,-0.0343226,0
15.9,0.7,0,0.331604,-0.0343438,0
15.9,0.8,0,0.332748,-0.0343543,0
15.9,0.9,0,0.333745,-0.0342842,0
15.9,1,0,0.334652,-0.034298,0
15.9,1.1,0,0.33565,-0.0341348,0
15.9,1.2,0,0.336371,-0.0339943,0
15.9,1.3,0,0.33713,-0.0338573,0
15.9,1.4,0,0.337518,-0.0335865,0
15.9,1.5,0,0.337676,-0.0333814,0
15.9,1.6,0,0.337854,-0.0329933,0
15.9,1.7,0,0.337439,-0.0325647,0
15.9,1.8,0,0.336954,-0.0321368,0
15.9,1.9,0,0.335627,-0.0314939,0
15.9,2,0,0.333807,-0.0308791,0
15.9,2.1,0,0.331775,-0.030066,0
15.9,2.2,0,0.328652,-0.0291371,0
15.9,2.3,0,0.325148,-0.0281817,0
15.9,2.4,0,0.32021,-0.0269564,0
15.9,2.5,0,0.314419,-0.0257161,0
15.9,2.6,0,0.308023,-0.0242815,0
15.9,2.7,0,0.300198,-0.0227164,0
15.9,2.8,0,0.291496,-0.0210989,0
15.9,2.9,0,0.281284,-0.0192965,0
15.9,3,0,0.270051,-0.0174751,0
15.9,3.1,0,0.258022,-0.015567,0
15.9,3.2,0,0.245002,-0.0136264,0
15.9,3.3,0,0.230908,-0.0117002,0
15.9,3.4,0,0.216317,-0.00980431,0
15.9,3.5,0,0.201077,-0.00792914,0
15.9,3.6,0,0.185557,-0.00621609,0
15.9,3.7,0,0.170115,-0.00453907,0
15.9,3.8,0,0.1542,-0.00302889,0
15.9,3.9,0,0.139088,-0.00166369,0
15.9,4,0,0.12399,-0.000313588,0
15.9,4.1,0,0.109488,0.000661353,0
15.9,4.2,0,0.0957659,0.00167379,0
15.9,4.3,0,0.082368,0.00246048,0
15.9,4.4,0,0.0703666,0.00311512,0
15.9,4.5,0,0.0588165,0.00381224,0
15.9,4.6,0,0.0482882,0.00407802,0
15.9,4.7,0,0.0387307,0.00443199,0
15.9,4.8,0,0.0298685,0.00460902,0
15.9,4.9,0,0.0232254,0.00466364,0
15.9,5,0,0.0179011,0.00480813,0
15.9,5.1,0,0.00976075,0.00466745,0
15.9,5.2,0,0.00483725,0.00447614,0
15.9,5.3,0,0.000797021,0.00420724,0
15.9,5.4,0,-0.00238477,0.00386542,0
15.9,5.5,0,-0.00473405,0.00345758,0
15.9,5.6,0,-0.00627653,0.0029907,0
15.9,5.7,0,-0.00703652,0.00247139,0
15.9,5.8,0,-0.00703599,0.00190626,0
15.9,5.9,0,-0.0062938,0.00130204,0
15.9,6,0,-0.00482513,0.000665381,0
15.9,6.1,0,-0.00264112,3.00897e-06,0
15.9,6.2,0,0.000251445,-0.000678041,0
15.9,6.3,0,0.00385013,-0.00137036,0
15.9,6.4,0,0.00815688,-0.00206608,0
15.9,6.5,0,0.0131779,-0.0027567,0
15.9,6.6,0,0.0189234,-0.00343286,0
15.9,6.7,0,0.0254066,-0.00408402,0
15.9,6.8,0,0.0326431,-0.00469835,0
15.9,6.9,0,0.0406491,-0.00526409,0
15.9,7,0,0.0535869,-0.00598769,0
15.9,7.1,0,0.0605551,-0.00649944,0
15.9,7.2,0,0.0692597,-0.00681574,0
15.9,7.3,0,0.0805482,-0.00686335,0
15.9,7.4,0,0.0923413,-0.00716319,0
15.9,7.5,0,0.10458,-0.00726327,0
15.9,7.6,0,0.118408,-0.00695353,0
15.9,7.7,0,0.132142,-0.00680136,0
15.9,7.8,0,0.14624,-0.00644309,0
15.9,7.9,0,0.161291,-0.00580429,0
15.9,8,0,0.175932,-0.00522636,0
15.9,8.1,0,0.190703,-0.00445961,0
15.9,8.2,0,0.205593,-0.00357633,0
15.9,8.3,0,0.21962,-0.00272622,0
15.9,8.4,0,0.233395,-0.0017304,0
15.9,8.5,0,0.246571,-0.000758055,0
15.9,8.6,0,0.258602,0.000150515,0
15.9,8.7,0,0.269908,0.00115699,0
15.9,8.8,0,0.280188,0.00203478,0
15.9,8.9,0,0.289495,0.00284105,0
15.9,9,0,0.297607,0.00369143,0
15.9,9.1,0,0.304712,0.00437005,0
15.9,9.2,0,0.311154,0.00499078,0
15.9,9.3,0,0.316172,0.0056068,0
15.9,9.4,0,0.320489,0.00606895,0
15.9,9.5,0,0.324378,0.00648515,0
15.9,9.6,0,0.326997,0.00687412,0
15.9,9.7,0,0.329204,0.00713915,0
15.9,9.8,0,0.33106,0.00737767,0
15.9,9.9,0,0.332141,0.00758997,0
15.9,10,0,0.33293,0.00770755,0
15.9,10.1,0,0.33345,0.00781677,0
15.9,10.2,0,0.333571,0.00791361,0
15.9,10.3,0,0.333492,0.00793479,0
15.9,10.4,0,0.333214,0.00796019,0
15.9,10.5,0,0.332774,0.0079878,0
15.9,10.6,0,0.332215,0.00795764,0
15.9,10.7,0,0.331489,0.00792978,0
15.9,10.8,0,0.33076,0.00792487,0
15.9,10.9,0,0.329943,0.00786963,0
15.9,11,0,0.328992,0.00781236,0
15.9,11.1,0,0.328118,0.00779275,0
15.9,11.2,0,0.327171,0.00772614,0
15.9,11.3,0,0.326131,0.00765828,0
15.9,11.4,0,0.32519,0.00762695,0
15.9,11.5,0,0.324183,0.00755103,0
15.9,11.6,0,0.323153,0.00748734,0
15.9,11.7,0,0.322214,0.00744355,0
15.9,11.8,0,0.321215,0.00735153,0
15.9,11.9,0,0.320289,0.00730563,0
15.9,12,0,0.319447,0.00724225,0
15.9,12.1,0,0.318561,0.00712225,0
15.9,12.2,0,0.317855,0.00709677,0
15.9,12.3,0,0.317246,0.00700464,0
15.9,12.4,0,0.316625,0.00684394,0
15.9,12.5,0,0.316301,0.00683829,0
15.9,12.6,0,0.316075,0.00678866,0
15.9,12.7,0,0.315881,0.0066716,0
16,0,0,0.326082,-0.0337253,0
16,0.1,0,0.326396,-0.0337335,0
16,0.2,0,0.3268,-0.0337914,0
16,0.3,0,0.327575,-0.0338961,0
16,0.4,0,0.328506,-0.0339757,0
16,0.5,0,0.329468,-0.0340868,0
16,0.6,0,0.330561,-0.0340775,0
16,0.7,0,0.33161,-0.0340856,0
16,0.8,0,0.332688,-0.0340772,0
16,0.9,0,0.333655,-0.0340122,0
16,1,0,0.334597,-0.033981,0
16,1.1,0,0.335447,-0.0338233,0
16,1.2,0,0.336185,-0.0336699,0
16,1.3,0,0.336834,-0.0334959,0
16,1.4,0,0.337156,-0.0332222,0
16,1.5,0,0.337408,-0.0329779,0
16,1.6,0,0.337272,-0.032561,0
16,1.7,0,0.336899,-0.0321226,0
16,1.8,0,0.336206,-0.0316366,0
16,1.9,0,0.334747,-0.0309788,0
16,2,0,0.333133,-0.0303394,0
16,2.1,0,0.330526,-0.0294576,0
16,2.2,0,0.327489,-0.0285242,0
16,2.3,0,0.323701,-0.0275033,0
16,2.4,0,0.318556,-0.0262543,0
16,2.5,0,0.313133,-0.025009,0
16,2.6,0,0.305996,-0.0235,0
16,2.7,0,0.298303,-0.0219353,0
16,2.8,0,0.289431,-0.0202821,0
16,2.9,0,0.279015,-0.0184641,0
16,3,0,0.268249,-0.0166446,0
16,3.1,0,0.255728,-0.0147174,0
16,3.2,0,0.242838,-0.0127757,0
16,3.3,0,0.228899,-0.0108538,0
16,3.4,0,0.214244,-0.00896077,0
16,3.5,0,0.199339,-0.0070754,0
16,3.6,0,0.183896,-0.00538074,0
16,3.7,0,0.168512,-0.00369986,0
16,3.8,0,0.15294,-0.00218379,0
16,3.9,0,0.137919,-0.000819922,0
16,4,0,0.122864,0.000538045,0
16,4.1,0,0.108794,0.00153374,0
16,4.2,0,0.095047,0.002545,0
16,4.3,0,0.0819377,0.00335692,0
16,4.4,0,0.0700843,0.00402354,0
16,4.5,0,0.0583609,0.00470324,0
16,4.6,0,0.0483471,0.00501459,0
16,4.7,0,0.0387192,0.00536012,0
16,4.8,0,0.0302672,0.00555183,0
16,4.9,0,0.0238703,0.00562119,0
16,5,0,0.0179331,0.00572275,0
16,5.1,0,0.00991043,0.00558121,0
16,5.2,0,0.00506624,0.00538739,0
16,5.3,0,0.00109933,0.00511442,0
16,5.4,0,-0.00201518,0.00476712,0
16,5.5,0,-0.00430331,0.0043526,0
16,5.6,0,-0.00579084,0.00387811,0
16,5.7,0,-0.00650217,0.00335049,0
16,5.8,0,-0.00645937,0.00277652,0
16,5.9,0,-0.00568141,0.00216309,0
16,6,0,-0.00418369,0.00151696,0
16,6.1,0,-0.00197761,0.000844922,0
16,6.2,0,0.000929615,0.000153992,0
16,6.3,0,0.00453498,-0.000548533,0
16,6.4,0,0.00883966,-0.00125493,0
16,6.5,0,0.0138489,-0.00195688,0
16,6.6,0,0.0195719,-0.00264524,0
16,6.7,0,0.0260208,-0.00330977,0
16,6.8,0,0.0332102,-0.00393893,0
16,6.9,0,0.0411553,-0.00452116,0
16,7,0,0.0539812,-0.00527168,0
16,7.1,0,0.0619416,-0.00567175,0
16,7.2,0,0.0706461,-0.00598806,0
16,7.3,0,0.08069,-0.0062025,0
16,7.4,0,0.0928086,-0.00635636,0
16,7.5,0,0.105047,-0.00645644,0
16,7.6,0,0.118179,-0.00637087,0
16,7.7,0,0.132085,-0.00608945,0
16,7.8,0,0.14599,-0.00580803,0
16,7.9,0,0.160664,-0.00527407,0
16,8,0,0.175271,-0.00463894,0
16,8.1,0,0.189878,-0.0040038,0
16,8.2,0,0.204483,-0.00313308,0
16,8.3,0,0.218446,-0.00227274,0
16,8.4,0,0.232391,-0.00139853,0
16,8.5,0,0.245127,-0.00042532,0
16,8.6,0,0.257158,0.00048325,0
16,8.7,0,0.268949,0.00142426,0
16,8.8,0,0.278758,0.00227654,0
16,8.9,0,0.288065,0.00308282,0
16,9,0,0.296808,0.00390528,0
16,9.1,0,0.303504,0.00454823,0
16,9.2,0,0.309946,0.00516895,0
16,9.3,0,0.31558,0.00577509,0
16,9.4,0,0.319591,0.00619993,0
16,9.5,0,0.323528,0.00661576,0
16,9.6,0,0.326574,0.00699663,0
16,9.7,0,0.328604,0.00723299,0
16,9.8,0,0.330634,0.00746935,0
16,9.9,0,0.331837,0.00766434,0
16,10,0,0.332565,0.00776824,0
16,10.1,0,0.333292,0.00787213,0
16,10.2,0,0.333371,0.0079447,0
16,10.3,0,0.333285,0.00796338,0
16,10.4,0,0.333161,0.00798336,0
16,10.5,0,0.332662,0.00798512,0
16,10.6,0,0.332102,0.00795495,0
16,10.7,0,0.331479,0.00792567,0
16,10.8,0,0.330699,0.00789282,0
16,10.9,0,0.329881,0.00783759,0
16,11,0,0.329006,0.00778539,0
16,11.1,0,0.328083,0.00773436,0
16,11.2,0,0.327136,0.00766776,0
16,11.3,0,0.32616,0.00761295,0
16,11.4,0,0.325171,0.00754593,0
16,11.5,0,0.324177,0.00747484,0
16,11.6,0,0.323181,0.00741704,0
16,11.7,0,0.322212,0.00734347,0
16,11.8,0,0.321243,0.00726989,0
16,11.9,0,0.320321,0.00720537,0
16,12,0,0.319469,0.00712542,0
16,12.1,0,0.318617,0.00704548,0
16,12.2,0,0.31791,0.00696684,0
16,12.3,0,0.317301,0.0068747,0
16,12.4,0,0.316688,0.00676411,0
16,12.5,0,0.316385,0.00671876,0
16,12.6,0,0.316159,0.00666913,0
16,12.7,0,0.315947,0.0065906,0
16.1,0,0,0.326201,-0.0335099,0
16.1,0.1,0,0.326574,-0.0335451,0
16.1,0.2,0,0.326978,-0.033603,0
16.1,0.3,0,0.327659,-0.0336761,0
16.1,0.4,0,0.32859,-0.0337557,0
16.1,0.5,0,0.329518,-0.0338464,0
16.1,0.6,0,0.330566,-0.0338385,0
16.1,0.7,0,0.331614,-0.0338465,0
16.1,0.8,0,0.332611,-0.0338118,0
16.1,0.9,0,0.333579,-0.0337467,0
16.1,1,0,0.334516,-0.0336898,0
16.1,1.1,0,0.335269,-0.0335206,0
16.1,1.2,0,0.336008,-0.0333672,0
16.1,1.3,0,0.336518,-0.0331437,0
16.1,1.4,0,0.33684,-0.03287,0
16.1,1.5,0,0.337098,-0.0325979,0
16.1,1.6,0,0.336763,-0.0321452,0
16.1,1.7,0,0.33639,-0.0317067,0
16.1,1.8,0,0.335439,-0.0311429,0
16.1,1.9,0,0.33398,-0.0304851,0
16.1,2,0,0.3324,-0.0298206,0
16.1,2.1,0,0.329437,-0.0288752,0
16.1,2.2,0,0.3264,-0.0279419,0
16.1,2.3,0,0.322252,-0.0268296,0
16.1,2.4,0,0.317106,-0.0255805,0
16.1,2.5,0,0.311789,-0.0243211,0
16.1,2.6,0,0.304205,-0.0227446,0
16.1,2.7,0,0.296511,-0.0211798,0
16.1,2.8,0,0.287396,-0.0194672,0
16.1,2.9,0,0.27698,-0.0176492,0
16.1,3,0,0.266414,-0.015829,0
16.1,3.1,0,0.253626,-0.0138714,0
16.1,3.2,0,0.240736,-0.0119298,0
16.1,3.3,0,0.226939,-0.00999817,0
16.1,3.4,0,0.212284,-0.00810515,0
16.1,3.5,0,0.197585,-0.00622179,0
16.1,3.6,0,0.18225,-0.00452089,0
16.1,3.7,0,0.166865,-0.00284001,0
16.1,3.8,0,0.151694,-0.00130986,0
16.1,3.9,0,0.136672,5.40104e-05,0
16.1,4,0,0.121716,0.00140723,0
16.1,4.1,0,0.107956,0.00243675,0
16.1,4.2,0,0.0942091,0.00344802,0
16.1,4.3,0,0.0814722,0.00429414,0
16.1,4.4,0,0.0696188,0.00496076,0
16.1,4.5,0,0.0578868,0.0056174,0
16.1,4.6,0,0.0482054,0.00597773,0
16.1,4.7,0,0.0385775,0.00632325,0
16.1,4.8,0,0.0305556,0.00653042,0
16.1,4.9,0,0.0241587,0.00659979,0
16.1,5,0,0.0179621,0.00665859,0
16.1,5.1,0,0.0100615,0.00651577,0
16.1,5.2,0,0.00529942,0.00631928,0
16.1,5.3,0,0.00140822,0.00604219,0
16.1,5.4,0,-0.00163708,0.00568949,0
16.1,5.5,0,-0.00386257,0.00526853,0
16.1,5.6,0,-0.00529407,0.00478679,0
16.1,5.7,0,-0.00595603,0.00425135,0
16.1,5.8,0,-0.00587053,0.00366915,0
16.1,5.9,0,-0.00505659,0.00304723,0
16.1,6,0,-0.00352967,0.00239246,0
16.1,6.1,0,-0.00130135,0.00171167,0
16.1,6.2,0,0.00162086,0.00101184,0
16.1,6.3,0,0.00523351,0.000300161,0
16.1,6.4,0,0.00953715,-0.000415828,0
16.1,6.5,0,0.0145363,-0.00112799,0
16.1,6.6,0,0.020239,-0.00182743,0
16.1,6.7,0,0.0266565,-0.00250424,0
16.1,6.8,0,0.0338023,-0.0031472,0
16.1,6.9,0,0.0416909,-0.00374501,0
16.1,7,0,0.0544119,-0.00452145,0
16.1,7.1,0,0.0628311,-0.00485049,0
16.1,7.2,0,0.0715356,-0.0051668,0
16.1,7.3,0,0.0808397,-0.00548553,0
16.1,7.4,0,0.0930782,-0.00558561,0
16.1,7.5,0,0.105317,-0.00568568,0
16.1,7.6,0,0.117992,-0.00569788,0
16.1,7.7,0,0.131897,-0.00541646,0
16.1,7.8,0,0.145802,-0.00513504,0
16.1,7.9,0,0.159994,-0.00471726,0
16.1,8,0,0.174601,-0.00408213,0
16.1,8.1,0,0.189208,-0.00344699,0
16.1,8.2,0,0.203444,-0.00269326,0
16.1,8.3,0,0.217407,-0.00183291,0
16.1,8.4,0,0.23137,-0.000972567,0
16.1,8.5,0,0.243928,-8.84103e-05,0
16.1,8.6,0,0.255959,0.00082016,0
16.1,8.7,0,0.26799,0.00172873,0
16.1,8.8,0,0.277618,0.00253425,0
16.1,8.9,0,0.286925,0.00334052,0
16.1,9,0,0.296063,0.00412212,0
16.1,9.1,0,0.302569,0.00474694,0
16.1,9.2,0,0.309011,0.00536766,0
16.1,9.3,0,0.314975,0.0059348,0
16.1,9.4,0,0.318912,0.00635064,0
16.1,9.5,0,0.322849,0.00676647,0
16.1,9.6,0,0.32613,0.00710601,0
16.1,9.7,0,0.32816,0.00734237,0
16.1,9.8,0,0.33019,0.00757873,0
16.1,9.9,0,0.331572,0.00773552,0
16.1,10,0,0.332299,0.00783942,0
16.1,10.1,0,0.333026,0.00794331,0
16.1,10.2,0,0.333223,0.00797955,0
16.1,10.3,0,0.333137,0.00799823,0
16.1,10.4,0,0.33305,0.00801691,0
16.1,10.5,0,0.332582,0.00798578,0
16.1,10.6,0,0.332022,0.00795561,0
16.1,10.7,0,0.331472,0.00792187,0
16.1,10.8,0,0.330655,0.00786236,0
16.1,10.9,0,0.329837,0.00780712,0
16.1,11,0,0.329004,0.00774323,0
16.1,11.1,0,0.328056,0.00767663,0
16.1,11.2,0,0.327109,0.00761003,0
16.1,11.3,0,0.326147,0.00753622,0
16.1,11.4,0,0.325153,0.00746513,0
16.1,11.5,0,0.324159,0.00739404,0
16.1,11.6,0,0.323172,0.00731722,0
16.1,11.7,0,0.322203,0.00724364,0
16.1,11.8,0,0.321235,0.00717006,0
16.1,11.9,0,0.320326,0.00708954,0
16.1,12,0,0.319474,0.0070096,0
16.1,12.1,0,0.318622,0.00692965,0
16.1,12.2,0,0.317934,0.0068383,0
16.1,12.3,0,0.317325,0.00674617,0
16.1,12.4,0,0.316715,0.00665403,0
16.1,12.5,0,0.316425,0.00658947,0
16.1,12.6,0,0.316199,0.00653984,0
16.1,12.7,0,0.316022,0.00650413,0
16.2,0,0,0.326294,-0.0333825,0
16.2,0.1,0,0.326543,-0.0333267,0
16.2,0.2,0,0.326947,-0.0333847,0
16.2,0.3,0,0.327679,-0.033475,0
16.2,0.4,0,0.32861,-0.0335546,0
16.2,0.5,0,0.329526,-0.0336893,0
16.2,0.6,0,0.330573,-0.0336177,0
16.2,0.7,0,0.331622,-0.0336257,0
16.2,0.8,0,0.332574,-0.0335659,0
16.2,0.9,0,0.333542,-0.0335008,0
16.2,1,0,0.334359,-0.0334763,0
16.2,1.1,0,0.33517,-0.033244,0
16.2,1.2,0,0.335909,-0.0330906,0
16.2,1.3,0,0.336339,-0.0328275,0
16.2,1.4,0,0.336661,-0.0325538,0
16.2,1.5,0,0.33666,-0.0322883,0
16.2,1.6,0,0.336477,-0.0317785,0
16.2,1.7,0,0.336104,-0.0313401,0
16.2,1.8,0,0.335011,-0.0307136,0
16.2,1.9,0,0.333552,-0.0300558,0
16.2,2,0,0.331488,-0.0293643,0
16.2,2.1,0,0.328825,-0.0283711,0
16.2,2.2,0,0.325788,-0.0274377,0
16.2,2.3,0,0.321415,-0.0262409,0
16.2,2.4,0,0.316269,-0.0249919,0
16.2,2.5,0,0.310268,-0.023691,0
16.2,2.6,0,0.303118,-0.0220673,0
16.2,2.7,0,0.295424,-0.0205025,0
16.2,2.8,0,0.286065,-0.0187052,0
16.2,2.9,0,0.275649,-0.0168872,0
16.2,3,0,0.264477,-0.0150579,0
16.2,3.1,0,0.252101,-0.0130366,0
16.2,3.2,0,0.239211,-0.0110949,0
16.2,3.3,0,0.225314,-0.00910628,0
16.2,3.4,0,0.210659,-0.00721325,0
16.2,3.5,0,0.195785,-0.00536858,0
16.2,3.6,0,0.180644,-0.00358758,0
16.2,3.7,0,0.16526,-0.0019067,0
16.2,3.8,0,0.150218,-0.000345421,0
16.2,3.9,0,0.135197,0.00101845,0
16.2,4,0,0.120503,0.00232906,0
16.2,4.1,0,0.106688,0.00343165,0
16.2,4.2,0,0.0929415,0.00444291,0
16.2,4.3,0,0.0804571,0.00531774,0
16.2,4.4,0,0.0686037,0.00598436,0
16.2,4.5,0,0.0573572,0.00660105,0
16.2,4.6,0,0.0474622,0.00702057,0
16.2,4.7,0,0.0378343,0.0073661,0
16.2,4.8,0,0.0297742,0.00757216,0
16.2,4.9,0,0.0233773,0.00764152,0
16.2,5,0,0.0179822,0.00765807,0
16.2,5.1,0,0.0102168,0.00751275,0
16.2,5.2,0,0.00554523,0.00731309,0
16.2,5.3,0,0.00173687,0.00703175,0
16.2,5.4,0,-0.00123344,0.00667391,0
16.2,5.5,0,-0.00339182,0.00624719,0
16.2,5.6,0,-0.00476409,0.00575927,0
16.2,5.7,0,-0.00537454,0.00521745,0
16.2,5.8,0,-0.00524507,0.00462887,0
16.2,5.9,0,-0.00439445,0.00400065,0
16.2,6,0,-0.00283791,0.00333971,0
16.2,6.1,0,-0.00058685,0.00265291,0
16.2,6.2,0,0.00235132,0.00194715,0
16.2,6.3,0,0.0059731,0.00122946,0
16.2,6.4,0,0.0102788,0.000507161,0
16.2,6.5,0,0.0152724,-0.000211859,0
16.2,6.6,0,0.0209615,-0.000919048,0
16.2,6.7,0,0.0273563,-0.00160488,0
16.2,6.8,0,0.0344694,-0.00225857,0
16.2,6.9,0,0.0423143,-0.00286922,0
16.2,7,0,0.0549521,-0.00366851,0
16.2,7.1,0,0.0622298,-0.00404852,0
16.2,7.2,0,0.0709343,-0.00436483,0
16.2,7.3,0,0.0810918,-0.00470382,0
16.2,7.4,0,0.0927549,-0.00492307,0
16.2,7.5,0,0.104993,-0.00502315,0
16.2,7.6,0,0.117705,-0.00506585,0
16.2,7.7,0,0.131319,-0.0048602,0
16.2,7.8,0,0.145225,-0.00457878,0
16.2,7.9,0,0.159338,-0.00423781,0
16.2,8,0,0.173908,-0.00361715,0
16.2,8.1,0,0.188529,-0.00297689,0
16.2,8.2,0,0.202808,-0.00229439,0
16.2,8.3,0,0.216771,-0.00143405,0
16.2,8.4,0,0.230644,-0.000584537,0
16.2,8.5,0,0.243464,0.000261025,0
16.2,8.6,0,0.255496,0.0011696,0
16.2,8.7,0,0.267217,0.00202343,0
16.2,8.8,0,0.277349,0.00283974,0
16.2,8.9,0,0.286656,0.00364601,0
16.2,9,0,0.295423,0.00434905,0
16.2,9.1,0,0.302453,0.00500727,0
16.2,9.2,0,0.308895,0.00562799,0
16.2,9.3,0,0.314636,0.00611729,0
16.2,9.4,0,0.318891,0.00656055,0
16.2,9.5,0,0.322828,0.00697638,0
16.2,9.6,0,0.326051,0.00725153,0
16.2,9.7,0,0.328183,0.00749838,0
16.2,9.8,0,0.330213,0.00773474,0
16.2,9.9,0,0.331607,0.00783818,0
16.2,10,0,0.332334,0.00794207,0
16.2,10.1,0,0.333048,0.00802617,0
16.2,10.2,0,0.333254,0.00803318,0
16.2,10.3,0,0.333168,0.00805185,0
16.2,10.4,0,0.333102,0.00804028,0
16.2,10.5,0,0.332602,0.00799647,0
16.2,10.6,0,0.332043,0.0079663,0
16.2,10.7,0,0.331563,0.00790346,0
16.2,10.8,0,0.330663,0.00783665,0
16.2,10.9,0,0.329846,0.00778142,0
16.2,11,0,0.329108,0.00769789,0
16.2,11.1,0,0.328053,0.00762084,0
16.2,11.2,0,0.327106,0.00755424,0
16.2,11.3,0,0.326207,0.00746402,0
16.2,11.4,0,0.325139,0.00738504,0
16.2,11.5,0,0.324145,0.00731395,0
16.2,11.6,0,0.323175,0.00722169,0
16.2,11.7,0,0.322176,0.00714458,0
16.2,11.8,0,0.321221,0.00707142,0
16.2,11.9,0,0.320281,0.0069767,0
16.2,12,0,0.319429,0.00689675,0
16.2,12.1,0,0.318648,0.00682236,0
16.2,12.2,0,0.317866,0.00671397,0
16.2,12.3,0,0.317256,0.00662184,0
16.2,12.4,0,0.316794,0.00654806,0
16.2,12.5,0,0.316332,0.00643092,0
16.2,12.6,0,0.316106,0.00638129,0
16.2,12.7,0,0.316122,0.00640127,0
16.3,0,0,0.326387,-0.0332551,0
16.3,0.1,0,0.326512,-0.0331083,0
16.3,0.2,0,0.326995,-0.0332315,0
16.3,0.3,0,0.327737,-0.0333253,0
16.3,0.4,0,0.328631,-0.0333534,0
16.3,0.5,0,0.329535,-0.0335323,0
16.3,0.6,0,0.33058,-0.0333969,0
16.3,0.7,0,0.331571,-0.0334363,0
16.3,0.8,0,0.332515,-0.0333715,0
16.3,0.9,0,0.333505,-0.0332549,0
16.3,1,0,0.334202,-0.0332629,0
16.3,1.1,0,0.335071,-0.0329674,0
16.3,1.2,0,0.335667,-0.0328309,0
16.3,1.3,0,0.336081,-0.0325598,0
16.3,1.4,0,0.336482,-0.0322376,0
16.3,1.5,0,0.336222,-0.0319786,0
16.3,1.6,0,0.336191,-0.0314118,0
16.3,1.7,0,0.335528,-0.0309652,0
16.3,1.8,0,0.334407,-0.0303262,0
16.3,1.9,0,0.333124,-0.0296264,0
16.3,2,0,0.330577,-0.0289081,0
16.3,2.1,0,0.328214,-0.0278669,0
16.3,2.2,0,0.324695,-0.0269023,0
16.3,2.3,0,0.320277,-0.0256887,0
16.3,2.4,0,0.315433,-0.0244032,0
16.3,2.5,0,0.308747,-0.0230609,0
16.3,2.6,0,0.302031,-0.02139,0
16.3,2.7,0,0.293782,-0.0198005,0
16.3,2.8,0,0.284373,-0.0179862,0
16.3,2.9,0,0.274318,-0.0161251,0
16.3,3,0,0.26254,-0.0142868,0
16.3,3.1,0,0.250576,-0.0122017,0
16.3,3.2,0,0.23735,-0.0102738,0
16.3,3.3,0,0.223434,-0.00827375,0
16.3,3.4,0,0.209035,-0.00632135,0
16.3,3.5,0,0.193984,-0.00451536,0
16.3,3.6,0,0.179039,-0.00265427,0
16.3,3.7,0,0.163707,-0.00101105,0
16.3,3.8,0,0.148691,0.000556455,0
16.3,3.9,0,0.133721,0.00198289,0
16.3,4,0,0.11929,0.00325089,0
16.3,4.1,0,0.105421,0.00442654,0
16.3,4.2,0,0.0919944,0.00540733,0
16.3,4.3,0,0.0795604,0.00628791,0
16.3,4.4,0,0.0675886,0.00700796,0
16.3,4.5,0,0.0568277,0.0075847,0
16.3,4.6,0,0.0467191,0.00806341,0
16.3,4.7,0,0.0375117,0.00837258,0
16.3,4.8,0,0.0294439,0.00857842,0
16.3,4.9,0,0.0225959,0.00868326,0
16.3,5,0,0.0180023,0.00865755,0
16.3,5.1,0,0.0103721,0.00850974,0
16.3,5.2,0,0.00579104,0.00830691,0
16.3,5.3,0,0.00206552,0.00802131,0
16.3,5.4,0,-0.000829786,0.00765834,0
16.3,5.5,0,-0.00292107,0.00722584,0
16.3,5.6,0,-0.0042341,0.00673175,0
16.3,5.7,0,-0.00479305,0.00618356,0
16.3,5.8,0,-0.0046196,0.0055886,0
16.3,5.9,0,-0.00373231,0.00495407,0
16.3,6,0,-0.00214615,0.00428696,0
16.3,6.1,0,0.000127655,0.00359415,0
16.3,6.2,0,0.00308178,0.00288246,0
16.3,6.3,0,0.00671268,0.00215875,0
16.3,6.4,0,0.0110204,0.00143015,0
16.3,6.5,0,0.0160086,0.000704272,0
16.3,6.6,0,0.021684,-1.06626e-05,0
16.3,6.7,0,0.0280561,-0.000705516,0
16.3,6.8,0,0.0351366,-0.00136993,0
16.3,6.9,0,0.0429378,-0.00199343,0
16.3,7,0,0.0554923,-0.00281558,0
16.3,7.1,0,0.0616285,-0.00324654,0
16.3,7.2,0,0.0704155,-0.00356304,0
16.3,7.3,0,0.0814311,-0.00390405,0
16.3,7.4,0,0.0924315,-0.00426053,0
16.3,7.5,0,0.104831,-0.00433744,0
16.3,7.6,0,0.117723,-0.00435395,0
16.3,7.7,0,0.130742,-0.00430394,0
16.3,7.8,0,0.144853,-0.00398316,0
16.3,7.9,0,0.159002,-0.00363529,0
16.3,8,0,0.173214,-0.00315217,0
16.3,8.1,0,0.187899,-0.00248988,0
16.3,8.2,0,0.202176,-0.00183174,0
16.3,8.3,0,0.216136,-0.00103519,0
16.3,8.4,0,0.22986,-0.000203316,0
16.3,8.5,0,0.242891,0.000621335,0
16.3,8.6,0,0.255032,0.00151903,0
16.3,8.7,0,0.266443,0.00231789,0
16.3,8.8,0,0.27708,0.00314524,0
16.3,8.9,0,0.286387,0.00395151,0
16.3,9,0,0.294782,0.00457598,0
16.3,9.1,0,0.302338,0.00526759,0
16.3,9.2,0,0.308707,0.00586953,0
16.3,9.3,0,0.314186,0.00629019,0
16.3,9.4,0,0.31887,0.00677045,0
16.3,9.5,0,0.322664,0.00713673,0
16.3,9.6,0,0.32579,0.00737835,0
16.3,9.7,0,0.328206,0.0076544,0
16.3,9.8,0,0.330107,0.00782183,0
16.3,9.9,0,0.331501,0.00792409,0
16.3,10,0,0.33237,0.00804473,0
16.3,10.1,0,0.333044,0.00807379,0
16.3,10.2,0,0.333265,0.00808321,0
16.3,10.3,0,0.333199,0.00810547,0
16.3,10.4,0,0.333162,0.00805308,0
16.3,10.5,0,0.332631,0.00800761,0
16.3,10.6,0,0.332063,0.00797699,0
16.3,10.7,0,0.331655,0.00788505,0
16.3,10.8,0,0.330672,0.00781095,0
16.3,10.9,0,0.329854,0.00775571,0
16.3,11,0,0.329212,0.0076526,0
16.3,11.1,0,0.32805,0.00756505,0
16.3,11.2,0,0.32714,0.00749453,0
16.3,11.3,0,0.326314,0.00739678,0
16.3,11.4,0,0.325125,0.00730495,0
16.3,11.5,0,0.324217,0.00723113,0
16.3,11.6,0,0.32328,0.00713783,0
16.3,11.7,0,0.322149,0.00704552,0
16.3,11.8,0,0.321323,0.00697634,0
16.3,11.9,0,0.320361,0.00687897,0
16.3,12,0,0.319384,0.00678391,0
16.3,12.1,0,0.318749,0.00672093,0
16.3,12.2,0,0.317877,0.00660039,0
16.3,12.3,0,0.317188,0.00649751,0
16.3,12.4,0,0.316894,0.00644487,0
16.3,12.5,0,0.316256,0.00627723,0
16.3,12.6,0,0.316013,0.00622274,0
16.3,12.7,0,0.316223,0.00629841,0
16.4,0,0,0.32648,-0.0331278,0
16.4,0.1,0,0.326525,-0.0329218,0
16.4,0.2,0,0.327063,-0.0330947,0
16.4,0.3,0,0.327805,-0.0331884,0
16.4,0.4,0,0.328647,-0.0331677,0
16.4,0.5,0,0.329544,-0.0333752,0
16.4,0.6,0,0.330588,-0.0331984,0
16.4,0.7,0,0.331506,-0.0332548,0
16.4,0.8,0,0.33245,-0.0331899,0
16.4,0.9,0,0.333426,-0.0330204,0
16.4,1,0,0.334045,-0.0330494,0
16.4,1.1,0,0.334952,-0.032713,0
16.4,1.2,0,0.33539,-0.0325754,0
16.4,1.3,0,0.335804,-0.0323044,0
16.4,1.4,0,0.336212,-0.0319237,0
16.4,1.5,0,0.335785,-0.031669,0
16.4,1.6,0,0.335852,-0.0310651,0
16.4,1.7,0,0.33488,-0.0305882,0
16.4,1.8,0,0.333758,-0.0299492,0
16.4,1.9,0,0.332527,-0.0291876,0
16.4,2,0,0.329665,-0.0284518,0
16.4,2.1,0,0.327497,-0.0273795,0
16.4,2.2,0,0.323481,-0.0263592,0
16.4,2.3,0,0.319064,-0.0251455,0
16.4,2.4,0,0.314357,-0.0238001,0
16.4,2.5,0,0.307226,-0.0224308,0
16.4,2.6,0,0.300792,-0.0207293,0
16.4,2.7,0,0.292,-0.0190923,0
16.4,2.8,0,0.282591,-0.017278,0
16.4,2.9,0,0.272774,-0.0153599,0
16.4,3,0,0.260603,-0.0135158,0
16.4,3.1,0,0.248906,-0.0113892,0
16.4,3.2,0,0.235405,-0.00945613,0
16.4,3.3,0,0.221489,-0.00745607,0
16.4,3.4,0,0.207349,-0.00544299,0
16.4,3.5,0,0.192183,-0.00366215,0
16.4,3.6,0,0.177366,-0.00174899,0
16.4,3.7,0,0.162167,-0.000124817,0
16.4,3.8,0,0.147152,0.00144269,0
16.4,3.9,0,0.132337,0.00293241,0
16.4,4,0,0.118077,0.00417272,0
16.4,4.1,0,0.104172,0.00539586,0
16.4,4.2,0,0.0911273,0.00636414,0
16.4,4.3,0,0.0786934,0.00724472,0
16.4,4.4,0,0.0667435,0.00801758,0
16.4,4.5,0,0.0562982,0.00856836,0
16.4,4.6,0,0.0460507,0.00908554,0
16.4,4.7,0,0.0372942,0.00936998,0
16.4,4.8,0,0.0292264,0.00957582,0
16.4,4.9,0,0.0220951,0.0097102,0
16.4,5,0,0.0180224,0.00965704,0
16.4,5.1,0,0.0105274,0.00950672,0
16.4,5.2,0,0.00603685,0.00930073,0
16.4,5.3,0,0.00239416,0.00901087,0
16.4,5.4,0,-0.000426137,0.00864276,0
16.4,5.5,0,-0.00245032,0.00820449,0
16.4,5.6,0,-0.00370411,0.00770422,0
16.4,5.7,0,-0.00421156,0.00714967,0
16.4,5.8,0,-0.00399414,0.00654832,0
16.4,5.9,0,-0.00307017,0.00590748,0
16.4,6,0,-0.0014544,0.00523422,0
16.4,6.1,0,0.00084216,0.00453539,0
16.4,6.2,0,0.00381225,0.00381777,0
16.4,6.3,0,0.00745227,0.00308804,0
16.4,6.4,0,0.011762,0.00235314,0
16.4,6.5,0,0.0167447,0.0016204,0
16.4,6.6,0,0.0224065,0.000897723,0
16.4,6.7,0,0.0287559,0.000193845,0
16.4,6.8,0,0.0358037,-0.0004813,0
16.4,6.9,0,0.0435613,-0.00111764,0
16.4,7,0,0.0560325,-0.00196264,0
16.4,7.1,0,0.0618332,-0.00240858,0
16.4,7.2,0,0.0707548,-0.00276328,0
16.4,7.3,0,0.0817704,-0.00310428,0
16.4,7.4,0,0.0923232,-0.00355345,0
16.4,7.5,0,0.104849,-0.00362554,0
16.4,7.6,0,0.117742,-0.00364205,0
16.4,7.7,0,0.130164,-0.00374768,0
16.4,7.8,0,0.144517,-0.00338064,0
16.4,7.9,0,0.158666,-0.00303277,0
16.4,8,0,0.17252,-0.0026872,0
16.4,8.1,0,0.187268,-0.00200287,0
16.4,8.2,0,0.201546,-0.00134473,0
16.4,8.3,0,0.21549,-0.00063756,0
16.4,8.4,0,0.229076,0.000177904,0
16.4,8.5,0,0.242107,0.00100256,0
16.4,8.6,0,0.254428,0.00184363,0
16.4,8.7,0,0.265668,0.00261234,0
16.4,8.8,0,0.276325,0.00344013,0
16.4,8.9,0,0.285808,0.00419154,0
16.4,9,0,0.294142,0.00480292,0
16.4,9.1,0,0.301918,0.00550858,0
16.4,9.2,0,0.308258,0.00604244,0
16.4,9.3,0,0.313737,0.0064631,0
16.4,9.4,0,0.318764,0.00697306,0
16.4,9.5,0,0.322403,0.00726355,0
16.4,9.6,0,0.325529,0.00750517,0
16.4,9.7,0,0.328229,0.00781041,0
16.4,9.8,0,0.329998,0.00790737,0
16.4,9.9,0,0.331393,0.00800963,0
16.4,10,0,0.332405,0.00814739,0
16.4,10.1,0,0.33304,0.0081214,0
16.4,10.2,0,0.333261,0.00813083,0
16.4,10.3,0,0.333235,0.00815104,0
16.4,10.4,0,0.333221,0.00806589,0
16.4,10.5,0,0.332691,0.00802042,0
16.4,10.6,0,0.332125,0.00797083,0
16.4,10.7,0,0.331747,0.00786664,0
16.4,10.8,0,0.33075,0.00779132,0
16.4,10.9,0,0.329955,0.00771119,0
16.4,11,0,0.329316,0.0076073,0
16.4,11.1,0,0.328096,0.00751401,0
16.4,11.2,0,0.327247,0.00742729,0
16.4,11.3,0,0.326421,0.00732955,0
16.4,11.4,0,0.325119,0.00722576,0
16.4,11.5,0,0.324321,0.00714727,0
16.4,11.6,0,0.323385,0.00705397,0
16.4,11.7,0,0.322121,0.00694647,0
16.4,11.8,0,0.321425,0.00688126,0
16.4,11.9,0,0.320463,0.00678389,0
16.4,12,0,0.319338,0.00667107,0
16.4,12.1,0,0.31885,0.00661949,0
16.4,12.2,0,0.317977,0.00649895,0
16.4,12.3,0,0.317174,0.00638004,0
16.4,12.4,0,0.316995,0.00634168,0
16.4,12.5,0,0.316357,0.00617404,0
16.4,12.6,0,0.316057,0.00610352,0
16.4,12.7,0,0.316324,0.00619555,0
16.5,0,0,0.326573,-0.0330004,0
16.5,0.1,0,0.326618,-0.0327944,0
16.5,0.2,0,0.327131,-0.0329578,0
16.5,0.3,0,0.327873,-0.0330516,0
16.5,0.4,0,0.328656,-0.0330106,0
16.5,0.5,0,0.329553,-0.0332182,0
16.5,0.6,0,0.330596,-0.0330413,0
16.5,0.7,0,0.331441,-0.0330733,0
16.5,0.8,0,0.332385,-0.0330084,0
16.5,0.9,0,0.333269,-0.0328069,0
16.5,1,0,0.333888,-0.032836,0
16.5,1.1,0,0.334795,-0.0324995,0
16.5,1.2,0,0.335113,-0.0323199,0
16.5,1.3,0,0.335527,-0.0320489,0
16.5,1.4,0,0.335774,-0.031614,0
16.5,1.5,0,0.335347,-0.0313594,0
16.5,1.6,0,0.335414,-0.0307555,0
16.5,1.7,0,0.334231,-0.0302113,0
16.5,1.8,0,0.33311,-0.0295723,0
16.5,1.9,0,0.331616,-0.0287314,0
16.5,2,0,0.328754,-0.0279955,0
16.5,2.1,0,0.326585,-0.0269232,0
16.5,2.2,0,0.322268,-0.025816,0
16.5,2.3,0,0.31785,-0.0246023,0
16.5,2.4,0,0.312836,-0.02317,0
16.5,2.5,0,0.305705,-0.0218007,0
16.5,2.6,0,0.299271,-0.0200992,0
16.5,2.7,0,0.290218,-0.0183841,0
16.5,2.8,0,0.28081,-0.0165698,0
16.5,2.9,0,0.270838,-0.0145889,0
16.5,3,0,0.258666,-0.0127447,0
16.5,3.1,0,0.24697,-0.0106181,0
16.5,3.2,0,0.233461,-0.00863845,0
16.5,3.3,0,0.219544,-0.00663839,0
16.5,3.4,0,0.205548,-0.00458978,0
16.5,3.5,0,0.190382,-0.00280894,0
16.5,3.6,0,0.175565,-0.000895782,0
16.5,3.7,0,0.160628,0.000761418,0
16.5,3.8,0,0.145612,0.00232893,0
16.5,3.9,0,0.131124,0.00385424,0
16.5,4,0,0.116863,0.00509455,0
16.5,4.1,0,0.102959,0.00631769,0
16.5,4.2,0,0.0902603,0.00732095,0
16.5,4.3,0,0.0778264,0.00820153,0
16.5,4.4,0,0.0662139,0.00900124,0
16.5,4.5,0,0.0557686,0.00955201,0
16.5,4.6,0,0.0455211,0.0100692,0
16.5,4.7,0,0.0370767,0.0103674,0
16.5,4.8,0,0.0290089,0.0105732,0
16.5,4.9,0,0.0221152,0.0107097,0
16.5,5,0,0.0180425,0.0106565,0
16.5,5.1,0,0.0106827,0.0105037,0
16.5,5.2,0,0.00628266,0.0102945,0
16.5,5.3,0,0.00272281,0.0100004,0
16.5,5.4,0,-2.24884e-05,0.00962718,0
16.5,5.5,0,-0.00197957,0.00918314,0
16.5,5.6,0,-0.00317413,0.0086767,0
16.5,5.7,0,-0.00363007,0.00811578,0
16.5,5.8,0,-0.00336867,0.00750805,0
16.5,5.9,0,-0.00240802,0.0068609,0
16.5,6,0,-0.000762636,0.00618147,0
16.5,6.1,0,0.00155666,0.00547663,0
16.5,6.2,0,0.00454271,0.00475308,0
16.5,6.3,0,0.00819185,0.00401734,0
16.5,6.4,0,0.0125037,0.00327613,0
16.5,6.5,0,0.0174809,0.00253653,0
16.5,6.6,0,0.023129,0.00180611,0
16.5,6.7,0,0.0294558,0.00109321,0
16.5,6.8,0,0.0364708,0.000407334,0
16.5,6.9,0,0.0441847,-0.000241856,0
16.5,7,0,0.0565726,-0.00110971,0
16.5,7.1,0,0.0623734,-0.00155565,0
16.5,7.2,0,0.071094,-0.00196351,0
16.5,7.3,0,0.0821096,-0.00230451,0
16.5,7.4,0,0.0926625,-0.00275368,0
16.5,7.5,0,0.104868,-0.00291364,0
16.5,7.6,0,0.117761,-0.00293015,0
16.5,7.7,0,0.130223,-0.00303045,0
16.5,7.8,0,0.144181,-0.00277812,0
16.5,7.9,0,0.15833,-0.00243025,0
16.5,8,0,0.172071,-0.00212983,0
16.5,8.1,0,0.186638,-0.00151586,0
16.5,8.2,0,0.200915,-0.000857717,0
16.5,8.3,0,0.214706,-0.000240489,0
16.5,8.4,0,0.228291,0.000559125,0
16.5,8.5,0,0.241323,0.00138378,0
16.5,8.6,0,0.253654,0.00213809,0
16.5,8.7,0,0.264894,0.0029068,0
16.5,8.8,0,0.275551,0.00373459,0
16.5,8.9,0,0.285168,0.00441847,0
16.5,9,0,0.293501,0.00502985,0
16.5,9.1,0,0.301278,0.00573552,0
16.5,9.2,0,0.307808,0.00621534,0
16.5,9.3,0,0.313287,0.00663601,0
16.5,9.4,0,0.318301,0.00714159,0
16.5,9.5,0,0.322142,0.00739037,0
16.5,9.6,0,0.325268,0.00763199,0
16.5,9.7,0,0.327963,0.00791201,0
16.5,9.8,0,0.329889,0.00799291,0
16.5,9.9,0,0.331284,0.00809517,0
16.5,10,0,0.332346,0.00819771,0
16.5,10.1,0,0.333037,0.00816902,0
16.5,10.2,0,0.333258,0.00817845,0
16.5,10.3,0,0.333293,0.00816353,0
16.5,10.4,0,0.333281,0.0080787,0
16.5,10.5,0,0.33275,0.00803322,0
16.5,10.6,0,0.332217,0.00795242,0
16.5,10.7,0,0.331838,0.00784823,0
16.5,10.8,0,0.330841,0.00777291,0
16.5,10.9,0,0.330059,0.00766589,0
16.5,11,0,0.329421,0.00756201,0
16.5,11.1,0,0.3282,0.00746871,0
16.5,11.2,0,0.327354,0.00736005,0
16.5,11.3,0,0.326527,0.00726231,0
16.5,11.4,0,0.325247,0.00715784,0
16.5,11.5,0,0.324426,0.0070634,0
16.5,11.6,0,0.32349,0.0069701,0
16.5,11.7,0,0.322258,0.0068601,0
16.5,11.8,0,0.321528,0.00678618,0
16.5,11.9,0,0.320565,0.00668881,0
16.5,12,0,0.319476,0.00657444,0
16.5,12.1,0,0.318951,0.00651805,0
16.5,12.2,0,0.318078,0.00639751,0
16.5,12.3,0,0.317275,0.00627684,0
16.5,12.4,0,0.317096,0.00623848,0
16.5,12.5,0,0.316457,0.00607084,0
16.5,12.6,0,0.316157,0.00600065,0
16.5,12.7,0,0.316424,0.00609269,0
16.6,0,0,0.326667,-0.0328731,0
16.6,0.1,0,0.3268,-0.0327404,0
16.6,0.2,0,0.327198,-0.032821,0
16.6,0.3,0,0.32794,-0.0329148,0
16.6,0.4,0,0.328707,-0.0329115,0
16.6,0.5,0,0.329561,-0.0330611,0
16.6,0.6,0,0.33054,-0.0329196,0
16.6,0.7,0,0.331376,-0.0328918,0
16.6,0.8,0,0.33232,-0.0328269,0
16.6,0.9,0,0.333086,-0.0326514,0
16.6,1,0,0.333731,-0.0326225,0
16.6,1.1,0,0.334478,-0.032305,0
16.6,1.2,0,0.334836,-0.0320644,0
16.6,1.3,0,0.33525,-0.0317934,0
16.6,1.4,0,0.335248,-0.0313591,0
16.6,1.5,0,0.334909,-0.0310498,0
16.6,1.6,0,0.33465,-0.0304366,0
16.6,1.7,0,0.333583,-0.0298344,0
16.6,1.8,0,0.332461,-0.0291954,0
16.6,1.9,0,0.330506,-0.0283223,0
16.6,2,0,0.327842,-0.0275393,0
16.6,2.1,0,0.325132,-0.0264319,0
16.6,2.2,0,0.321054,-0.0252728,0
16.6,2.3,0,0.316636,-0.0240591,0
16.6,2.4,0,0.310975,-0.0225808,0
16.6,2.5,0,0.304184,-0.0211706,0
16.6,2.6,0,0.297125,-0.0194412,0
16.6,2.7,0,0.288437,-0.0176759,0
16.6,2.8,0,0.279028,-0.0158616,0
16.6,2.9,0,0.268496,-0.0138663,0
16.6,3,0,0.25673,-0.0119737,0
16.6,3.1,0,0.244655,-0.00986252,0
16.6,3.2,0,0.231516,-0.00782077,0
16.6,3.3,0,0.2176,-0.00582071,0
16.6,3.4,0,0.203459,-0.00380336,0
16.6,3.5,0,0.188582,-0.00195573,0
16.6,3.6,0,0.173823,-8.49355e-05,0
16.6,3.7,0,0.159088,0.00164765,0
16.6,3.8,0,0.144072,0.00321516,0
16.6,3.9,0,0.129853,0.00470569,0
16.6,4,0,0.11565,0.00601638,0
16.6,4.1,0,0.102106,0.00720525,0
16.6,4.2,0,0.0893933,0.00827776,0
16.6,4.3,0,0.0769594,0.00915834,0
16.6,4.4,0,0.0658176,0.00992478,0
16.6,4.5,0,0.0552391,0.0105357,0
16.6,4.6,0,0.0454647,0.0110119,0
16.6,4.7,0,0.0368592,0.0113648,0
16.6,4.8,0,0.0287915,0.0115706,0
16.6,4.9,0,0.0226428,0.0116693,0
16.6,5,0,0.0180626,0.011656,0
16.6,5.1,0,0.010838,0.0115007,0
16.6,5.2,0,0.00652847,0.0112884,0
16.6,5.3,0,0.00305146,0.01099,0
16.6,5.4,0,0.000381161,0.0106116,0
16.6,5.5,0,-0.00150883,0.0101618,0
16.6,5.6,0,-0.00264414,0.00964917,0
16.6,5.7,0,-0.00304857,0.00908189,0
16.6,5.8,0,-0.00274321,0.00846777,0
16.6,5.9,0,-0.00174588,0.00781432,0
16.6,6,0,-7.08769e-05,0.00712872,0
16.6,6.1,0,0.00227117,0.00641787,0
16.6,6.2,0,0.00527317,0.00568839,0
16.6,6.3,0,0.00893144,0.00494663,0
16.6,6.4,0,0.0132453,0.00419912,0
16.6,6.5,0,0.0182171,0.00345266,0
16.6,6.6,0,0.0238515,0.00271449,0
16.6,6.7,0,0.0301556,0.00199257,0
16.6,6.8,0,0.037138,0.00129597,0
16.6,6.9,0,0.0448082,0.000633933,0
16.6,7,0,0.0571128,-0.000256774,0
16.6,7.1,0,0.0634251,-0.000703916,0
16.6,7.2,0,0.0716186,-0.00115547,0
16.6,7.3,0,0.0824489,-0.00150475,0
16.6,7.4,0,0.0933185,-0.00190823,0
16.6,7.5,0,0.104887,-0.00220174,0
16.6,7.6,0,0.11778,-0.00221824,0
16.6,7.7,0,0.130484,-0.00227229,0
16.6,7.8,0,0.143845,-0.0021756,0
16.6,7.9,0,0.157995,-0.00182773,0
16.6,8,0,0.171798,-0.00150528,0
16.6,8.1,0,0.186007,-0.00102885,0
16.6,8.2,0,0.200285,-0.000370706,0
16.6,8.3,0,0.213928,0.00022888,0
16.6,8.4,0,0.227507,0.000940345,0
16.6,8.5,0,0.240539,0.001765,0
16.6,8.6,0,0.252624,0.00245792,0
16.6,8.7,0,0.26412,0.00320126,0
16.6,8.8,0,0.274669,0.00400631,0
16.6,8.9,0,0.284317,0.00464081,0
16.6,9,0,0.292861,0.00525679,0
16.6,9.1,0,0.300413,0.00590379,0
16.6,9.2,0,0.30734,0.00638708,0
16.6,9.3,0,0.312837,0.00680892,0
16.6,9.4,0,0.317612,0.00723142,0
16.6,9.5,0,0.321881,0.00751719,0
16.6,9.6,0,0.325007,0.00775882,0
16.6,9.7,0,0.32757,0.00796836,0
16.6,9.8,0,0.32978,0.00807845,0
16.6,9.9,0,0.331175,0.00818071,0
16.6,10,0,0.332198,0.00822821,0
16.6,10.1,0,0.333033,0.00821664,0
16.6,10.2,0,0.333254,0.00822606,0
16.6,10.3,0,0.333318,0.00817033,0
16.6,10.4,0,0.33334,0.0080915,0
16.6,10.5,0,0.332812,0.00804501,0
16.6,10.6,0,0.332335,0.00793543,0
16.6,10.7,0,0.33193,0.00782983,0
16.6,10.8,0,0.330973,0.00774634,0
16.6,10.9,0,0.330188,0.00762271,0
16.6,11,0,0.329525,0.00751672,0
16.6,11.1,0,0.328392,0.00741428,0
16.6,11.2,0,0.327461,0.00729281,0
16.6,11.3,0,0.326634,0.00719507,0
16.6,11.4,0,0.325473,0.00708683,0
16.6,11.5,0,0.324531,0.00697954,0
16.6,11.6,0,0.323594,0.00688624,0
16.6,11.7,0,0.322492,0.00678022,0
16.6,11.8,0,0.32163,0.0066911,0
16.6,11.9,0,0.320668,0.00659373,0
16.6,12,0,0.319725,0.00649076,0
16.6,12.1,0,0.319052,0.00641661,0
16.6,12.2,0,0.318179,0.00629607,0
16.6,12.3,0,0.317532,0.00619484,0
16.6,12.4,0,0.317196,0.00613529,0
16.6,12.5,0,0.316589,0.00597669,0
16.6,12.6,0,0.316363,0.0059279,0
16.6,12.7,0,0.316525,0.00598982,0
16.7,0,0,0.32676,-0.0327457,0
16.7,0.1,0,0.326991,-0.0326947,0
16.7,0.2,0,0.327322,-0.0327252,0
16.7,0.3,0,0.328002,-0.0327978,0
16.7,0.4,0,0.328763,-0.0328188,0
16.7,0.5,0,0.32957,-0.0329041,0
16.7,0.6,0,0.330477,-0.0328018,0
16.7,0.7,0,0.331312,-0.0327389,0
16.7,0.8,0,0.332201,-0.0326599,0
16.7,0.9,0,0.332901,-0.0325023,0
16.7,1,0,0.333574,-0.032409,0
16.7,1.1,0,0.334142,-0.0321126,0
16.7,1.2,0,0.334532,-0.0318373,0
16.7,1.3,0,0.334856,-0.0315409,0
16.7,1.4,0,0.334713,-0.0311101,0
16.7,1.5,0,0.334471,-0.0307401,0
16.7,1.6,0,0.33385,-0.0301168,0
16.7,1.7,0,0.332866,-0.0294831,0
16.7,1.8,0,0.331595,-0.0288063,0
16.7,1.9,0,0.329373,-0.0279185,0
16.7,2,0,0.326931,-0.027083,0
16.7,2.1,0,0.323619,-0.0259366,0
16.7,2.2,0,0.319706,-0.0247512,0
16.7,2.3,0,0.315115,-0.0234973,0
16.7,2.4,0,0.309077,-0.0219962,0
16.7,2.5,0,0.302663,-0.0205405,0
16.7,2.6,0,0.294909,-0.0187802,0
16.7,2.7,0,0.28646,-0.0169889,0
16.7,2.8,0,0.276974,-0.0151493,0
16.7,2.9,0,0.266109,-0.013149,0
16.7,3,0,0.254793,-0.0112026,0
16.7,3.1,0,0.242299,-0.00910863,0
16.7,3.2,0,0.229386,-0.0070318,0
16.7,3.3,0,0.215576,-0.00502044,0
16.7,3.4,0,0.201338,-0.00302437,0
16.7,3.5,0,0.186781,-0.00110251,0
16.7,3.6,0,0.172088,0.000721204,0
16.7,3.7,0,0.15746,0.00249785,0
16.7,3.8,0,0.142651,0.00408223,0
16.7,3.9,0,0.128576,0.00554932,0
16.7,4,0,0.114437,0.00693821,0
16.7,4.1,0,0.101293,0.00808899,0
16.7,4.2,0,0.0885508,0.0092017,0
16.7,4.3,0,0.0763109,0.0100972,0
16.7,4.4,0,0.0654362,0.0108416,0
16.7,4.5,0,0.0547095,0.0115193,0
16.7,4.6,0,0.0454609,0.0119502,0
16.7,4.7,0,0.0367379,0.0123355,0
16.7,4.8,0,0.0289346,0.012549,0
16.7,4.9,0,0.0232267,0.0126244,0
16.7,5,0,0.0180827,0.0126555,0
16.7,5.1,0,0.0109933,0.0124977,0
16.7,5.2,0,0.00677428,0.0122822,0
16.7,5.3,0,0.00338011,0.0119796,0
16.7,5.4,0,0.00078481,0.011596,0
16.7,5.5,0,-0.00103808,0.0111404,0
16.7,5.6,0,-0.00211415,0.0106216,0
16.7,5.7,0,-0.00246708,0.010048,0
16.7,5.8,0,-0.00211774,0.0094275,0
16.7,5.9,0,-0.00108374,0.00876774,0
16.7,6,0,0.000620882,0.00807598,0
16.7,6.1,0,0.00298567,0.00735911,0
16.7,6.2,0,0.00600363,0.00662369,0
16.7,6.3,0,0.00967102,0.00587593,0
16.7,6.4,0,0.013987,0.00512211,0
16.7,6.5,0,0.0189532,0.00436879,0
16.7,6.6,0,0.024574,0.00362288,0
16.7,6.7,0,0.0308554,0.00289193,0
16.7,6.8,0,0.0378051,0.0021846,0
16.7,6.9,0,0.0454317,0.00150972,0
16.7,7,0,0.057653,0.00059616,0
16.7,7.1,0,0.0649059,0.000146812,0
16.7,7.2,0,0.0730993,-0.000304741,0
16.7,7.3,0,0.0827882,-0.000704977,0
16.7,7.4,0,0.0939999,-0.0010591,0
16.7,7.5,0,0.105423,-0.0013827,0
16.7,7.6,0,0.117799,-0.00150634,0
16.7,7.7,0,0.130744,-0.00151413,0
16.7,7.8,0,0.143747,-0.00151096,0
16.7,7.9,0,0.157668,-0.00122202,0
16.7,8,0,0.171526,-0.000880723,0
16.7,8.1,0,0.185383,-0.000539424,0
16.7,8.2,0,0.199576,0.000107019,0
16.7,8.3,0,0.213149,0.000698248,0
16.7,8.4,0,0.226723,0.00132157,0
16.7,8.5,0,0.239473,0.0020963,0
16.7,8.6,0,0.251529,0.00278416,0
16.7,8.7,0,0.263346,0.00349572,0
16.7,8.8,0,0.273524,0.0042222,0
16.7,8.9,0,0.283171,0.0048567,0
16.7,9,0,0.29222,0.00548372,0
16.7,9.1,0,0.299439,0.00604331,0
16.7,9.2,0,0.306365,0.0065266,0
16.7,9.3,0,0.312387,0.00698183,0
16.7,9.4,0,0.316922,0.00732124,0
16.7,9.5,0,0.32134,0.00761984,0
16.7,9.6,0,0.324746,0.00788564,0
16.7,9.7,0,0.327177,0.00802471,0
16.7,9.8,0,0.329594,0.00815605,0
16.7,9.9,0,0.331055,0.00825129,0
16.7,10,0,0.33205,0.00825871,0
16.7,10.1,0,0.33303,0.00826425,0
16.7,10.2,0,0.333269,0.00824701,0
16.7,10.3,0,0.333343,0.00817713,0
16.7,10.4,0,0.3334,0.00810431,0
16.7,10.5,0,0.332943,0.00802872,0
16.7,10.6,0,0.332465,0.00791914,0
16.7,10.7,0,0.332022,0.00781142,0
16.7,10.8,0,0.331161,0.00770835,0
16.7,10.9,0,0.330376,0.00758472,0
16.7,11,0,0.32963,0.00747142,0
16.7,11.1,0,0.328607,0.00735753,0
16.7,11.2,0,0.327665,0.0072351,0
16.7,11.3,0,0.326741,0.00712783,0
16.7,11.4,0,0.325699,0.00701582,0
16.7,11.5,0,0.324699,0.00690244,0
16.7,11.6,0,0.323701,0.00680245,0
16.7,11.7,0,0.322726,0.00670033,0
16.7,11.8,0,0.321751,0.00659822,0
16.7,11.9,0,0.320828,0.0065032,0
16.7,12,0,0.319973,0.00640708,0
16.7,12.1,0,0.319152,0.00631518,0
16.7,12.2,0,0.318412,0.00621114,0
16.7,12.3,0,0.317802,0.00611454,0
16.7,12.4,0,0.317297,0.0060321,0
16.7,12.5,0,0.316884,0.00592918,0
16.7,12.6,0,0.316658,0.00588039,0
16.7,12.7,0,0.316625,0.00588696,0
16.8,0,0,0.326853,-0.0326183,0
16.8,0.1,0,0.327183,-0.0326489,0
16.8,0.2,0,0.327513,-0.0326794,0
16.8,0.3,0,0.328058,-0.0327051,0
16.8,0.4,0,0.328819,-0.032726,0
16.8,0.5,0,0.329579,-0.032747,0
16.8,0.6,0,0.330413,-0.0326841,0
16.8,0.7,0,0.331248,-0.0326211,0
16.8,0.8,0,0.332016,-0.0325108,0
16.8,0.9,0,0.332716,-0.0323532,0
16.8,1,0,0.333417,-0.0321956,0
16.8,1.1,0,0.333807,-0.0319203,0
16.8,1.2,0,0.334197,-0.031645,0
16.8,1.3,0,0.33432,-0.031292,0
16.8,1.4,0,0.334177,-0.0308612,0
16.8,1.5,0,0.334034,-0.0304305,0
16.8,1.6,0,0.333049,-0.0297969,0
16.8,1.7,0,0.332065,-0.0291632,0
16.8,1.8,0,0.330462,-0.0284025,0
16.8,1.9,0,0.328241,-0.0275146,0
16.8,2,0,0.326019,-0.0266268,0
16.8,2.1,0,0.322106,-0.0254414,0
16.8,2.2,0,0.318192,-0.024256,0
16.8,2.3,0,0.313217,-0.0229127,0
16.8,2.4,0,0.30718,-0.0214115,0
16.8,2.5,0,0.301142,-0.0199104,0
16.8,2.6,0,0.292693,-0.0181191,0
16.8,2.7,0,0.284244,-0.0163279,0
16.8,2.8,0,0.274587,-0.0144321,0
16.8,2.9,0,0.263721,-0.0124318,0
16.8,3,0,0.252856,-0.0104316,0
16.8,3.1,0,0.239943,-0.00835473,0
16.8,3.2,0,0.22703,-0.0062779,0
16.8,3.3,0,0.213455,-0.00424145,0
16.8,3.4,0,0.199218,-0.00224537,0
16.8,3.5,0,0.18498,-0.0002493,0
16.8,3.6,0,0.170353,0.00152734,0
16.8,3.7,0,0.155725,0.00330399,0
16.8,3.8,0,0.141374,0.00492585,0
16.8,3.9,0,0.127299,0.00639295,0
16.8,4,0,0.113223,0.00786004,0
16.8,4.1,0,0.100481,0.00897274,0
16.8,4.2,0,0.0877381,0.0100854,0
16.8,4.3,0,0.0759294,0.011014,0
16.8,4.4,0,0.0650547,0.0117585,0
16.8,4.5,0,0.05418,0.012503,0
16.8,4.6,0,0.045457,0.0128884,0
16.8,4.7,0,0.036734,0.0132738,0
16.8,4.8,0,0.0295186,0.0135042,0
16.8,4.9,0,0.0238107,0.0135796,0
16.8,5,0,0.0181028,0.013655,0
16.8,5.1,0,0.0111487,0.0134947,0
16.8,5.2,0,0.00702009,0.013276,0
16.8,5.3,0,0.00370876,0.0129691,0
16.8,5.4,0,0.00118846,0.0125804,0
16.8,5.5,0,-0.000567329,0.0121191,0
16.8,5.6,0,-0.00158417,0.0115941,0
16.8,5.7,0,-0.00188559,0.0110141,0
16.8,5.8,0,-0.00149228,0.0103872,0
16.8,5.9,0,-0.0004216,0.00972116,0
16.8,6,0,0.00131264,0.00902323,0
16.8,6.1,0,0.00370018,0.00830035,0
16.8,6.2,0,0.0067341,0.007559,0
16.8,6.3,0,0.0104106,0.00680522,0
16.8,6.4,0,0.0147286,0.00604509,0
16.8,6.5,0,0.0196894,0.00528493,0
16.8,6.6,0,0.0252965,0.00453126,0
16.8,6.7,0,0.0315552,0.00379129,0
16.8,6.8,0,0.0384722,0.00307324,0
16.8,6.9,0,0.0460551,0.00238551,0
16.8,7,0,0.0581932,0.00144909,0
16.8,7.1,0,0.0663866,0.000997541,0
16.8,7.2,0,0.0745801,0.000545988,0
16.8,7.3,0,0.083258,0.000113628,0
16.8,7.4,0,0.0946814,-0.00020997,0
16.8,7.5,0,0.106105,-0.000533569,0
16.8,7.6,0,0.118002,-0.000759136,0
16.8,7.7,0,0.131005,-0.000755966,0
16.8,7.8,0,0.144008,-0.000752796,0
16.8,7.9,0,0.157395,-0.000597468,0
16.8,8,0,0.171253,-0.000256169,0
16.8,8.1,0,0.18511,8.51306e-05,0
16.8,8.2,0,0.198797,0.000576388,0
16.8,8.3,0,0.21237,0.00116762,0
16.8,8.4,0,0.225943,0.00175885,0
16.8,8.5,0,0.238378,0.00242255,0
16.8,8.6,0,0.250434,0.0031104,0
16.8,8.7,0,0.26249,0.00379826,0
16.8,8.8,0,0.272378,0.0044381,0
16.8,8.9,0,0.282026,0.0050726,0
16.8,9,0,0.291537,0.00569953,0
16.8,9.1,0,0.298464,0.00618282,0
16.8,9.2,0,0.305391,0.00666611,0
16.8,9.3,0,0.311816,0.00711246,0
16.8,9.4,0,0.316233,0.00741106,0
16.8,9.5,0,0.32065,0.00770966,0
16.8,9.6,0,0.324367,0.00794972,0
16.8,9.7,0,0.326784,0.00808106,0
16.8,9.8,0,0.329201,0.0082124,0
16.8,9.9,0,0.330908,0.00828179,0
16.8,10,0,0.331903,0.00828921,0
16.8,10.1,0,0.332897,0.00829663,0
16.8,10.2,0,0.333294,0.00825381,0
16.8,10.3,0,0.333368,0.00818393,0
16.8,10.4,0,0.333441,0.00811406,0
16.8,10.5,0,0.333074,0.00801243,0
16.8,10.6,0,0.332596,0.00790285,0
16.8,10.7,0,0.332119,0.00779328,0
16.8,10.8,0,0.331349,0.00767035,0
16.8,10.9,0,0.330563,0.00754672,0
16.8,11,0,0.329762,0.00742322,0
16.8,11.1,0,0.328821,0.00730079,0
16.8,11.2,0,0.327879,0.00717836,0
16.8,11.3,0,0.326923,0.00705819,0
16.8,11.4,0,0.325924,0.00694481,0
16.8,11.5,0,0.324925,0.00683143,0
16.8,11.6,0,0.323936,0.00672256,0
16.8,11.7,0,0.322961,0.00662045,0
16.8,11.8,0,0.321986,0.00651834,0
16.8,11.9,0,0.321076,0.00641952,0
16.8,12,0,0.320221,0.00632341,0
16.8,12.1,0,0.319366,0.00622729,0
16.8,12.2,0,0.318682,0.00613084,0
16.8,12.3,0,0.318072,0.00603424,0
16.8,12.4,0,0.317462,0.00593764,0
16.8,12.5,0,0.317178,0.00588168,0
16.8,12.6,0,0.316952,0.00583289,0
16.8,12.7,0,0.316726,0.0057841,0
16.9,0,0,0.326891,-0.0326259,0
16.9,0.1,0,0.327147,-0.032582,0
16.9,0.2,0,0.327477,-0.0326125,0
16.9,0.3,0,0.328045,-0.03264,0
16.9,0.4,0,0.328805,-0.0326609,0
16.9,0.5,0,0.329518,-0.0327284,0
16.9,0.6,0,0.330368,-0.0325965,0
16.9,0.7,0,0.331202,-0.0325336,0
16.9,0.8,0,0.331906,-0.0323968,0
16.9,0.9,0,0.332606,-0.0322392,0
16.9,1,0,0.333146,-0.0321242,0
16.9,1.1,0,0.333611,-0.031774,0
16.9,1.2,0,0.334001,-0.0314987,0
16.9,1.3,0,0.334013,-0.0311042,0
16.9,1.4,0,0.33387,-0.0306734,0
16.9,1.5,0,0.333413,-0.0302634,0
16.9,1.6,0,0.3326,-0.0295559,0
16.9,1.7,0,0.331616,-0.0289222,0
16.9,1.8,0,0.329833,-0.0280951,0
16.9,1.9,0,0.327611,-0.0272073,0
16.9,2,0,0.324862,-0.0263133,0
16.9,2.1,0,0.321257,-0.0250549,0
16.9,2.2,0,0.317343,-0.0238694,0
16.9,2.3,0,0.31212,-0.0224371,0
16.9,2.4,0,0.306082,-0.0209359,0
16.9,2.5,0,0.299373,-0.0194235,0
16.9,2.6,0,0.29134,-0.0175491,0
16.9,2.7,0,0.282891,-0.0157579,0
16.9,2.8,0,0.273004,-0.013768,0
16.9,2.9,0,0.262138,-0.0117677,0
16.9,3,0,0.250729,-0.00978833,0
16.9,3.1,0,0.238195,-0.00760055,0
16.9,3.2,0,0.225282,-0.00552372,0
16.9,3.3,0,0.21164,-0.00340703,0
16.9,3.4,0,0.197402,-0.00141096,0
16.9,3.5,0,0.183027,0.000513917,0
16.9,3.6,0,0.168581,0.0024294,0
16.9,3.7,0,0.153954,0.00420604,0
16.9,3.8,0,0.139752,0.00588705,0
16.9,3.9,0,0.125677,0.00735414,0
16.9,4,0,0.111882,0.0087162,0
16.9,4.1,0,0.0990937,0.00998333,0
16.9,4.2,0,0.086351,0.011096,0
16.9,4.3,0,0.0748341,0.012058,0
16.9,4.4,0,0.0639594,0.0128025,0
16.9,4.5,0,0.0535938,0.0134057,0
16.9,4.6,0,0.0446831,0.0139471,0
16.9,4.7,0,0.0359601,0.0143325,0
16.9,4.8,0,0.0287933,0.0145526,0
16.9,4.9,0,0.0230854,0.014628,0
16.9,5,0,0.0181365,0.0145537,0
16.9,5.1,0,0.011331,0.0143872,0
16.9,5.2,0,0.00730038,0.0141632,0
16.9,5.3,0,0.00407712,0.0138506,0
16.9,5.4,0,0.00163502,0.0134562,0
16.9,5.5,0,-5.22772e-05,0.0129893,0
16.9,5.6,0,-0.00101002,0.012459,0
16.9,5.7,0,-0.00126127,0.0118742,0
16.9,5.8,0,-0.000826144,0.0112431,0
16.9,5.9,0,0.000278642,0.0105734,0
16.9,6,0,0.00203994,0.00987249,0
16.9,6.1,0,0.0044481,0.00914709,0
16.9,6.2,0,0.00749675,0.00840359,0
16.9,6.3,0,0.0111825,0.00764787,0
16.9,6.4,0,0.0155045,0.00688578,0
16.9,6.5,0,0.020464,0.00612333,0
16.9,6.6,0,0.0260644,0.00536674,0
16.9,6.7,0,0.0323105,0.00462278,0
16.9,6.8,0,0.0392081,0.00389925,0
16.9,6.9,0,0.0467641,0.00320411,0
16.9,7,0,0.0588487,0.00225332,0
16.9,7.1,0,0.0660417,0.00186402,0
16.9,7.2,0,0.0742351,0.00141247,0
16.9,7.3,0,0.0835643,0.000866952,0
16.9,7.4,0,0.0946492,0.00052281,0
16.9,7.5,0,0.106073,0.000199212,0
16.9,7.6,0,0.117861,-0.000123813,0
16.9,7.7,0,0.130737,-0.000138361,0
16.9,7.8,0,0.14374,-0.000135191,0
16.9,7.9,0,0.156979,-9.81958e-05,0
16.9,8,0,0.170836,0.000243103,0
16.9,8.1,0,0.184694,0.000584403,0
16.9,8.2,0,0.198386,0.000974542,0
16.9,8.3,0,0.211959,0.00156577,0
16.9,8.4,0,0.225491,0.00213676,0
16.9,8.5,0,0.238107,0.00274403,0
16.9,8.6,0,0.250163,0.00343189,0
16.9,8.7,0,0.261995,0.00405937,0
16.9,8.8,0,0.272301,0.0047007,0
16.9,8.9,0,0.281949,0.0053352,0
16.9,9,0,0.291119,0.00586819,0
16.9,9.1,0,0.29856,0.00639452,0
16.9,9.2,0,0.305487,0.00687781,0
16.9,9.3,0,0.311755,0.00724681,0
16.9,9.4,0,0.316446,0.00757392,0
16.9,9.5,0,0.320863,0.00787251,0
16.9,9.6,0,0.324594,0.00805874,0
16.9,9.7,0,0.327061,0.00819588,0
16.9,9.8,0,0.329478,0.00832722,0
16.9,9.9,0,0.331208,0.00835125,0
16.9,10,0,0.332203,0.00835867,0
16.9,10.1,0,0.33317,0.00835856,0
16.9,10.2,0,0.333594,0.00828242,0
16.9,10.3,0,0.333668,0.00821254,0
16.9,10.4,0,0.333646,0.00811675,0
16.9,10.5,0,0.333363,0.00800554,0
16.9,10.6,0,0.332885,0.00789596,0
16.9,10.7,0,0.332267,0.00775097,0
16.9,10.8,0,0.33162,0.007634,0
16.9,10.9,0,0.330835,0.00751037,0
16.9,11,0,0.329923,0.00735626,0
16.9,11.1,0,0.329074,0.00724146,0
16.9,11.2,0,0.328132,0.00711903,0
16.9,11.3,0,0.327115,0.0069772,0
16.9,11.4,0,0.326157,0.00686927,0
16.9,11.5,0,0.325158,0.00675589,0
16.9,11.6,0,0.324144,0.00663835,0
16.9,11.7,0,0.323169,0.00653624,0
16.9,11.8,0,0.322194,0.00643412,0
16.9,11.9,0,0.321256,0.00633546,0
16.9,12,0,0.320401,0.00623934,0
16.9,12.1,0,0.31952,0.0061289,0
16.9,12.2,0,0.318828,0.00605131,0
16.9,12.3,0,0.318218,0.00595471,0
16.9,12.4,0,0.317555,0.00580695,0
16.9,12.5,0,0.317295,0.00579582,0
16.9,12.6,0,0.317069,0.00574703,0
16.9,12.7,0,0.316782,0.00561173,0
17,0,0,0.32693,-0.0326334,0
17,0.1,0,0.327111,-0.0325152,0
17,0.2,0,0.327466,-0.032582,0
17,0.3,0,0.328044,-0.0326102,0
17,0.4,0,0.328792,-0.0325958,0
17,0.5,0,0.329457,-0.0327097,0
17,0.6,0,0.330322,-0.032509,0
17,0.7,0,0.331098,-0.0324717,0
17,0.8,0,0.331772,-0.032323,0
17,0.9,0,0.332496,-0.0321251,0
17,1,0,0.332876,-0.0320528,0
17,1.1,0,0.333414,-0.0316277,0
17,1.2,0,0.33368,-0.0313708,0
17,1.3,0,0.333643,-0.0309576,0
17,1.4,0,0.333563,-0.0304856,0
17,1.5,0,0.332793,-0.0300962,0
17,1.6,0,0.33215,-0.0293149,0
17,1.7,0,0.330937,-0.0286847,0
17,1.8,0,0.329072,-0.0278278,0
17,1.9,0,0.326981,-0.0268999,0
17,2,0,0.323705,-0.0259998,0
17,2.1,0,0.320408,-0.0246683,0
17,2.2,0,0.316153,-0.0234757,0
17,2.3,0,0.310817,-0.0220033,0
17,2.4,0,0.304985,-0.0204603,0
17,2.5,0,0.297603,-0.0189367,0
17,2.6,0,0.289986,-0.0169791,0
17,2.7,0,0.28118,-0.0151883,0
17,2.8,0,0.271189,-0.013156,0
17,2.9,0,0.260555,-0.0111036,0
17,3,0,0.248602,-0.0091451,0
17,3.1,0,0.236447,-0.00684637,0
17,3.2,0,0.223335,-0.00479528,0
17,3.3,0,0.209662,-0.00264249,0
17,3.4,0,0.195587,-0.00057655,0
17,3.5,0,0.181074,0.00127713,0
17,3.6,0,0.16681,0.00333145,0
17,3.7,0,0.15223,0.00505929,0
17,3.8,0,0.138096,0.00676692,0
17,3.9,0,0.124055,0.00831534,0
17,4,0,0.11054,0.00957237,0
17,4.1,0,0.0977066,0.0109939,0
17,4.2,0,0.0851962,0.0120386,0
17,4.3,0,0.0738106,0.0130156,0
17,4.4,0,0.0628641,0.0138465,0
17,4.5,0,0.0530076,0.0143084,0
17,4.6,0,0.0439091,0.0150058,0
17,4.7,0,0.0354838,0.0153065,0
17,4.8,0,0.0283389,0.0155219,0
17,4.9,0,0.0223601,0.0156764,0
17,5,0,0.0181702,0.0154525,0
17,5.1,0,0.0115134,0.0152797,0
17,5.2,0,0.00758066,0.0150504,0
17,5.3,0,0.00444547,0.0147322,0
17,5.4,0,0.00208158,0.0143319,0
17,5.5,0,0.000462775,0.0138594,0
17,5.6,0,-0.000435871,0.0133239,0
17,5.7,0,-0.000636953,0.0127343,0
17,5.8,0,-0.000160008,0.012099,0
17,5.9,0,0.000978885,0.0114257,0
17,6,0,0.00276723,0.0107218,0
17,6.1,0,0.00519602,0.00999383,0
17,6.2,0,0.0082594,0.00924817,0
17,6.3,0,0.0119544,0.00849052,0
17,6.4,0,0.0162804,0.00772647,0
17,6.5,0,0.0212387,0.00696174,0
17,6.6,0,0.0268324,0.00620221,0
17,6.7,0,0.0330657,0.00545427,0
17,6.8,0,0.039944,0.00472526,0
17,6.9,0,0.0474731,0.00402272,0
17,7,0,0.0595042,0.00305755,0
17,7.1,0,0.0656967,0.0027305,0
17,7.2,0,0.0738902,0.00227895,0
17,7.3,0,0.0840795,0.00163295,0
17,7.4,0,0.0946169,0.00125559,0
17,7.5,0,0.106106,0.00092314,0
17,7.6,0,0.118131,0.0005686,0
17,7.7,0,0.13047,0.000479245,0
17,7.8,0,0.143611,0.000464041,0
17,7.9,0,0.156887,0.000476129,0
17,8,0,0.17042,0.000742375,0
17,8.1,0,0.184363,0.00104857,0
17,8.2,0,0.198014,0.00140367,0
17,8.3,0,0.211548,0.00196392,0
17,8.4,0,0.224969,0.00247933,0
17,8.5,0,0.237814,0.00306746,0
17,8.6,0,0.249893,0.00375338,0
17,8.7,0,0.261424,0.00429987,0
17,8.8,0,0.272225,0.0049633,0
17,8.9,0,0.281872,0.0055978,0
17,9,0,0.290626,0.00603058,0
17,9.1,0,0.298656,0.00660621,0
17,9.2,0,0.305583,0.0070895,0
17,9.3,0,0.311411,0.00735162,0
17,9.4,0,0.31666,0.00773677,0
17,9.5,0,0.32094,0.00800041,0
17,9.6,0,0.324411,0.0081207,0
17,9.7,0,0.327338,0.00831069,0
17,9.8,0,0.32952,0.00837928,0
17,9.9,0,0.331256,0.00839097,0
17,10,0,0.332503,0.00842813,0
17,10.1,0,0.33322,0.00835934,0
17,10.2,0,0.333808,0.00830138,0
17,10.3,0,0.333969,0.00824115,0
17,10.4,0,0.333751,0.00809259,0
17,10.5,0,0.333651,0.00799865,0
17,10.6,0,0.333174,0.00788908,0
17,10.7,0,0.332395,0.0077035,0
17,10.8,0,0.331892,0.00759765,0
17,10.9,0,0.331107,0.00747402,0
17,11,0,0.330053,0.00728669,0
17,11.1,0,0.329327,0.00718213,0
17,11.2,0,0.328373,0.00705683,0
17,11.3,0,0.327234,0.00688671,0
17,11.4,0,0.326389,0.00679373,0
17,11.5,0,0.325329,0.00666394,0
17,11.6,0,0.324249,0.00652863,0
17,11.7,0,0.323378,0.00645203,0
17,11.8,0,0.322298,0.00631218,0
17,11.9,0,0.321379,0.00622479,0
17,12,0,0.32058,0.00615527,0
17,12.1,0,0.319591,0.00598435,0
17,12.2,0,0.318958,0.00595752,0
17,12.3,0,0.318364,0.00587518,0
17,12.4,0,0.317616,0.00564471,0
17,12.5,0,0.317412,0.00570995,0
17,12.6,0,0.317185,0.00566116,0
17,12.7,0,0.316838,0.00543936,0
17.1,0,0,0.326968,-0.0326409,0
17.1,0.1,0,0.327082,-0.0324558,0
17.1,0.2,0,0.327475,-0.0325812,0
17.1,0.3,0,0.328053,-0.0326094,0
17.1,0.4,0,0.328774,-0.0325354,0
17.1,0.5,0,0.329396,-0.0326911,0
17.1,0.6,0,0.330274,-0.0324283,0
17.1,0.7,0,0.330945,-0.0324308,0
17.1,0.8,0,0.331619,-0.032282,0
17.1,0.9,0,0.33237,-0.0320153,0
17.1,1,0,0.332606,-0.0319814,0
17.1,1.1,0,0.333211,-0.0314889,0
17.1,1.2,0,0.333257,-0.0312579,0
17.1,1.3,0,0.33322,-0.0308447,0
17.1,1.4,0,0.333225,-0.0302999,0
17.1,1.5,0,0.332173,-0.0299291,0
17.1,1.6,0,0.331684,-0.0290812,0
17.1,1.7,0,0.33007,-0.0284502,0
17.1,1.8,0,0.328206,-0.0275932,0
17.1,1.9,0,0.326299,-0.0265919,0
17.1,2,0,0.322547,-0.0256863,0
17.1,2.1,0,0.319528,-0.0242891,0
17.1,2.2,0,0.314682,-0.0230762,0
17.1,2.3,0,0.309346,-0.0216037,0
17.1,2.4,0,0.30382,-0.0199836,0
17.1,2.5,0,0.295834,-0.0184499,0
17.1,2.6,0,0.288591,-0.0164175,0
17.1,2.7,0,0.279176,-0.014619,0
17.1,2.8,0,0.269185,-0.0125867,0
17.1,2.9,0,0.258918,-0.0104415,0
17.1,3,0,0.246475,-0.00850187,0
17.1,3.1,0,0.234661,-0.00610329,0
17.1,3.2,0,0.221225,-0.00408789,0
17.1,3.3,0,0.207552,-0.0019351,0
17.1,3.4,0,0.193758,0.000250742,0
17.1,3.5,0,0.179121,0.00204035,0
17.1,3.6,0,0.16502,0.00421962,0
17.1,3.7,0,0.150546,0.00587262,0
17.1,3.8,0,0.136412,0.00758024,0
17.1,3.9,0,0.122462,0.00926603,0
17.1,4,0,0.109199,0.0104285,0
17.1,4.1,0,0.0963241,0.0119891,0
17.1,4.2,0,0.0842316,0.0129255,0
17.1,4.3,0,0.072846,0.0139025,0
17.1,4.4,0,0.0618197,0.0148763,0
17.1,4.5,0,0.0524214,0.0152111,0
17.1,4.6,0,0.0431539,0.0160489,0
17.1,4.7,0,0.035251,0.0162111,0
17.1,4.8,0,0.0281061,0.0164266,0
17.1,4.9,0,0.0217107,0.0167098,0
17.1,5,0,0.0182039,0.0163512,0
17.1,5.1,0,0.0116958,0.0161723,0
17.1,5.2,0,0.00786095,0.0159376,0
17.1,5.3,0,0.00481383,0.0156137,0
17.1,5.4,0,0.00252815,0.0152077,0
17.1,5.5,0,0.000977827,0.0147296,0
17.1,5.6,0,0.000138277,0.0141888,0
17.1,5.7,0,-1.26355e-05,0.0135944,0
17.1,5.8,0,0.000506128,0.0129549,0
17.1,5.9,0,0.00167913,0.012278,0
17.1,6,0,0.00349453,0.011571,0
17.1,6.1,0,0.00594394,0.0108406,0
17.1,6.2,0,0.00902206,0.0100928,0
17.1,6.3,0,0.0127263,0.00933317,0
17.1,6.4,0,0.0170563,0.00856716,0
17.1,6.5,0,0.0220134,0.00780015,0
17.1,6.6,0,0.0276003,0.00703768,0
17.1,6.7,0,0.033821,0.00628576,0
17.1,6.8,0,0.0406799,0.00555126,0
17.1,6.9,0,0.0481822,0.00484132,0
17.1,7,0,0.0601597,0.00386178,0
17.1,7.1,0,0.0658081,0.00356858,0
17.1,7.2,0,0.0742658,0.00306125,0
17.1,7.3,0,0.0845947,0.00239895,0
17.1,7.4,0,0.0946255,0.00199085,0
17.1,7.5,0,0.106375,0.00161555,0
17.1,7.6,0,0.1184,0.00126101,0
17.1,7.7,0,0.130202,0.00109685,0
17.1,7.8,0,0.143574,0.00105107,0
17.1,7.9,0,0.15685,0.00106316,0
17.1,8,0,0.170003,0.00124165,0
17.1,8.1,0,0.184034,0.00151211,0
17.1,8.2,0,0.197685,0.00186721,0
17.1,8.3,0,0.211137,0.00236208,0
17.1,8.4,0,0.224447,0.00282189,0
17.1,8.5,0,0.237292,0.00341003,0
17.1,8.6,0,0.249562,0.00405853,0
17.1,8.7,0,0.260853,0.00454038,0
17.1,8.8,0,0.271797,0.0052102,0
17.1,8.9,0,0.281553,0.00580194,0
17.1,9,0,0.290133,0.00619296,0
17.1,9.1,0,0.298558,0.00680168,0
17.1,9.2,0,0.305254,0.00719806,0
17.1,9.3,0,0.311067,0.00745643,0
17.1,9.4,0,0.316873,0.00789962,0
17.1,9.5,0,0.320757,0.00806237,0
17.1,9.6,0,0.324229,0.00818266,0
17.1,9.7,0,0.327615,0.00842551,0
17.1,9.8,0,0.329475,0.00840789,0
17.1,9.9,0,0.331211,0.00841959,0
17.1,10,0,0.332804,0.00849759,0
17.1,10.1,0,0.33327,0.00836013,0
17.1,10.2,0,0.333858,0.00830217,0
17.1,10.3,0,0.33427,0.00826976,0
17.1,10.4,0,0.333856,0.00806843,0
17.1,10.5,0,0.333763,0.0079751,0
17.1,10.6,0,0.33341,0.00786884,0
17.1,10.7,0,0.332523,0.00765603,0
17.1,10.8,0,0.33208,0.00755481,0
17.1,10.9,0,0.331278,0.00741407,0
17.1,11,0,0.330183,0.00721713,0
17.1,11.1,0,0.329555,0.00712074,0
17.1,11.2,0,0.328492,0.00696633,0
17.1,11.3,0,0.327353,0.00679621,0
17.1,11.4,0,0.326622,0.00671819,0
17.1,11.5,0,0.325432,0.00655377,0
17.1,11.6,0,0.324352,0.00641845,0
17.1,11.7,0,0.323587,0.00636781,0
17.1,11.8,0,0.322384,0.00618385,0
17.1,11.9,0,0.321465,0.00609646,0
17.1,12,0,0.32076,0.00607121,0
17.1,12.1,0,0.319662,0.0058398,0
17.1,12.2,0,0.319029,0.00581297,0
17.1,12.3,0,0.318504,0.00578948,0
17.1,12.4,0,0.317676,0.00548246,0
17.1,12.5,0,0.317481,0.0055601,0
17.1,12.6,0,0.317274,0.00553584,0
17.1,12.7,0,0.316895,0.00526698,0
17.2,0,0,0.327006,-0.0326484,0
17.2,0.1,0,0.327121,-0.0324633,0
17.2,0.2,0,0.327484,-0.0325804,0
17.2,0.3,0,0.328063,-0.0326086,0
17.2,0.4,0,0.328714,-0.0325167,0
17.2,0.5,0,0.329335,-0.0326725,0
17.2,0.6,0,0.330214,-0.0324097,0
17.2,0.7,0,0.330792,-0.0323898,0
17.2,0.8,0,0.331466,-0.0322411,0
17.2,0.9,0,0.3321,-0.0319439,0
17.2,1,0,0.332336,-0.03191,0
17.2,1.1,0,0.33294,-0.0314175,0
17.2,1.2,0,0.332834,-0.031145,0
17.2,1.3,0,0.332797,-0.0307318,0
17.2,1.4,0,0.332605,-0.0301327,0
17.2,1.5,0,0.331553,-0.0297619,0
17.2,1.6,0,0.331064,-0.0289141,0
17.2,1.7,0,0.329203,-0.0282156,0
17.2,1.8,0,0.327339,-0.0273586,0
17.2,1.9,0,0.325141,-0.0262784,0
17.2,2,0,0.32139,-0.0253728,0
17.2,2.1,0,0.318371,-0.0239756,0
17.2,2.2,0,0.313211,-0.0226766,0
17.2,2.3,0,0.307876,-0.0212041,0
17.2,2.4,0,0.302051,-0.0194967,0
17.2,2.5,0,0.294065,-0.017963,0
17.2,2.6,0,0.286822,-0.0159306,0
17.2,2.7,0,0.277172,-0.0140497,0
17.2,2.8,0,0.267181,-0.0120174,0
17.2,2.9,0,0.256791,-0.00979828,0
17.2,3,0,0.244348,-0.00785864,0
17.2,3.1,0,0.232534,-0.00546006,0
17.2,3.2,0,0.219115,-0.00338051,0
17.2,3.3,0,0.205443,-0.00122771,0
17.2,3.4,0,0.191804,0.00101396,0
17.2,3.5,0,0.177167,0.00280357,0
17.2,3.6,0,0.163067,0.00498284,0
17.2,3.7,0,0.148862,0.00668594,0
17.2,3.8,0,0.134728,0.00839357,0
17.2,3.9,0,0.12112,0.0101222,0
17.2,4,0,0.107857,0.0112847,0
17.2,4.1,0,0.0949825,0.0128452,0
17.2,4.2,0,0.0832669,0.0138123,0
17.2,4.3,0,0.0718813,0.0147893,0
17.2,4.4,0,0.0612335,0.015779,0
17.2,4.5,0,0.0518352,0.0161139,0
17.2,4.6,0,0.0425677,0.0169517,0
17.2,4.7,0,0.0350183,0.0171158,0
17.2,4.8,0,0.0278733,0.0173312,0
17.2,4.9,0,0.0217444,0.0176086,0
17.2,5,0,0.0182376,0.01725,0
17.2,5.1,0,0.0118782,0.0170648,0
17.2,5.2,0,0.00814123,0.0168248,0
17.2,5.3,0,0.00518219,0.0164952,0
17.2,5.4,0,0.00297471,0.0160835,0
17.2,5.5,0,0.00149288,0.0155997,0
17.2,5.6,0,0.000712425,0.0150537,0
17.2,5.7,0,0.000611682,0.0144545,0
17.2,5.8,0,0.00117226,0.0138108,0
17.2,5.9,0,0.00237937,0.0131303,0
17.2,6,0,0.00422182,0.0124203,0
17.2,6.1,0,0.00669186,0.0116873,0
17.2,6.2,0,0.00978471,0.0109373,0
17.2,6.3,0,0.0134982,0.0101758,0
17.2,6.4,0,0.0178322,0.00940785,0
17.2,6.5,0,0.022788,0.00863856,0
17.2,6.6,0,0.0283683,0.00787315,0
17.2,6.7,0,0.0345763,0.00711725,0
17.2,6.8,0,0.0414159,0.00637727,0
17.2,6.9,0,0.0488911,0.00565993,0
17.2,7,0,0.0608153,0.00466601,0
17.2,7.1,0,0.0664637,0.00437281,0
17.2,7.2,0,0.074781,0.00382725,0
17.2,7.3,0,0.0851099,0.00316495,0
17.2,7.4,0,0.0951407,0.00275685,0
17.2,7.5,0,0.106644,0.00230797,0
17.2,7.6,0,0.118669,0.00195343,0
17.2,7.7,0,0.130319,0.00176455,0
17.2,7.8,0,0.143537,0.00163809,0
17.2,7.9,0,0.156813,0.00165018,0
17.2,8,0,0.169743,0.00175258,0
17.2,8.1,0,0.183705,0.00197566,0
17.2,8.2,0,0.197356,0.00233075,0
17.2,8.3,0,0.210635,0.00271464,0
17.2,8.4,0,0.223925,0.00316446,0
17.2,8.5,0,0.23677,0.00375259,0
17.2,8.6,0,0.248991,0.00429903,0
17.2,8.7,0,0.260282,0.00478088,0
17.2,8.8,0,0.271226,0.00545071,0
17.2,8.9,0,0.28106,0.00596433,0
17.2,9,0,0.28964,0.00635535,0
17.2,9.1,0,0.298065,0.00696407,0
17.2,9.2,0,0.30491,0.00730287,0
17.2,9.3,0,0.310723,0.00756125,0
17.2,9.4,0,0.316558,0.00800749,0
17.2,9.5,0,0.320575,0.00812433,0
17.2,9.6,0,0.324047,0.00824463,0
17.2,9.7,0,0.327572,0.00849454,0
17.2,9.8,0,0.329429,0.00843651,0
17.2,9.9,0,0.331165,0.0084482,0
17.2,10,0,0.332899,0.00852067,0
17.2,10.1,0,0.33332,0.00836091,0
17.2,10.2,0,0.333908,0.00830295,0
17.2,10.3,0,0.334385,0.00824838,0
17.2,10.4,0,0.333961,0.00804428,0
17.2,10.5,0,0.333868,0.00795094,0
17.2,10.6,0,0.333538,0.00782137,0
17.2,10.7,0,0.332651,0.00760855,0
17.2,10.8,0,0.332208,0.00750734,0
17.2,10.9,0,0.331407,0.0073445,0
17.2,11,0,0.330312,0.00714756,0
17.2,11.1,0,0.329685,0.00705117,0
17.2,11.2,0,0.328611,0.00687584,0
17.2,11.3,0,0.327472,0.00670572,0
17.2,11.4,0,0.326761,0.00663038,0
17.2,11.5,0,0.325535,0.00644359,0
17.2,11.6,0,0.324455,0.00630828,0
17.2,11.7,0,0.323711,0.00625848,0
17.2,11.8,0,0.32247,0.00605552,0
17.2,11.9,0,0.321551,0.00596813,0
17.2,12,0,0.320859,0.0059427,0
17.2,12.1,0,0.319733,0.00569525,0
17.2,12.2,0,0.3191,0.00566842,0
17.2,12.3,0,0.318564,0.00562723,0
17.2,12.4,0,0.317736,0.00532021,0
17.2,12.5,0,0.317542,0.00539785,0
17.2,12.6,0,0.317331,0.00536347,0
17.2,12.7,0,0.316951,0.00509461,0
17.3,0,0,0.327044,-0.0326559,0
17.3,0.1,0,0.327188,-0.0325137,0
17.3,0.2,0,0.327493,-0.0325796,0
17.3,0.3,0,0.328072,-0.0326079,0
17.3,0.4,0,0.328667,-0.0325399,0
17.3,0.5,0,0.329274,-0.0326538,0
17.3,0.6,0,0.330083,-0.0324214,0
17.3,0.7,0,0.330639,-0.0323489,0
17.3,0.8,0,0.331313,-0.0322002,0
17.3,0.9,0,0.331801,-0.0319201,0
17.3,1,0,0.332065,-0.0318386,0
17.3,1.1,0,0.332523,-0.0313679,0
17.3,1.2,0,0.332411,-0.0310322,0
17.3,1.3,0,0.332374,-0.0306189,0
17.3,1.4,0,0.331909,-0.0300143,0
17.3,1.5,0,0.330933,-0.0295948,0
17.3,1.6,0,0.330173,-0.0287511,0
17.3,1.7,0,0.328337,-0.027981,0
17.3,1.8,0,0.326472,-0.027124,0
17.3,1.9,0,0.32383,-0.0260123,0
17.3,2,0,0.320233,-0.0250593,0
17.3,2.1,0,0.316809,-0.0236537,0
17.3,2.2,0,0.311741,-0.022277,0
17.3,2.3,0,0.306405,-0.0208045,0
17.3,2.4,0,0.300039,-0.0190593,0
17.3,2.5,0,0.292296,-0.0174762,0
17.3,2.6,0,0.28463,-0.0154443,0
17.3,2.7,0,0.275168,-0.0134804,0
17.3,2.8,0,0.265177,-0.0114481,0
17.3,2.9,0,0.25439,-0.0092167,0
17.3,3,0,0.242221,-0.00721541,0
17.3,3.1,0,0.230172,-0.00484725,0
17.3,3.2,0,0.217006,-0.00267312,0
17.3,3.3,0,0.203333,-0.000520328,0
17.3,3.4,0,0.18966,0.00169461,0
17.3,3.5,0,0.175214,0.00356678,0
17.3,3.6,0,0.16117,0.00568838,0
17.3,3.7,0,0.147178,0.00749927,0
17.3,3.8,0,0.133044,0.00920689,0
17.3,3.9,0,0.119738,0.0108822,0
17.3,4,0,0.106516,0.0121409,0
17.3,4.1,0,0.0939156,0.013621,0
17.3,4.2,0,0.0823023,0.0146992,0
17.3,4.3,0,0.0709167,0.0156762,0
17.3,4.4,0,0.0607322,0.0165796,0
17.3,4.5,0,0.051249,0.0170166,0
17.3,4.6,0,0.0423333,0.0177542,0
17.3,4.7,0,0.0347855,0.0180204,0
17.3,4.8,0,0.0276406,0.0182359,0
17.3,4.9,0,0.0220982,0.0184139,0
17.3,5,0,0.0182713,0.0181487,0
17.3,5.1,0,0.0120606,0.0179574,0
17.3,5.2,0,0.00842152,0.017712,0
17.3,5.3,0,0.00555054,0.0173767,0
17.3,5.4,0,0.00342127,0.0169592,0
17.3,5.5,0,0.00200793,0.0164699,0
17.3,5.6,0,0.00128657,0.0159186,0
17.3,5.7,0,0.001236,0.0153146,0
17.3,5.8,0,0.0018384,0.0146667,0
17.3,5.9,0,0.00307961,0.0139826,0
17.3,6,0,0.00494912,0.0132695,0
17.3,6.1,0,0.00743977,0.012534,0
17.3,6.2,0,0.0105474,0.0117819,0
17.3,6.3,0,0.0142701,0.0110185,0
17.3,6.4,0,0.0186081,0.0102485,0
17.3,6.5,0,0.0235627,0.00947697,0
17.3,6.6,0,0.0291362,0.00870862,0
17.3,6.7,0,0.0353315,0.00794874,0
17.3,6.8,0,0.0421518,0.00720328,0
17.3,6.9,0,0.0496002,0.00647853,0
17.3,7,0,0.0614708,0.00547024,0
17.3,7.1,0,0.067372,0.00514751,0
17.3,7.2,0,0.0752962,0.00459326,0
17.3,7.3,0,0.0856251,0.00393096,0
17.3,7.4,0,0.0958594,0.00349558,0
17.3,7.5,0,0.106914,0.00300038,0
17.3,7.6,0,0.118938,0.00264584,0
17.3,7.7,0,0.130819,0.00242639,0
17.3,7.8,0,0.143501,0.00222512,0
17.3,7.9,0,0.156776,0.00223721,0
17.3,8,0,0.169794,0.00230387,0
17.3,8.1,0,0.183377,0.0024392,0
17.3,8.2,0,0.197027,0.0027943,0
17.3,8.3,0,0.210189,0.003118,0
17.3,8.4,0,0.223404,0.00350702,0
17.3,8.5,0,0.236248,0.00409515,0
17.3,8.6,0,0.248282,0.00455109,0
17.3,8.7,0,0.259711,0.00502138,0
17.3,8.8,0,0.270638,0.00568725,0
17.3,8.9,0,0.280484,0.00612303,0
17.3,9,0,0.289147,0.00651774,0
17.3,9.1,0,0.297386,0.00708145,0
17.3,9.2,0,0.304565,0.00740769,0
17.3,9.3,0,0.310378,0.00766606,0
17.3,9.4,0,0.315896,0.00803133,0
17.3,9.5,0,0.320393,0.0081863,0
17.3,9.6,0,0.323865,0.00830659,0
17.3,9.7,0,0.327068,0.0084703,0
17.3,9.8,0,0.329384,0.00846512,0
17.3,9.9,0,0.33112,0.00847682,0
17.3,10,0,0.332603,0.00848061,0
17.3,10.1,0,0.33337,0.0083617,0
17.3,10.2,0,0.333958,0.00830374,0
17.3,10.3,0,0.334288,0.00820189,0
17.3,10.4,0,0.334065,0.00802012,0
17.3,10.5,0,0.333972,0.00792679,0
17.3,10.6,0,0.333588,0.00776663,0
17.3,10.7,0,0.332779,0.00756108,0
17.3,10.8,0,0.332312,0.00745433,0
17.3,10.9,0,0.331532,0.0072745,0
17.3,11,0,0.330442,0.007078,0
17.3,11.1,0,0.329741,0.00696452,0
17.3,11.2,0,0.32873,0.00678534,0
17.3,11.3,0,0.327591,0.00661522,0
17.3,11.4,0,0.32676,0.00650768,0
17.3,11.5,0,0.325638,0.00633341,0
17.3,11.6,0,0.324558,0.0061981,0
17.3,11.7,0,0.323691,0.00610418,0
17.3,11.8,0,0.322556,0.00592719,0
17.3,11.9,0,0.321637,0.00583981,0
17.3,12,0,0.320837,0.00575389,0
17.3,12.1,0,0.319805,0.0055507,0
17.3,12.2,0,0.319171,0.00552387,0
17.3,12.3,0,0.318574,0.00542107,0
17.3,12.4,0,0.317797,0.00515796,0
17.3,12.5,0,0.317602,0.0052356,0
17.3,12.6,0,0.31737,0.00516865,0
17.3,12.7,0,0.317007,0.00492224,0
17.4,0,0,0.327083,-0.0326634,0
17.4,0.1,0,0.327272,-0.0325873,0
17.4,0.2,0,0.327517,-0.0325937,0
17.4,0.3,0,0.328071,-0.0326164,0
17.4,0.4,0,0.328629,-0.0325856,0
17.4,0.5,0,0.329214,-0.0326352,0
17.4,0.6,0,0.329915,-0.0324494,0
17.4,0.7,0,0.330483,-0.0323218,0
17.4,0.8,0,0.331128,-0.0321678,0
17.4,0.9,0,0.331488,-0.0319218,0
17.4,1,0,0.331795,-0.0317672,0
17.4,1.1,0,0.332026,-0.0313299,0
17.4,1.2,0,0.331974,-0.0309343,0
17.4,1.3,0,0.331889,-0.0305102,0
17.4,1.4,0,0.331173,-0.0299221,0
17.4,1.5,0,0.330313,-0.0294277,0
17.4,1.6,0,0.329135,-0.0285904,0
17.4,1.7,0,0.327436,-0.0277612,0
17.4,1.8,0,0.3255,-0.0268882,0
17.4,1.9,0,0.322436,-0.0257715,0
17.4,2,0,0.319076,-0.0247459,0
17.4,2.1,0,0.315031,-0.0233271,0
17.4,2.2,0,0.310208,-0.021892,0
17.4,2.3,0,0.3048,-0.0204027,0
17.4,2.4,0,0.297896,-0.0186485,0
17.4,2.5,0,0.290526,-0.0169894,0
17.4,2.6,0,0.28221,-0.0149581,0
17.4,2.7,0,0.273081,-0.0129277,0
17.4,2.8,0,0.263065,-0.010883,0
17.4,2.9,0,0.251843,-0.00866831,0
17.4,3,0,0.240094,-0.00657218,0
17.4,3.1,0,0.227683,-0.00425081,0
17.4,3.2,0,0.21482,-0.00198792,0
17.4,3.3,0,0.201196,0.000172819,0
17.4,3.4,0,0.187412,0.0023308,0
17.4,3.5,0,0.173261,0.00433,0
17.4,3.6,0,0.159305,0.00636287,0
17.4,3.7,0,0.145458,0.00828483,0
17.4,3.8,0,0.131416,0.00999921,0
17.4,3.9,0,0.118334,0.0115905,0
17.4,4,0,0.105174,0.012997,0
17.4,4.1,0,0.0929965,0.0143534,0
17.4,4.2,0,0.0813467,0.0155552,0
17.4,4.3,0,0.0700538,0.0165349,0
17.4,4.4,0,0.0602766,0.0173253,0
17.4,4.5,0,0.0506628,0.0179193,0
17.4,4.6,0,0.0422883,0.0185029,0
17.4,4.7,0,0.0345903,0.0188939,0
17.4,4.8,0,0.0275596,0.0191106,0
17.4,4.9,0,0.0226245,0.0191689,0
17.4,5,0,0.018305,0.0190474,0
17.4,5.1,0,0.012243,0.0188499,0
17.4,5.2,0,0.00870181,0.0185993,0
17.4,5.3,0,0.0059189,0.0182582,0
17.4,5.4,0,0.00386784,0.017835,0
17.4,5.5,0,0.00252298,0.01734,0
17.4,5.6,0,0.00186072,0.0167835,0
17.4,5.7,0,0.00186032,0.0161747,0
17.4,5.8,0,0.00250454,0.0155226,0
17.4,5.9,0,0.00377985,0.0148348,0
17.4,6,0,0.00567642,0.0141188,0
17.4,6.1,0,0.00818769,0.0133808,0
17.4,6.2,0,0.01131,0.0126265,0
17.4,6.3,0,0.015042,0.0118611,0
17.4,6.4,0,0.019384,0.0110892,0
17.4,6.5,0,0.0243374,0.0103154,0
17.4,6.6,0,0.0299041,0.0095441,0
17.4,6.7,0,0.0360868,0.00878023,0
17.4,6.8,0,0.0428877,0.00802929,0
17.4,6.9,0,0.0503091,0.00729713,0
17.4,7,0,0.0621263,0.00627446,0
17.4,7.1,0,0.0688876,0.00585126,0
17.4,7.2,0,0.0767241,0.00530247,0
17.4,7.3,0,0.0861403,0.00469696,0
17.4,7.4,0,0.0966759,0.00422122,0
17.4,7.5,0,0.107473,0.00371042,0
17.4,7.6,0,0.119207,0.00333825,0
17.4,7.7,0,0.131319,0.00308822,0
17.4,7.8,0,0.143544,0.0028233,0
17.4,7.9,0,0.156739,0.00282424,0
17.4,8,0,0.169845,0.00285517,0
17.4,8.1,0,0.183048,0.00290274,0
17.4,8.2,0,0.196668,0.00324248,0
17.4,8.3,0,0.209749,0.00352596,0
17.4,8.4,0,0.222882,0.00384959,0
17.4,8.5,0,0.235528,0.00438444,0
17.4,8.6,0,0.247459,0.00481267,0
17.4,8.7,0,0.25914,0.00526189,0
17.4,8.8,0,0.269651,0.00582754,0
17.4,8.9,0,0.279497,0.00626332,0
17.4,9,0,0.288653,0.00668012,0
17.4,9.1,0,0.296453,0.00713696,0
17.4,9.2,0,0.303759,0.00747379,0
17.4,9.3,0,0.310034,0.00777087,0
17.4,9.4,0,0.315157,0.00803525,0
17.4,9.5,0,0.319986,0.00822484,0
17.4,9.6,0,0.323683,0.00836855,0
17.4,9.7,0,0.326563,0.00844607,0
17.4,9.8,0,0.329328,0.00849258,0
17.4,9.9,0,0.331069,0.00850393,0
17.4,10,0,0.332307,0.00844055,0
17.4,10.1,0,0.33342,0.00836249,0
17.4,10.2,0,0.333929,0.00828323,0
17.4,10.3,0,0.334142,0.00814991,0
17.4,10.4,0,0.33417,0.00799596,0
17.4,10.5,0,0.333951,0.00787077,0
17.4,10.6,0,0.333532,0.00770189,0
17.4,10.7,0,0.332907,0.00751361,0
17.4,10.8,0,0.332298,0.00737365,0
17.4,10.9,0,0.331517,0.00719382,0
17.4,11,0,0.330572,0.00700843,0
17.4,11.1,0,0.329737,0.00686379,0
17.4,11.2,0,0.328768,0.00668811,0
17.4,11.3,0,0.32771,0.00652473,0
17.4,11.4,0,0.32675,0.00638255,0
17.4,11.5,0,0.32571,0.00621911,0
17.4,11.6,0,0.324662,0.00608792,0
17.4,11.7,0,0.323672,0.00594989,0
17.4,11.8,0,0.322642,0.00579887,0
17.4,11.9,0,0.321707,0.00570246,0
17.4,12,0,0.320814,0.00556508,0
17.4,12.1,0,0.319876,0.00540616,0
17.4,12.2,0,0.319197,0.00533543,0
17.4,12.3,0,0.31856,0.0051938,0
17.4,12.4,0,0.317857,0.00499571,0
17.4,12.5,0,0.317607,0.00499443,0
17.4,12.6,0,0.31737,0.00491989,0
17.4,12.7,0,0.317063,0.00474987,0
17.5,0,0,0.327121,-0.0326709,0
17.5,0.1,0,0.327355,-0.0326608,0
17.5,0.2,0,0.327601,-0.0326672,0
17.5,0.3,0,0.328033,-0.032662,0
17.5,0.4,0,0.32859,-0.0326313,0
17.5,0.5,0,0.329153,-0.0326166,0
17.5,0.6,0,0.329747,-0.0324773,0
17.5,0.7,0,0.330315,-0.0323497,0
17.5,0.8,0,0.330815,-0.0321695,0
17.5,0.9,0,0.331175,-0.0319235,0
17.5,1,0,0.331525,-0.0316958,0
17.5,1.1,0,0.331529,-0.0312919,0
17.5,1.2,0,0.331477,-0.0308963,0
17.5,1.3,0,0.331153,-0.030418,0
17.5,1.4,0,0.330438,-0.0298299,0
17.5,1.5,0,0.329693,-0.0292605,0
17.5,1.6,0,0.328098,-0.0284297,0
17.5,1.7,0,0.326398,-0.0276004,0
17.5,1.8,0,0.324106,-0.0266475,0
17.5,1.9,0,0.321042,-0.0255308,0
17.5,2,0,0.317918,-0.0244324,0
17.5,2.1,0,0.313252,-0.0230005,0
17.5,2.2,0,0.308429,-0.0215654,0
17.5,2.3,0,0.302657,-0.0199919,0
17.5,2.4,0,0.295754,-0.0182377,0
17.5,2.5,0,0.288757,-0.0165025,0
17.5,2.6,0,0.27979,-0.014472,0
17.5,2.7,0,0.270661,-0.0124416,0
17.5,2.8,0,0.260517,-0.0103346,0
17.5,2.9,0,0.249295,-0.00811993,0
17.5,3,0,0.237967,-0.00592895,0
17.5,3.1,0,0.225195,-0.00365437,0
17.5,3.2,0,0.212332,-0.00139148,0
17.5,3.3,0,0.198948,0.00080901,0
17.5,3.4,0,0.185165,0.00296699,0
17.5,3.5,0,0.171308,0.00509322,0
17.5,3.6,0,0.157439,0.00703736,0
17.5,3.7,0,0.143592,0.00895931,0
17.5,3.8,0,0.130012,0.0107075,0
17.5,3.9,0,0.11693,0.0122988,0
17.5,4,0,0.103833,0.0138532,0
17.5,4.1,0,0.0920775,0.0150859,0
17.5,4.2,0,0.0804276,0.0162877,0
17.5,4.3,0,0.0695983,0.0172805,0
17.5,4.4,0,0.0598211,0.0180709,0
17.5,4.5,0,0.0500766,0.018822,0
17.5,4.6,0,0.0422433,0.0192515,0
17.5,4.7,0,0.0345453,0.0196425,0
17.5,4.8,0,0.0280859,0.0198655,0
17.5,4.9,0,0.0231507,0.0199238,0
17.5,5,0,0.0183387,0.0199462,0
17.5,5.1,0,0.0124254,0.0197425,0
17.5,5.2,0,0.00898209,0.0194865,0
17.5,5.3,0,0.00628726,0.0191397,0
17.5,5.4,0,0.0043144,0.0187107,0
17.5,5.5,0,0.00303804,0.0182102,0
17.5,5.6,0,0.00243487,0.0176484,0
17.5,5.7,0,0.00248464,0.0170348,0
17.5,5.8,0,0.00317067,0.0163785,0
17.5,5.9,0,0.0044801,0.0156871,0
17.5,6,0,0.00640371,0.0149681,0
17.5,6.1,0,0.00893561,0.0142275,0
17.5,6.2,0,0.0120727,0.0134711,0
17.5,6.3,0,0.0158139,0.0127038,0
17.5,6.4,0,0.0201599,0.0119299,0
17.5,6.5,0,0.025112,0.0111538,0
17.5,6.6,0,0.0306721,0.0103796,0
17.5,6.7,0,0.036842,0.00961172,0
17.5,6.8,0,0.0436236,0.0088553,0
17.5,6.9,0,0.0510182,0.00811574,0
17.5,7,0,0.0627819,0.00707869,0
17.5,7.1,0,0.0704033,0.00655501,0
17.5,7.2,0,0.0782398,0.00600621,0
17.5,7.3,0,0.0866952,0.00545765,0
17.5,7.4,0,0.0974924,0.00494685,0
17.5,7.5,0,0.10829,0.00443606,0
17.5,7.6,0,0.119594,0.00401497,0
17.5,7.7,0,0.131819,0.00375006,0
17.5,7.8,0,0.144044,0.00348514,0
17.5,7.9,0,0.156781,0.00337929,0
17.5,8,0,0.169896,0.00340647,0
17.5,8.1,0,0.18301,0.00343364,0
17.5,8.2,0,0.196228,0.00365043,0
17.5,8.3,0,0.20931,0.00393391,0
17.5,8.4,0,0.222391,0.00421739,0
17.5,8.5,0,0.234706,0.00464602,0
17.5,8.6,0,0.246637,0.00507425,0
17.5,8.7,0,0.258568,0.00550249,0
17.5,8.8,0,0.268663,0.00596783,0
17.5,8.9,0,0.278509,0.00640361,0
17.5,9,0,0.28816,0.00684251,0
17.5,9.1,0,0.29552,0.00719247,0
17.5,9.2,0,0.302826,0.0075293,0
17.5,9.3,0,0.309588,0.00784958,0
17.5,9.4,0,0.314417,0.00803917,0
17.5,9.5,0,0.319246,0.00822876,0
17.5,9.6,0,0.323294,0.00837531,0
17.5,9.7,0,0.326059,0.00842183,0
17.5,9.8,0,0.328823,0.00846834,0
17.5,9.9,0,0.330772,0.00846387,0
17.5,10,0,0.33201,0.00840049,0
17.5,10.1,0,0.333248,0.00833711,0
17.5,10.2,0,0.333783,0.00823125,0
17.5,10.3,0,0.333997,0.00809793,0
17.5,10.4,0,0.33421,0.0079646,0
17.5,10.5,0,0.333895,0.00780602,0
17.5,10.6,0,0.333476,0.00763714,0
17.5,10.7,0,0.333035,0.00746614,0
17.5,10.8,0,0.332284,0.00729296,0
17.5,10.9,0,0.331503,0.00711313,0
17.5,11,0,0.330701,0.00693873,0
17.5,11.1,0,0.329733,0.00676306,0
17.5,11.2,0,0.328764,0.00658738,0
17.5,11.3,0,0.32778,0.00642086,0
17.5,11.4,0,0.326739,0.00625742,0
17.5,11.5,0,0.325699,0.00609398,0
17.5,11.6,0,0.32467,0.00594388,0
17.5,11.7,0,0.323652,0.00579559,0
17.5,11.8,0,0.322634,0.0056473,0
17.5,11.9,0,0.321685,0.00551365,0
17.5,12,0,0.320792,0.00537627,0
17.5,12.1,0,0.319899,0.00523889,0
17.5,12.2,0,0.319183,0.00510816,0
17.5,12.3,0,0.318545,0.00496653,0
17.5,12.4,0,0.317908,0.00482491,0
17.5,12.5,0,0.317607,0.00474568,0
17.5,12.6,0,0.31737,0.00467113,0
17.5,12.7,0,0.317119,0.0045775,0
17.6,0,0,0.327143,-0.0328132,0
17.6,0.1,0,0.327312,-0.032731,0
17.6,0.2,0,0.327557,-0.0327374,0
17.6,0.3,0,0.32796,-0.0327303,0
17.6,0.4,0,0.328517,-0.0326995,0
17.6,0.5,0,0.329062,-0.0327323,0
17.6,0.6,0,0.329608,-0.0325328,0
17.6,0.7,0,0.330176,-0.0324053,0
17.6,0.8,0,0.33058,-0.032205,0
17.6,0.9,0,0.330941,-0.031959,0
17.6,1,0,0.331183,-0.0317573,0
17.6,1.1,0,0.331167,-0.0312976,0
17.6,1.2,0,0.331115,-0.030902,0
17.6,1.3,0,0.330625,-0.0303817,0
17.6,1.4,0,0.32991,-0.0297936,0
17.6,1.5,0,0.328945,-0.0292253,0
17.6,1.6,0,0.327361,-0.0283378,0
17.6,1.7,0,0.325662,-0.0275085,0
17.6,1.8,0,0.323117,-0.0264866,0
17.6,1.9,0,0.320053,-0.0253699,0
17.6,2,0,0.316584,-0.0242515,0
17.6,2.1,0,0.311977,-0.0227589,0
17.6,2.2,0,0.307155,-0.0213238,0
17.6,2.3,0,0.301087,-0.0196612,0
17.6,2.4,0,0.294184,-0.017907,0
17.6,2.5,0,0.286799,-0.0161468,0
17.6,2.6,0,0.27795,-0.0140486,0
17.6,2.7,0,0.26882,-0.0120182,0
17.6,2.8,0,0.258473,-0.00981884,0
17.6,2.9,0,0.247251,-0.00760415,0
17.6,3,0,0.235674,-0.00540933,0
17.6,3.1,0,0.223051,-0.00305025,0
17.6,3.2,0,0.210188,-0.000787366,0
17.6,3.3,0,0.196831,0.00149178,0
17.6,3.4,0,0.183048,0.00364976,0
17.6,3.5,0,0.169225,0.00573457,0
17.6,3.6,0,0.155475,0.00778734,0
17.6,3.7,0,0.141629,0.0097093,0
17.6,3.8,0,0.128311,0.0115113,0
17.6,3.9,0,0.115229,0.0131026,0
17.6,4,0,0.102419,0.0145648,0
17.6,4.1,0,0.0907153,0.0159243,0
17.6,4.2,0,0.0790655,0.0171261,0
17.6,4.3,0,0.0686171,0.0181329,0
17.6,4.4,0,0.05884,0.0189233,0
17.6,4.5,0,0.0494859,0.0195422,0
17.6,4.6,0,0.0416483,0.0201,0
17.6,4.7,0,0.0339503,0.020491,0
17.6,4.8,0,0.0277329,0.0206928,0
17.6,4.9,0,0.0227978,0.0207511,0
17.6,5,0,0.0184031,0.0206375,0
17.6,5.1,0,0.0126411,0.0204239,0
17.6,5.2,0,0.00929578,0.0201607,0
17.6,5.3,0,0.00668762,0.0198073,0
17.6,5.4,0,0.00479034,0.0193722,0
17.6,5.5,0,0.00357889,0.0188665,0
17.6,5.6,0,0.00303057,0.0183004,0
17.6,5.7,0,0.00312592,0.0176836,0
17.6,5.8,0,0.00384911,0.0170249,0
17.6,5.9,0,0.00518822,0.0163323,0
17.6,6,0,0.00713497,0.0156128,0
17.6,6.1,0,0.00968434,0.0148725,0
17.6,6.2,0,0.012834,0.0141169,0
17.6,6.3,0,0.0165836,0.0133507,0
17.6,6.4,0,0.0209342,0.0125781,0
17.6,6.5,0,0.0258873,0.0118029,0
17.6,6.6,0,0.0314448,0.0110292,0
17.6,6.7,0,0.0376084,0.010261,0
17.6,6.8,0,0.0443792,0.00950296,0
17.6,6.9,0,0.051758,0.00876012,0
17.6,7,0,0.0634887,0.00771485,0
17.6,7.1,0,0.0706436,0.00729678,0
17.6,7.2,0,0.07848,0.00674798,0
17.6,7.3,0,0.0872089,0.00609054,0
17.6,7.4,0,0.0978385,0.00561206,0
17.6,7.5,0,0.108636,0.00510126,0
17.6,7.6,0,0.119723,0.00459225,0
17.6,7.7,0,0.131947,0.00432734,0
17.6,7.8,0,0.144172,0.00406242,0
17.6,7.9,0,0.156679,0.00384291,0
17.6,8,0,0.169793,0.00387008,0
17.6,8.1,0,0.182908,0.00389726,0
17.6,8.2,0,0.195961,0.00399493,0
17.6,8.3,0,0.209042,0.00427841,0
17.6,8.4,0,0.222125,0.00454697,0
17.6,8.5,0,0.234389,0.0048857,0
17.6,8.6,0,0.24632,0.00531393,0
17.6,8.7,0,0.258179,0.00566995,0
17.6,8.8,0,0.2684,0.00612557,0
17.6,8.9,0,0.278246,0.00656135,0
17.6,9,0,0.287822,0.00688585,0
17.6,9.1,0,0.295361,0.00728887,0
17.6,9.2,0,0.302666,0.0076257,0
17.6,9.3,0,0.309449,0.00787044,0
17.6,9.4,0,0.314363,0.00808902,0
17.6,9.5,0,0.319193,0.00827861,0
17.6,9.6,0,0.323321,0.00838951,0
17.6,9.7,0,0.326085,0.00843603,0
17.6,9.8,0,0.32885,0.00848254,0
17.6,9.9,0,0.330845,0.00845017,0
17.6,10,0,0.332083,0.0083868,0
17.6,10.1,0,0.333321,0.00832342,0
17.6,10.2,0,0.333872,0.00819415,0
17.6,10.3,0,0.334085,0.00806083,0
17.6,10.4,0,0.334306,0.00790198,0
17.6,10.5,0,0.333978,0.00774737,0
17.6,10.6,0,0.333559,0.00757849,0
17.6,10.7,0,0.333198,0.00735741,0
17.6,10.8,0,0.332345,0.00721265,0
17.6,10.9,0,0.331564,0.00703282,0
17.6,11,0,0.330824,0.00681768,0
17.6,11.1,0,0.329764,0.0066595,0
17.6,11.2,0,0.328795,0.00648383,0
17.6,11.3,0,0.327802,0.00629067,0
17.6,11.4,0,0.326736,0.0061279,0
17.6,11.5,0,0.325696,0.00596446,0
17.6,11.6,0,0.324631,0.00578505,0
17.6,11.7,0,0.323612,0.00563676,0
17.6,11.8,0,0.322594,0.00548847,0
17.6,11.9,0,0.321609,0.00532294,0
17.6,12,0,0.320716,0.00518557,0
17.6,12.1,0,0.319823,0.00504819,0
17.6,12.2,0,0.319072,0.00488528,0
17.6,12.3,0,0.318435,0.00474366,0
17.6,12.4,0,0.317918,0.00464202,0
17.6,12.5,0,0.317468,0.00445296,0
17.6,12.6,0,0.317231,0.00437842,0
17.6,12.7,0,0.317271,0.00445203,0
17.7,0,0,0.327159,-0.0330004,0
17.7,0.1,0,0.327226,-0.0328001,0
17.7,0.2,0,0.327492,-0.0328395,0
17.7,0.3,0,0.327895,-0.032837,0
17.7,0.4,0,0.328433,-0.0327753,0
17.7,0.5,0,0.328961,-0.0328928,0
17.7,0.6,0,0.329479,-0.0325975,0
17.7,0.7,0,0.33002,-0.0324917,0
17.7,0.8,0,0.33037,-0.0322788,0
17.7,0.9,0,0.330732,-0.0320057,0
17.7,1,0,0.330818,-0.0318629,0
17.7,1.1,0,0.33085,-0.0313178,0
17.7,1.2,0,0.330726,-0.0309351,0
17.7,1.3,0,0.330138,-0.0303883,0
17.7,1.4,0,0.329452,-0.0297759,0
17.7,1.5,0,0.328154,-0.029234,0
17.7,1.6,0,0.326725,-0.0282689,0
17.7,1.7,0,0.324894,-0.0274428,0
17.7,1.8,0,0.322197,-0.026375,0
17.7,1.9,0,0.319198,-0.0252356,0
17.7,2,0,0.315192,-0.0241147,0
17.7,2.1,0,0.31087,-0.0225455,0
17.7,2.2,0,0.305864,-0.0211076,0
17.7,2.3,0,0.299605,-0.0193816,0
17.7,2.4,0,0.292804,-0.0176031,0
17.7,2.5,0,0.284777,-0.0158347,0
17.7,2.6,0,0.276302,-0.0136461,0
17.7,2.7,0,0.266993,-0.0116167,0
17.7,2.8,0,0.256486,-0.0093457,0
17.7,2.9,0,0.245374,-0.00709924,0
17.7,3,0,0.233325,-0.00493091,0
17.7,3.1,0,0.221023,-0.00244357,0
17.7,3.2,0,0.208076,-0.00019886,0
17.7,3.3,0,0.194687,0.00214442,0
17.7,3.4,0,0.180974,0.00434806,0
17.7,3.5,0,0.167099,0.0063353,0
17.7,3.6,0,0.153479,0.0085625,0
17.7,3.7,0,0.139685,0.0104441,0
17.7,3.8,0,0.126504,0.0122885,0
17.7,3.9,0,0.113428,0.0139383,0
17.7,4,0,0.100982,0.0152283,0
17.7,4.1,0,0.0892055,0.0167981,0
17.7,4.2,0,0.0777045,0.0179383,0
17.7,4.3,0,0.0675036,0.0189551,0
17.7,4.4,0,0.0576837,0.0198114,0
17.7,4.5,0,0.0488938,0.0202014,0
17.7,4.6,0,0.0408701,0.0209817,0
17.7,4.7,0,0.0333435,0.0213003,0
17.7,4.8,0,0.0272187,0.0214809,0
17.7,4.9,0,0.0221518,0.0216024,0
17.7,5,0,0.0184777,0.0212597,0
17.7,5.1,0,0.012868,0.0210348,0
17.7,5.2,0,0.00962061,0.020764,0
17.7,5.3,0,0.00709864,0.0204035,0
17.7,5.4,0,0.00527607,0.0199623,0
17.7,5.5,0,0.00412833,0.0194514,0
17.7,5.6,0,0.00363347,0.0188814,0
17.7,5.7,0,0.00377285,0.0182619,0
17.7,5.8,0,0.00453166,0.0176016,0
17.7,5.9,0,0.00589897,0.0169084,0
17.7,6,0,0.00786754,0.0161893,0
17.7,6.1,0,0.0104333,0.0154502,0
17.7,6.2,0,0.0135949,0.0146964,0
17.7,6.3,0,0.0173525,0.0139324,0
17.7,6.4,0,0.0217079,0.013162,0
17.7,6.5,0,0.0266628,0.012389,0
17.7,6.6,0,0.0322191,0.0116169,0
17.7,6.7,0,0.0383784,0.0108495,0
17.7,6.8,0,0.0451413,0.0100912,0
17.7,6.9,0,0.052508,0.00934642,0
17.7,7,0,0.0642126,0.00829498,0
17.7,7.1,0,0.0704587,0.00805122,0
17.7,7.2,0,0.0782952,0.00750242,0
17.7,7.3,0,0.0878531,0.0066479,0
17.7,7.4,0,0.0980278,0.00625712,0
17.7,7.5,0,0.108825,0.00574632,0
17.7,7.6,0,0.120201,0.00509813,0
17.7,7.7,0,0.131952,0.00487643,0
17.7,7.8,0,0.144265,0.00456643,0
17.7,7.9,0,0.156773,0.00426896,0
17.7,8,0,0.16964,0.00430448,0
17.7,8.1,0,0.18287,0.00424077,0
17.7,8.2,0,0.195799,0.00431537,0
17.7,8.3,0,0.208833,0.00460176,0
17.7,8.4,0,0.221927,0.0047395,0
17.7,8.5,0,0.234241,0.00511808,0
17.7,8.6,0,0.246172,0.00554631,0
17.7,8.7,0,0.257885,0.00575663,0
17.7,8.8,0,0.268378,0.00628913,0
17.7,8.9,0,0.278223,0.00672491,0
17.7,9,0,0.287547,0.0068896,0
17.7,9.1,0,0.295459,0.00739889,0
17.7,9.2,0,0.302765,0.00773573,0
17.7,9.3,0,0.309271,0.00781542,0
17.7,9.4,0,0.314539,0.00815419,0
17.7,9.5,0,0.319346,0.00832846,0
17.7,9.6,0,0.323304,0.00831284,0
17.7,9.7,0,0.326289,0.00846303,0
17.7,9.8,0,0.328986,0.00844057,0
17.7,9.9,0,0.330977,0.00839155,0
17.7,10,0,0.332279,0.00838189,0
17.7,10.1,0,0.333474,0.0082102,0
17.7,10.2,0,0.334037,0.00815248,0
17.7,10.3,0,0.334253,0.00802869,0
17.7,10.4,0,0.334503,0.00776406,0
17.7,10.5,0,0.334106,0.00769074,0
17.7,10.6,0,0.333687,0.00752186,0
17.7,10.7,0,0.333419,0.00721696,0
17.7,10.8,0,0.332431,0.00713246,0
17.7,10.9,0,0.33165,0.00695263,0
17.7,11,0,0.331051,0.00667788,0
17.7,11.1,0,0.329806,0.00655501,0
17.7,11.2,0,0.328838,0.00637933,0
17.7,11.3,0,0.328026,0.00615375,0
17.7,11.4,0,0.326736,0.00599692,0
17.7,11.5,0,0.325744,0.00583314,0
17.7,11.6,0,0.324775,0.00564513,0
17.7,11.7,0,0.323566,0.0054764,0
17.7,11.8,0,0.322699,0.00534865,0
17.7,11.9,0,0.321619,0.00515439,0
17.7,12,0,0.320621,0.00499424,0
17.7,12.1,0,0.320013,0.00492782,0
17.7,12.2,0,0.318929,0.00466388,0
17.7,12.3,0,0.318292,0.00452225,0
17.7,12.4,0,0.318104,0.00452917,0
17.7,12.5,0,0.317281,0.0041456,0
17.7,12.6,0,0.317045,0.00407106,0
17.7,12.7,0,0.317454,0.00434219,0
17.8,0,0,0.327175,-0.0331876,0
17.8,0.1,0,0.32714,-0.0328692,0
17.8,0.2,0,0.327474,-0.0330184,0
17.8,0.3,0,0.327878,-0.0330158,0
17.8,0.4,0,0.328348,-0.032851,0
17.8,0.5,0,0.328859,-0.0330534,0
17.8,0.6,0,0.329349,-0.0326622,0
17.8,0.7,0,0.329804,-0.0326289,0
17.8,0.8,0,0.330153,-0.032416,0
17.8,0.9,0,0.330523,-0.0320524,0
17.8,1,0,0.330453,-0.0319686,0
17.8,1.1,0,0.330533,-0.0313381,0
17.8,1.2,0,0.330172,-0.0309985,0
17.8,1.3,0,0.329584,-0.0304516,0
17.8,1.4,0,0.328994,-0.0297582,0
17.8,1.5,0,0.327363,-0.0292427,0
17.8,1.6,0,0.326089,-0.0281999,0
17.8,1.7,0,0.32382,-0.0273843,0
17.8,1.8,0,0.321122,-0.0263166,0
17.8,1.9,0,0.318344,-0.0251013,0
17.8,2,0,0.313799,-0.023978,0
17.8,2.1,0,0.309764,-0.0223322,0
17.8,2.2,0,0.304142,-0.0208847,0
17.8,2.3,0,0.297883,-0.0191587,0
17.8,2.4,0,0.291424,-0.0172991,0
17.8,2.5,0,0.282756,-0.0155226,0
17.8,2.6,0,0.274654,-0.0132436,0
17.8,2.7,0,0.264749,-0.0112177,0
17.8,2.8,0,0.254241,-0.00894667,0
17.8,2.9,0,0.243497,-0.00659432,0
17.8,3,0,0.230976,-0.00445249,0
17.8,3.1,0,0.218995,-0.00183689,0
17.8,3.2,0,0.205767,0.000347244,0
17.8,3.3,0,0.192377,0.00269053,0
17.8,3.4,0,0.1789,0.00504636,0
17.8,3.5,0,0.164973,0.00693603,0
17.8,3.6,0,0.151483,0.00933765,0
17.8,3.7,0,0.137862,0.0110849,0
17.8,3.8,0,0.124681,0.0129292,0
17.8,3.9,0,0.111627,0.0147739,0
17.8,4,0,0.0995443,0.0158918,0
17.8,4.1,0,0.0876957,0.0176718,0
17.8,4.2,0,0.0766908,0.018607,0
17.8,4.3,0,0.0664899,0.0196238,0
17.8,4.4,0,0.0565274,0.0206994,0
17.8,4.5,0,0.0483016,0.0208607,0
17.8,4.6,0,0.0400919,0.0218634,0
17.8,4.7,0,0.0331365,0.0219407,0
17.8,4.8,0,0.0270116,0.0221213,0
17.8,4.9,0,0.0215058,0.0224538,0
17.8,5,0,0.0185524,0.0218818,0
17.8,5.1,0,0.0130949,0.0216459,0
17.8,5.2,0,0.00994543,0.0213673,0
17.8,5.3,0,0.00750967,0.0209997,0
17.8,5.4,0,0.0057618,0.0205524,0
17.8,5.5,0,0.00467778,0.0200364,0
17.8,5.6,0,0.00423636,0.0194625,0
17.8,5.7,0,0.00441978,0.0188401,0
17.8,5.8,0,0.0052142,0.0181783,0
17.8,5.9,0,0.00660971,0.0174845,0
17.8,6,0,0.00860011,0.0167658,0
17.8,6.1,0,0.0111823,0.0160279,0
17.8,6.2,0,0.0143557,0.0152759,0
17.8,6.3,0,0.0181215,0.0145141,0
17.8,6.4,0,0.0224816,0.013746,0
17.8,6.5,0,0.0274382,0.0129751,0
17.8,6.6,0,0.0329934,0.0122046,0
17.8,6.7,0,0.0391484,0.0114381,0
17.8,6.8,0,0.0459035,0.0106794,0
17.8,6.9,0,0.0532581,0.00993273,0
17.8,7,0,0.0649365,0.00887512,0
17.8,7.1,0,0.0704611,0.00876973,0
17.8,7.2,0,0.0785976,0.00814104,0
17.8,7.3,0,0.0884974,0.00720526,0
17.8,7.4,0,0.0982171,0.00690218,0
17.8,7.5,0,0.1093,0.00625591,0
17.8,7.6,0,0.120685,0.00560343,0
17.8,7.7,0,0.131957,0.00542553,0
17.8,7.8,0,0.144521,0.00498704,0
17.8,7.9,0,0.157029,0.00468957,0
17.8,8,0,0.169486,0.00473887,0
17.8,8.1,0,0.182874,0.00455109,0
17.8,8.2,0,0.195803,0.00462569,0
17.8,8.3,0,0.208623,0.00492511,0
17.8,8.4,0,0.221728,0.00493203,0
17.8,8.5,0,0.234051,0.0053169,0
17.8,8.6,0,0.246024,0.00577869,0
17.8,8.7,0,0.25759,0.00584331,0
17.8,8.8,0,0.26823,0.00641729,0
17.8,8.9,0,0.278117,0.0068352,0
17.8,9,0,0.287272,0.00689336,0
17.8,9.1,0,0.295529,0.00750053,0
17.8,9.2,0,0.302666,0.00772776,0
17.8,9.3,0,0.309094,0.0077604,0
17.8,9.4,0,0.314714,0.00821935,0
17.8,9.5,0,0.319294,0.00823487,0
17.8,9.6,0,0.323252,0.00821925,0
17.8,9.7,0,0.326492,0.00849004,0
17.8,9.8,0,0.329047,0.0083233,0
17.8,9.9,0,0.331039,0.00827427,0
17.8,10,0,0.332475,0.00837698,0
17.8,10.1,0,0.333619,0.00807929,0
17.8,10.2,0,0.334182,0.00802157,0
17.8,10.3,0,0.33442,0.00799655,0
17.8,10.4,0,0.3347,0.00762614,0
17.8,10.5,0,0.334283,0.00757599,0
17.8,10.6,0,0.333823,0.00745861,0
17.8,10.7,0,0.333641,0.00707652,0
17.8,10.8,0,0.332563,0.00703219,0
17.8,10.9,0,0.331802,0.00684499,0
17.8,11,0,0.331279,0.00653808,0
17.8,11.1,0,0.329849,0.00645052,0
17.8,11.2,0,0.329033,0.00624753,0
17.8,11.3,0,0.328249,0.00601683,0
17.8,11.4,0,0.326735,0.00586593,0
17.8,11.5,0,0.325958,0.00570069,0
17.8,11.6,0,0.32499,0.00551267,0
17.8,11.7,0,0.32352,0.00531605,0
17.8,11.8,0,0.322903,0.00522222,0
17.8,11.9,0,0.321823,0.00502796,0
17.8,12,0,0.320527,0.0048029,0
17.8,12.1,0,0.320207,0.0048084,0
17.8,12.2,0,0.319113,0.00454132,0
17.8,12.3,0,0.318149,0.00430084,0
17.8,12.4,0,0.31829,0.00441631,0
17.8,12.5,0,0.317314,0.00395255,0
17.8,12.6,0,0.316934,0.00380442,0
17.8,12.7,0,0.317637,0.00423236,0
17.9,0,0,0.327191,-0.0333748,0
17.9,0.1,0,0.327141,-0.0330387,0
17.9,0.2,0,0.327457,-0.0331972,0
17.9,0.3,0,0.32786,-0.0331947,0
17.9,0.4,0,0.32825,-0.0329988,0
17.9,0.5,0,0.328758,-0.0332139,0
17.9,0.6,0,0.329244,-0.0328084,0
17.9,0.7,0,0.329587,-0.0327661,0
17.9,0.8,0,0.329937,-0.0325532,0
17.9,0.9,0,0.330182,-0.0321492,0
17.9,1,0,0.330088,-0.0320743,0
17.9,1.1,0,0.330175,-0.0314309,0
17.9,1.2,0,0.329617,-0.0310618,0
17.9,1.3,0,0.329029,-0.0305149,0
17.9,1.4,0,0.328253,-0.0297629,0
17.9,1.5,0,0.326572,-0.0292514,0
17.9,1.6,0,0.325321,-0.028197,0
17.9,1.7,0,0.322746,-0.0273259,0
17.9,1.8,0,0.320048,-0.0262582,0
17.9,1.9,0,0.317032,-0.024965,0
17.9,2,0,0.312406,-0.0238413,0
17.9,2.1,0,0.308414,-0.0221839,0
17.9,2.2,0,0.30242,-0.0206618,0
17.9,2.3,0,0.296161,-0.0189358,0
17.9,2.4,0,0.289499,-0.0169883,0
17.9,2.5,0,0.280735,-0.0152106,0
17.9,2.6,0,0.272689,-0.0129179,0
17.9,2.7,0,0.262504,-0.0108187,0
17.9,2.8,0,0.251997,-0.00854765,0
17.9,2.9,0,0.241219,-0.00611193,0
17.9,3,0,0.228628,-0.00397407,0
17.9,3.1,0,0.216695,-0.00133924,0
17.9,3.2,0,0.203457,0.000893347,0
17.9,3.3,0,0.190068,0.00323663,0
17.9,3.4,0,0.176782,0.00566173,0
17.9,3.5,0,0.162847,0.00753676,0
17.9,3.6,0,0.149377,0.00996454,0
17.9,3.7,0,0.136039,0.0117256,0
17.9,3.8,0,0.122858,0.01357,0
17.9,3.9,0,0.110135,0.0154632,0
17.9,4,0,0.0981067,0.0165553,0
17.9,4.1,0,0.0862473,0.0183668,0
17.9,4.2,0,0.075677,0.0192757,0
17.9,4.3,0,0.0654761,0.0202925,0
17.9,4.4,0,0.0558506,0.021393,0
17.9,4.5,0,0.0477095,0.0215199,0
17.9,4.6,0,0.0394719,0.0225561,0
17.9,4.7,0,0.0329294,0.0225812,0
17.9,4.8,0,0.0268046,0.0227617,0
17.9,4.9,0,0.0214724,0.0231103,0
17.9,5,0,0.018627,0.022504,0
17.9,5.1,0,0.0133217,0.0222568,0
17.9,5.2,0,0.0102703,0.0219705,0
17.9,5.3,0,0.00792069,0.021596,0
17.9,5.4,0,0.00624752,0.0211424,0
17.9,5.5,0,0.00522723,0.0206214,0
17.9,5.6,0,0.00483926,0.0200435,0
17.9,5.7,0,0.00506672,0.0194184,0
17.9,5.8,0,0.00589674,0.0187549,0
17.9,5.9,0,0.00732046,0.0180606,0
17.9,6,0,0.00933269,0.0173423,0
17.9,6.1,0,0.0119313,0.0166057,0
17.9,6.2,0,0.0151166,0.0158554,0
17.9,6.3,0,0.0188904,0.0150957,0
17.9,6.4,0,0.0232552,0.0143299,0
17.9,6.5,0,0.0282137,0.0135612,0
17.9,6.6,0,0.0337677,0.0127923,0
17.9,6.7,0,0.0399184,0.0120266,0
17.9,6.8,0,0.0466657,0.0112676,0
17.9,6.9,0,0.0540082,0.010519,0
17.9,7,0,0.0656604,0.00945525,0
17.9,7.1,0,0.071185,0.00934987,0
17.9,7.2,0,0.0792418,0.00869839,0
17.9,7.3,0,0.0891416,0.00776262,0
17.9,7.4,0,0.0987816,0.00747492,0
17.9,7.5,0,0.109785,0.00676121,0
17.9,7.6,0,0.121169,0.00610872,0
17.9,7.7,0,0.132174,0.00595522,0
17.9,7.8,0,0.144778,0.00540765,0
17.9,7.9,0,0.157286,0.00511018,0
17.9,8,0,0.169388,0.00514901,0
17.9,8.1,0,0.182879,0.00486142,0
17.9,8.2,0,0.195807,0.00493601,0
17.9,8.3,0,0.20842,0.00517387,0
17.9,8.4,0,0.22153,0.00512456,0
17.9,8.5,0,0.233852,0.00550943,0
17.9,8.6,0,0.245737,0.0058724,0
17.9,8.7,0,0.257296,0.00592998,0
17.9,8.8,0,0.267936,0.00650396,0
17.9,8.9,0,0.277842,0.00683896,0
17.9,9,0,0.286997,0.00689712,0
17.9,9.1,0,0.295253,0.00750429,0
17.9,9.2,0,0.302489,0.00767274,0
17.9,9.3,0,0.308916,0.00770537,0
17.9,9.4,0,0.314643,0.0082007,0
17.9,9.5,0,0.319241,0.00814127,0
17.9,9.6,0,0.323199,0.00812565,0
17.9,9.7,0,0.326615,0.00847896,0
17.9,9.8,0,0.329109,0.00820602,0
17.9,9.9,0,0.3311,0.008157,0
17.9,10,0,0.332655,0.00833228,0
17.9,10.1,0,0.333765,0.00794838,0
17.9,10.2,0,0.334328,0.00789066,0
17.9,10.3,0,0.334608,0.00789064,0
17.9,10.4,0,0.334897,0.00748821,0
17.9,10.5,0,0.33448,0.00743807,0
17.9,10.6,0,0.334044,0.00731817,0
17.9,10.7,0,0.333862,0.00693608,0
17.9,10.8,0,0.332784,0.00689175,0
17.9,10.9,0,0.33203,0.00670519,0
17.9,11,0,0.331507,0.00639828,0
17.9,11.1,0,0.330068,0.00631242,0
17.9,11.2,0,0.329257,0.00611061,0
17.9,11.3,0,0.328473,0.0058799,0
17.9,11.4,0,0.326862,0.00573156,0
17.9,11.5,0,0.326172,0.00556823,0
17.9,11.6,0,0.325204,0.00538021,0
17.9,11.7,0,0.323538,0.00516304,0
17.9,11.8,0,0.323107,0.00509579,0
17.9,11.9,0,0.322027,0.00490153,0
17.9,12,0,0.32056,0.00464343,0
17.9,12.1,0,0.3204,0.00468897,0
17.9,12.2,0,0.319306,0.0044219,0
17.9,12.3,0,0.318277,0.00416894,0
17.9,12.4,0,0.318476,0.00430345,0
17.9,12.5,0,0.3175,0.0038397,0
17.9,12.6,0,0.317118,0.00369459,0
17.9,12.7,0,0.31782,0.00412253,0
18,0,0,0.327207,-0.033562,0
18,0.1,0,0.327184,-0.0332698,0
18,0.2,0,0.327439,-0.0333761,0
18,0.3,0,0.327843,-0.0333736,0
18,0.4,0,0.328175,-0.0332006,0
18,0.5,0,0.328657,-0.0333744,0
18,0.6,0,0.329108,-0.0329979,0
18,0.7,0,0.329371,-0.0329033,0
18,0.8,0,0.32972,-0.0326904,0
18,0.9,0,0.329814,-0.0322911,0
18,1,0,0.329723,-0.0321799,0
18,1.1,0,0.329715,-0.0315538,0
18,1.2,0,0.329063,-0.0311251,0
18,1.3,0,0.328475,-0.0305782,0
18,1.4,0,0.327423,-0.029804,0
18,1.5,0,0.325781,-0.0292601,0
18,1.6,0,0.324355,-0.0282099,0
18,1.7,0,0.321672,-0.0272674,0
18,1.8,0,0.318974,-0.0261997,0
18,1.9,0,0.315552,-0.0248586,0
18,2,0,0.311013,-0.0237046,0
18,2.1,0,0.306775,-0.0220434,0
18,2.2,0,0.300699,-0.0204389,0
18,2.3,0,0.29444,-0.0187129,0
18,2.4,0,0.287341,-0.0167086,0
18,2.5,0,0.278714,-0.0148985,0
18,2.6,0,0.270429,-0.0126073,0
18,2.7,0,0.26026,-0.0104197,0
18,2.8,0,0.249752,-0.00814863,0
18,2.9,0,0.238723,-0.00567587,0
18,3,0,0.226279,-0.00349565,0
18,3.1,0,0.214233,-0.000885045,0
18,3.2,0,0.201148,0.00143945,0
18,3.3,0,0.187759,0.00378274,0
18,3.4,0,0.174562,0.00620158,0
18,3.5,0,0.160721,0.00813749,0
18,3.6,0,0.14732,0.0105115,0
18,3.7,0,0.134217,0.0123663,0
18,3.8,0,0.121036,0.0142107,0
18,3.9,0,0.108689,0.0160487,0
18,4,0,0.0966692,0.0172187,0
18,4.1,0,0.0850082,0.0189483,0
18,4.2,0,0.0746633,0.0199444,0
18,4.3,0,0.0644624,0.0209612,0
18,4.4,0,0.0553155,0.0219645,0
18,4.5,0,0.0471174,0.0221792,0
18,4.6,0,0.0391082,0.0231188,0
18,4.7,0,0.0327224,0.0232216,0
18,4.8,0,0.0265976,0.0234022,0
18,4.9,0,0.0217226,0.0236481,0
18,5,0,0.0187017,0.0231261,0
18,5.1,0,0.0135486,0.0228678,0
18,5.2,0,0.0105951,0.0225738,0
18,5.3,0,0.00833172,0.0221922,0
18,5.4,0,0.00673325,0.0217325,0
18,5.5,0,0.00577668,0.0212064,0
18,5.6,0,0.00544215,0.0206245,0
18,5.7,0,0.00571365,0.0199967,0
18,5.8,0,0.00657928,0.0193316,0
18,5.9,0,0.00803121,0.0186368,0
18,6,0,0.0100653,0.0179189,0
18,6.1,0,0.0126803,0.0171834,0
18,6.2,0,0.0158775,0.016435,0
18,6.3,0,0.0196593,0.0156774,0
18,6.4,0,0.0240289,0.0149139,0
18,6.5,0,0.0289891,0.0141472,0
18,6.6,0,0.034542,0.01338,0
18,6.7,0,0.0406884,0.0126152,0
18,6.8,0,0.0474278,0.0118558,0
18,6.9,0,0.0547583,0.0111053,0
18,7,0,0.0663843,0.0100354,0
18,7.1,0,0.0719453,0.00992136,0
18,7.2,0,0.0798861,0.00925575,0
18,7.3,0,0.0897859,0.00831997,0
18,7.4,0,0.0995513,0.00797282,0
18,7.5,0,0.110269,0.00726651,0
18,7.6,0,0.121654,0.00661402,0
18,7.7,0,0.132861,0.00635683,0
18,7.8,0,0.145034,0.00582826,0
18,7.9,0,0.157542,0.0055308,0
18,8,0,0.169802,0.00544555,0
18,8.1,0,0.182883,0.00517174,0
18,8.2,0,0.195812,0.00524633,0
18,8.3,0,0.208367,0.00535754,0
18,8.4,0,0.221331,0.00531709,0
18,8.5,0,0.233654,0.00570196,0
18,8.6,0,0.245428,0.00594719,0
18,8.7,0,0.257002,0.00601666,0
18,8.8,0,0.267642,0.00659064,0
18,8.9,0,0.277567,0.00684272,0
18,9,0,0.286722,0.00690088,0
18,9.1,0,0.294931,0.00747982,0
18,9.2,0,0.302311,0.00761771,0
18,9.3,0,0.308739,0.00765035,0
18,9.4,0,0.31434,0.00805795,0
18,9.5,0,0.319189,0.00804768,0
18,9.6,0,0.323147,0.00803206,0
18,9.7,0,0.32643,0.00825058,0
18,9.8,0,0.32917,0.00808875,0
18,9.9,0,0.331162,0.00803972,0
18,10,0,0.332675,0.0080964,0
18,10.1,0,0.333911,0.00781747,0
18,10.2,0,0.334474,0.00775976,0
18,10.3,0,0.334793,0.00769813,0
18,10.4,0,0.335094,0.00735029,0
18,10.5,0,0.334677,0.00730015,0
18,10.6,0,0.334278,0.00716382,0
18,10.7,0,0.334084,0.00679563,0
18,10.8,0,0.333006,0.0067513,0
18,10.9,0,0.332257,0.00656539,0
18,11,0,0.331735,0.00625849,0
18,11.1,0,0.33035,0.00616295,0
18,11.2,0,0.32948,0.00597369,0
18,11.3,0,0.328696,0.00574298,0
18,11.4,0,0.327232,0.00559364,0
18,11.5,0,0.326387,0.00543577,0
18,11.6,0,0.325419,0.00524776,0
18,11.7,0,0.324003,0.00506451,0
18,11.8,0,0.323311,0.00496936,0
18,11.9,0,0.322231,0.0047751,0
18,12,0,0.320995,0.00457638,0
18,12.1,0,0.320594,0.00456955,0
18,12.2,0,0.3195,0.00430247,0
18,12.3,0,0.318606,0.00409947,0
18,12.4,0,0.318662,0.00419059,0
18,12.5,0,0.317686,0.00372684,0
18,12.6,0,0.317317,0.00359328,0
18,12.7,0,0.318003,0.00401269,0
18.1,0,0,0.327223,-0.0337492,0
18.1,0.1,0,0.327269,-0.0335668,0
18.1,0.2,0,0.327422,-0.033555,0
18.1,0.3,0,0.327826,-0.0335525,0
18.1,0.4,0,0.328141,-0.0334643,0
18.1,0.5,0,0.328556,-0.033535,0
18.1,0.6,0,0.32892,-0.0332309,0
18.1,0.7,0,0.329155,-0.0330405,0
18.1,0.8,0,0.329504,-0.0328276,0
18.1,0.9,0,0.329441,-0.0324872,0
18.1,1,0,0.329358,-0.0322856,0
18.1,1.1,0,0.329112,-0.0317026,0
18.1,1.2,0,0.328508,-0.0311884,0
18.1,1.3,0,0.32792,-0.0306416,0
18.1,1.4,0,0.326536,-0.0298937,0
18.1,1.5,0,0.32499,-0.0292688,0
18.1,1.6,0,0.323126,-0.0282291,0
18.1,1.7,0,0.320598,-0.027209,0
18.1,1.8,0,0.3179,-0.0261413,0
18.1,1.9,0,0.313939,-0.0247977,0
18.1,2,0,0.30962,-0.0235679,0
18.1,2.1,0,0.304767,-0.0218972,0
18.1,2.2,0,0.298977,-0.020216,0
18.1,2.3,0,0.292718,-0.01849,0
18.1,2.4,0,0.284978,-0.0164776,0
18.1,2.5,0,0.276692,-0.0145864,0
18.1,2.6,0,0.267811,-0.0122987,0
18.1,2.7,0,0.258015,-0.0100206,0
18.1,2.8,0,0.247507,-0.00774961,0
18.1,2.9,0,0.236007,-0.00530334,0
18.1,3,0,0.22393,-0.00301723,0
18.1,3.1,0,0.211603,-0.000467199,0
18.1,3.2,0,0.198839,0.00198555,0
18.1,3.3,0,0.18545,0.00432884,0
18.1,3.4,0,0.1722,0.00665011,0
18.1,3.5,0,0.158595,0.00873822,0
18.1,3.6,0,0.145367,0.0109778,0
18.1,3.7,0,0.132394,0.0130071,0
18.1,3.8,0,0.119213,0.0148514,0
18.1,3.9,0,0.10723,0.0165173,0
18.1,4,0,0.0952316,0.0178822,0
18.1,4.1,0,0.0840667,0.0194067,0
18.1,4.2,0,0.0736496,0.020613,0
18.1,4.3,0,0.0634487,0.0216298,0
18.1,4.4,0,0.0548659,0.0224044,0
18.1,4.5,0,0.0465252,0.0228385,0
18.1,4.6,0,0.0390873,0.0235368,0
18.1,4.7,0,0.0325154,0.023862,0
18.1,4.8,0,0.0263905,0.0240426,0
18.1,4.9,0,0.0222362,0.0240593,0
18.1,5,0,0.0187763,0.0237483,0
18.1,5.1,0,0.0137754,0.0234789,0
18.1,5.2,0,0.0109199,0.0231771,0
18.1,5.3,0,0.00874274,0.0227884,0
18.1,5.4,0,0.00721898,0.0223226,0
18.1,5.5,0,0.00632613,0.0217914,0
18.1,5.6,0,0.00604505,0.0212056,0
18.1,5.7,0,0.00636059,0.020575,0
18.1,5.8,0,0.00726183,0.0199083,0
18.1,5.9,0,0.00874196,0.0192129,0
18.1,6,0,0.0107978,0.0184954,0
18.1,6.1,0,0.0134293,0.0177611,0
18.1,6.2,0,0.0166383,0.0170145,0
18.1,6.3,0,0.0204283,0.0162591,0
18.1,6.4,0,0.0248026,0.0154979,0
18.1,6.5,0,0.0297646,0.0147333,0
18.1,6.6,0,0.0353163,0.0139677,0
18.1,6.7,0,0.0414584,0.0132037,0
18.1,6.8,0,0.04819,0.012444,0
18.1,6.9,0,0.0555084,0.0116916,0
18.1,7,0,0.0671082,0.0106155,0
18.1,7.1,0,0.0734983,0.0103044,0
18.1,7.2,0,0.0811322,0.00969767,0
18.1,7.3,0,0.0904301,0.00887733,0
18.1,7.4,0,0.100491,0.00839042,0
18.1,7.5,0,0.110881,0.00774719,0
18.1,7.6,0,0.122138,0.00711932,0
18.1,7.7,0,0.133597,0.00673364,0
18.1,7.8,0,0.14529,0.00624887,0
18.1,7.9,0,0.157798,0.00595141,0
18.1,8,0,0.170216,0.0057421,0
18.1,8.1,0,0.182887,0.00548206,0
18.1,8.2,0,0.195816,0.00555321,0
18.1,8.3,0,0.208382,0.00553704,0
18.1,8.4,0,0.221133,0.00550962,0
18.1,8.5,0,0.233395,0.00583506,0
18.1,8.6,0,0.245083,0.00599402,0
18.1,8.7,0,0.256708,0.00610333,0
18.1,8.8,0,0.267148,0.00655116,0
18.1,8.9,0,0.277042,0.006776,0
18.1,9,0,0.286447,0.00690464,0
18.1,9.1,0,0.29438,0.00731852,0
18.1,9.2,0,0.301933,0.00750583,0
18.1,9.3,0,0.308561,0.00759533,0
18.1,9.4,0,0.313934,0.00784416,0
18.1,9.5,0,0.319082,0.00793563,0
18.1,9.6,0,0.323094,0.00793846,0
18.1,9.7,0,0.326235,0.0080127,0
18.1,9.8,0,0.329232,0.00797147,0
18.1,9.9,0,0.331223,0.00792245,0
18.1,10,0,0.332686,0.00785313,0
18.1,10.1,0,0.334056,0.00768656,0
18.1,10.2,0,0.334624,0.00761261,0
18.1,10.3,0,0.334968,0.00746144,0
18.1,10.4,0,0.335291,0.00721237,0
18.1,10.5,0,0.334924,0.00711737,0
18.1,10.6,0,0.334568,0.00694208,0
18.1,10.7,0,0.334305,0.00665519,0
18.1,10.8,0,0.333357,0.00655622,0
18.1,10.9,0,0.332592,0.00637803,0
18.1,11,0,0.331963,0.00611869,0
18.1,11.1,0,0.330758,0.00599072,0
18.1,11.2,0,0.329779,0.00582237,0
18.1,11.3,0,0.32892,0.00560606,0
18.1,11.4,0,0.327671,0.00545525,0
18.1,11.5,0,0.326607,0.00530316,0
18.1,11.6,0,0.325633,0.0051153,0
18.1,11.7,0,0.324468,0.00496598,0
18.1,11.8,0,0.323515,0.00484294,0
18.1,11.9,0,0.322435,0.00464868,0
18.1,12,0,0.321487,0.00452186,0
18.1,12.1,0,0.320788,0.00445012,0
18.1,12.2,0,0.319786,0.00421352,0
18.1,12.3,0,0.319129,0.00408859,0
18.1,12.4,0,0.318848,0.00407773,0
18.1,12.5,0,0.318116,0.0037448,0
18.1,12.6,0,0.317872,0.00367795,0
18.1,12.7,0,0.318186,0.00390286,0
18.2,0,0,0.327239,-0.0339364,0
18.2,0.1,0,0.327353,-0.0338638,0
18.2,0.2,0,0.327502,-0.0338461,0
18.2,0.3,0,0.327792,-0.0338119,0
18.2,0.4,0,0.328107,-0.0337279,0
18.2,0.5,0,0.328455,-0.0336955,0
18.2,0.6,0,0.328732,-0.033464,0
18.2,0.7,0,0.328965,-0.0332687,0
18.2,0.8,0,0.329139,-0.0330208,0
18.2,0.9,0,0.329068,-0.0326834,0
18.2,1,0,0.328993,-0.0323913,0
18.2,1.1,0,0.32851,-0.0318513,0
18.2,1.2,0,0.327908,-0.0313329,0
18.2,1.3,0,0.327049,-0.03073,0
18.2,1.4,0,0.325648,-0.0299834,0
18.2,1.5,0,0.324199,-0.0292775,0
18.2,1.6,0,0.321897,-0.0282483,0
18.2,1.7,0,0.319377,-0.0272243,0
18.2,1.8,0,0.316314,-0.0260805,0
18.2,1.9,0,0.312326,-0.0247369,0
18.2,2,0,0.308228,-0.0234311,0
18.2,2.1,0,0.302759,-0.0217509,0
18.2,2.2,0,0.296983,-0.020066,0
18.2,2.3,0,0.290387,-0.0182595,0
18.2,2.4,0,0.282614,-0.0162467,0
18.2,2.5,0,0.274671,-0.0142744,0
18.2,2.6,0,0.265192,-0.0119901,0
18.2,2.7,0,0.255416,-0.00970753,0
18.2,2.8,0,0.244814,-0.00737575,0
18.2,2.9,0,0.23329,-0.00493081,0
18.2,3,0,0.221581,-0.00253881,0
18.2,3.1,0,0.208973,-4.93534e-05,0
18.2,3.2,0,0.196225,0.00240981,0
18.2,3.3,0,0.183091,0.00478225,0
18.2,3.4,0,0.169838,0.00709865,0
18.2,3.5,0,0.156469,0.00933895,0
18.2,3.6,0,0.143415,0.0114441,0
18.2,3.7,0,0.130448,0.0134821,0
18.2,3.8,0,0.117735,0.0153286,0
18.2,3.9,0,0.10577,0.0169859,0
18.2,4,0,0.0937941,0.0185457,0
18.2,4.1,0,0.0831253,0.0198651,0
18.2,4.2,0,0.0727045,0.0210819,0
18.2,4.3,0,0.0629709,0.0220812,0
18.2,4.4,0,0.0544164,0.0228443,0
18.2,4.5,0,0.0459331,0.0234977,0
18.2,4.6,0,0.0390663,0.0239547,0
18.2,4.7,0,0.0324851,0.0242911,0
18.2,4.8,0,0.0268681,0.0244653,0
18.2,4.9,0,0.0227498,0.0244706,0
18.2,5,0,0.0188509,0.0243705,0
18.2,5.1,0,0.0140023,0.0240898,0
18.2,5.2,0,0.0112447,0.0237803,0
18.2,5.3,0,0.00915377,0.0233846,0
18.2,5.4,0,0.00770471,0.0229127,0
18.2,5.5,0,0.00687558,0.0223764,0
18.2,5.6,0,0.00664794,0.0217866,0
18.2,5.7,0,0.00700752,0.0211533,0
18.2,5.8,0,0.00794437,0.0204849,0
18.2,5.9,0,0.00945271,0.019789,0
18.2,6,0,0.0115304,0.0190719,0
18.2,6.1,0,0.0141783,0.0183388,0
18.2,6.2,0,0.0173992,0.017594,0
18.2,6.3,0,0.0211972,0.0168408,0
18.2,6.4,0,0.0255763,0.0160818,0
18.2,6.5,0,0.03054,0.0153194,0
18.2,6.6,0,0.0360906,0.0145554,0
18.2,6.7,0,0.0422284,0.0137922,0
18.2,6.8,0,0.0489522,0.0130322,0
18.2,6.9,0,0.0562585,0.0122779,0
18.2,7,0,0.0678321,0.0111957,0
18.2,7.1,0,0.0750514,0.0106875,0
18.2,7.2,0,0.0826852,0.0100807,0
18.2,7.3,0,0.0910744,0.00943469,0
18.2,7.4,0,0.10143,0.00880801,0
18.2,7.5,0,0.11182,0.00816478,0
18.2,7.6,0,0.122689,0.0075908,0
18.2,7.7,0,0.134333,0.00711045,0
18.2,7.8,0,0.145978,0.00663011,0
18.2,7.9,0,0.158156,0.00629202,0
18.2,8,0,0.17063,0.00603864,0
18.2,8.1,0,0.183104,0.00578525,0
18.2,8.2,0,0.195832,0.00573271,0
18.2,8.3,0,0.208398,0.00571654,0
18.2,8.4,0,0.220964,0.00570038,0
18.2,8.5,0,0.233051,0.00588189,0
18.2,8.6,0,0.244738,0.00604084,0
18.2,8.7,0,0.256413,0.00619001,0
18.2,8.8,0,0.266601,0.00647803,0
18.2,8.9,0,0.276495,0.00670288,0
18.2,9,0,0.286172,0.00690839,0
18.2,9.1,0,0.293828,0.00715723,0
18.2,9.2,0,0.301382,0.00734453,0
18.2,9.3,0,0.308381,0.00753891,0
18.2,9.4,0,0.313529,0.00763038,0
18.2,9.5,0,0.318677,0.00772185,0
18.2,9.6,0,0.322986,0.00778855,0
18.2,9.7,0,0.326041,0.00777483,0
18.2,9.8,0,0.329095,0.0077611,0
18.2,9.9,0,0.331246,0.00770791,0
18.2,10,0,0.332697,0.00760985,0
18.2,10.1,0,0.334149,0.00751179,0
18.2,10.2,0,0.334799,0.00737592,0
18.2,10.3,0,0.335143,0.00722475,0
18.2,10.4,0,0.335488,0.00707358,0
18.2,10.5,0,0.335214,0.00689564,0
18.2,10.6,0,0.334858,0.00672035,0
18.2,10.7,0,0.334527,0.00651475,0
18.2,10.8,0,0.33372,0.00635617,0
18.2,10.9,0,0.332955,0.00617797,0
18.2,11,0,0.33219,0.00597889,0
18.2,11.1,0,0.331167,0.0058185,0
18.2,11.2,0,0.330188,0.00565015,0
18.2,11.3,0,0.329173,0.00546894,0
18.2,11.4,0,0.328109,0.00531686,0
18.2,11.5,0,0.327046,0.00516477,0
18.2,11.6,0,0.325977,0.0050004,0
18.2,11.7,0,0.324932,0.00486745,0
18.2,11.8,0,0.323887,0.00473449,0
18.2,11.9,0,0.322898,0.0045869,0
18.2,12,0,0.321979,0.00446734,0
18.2,12.1,0,0.32106,0.00434778,0
18.2,12.2,0,0.320309,0.00420264,0
18.2,12.3,0,0.319651,0.00407772,0
18.2,12.4,0,0.319034,0.00396487,0
18.2,12.5,0,0.318672,0.00382947,0
18.2,12.6,0,0.318427,0.00376262,0
18.2,12.7,0,0.318369,0.00379302,0
18.3,0,0,0.327225,-0.0342163,0
18.3,0.1,0,0.327387,-0.0341669,0
18.3,0.2,0,0.327535,-0.0341492,0
18.3,0.3,0,0.327752,-0.0340923,0
18.3,0.4,0,0.328066,-0.0340083,0
18.3,0.5,0,0.328315,-0.0339472,0
18.3,0.6,0,0.328578,-0.0337187,0
18.3,0.7,0,0.328811,-0.0335234,0
18.3,0.8,0,0.328837,-0.0332444,0
18.3,0.9,0,0.328766,-0.032907,0
18.3,1,0,0.328566,-0.0325862,0
18.3,1.1,0,0.32802,-0.0320351,0
18.3,1.2,0,0.327418,-0.0315167,0
18.3,1.3,0,0.326325,-0.0308633,0
18.3,1.4,0,0.324924,-0.0301168,0
18.3,1.5,0,0.323314,-0.0293733,0
18.3,1.6,0,0.320891,-0.0283195,0
18.3,1.7,0,0.318371,-0.0272955,0
18.3,1.8,0,0.314985,-0.0260779,0
18.3,1.9,0,0.310997,-0.0247342,0
18.3,2,0,0.30671,-0.0233769,0
18.3,2.1,0,0.301084,-0.0216642,0
18.3,2.2,0,0.295308,-0.0199792,0
18.3,2.3,0,0.288379,-0.018082,0
18.3,2.4,0,0.280606,-0.0160692,0
18.3,2.5,0,0.272515,-0.0140394,0
18.3,2.6,0,0.26291,-0.0117209,0
18.3,2.7,0,0.253133,-0.00943839,0
18.3,2.8,0,0.242364,-0.00701977,0
18.3,2.9,0,0.23084,-0.00457482,0
18.3,3,0,0.219122,-0.00214052,0
18.3,3.1,0,0.206499,0.000380136,0
18.3,3.2,0,0.19375,0.0028393,0
18.3,3.3,0,0.180747,0.00526837,0
18.3,3.4,0,0.167495,0.00758477,0
18.3,3.5,0,0.154285,0.00983789,0
18.3,3.6,0,0.141346,0.0119689,0
18.3,3.7,0,0.128379,0.0140068,0
18.3,3.8,0,0.116047,0.01587,0
18.3,3.9,0,0.104082,0.0175273,0
18.3,4,0,0.0923567,0.0190699,0
18.3,4.1,0,0.0818799,0.0204025,0
18.3,4.2,0,0.0714591,0.0216194,0
18.3,4.3,0,0.0621817,0.0225985,0
18.3,4.4,0,0.0536272,0.0233616,0
18.3,4.5,0,0.0453779,0.023983,0
18.3,4.6,0,0.0387045,0.0244424,0
18.3,4.7,0,0.0321233,0.0247788,0
18.3,4.8,0,0.0268733,0.024921,0
18.3,4.9,0,0.022755,0.0249263,0
18.3,5,0,0.0189645,0.0248006,0
18.3,5.1,0,0.0142636,0.024506,0
18.3,5.2,0,0.0115997,0.0241873,0
18.3,5.3,0,0.00958998,0.0237836,0
18.3,5.4,0,0.00821029,0.023305,0
18.3,5.5,0,0.00743934,0.0227634,0
18.3,5.6,0,0.00725964,0.0221699,0
18.3,5.7,0,0.00765797,0.0215342,0
18.3,5.8,0,0.00862554,0.0208649,0
18.3,5.9,0,0.0101577,0.0201691,0
18.3,6,0,0.0122536,0.0194533,0
18.3,6.1,0,0.014915,0.0187223,0
18.3,6.2,0,0.0181457,0.0179801,0
18.3,6.3,0,0.0219506,0.01723,0
18.3,6.4,0,0.0263343,0.0164743,0
18.3,6.5,0,0.0313006,0.015715,0
18.3,6.6,0,0.0368519,0.0149538,0
18.3,6.7,0,0.0429883,0.0141926,0
18.3,6.8,0,0.0497083,0.0134336,0
18.3,6.9,0,0.0570077,0.012679,0
18.3,7,0,0.0685648,0.0115933,0
18.3,7.1,0,0.075795,0.0111089,0
18.3,7.2,0,0.0834288,0.0105021,0
18.3,7.3,0,0.0917419,0.00982558,0
18.3,7.4,0,0.102095,0.00920159,0
18.3,7.5,0,0.112485,0.00855836,0
18.3,7.6,0,0.123206,0.0079276,0
18.3,7.7,0,0.13485,0.00744725,0
18.3,7.8,0,0.146495,0.0069669,0
18.3,7.9,0,0.158463,0.00653936,0
18.3,8,0,0.170937,0.00628598,0
18.3,8.1,0,0.183411,0.00603259,0
18.3,8.2,0,0.195918,0.00586817,0
18.3,8.3,0,0.208484,0.005852,0
18.3,8.4,0,0.22105,0.00583583,0
18.3,8.5,0,0.23298,0.00590392,0
18.3,8.6,0,0.244668,0.00606288,0
18.3,8.7,0,0.256281,0.00619111,0
18.3,8.8,0,0.266484,0.0064038,0
18.3,8.9,0,0.276379,0.00662864,0
18.3,9,0,0.286,0.00679955,0
18.3,9.1,0,0.293767,0.0070118,0
18.3,9.2,0,0.301321,0.00719911,0
18.3,9.3,0,0.308432,0.00734694,0
18.3,9.4,0,0.31358,0.00743841,0
18.3,9.5,0,0.318727,0.00752988,0
18.3,9.6,0,0.323159,0.00757022,0
18.3,9.7,0,0.326213,0.00755649,0
18.3,9.8,0,0.329268,0.00754277,0
18.3,9.9,0,0.33152,0.00747824,0
18.3,10,0,0.332972,0.00738019,0
18.3,10.1,0,0.334423,0.00728213,0
18.3,10.2,0,0.335146,0.0071465,0
18.3,10.3,0,0.335491,0.00699533,0
18.3,10.4,0,0.335835,0.00684416,0
18.3,10.5,0,0.335608,0.00667611,0
18.3,10.6,0,0.335251,0.00650082,0
18.3,10.7,0,0.334753,0.00630255,0
18.3,10.8,0,0.33414,0.00615504,0
18.3,10.9,0,0.333375,0.00597685,0
18.3,11,0,0.332494,0.00578779,0
18.3,11.1,0,0.331603,0.00564348,0
18.3,11.2,0,0.330623,0.00547512,0
18.3,11.3,0,0.329617,0.00532695,0
18.3,11.4,0,0.328554,0.00517486,0
18.3,11.5,0,0.327491,0.00502278,0
18.3,11.6,0,0.326429,0.00489795,0
18.3,11.7,0,0.325384,0.004765,0
18.3,11.8,0,0.324339,0.00463204,0
18.3,11.9,0,0.323354,0.00453104,0
18.3,12,0,0.322435,0.00441148,0
18.3,12.1,0,0.321516,0.00429191,0
18.3,12.2,0,0.320765,0.00419521,0
18.3,12.3,0,0.320108,0.00407029,0
18.3,12.4,0,0.319406,0.00391544,0
18.3,12.5,0,0.319131,0.00388786,0
18.3,12.6,0,0.318887,0.00382101,0
18.3,12.7,0,0.318468,0.00360878,0
18.4,0,0,0.327179,-0.0345888,0
18.4,0.1,0,0.327369,-0.0344761,0
18.4,0.2,0,0.327514,-0.0344611,0
18.4,0.3,0,0.327703,-0.0343927,0
18.4,0.4,0,0.32802,-0.0343054,0
18.4,0.5,0,0.328136,-0.0342901,0
18.4,0.6,0,0.328458,-0.033995,0
18.4,0.7,0,0.328682,-0.0338018,0
18.4,0.8,0,0.328601,-0.0334987,0
18.4,0.9,0,0.328534,-0.033158,0
18.4,1,0,0.328077,-0.0328704,0
18.4,1.1,0,0.327642,-0.0322539,0
18.4,1.2,0,0.327023,-0.0317365,0
18.4,1.3,0,0.325757,-0.0310435,0
18.4,1.4,0,0.324363,-0.0302938,0
18.4,1.5,0,0.322335,-0.0295563,0
18.4,1.6,0,0.320108,-0.0284427,0
18.4,1.7,0,0.317562,-0.0274182,0
18.4,1.8,0,0.313926,-0.0261362,0
18.4,1.9,0,0.309951,-0.0247898,0
18.4,2,0,0.305067,-0.0234053,0
18.4,2.1,0,0.299742,-0.0216369,0
18.4,2.2,0,0.293934,-0.0199501,0
18.4,2.3,0,0.286709,-0.0179612,0
18.4,2.4,0,0.278954,-0.0159454,0
18.4,2.5,0,0.270224,-0.0138815,0
18.4,2.6,0,0.260964,-0.0114912,0
18.4,2.7,0,0.251159,-0.0092079,0
18.4,2.8,0,0.240165,-0.00668503,0
18.4,2.9,0,0.228656,-0.00423539,0
18.4,3,0,0.216553,-0.00182236,0
18.4,3.1,0,0.204179,0.00082127,0
18.4,3.2,0,0.191423,0.00327684,0
18.4,3.3,0,0.178415,0.00578436,0
18.4,3.4,0,0.16517,0.00810848,0
18.4,3.5,0,0.152043,0.0102351,0
18.4,3.6,0,0.139159,0.012552,0
18.4,3.7,0,0.126208,0.0145809,0
18.4,3.8,0,0.114133,0.0164736,0
18.4,3.9,0,0.102166,0.0181415,0
18.4,4,0,0.0909195,0.0194548,0
18.4,4.1,0,0.0803306,0.0210189,0
18.4,4.2,0,0.0699389,0.0222226,0
18.4,4.3,0,0.061061,0.0231812,0
18.4,4.4,0,0.0524984,0.0239564,0
18.4,4.5,0,0.0448596,0.0242943,0
18.4,4.6,0,0.0380018,0.0249998,0
18.4,4.7,0,0.0314496,0.0253218,0
18.4,4.8,0,0.026389,0.0254096,0
18.4,4.9,0,0.0222518,0.0254265,0
18.4,5,0,0.0191171,0.0250386,0
18.4,5.1,0,0.0145593,0.0247273,0
18.4,5.2,0,0.0119847,0.0243979,0
18.4,5.3,0,0.0100514,0.0239852,0
18.4,5.4,0,0.0087357,0.0234995,0
18.4,5.5,0,0.00801742,0.0229526,0
18.4,5.6,0,0.00788015,0.0223555,0
18.4,5.7,0,0.00831195,0.0217179,0
18.4,5.8,0,0.00930533,0.0210481,0
18.4,5.9,0,0.010857,0.0203533,0
18.4,6,0,0.0129674,0.0196395,0
18.4,6.1,0,0.0156393,0.0189114,0
18.4,6.2,0,0.0188779,0.0181729,0
18.4,6.3,0,0.0226885,0.0174268,0
18.4,6.4,0,0.0270766,0.0166753,0
18.4,6.5,0,0.0320463,0.0159201,0
18.4,6.6,0,0.0376001,0.0151627,0
18.4,6.7,0,0.0437381,0.0144047,0
18.4,6.8,0,0.0504583,0.0136481,0
18.4,6.9,0,0.0577562,0.0128947,0
18.4,7,0,0.0693063,0.0118086,0
18.4,7.1,0,0.0757291,0.0115686,0
18.4,7.2,0,0.083363,0.0109619,0
18.4,7.3,0,0.0924479,0.0100326,0
18.4,7.4,0,0.102486,0.00957116,0
18.4,7.5,0,0.112876,0.00892793,0
18.4,7.6,0,0.123736,0.00813875,0
18.4,7.7,0,0.135149,0.00774403,0
18.4,7.8,0,0.146809,0.00724666,0
18.4,7.9,0,0.158753,0.0067126,0
18.4,8,0,0.171137,0.00648411,0
18.4,8.1,0,0.183633,0.00615937,0
18.4,8.2,0,0.196076,0.00595957,0
18.4,8.3,0,0.208642,0.0059434,0
18.4,8.4,0,0.221107,0.00581289,0
18.4,8.5,0,0.233184,0.00590116,0
18.4,8.6,0,0.244872,0.00606012,0
18.4,8.7,0,0.256183,0.00606327,0
18.4,8.8,0,0.266798,0.00632846,0
18.4,8.9,0,0.276692,0.0065533,0
18.4,9,0,0.285855,0.00660307,0
18.4,9.1,0,0.294195,0.00688224,0
18.4,9.2,0,0.301749,0.00706954,0
18.4,9.3,0,0.308325,0.00710578,0
18.4,9.4,0,0.314086,0.00726824,0
18.4,9.5,0,0.319234,0.00735971,0
18.4,9.6,0,0.323344,0.00733,0
18.4,9.7,0,0.326752,0.00735771,0
18.4,9.8,0,0.329691,0.00732593,0
18.4,9.9,0,0.331943,0.00724807,0
18.4,10,0,0.333509,0.00716413,0
18.4,10.1,0,0.334686,0.0070262,0
18.4,10.2,0,0.335666,0.00692435,0
18.4,10.3,0,0.33601,0.00677318,0
18.4,10.4,0,0.335952,0.00656353,0
18.4,10.5,0,0.336105,0.0064588,0
18.4,10.6,0,0.335748,0.00628351,0
18.4,10.7,0,0.334871,0.00602358,0
18.4,10.8,0,0.334618,0.00595285,0
18.4,10.9,0,0.333853,0.00577465,0
18.4,11,0,0.3326,0.00551208,0
18.4,11.1,0,0.332065,0.00546566,0
18.4,11.2,0,0.331086,0.00529731,0
18.4,11.3,0,0.329753,0.0050724,0
18.4,11.4,0,0.329005,0.00502927,0
18.4,11.5,0,0.327942,0.00487719,0
18.4,11.6,0,0.326686,0.00471384,0
18.4,11.7,0,0.325822,0.00465862,0
18.4,11.8,0,0.324636,0.00446961,0
18.4,11.9,0,0.323735,0.00445296,0
18.4,12,0,0.322855,0.00435427,0
18.4,12.1,0,0.321645,0.00408616,0
18.4,12.2,0,0.321155,0.00419123,0
18.4,12.3,0,0.320497,0.00406631,0
18.4,12.4,0,0.319422,0.00365873,0
18.4,12.5,0,0.319494,0.00391997,0
18.4,12.6,0,0.31925,0.00385312,0
18.4,12.7,0,0.318483,0.00335012,0
18.5,0,0,0.327134,-0.0349613,0
18.5,0.1,0,0.327352,-0.0347853,0
18.5,0.2,0,0.327431,-0.0348244,0
18.5,0.3,0,0.327621,-0.0347561,0
18.5,0.4,0,0.327973,-0.0346025,0
18.5,0.5,0,0.327957,-0.034633,0
18.5,0.6,0,0.328338,-0.0342713,0
18.5,0.7,0,0.328368,-0.0341192,0
18.5,0.8,0,0.328287,-0.0338161,0
18.5,0.9,0,0.328303,-0.0334089,0
18.5,1,0,0.327589,-0.0331547,0
18.5,1.1,0,0.327264,-0.0324727,0
18.5,1.2,0,0.326315,-0.0319767,0
18.5,1.3,0,0.325048,-0.0312836,0
18.5,1.4,0,0.323803,-0.0304708,0
18.5,1.5,0,0.321356,-0.0297393,0
18.5,1.6,0,0.319324,-0.028566,0
18.5,1.7,0,0.316266,-0.0275302,0
18.5,1.8,0,0.312631,-0.0262482,0
18.5,1.9,0,0.308905,-0.0248453,0
18.5,2,0,0.303424,-0.0234336,0
18.5,2.1,0,0.298401,-0.0216096,0
18.5,2.2,0,0.291945,-0.0198862,0
18.5,2.3,0,0.28472,-0.0178973,0
18.5,2.4,0,0.277301,-0.0158215,0
18.5,2.5,0,0.267933,-0.0137236,0
18.5,2.6,0,0.259017,-0.0112615,0
18.5,2.7,0,0.248661,-0.00896231,0
18.5,2.8,0,0.237667,-0.00643944,0
18.5,2.9,0,0.226473,-0.00389596,0
18.5,3,0,0.213984,-0.0015042,0
18.5,3.1,0,0.20186,0.0012624,0
18.5,3.2,0,0.188941,0.0036461,0
18.5,3.3,0,0.175933,0.00615362,0
18.5,3.4,0,0.162845,0.00863219,0
18.5,3.5,0,0.149801,0.0106322,0
18.5,3.6,0,0.136973,0.0131352,0
18.5,3.7,0,0.124329,0.0149826,0
18.5,3.8,0,0.112254,0.0168753,0
18.5,3.9,0,0.100249,0.0187558,0
18.5,4,0,0.0894823,0.0198397,0
18.5,4.1,0,0.0787813,0.0216354,0
18.5,4.2,0,0.0689706,0.022575,0
18.5,4.3,0,0.0600927,0.0235336,0
18.5,4.4,0,0.0513696,0.0245512,0
18.5,4.5,0,0.0443413,0.0246057,0
18.5,4.6,0,0.0372991,0.0255572,0
18.5,4.7,0,0.0313258,0.0255912,0
18.5,4.8,0,0.0262653,0.0256791,0
18.5,4.9,0,0.0217485,0.0259266,0
18.5,5,0,0.0192697,0.0252766,0
18.5,5.1,0,0.0148549,0.0249486,0
18.5,5.2,0,0.0123698,0.0246086,0
18.5,5.3,0,0.0105128,0.0241869,0
18.5,5.4,0,0.00926112,0.023694,0
18.5,5.5,0,0.0085955,0.0231417,0
18.5,5.6,0,0.00850066,0.022541,0
18.5,5.7,0,0.00896592,0.0219015,0
18.5,5.8,0,0.00998513,0.0212313,0
18.5,5.9,0,0.0115563,0.0205374,0
18.5,6,0,0.0136811,0.0198257,0
18.5,6.1,0,0.0163637,0.0191006,0
18.5,6.2,0,0.01961,0.0183657,0
18.5,6.3,0,0.0234264,0.0176237,0
18.5,6.4,0,0.0278189,0.0168763,0
18.5,6.5,0,0.032792,0.0161253,0
18.5,6.6,0,0.0383483,0.0153717,0
18.5,6.7,0,0.0444879,0.0146169,0
18.5,6.8,0,0.0512084,0.0138626,0
18.5,6.9,0,0.0585046,0.0131105,0
18.5,7,0,0.0700478,0.0120239,0
18.5,7.1,0,0.0756633,0.0120284,0
18.5,7.2,0,0.0835578,0.0113363,0
18.5,7.3,0,0.0931538,0.0102396,0
18.5,7.4,0,0.102877,0.00994073,0
18.5,7.5,0,0.113427,0.00916154,0
18.5,7.6,0,0.124349,0.00831931,0
18.5,7.7,0,0.135447,0.00804081,0
18.5,7.8,0,0.147262,0.00737471,0
18.5,7.9,0,0.159207,0.00684065,0
18.5,8,0,0.171337,0.00668224,0
18.5,8.1,0,0.183878,0.00620961,0
18.5,8.2,0,0.196319,0.0060109,0
18.5,8.3,0,0.208799,0.00603481,0
18.5,8.4,0,0.221149,0.00577197,0
18.5,8.5,0,0.233292,0.0058758,0
18.5,8.6,0,0.245076,0.00605736,0
18.5,8.7,0,0.256085,0.00593544,0
18.5,8.8,0,0.267025,0.00624206,0
18.5,8.9,0,0.276968,0.00646787,0
18.5,9,0,0.285709,0.0064066,0
18.5,9.1,0,0.294624,0.00675268,0
18.5,9.2,0,0.301926,0.00688781,0
18.5,9.3,0,0.308212,0.00686399,0
18.5,9.4,0,0.314593,0.00709808,0
18.5,9.5,0,0.319277,0.00710779,0
18.5,9.6,0,0.323303,0.00706325,0
18.5,9.7,0,0.327291,0.00715892,0
18.5,9.8,0,0.329725,0.00704798,0
18.5,9.9,0,0.331976,0.00697012,0
18.5,10,0,0.334047,0.00694807,0
18.5,10.1,0,0.334773,0.00674474,0
18.5,10.2,0,0.335819,0.00665199,0
18.5,10.3,0,0.336529,0.00655103,0
18.5,10.4,0,0.336066,0.00628239,0
18.5,10.5,0,0.336423,0.00621181,0
18.5,10.6,0,0.336245,0.00606619,0
18.5,10.7,0,0.334989,0.00574462,0
18.5,10.8,0,0.335065,0.00574425,0
18.5,10.9,0,0.334252,0.00555698,0
18.5,11,0,0.332706,0.00523637,0
18.5,11.1,0,0.332528,0.00528784,0
18.5,11.2,0,0.331326,0.0050639,0
18.5,11.3,0,0.329839,0.0048007,0
18.5,11.4,0,0.329456,0.00488368,0
18.5,11.5,0,0.328015,0.0046129,0
18.5,11.6,0,0.326749,0.00444634,0
18.5,11.7,0,0.32626,0.00455225,0
18.5,11.8,0,0.324679,0.00420546,0
18.5,11.9,0,0.323778,0.00418881,0
18.5,12,0,0.323274,0.00429707,0
18.5,12.1,0,0.32167,0.00382735,0
18.5,12.2,0,0.321282,0.00400396,0
18.5,12.3,0,0.320887,0.00406233,0
18.5,12.4,0,0.319439,0.00340202,0
18.5,12.5,0,0.31974,0.00385454,0
18.5,12.6,0,0.319613,0.00388523,0
18.5,12.7,0,0.318497,0.00309146,0
18.6,0,0,0.327089,-0.0353339,0
18.6,0.1,0,0.327317,-0.0351325,0
18.6,0.2,0,0.327348,-0.0351878,0
18.6,0.3,0,0.327538,-0.0351194,0
18.6,0.4,0,0.327847,-0.0349271,0
18.6,0.5,0,0.327779,-0.0349759,0
18.6,0.6,0,0.328183,-0.0345875,0
18.6,0.7,0,0.328054,-0.0344366,0
18.6,0.8,0,0.327973,-0.0341335,0
18.6,0.9,0,0.327917,-0.0336798,0
18.6,1,0,0.3271,-0.0334389,0
18.6,1.1,0,0.326819,-0.0327307,0
18.6,1.2,0,0.325606,-0.0322168,0
18.6,1.3,0,0.324339,-0.0315237,0
18.6,1.4,0,0.322991,-0.0306514,0
18.6,1.5,0,0.320377,-0.0299224,0
18.6,1.6,0,0.318424,-0.0287251,0
18.6,1.7,0,0.314971,-0.0276422,0
18.6,1.8,0,0.311335,-0.0263602,0
18.6,1.9,0,0.307501,-0.0248845,0
18.6,2,0,0.301782,-0.023462,0
18.6,2.1,0,0.296878,-0.0216157,0
18.6,2.2,0,0.289955,-0.0198224,0
18.6,2.3,0,0.282731,-0.0178335,0
18.6,2.4,0,0.275265,-0.0156773,0
18.6,2.5,0,0.265642,-0.0135658,0
18.6,2.6,0,0.256864,-0.0110749,0
18.6,2.7,0,0.246163,-0.00871672,0
18.6,2.8,0,0.235169,-0.00619386,0
18.6,2.9,0,0.224058,-0.00356929,0
18.6,3,0,0.211415,-0.00118604,0
18.6,3.1,0,0.19939,0.00162975,0
18.6,3.2,0,0.186459,0.00401537,0
18.6,3.3,0,0.173451,0.00652288,0
18.6,3.4,0,0.16057,0.00907997,0
18.6,3.5,0,0.147559,0.0110294,0
18.6,3.6,0,0.134754,0.0136067,0
18.6,3.7,0,0.122451,0.0153843,0
18.6,3.8,0,0.110376,0.0172771,0
18.6,3.9,0,0.0986199,0.0192324,0
18.6,4,0,0.0880451,0.0202247,0
18.6,4.1,0,0.0772993,0.0221129,0
18.6,4.2,0,0.0680024,0.0229273,0
18.6,4.3,0,0.0591245,0.0238859,0
18.6,4.4,0,0.0506071,0.0249759,0
18.6,4.5,0,0.043823,0.024917,0
18.6,4.6,0,0.0367071,0.0259669,0
18.6,4.7,0,0.031202,0.0258606,0
18.6,4.8,0,0.0261415,0.0259485,0
18.6,4.9,0,0.0216388,0.0262695,0
18.6,5,0,0.0194223,0.0255147,0
18.6,5.1,0,0.0151506,0.0251699,0
18.6,5.2,0,0.0127548,0.0248192,0
18.6,5.3,0,0.0109742,0.0243885,0
18.6,5.4,0,0.00978654,0.0238885,0
18.6,5.5,0,0.00917358,0.0233309,0
18.6,5.6,0,0.00912117,0.0227266,0
18.6,5.7,0,0.00961989,0.0220852,0
18.6,5.8,0,0.0106649,0.0214146,0
18.6,5.9,0,0.0122556,0.0207216,0
18.6,6,0,0.0143949,0.0200119,0
18.6,6.1,0,0.0170881,0.0192898,0
18.6,6.2,0,0.0203422,0.0185585,0
18.6,6.3,0,0.0241643,0.0178205,0
18.6,6.4,0,0.0285612,0.0170774,0
18.6,6.5,0,0.0335376,0.0163304,0
18.6,6.6,0,0.0390965,0.0155806,0
18.6,6.7,0,0.0452377,0.014829,0
18.6,6.8,0,0.0519585,0.0140771,0
18.6,6.9,0,0.059253,0.0133263,0
18.6,7,0,0.0707893,0.0122391,0
18.6,7.1,0,0.0763694,0.0122544,0
18.6,7.2,0,0.0842638,0.0115434,0
18.6,7.3,0,0.0938598,0.0104467,0
18.6,7.4,0,0.103449,0.0102169,0
18.6,7.5,0,0.11404,0.00934211,0
18.6,7.6,0,0.124963,0.00849987,0
18.6,7.7,0,0.135806,0.00831517,0
18.6,7.8,0,0.147716,0.00750277,0
18.6,7.9,0,0.159661,0.0069687,0
18.6,8,0,0.171537,0.00688038,0
18.6,8.1,0,0.184124,0.00625985,0
18.6,8.2,0,0.196565,0.00606113,0
18.6,8.3,0,0.208919,0.00608384,0
18.6,8.4,0,0.221191,0.00573104,0
18.6,8.5,0,0.233334,0.00583487,0
18.6,8.6,0,0.245068,0.00596682,0
18.6,8.7,0,0.255986,0.0058076,0
18.6,8.8,0,0.266926,0.00611423,0
18.6,8.9,0,0.276823,0.00627139,0
18.6,9,0,0.285564,0.00621012,0
18.6,9.1,0,0.294577,0.00656765,0
18.6,9.2,0,0.301813,0.00664602,0
18.6,9.3,0,0.308099,0.0066222,0
18.6,9.4,0,0.314822,0.00689587,0
18.6,9.5,0,0.319236,0.00684105,0
18.6,9.6,0,0.323263,0.00679651,0
18.6,9.7,0,0.327792,0.00695566,0
18.6,9.8,0,0.329758,0.00677003,0
18.6,9.9,0,0.332009,0.00669217,0
18.6,10,0,0.334555,0.00672771,0
18.6,10.1,0,0.33486,0.00646328,0
18.6,10.2,0,0.335906,0.00637054,0
18.6,10.3,0,0.336867,0.00630248,0
18.6,10.4,0,0.33618,0.00600125,0
18.6,10.5,0,0.336537,0.00593067,0
18.6,10.6,0,0.336428,0.00579777,0
18.6,10.7,0,0.335106,0.00546565,0
18.6,10.8,0,0.335183,0.00546529,0
18.6,10.9,0,0.334358,0.00528128,0
18.6,11,0,0.332812,0.00496067,0
18.6,11.1,0,0.33274,0.00504133,0
18.6,11.2,0,0.331411,0.0047922,0
18.6,11.3,0,0.329924,0.004529,0
18.6,11.4,0,0.32979,0.00469772,0
18.6,11.5,0,0.328079,0.0043454,0
18.6,11.6,0,0.326813,0.00417884,0
18.6,11.7,0,0.326698,0.00444587,0
18.6,11.8,0,0.324721,0.00394131,0
18.6,11.9,0,0.32382,0.00392465,0
18.6,12,0,0.323618,0.00420096,0
18.6,12.1,0,0.321696,0.00356855,0
18.6,12.2,0,0.321308,0.00374515,0
18.6,12.3,0,0.321062,0.00391314,0
18.6,12.4,0,0.319455,0.00314531,0
18.6,12.5,0,0.319757,0.00359783,0
18.6,12.6,0,0.319643,0.00363933,0
18.6,12.7,0,0.318512,0.0028328,0
18.7,0,0,0.327043,-0.0357064,0
18.7,0.1,0,0.327262,-0.0355131,0
18.7,0.2,0,0.327266,-0.0355511,0
18.7,0.3,0,0.327455,-0.0354828,0
18.7,0.4,0,0.327663,-0.03528,0
18.7,0.5,0,0.3276,-0.0353188,0
18.7,0.6,0,0.327975,-0.0349366,0
18.7,0.7,0,0.32774,-0.034754,0
18.7,0.8,0,0.327659,-0.0344509,0
18.7,0.9,0,0.327416,-0.033974,0
18.7,1,0,0.326612,-0.0337231,0
18.7,1.1,0,0.326281,-0.0330181,0
18.7,1.2,0,0.324897,-0.0324569,0
18.7,1.3,0,0.323631,-0.0317638,0
18.7,1.4,0,0.32199,-0.0308439,0
18.7,1.5,0,0.319399,-0.0301054,0
18.7,1.6,0,0.317368,-0.0289065,0
18.7,1.7,0,0.313675,-0.0277542,0
18.7,1.8,0,0.31004,-0.0264722,0
18.7,1.9,0,0.30582,-0.0249213,0
18.7,2,0,0.300139,-0.0234903,0
18.7,2.1,0,0.295138,-0.0216386,0
18.7,2.2,0,0.287966,-0.0197585,0
18.7,2.3,0,0.280741,-0.0177696,0
18.7,2.4,0,0.272924,-0.0155284,0
18.7,2.5,0,0.263351,-0.0134079,0
18.7,2.6,0,0.25449,-0.0109147,0
18.7,2.7,0,0.243665,-0.00847114,0
18.7,2.8,0,0.232671,-0.00594827,0
18.7,2.9,0,0.221442,-0.00326521,0
18.7,3,0,0.208846,-0.000867885,0
18.7,3.1,0,0.196797,0.00193713,0
18.7,3.2,0,0.183977,0.00438463,0
18.7,3.3,0,0.170969,0.00689214,0
18.7,3.4,0,0.158305,0.00945396,0
18.7,3.5,0,0.145317,0.0114265,0
18.7,3.6,0,0.132558,0.0139767,0
18.7,3.7,0,0.120572,0.0157861,0
18.7,3.8,0,0.108497,0.0176788,0
18.7,3.9,0,0.0971884,0.0195855,0
18.7,4,0,0.0866078,0.0206096,0
18.7,4.1,0,0.0759492,0.0224582,0
18.7,4.2,0,0.0670341,0.0232797,0
18.7,4.3,0,0.0581562,0.0242383,0
18.7,4.4,0,0.0501129,0.0252509,0
18.7,4.5,0,0.0433047,0.0252283,0
18.7,4.6,0,0.0362756,0.026235,0
18.7,4.7,0,0.0310782,0.0261301,0
18.7,4.8,0,0.0260177,0.0262179,0
18.7,4.9,0,0.0218483,0.026473,0
18.7,5,0,0.0195749,0.0257527,0
18.7,5.1,0,0.0154463,0.0253913,0
18.7,5.2,0,0.0131399,0.0250298,0
18.7,5.3,0,0.0114355,0.0245902,0
18.7,5.4,0,0.010312,0.0240829,0
18.7,5.5,0,0.00975166,0.02352,0
18.7,5.6,0,0.00974168,0.0229122,0
18.7,5.7,0,0.0102739,0.0222688,0
18.7,5.8,0,0.0113447,0.0215978,0
18.7,5.9,0,0.0129549,0.0209058,0
18.7,6,0,0.0151087,0.0201981,0
18.7,6.1,0,0.0178125,0.0194789,0
18.7,6.2,0,0.0210743,0.0187513,0
18.7,6.3,0,0.0249022,0.0180173,0
18.7,6.4,0,0.0293034,0.0172784,0
18.7,6.5,0,0.0342833,0.0165356,0
18.7,6.6,0,0.0398447,0.0157895,0
18.7,6.7,0,0.0459875,0.0150412,0
18.7,6.8,0,0.0527085,0.0142916,0
18.7,6.9,0,0.0600015,0.013542,0
18.7,7,0,0.0715308,0.0124544,0
18.7,7.1,0,0.0771109,0.0124696,0
18.7,7.2,0,0.0849698,0.0117504,0
18.7,7.3,0,0.0945658,0.0106537,0
18.7,7.4,0,0.104194,0.0103908,0
18.7,7.5,0,0.114654,0.00952267,0
18.7,7.6,0,0.125576,0.00868044,0
18.7,7.7,0,0.136506,0.00840175,0
18.7,7.8,0,0.14817,0.00763082,0
18.7,7.9,0,0.160114,0.00709675,0
18.7,8,0,0.171986,0.00688283,0
18.7,8.1,0,0.18437,0.00631009,0
18.7,8.2,0,0.19681,0.00611137,0
18.7,8.3,0,0.208999,0.00602522,0
18.7,8.4,0,0.221233,0.00569011,0
18.7,8.5,0,0.233376,0.00579395,0
18.7,8.6,0,0.244962,0.00583714,0
18.7,8.7,0,0.255888,0.00567976,0
18.7,8.8,0,0.266828,0.00598639,0
18.7,8.9,0,0.276678,0.00607491,0
18.7,9,0,0.285419,0.00601364,0
18.7,9.1,0,0.294431,0.00637117,0
18.7,9.2,0,0.3017,0.00640423,0
18.7,9.3,0,0.307986,0.00638041,0
18.7,9.4,0,0.314544,0.00662485,0
18.7,9.5,0,0.319195,0.0065743,0
18.7,9.6,0,0.323222,0.00652976,0
18.7,9.7,0,0.327405,0.00663475,0
18.7,9.8,0,0.329791,0.00649208,0
18.7,9.9,0,0.332042,0.00641423,0
18.7,10,0,0.334297,0.00640391,0
18.7,10.1,0,0.334947,0.00618183,0
18.7,10.2,0,0.335992,0.00608908,0
18.7,10.3,0,0.33685,0.00600339,0
18.7,10.4,0,0.336294,0.0057201,0
18.7,10.5,0,0.336651,0.00564952,0
18.7,10.6,0,0.336545,0.00551881,0
18.7,10.7,0,0.335224,0.00518669,0
18.7,10.8,0,0.335301,0.00518632,0
18.7,10.9,0,0.334464,0.00500557,0
18.7,11,0,0.332918,0.00468496,0
18.7,11.1,0,0.332828,0.00476109,0
18.7,11.2,0,0.331497,0.0045205,0
18.7,11.3,0,0.33001,0.00425729,0
18.7,11.4,0,0.329709,0.00437362,0
18.7,11.5,0,0.328142,0.0040779,0
18.7,11.6,0,0.326876,0.00391134,0
18.7,11.7,0,0.326464,0.00406024,0
18.7,11.8,0,0.324764,0.00367716,0
18.7,11.9,0,0.323863,0.0036605,0
18.7,12,0,0.323433,0.00382688,0
18.7,12.1,0,0.321721,0.00330974,0
18.7,12.2,0,0.321333,0.00348634,0
18.7,12.3,0,0.321014,0.00361173,0
18.7,12.4,0,0.319471,0.0028886,0
18.7,12.5,0,0.319773,0.00334112,0
18.7,12.6,0,0.319658,0.00338067,0
18.7,12.7,0,0.318526,0.00257414,0
18.8,0,0,0.326998,-0.0360789,0
18.8,0.1,0,0.327152,-0.0359398,0
18.8,0.2,0,0.327183,-0.0359145,0
18.8,0.3,0,0.327372,-0.0358461,0
18.8,0.4,0,0.327448,-0.0356891,0
18.8,0.5,0,0.327421,-0.0356617,0
18.8,0.6,0,0.327602,-0.0353206,0
18.8,0.7,0,0.327426,-0.0350714,0
18.8,0.8,0,0.327345,-0.0347684,0
18.8,0.9,0,0.326845,-0.0343247,0
18.8,1,0,0.326123,-0.0340073,0
18.8,1.1,0,0.325462,-0.0333237,0
18.8,1.2,0,0.324188,-0.0326971,0
18.8,1.3,0,0.322922,-0.032004,0
18.8,1.4,0,0.320863,-0.03109,0
18.8,1.5,0,0.31842,-0.0302884,0
18.8,1.6,0,0.315877,-0.0290782,0
18.8,1.7,0,0.31238,-0.0278662,0
18.8,1.8,0,0.308744,-0.0265842,0
18.8,1.9,0,0.303928,-0.0250061,0
18.8,2,0,0.298496,-0.0235187,0
18.8,2.1,0,0.292848,-0.0216303,0
18.8,2.2,0,0.285977,-0.0196947,0
18.8,2.3,0,0.278752,-0.0177057,0
18.8,2.4,0,0.270296,-0.0154305,0
18.8,2.5,0,0.26106,-0.01325,0
18.8,2.6,0,0.251647,-0.0107409,0
18.8,2.7,0,0.241166,-0.00822555,0
18.8,2.8,0,0.230172,-0.00570268,0
18.8,2.9,0,0.218558,-0.0030409,0
18.8,3,0,0.206277,-0.000549727,0
18.8,3.1,0,0.194066,0.00218342,0
18.8,3.2,0,0.181495,0.00475389,0
18.8,3.3,0,0.168487,0.00726141,0
18.8,3.4,0,0.155906,0.00969668,0
18.8,3.5,0,0.143075,0.0118237,0
18.8,3.6,0,0.130624,0.0141924,0
18.8,3.7,0,0.118694,0.0161878,0
18.8,3.8,0,0.106618,0.0180805,0
18.8,3.9,0,0.0957893,0.0197579,0
18.8,4,0,0.0851706,0.0209945,0
18.8,4.1,0,0.075093,0.0225791,0
18.8,4.2,0,0.0660659,0.0236321,0
18.8,4.3,0,0.0571879,0.0245907,0
18.8,4.4,0,0.0497551,0.0253198,0
18.8,4.5,0,0.0427864,0.0255397,0
18.8,4.6,0,0.0363362,0.0262584,0
18.8,4.7,0,0.0309544,0.0263995,0
18.8,4.8,0,0.0258939,0.0264874,0
18.8,4.9,0,0.0223803,0.0264803,0
18.8,5,0,0.0197275,0.0259907,0
18.8,5.1,0,0.015742,0.0256126,0
18.8,5.2,0,0.0135249,0.0252405,0
18.8,5.3,0,0.0118969,0.0247918,0
18.8,5.4,0,0.0108374,0.0242774,0
18.8,5.5,0,0.0103297,0.0237092,0
18.8,5.6,0,0.0103622,0.0230978,0
18.8,5.7,0,0.0109278,0.0224525,0
18.8,5.8,0,0.0120245,0.021781,0
18.8,5.9,0,0.0136542,0.0210899,0
18.8,6,0,0.0158224,0.0203843,0
18.8,6.1,0,0.0185369,0.0196681,0
18.8,6.2,0,0.0218064,0.018944,0
18.8,6.3,0,0.0256401,0.0182141,0
18.8,6.4,0,0.0300457,0.0174794,0
18.8,6.5,0,0.035029,0.0167407,0
18.8,6.6,0,0.0405929,0.0159985,0
18.8,6.7,0,0.0467373,0.0152533,0
18.8,6.8,0,0.0534586,0.0145062,0
18.8,6.9,0,0.0607499,0.0137578,0
18.8,7,0,0.0722723,0.0126696,0
18.8,7.1,0,0.0784651,0.0124843,0
18.8,7.2,0,0.0860086,0.0118566,0
18.8,7.3,0,0.0952718,0.0108607,0
18.8,7.4,0,0.105122,0.0104088,0
18.8,7.5,0,0.115277,0.00969824,0
18.8,7.6,0,0.126189,0.008861,0
18.8,7.7,0,0.137274,0.00841358,0
18.8,7.8,0,0.148623,0.00775887,0
18.8,7.9,0,0.160568,0.00722481,0
18.8,8,0,0.172485,0.00686299,0
18.8,8.1,0,0.184615,0.00636033,0
18.8,8.2,0,0.197056,0.00616161,0
18.8,8.3,0,0.209129,0.00594313,0
18.8,8.4,0,0.221275,0.00564918,0
18.8,8.5,0,0.23337,0.00573327,0
18.8,8.6,0,0.244701,0.00567114,0
18.8,8.7,0,0.25579,0.00555193,0
18.8,8.8,0,0.266482,0.0057932,0
18.8,8.9,0,0.276258,0.00584343,0
18.8,9,0,0.285274,0.00581716,0
18.8,9.1,0,0.293788,0.00607132,0
18.8,9.2,0,0.301423,0.00614336,0
18.8,9.3,0,0.307873,0.00613862,0
18.8,9.4,0,0.313883,0.00628648,0
18.8,9.5,0,0.319155,0.00630756,0
18.8,9.6,0,0.323181,0.00626302,0
18.8,9.7,0,0.326859,0.00628885,0
18.8,9.8,0,0.329824,0.00621413,0
18.8,9.9,0,0.332075,0.00613628,0
18.8,10,0,0.333879,0.00606056,0
18.8,10.1,0,0.335033,0.00590037,0
18.8,10.2,0,0.336079,0.00580762,0
18.8,10.3,0,0.336531,0.00566294,0
18.8,10.4,0,0.336408,0.00543896,0
18.8,10.5,0,0.336657,0.0053508,0
18.8,10.6,0,0.33631,0.00518105,0
18.8,10.7,0,0.335342,0.00490772,0
18.8,10.8,0,0.335171,0.00485835,0
18.8,10.9,0,0.334376,0.00468845,0
18.8,11,0,0.333024,0.00440925,0
18.8,11.1,0,0.332557,0.0043915,0
18.8,11.2,0,0.331527,0.00423334,0
18.8,11.3,0,0.330096,0.00398559,0
18.8,11.4,0,0.329407,0.00398001,0
18.8,11.5,0,0.328205,0.0038104,0
18.8,11.6,0,0.326939,0.00364384,0
18.8,11.7,0,0.326131,0.00363497,0
18.8,11.8,0,0.324806,0.003413,0
18.8,11.9,0,0.323905,0.00339635,0
18.8,12,0,0.323081,0.00336112,0
18.8,12.1,0,0.321747,0.00305093,0
18.8,12.2,0,0.321347,0.00321978,0
18.8,12.3,0,0.320666,0.00310019,0
18.8,12.4,0,0.319487,0.00263188,0
18.8,12.5,0,0.319645,0.00296453,0
18.8,12.6,0,0.319397,0.00289273,0
18.8,12.7,0,0.318541,0.00231548,0
18.9,0,0,0.326953,-0.0364515,0
18.9,0.1,0,0.327041,-0.0363665,0
18.9,0.2,0,0.32708,-0.0363222,0
18.9,0.3,0,0.327197,-0.0362415,0
18.9,0.4,0,0.327233,-0.0360982,0
18.9,0.5,0,0.327242,-0.0360046,0
18.9,0.6,0,0.327229,-0.0357046,0
18.9,0.7,0,0.327071,-0.0354355,0
18.9,0.8,0,0.326852,-0.0351091,0
18.9,0.9,0,0.326274,-0.0346754,0
18.9,1,0,0.325635,-0.0342915,0
18.9,1.1,0,0.324642,-0.0336293,0
18.9,1.2,0,0.323402,-0.032983,0
18.9,1.3,0,0.32192,-0.0322483,0
18.9,1.4,0,0.319736,-0.0313362,0
18.9,1.5,0,0.317441,-0.0304714,0
18.9,1.6,0,0.314386,-0.02925,0
18.9,1.7,0,0.310947,-0.0280201,0
18.9,1.8,0,0.307031,-0.0266772,0
18.9,1.9,0,0.302036,-0.0250909,0
18.9,2,0,0.296854,-0.023547,0
18.9,2.1,0,0.290558,-0.0216221,0
18.9,2.2,0,0.283777,-0.0196697,0
18.9,2.3,0,0.276315,-0.0176181,0
18.9,2.4,0,0.267668,-0.0153326,0
18.9,2.5,0,0.258769,-0.0130921,0
18.9,2.6,0,0.248805,-0.0105671,0
18.9,2.7,0,0.238427,-0.00803023,0
18.9,2.8,0,0.227404,-0.00547199,0
18.9,2.9,0,0.215674,-0.00281659,0
18.9,3,0,0.203708,-0.000231569,0
18.9,3.1,0,0.191334,0.0024297,0
18.9,3.2,0,0.178838,0.00503707,0
18.9,3.3,0,0.166063,0.00754209,0
18.9,3.4,0,0.153507,0.00993939,0
18.9,3.5,0,0.140834,0.0122209,0
18.9,3.6,0,0.12869,0.0144081,0
18.9,3.7,0,0.116776,0.0164593,0
18.9,3.8,0,0.105076,0.0183217,0
18.9,3.9,0,0.0943902,0.0199303,0
18.9,4,0,0.0837334,0.0213795,0
18.9,4.1,0,0.0742368,0.0227,0
18.9,4.2,0,0.065176,0.0238224,0
18.9,4.3,0,0.056647,0.0247446,0
18.9,4.4,0,0.0493973,0.0253887,0
18.9,4.5,0,0.0422681,0.025851,0
18.9,4.6,0,0.0363968,0.0262818,0
18.9,4.7,0,0.0309597,0.0264967,0
18.9,4.8,0,0.0262292,0.0265733,0
18.9,4.9,0,0.0229123,0.0264876,0
18.9,5,0,0.01988,0.0262288,0
18.9,5.1,0,0.0160377,0.0258339,0
18.9,5.2,0,0.01391,0.0254511,0
18.9,5.3,0,0.0123583,0.0249935,0
18.9,5.4,0,0.0113628,0.0244719,0
18.9,5.5,0,0.0109078,0.0238983,0
18.9,5.6,0,0.0109827,0.0232833,0
18.9,5.7,0,0.0115818,0.0226361,0
18.9,5.8,0,0.0127043,0.0219643,0
18.9,5.9,0,0.0143535,0.0212741,0
18.9,6,0,0.0165362,0.0205705,0
18.9,6.1,0,0.0192612,0.0198573,0
18.9,6.2,0,0.0225386,0.0191368,0
18.9,6.3,0,0.026378,0.0184109,0
18.9,6.4,0,0.030788,0.0176804,0
18.9,6.5,0,0.0357747,0.0169458,0
18.9,6.6,0,0.0413412,0.0162074,0
18.9,6.7,0,0.0474871,0.0154655,0
18.9,6.8,0,0.0542087,0.0147207,0
18.9,6.9,0,0.0614984,0.0139735,0
18.9,7,0,0.0730137,0.0128849,0
18.9,7.1,0,0.0799784,0.0124468,0
18.9,7.2,0,0.087522,0.0118191,0
18.9,7.3,0,0.0959778,0.0110678,0
18.9,7.4,0,0.10605,0.0104268,0
18.9,7.5,0,0.116205,0.00971627,0
18.9,7.6,0,0.126805,0.00903934,0
18.9,7.7,0,0.138043,0.00842541,0
18.9,7.8,0,0.149282,0.00781148,0
18.9,7.9,0,0.16104,0.00729448,0
18.9,8,0,0.172984,0.00684315,0
18.9,8.1,0,0.184929,0.00639182,0
18.9,8.2,0,0.197212,0.00610912,0
18.9,8.3,0,0.209259,0.00586104,0
18.9,8.4,0,0.221316,0.00560825,0
18.9,8.5,0,0.233109,0.00556726,0
18.9,8.6,0,0.244441,0.00550514,0
18.9,8.7,0,0.255692,0.00542409,0
18.9,8.8,0,0.265925,0.00554423,0
18.9,8.9,0,0.275701,0.00559446,0
18.9,9,0,0.285129,0.00562068,0
18.9,9.1,0,0.293102,0.00576262,0
18.9,9.2,0,0.300737,0.00583466,0
18.9,9.3,0,0.30776,0.00589683,0
18.9,9.4,0,0.313223,0.00594812,0
18.9,9.5,0,0.318554,0.0059761,0
18.9,9.6,0,0.323069,0.00598517,0
18.9,9.7,0,0.326312,0.00594294,0
18.9,9.8,0,0.329555,0.00590072,0
18.9,9.9,0,0.331873,0.00582419,0
18.9,10,0,0.333461,0.00571721,0
18.9,10.1,0,0.335049,0.00561023,0
18.9,10.2,0,0.3358,0.00547287,0
18.9,10.3,0,0.336213,0.00532249,0
18.9,10.4,0,0.336521,0.00515782,0
18.9,10.5,0,0.336391,0.00500801,0
18.9,10.6,0,0.336045,0.00483826,0
18.9,10.7,0,0.33546,0.00462876,0
18.9,10.8,0,0.334917,0.00450587,0
18.9,10.9,0,0.334122,0.00433597,0
18.9,11,0,0.333129,0.00413354,0
18.9,11.1,0,0.332286,0.00402191,0
18.9,11.2,0,0.331256,0.00386375,0
18.9,11.3,0,0.330182,0.00371389,0
18.9,11.4,0,0.329106,0.0035864,0
18.9,11.5,0,0.327985,0.003445,0
18.9,11.6,0,0.326897,0.00333413,0
18.9,11.7,0,0.325799,0.00320969,0
18.9,11.8,0,0.3247,0.00308525,0
18.9,11.9,0,0.323692,0.00300133,0
18.9,12,0,0.322729,0.00289537,0
18.9,12.1,0,0.321767,0.0027894,0
18.9,12.2,0,0.320999,0.00270824,0
18.9,12.3,0,0.320318,0.00258865,0
18.9,12.4,0,0.319504,0.00237517,0
18.9,12.5,0,0.319313,0.00241704,0
18.9,12.6,0,0.319064,0.00234524,0
18.9,12.7,0,0.318556,0.00205682,0
19,0,0,0.3269,-0.0368655,0
19,0.1,0,0.326923,-0.0368008,0
19,0.2,0,0.326963,-0.0367565,0
19,0.3,0,0.326989,-0.0366601,0
19,0.4,0,0.327025,-0.0365168,0
19,0.5,0,0.327052,-0.0363866,0
19,0.6,0,0.326883,-0.0361009,0
19,0.7,0,0.326724,-0.0358318,0
19,0.8,0,0.326326,-0.0354758,0
19,0.9,0,0.325749,-0.0350422,0
19,1,0,0.325122,-0.0346122,0
19,1.1,0,0.323891,-0.0339554,0
19,1.2,0,0.322651,-0.0333091,0
19,1.3,0,0.320888,-0.0325198,0
19,1.4,0,0.318704,-0.0316076,0
19,1.5,0,0.316416,-0.0306854,0
19,1.6,0,0.313017,-0.0294512,0
19,1.7,0,0.309578,-0.0282213,0
19,1.8,0,0.305286,-0.0267939,0
19,1.9,0,0.30029,-0.0252077,0
19,2,0,0.295145,-0.0235989,0
19,2.1,0,0.288429,-0.021645,0
19,2.2,0,0.281648,-0.0196927,0
19,2.3,0,0.273848,-0.0175464,0
19,2.4,0,0.265201,-0.0152609,0
19,2.5,0,0.256412,-0.0129556,0
19,2.6,0,0.2461,-0.0104104,0
19,2.7,0,0.235722,-0.00787355,0
19,2.8,0,0.224615,-0.00525103,0
19,2.9,0,0.212885,-0.00259562,0
19,3,0,0.201102,5.47574e-05,0
19,3.1,0,0.18864,0.00268762,0
19,3.2,0,0.176144,0.00529498,0
19,3.3,0,0.163638,0.00780939,0
19,3.4,0,0.151082,0.0102067,0
19,3.5,0,0.138596,0.0125646,0
19,3.6,0,0.126671,0.0146589,0
19,3.7,0,0.114758,0.0167101,0
19,3.8,0,0.103549,0.0185353,0
19,3.9,0,0.0928635,0.0201439,0
19,4,0,0.0823301,0.0216862,0
19,4.1,0,0.0732281,0.0228634,0
19,4.2,0,0.0641673,0.0239859,0
19,4.3,0,0.0561295,0.0248534,0
19,4.4,0,0.0488799,0.0254975,0
19,4.5,0,0.0417907,0.0260658,0
19,4.6,0,0.0363046,0.0263393,0
19,4.7,0,0.0308675,0.0265542,0
19,4.8,0,0.0265485,0.0265983,0
19,4.9,0,0.0232316,0.0265126,0
19,5,0,0.0200624,0.026361,0
19,5.1,0,0.0163581,0.0259478,0
19,5.2,0,0.0143159,0.0255535,0
19,5.3,0,0.0128366,0.0250861,0
19,5.4,0,0.0119013,0.0245567,0
19,5.5,0,0.0114953,0.0239772,0
19,5.6,0,0.0116092,0.0233581,0
19,5.7,0,0.0122387,0.0227086,0
19,5.8,0,0.0133844,0.0220359,0
19,5.9,0,0.0150509,0.0213462,0
19,6,0,0.0172462,0.0206443,0
19,6.1,0,0.0199805,0.0199335,0
19,6.2,0,0.0232647,0.0192163,0
19,6.3,0,0.0271095,0.018494,0
19,6.4,0,0.0315238,0.0177674,0
19,6.5,0,0.0365143,0.0170366,0
19,6.6,0,0.0420841,0.0163018,0
19,6.7,0,0.0482328,0.015563,0
19,6.8,0,0.0549561,0.0148206,0
19,6.9,0,0.0622461,0.0140749,0
19,7,0,0.073758,0.0129862,0
19,7.1,0,0.0810991,0.0124317,0
19,7.2,0,0.0886426,0.0118041,0
19,7.3,0,0.0967037,0.0111493,0
19,7.4,0,0.106858,0.0104387,0
19,7.5,0,0.117013,0.00972815,0
19,7.6,0,0.127481,0.00903833,0
19,7.7,0,0.138719,0.0084244,0
19,7.8,0,0.149958,0.00781047,0
19,7.9,0,0.161493,0.00725552,0
19,8,0,0.173437,0.00680419,0
19,8.1,0,0.185382,0.00635286,0
19,8.2,0,0.197368,0.0060062,0
19,8.3,0,0.209415,0.00575811,0
19,8.4,0,0.221462,0.00551002,0
19,8.5,0,0.232963,0.00538554,0
19,8.6,0,0.244295,0.00532341,0
19,8.7,0,0.255626,0.00526128,0
19,8.8,0,0.26556,0.00528889,0
19,8.9,0,0.275335,0.00533912,0
19,9,0,0.284986,0.00536316,0
19,9.1,0,0.292645,0.00545599,0
19,9.2,0,0.30028,0.00552803,0
19,9.3,0,0.307455,0.00558834,0
19,9.4,0,0.312786,0.00561633,0
19,9.5,0,0.318117,0.00564431,0
19,9.6,0,0.322709,0.00564648,0
19,9.7,0,0.325952,0.00560426,0
19,9.8,0,0.329195,0.00556203,0
19,9.9,0,0.331594,0.00548635,0
19,10,0,0.333182,0.00537937,0
19,10.1,0,0.33477,0.00527239,0
19,10.2,0,0.335573,0.00513544,0
19,10.3,0,0.335986,0.00498507,0
19,10.4,0,0.3364,0.00483469,0
19,10.5,0,0.336182,0.004666,0
19,10.6,0,0.335836,0.00449625,0
19,10.7,0,0.335522,0.00432084,0
19,10.8,0,0.334695,0.00415264,0
19,10.9,0,0.3339,0.00398274,0
19,11,0,0.33306,0.00380893,0
19,11.1,0,0.33203,0.00365077,0
19,11.2,0,0.331,0.00349261,0
19,11.3,0,0.329927,0.00333244,0
19,11.4,0,0.328807,0.00319104,0
19,11.5,0,0.327686,0.00304964,0
19,11.6,0,0.326557,0.00290726,0
19,11.7,0,0.325459,0.00278282,0
19,11.8,0,0.324361,0.00265838,0
19,11.9,0,0.323321,0.00253353,0
19,12,0,0.322358,0.00242757,0
19,12.1,0,0.321396,0.00232161,0
19,12.2,0,0.320615,0.00220142,0
19,12.3,0,0.319934,0.00208183,0
19,12.4,0,0.319254,0.00196224,0
19,12.5,0,0.318932,0.00185545,0
19,12.6,0,0.318683,0.00178365,0
19,12.7,0,0.318615,0.00178467,0
19.1,0,0,0.326826,-0.0374039,0
19.1,0.1,0,0.326786,-0.0372581,0
19.1,0.2,0,0.326825,-0.0372138,0
19.1,0.3,0,0.326803,-0.0371069,0
19.1,0.4,0,0.326839,-0.0369636,0
19.1,0.5,0,0.326825,-0.0368859,0
19.1,0.6,0,0.326615,-0.036534,0
19.1,0.7,0,0.326457,-0.0362649,0
19.1,0.8,0,0.325939,-0.0358909,0
19.1,0.9,0,0.325362,-0.0354572,0
19.1,1,0,0.324535,-0.0350424,0
19.1,1.1,0,0.323346,-0.0343432,0
19.1,1.2,0,0.322105,-0.0336969,0
19.1,1.3,0,0.320139,-0.0328671,0
19.1,1.4,0,0.317954,-0.0319549,0
19.1,1.5,0,0.315254,-0.0309921,0
19.1,1.6,0,0.312014,-0.029741,0
19.1,1.7,0,0.308575,-0.0285111,0
19.1,1.8,0,0.303979,-0.0270065,0
19.1,1.9,0,0.298984,-0.0254202,0
19.1,2,0,0.293238,-0.0237213,0
19.1,2.1,0,0.286785,-0.0217615,0
19.1,2.2,0,0.280003,-0.0198091,0
19.1,2.3,0,0.271861,-0.0175536,0
19.1,2.4,0,0.263214,-0.0152681,0
19.1,2.5,0,0.25386,-0.0128834,0
19.1,2.6,0,0.24381,-0.010305,0
19.1,2.7,0,0.233432,-0.00776813,0
19.1,2.8,0,0.222112,-0.00504009,0
19.1,2.9,0,0.210382,-0.00238469,0
19.1,3,0,0.198387,0.000245587,0
19.1,3.1,0,0.186056,0.00298041,0
19.1,3.2,0,0.17356,0.00558778,0
19.1,3.3,0,0.161133,0.00815047,0
19.1,3.4,0,0.148577,0.0105478,0
19.1,3.5,0,0.136371,0.0127479,0
19.1,3.6,0,0.1244,0.015015,0
19.1,3.7,0,0.112487,0.0170662,0
19.1,3.8,0,0.10164,0.0188726,0
19.1,3.9,0,0.0909543,0.0204811,0
19.1,4,0,0.0810287,0.0217586,0
19.1,4.1,0,0.0717616,0.0231547,0
19.1,4.2,0,0.0627008,0.0242771,0
19.1,4.3,0,0.055133,0.0250818,0
19.1,4.4,0,0.0478833,0.0257259,0
19.1,4.5,0,0.0414361,0.0259912,0
19.1,4.6,0,0.0357539,0.0264992,0
19.1,4.7,0,0.0303168,0.0267141,0
19.1,4.8,0,0.0262296,0.0266765,0
19.1,4.9,0,0.0229127,0.0265907,0
19.1,5,0,0.0203342,0.026176,0
19.1,5.1,0,0.0167527,0.0257397,0
19.1,5.2,0,0.0147842,0.0253309,0
19.1,5.3,0,0.0133656,0.0248515,0
19.1,5.4,0,0.0124789,0.0243124,0
19.1,5.5,0,0.0121109,0.0237253,0
19.1,5.6,0,0.0122537,0.0231007,0
19.1,5.7,0,0.0129044,0.0224474,0
19.1,5.8,0,0.0140652,0.0217726,0
19.1,5.9,0,0.0157423,0.0210821,0
19.1,6,0,0.0179449,0.0203805,0
19.1,6.1,0,0.0206844,0.019671,0
19.1,6.2,0,0.0239729,0.0189558,0
19.1,6.3,0,0.0278216,0.018236,0
19.1,6.4,0,0.0322402,0.0175121,0
19.1,6.5,0,0.0372356,0.0167843,0
19.1,6.6,0,0.042811,0.0160525,0
19.1,6.7,0,0.0489659,0.0153165,0
19.1,6.8,0,0.0556957,0.0145766,0
19.1,6.9,0,0.0629918,0.013833,0
19.1,7,0,0.0745106,0.0127459,0
19.1,7.1,0,0.0810416,0.0124841,0
19.1,7.2,0,0.0885852,0.0118564,0
19.1,7.3,0,0.097414,0.0109389,0
19.1,7.4,0,0.107305,0.0104321,0
19.1,7.5,0,0.117459,0.00972157,0
19.1,7.6,0,0.128032,0.00889602,0
19.1,7.7,0,0.139118,0.00838487,0
19.1,7.8,0,0.150356,0.00777094,0
19.1,7.9,0,0.161839,0.00714039,0
19.1,8,0,0.173752,0.00670788,0
19.1,8.1,0,0.185732,0.00620514,0
19.1,8.2,0,0.197602,0.00584078,0
19.1,8.3,0,0.20965,0.00559269,0
19.1,8.4,0,0.221729,0.00521722,0
19.1,8.5,0,0.233161,0.00515666,0
19.1,8.6,0,0.244493,0.00509453,0
19.1,8.7,0,0.255759,0.00483363,0
19.1,8.8,0,0.265767,0.00501445,0
19.1,8.9,0,0.275543,0.00506469,0
19.1,9,0,0.285029,0.00489348,0
19.1,9.1,0,0.292876,0.00515561,0
19.1,9.2,0,0.300512,0.00522764,0
19.1,9.3,0,0.307537,0.00514598,0
19.1,9.4,0,0.31302,0.00530428,0
19.1,9.5,0,0.318351,0.00533226,0
19.1,9.6,0,0.322861,0.00526944,0
19.1,9.7,0,0.326153,0.00528723,0
19.1,9.8,0,0.329396,0.00524501,0
19.1,9.9,0,0.33173,0.00516504,0
19.1,10,0,0.333318,0.00505805,0
19.1,10.1,0,0.334921,0.00490912,0
19.1,10.2,0,0.335625,0.00480707,0
19.1,10.3,0,0.336038,0.0046567,0
19.1,10.4,0,0.33657,0.00444552,0
19.1,10.5,0,0.336144,0.00432636,0
19.1,10.6,0,0.335797,0.00415661,0
19.1,10.7,0,0.33575,0.00393508,0
19.1,10.8,0,0.334567,0.00379714,0
19.1,10.9,0,0.333772,0.00362723,0
19.1,11,0,0.333286,0.00344351,0
19.1,11.1,0,0.331818,0.00327498,0
19.1,11.2,0,0.330788,0.00311681,0
19.1,11.3,0,0.329951,0.00296342,0
19.1,11.4,0,0.328517,0.00279046,0
19.1,11.5,0,0.327397,0.00264906,0
19.1,11.6,0,0.326327,0.00249774,0
19.1,11.7,0,0.325097,0.00235119,0
19.1,11.8,0,0.324057,0.00223767,0
19.1,11.9,0,0.322892,0.00205961,0
19.1,12,0,0.321929,0.00195365,0
19.1,12.1,0,0.321271,0.00192315,0
19.1,12.2,0,0.320123,0.00170876,0
19.1,12.3,0,0.319442,0.00158917,0
19.1,12.4,0,0.319357,0.00162575,0
19.1,12.5,0,0.318404,0.00125152,0
19.1,12.6,0,0.318155,0.00117971,0
19.1,12.7,0,0.318808,0.00147202,0
19.2,0,0,0.326751,-0.0379423,0
19.2,0.1,0,0.326648,-0.0377154,0
19.2,0.2,0,0.326704,-0.0377256,0
19.2,0.3,0,0.326672,-0.0376167,0
19.2,0.4,0,0.326654,-0.0374105,0
19.2,0.5,0,0.326598,-0.0373851,0
19.2,0.6,0,0.326348,-0.0369672,0
19.2,0.7,0,0.326097,-0.0367271,0
19.2,0.8,0,0.325556,-0.0363495,0
19.2,0.9,0,0.324974,-0.0358723,0
19.2,1,0,0.323948,-0.0354725,0
19.2,1.1,0,0.3228,-0.034731,0
19.2,1.2,0,0.321319,-0.0340759,0
19.2,1.3,0,0.319312,-0.0332379,0
19.2,1.4,0,0.317205,-0.0323022,0
19.2,1.5,0,0.314091,-0.0312988,0
19.2,1.6,0,0.31101,-0.0300307,0
19.2,1.7,0,0.307155,-0.0287454,0
19.2,1.8,0,0.302498,-0.0272254,0
19.2,1.9,0,0.297677,-0.0256328,0
19.2,2,0,0.291332,-0.0238437,0
19.2,2.1,0,0.28514,-0.0218779,0
19.2,2.2,0,0.277861,-0.0198493,0
19.2,2.3,0,0.269651,-0.0175719,0
19.2,2.4,0,0.261227,-0.0152752,0
19.2,2.5,0,0.251308,-0.0128112,0
19.2,2.6,0,0.24152,-0.0101996,0
19.2,2.7,0,0.230803,-0.00763031,0
19.2,2.8,0,0.21944,-0.00488117,0
19.2,2.9,0,0.207878,-0.00217376,0
19.2,3,0,0.195672,0.000436417,0
19.2,3.1,0,0.183472,0.00327321,0
19.2,3.2,0,0.171007,0.00580863,0
19.2,3.3,0,0.158595,0.00838097,0
19.2,3.4,0,0.146072,0.0108888,0
19.2,3.5,0,0.134146,0.0129312,0
19.2,3.6,0,0.122129,0.0153711,0
19.2,3.7,0,0.110599,0.0172471,0
19.2,3.8,0,0.0998239,0.0190497,0
19.2,3.9,0,0.0890451,0.0208184,0
19.2,4,0,0.0797273,0.021831,0
19.2,4.1,0,0.0702951,0.0234459,0
19.2,4.2,0,0.0617623,0.0243343,0
19.2,4.3,0,0.0542884,0.0251265,0
19.2,4.4,0,0.0468867,0.0259543,0
19.2,4.5,0,0.0410815,0.0259165,0
19.2,4.6,0,0.0352032,0.0266591,0
19.2,4.7,0,0.0302241,0.0266343,0
19.2,4.8,0,0.0261833,0.0265803,0
19.2,4.9,0,0.0225939,0.0266688,0
19.2,5,0,0.0206061,0.025991,0
19.2,5.1,0,0.0171472,0.0255315,0
19.2,5.2,0,0.0152526,0.0251084,0
19.2,5.3,0,0.0138946,0.0246169,0
19.2,5.4,0,0.0130565,0.0240681,0
19.2,5.5,0,0.0127265,0.0234735,0
19.2,5.6,0,0.0128981,0.0228433,0
19.2,5.7,0,0.0135701,0.0221863,0
19.2,5.8,0,0.0147461,0.0215093,0
19.2,5.9,0,0.0164336,0.020818,0
19.2,6,0,0.0186436,0.0201168,0
19.2,6.1,0,0.0213884,0.0194085,0
19.2,6.2,0,0.024681,0.0186953,0
19.2,6.3,0,0.0285337,0.017978,0
19.2,6.4,0,0.0329566,0.0172569,0
19.2,6.5,0,0.0379569,0.0165321,0
19.2,6.6,0,0.043538,0.0158031,0
19.2,6.7,0,0.0496991,0.0150699,0
19.2,6.8,0,0.0564353,0.0143326,0
19.2,6.9,0,0.0637374,0.0135911,0
19.2,7,0,0.0752631,0.0125056,0
19.2,7.1,0,0.0809842,0.0125364,0
19.2,7.2,0,0.0885986,0.011883,0
19.2,7.3,0,0.0981643,0.0106976,0
19.2,7.4,0,0.107751,0.0104256,0
19.2,7.5,0,0.11803,0.00960045,0
19.2,7.6,0,0.128744,0.00864537,0
19.2,7.7,0,0.139516,0.00834533,0
19.2,7.8,0,0.150941,0.007531,0
19.2,7.9,0,0.162457,0.00686534,0
19.2,8,0,0.174066,0.00661156,0
19.2,8.1,0,0.186197,0.00588771,0
19.2,8.2,0,0.198004,0.00556535,0
19.2,8.3,0,0.209884,0.00542727,0
19.2,8.4,0,0.222017,0.00484435,0
19.2,8.5,0,0.23339,0.00487852,0
19.2,8.6,0,0.244691,0.00486565,0
19.2,8.7,0,0.255892,0.00440511,0
19.2,8.8,0,0.265975,0.00474002,0
19.2,8.9,0,0.275751,0.00479025,0
19.2,9,0,0.285073,0.0044238,0
19.2,9.1,0,0.293108,0.00485522,0
19.2,9.2,0,0.300699,0.00488697,0
19.2,9.3,0,0.307564,0.00465812,0
19.2,9.4,0,0.313254,0.00499222,0
19.2,9.5,0,0.318484,0.0049177,0
19.2,9.6,0,0.322927,0.00478554,0
19.2,9.7,0,0.326354,0.00497021,0
19.2,9.8,0,0.329521,0.00478362,0
19.2,9.9,0,0.331853,0.00470355,0
19.2,10,0,0.333453,0.00473674,0
19.2,10.1,0,0.335097,0.00447115,0
19.2,10.2,0,0.335751,0.00441333,0
19.2,10.3,0,0.33609,0.00432833,0
19.2,10.4,0,0.336782,0.00403512,0
19.2,10.5,0,0.336159,0.00397151,0
19.2,10.6,0,0.335758,0.00381696,0
19.2,10.7,0,0.335978,0.00354932,0
19.2,10.8,0,0.334439,0.00344163,0
19.2,10.9,0,0.333644,0.00327173,0
19.2,11,0,0.333515,0.00307812,0
19.2,11.1,0,0.331606,0.00289918,0
19.2,11.2,0,0.330724,0.00275013,0
19.2,11.3,0,0.33017,0.00261424,0
19.2,11.4,0,0.328227,0.00238988,0
19.2,11.5,0,0.327467,0.00229483,0
19.2,11.6,0,0.326535,0.0021612,0
19.2,11.7,0,0.324734,0.00191955,0
19.2,11.8,0,0.324256,0.00190976,0
19.2,11.9,0,0.322997,0.00170993,0
19.2,12,0,0.3215,0.00147973,0
19.2,12.1,0,0.321465,0.00160425,0
19.2,12.2,0,0.319953,0.00129764,0
19.2,12.3,0,0.31895,0.00109651,0
19.2,12.4,0,0.319551,0.00131292,0
19.2,12.5,0,0.317939,0.000673118,0
19.2,12.6,0,0.317627,0.000575781,0
19.2,12.7,0,0.319001,0.00115938,0
19.3,0,0,0.326677,-0.0384807,0
19.3,0.1,0,0.326532,-0.038201,0
19.3,0.2,0,0.326587,-0.038251,0
19.3,0.3,0,0.326555,-0.0381421,0
19.3,0.4,0,0.326454,-0.0378757,0
19.3,0.5,0,0.326372,-0.0378844,0
19.3,0.6,0,0.326094,-0.0374234,0
19.3,0.7,0,0.325715,-0.0371965,0
19.3,0.8,0,0.325173,-0.0368189,0
19.3,0.9,0,0.324517,-0.0362926,0
19.3,1,0,0.323361,-0.0359026,0
19.3,1.1,0,0.322239,-0.0351336,0
19.3,1.2,0,0.320472,-0.0344526,0
19.3,1.3,0,0.318465,-0.0336147,0
19.3,1.4,0,0.316311,-0.0326353,0
19.3,1.5,0,0.312929,-0.0316055,0
19.3,1.6,0,0.309951,-0.0303264,0
19.3,1.7,0,0.30563,-0.0289659,0
19.3,1.8,0,0.300974,-0.0274458,0
19.3,1.9,0,0.296161,-0.0258138,0
19.3,2,0,0.289426,-0.0239662,0
19.3,2.1,0,0.283404,-0.0219965,0
19.3,2.2,0,0.275595,-0.0198705,0
19.3,2.3,0,0.267384,-0.017593,0
19.3,2.4,0,0.259042,-0.0152546,0
19.3,2.5,0,0.248755,-0.0127391,0
19.3,2.6,0,0.239138,-0.0101058,0
19.3,2.7,0,0.22809,-0.00748438,0
19.3,2.8,0,0.216726,-0.00473524,0
19.3,2.9,0,0.2053,-0.00196986,0
19.3,3,0,0.192957,0.000627246,0
19.3,3.1,0,0.180843,0.00353031,0
19.3,3.2,0,0.16846,0.0060115,0
19.3,3.3,0,0.156048,0.00858384,0
19.3,3.4,0,0.143664,0.0111747,0
19.3,3.5,0,0.131921,0.0131145,0
19.3,3.6,0,0.119874,0.0156667,0
19.3,3.7,0,0.108806,0.0173843,0
19.3,3.8,0,0.0980315,0.0191869,0
19.3,3.9,0,0.0873486,0.021063,0
19.3,4,0,0.0784259,0.0219034,0
19.3,4.1,0,0.0688864,0.0236606,0
19.3,4.2,0,0.0609557,0.024333,0
19.3,4.3,0,0.0534819,0.0251251,0
19.3,4.4,0,0.0461149,0.0260767,0
19.3,4.5,0,0.040727,0.0258419,0
19.3,4.6,0,0.0347211,0.0267369,0
19.3,4.7,0,0.0302459,0.0264946,0
19.3,4.8,0,0.026205,0.0264406,0
19.3,4.9,0,0.0224817,0.0266549,0
19.3,5,0,0.0208779,0.025806,0
19.3,5.1,0,0.0175418,0.0253234,0
19.3,5.2,0,0.0157209,0.0248858,0
19.3,5.3,0,0.0144236,0.0243823,0
19.3,5.4,0,0.0136342,0.0238238,0
19.3,5.5,0,0.0133422,0.0232216,0
19.3,5.6,0,0.0135426,0.0225859,0
19.3,5.7,0,0.0142358,0.0219251,0
19.3,5.8,0,0.0154269,0.021246,0
19.3,5.9,0,0.017125,0.0205539,0
19.3,6,0,0.0193422,0.019853,0
19.3,6.1,0,0.0220923,0.0191461,0
19.3,6.2,0,0.0253891,0.0184348,0
19.3,6.3,0,0.0292458,0.0177199,0
19.3,6.4,0,0.033673,0.0170017,0
19.3,6.5,0,0.0386782,0.0162798,0
19.3,6.6,0,0.044265,0.0155538,0
19.3,6.7,0,0.0504323,0.0148234,0
19.3,6.8,0,0.0571749,0.0140887,0
19.3,6.9,0,0.0644831,0.0133492,0
19.3,7,0,0.0760157,0.0122653,0
19.3,7.1,0,0.0814988,0.0123821,0
19.3,7.2,0,0.0893489,0.0116417,0
19.3,7.3,0,0.0989146,0.0104563,0
19.3,7.4,0,0.108296,0.0103428,0
19.3,7.5,0,0.118743,0.0093498,0
19.3,7.6,0,0.129457,0.00839473,0
19.3,7.7,0,0.139915,0.0083058,0
19.3,7.8,0,0.151558,0.00725595,0
19.3,7.9,0,0.163074,0.00659028,0
19.3,8,0,0.174381,0.00651525,0
19.3,8.1,0,0.186663,0.00557027,0
19.3,8.2,0,0.19847,0.00524791,0
19.3,8.3,0,0.210122,0.0052473,0
19.3,8.4,0,0.222304,0.00447147,0
19.3,8.5,0,0.233677,0.00450564,0
19.3,8.6,0,0.244859,0.00454658,0
19.3,8.7,0,0.256025,0.00397659,0
19.3,8.8,0,0.266111,0.00431758,0
19.3,8.9,0,0.275821,0.00435311,0
19.3,9,0,0.285116,0.00395411,0
19.3,9.1,0,0.29323,0.00445682,0
19.3,9.2,0,0.300727,0.00439911,0
19.3,9.3,0,0.307592,0.00417026,0
19.3,9.4,0,0.313447,0.00464547,0
19.3,9.5,0,0.31855,0.0044338,0
19.3,9.6,0,0.322992,0.00430164,0
19.3,9.7,0,0.326554,0.00465319,0
19.3,9.8,0,0.329644,0.00431899,0
19.3,9.9,0,0.331977,0.00423892,0
19.3,10,0,0.333589,0.00441542,0
19.3,10.1,0,0.335274,0.00403318,0
19.3,10.2,0,0.335928,0.00397536,0
19.3,10.3,0,0.336173,0.00398377,0
19.3,10.4,0,0.336994,0.00362472,0
19.3,10.5,0,0.336371,0.00356111,0
19.3,10.6,0,0.335874,0.00345062,0
19.3,10.7,0,0.336205,0.00316356,0
19.3,10.8,0,0.334607,0.00306092,0
19.3,10.9,0,0.333858,0.00290674,0
19.3,11,0,0.333743,0.00271274,0
19.3,11.1,0,0.331593,0.00252809,0
19.3,11.2,0,0.330943,0.00240095,0
19.3,11.3,0,0.33039,0.00226507,0
19.3,11.4,0,0.327973,0.0019929,0
19.3,11.5,0,0.327675,0.00195829,0
19.3,11.6,0,0.326743,0.00182467,0
19.3,11.7,0,0.324372,0.00148791,0
19.3,11.8,0,0.324455,0.00158186,0
19.3,11.9,0,0.323195,0.00138203,0
19.3,12,0,0.321072,0.0010058,0
19.3,12.1,0,0.32166,0.00128535,0
19.3,12.2,0,0.320147,0.000978743,0
19.3,12.3,0,0.31868,0.000662213,0
19.3,12.4,0,0.319744,0.00100009,0
19.3,12.5,0,0.318133,0.00036029,0
19.3,12.6,0,0.317608,0.000177538,0
19.3,12.7,0,0.319194,0.000846733,0
19.4,0,0,0.326603,-0.0390191,0
19.4,0.1,0,0.326458,-0.0387394,0
19.4,0.2,0,0.32647,-0.0387765,0
19.4,0.3,0,0.326438,-0.0386676,0
19.4,0.4,0,0.326227,-0.0383749,0
19.4,0.5,0,0.326145,-0.0383837,0
19.4,0.6,0,0.325868,-0.0379227,0
19.4,0.7,0,0.325332,-0.037666,0
19.4,0.8,0,0.324791,-0.0372884,0
19.4,0.9,0,0.32393,-0.0367227,0
19.4,1,0,0.322774,-0.0363328,0
19.4,1.1,0,0.321652,-0.0355637,0
19.4,1.2,0,0.319626,-0.0348293,0
19.4,1.3,0,0.317619,-0.0339914,0
19.4,1.4,0,0.315149,-0.032942,0
19.4,1.5,0,0.311767,-0.0319122,0
19.4,1.6,0,0.308789,-0.0306332,0
19.4,1.7,0,0.304106,-0.0291863,0
19.4,1.8,0,0.299449,-0.0276663,0
19.4,1.9,0,0.294255,-0.0259362,0
19.4,2,0,0.287519,-0.0240886,0
19.4,2.1,0,0.281498,-0.0221189,0
19.4,2.2,0,0.273329,-0.0198916,0
19.4,2.3,0,0.265118,-0.0176142,0
19.4,2.4,0,0.25649,-0.0151824,0
19.4,2.5,0,0.246203,-0.0126669,0
19.4,2.6,0,0.236585,-0.0100336,0
19.4,2.7,0,0.225376,-0.00733845,0
19.4,2.8,0,0.214013,-0.00458931,0
19.4,2.9,0,0.202585,-0.00177903,0
19.4,3,0,0.190242,0.000818076,0
19.4,3.1,0,0.178128,0.00372114,0
19.4,3.2,0,0.165914,0.00621436,0
19.4,3.3,0,0.153502,0.00878671,0
19.4,3.4,0,0.141439,0.011358,0
19.4,3.5,0,0.129696,0.0132978,0
19.4,3.6,0,0.117649,0.01585,0
19.4,3.7,0,0.107014,0.0175214,0
19.4,3.8,0,0.0962391,0.019324,0
19.4,3.9,0,0.0860472,0.0211353,0
19.4,4,0,0.0771245,0.0219758,0
19.4,4.1,0,0.067585,0.0237329,0
19.4,4.2,0,0.0601492,0.0243316,0
19.4,4.3,0,0.0526753,0.0251238,0
19.4,4.4,0,0.0457603,0.026002,0
19.4,4.5,0,0.0403724,0.0257672,0
19.4,4.6,0,0.0343666,0.0266623,0
19.4,4.7,0,0.0302676,0.0263548,0
19.4,4.8,0,0.0262268,0.0263008,0
19.4,4.9,0,0.0227535,0.0264699,0
19.4,5,0,0.0211497,0.025621,0
19.4,5.1,0,0.0179364,0.0251152,0
19.4,5.2,0,0.0161893,0.0246633,0
19.4,5.3,0,0.0149526,0.0241477,0
19.4,5.4,0,0.0142118,0.0235795,0
19.4,5.5,0,0.0139578,0.0229697,0
19.4,5.6,0,0.0141871,0.0223285,0
19.4,5.7,0,0.0149015,0.0216639,0
19.4,5.8,0,0.0161078,0.0209826,0
19.4,5.9,0,0.0178164,0.0202898,0
19.4,6,0,0.0200409,0.0195893,0
19.4,6.1,0,0.0227962,0.0188836,0
19.4,6.2,0,0.0260973,0.0181742,0
19.4,6.3,0,0.0299579,0.0174619,0
19.4,6.4,0,0.0343894,0.0167464,0
19.4,6.5,0,0.0393995,0.0160275,0
19.4,6.6,0,0.0449919,0.0153045,0
19.4,6.7,0,0.0511655,0.0145769,0
19.4,6.8,0,0.0579145,0.0138447,0
19.4,6.9,0,0.0652288,0.0131073,0
19.4,7,0,0.0767683,0.012025,0
19.4,7.1,0,0.0822513,0.0121418,0
19.4,7.2,0,0.0900992,0.0114004,0
19.4,7.3,0,0.0996648,0.010215,0
19.4,7.4,0,0.109046,0.0101015,0
19.4,7.5,0,0.119455,0.00909916,0
19.4,7.6,0,0.130169,0.00814408,0
19.4,7.7,0,0.140676,0.00799488,0
19.4,7.8,0,0.152176,0.00698089,0
19.4,7.9,0,0.163691,0.00631522,0
19.4,8,0,0.174969,0.00616633,0
19.4,8.1,0,0.187129,0.00525284,0
19.4,8.2,0,0.198936,0.00493048,0
19.4,8.3,0,0.210451,0.00484709,0
19.4,8.4,0,0.222592,0.0040986,0
19.4,8.5,0,0.233965,0.00413277,0
19.4,8.6,0,0.244992,0.00411806,0
19.4,8.7,0,0.256157,0.00354806,0
19.4,8.8,0,0.266244,0.00388905,0
19.4,8.9,0,0.275864,0.00388342,0
19.4,9,0,0.285159,0.00348443,0
19.4,9.1,0,0.293273,0.00398713,0
19.4,9.2,0,0.300755,0.00391125,0
19.4,9.3,0,0.30762,0.0036824,0
19.4,9.4,0,0.313466,0.00414857,0
19.4,9.5,0,0.318615,0.00394991,0
19.4,9.6,0,0.323057,0.00381775,0
19.4,9.7,0,0.326611,0.00413594,0
19.4,9.8,0,0.329768,0.00385436,0
19.4,9.9,0,0.3321,0.0037743,0
19.4,10,0,0.333753,0.00393671,0
19.4,10.1,0,0.33545,0.00359522,0
19.4,10.2,0,0.336105,0.00353739,0
19.4,10.3,0,0.336392,0.0035676,0
19.4,10.4,0,0.337206,0.00321432,0
19.4,10.5,0,0.336583,0.0031507,0
19.4,10.6,0,0.336102,0.00306486,0
19.4,10.7,0,0.336433,0.00277781,0
19.4,10.8,0,0.334835,0.00267516,0
19.4,10.9,0,0.334086,0.00254136,0
19.4,11,0,0.333971,0.00234736,0
19.4,11.1,0,0.331821,0.00216271,0
19.4,11.2,0,0.331163,0.00205177,0
19.4,11.3,0,0.33061,0.00191589,0
19.4,11.4,0,0.328283,0.00165524,0
19.4,11.5,0,0.327883,0.00162176,0
19.4,11.6,0,0.326951,0.00148813,0
19.4,11.7,0,0.324718,0.00118,0
19.4,11.8,0,0.324653,0.00125395,0
19.4,11.9,0,0.323394,0.00105412,0
19.4,12,0,0.321423,0.000722895,0
19.4,12.1,0,0.321854,0.000966455,0
19.4,12.2,0,0.320342,0.000659843,0
19.4,12.3,0,0.318874,0.000349385,0
19.4,12.4,0,0.319938,0.000687263,0
19.4,12.5,0,0.318326,4.74623e-05,0
19.4,12.6,0,0.317801,-0.000135107,0
19.4,12.7,0,0.319387,0.000534088,0
19.5,0,0,0.326529,-0.0395576,0
19.5,0.1,0,0.326402,-0.0393392,0
19.5,0.2,0,0.326352,-0.0393019,0
19.5,0.3,0,0.326321,-0.039193,0
19.5,0.4,0,0.326062,-0.0389449,0
19.5,0.5,0,0.325919,-0.0388829,0
19.5,0.6,0,0.325538,-0.0384546,0
19.5,0.7,0,0.32495,-0.0381354,0
19.5,0.8,0,0.324408,-0.0377578,0
19.5,0.9,0,0.323347,-0.0372018,0
19.5,1,0,0.322187,-0.0367629,0
19.5,1.1,0,0.320795,-0.0359839,0
19.5,1.2,0,0.318779,-0.0352061,0
19.5,1.3,0,0.316772,-0.0343682,0
19.5,1.4,0,0.313899,-0.0332753,0
19.5,1.5,0,0.310604,-0.032219,0
19.5,1.6,0,0.307158,-0.0308775,0
19.5,1.7,0,0.302581,-0.0294068,0
19.5,1.8,0,0.297925,-0.0278868,0
19.5,1.9,0,0.292152,-0.0260658,0
19.5,2,0,0.285613,-0.024211,0
19.5,2.1,0,0.279032,-0.0221556,0
19.5,2.2,0,0.271062,-0.0199128,0
19.5,2.3,0,0.262852,-0.0176353,0
19.5,2.4,0,0.253686,-0.0151228,0
19.5,2.5,0,0.243651,-0.0125947,0
19.5,2.6,0,0.233652,-0.00992497,0
19.5,2.7,0,0.222662,-0.00719253,0
19.5,2.8,0,0.211299,-0.00444339,0
19.5,2.9,0,0.199681,-0.00164671,0
19.5,3,0,0.187527,0.00100891,0
19.5,3.1,0,0.175446,0.00383104,0
19.5,3.2,0,0.163368,0.00641723,0
19.5,3.3,0,0.150956,0.00898957,0
19.5,3.4,0,0.139177,0.0114169,0
19.5,3.5,0,0.127471,0.0134811,0
19.5,3.6,0,0.115855,0.0158362,0
19.5,3.7,0,0.105221,0.0176585,0
19.5,3.8,0,0.0944467,0.0194611,0
19.5,3.9,0,0.0848509,0.0210276,0
19.5,4,0,0.0758231,0.0220482,0
19.5,4.1,0,0.0668775,0.023542,0
19.5,4.2,0,0.0593426,0.0243303,0
19.5,4.3,0,0.0518688,0.0251224,0
19.5,4.4,0,0.0455768,0.0257206,0
19.5,4.5,0,0.0400178,0.0256926,0
19.5,4.6,0,0.0345272,0.026318,0
19.5,4.7,0,0.0302894,0.0262151,0
19.5,4.8,0,0.0262486,0.0261611,0
19.5,4.9,0,0.0233319,0.0260888,0
19.5,5,0,0.0214215,0.025436,0
19.5,5.1,0,0.018331,0.0249071,0
19.5,5.2,0,0.0166576,0.0244407,0
19.5,5.3,0,0.0154816,0.0239131,0
19.5,5.4,0,0.0147894,0.0233351,0
19.5,5.5,0,0.0145734,0.0227179,0
19.5,5.6,0,0.0148316,0.0220711,0
19.5,5.7,0,0.0155672,0.0214028,0
19.5,5.8,0,0.0167886,0.0207193,0
19.5,5.9,0,0.0185078,0.0200257,0
19.5,6,0,0.0207396,0.0193255,0
19.5,6.1,0,0.0235001,0.0186211,0
19.5,6.2,0,0.0268054,0.0179137,0
19.5,6.3,0,0.03067,0.0172039,0
19.5,6.4,0,0.0351058,0.0164912,0
19.5,6.5,0,0.0401209,0.0157752,0
19.5,6.6,0,0.0457189,0.0150551,0
19.5,6.7,0,0.0518987,0.0143304,0
19.5,6.8,0,0.0586541,0.0136007,0
19.5,6.9,0,0.0659744,0.0128654,0
19.5,7,0,0.0775208,0.0117847,0
19.5,7.1,0,0.0834432,0.0117418,0
19.5,7.2,0,0.0909809,0.0111117,0
19.5,7.3,0,0.100415,0.00997377,0
19.5,7.4,0,0.110043,0.00963437,0
19.5,7.5,0,0.120167,0.00884851,0
19.5,7.6,0,0.130881,0.00789344,0
19.5,7.7,0,0.141607,0.00750871,0
19.5,7.8,0,0.152793,0.00670584,0
19.5,7.9,0,0.164308,0.00604017,0
19.5,8,0,0.175738,0.00567015,0
19.5,8.1,0,0.187595,0.0049354,0
19.5,8.2,0,0.199401,0.00461304,0
19.5,8.3,0,0.21097,0.0043222,0
19.5,8.4,0,0.222879,0.00372572,0
19.5,8.5,0,0.234252,0.00375989,0
19.5,8.6,0,0.245196,0.00357459,0
19.5,8.7,0,0.25629,0.00311954,0
19.5,8.8,0,0.266329,0.00340401,0
19.5,8.9,0,0.275876,0.00334953,0
19.5,9,0,0.285202,0.00301474,0
19.5,9.1,0,0.29318,0.00339164,0
19.5,9.2,0,0.300776,0.00341745,0
19.5,9.3,0,0.307648,0.00319454,0
19.5,9.4,0,0.313326,0.00348886,0
19.5,9.5,0,0.318681,0.00346601,0
19.5,9.6,0,0.323123,0.00333385,0
19.5,9.7,0,0.326599,0.00350444,0
19.5,9.8,0,0.329891,0.00338974,0
19.5,9.9,0,0.332224,0.00330967,0
19.5,10,0,0.333917,0.00335544,0
19.5,10.1,0,0.335627,0.00315725,0
19.5,10.2,0,0.336281,0.00309943,0
19.5,10.3,0,0.336729,0.0030476,0
19.5,10.4,0,0.337418,0.00280392,0
19.5,10.5,0,0.336804,0.00273868,0
19.5,10.6,0,0.336498,0.00263162,0
19.5,10.7,0,0.336661,0.00239205,0
19.5,10.8,0,0.335211,0.00228528,0
19.5,10.9,0,0.334417,0.00216722,0
19.5,11,0,0.334199,0.00198198,0
19.5,11.1,0,0.332394,0.00181857,0
19.5,11.2,0,0.331383,0.00170259,0
19.5,11.3,0,0.330829,0.00156671,0
19.5,11.4,0,0.329,0.00137011,0
19.5,11.5,0,0.328092,0.00128523,0
19.5,11.6,0,0.32716,0.0011516,0
19.5,11.7,0,0.325486,0.000947198,0
19.5,11.8,0,0.324852,0.000926048,0
19.5,11.9,0,0.323593,0.000726219,0
19.5,12,0,0.322245,0.000550013,0
19.5,12.1,0,0.322049,0.000647555,0
19.5,12.2,0,0.320536,0.000340943,0
19.5,12.3,0,0.319703,0.000197362,0
19.5,12.4,0,0.320131,0.000374435,0
19.5,12.5,0,0.318637,-0.000218095,0
19.5,12.6,0,0.318387,-0.000289432,0
19.5,12.7,0,0.31958,0.000221442,0
19.6,0,0,0.326454,-0.040096,0
19.6,0.1,0,0.326349,-0.0399458,0
19.6,0.2,0,0.326264,-0.0398639,0
19.6,0.3,0,0.326185,-0.0397421,0
19.6,0.4,0,0.325904,-0.0395228,0
19.6,0.5,0,0.325692,-0.0393822,0
19.6,0.6,0,0.325196,-0.0389902,0
19.6,0.7,0,0.324586,-0.0386346,0
19.6,0.8,0,0.323936,-0.038234,0
19.6,0.9,0,0.322765,-0.0376863,0
19.6,1,0,0.3216,-0.037193,0
19.6,1.1,0,0.319907,-0.036403,0
19.6,1.2,0,0.317915,-0.0356019,0
19.6,1.3,0,0.31574,-0.0347267,0
19.6,1.4,0,0.312639,-0.0336114,0
19.6,1.5,0,0.309442,-0.0325257,0
19.6,1.6,0,0.305474,-0.0311149,0
19.6,1.7,0,0.300986,-0.0296349,0
19.6,1.8,0,0.296131,-0.0280667,0
19.6,1.9,0,0.290028,-0.0261961,0
19.6,2,0,0.283706,-0.0243335,0
19.6,2.1,0,0.276503,-0.0221827,0
19.6,2.2,0,0.268678,-0.0199366,0
19.6,2.3,0,0.260331,-0.0176208,0
19.6,2.4,0,0.250855,-0.0150646,0
19.6,2.5,0,0.241099,-0.0125225,0
19.6,2.6,0,0.230676,-0.00981227,0
19.6,2.7,0,0.219831,-0.00706155,0
19.6,2.8,0,0.20849,-0.0043065,0
19.6,2.9,0,0.196756,-0.00152088,0
19.6,3,0,0.184812,0.00119974,0
19.6,3.1,0,0.172768,0.00393194,0
19.6,3.2,0,0.160762,0.00657421,0
19.6,3.3,0,0.148536,0.00912144,0
19.6,3.4,0,0.136911,0.011462,0
19.6,3.5,0,0.125246,0.0136644,0
19.6,3.6,0,0.114108,0.0158006,0
19.6,3.7,0,0.10345,0.0177179,0
19.6,3.8,0,0.0929278,0.0194791,0
19.6,3.9,0,0.0836663,0.0208999,0
19.6,4,0,0.0745217,0.0221205,0
19.6,4.1,0,0.066236,0.0233218,0
19.6,4.2,0,0.0586103,0.0242304,0
19.6,4.3,0,0.0513511,0.0249847,0
19.6,4.4,0,0.0454122,0.0254162,0
19.6,4.5,0,0.0396633,0.0256179,0
19.6,4.6,0,0.0347451,0.0259437,0
19.6,4.7,0,0.0303995,0.0259698,0
19.6,4.8,0,0.0265362,0.025903,0
19.6,4.9,0,0.0239444,0.0256859,0
19.6,5,0,0.0216933,0.025251,0
19.6,5.1,0,0.0187255,0.0246989,0
19.6,5.2,0,0.017126,0.0242182,0
19.6,5.3,0,0.0160106,0.0236786,0
19.6,5.4,0,0.015367,0.0230908,0
19.6,5.5,0,0.0151891,0.022466,0
19.6,5.6,0,0.015476,0.0218137,0
19.6,5.7,0,0.0162329,0.0211416,0
19.6,5.8,0,0.0174695,0.020456,0
19.6,5.9,0,0.0191992,0.0197616,0
19.6,6,0,0.0214383,0.0190618,0
19.6,6.1,0,0.0242041,0.0183586,0
19.6,6.2,0,0.0275136,0.0176532,0
19.6,6.3,0,0.0313821,0.0169458,0
19.6,6.4,0,0.0358222,0.016236,0
19.6,6.5,0,0.0408422,0.0155229,0
19.6,6.6,0,0.0464458,0.0148058,0
19.6,6.7,0,0.0526318,0.0140839,0
19.6,6.8,0,0.0593937,0.0133567,0
19.6,6.9,0,0.0667201,0.0126235,0
19.6,7,0,0.0782734,0.0115443,0
19.6,7.1,0,0.0850034,0.0112078,0
19.6,7.2,0,0.0925412,0.0105777,0
19.6,7.3,0,0.101165,0.00973249,0
19.6,7.4,0,0.111059,0.00914903,0
19.6,7.5,0,0.121117,0.00841463,0
19.6,7.6,0,0.131593,0.00764279,0
19.6,7.7,0,0.142538,0.00702255,0
19.6,7.8,0,0.153535,0.00634652,0
19.6,7.9,0,0.164948,0.00573311,0
19.6,8,0,0.176507,0.00517397,0
19.6,8.1,0,0.188066,0.00461483,0
19.6,8.2,0,0.199895,0.00418642,0
19.6,8.3,0,0.211489,0.0037973,0
19.6,8.4,0,0.223167,0.00335285,0
19.6,8.5,0,0.234481,0.00320576,0
19.6,8.6,0,0.245418,0.00300207,0
19.6,8.7,0,0.256423,0.00269102,0
19.6,8.8,0,0.266297,0.00278024,0
19.6,8.9,0,0.275845,0.00272576,0
19.6,9,0,0.285245,0.00254506,0
19.6,9.1,0,0.29302,0.00273449,0
19.6,9.2,0,0.300616,0.00276029,0
19.6,9.3,0,0.307676,0.00270668,0
19.6,9.4,0,0.313185,0.00282916,0
19.6,9.5,0,0.318611,0.00286722,0
19.6,9.6,0,0.323188,0.00284995,0
19.6,9.7,0,0.326587,0.00287293,0
19.6,9.8,0,0.329978,0.00287973,0
19.6,9.9,0,0.332358,0.00281332,0
19.6,10,0,0.334082,0.00277416,0
19.6,10.1,0,0.335804,0.00271928,0
19.6,10.2,0,0.336563,0.00260785,0
19.6,10.3,0,0.337066,0.0025276,0
19.6,10.4,0,0.33763,0.00239351,0
19.6,10.5,0,0.337283,0.00228217,0
19.6,10.6,0,0.336976,0.00217511,0
19.6,10.7,0,0.336889,0.00200629,0
19.6,10.8,0,0.335795,0.00188965,0
19.6,10.9,0,0.335001,0.00177158,0
19.6,11,0,0.334428,0.0016166,0
19.6,11.1,0,0.333054,0.00147981,0
19.6,11.2,0,0.332002,0.00136286,0
19.6,11.3,0,0.331049,0.00121753,0
19.6,11.4,0,0.329718,0.00108498,0
19.6,11.5,0,0.328568,0.000975747,0
19.6,11.6,0,0.327378,0.000816884,0
19.6,11.7,0,0.326255,0.000714396,0
19.6,11.8,0,0.325133,0.000611908,0
19.6,11.9,0,0.32404,0.000460187,0
19.6,12,0,0.323067,0.00037713,0
19.6,12.1,0,0.322243,0.000328656,0
19.6,12.2,0,0.321266,0.000162439,0
19.6,12.3,0,0.320583,5.82941e-05,0
19.6,12.4,0,0.320325,6.16066e-05,0
19.6,12.5,0,0.319551,-0.000239635,0
19.6,12.6,0,0.319301,-0.000310972,0
19.6,12.7,0,0.319773,-9.12028e-05,0
19.7,0,0,0.32638,-0.0406344,0
19.7,0.1,0,0.326295,-0.0405525,0
19.7,0.2,0,0.32621,-0.0404705,0
19.7,0.3,0,0.326027,-0.0403199,0
19.7,0.4,0,0.325746,-0.0401007,0
19.7,0.5,0,0.325465,-0.0398814,0
19.7,0.6,0,0.324855,-0.0395258,0
19.7,0.7,0,0.324245,-0.0391702,0
19.7,0.8,0,0.323354,-0.0387185,0
19.7,0.9,0,0.322183,-0.0381708,0
19.7,1,0,0.321013,-0.0376231,0
19.7,1.1,0,0.31902,-0.0368221,0
19.7,1.2,0,0.317027,-0.036021,0
19.7,1.3,0,0.31448,-0.0350628,0
19.7,1.4,0,0.31138,-0.0339476,0
19.7,1.5,0,0.30828,-0.0328324,0
19.7,1.6,0,0.303791,-0.0313524,0
19.7,1.7,0,0.299302,-0.0298723,0
19.7,1.8,0,0.294006,-0.028197,0
19.7,1.9,0,0.287903,-0.0263265,0
19.7,2,0,0.2818,-0.0244559,0
19.7,2.1,0,0.273975,-0.0222098,0
19.7,2.2,0,0.26615,-0.0199637,0
19.7,2.3,0,0.257499,-0.0175626,0
19.7,2.4,0,0.248023,-0.0150064,0
19.7,2.5,0,0.238547,-0.0124503,0
19.7,2.6,0,0.227701,-0.00969957,0
19.7,2.7,0,0.216855,-0.00694885,0
19.7,2.8,0,0.205565,-0.00418068,0
19.7,2.9,0,0.193831,-0.00139506,0
19.7,3,0,0.182097,0.00139057,0
19.7,3.1,0,0.170091,0.00403284,0
19.7,3.2,0,0.158085,0.00667511,0
19.7,3.3,0,0.146269,0.00916653,0
19.7,3.4,0,0.134645,0.0115071,0
19.7,3.5,0,0.123021,0.0138477,0
19.7,3.6,0,0.112362,0.015765,0
19.7,3.7,0,0.101703,0.0176823,0
19.7,3.8,0,0.0917432,0.0193513,0
19.7,3.9,0,0.0824817,0.0207721,0
19.7,4,0,0.0732202,0.0221929,0
19.7,4.1,0,0.0655946,0.0231016,0
19.7,4.2,0,0.0579688,0.0240102,0
19.7,4.3,0,0.0511865,0.0246803,0
19.7,4.4,0,0.0452476,0.0251118,0
19.7,4.5,0,0.0393087,0.0255433,0
19.7,4.6,0,0.034963,0.0255694,0
19.7,4.7,0,0.0306174,0.0255956,0
19.7,4.8,0,0.0271486,0.0255001,0
19.7,4.9,0,0.0245569,0.0252831,0
19.7,5,0,0.0219651,0.025066,0
19.7,5.1,0,0.0191201,0.0244908,0
19.7,5.2,0,0.0175943,0.0239957,0
19.7,5.3,0,0.0165395,0.023444,0
19.7,5.4,0,0.0159447,0.0228465,0
19.7,5.5,0,0.0158047,0.0222141,0
19.7,5.6,0,0.0161205,0.0215562,0
19.7,5.7,0,0.0168986,0.0208805,0
19.7,5.8,0,0.0181503,0.0201927,0
19.7,5.9,0,0.0198905,0.0194975,0
19.7,6,0,0.0221369,0.0187981,0
19.7,6.1,0,0.024908,0.0180962,0
19.7,6.2,0,0.0282217,0.0173927,0
19.7,6.3,0,0.0320942,0.0166878,0
19.7,6.4,0,0.0365386,0.0159808,0
19.7,6.5,0,0.0415635,0.0152707,0
19.7,6.6,0,0.0471728,0.0145565,0
19.7,6.7,0,0.053365,0.0138374,0
19.7,6.8,0,0.0601333,0.0131128,0
19.7,6.9,0,0.0674658,0.0123816,0
19.7,7,0,0.0790259,0.011304,0
19.7,7.1,0,0.0865637,0.0106739,0
19.7,7.2,0,0.0941014,0.0100438,0
19.7,7.3,0,0.102017,0.00939808,0
19.7,7.4,0,0.112075,0.00866368,0
19.7,7.5,0,0.122133,0.00792929,0
19.7,7.6,0,0.132473,0.0072124,0
19.7,7.7,0,0.14347,0.00653638,0
19.7,7.8,0,0.154466,0.00586035,0
19.7,7.9,0,0.165716,0.00523693,0
19.7,8,0,0.177275,0.00467779,0
19.7,8.1,0,0.188834,0.00411865,0
19.7,8.2,0,0.200414,0.00366153,0
19.7,8.3,0,0.212008,0.00327241,0
19.7,8.4,0,0.223601,0.0028833,0
19.7,8.5,0,0.234703,0.00263325,0
19.7,8.6,0,0.245641,0.00242955,0
19.7,8.7,0,0.256578,0.00222586,0
19.7,8.8,0,0.266265,0.00215647,0
19.7,8.9,0,0.275813,0.00210199,0
19.7,9,0,0.285263,0.00205153,0
19.7,9.1,0,0.292859,0.00207733,0
19.7,9.2,0,0.300456,0.00210314,0
19.7,9.3,0,0.307618,0.00213139,0
19.7,9.4,0,0.313044,0.00216945,0
19.7,9.5,0,0.318471,0.00220751,0
19.7,9.6,0,0.323184,0.00223463,0
19.7,9.7,0,0.326575,0.00224143,0
19.7,9.8,0,0.329966,0.00224823,0
19.7,9.9,0,0.332523,0.00223204,0
19.7,10,0,0.334246,0.00219288,0
19.7,10.1,0,0.335969,0.00215372,0
19.7,10.2,0,0.336899,0.00208785,0
19.7,10.3,0,0.337403,0.0020076,0
19.7,10.4,0,0.337906,0.00192735,0
19.7,10.5,0,0.337761,0.00182565,0
19.7,10.6,0,0.337455,0.00171859,0
19.7,10.7,0,0.337149,0.00161153,0
19.7,10.8,0,0.336379,0.00149401,0
19.7,10.9,0,0.335585,0.00137594,0
19.7,11,0,0.334766,0.00125799,0
19.7,11.1,0,0.333714,0.00114104,0
19.7,11.2,0,0.332662,0.0010241,0
19.7,11.3,0,0.331585,0.000909083,0
19.7,11.4,0,0.330435,0.00079985,0
19.7,11.5,0,0.329285,0.000690617,0
19.7,11.6,0,0.328146,0.000584082,0
19.7,11.7,0,0.327024,0.000481594,0
19.7,11.8,0,0.325902,0.000379106,0
19.7,11.9,0,0.324862,0.000287305,0
19.7,12,0,0.323889,0.000204247,0
19.7,12.1,0,0.322917,0.00012119,0
19.7,12.2,0,0.322147,2.33714e-05,0
19.7,12.3,0,0.321464,-8.07733e-05,0
19.7,12.4,0,0.320781,-0.000184918,0
19.7,12.5,0,0.320466,-0.000261176,0
19.7,12.6,0,0.320216,-0.000332512,0
19.7,12.7,0,0.319966,-0.000403848,0
19.8,0,0,0.326207,-0.0412737,0
19.8,0.1,0,0.3263,-0.0412156,0
19.8,0.2,0,0.326215,-0.0411336,0
19.8,0.3,0,0.325946,-0.040936,0
19.8,0.4,0,0.325665,-0.0407167,0
19.8,0.5,0,0.325126,-0.0404876,0
19.8,0.6,0,0.324664,-0.0401173,0
19.8,0.7,0,0.324053,-0.0397617,0
19.8,0.8,0,0.323008,-0.0392797,0
19.8,0.9,0,0.321837,-0.038732,0
19.8,1,0,0.320246,-0.0381338,0
19.8,1.1,0,0.318464,-0.0373393,0
19.8,1.2,0,0.316471,-0.0365382,0
19.8,1.3,0,0.313653,-0.0355175,0
19.8,1.4,0,0.310553,-0.0344023,0
19.8,1.5,0,0.306835,-0.0331682,0
19.8,1.6,0,0.302632,-0.0317229,0
19.8,1.7,0,0.298144,-0.0302429,0
19.8,1.8,0,0.29247,-0.0284636,0
19.8,1.9,0,0.286367,-0.026593,0
19.8,2,0,0.279567,-0.0245688,0
19.8,2.1,0,0.272046,-0.0223597,0
19.8,2.2,0,0.264221,-0.0201136,0
19.8,2.3,0,0.255207,-0.0175954,0
19.8,2.4,0,0.245731,-0.0150393,0
19.8,2.5,0,0.235763,-0.0123848,0
19.8,2.6,0,0.22513,-0.00963,0
19.8,2.7,0,0.214284,-0.00687928,0
19.8,2.8,0,0.202848,-0.00403579,0
19.8,2.9,0,0.191114,-0.00125017,0
19.8,3,0,0.179358,0.00149638,0
19.8,3.1,0,0.167392,0.00421354,0
19.8,3.2,0,0.155386,0.00685581,0
19.8,3.3,0,0.143761,0.00933989,0
19.8,3.4,0,0.132136,0.0116805,0
19.8,3.5,0,0.120968,0.0138398,0
19.8,3.6,0,0.110192,0.0158929,0
19.8,3.7,0,0.0995336,0.0178102,0
19.8,3.8,0,0.0900184,0.0194024,0
19.8,3.9,0,0.0807569,0.0208232,0
19.8,4,0,0.0721819,0.0219793,0
19.8,4.1,0,0.0643652,0.0230558,0
19.8,4.2,0,0.0567395,0.0239644,0
19.8,4.3,0,0.0504466,0.0245306,0
19.8,4.4,0,0.0445076,0.0249621,0
19.8,4.5,0,0.0391916,0.0251219,0
19.8,4.6,0,0.0346576,0.0253201,0
19.8,4.7,0,0.0303119,0.0253462,0
19.8,4.8,0,0.0270749,0.0251401,0
19.8,4.9,0,0.0244831,0.024923,0
19.8,5,0,0.0223913,0.0245038,0
19.8,5.1,0,0.0196418,0.0238985,0
19.8,5.2,0,0.0181706,0.0233842,0
19.8,5.3,0,0.017158,0.0228157,0
19.8,5.4,0,0.0165947,0.0222037,0
19.8,5.5,0,0.016477,0.0215589,0
19.8,5.6,0,0.0168075,0.0208905,0
19.8,5.7,0,0.0175943,0.0202058,0
19.8,5.8,0,0.0188503,0.0195105,0
19.8,5.9,0,0.0205917,0.018809,0
19.8,6,0,0.0228375,0.0181043,0
19.8,6.1,0,0.0256073,0.0173982,0
19.8,6.2,0,0.0289198,0.0166914,0
19.8,6.3,0,0.032792,0.0159837,0
19.8,6.4,0,0.0372371,0.0152746,0
19.8,6.5,0,0.0422641,0.014563,0
19.8,6.6,0,0.0478769,0.0138479,0
19.8,6.7,0,0.0540736,0.0131283,0
19.8,6.8,0,0.060847,0.0124036,0
19.8,6.9,0,0.0681845,0.0116728,0
19.8,7,0,0.0797506,0.0105973,0
19.8,7.1,0,0.0865743,0.0102346,0
19.8,7.2,0,0.094112,0.00960449,0
19.8,7.3,0,0.102687,0.00877605,0
19.8,7.4,0,0.11266,0.00816574,0
19.8,7.5,0,0.122718,0.00743135,0
19.8,7.6,0,0.133113,0.00665329,0
19.8,7.7,0,0.144094,0.00601692,0
19.8,7.8,0,0.155091,0.00534089,0
19.8,7.9,0,0.16635,0.00468215,0
19.8,8,0,0.177909,0.00412301,0
19.8,8.1,0,0.189467,0.00356387,0
19.8,8.2,0,0.201041,0.00306156,0
19.8,8.3,0,0.212634,0.00267244,0
19.8,8.4,0,0.224111,0.00225354,0
19.8,8.5,0,0.235333,0.00199002,0
19.8,8.6,0,0.24627,0.00178633,0
19.8,8.7,0,0.256834,0.00154697,0
19.8,8.8,0,0.266919,0.00148608,0
19.8,8.9,0,0.276466,0.00143161,0
19.8,9,0,0.285339,0.00136045,0
19.8,9.1,0,0.293548,0.00140367,0
19.8,9.2,0,0.301144,0.00142947,0
19.8,9.3,0,0.307936,0.00146494,0
19.8,9.4,0,0.313761,0.00151662,0
19.8,9.5,0,0.319188,0.00155468,0
19.8,9.6,0,0.323823,0.00161697,0
19.8,9.7,0,0.327306,0.00162763,0
19.8,9.8,0,0.330697,0.00163443,0
19.8,9.9,0,0.333255,0.0016692,0
19.8,10,0,0.334979,0.00163003,0
19.8,10.1,0,0.336615,0.00159259,0
19.8,10.2,0,0.337628,0.00158172,0
19.8,10.3,0,0.338131,0.00150147,0
19.8,10.4,0,0.338261,0.00142882,0
19.8,10.5,0,0.338485,0.00137635,0
19.8,10.6,0,0.338179,0.00126929,0
19.8,10.7,0,0.337233,0.00117215,0
19.8,10.8,0,0.337101,0.00109982,0
19.8,10.9,0,0.336308,0.00098175,0
19.8,11,0,0.334951,0.000878764,0
19.8,11.1,0,0.334439,0.000799956,0
19.8,11.2,0,0.333386,0.000683011,0
19.8,11.3,0,0.33205,0.000596051,0
19.8,11.4,0,0.331165,0.000510982,0
19.8,11.5,0,0.330015,0.000401748,0
19.8,11.6,0,0.328881,0.000349715,0
19.8,11.7,0,0.327759,0.000247227,0
19.8,11.8,0,0.326637,0.000144739,0
19.8,11.9,0,0.325601,0.00010071,0
19.8,12,0,0.324628,1.7653e-05,0
19.8,12.1,0,0.323477,-9.21334e-05,0
19.8,12.2,0,0.322883,-8.54053e-05,0
19.8,12.3,0,0.3222,-0.00018955,0
19.8,12.4,0,0.321051,-0.000408891,0
19.8,12.5,0,0.321184,-0.000338801,0
19.8,12.6,0,0.320934,-0.000410137,0
19.8,12.7,0,0.319948,-0.000695468,0
19.9,0,0,0.326034,-0.041913,0
19.9,0.1,0,0.326305,-0.0418787,0
19.9,0.2,0,0.326097,-0.0417788,0
19.9,0.3,0,0.32579,-0.0415599,0
19.9,0.4,0,0.325584,-0.0413328,0
19.9,0.5,0,0.324787,-0.0410937,0
19.9,0.6,0,0.324473,-0.0407088,0
19.9,0.7,0,0.323681,-0.04034,0
19.9,0.8,0,0.322565,-0.0398443,0
19.9,0.9,0,0.321491,-0.0392931,0
19.9,1,0,0.319479,-0.0386445,0
19.9,1.1,0,0.317907,-0.0378565,0
19.9,1.2,0,0.315628,-0.0370091,0
19.9,1.3,0,0.312688,-0.0359602,0
19.9,1.4,0,0.309726,-0.0348569,0
19.9,1.5,0,0.305391,-0.033504,0
19.9,1.6,0,0.301474,-0.0320935,0
19.9,1.7,0,0.296609,-0.0305337,0
19.9,1.8,0,0.290766,-0.0287076,0
19.9,1.9,0,0.284831,-0.0268596,0
19.9,2,0,0.277334,-0.0246818,0
19.9,2.1,0,0.270116,-0.0225096,0
19.9,2.2,0,0.261942,-0.0201873,0
19.9,2.3,0,0.252765,-0.0176165,0
19.9,2.4,0,0.243439,-0.0150722,0
19.9,2.5,0,0.23298,-0.0123193,0
19.9,2.6,0,0.222559,-0.00956043,0
19.9,2.7,0,0.211561,-0.00678951,0
19.9,2.8,0,0.200059,-0.00391213,0
19.9,2.9,0,0.188397,-0.00110528,0
19.9,3,0,0.176619,0.0016022,0
19.9,3.1,0,0.164694,0.00439424,0
19.9,3.2,0,0.152817,0.00697325,0
19.9,3.3,0,0.141277,0.00945403,0
19.9,3.4,0,0.129628,0.0118538,0
19.9,3.5,0,0.118915,0.0138319,0
19.9,3.6,0,0.108023,0.0160209,0
19.9,3.7,0,0.0976997,0.0178101,0
19.9,3.8,0,0.0883847,0.0193676,0
19.9,3.9,0,0.079032,0.0208742,0
19.9,4,0,0.0711436,0.0217657,0
19.9,4.1,0,0.0631358,0.02301,0
19.9,4.2,0,0.0558871,0.0237666,0
19.9,4.3,0,0.0498144,0.0242859,0
19.9,4.4,0,0.0437676,0.0248123,0
19.9,4.5,0,0.0390746,0.0247005,0
19.9,4.6,0,0.0343521,0.0250707,0
19.9,4.7,0,0.0302941,0.0249564,0
19.9,4.8,0,0.0271614,0.0247004,0
19.9,4.9,0,0.0244094,0.024563,0
19.9,5,0,0.0228174,0.0239417,0
19.9,5.1,0,0.0201636,0.0233062,0
19.9,5.2,0,0.0187468,0.0227727,0
19.9,5.3,0,0.0177765,0.0221874,0
19.9,5.4,0,0.0172446,0.021561,0
19.9,5.5,0,0.0171492,0.0209037,0
19.9,5.6,0,0.0174945,0.0202247,0
19.9,5.7,0,0.01829,0.019531,0
19.9,5.8,0,0.0195502,0.0188282,0
19.9,5.9,0,0.0212929,0.0181205,0
19.9,6,0,0.0235381,0.0174107,0
19.9,6.1,0,0.0263065,0.0167003,0
19.9,6.2,0,0.0296179,0.01599,0
19.9,6.3,0,0.0334897,0.0152796,0
19.9,6.4,0,0.0379356,0.0145685,0
19.9,6.5,0,0.0429648,0.0138554,0
19.9,6.6,0,0.048581,0.0131394,0
19.9,6.7,0,0.0547822,0.0124193,0
19.9,6.8,0,0.0615607,0.0116945,0
19.9,6.9,0,0.0689033,0.010964,0
19.9,7,0,0.0804753,0.00989056,0
19.9,7.1,0,0.0865849,0.00979525,0
19.9,7.2,0,0.0941227,0.00916515,0
19.9,7.3,0,0.103411,0.00807745,0
19.9,7.4,0,0.113244,0.00766781,0
19.9,7.5,0,0.123326,0.00689198,0
19.9,7.6,0,0.133806,0.0059664,0
19.9,7.7,0,0.144719,0.00549745,0
19.9,7.8,0,0.155709,0.00472611,0
19.9,7.9,0,0.166966,0.00402191,0
19.9,8,0,0.178542,0.00356823,0
19.9,8.1,0,0.189951,0.00289021,0
19.9,8.2,0,0.201598,0.00242568,0
19.9,8.3,0,0.213261,0.00207248,0
19.9,8.4,0,0.224418,0.00157175,0
19.9,8.5,0,0.235933,0.00134325,0
19.9,8.6,0,0.2469,0.00114311,0
19.9,8.7,0,0.256963,0.000855911,0
19.9,8.8,0,0.267572,0.000815703,0
19.9,8.9,0,0.27712,0.000761228,0
19.9,9,0,0.285325,0.000666842,0
19.9,9.1,0,0.294236,0.000730006,0
19.9,9.2,0,0.301832,0.000755811,0
19.9,9.3,0,0.307842,0.000784375,0
19.9,9.4,0,0.314478,0.000863786,0
19.9,9.5,0,0.319616,0.000903169,0
19.9,9.6,0,0.323707,0.000967957,0
19.9,9.7,0,0.328037,0.00101383,0
19.9,9.8,0,0.330825,0.00102899,0
19.9,9.9,0,0.333384,0.00107762,0
19.9,10,0,0.335711,0.00106719,0
19.9,10.1,0,0.336551,0.00104539,0
19.9,10.2,0,0.338082,0.00106136,0
19.9,10.3,0,0.338859,0.000995335,0
19.9,10.4,0,0.33823,0.000938174,0
19.9,10.5,0,0.339209,0.000927045,0
19.9,10.6,0,0.338902,0.000819984,0
19.9,10.7,0,0.337224,0.000734225,0
19.9,10.8,0,0.337824,0.000705623,0
19.9,10.9,0,0.33703,0.000587555,0
19.9,11,0,0.334953,0.000486526,0
19.9,11.1,0,0.335163,0.000458867,0
19.9,11.2,0,0.334045,0.000340619,0
19.9,11.3,0,0.332053,0.000240803,0
19.9,11.4,0,0.331895,0.000222113,0
19.9,11.5,0,0.330398,9.46911e-05,0
19.9,11.6,0,0.328892,2.40775e-05,0
19.9,11.7,0,0.328494,1.28596e-05,0
19.9,11.8,0,0.326735,-0.000152559,0
19.9,11.9,0,0.32589,-0.000158802,0
19.9,12,0,0.325366,-0.000168941,0
19.9,12.1,0,0.323463,-0.000391584,0
19.9,12.2,0,0.323455,-0.000235996,0
19.9,12.3,0,0.322937,-0.000298327,0
19.9,12.4,0,0.321034,-0.000703942,0
19.9,12.5,0,0.321902,-0.000416426,0
19.9,12.6,0,0.321652,-0.000487762,0
19.9,12.7,0,0.31993,-0.000987088,0
20,0,0,0.32586,-0.0425523,0
20,0.1,0,0.326292,-0.0425394,0
20,0.2,0,0.325879,-0.0424091,0
20,0.3,0,0.325572,-0.0421903,0
20,0.4,0,0.325478,-0.0419479,0
20,0.5,0,0.324448,-0.0416998,0
20,0.6,0,0.324267,-0.0413017,0
20,0.7,0,0.32316,-0.0409075,0
20,0.8,0,0.322044,-0.0404118,0
20,0.9,0,0.321103,-0.0398491,0
20,1,0,0.318712,-0.0391551,0
20,1.1,0,0.31733,-0.0383731,0
20,1.2,0,0.31455,-0.037442,0
20,1.3,0,0.311611,-0.0363931,0
20,1.4,0,0.308837,-0.0352997,0
20,1.5,0,0.303946,-0.0338399,0
20,1.6,0,0.300287,-0.0324605,0
20,1.7,0,0.294766,-0.0307593,0
20,1.8,0,0.288923,-0.0289333,0
20,1.9,0,0.283225,-0.0271108,0
20,2,0,0.275101,-0.0247947,0
20,2.1,0,0.268157,-0.0226558,0
20,2.2,0,0.259378,-0.0201986,0
20,2.3,0,0.250201,-0.0176278,0
20,2.4,0,0.241097,-0.0150952,0
20,2.5,0,0.230197,-0.0122538,0
20,2.6,0,0.219967,-0.00949127,0
20,2.7,0,0.208713,-0.00668322,0
20,2.8,0,0.197211,-0.00380584,0
20,2.9,0,0.185678,-0.000964305,0
20,3,0,0.17388,0.00170802,0
20,3.1,0,0.161991,0.00456745,0
20,3.2,0,0.150354,0.00703893,0
20,3.3,0,0.138814,0.00951971,0
20,3.4,0,0.127164,0.0120091,0
20,3.5,0,0.116862,0.0138241,0
20,3.6,0,0.105864,0.0161353,0
20,3.7,0,0.0961406,0.0177052,0
20,3.8,0,0.0868256,0.0192627,0
20,3.9,0,0.0773758,0.0208988,0
20,4,0,0.0701053,0.0215521,0
20,4.1,0,0.0619256,0.0229474,0
20,4.2,0,0.0553433,0.0234443,0
20,4.3,0,0.0492706,0.0239637,0
20,4.4,0,0.04309,0.0246354,0
20,4.5,0,0.0389575,0.0242791,0
20,4.6,0,0.0340655,0.0248041,0
20,4.7,0,0.0305117,0.0244516,0
20,4.8,0,0.0273789,0.0241957,0
20,4.9,0,0.0243856,0.0241827,0
20,5,0,0.0232436,0.0233795,0
20,5.1,0,0.0206853,0.022714,0
20,5.2,0,0.019323,0.0221612,0
20,5.3,0,0.018395,0.0215592,0
20,5.4,0,0.0178946,0.0209182,0
20,5.5,0,0.0178215,0.0202485,0
20,5.6,0,0.0181815,0.0195589,0
20,5.7,0,0.0189857,0.0188563,0
20,5.8,0,0.0202502,0.018146,0
20,5.9,0,0.021994,0.017432,0
20,6,0,0.0242387,0.0167169,0
20,6.1,0,0.0270058,0.0160023,0
20,6.2,0,0.030316,0.0152886,0
20,6.3,0,0.0341874,0.0145756,0
20,6.4,0,0.0386341,0.0138624,0
20,6.5,0,0.0436654,0.0131478,0
20,6.6,0,0.0492851,0.0124308,0
20,6.7,0,0.0554908,0.0117102,0
20,6.8,0,0.0622744,0.0109853,0
20,6.9,0,0.069622,0.0102552,0
20,7,0,0.0811999,0.00918383,0
20,7.1,0,0.0869212,0.00923395,0
20,7.2,0,0.0947302,0.00850863,0
20,7.3,0,0.104134,0.00737885,0
20,7.4,0,0.113839,0.00715491,0
20,7.5,0,0.124018,0.00620509,0
20,7.6,0,0.134498,0.00527952,0
20,7.7,0,0.145343,0.00497799,0
20,7.8,0,0.156323,0.00404803,0
20,7.9,0,0.16758,0.00334382,0
20,8,0,0.179175,0.00301345,0
20,8.1,0,0.190431,0.00221443,0
20,8.2,0,0.202079,0.0017499,0
20,8.3,0,0.213888,0.00147251,0
20,8.4,0,0.224725,0.000889959,0
20,8.5,0,0.23624,0.000661455,0
20,8.6,0,0.247429,0.000490231,0
20,8.7,0,0.257091,0.000164851,0
20,8.8,0,0.267853,0.000130629,0
20,8.9,0,0.277384,7.72951e-05,0
20,9,0,0.285312,-2.67702e-05,0
20,9.1,0,0.294693,4.97809e-05,0
20,9.2,0,0.301765,7.54895e-05,0
20,9.3,0,0.307748,0.000103811,0
20,9.4,0,0.315195,0.000210952,0
20,9.5,0,0.3195,0.00025416,0
20,9.6,0,0.323591,0.000318948,0
20,9.7,0,0.328768,0.000400025,0
20,9.8,0,0.330727,0.000426687,0
20,9.9,0,0.333286,0.000475317,0
20,10,0,0.336443,0.000504344,0
20,10.1,0,0.336488,0.000498198,0
20,10.2,0,0.338018,0.000514161,0
20,10.3,0,0.339587,0.000489203,0
20,10.4,0,0.338198,0.000447524,0
20,10.5,0,0.339204,0.000437846,0
20,10.6,0,0.339385,0.000374422,0
20,10.7,0,0.337215,0.000296296,0
20,10.8,0,0.338119,0.000285917,0
20,10.9,0,0.33724,0.000194751,0
20,11,0,0.334954,9.42891e-05,0
20,11.1,0,0.335742,0.000107459,0
20,11.2,0,0.334047,-1.4629e-05,0
20,11.3,0,0.332055,-0.000114445,0
20,11.4,0,0.332624,-6.67554e-05,0
20,11.5,0,0.330395,-0.000232576,0
20,11.6,0,0.328889,-0.000303189,0
20,11.7,0,0.329229,-0.000221507,0
20,11.8,0,0.326725,-0.000460507,0
20,11.9,0,0.32588,-0.00046675,0
20,12,0,0.326105,-0.000355536,0
20,12.1,0,0.323448,-0.000691034,0
20,12.2,0,0.323441,-0.000535446,0
20,12.3,0,0.323617,-0.000420992,0
20,12.4,0,0.321018,-0.000998993,0
20,12.5,0,0.322004,-0.000676193,0
20,12.6,0,0.322034,-0.000662999,0
20,12.7,0,0.319912,-0.00127871,0
20.1,0,0,0.325687,-0.0431916,0
20.1,0.1,0,0.326119,-0.0431787,0
20.1,0.2,0,0.325661,-0.0430395,0
20.1,0.3,0,0.325353,-0.0428207,0
20.1,0.4,0,0.325139,-0.042554,0
20.1,0.5,0,0.324109,-0.042306,0
20.1,0.6,0,0.323928,-0.0419078,0
20.1,0.7,0,0.322639,-0.041475,0
20.1,0.8,0,0.321523,-0.0409793,0
20.1,0.9,0,0.320336,-0.0403598,0
20.1,1,0,0.317946,-0.0396658,0
20.1,1.1,0,0.316563,-0.0388838,0
20.1,1.2,0,0.313472,-0.0378749,0
20.1,1.3,0,0.310533,-0.036826,0
20.1,1.4,0,0.307393,-0.0356355,0
20.1,1.5,0,0.302502,-0.0341757,0
20.1,1.6,0,0.298842,-0.0327964,0
20.1,1.7,0,0.292923,-0.0309849,0
20.1,1.8,0,0.28708,-0.0291589,0
20.1,1.9,0,0.280992,-0.0272237,0
20.1,2,0,0.272867,-0.0249077,0
20.1,2.1,0,0.265924,-0.0227687,0
20.1,2.2,0,0.256814,-0.0202099,0
20.1,2.3,0,0.247637,-0.0176391,0
20.1,2.4,0,0.238314,-0.0150297,0
20.1,2.5,0,0.227413,-0.0121883,0
20.1,2.6,0,0.217184,-0.00942578,0
20.1,2.7,0,0.205865,-0.00657692,0
20.1,2.8,0,0.194363,-0.00369954,0
20.1,2.9,0,0.182939,-0.000858485,0
20.1,3,0,0.171141,0.00181384,0
20.1,3.1,0,0.159252,0.00467327,0
20.1,3.2,0,0.147891,0.00710461,0
20.1,3.3,0,0.136351,0.00958539,0
20.1,3.4,0,0.125112,0.0120012,0
20.1,3.5,0,0.114809,0.0138162,0
20.1,3.6,0,0.103812,0.0161274,0
20.1,3.7,0,0.0945816,0.0176002,0
20.1,3.8,0,0.0852666,0.0191577,0
20.1,3.9,0,0.0763375,0.0206852,0
20.1,4,0,0.069067,0.0213385,0
20.1,4.1,0,0.0608873,0.0227338,0
20.1,4.2,0,0.0547994,0.0231221,0
20.1,4.3,0,0.0487267,0.0236414,0
20.1,4.4,0,0.0429729,0.024214,0
20.1,4.5,0,0.0388404,0.0238577,0
20.1,4.6,0,0.0339484,0.0243827,0
20.1,4.7,0,0.0307292,0.0239468,0
20.1,4.8,0,0.0275965,0.0236909,0
20.1,4.9,0,0.0248118,0.0236206,0
20.1,5,0,0.0236697,0.0228173,0
20.1,5.1,0,0.0212071,0.0221217,0
20.1,5.2,0,0.0198992,0.0215497,0
20.1,5.3,0,0.0190135,0.0209309,0
20.1,5.4,0,0.0185446,0.0202754,0
20.1,5.5,0,0.0184938,0.0195934,0
20.1,5.6,0,0.0188684,0.0188932,0
20.1,5.7,0,0.0196814,0.0181816,0
20.1,5.8,0,0.0209501,0.0174638,0
20.1,5.9,0,0.0226952,0.0167435,0
20.1,6,0,0.0249392,0.0160232,0
20.1,6.1,0,0.0277051,0.0153044,0
20.1,6.2,0,0.0310141,0.0145872,0
20.1,6.3,0,0.0348851,0.0138715,0
20.1,6.4,0,0.0393326,0.0131562,0
20.1,6.5,0,0.0443661,0.0124402,0
20.1,6.6,0,0.0499892,0.0117222,0
20.1,6.7,0,0.0561994,0.0110012,0
20.1,6.8,0,0.0629881,0.0102762,0
20.1,6.9,0,0.0703408,0.00954637,0
20.1,7,0,0.0819246,0.00847709,0
20.1,7.1,0,0.0876459,0.00852721,0
20.1,7.2,0,0.0954533,0.00781003,0
20.1,7.3,0,0.104857,0.00668025,0
20.1,7.4,0,0.114562,0.00645631,0
20.1,7.5,0,0.124711,0.00551821,0
20.1,7.6,0,0.135191,0.00459264,0
20.1,7.7,0,0.146014,0.00433346,0
20.1,7.8,0,0.156937,0.00336994,0
20.1,7.9,0,0.168194,0.00266573,0
20.1,8,0,0.179735,0.0023672,0
20.1,8.1,0,0.190912,0.00153865,0
20.1,8.2,0,0.20256,0.00107412,0
20.1,8.3,0,0.214252,0.000805436,0
20.1,8.4,0,0.225032,0.000208167,0
20.1,8.5,0,0.236546,-2.03369e-05,0
20.1,8.6,0,0.247557,-0.000200829,0
20.1,8.7,0,0.25722,-0.000526209,0
20.1,8.8,0,0.267981,-0.000560431,0
20.1,8.9,0,0.277371,-0.000616317,0
20.1,9,0,0.285298,-0.000720382,0
20.1,9.1,0,0.29468,-0.000643831,0
20.1,9.2,0,0.301671,-0.000605074,0
20.1,9.3,0,0.307654,-0.000576752,0
20.1,9.4,0,0.315143,-0.000468151,0
20.1,9.5,0,0.319385,-0.000394849,0
20.1,9.6,0,0.323476,-0.000330061,0
20.1,9.7,0,0.328867,-0.000231579,0
20.1,9.8,0,0.33063,-0.000175619,0
20.1,9.9,0,0.333189,-0.00012699,0
20.1,10,0,0.336573,-5.69154e-05,0
20.1,10.1,0,0.336424,-4.89969e-05,0
20.1,10.2,0,0.337955,-3.30339e-05,0
20.1,10.3,0,0.339596,-2.26229e-06,0
20.1,10.4,0,0.338167,-4.31263e-05,0
20.1,10.5,0,0.339173,-5.28047e-05,0
20.1,10.6,0,0.339376,-6.35074e-05,0
20.1,10.7,0,0.337206,-0.000141633,0
20.1,10.8,0,0.33811,-0.000152012,0
20.1,10.9,0,0.337241,-0.000197486,0
20.1,11,0,0.334956,-0.000297948,0
20.1,11.1,0,0.335744,-0.000284778,0
20.1,11.2,0,0.33405,-0.000369877,0
20.1,11.3,0,0.332058,-0.000469692,0
20.1,11.4,0,0.332757,-0.000410066,0
20.1,11.5,0,0.330393,-0.000559843,0
20.1,11.6,0,0.328887,-0.000630456,0
20.1,11.7,0,0.329408,-0.000519533,0
20.1,11.8,0,0.326716,-0.000768454,0
20.1,11.9,0,0.32587,-0.000774697,0
20.1,12,0,0.326279,-0.000627256,0
20.1,12.1,0,0.323434,-0.000990484,0
20.1,12.2,0,0.323426,-0.000834897,0
20.1,12.3,0,0.3236,-0.000716043,0
20.1,12.4,0,0.321001,-0.00129404,0
20.1,12.5,0,0.321987,-0.000971244,0
20.1,12.6,0,0.322016,-0.000954619,0
20.1,12.7,0,0.319893,-0.00157033,0
20.2,0,0,0.325514,-0.0438308,0
20.2,0.1,0,0.325801,-0.0437967,0
20.2,0.2,0,0.325442,-0.0436699,0
20.2,0.3,0,0.325135,-0.043451,0
20.2,0.4,0,0.32471,-0.0431694,0
20.2,0.5,0,0.32377,-0.0429121,0
20.2,0.6,0,0.323375,-0.0424984,0
20.2,0.7,0,0.322118,-0.0420425,0
20.2,0.8,0,0.321003,-0.0415468,0
20.2,0.9,0,0.319455,-0.0408746,0
20.2,1,0,0.317179,-0.0401765,0
20.2,1.1,0,0.315457,-0.0393397,0
20.2,1.2,0,0.312395,-0.0383078,0
20.2,1.3,0,0.309455,-0.0372589,0
20.2,1.4,0,0.305785,-0.0359572,0
20.2,1.5,0,0.301058,-0.0345115,0
20.2,1.6,0,0.296953,-0.033038,0
20.2,1.7,0,0.29108,-0.0312106,0
20.2,1.8,0,0.285237,-0.0293845,0
20.2,1.9,0,0.27856,-0.0273101,0
20.2,2,0,0.270634,-0.0250206,0
20.2,2.1,0,0.263278,-0.0227916,0
20.2,2.2,0,0.254249,-0.0202212,0
20.2,2.3,0,0.245072,-0.0176504,0
20.2,2.4,0,0.235354,-0.0149502,0
20.2,2.5,0,0.22463,-0.0121229,0
20.2,2.6,0,0.21422,-0.00933643,0
20.2,2.7,0,0.203016,-0.00647062,0
20.2,2.8,0,0.191515,-0.00359324,0
20.2,2.9,0,0.180115,-0.000777749,0
20.2,3,0,0.168402,0.00191966,0
20.2,3.1,0,0.156666,0.00470433,0
20.2,3.2,0,0.145428,0.00717029,0
20.2,3.3,0,0.133888,0.00965107,0
20.2,3.4,0,0.123088,0.0119234,0
20.2,3.5,0,0.112756,0.0138084,0
20.2,3.6,0,0.102156,0.0159682,0
20.2,3.7,0,0.0930225,0.0174953,0
20.2,3.8,0,0.0837075,0.0190528,0
20.2,3.9,0,0.0754069,0.0203702,0
20.2,4,0,0.0680286,0.0211249,0
20.2,4.1,0,0.0602945,0.0223405,0
20.2,4.2,0,0.0542555,0.0227998,0
20.2,4.3,0,0.0481828,0.0233192,0
20.2,4.4,0,0.0429833,0.0236805,0
20.2,4.5,0,0.0387233,0.0234364,0
20.2,4.6,0,0.0341713,0.0237953,0
20.2,4.7,0,0.0309468,0.023442,0
20.2,4.8,0,0.0278141,0.0231861,0
20.2,4.9,0,0.0254273,0.0229643,0
20.2,5,0,0.0240959,0.0222552,0
20.2,5.1,0,0.0217288,0.0215295,0
20.2,5.2,0,0.0204755,0.0209383,0
20.2,5.3,0,0.019632,0.0203026,0
20.2,5.4,0,0.0191946,0.0196326,0
20.2,5.5,0,0.019166,0.0189382,0
20.2,5.6,0,0.0195554,0.0182274,0
20.2,5.7,0,0.0203771,0.0175069,0
20.2,5.8,0,0.0216501,0.0167815,0
20.2,5.9,0,0.0233964,0.016055,0
20.2,6,0,0.0256398,0.0153296,0
20.2,6.1,0,0.0284044,0.0146064,0
20.2,6.2,0,0.0317123,0.0138859,0
20.2,6.3,0,0.0355828,0.0131674,0
20.2,6.4,0,0.0400311,0.0124501,0
20.2,6.5,0,0.0450667,0.0117326,0
20.2,6.6,0,0.0506932,0.0110137,0
20.2,6.7,0,0.056908,0.0102921,0
20.2,6.8,0,0.0637018,0.00956701,0
20.2,6.9,0,0.0710596,0.00883756,0
20.2,7,0,0.0826493,0.00777036,0
20.2,7.1,0,0.0885799,0.00774429,0
20.2,7.2,0,0.0961764,0.00711143,0
20.2,7.3,0,0.10558,0.00598165,0
20.2,7.4,0,0.115358,0.00563009,0
20.2,7.5,0,0.125404,0.00483132,0
20.2,7.6,0,0.135884,0.00390575,0
20.2,7.7,0,0.146696,0.00348795,0
20.2,7.8,0,0.157551,0.00269185,0
20.2,7.9,0,0.168808,0.00198764,0
20.2,8,0,0.180197,0.00156811,0
20.2,8.1,0,0.191393,0.000862866,0
20.2,8.2,0,0.20304,0.000398336,0
20.2,8.3,0,0.214423,5.31488e-05,0
20.2,8.4,0,0.225339,-0.000473625,0
20.2,8.5,0,0.236853,-0.000702129,0
20.2,8.6,0,0.247509,-0.000913034,0
20.2,8.7,0,0.257348,-0.00121727,0
20.2,8.8,0,0.268083,-0.00125241,0
20.2,8.9,0,0.27727,-0.00131338,0
20.2,9,0,0.285285,-0.00141399,0
20.2,9.1,0,0.294337,-0.00134035,0
20.2,9.2,0,0.301577,-0.00128564,0
20.2,9.3,0,0.307559,-0.00125732,0
20.2,9.4,0,0.314381,-0.00114565,0
20.2,9.5,0,0.319269,-0.00104386,0
20.2,9.6,0,0.32336,-0.00097907,0
20.2,9.7,0,0.327923,-0.000869094,0
20.2,9.8,0,0.330532,-0.000777925,0
20.2,9.9,0,0.333091,-0.000729296,0
20.2,10,0,0.335679,-0.000643571,0
20.2,10.1,0,0.336361,-0.000596192,0
20.2,10.2,0,0.337891,-0.000580229,0
20.2,10.3,0,0.338929,-0.000525871,0
20.2,10.4,0,0.338136,-0.000533777,0
20.2,10.5,0,0.339141,-0.000543455,0
20.2,10.6,0,0.339049,-0.000518845,0
20.2,10.7,0,0.337197,-0.000579562,0
20.2,10.8,0,0.337981,-0.000589615,0
20.2,10.9,0,0.337214,-0.00059145,0
20.2,11,0,0.334957,-0.000690185,0
20.2,11.1,0,0.335349,-0.000684778,0
20.2,11.2,0,0.334052,-0.000725124,0
20.2,11.3,0,0.33206,-0.00082494,0
20.2,11.4,0,0.332079,-0.000801018,0
20.2,11.5,0,0.33039,-0.00088711,0
20.2,11.6,0,0.328884,-0.000957723,0
20.2,11.7,0,0.328661,-0.000920381,0
20.2,11.8,0,0.326706,-0.0010764,0
20.2,11.9,0,0.325861,-0.00108265,0
20.2,12,0,0.325517,-0.00104806,0
20.2,12.1,0,0.32342,-0.00128993,0
20.2,12.2,0,0.323412,-0.00113435,0
20.2,12.3,0,0.323076,-0.00113988,0
20.2,12.4,0,0.320984,-0.0015891,0
20.2,12.5,0,0.321971,-0.0012663,0
20.2,12.6,0,0.321782,-0.00131013,0
20.2,12.7,0,0.319875,-0.00186195,0
20.3,0,0,0.325341,-0.0444701,0
20.3,0.1,0,0.325404,-0.0444033,0
20.3,0.2,0,0.325188,-0.0442955,0
20.3,0.3,0,0.324865,-0.0440794,0
20.3,0.4,0,0.324234,-0.0437899,0
20.3,0.5,0,0.323431,-0.0435182,0
20.3,0.6,0,0.322706,-0.0430806,0
20.3,0.7,0,0.321568,-0.042613,0
20.3,0.8,0,0.320397,-0.0421043,0
20.3,0.9,0,0.318514,-0.0413917,0
20.3,1,0,0.316412,-0.0406871,0
20.3,1.1,0,0.314169,-0.039766,0
20.3,1.2,0,0.311275,-0.0387394,0
20.3,1.3,0,0.308254,-0.0376681,0
20.3,1.4,0,0.304091,-0.0362713,0
20.3,1.5,0,0.299613,-0.0348473,0
20.3,1.6,0,0.294825,-0.0332289,0
20.3,1.7,0,0.28918,-0.0314292,0
20.3,1.8,0,0.283255,-0.0295794,0
20.3,1.9,0,0.27602,-0.0273821,0
20.3,2,0,0.268401,-0.0251336,0
20.3,2.1,0,0.26041,-0.022766,0
20.3,2.2,0,0.251624,-0.0202252,0
20.3,2.3,0,0.24241,-0.0176421,0
20.3,2.4,0,0.232299,-0.0148632,0
20.3,2.5,0,0.221847,-0.0120574,0
20.3,2.6,0,0.21116,-0.00923422,0
20.3,2.7,0,0.200126,-0.00636514,0
20.3,2.8,0,0.188662,-0.00349476,0
20.3,2.9,0,0.177244,-0.00071052,0
20.3,3,0,0.165663,0.00202548,0
20.3,3.1,0,0.154162,0.00469513,0
20.3,3.2,0,0.142957,0.00722099,0
20.3,3.3,0,0.131516,0.00968051,0
20.3,3.4,0,0.121081,0.0118078,0
20.3,3.5,0,0.110703,0.0138005,0
20.3,3.6,0,0.100713,0.0157274,0
20.3,3.7,0,0.0914868,0.0173631,0
20.3,3.8,0,0.0822858,0.0188949,0
20.3,3.9,0,0.0745344,0.0200006,0
20.3,4,0,0.0669903,0.0209113,0
20.3,4.1,0,0.0599417,0.0218504,0
20.3,4.2,0,0.0537499,0.022444,0
20.3,4.3,0,0.0477635,0.0229426,0
20.3,4.4,0,0.0430623,0.0230866,0
20.3,4.5,0,0.0386063,0.023015,0
20.3,4.6,0,0.0345773,0.0231185,0
20.3,4.7,0,0.031202,0.0229028,0
20.3,4.8,0,0.0281316,0.0226409,0
20.3,4.9,0,0.0261448,0.0222574,0
20.3,5,0,0.0245221,0.021693,0
20.3,5.1,0,0.0222506,0.0209372,0
20.3,5.2,0,0.0210517,0.0203268,0
20.3,5.3,0,0.0202505,0.0196743,0
20.3,5.4,0,0.0198445,0.0189899,0
20.3,5.5,0,0.0198383,0.018283,0
20.3,5.6,0,0.0202424,0.0175616,0
20.3,5.7,0,0.0210728,0.0168322,0
20.3,5.8,0,0.02235,0.0160993,0
20.3,5.9,0,0.0240975,0.0153665,0
20.3,6,0,0.0263404,0.0146358,0
20.3,6.1,0,0.0291036,0.0139085,0
20.3,6.2,0,0.0324104,0.0131845,0
20.3,6.3,0,0.0362805,0.0124633,0
20.3,6.4,0,0.0407296,0.011744,0
20.3,6.5,0,0.0457673,0.011025,0
20.3,6.6,0,0.0513973,0.0103051,0
20.3,6.7,0,0.0576166,0.0095831,0
20.3,6.8,0,0.0644155,0.00885786,0
20.3,6.9,0,0.0717783,0.00812874,0
20.3,7,0,0.0833739,0.00706363,0
20.3,7.1,0,0.0900171,0.0067783,0
20.3,7.2,0,0.097551,0.00616889,0
20.3,7.3,0,0.106303,0.00528305,0
20.3,7.4,0,0.11619,0.00474254,0
20.3,7.5,0,0.12617,0.00403795,0
20.3,7.6,0,0.136576,0.00321887,0
20.3,7.7,0,0.147378,0.00264244,0
20.3,7.8,0,0.158175,0.0019888,0
20.3,7.9,0,0.169422,0.00130956,0
20.3,8,0,0.180658,0.000769021,0
20.3,8.1,0,0.191873,0.000187085,0
20.3,8.2,0,0.203433,-0.000300055,0
20.3,8.3,0,0.214584,-0.000704459,0
20.3,8.4,0,0.225646,-0.00115542,0
20.3,8.5,0,0.23683,-0.00141539,0
20.3,8.6,0,0.247314,-0.00164266,0
20.3,8.7,0,0.257476,-0.00190833,0
20.3,8.8,0,0.267544,-0.0019667,0
20.3,8.9,0,0.276731,-0.00202767,0
20.3,9,0,0.285271,-0.00210761,0
20.3,9.1,0,0.293541,-0.00204086,0
20.3,9.2,0,0.300932,-0.00198186,0
20.3,9.3,0,0.307465,-0.00193788,0
20.3,9.4,0,0.313454,-0.00182239,0
20.3,9.5,0,0.318826,-0.00170406,0
20.3,9.6,0,0.323244,-0.00162808,0
20.3,9.7,0,0.326979,-0.00150661,0
20.3,9.8,0,0.330416,-0.001381,0
20.3,9.9,0,0.332976,-0.00133126,0
20.3,10,0,0.334786,-0.00123023,0
20.3,10.1,0,0.336297,-0.00114339,0
20.3,10.2,0,0.337521,-0.00112118,0
20.3,10.3,0,0.338106,-0.00105758,0
20.3,10.4,0,0.338105,-0.00102443,0
20.3,10.5,0,0.338535,-0.00102518,0
20.3,10.6,0,0.338285,-0.000998121,0
20.3,10.7,0,0.337188,-0.00101749,0
20.3,10.8,0,0.337251,-0.00102559,0
20.3,10.9,0,0.336484,-0.00102742,0
20.3,11,0,0.334959,-0.00108242,0
20.3,11.1,0,0.334628,-0.00109117,0
20.3,11.2,0,0.333579,-0.00111402,0
20.3,11.3,0,0.332062,-0.00118019,0
20.3,11.4,0,0.331349,-0.00119466,0
20.3,11.5,0,0.330187,-0.00123272,0
20.3,11.6,0,0.328882,-0.00128499,0
20.3,11.7,0,0.327915,-0.00132123,0
20.3,11.8,0,0.326697,-0.00138435,0
20.3,11.9,0,0.325739,-0.00140742,0
20.3,12,0,0.324754,-0.00146886,0
20.3,12.1,0,0.323405,-0.00158938,0
20.3,12.2,0,0.322998,-0.00153265,0
20.3,12.3,0,0.322308,-0.00162561,0
20.3,12.4,0,0.320967,-0.00188415,0
20.3,12.5,0,0.321282,-0.00175657,0
20.3,12.6,0,0.321029,-0.00181918,0
20.3,12.7,0,0.319857,-0.00215357,0
20.4,0,0,0.325167,-0.0451094,0
20.4,0.1,0,0.325007,-0.0450098,0
20.4,0.2,0,0.324792,-0.044902,0
20.4,0.3,0,0.324388,-0.0446999,0
20.4,0.4,0,0.323757,-0.0444103,0
20.4,0.5,0,0.323092,-0.0441243,0
20.4,0.6,0,0.322037,-0.0436627,0
20.4,0.7,0,0.320899,-0.0431951,0
20.4,0.8,0,0.319456,-0.0426213,0
20.4,0.9,0,0.317572,-0.0419088,0
20.4,1,0,0.315645,-0.0411978,0
20.4,1.1,0,0.312881,-0.0401923,0
20.4,1.2,0,0.309987,-0.0391658,0
20.4,1.3,0,0.306559,-0.0379822,0
20.4,1.4,0,0.302396,-0.0365854,0
20.4,1.5,0,0.298169,-0.0351831,0
20.4,1.6,0,0.292696,-0.0334197,0
20.4,1.7,0,0.287052,-0.0316201,0
20.4,1.8,0,0.280715,-0.0296514,0
20.4,1.9,0,0.27348,-0.0274541,0
20.4,2,0,0.266168,-0.0252465,0
20.4,2.1,0,0.257541,-0.0227404,0
20.4,2.2,0,0.248756,-0.0201996,0
20.4,2.3,0,0.239355,-0.0175551,0
20.4,2.4,0,0.229243,-0.0147762,0
20.4,2.5,0,0.219064,-0.0119919,0
20.4,2.6,0,0.208099,-0.00913201,0
20.4,2.7,0,0.197065,-0.00626293,0
20.4,2.8,0,0.185792,-0.00342753,0
20.4,2.9,0,0.174374,-0.00064329,0
20.4,3,0,0.162924,0.0021313,0
20.4,3.1,0,0.151659,0.00468593,0
20.4,3.2,0,0.140453,0.00721179,0
20.4,3.3,0,0.129509,0.00956496,0
20.4,3.4,0,0.119074,0.0116923,0
20.4,3.5,0,0.10865,0.0137926,0
20.4,3.6,0,0.0992711,0.0154866,0
20.4,3.7,0,0.0900446,0.0171224,0
20.4,3.8,0,0.0814133,0.0185253,0
20.4,3.9,0,0.0736619,0.019631,0
20.4,4,0,0.065952,0.0206977,0
20.4,4.1,0,0.0595888,0.0213604,0
20.4,4.2,0,0.053397,0.0219539,0
20.4,4.3,0,0.0478425,0.0223487,0
20.4,4.4,0,0.0431414,0.0224927,0
20.4,4.5,0,0.0384892,0.0225936,0
20.4,4.6,0,0.0349832,0.0224417,0
20.4,4.7,0,0.031608,0.022226,0
20.4,4.8,0,0.0288491,0.021934,0
20.4,4.9,0,0.0268622,0.0215505,0
20.4,5,0,0.0249482,0.0211308,0
20.4,5.1,0,0.0227723,0.020345,0
20.4,5.2,0,0.0216279,0.0197153,0
20.4,5.3,0,0.020869,0.0190461,0
20.4,5.4,0,0.0204945,0.0183471,0
20.4,5.5,0,0.0205106,0.0176278,0
20.4,5.6,0,0.0209294,0.0168959,0
20.4,5.7,0,0.0217685,0.0161574,0
20.4,5.8,0,0.02305,0.0154171,0
20.4,5.9,0,0.0247987,0.014678,0
20.4,6,0,0.027041,0.0139422,0
20.4,6.1,0,0.0298029,0.0132105,0
20.4,6.2,0,0.0331085,0.0124831,0
20.4,6.3,0,0.0369782,0.0117593,0
20.4,6.4,0,0.0414281,0.0110378,0
20.4,6.5,0,0.046468,0.0103174,0
20.4,6.6,0,0.0521014,0.00959657,0
20.4,6.7,0,0.0583252,0.00887405,0
20.4,6.8,0,0.0651292,0.00814871,0
20.4,6.9,0,0.0724971,0.00741993,0
20.4,7,0,0.0840986,0.00635689,0
20.4,7.1,0,0.0914543,0.0058123,0
20.4,7.2,0,0.0989881,0.00520289,0
20.4,7.3,0,0.10704,0.00455959,0
20.4,7.4,0,0.117021,0.003855,0
20.4,7.5,0,0.127001,0.0031504,0
20.4,7.6,0,0.137264,0.00245058,0
20.4,7.7,0,0.14806,0.00179694,0
20.4,7.8,0,0.158857,0.00114329,0
20.4,7.9,0,0.1699,0.000523205,0
20.4,8,0,0.18112,-3.00682e-05,0
20.4,8.1,0,0.192339,-0.000583341,0
20.4,8.2,0,0.203593,-0.00105766,0
20.4,8.3,0,0.214745,-0.00146207,0
20.4,8.4,0,0.225896,-0.00186647,0
20.4,8.5,0,0.236636,-0.00214502,0
20.4,8.6,0,0.247119,-0.00237229,0
20.4,8.7,0,0.257603,-0.00259956,0
20.4,8.8,0,0.267006,-0.00268099,0
20.4,8.9,0,0.276192,-0.00274196,0
20.4,9,0,0.285257,-0.00280122,0
20.4,9.1,0,0.292745,-0.00274137,0
20.4,9.2,0,0.300136,-0.00268237,0
20.4,9.3,0,0.307156,-0.00261745,0
20.4,9.4,0,0.312528,-0.00249913,0
20.4,9.5,0,0.317899,-0.0023808,0
20.4,9.6,0,0.322598,-0.00226973,0
20.4,9.7,0,0.326035,-0.00214412,0
20.4,9.8,0,0.329472,-0.00201852,0
20.4,9.9,0,0.332083,-0.00191791,0
20.4,10,0,0.333892,-0.00181688,0
20.4,10.1,0,0.335702,-0.00171585,0
20.4,10.2,0,0.336698,-0.00165289,0
20.4,10.3,0,0.337284,-0.0015893,0
20.4,10.4,0,0.337869,-0.0015257,0
20.4,10.5,0,0.337771,-0.00150445,0
20.4,10.6,0,0.337521,-0.0014774,0
20.4,10.7,0,0.337179,-0.00145542,0
20.4,10.8,0,0.336522,-0.00146156,0
20.4,10.9,0,0.335755,-0.00146339,0
20.4,11,0,0.334957,-0.00147472,0
20.4,11.1,0,0.333907,-0.00149757,0
20.4,11.2,0,0.332858,-0.00152042,0
20.4,11.3,0,0.331782,-0.00155026,0
20.4,11.4,0,0.33062,-0.00158831,0
20.4,11.5,0,0.329457,-0.00162636,0
20.4,11.6,0,0.328308,-0.00166873,0
20.4,11.7,0,0.327168,-0.00172208,0
20.4,11.8,0,0.326028,-0.00177542,0
20.4,11.9,0,0.324977,-0.00182823,0
20.4,12,0,0.323992,-0.00188967,0
20.4,12.1,0,0.323007,-0.00195111,0
20.4,12.2,0,0.32223,-0.00201838,0
20.4,12.3,0,0.321541,-0.00211133,0
20.4,12.4,0,0.320851,-0.00220429,0
20.4,12.5,0,0.320529,-0.00226562,0
20.4,12.6,0,0.320276,-0.00232822,0
20.4,12.7,0,0.319839,-0.00244519,0
20.5,0,0,0.325012,-0.0458474,0
20.5,0.1,0,0.324722,-0.0456721,0
20.5,0.2,0,0.324507,-0.0455643,0
20.5,0.3,0,0.324015,-0.0453586,0
20.5,0.4,0,0.323384,-0.045069,0
20.5,0.5,0,0.322709,-0.0447756,0
20.5,0.6,0,0.321526,-0.0442987,0
20.5,0.7,0,0.320388,-0.0438311,0
20.5,0.8,0,0.318741,-0.0432113,0
20.5,0.9,0,0.316857,-0.0424987,0
20.5,1,0,0.314727,-0.0416838,0
20.5,1.1,0,0.311889,-0.0407082,0
20.5,1.2,0,0.308995,-0.0396817,0
20.5,1.3,0,0.305225,-0.0383982,0
20.5,1.4,0,0.301061,-0.0370014,0
20.5,1.5,0,0.296491,-0.0354383,0
20.5,1.6,0,0.290973,-0.033717,0
20.5,1.7,0,0.285329,-0.0319174,0
20.5,1.8,0,0.278592,-0.0298226,0
20.5,1.9,0,0.271357,-0.0276253,0
20.5,2,0,0.26372,-0.0252653,0
20.5,2.1,0,0.255058,-0.0227932,0
20.5,2.2,0,0.246272,-0.0202524,0
20.5,2.3,0,0.236601,-0.0175128,0
20.5,2.4,0,0.226489,-0.0147339,0
20.5,2.5,0,0.216206,-0.0118724,0
20.5,2.6,0,0.205214,-0.00903169,0
20.5,2.7,0,0.19418,-0.00616261,0
20.5,2.8,0,0.182944,-0.00331453,0
20.5,2.9,0,0.171527,-0.000530291,0
20.5,3,0,0.1603,0.00221538,0
20.5,3.1,0,0.149023,0.0047646,0
20.5,3.2,0,0.137817,0.00729046,0
20.5,3.3,0,0.127236,0.0095677,0
20.5,3.4,0,0.116801,0.011695,0
20.5,3.5,0,0.106849,0.013683,0
20.5,3.6,0,0.0974697,0.0153818,0
20.5,3.7,0,0.0882432,0.0170175,0
20.5,3.8,0,0.0801369,0.0182939,0
20.5,3.9,0,0.0723855,0.0193996,0
20.5,4,0,0.0651961,0.0203219,0
20.5,4.1,0,0.0588331,0.020997,0
20.5,4.2,0,0.0526413,0.0215906,0
20.5,4.3,0,0.0475534,0.0218606,0
20.5,4.4,0,0.0428522,0.0220046,0
20.5,4.5,0,0.0385989,0.021975,0
20.5,4.6,0,0.0350715,0.0218451,0
20.5,4.7,0,0.0316963,0.0216295,0
20.5,4.8,0,0.0291661,0.0212337,0
20.5,4.9,0,0.0271792,0.0208502,0
20.5,5,0,0.025525,0.02035,0
20.5,5.1,0,0.0234246,0.0195277,0
20.5,5.2,0,0.0223214,0.0188739,0
20.5,5.3,0,0.0215926,0.0181825,0
20.5,5.4,0,0.021239,0.0174634,0
20.5,5.5,0,0.021268,0.0167256,0
20.5,5.6,0,0.0216933,0.0159767,0
20.5,5.7,0,0.0225341,0.0152227,0
20.5,5.8,0,0.0238136,0.014468,0
20.5,5.9,0,0.0255581,0.0137157,0
20.5,6,0,0.027795,0.0129679,0
20.5,6.1,0,0.0305512,0.0122254,0
20.5,6.2,0,0.0338515,0.0114882,0
20.5,6.3,0,0.037717,0.0107559,0
20.5,6.4,0,0.042164,0.0100271,0
20.5,6.5,0,0.0472024,0.00930065,0
20.5,6.6,0,0.0528359,0.00857509,0
20.5,6.7,0,0.0590608,0.0078492,0
20.5,6.8,0,0.0658667,0.00712189,0
20.5,6.9,0,0.0732369,0.00639246,0
20.5,7,0,0.0848405,0.00533027,0
20.5,7.1,0,0.0917421,0.00491049,0
20.5,7.2,0,0.099276,0.00430108,0
20.5,7.3,0,0.107689,0.00358015,0
20.5,7.4,0,0.117559,0.00295939,0
20.5,7.5,0,0.127539,0.0022548,0
20.5,7.6,0,0.137757,0.00158309,0
20.5,7.7,0,0.148554,0.000929444,0
20.5,7.8,0,0.159351,0.000275796,0
20.5,7.9,0,0.1703,-0.000313087,0
20.5,8,0,0.18152,-0.00086636,0
20.5,8.1,0,0.19274,-0.00141963,0
20.5,8.2,0,0.203855,-0.00186585,0
20.5,8.3,0,0.215007,-0.00227025,0
20.5,8.4,0,0.226167,-0.00269535,0
20.5,8.5,0,0.236734,-0.00292852,0
20.5,8.6,0,0.247217,-0.00315579,0
20.5,8.7,0,0.257705,-0.00346604,0
20.5,8.8,0,0.266939,-0.00343947,0
20.5,8.9,0,0.276126,-0.00350044,0
20.5,9,0,0.285185,-0.0036474,0
20.5,9.1,0,0.292535,-0.00346843,0
20.5,9.2,0,0.299926,-0.00340943,0
20.5,9.3,0,0.306849,-0.00334932,0
20.5,9.4,0,0.312205,-0.0031843,0
20.5,9.5,0,0.317577,-0.00306597,0
20.5,9.6,0,0.322191,-0.0029031,0
20.5,9.7,0,0.325628,-0.00277749,0
20.5,9.8,0,0.329065,-0.00265189,0
20.5,9.9,0,0.331612,-0.00249423,0
20.5,10,0,0.333422,-0.0023932,0
20.5,10.1,0,0.335231,-0.00229216,0
20.5,10.2,0,0.336175,-0.00217287,0
20.5,10.3,0,0.33676,-0.00210928,0
20.5,10.4,0,0.337437,-0.0020696,0
20.5,10.5,0,0.3372,-0.00197391,0
20.5,10.6,0,0.336951,-0.00194686,0
20.5,10.7,0,0.337015,-0.00196877,0
20.5,10.8,0,0.335904,-0.00189031,0
20.5,10.9,0,0.335137,-0.00189214,0
20.5,11,0,0.33463,-0.00191607,0
20.5,11.1,0,0.333241,-0.0018988,0
20.5,11.2,0,0.332192,-0.00192165,0
20.5,11.3,0,0.331154,-0.00194424,0
20.5,11.4,0,0.329902,-0.00197816,0
20.5,11.5,0,0.328739,-0.00201621,0
20.5,11.6,0,0.327535,-0.00206436,0
20.5,11.7,0,0.326395,-0.00211771,0
20.5,11.8,0,0.325255,-0.00217105,0
20.5,11.9,0,0.324148,-0.00224947,0
20.5,12,0,0.323163,-0.00231091,0
20.5,12.1,0,0.322179,-0.00237235,0
20.5,12.2,0,0.321355,-0.00248508,0
20.5,12.3,0,0.320665,-0.00257803,0
20.5,12.4,0,0.320382,-0.00261609,0
20.5,12.5,0,0.319627,-0.00281158,0
20.5,12.6,0,0.319374,-0.00287419,0
20.5,12.7,0,0.319986,-0.00274837,0
20.6,0,0,0.324862,-0.0466184,0
20.6,0.1,0,0.324475,-0.046353,0
20.6,0.2,0,0.324267,-0.0462622,0
20.6,0.3,0,0.323712,-0.0460498,0
20.6,0.4,0,0.323045,-0.0457405,0
20.6,0.5,0,0.322311,-0.0454418,0
20.6,0.6,0,0.321069,-0.0449527,0
20.6,0.7,0,0.319874,-0.0444633,0
20.6,0.8,0,0.318099,-0.0438156,0
20.6,0.9,0,0.316218,-0.0431129,0
20.6,1,0,0.313758,-0.0421615,0
20.6,1.1,0,0.310996,-0.041254,0
20.6,1.2,0,0.307966,-0.040171,0
20.6,1.3,0,0.303971,-0.0388206,0
20.6,1.4,0,0.299846,-0.0374514,0
20.6,1.5,0,0.294735,-0.0356666,0
20.6,1.6,0,0.289385,-0.0340498,0
20.6,1.7,0,0.283568,-0.0321804,0
20.6,1.8,0,0.276555,-0.0299957,0
20.6,1.9,0,0.269374,-0.0278296,0
20.6,2,0,0.261201,-0.0252528,0
20.6,2.1,0,0.252702,-0.0228721,0
20.6,2.2,0,0.243791,-0.0202789,0
20.6,2.3,0,0.233911,-0.0174649,0
20.6,2.4,0,0.223836,-0.0147066,0
20.6,2.5,0,0.213324,-0.0117348,0
20.6,2.6,0,0.202387,-0.008932,0
20.6,2.7,0,0.191356,-0.00605349,0
20.6,2.8,0,0.180111,-0.00318541,0
20.6,2.9,0,0.168687,-0.000402036,0
20.6,3,0,0.157715,0.00229221,0
20.6,3.1,0,0.146342,0.00487256,0
20.6,3.2,0,0.13528,0.00736053,0
20.6,3.3,0,0.124922,0.00959171,0
20.6,3.4,0,0.114439,0.0117372,0
20.6,3.5,0,0.105132,0.0135395,0
20.6,3.6,0,0.0955486,0.0153223,0
20.6,3.7,0,0.0865429,0.0168903,0
20.6,3.8,0,0.0787937,0.0180785,0
20.6,3.9,0,0.0709745,0.0192142,0
20.6,4,0,0.0645344,0.019892,0
20.6,4.1,0,0.0579432,0.0206759,0
20.6,4.2,0,0.05196,0.0211962,0
20.6,4.3,0,0.0472068,0.0213741,0
20.6,4.4,0,0.0424404,0.0215519,0
20.6,4.5,0,0.0387842,0.0212906,0
20.6,4.6,0,0.0350539,0.0212753,0
20.6,4.7,0,0.0318233,0.0209955,0
20.6,4.8,0,0.0294339,0.0205099,0
20.6,4.9,0,0.0273628,0.020152,0
20.6,5,0,0.0261521,0.0194964,0
20.6,5.1,0,0.0241204,0.0186354,0
20.6,5.2,0,0.0230538,0.0179558,0
20.6,5.3,0,0.0223513,0.0172406,0
20.6,5.4,0,0.0220149,0.0164994,0
20.6,5.5,0,0.0220538,0.0157411,0
20.6,5.6,0,0.0224829,0.0149731,0
20.6,5.7,0,0.023323,0.0142012,0
20.6,5.8,0,0.0245985,0.0134299,0
20.6,5.9,0,0.026337,0.0126622,0
20.6,6,0,0.0285668,0.0119001,0
20.6,6.1,0,0.0313159,0.0111445,0
20.6,6.2,0,0.0346095,0.0103955,0
20.6,6.3,0,0.0384695,0.00965266,0
20.6,6.4,0,0.0429123,0.00891486,0
20.6,6.5,0,0.0479481,0.00818083,0
20.6,6.6,0,0.0535805,0.00744929,0
20.6,6.7,0,0.0598054,0.00671909,0
20.6,6.8,0,0.0666123,0.00598919,0
20.6,6.9,0,0.0739836,0.00525878,0
20.6,7,0,0.0855882,0.00419702,0
20.6,7.1,0,0.0916469,0.00403007,0
20.6,7.2,0,0.0991807,0.00342066,0
20.6,7.3,0,0.10843,0.0024543,0
20.6,7.4,0,0.117999,0.00206111,0
20.6,7.5,0,0.127979,0.00135651,0
20.6,7.6,0,0.138465,0.000479672,0
20.6,7.7,0,0.148985,5.46235e-05,0
20.6,7.8,0,0.159856,-0.000670175,0
20.6,7.9,0,0.170839,-0.00130033,0
20.6,8,0,0.1819,-0.00171505,0
20.6,8.1,0,0.193227,-0.00241078,0
20.6,8.2,0,0.204202,-0.00273969,0
20.6,8.3,0,0.215302,-0.0030953,0
20.6,8.4,0,0.226539,-0.00370184,0
20.6,8.5,0,0.236929,-0.00372997,0
20.6,8.6,0,0.247413,-0.00395724,0
20.6,8.7,0,0.257908,-0.00443493,0
20.6,8.8,0,0.26703,-0.00421269,0
20.6,8.9,0,0.276217,-0.00427365,0
20.6,9,0,0.285238,-0.00457594,0
20.6,9.1,0,0.292521,-0.00420434,0
20.6,9.2,0,0.299912,-0.00414534,0
20.6,9.3,0,0.306796,-0.00423084,0
20.6,9.4,0,0.312084,-0.00387229,0
20.6,9.5,0,0.317457,-0.00376719,0
20.6,9.6,0,0.322069,-0.00370104,0
20.6,9.7,0,0.3254,-0.00340948,0
20.6,9.8,0,0.328894,-0.00334482,0
20.6,9.9,0,0.331387,-0.00315631,0
20.6,10,0,0.333092,-0.00296606,0
20.6,10.1,0,0.335113,-0.00296413,0
20.6,10.2,0,0.335784,-0.00270554,0
20.6,10.3,0,0.336337,-0.00262534,0
20.6,10.4,0,0.337393,-0.00268484,0
20.6,10.5,0,0.336694,-0.00244011,0
20.6,10.6,0,0.336444,-0.00241305,0
20.6,10.7,0,0.337013,-0.00251358,0
20.6,10.8,0,0.335324,-0.00231665,0
20.6,10.9,0,0.334556,-0.00231848,0
20.6,11,0,0.334667,-0.00239654,0
20.6,11.1,0,0.332593,-0.0022983,0
20.6,11.2,0,0.331544,-0.00232115,0
20.6,11.3,0,0.331226,-0.00236913,0
20.6,11.4,0,0.329188,-0.00236674,0
20.6,11.5,0,0.328209,-0.00240284,0
20.6,11.6,0,0.327403,-0.00244796,0
20.6,11.7,0,0.325614,-0.0025116,0
20.6,11.8,0,0.325029,-0.00253564,0
20.6,11.9,0,0.323644,-0.00264423,0
20.6,12,0,0.322313,-0.0027323,0
20.6,12.1,0,0.322332,-0.00269691,0
20.6,12.2,0,0.320443,-0.00294544,0
20.6,12.3,0,0.319754,-0.0030384,0
20.6,12.4,0,0.320574,-0.00292745,0
20.6,12.5,0,0.318675,-0.00336985,0
20.6,12.6,0,0.318422,-0.00343245,0
20.6,12.7,0,0.320188,-0.00305542,0
20.7,0,0,0.324713,-0.0473893,0
20.7,0.1,0,0.324227,-0.0470339,0
20.7,0.2,0,0.324048,-0.0469997,0
20.7,0.3,0,0.323492,-0.0467873,0
20.7,0.4,0,0.322707,-0.0464119,0
20.7,0.5,0,0.321914,-0.046108,0
20.7,0.6,0,0.320612,-0.0456067,0
20.7,0.7,0,0.319225,-0.0450446,0
20.7,0.8,0,0.31745,-0.0443969,0
20.7,0.9,0,0.315579,-0.0437271,0
20.7,1,0,0.31279,-0.0426393,0
20.7,1.1,0,0.310103,-0.0417997,0
20.7,1.2,0,0.306621,-0.0405289,0
20.7,1.3,0,0.302626,-0.0391784,0
20.7,1.4,0,0.298632,-0.0379014,0
20.7,1.5,0,0.29298,-0.0358949,0
20.7,1.6,0,0.287797,-0.0343826,0
20.7,1.7,0,0.281405,-0.0322806,0
20.7,1.8,0,0.274392,-0.0300959,0
20.7,1.9,0,0.267391,-0.028034,0
20.7,2,0,0.258682,-0.0252402,0
20.7,2.1,0,0.250346,-0.022951,0
20.7,2.2,0,0.241018,-0.0201832,0
20.7,2.3,0,0.231138,-0.0173692,0
20.7,2.4,0,0.221183,-0.0146792,0
20.7,2.5,0,0.210442,-0.0115973,0
20.7,2.6,0,0.199561,-0.00883231,0
20.7,2.7,0,0.188536,-0.00592235,0
20.7,2.8,0,0.177291,-0.00305427,0
20.7,2.9,0,0.165847,-0.00027378,0
20.7,3,0,0.15513,0.00236903,0
20.7,3.1,0,0.143662,0.00498052,0
20.7,3.2,0,0.133077,0.0073422,0
20.7,3.3,0,0.122719,0.00957338,0
20.7,3.4,0,0.112077,0.0117793,0
20.7,3.5,0,0.103414,0.013396,0
20.7,3.6,0,0.0936275,0.0152628,0
20.7,3.7,0,0.0853579,0.016605,0
20.7,3.8,0,0.0776086,0.0177932,0
20.7,3.9,0,0.0695636,0.0190288,0
20.7,4,0,0.0638727,0.0194621,0
20.7,4.1,0,0.0570533,0.0203548,0
20.7,4.2,0,0.0517655,0.0206308,0
20.7,4.3,0,0.0470123,0.0208086,0
20.7,4.4,0,0.0420285,0.0210991,0
20.7,4.5,0,0.0389695,0.0206063,0
20.7,4.6,0,0.0350363,0.0207054,0
20.7,4.7,0,0.0322879,0.020212,0
20.7,4.8,0,0.0298985,0.0197264,0
20.7,4.9,0,0.0275463,0.0194539,0
20.7,5,0,0.0267792,0.0186427,0
20.7,5.1,0,0.0248162,0.0177432,0
20.7,5.2,0,0.0237863,0.0170377,0
20.7,5.3,0,0.02311,0.0162986,0
20.7,5.4,0,0.0227909,0.0155353,0
20.7,5.5,0,0.0228395,0.0147565,0
20.7,5.6,0,0.0232725,0.0139695,0
20.7,5.7,0,0.0241118,0.0131798,0
20.7,5.8,0,0.0253835,0.0123918,0
20.7,5.9,0,0.0271159,0.0116087,0
20.7,6,0,0.0293387,0.0108323,0
20.7,6.1,0,0.0320805,0.0100636,0
20.7,6.2,0,0.0353676,0.00930283,0
20.7,6.3,0,0.039222,0.00854947,0
20.7,6.4,0,0.0436606,0.00780261,0
20.7,6.5,0,0.0486939,0.00706102,0
20.7,6.6,0,0.054325,0.0063235,0
20.7,6.7,0,0.0605501,0.00558897,0
20.7,6.8,0,0.0673579,0.00485649,0
20.7,6.9,0,0.0747303,0.0041251,0
20.7,7,0,0.0863358,0.00306377,0
20.7,7.1,0,0.0917253,0.00309754,0
20.7,7.2,0,0.099577,0.002396,0
20.7,7.3,0,0.109171,0.00132845,0
20.7,7.4,0,0.118439,0.00116282,0
20.7,7.5,0,0.128682,0.000256436,0
20.7,7.6,0,0.139176,-0.000626794,0
20.7,7.7,0,0.149416,-0.000820197,0
20.7,7.8,0,0.160499,-0.00174778,0
20.7,7.9,0,0.171481,-0.00237793,0
20.7,8,0,0.18228,-0.00256375,0
20.7,8.1,0,0.193753,-0.00345395,0
20.7,8.2,0,0.204729,-0.00378286,0
20.7,8.3,0,0.215598,-0.00392035,0
20.7,8.4,0,0.226911,-0.00470833,0
20.7,8.5,0,0.237273,-0.00470409,0
20.7,8.6,0,0.247608,-0.00475869,0
20.7,8.7,0,0.258111,-0.00540383,0
20.7,8.8,0,0.267173,-0.00507602,0
20.7,8.9,0,0.276295,-0.00509864,0
20.7,9,0,0.28529,-0.00550448,0
20.7,9.1,0,0.292512,-0.00495545,0
20.7,9.2,0,0.29987,-0.00498535,0
20.7,9.3,0,0.306742,-0.00511237,0
20.7,9.4,0,0.311962,-0.00456028,0
20.7,9.5,0,0.317352,-0.00459222,0
20.7,9.6,0,0.321965,-0.00452607,0
20.7,9.7,0,0.325172,-0.00404146,0
20.7,9.8,0,0.328785,-0.0041043,0
20.7,9.9,0,0.331278,-0.00391578,0
20.7,10,0,0.332762,-0.00353893,0
20.7,10.1,0,0.33503,-0.00365228,0
20.7,10.2,0,0.335701,-0.00339369,0
20.7,10.3,0,0.335913,-0.00314141,0
20.7,10.4,0,0.337349,-0.00330007,0
20.7,10.5,0,0.336518,-0.00301285,0
20.7,10.6,0,0.335977,-0.00288545,0
20.7,10.7,0,0.337011,-0.00305838,0
20.7,10.8,0,0.334936,-0.00278248,0
20.7,10.9,0,0.33426,-0.00276975,0
20.7,11,0,0.334703,-0.002877,0
20.7,11.1,0,0.331945,-0.00269781,0
20.7,11.2,0,0.331501,-0.00274203,0
20.7,11.3,0,0.331297,-0.00279401,0
20.7,11.4,0,0.328475,-0.00275532,0
20.7,11.5,0,0.328313,-0.00278267,0
20.7,11.6,0,0.327506,-0.00282779,0
20.7,11.7,0,0.324834,-0.00290549,0
20.7,11.8,0,0.325165,-0.00288113,0
20.7,11.9,0,0.323779,-0.00298971,0
20.7,12,0,0.321462,-0.00315369,0
20.7,12.1,0,0.322498,-0.00302018,0
20.7,12.2,0,0.320576,-0.00327292,0
20.7,12.3,0,0.318842,-0.00349876,0
20.7,12.4,0,0.320765,-0.00323881,0
20.7,12.5,0,0.318395,-0.003783,0
20.7,12.6,0,0.317707,-0.00393894,0
20.7,12.7,0,0.320389,-0.00336246,0
20.8,0,0,0.324564,-0.0481602,0
20.8,0.1,0,0.324063,-0.0477913,0
20.8,0.2,0,0.323828,-0.0477372,0
20.8,0.3,0,0.323273,-0.0475248,0
20.8,0.4,0,0.322318,-0.0470789,0
20.8,0.5,0,0.321516,-0.0467743,0
20.8,0.6,0,0.320206,-0.0462711,0
20.8,0.7,0,0.318576,-0.0456259,0
20.8,0.8,0,0.3168,-0.0449781,0
20.8,0.9,0,0.314659,-0.0442253,0
20.8,1,0,0.311821,-0.0431171,0
20.8,1.1,0,0.309146,-0.0422877,0
20.8,1.2,0,0.305275,-0.0408867,0
20.8,1.3,0,0.30128,-0.0395362,0
20.8,1.4,0,0.296957,-0.038163,0
20.8,1.5,0,0.291224,-0.0361232,0
20.8,1.6,0,0.286066,-0.0346266,0
20.8,1.7,0,0.279242,-0.0323808,0
20.8,1.8,0,0.272229,-0.0301961,0
20.8,1.9,0,0.264952,-0.028054,0
20.8,2,0,0.256163,-0.0252276,0
20.8,2.1,0,0.247852,-0.0229522,0
20.8,2.2,0,0.238245,-0.0200874,0
20.8,2.3,0,0.228365,-0.0172735,0
20.8,2.4,0,0.218335,-0.0145582,0
20.8,2.5,0,0.20756,-0.0114597,0
20.8,2.6,0,0.196687,-0.00870043,0
20.8,2.7,0,0.185717,-0.0057912,0
20.8,2.8,0,0.174472,-0.00292313,0
20.8,2.9,0,0.163224,-0.000189239,0
20.8,3,0,0.152546,0.00244586,0
20.8,3.1,0,0.141063,0.00506201,0
20.8,3.2,0,0.130875,0.00732386,0
20.8,3.3,0,0.120516,0.00955504,0
20.8,3.4,0,0.110263,0.0116637,0
20.8,3.5,0,0.101697,0.0132525,0
20.8,3.6,0,0.0918795,0.0151319,0
20.8,3.7,0,0.0841728,0.0163196,0
20.8,3.8,0,0.0764236,0.0175078,0
20.8,3.9,0,0.0687895,0.0186356,0
20.8,4,0,0.0632109,0.0190323,0
20.8,4.1,0,0.0563573,0.0199412,0
20.8,4.2,0,0.0515711,0.0200653,0
20.8,4.3,0,0.0468178,0.0202432,0
20.8,4.4,0,0.0421242,0.0204495,0
20.8,4.5,0,0.0391548,0.0199219,0
20.8,4.6,0,0.0351912,0.0200383,0
20.8,4.7,0,0.0327525,0.0194285,0
20.8,4.8,0,0.0303631,0.0189429,0
20.8,4.9,0,0.0281068,0.0186236,0
20.8,5,0,0.0274062,0.0177891,0
20.8,5.1,0,0.025512,0.0168509,0
20.8,5.2,0,0.0245188,0.0161196,0
20.8,5.3,0,0.0238687,0.0153567,0
20.8,5.4,0,0.0235669,0.0145713,0
20.8,5.5,0,0.0236253,0.013772,0
20.8,5.6,0,0.0240622,0.0129658,0
20.8,5.7,0,0.0249007,0.0121583,0
20.8,5.8,0,0.0261684,0.0113538,0
20.8,5.9,0,0.0278948,0.0105552,0
20.8,6,0,0.0301105,0.0097645,0
20.8,6.1,0,0.0328452,0.00898273,0
20.8,6.2,0,0.0361256,0.00821013,0
20.8,6.3,0,0.0399745,0.00744628,0
20.8,6.4,0,0.044409,0.00669035,0
20.8,6.5,0,0.0494396,0.0059412,0
20.8,6.6,0,0.0550696,0.0051977,0
20.8,6.7,0,0.0612947,0.00445885,0
20.8,6.8,0,0.0681034,0.00372379,0
20.8,6.9,0,0.0754771,0.00299142,0
20.8,7,0,0.0870835,0.00193052,0
20.8,7.1,0,0.092473,0.00196429,0
20.8,7.2,0,0.100318,0.00127015,0
20.8,7.3,0,0.109912,0.0002026,0
20.8,7.4,0,0.119128,7.689e-05,0
20.8,7.5,0,0.129393,-0.00085003,0
20.8,7.6,0,0.139887,-0.00173326,0
20.8,7.7,0,0.149971,-0.00179763,0
20.8,7.8,0,0.161141,-0.00282538,0
20.8,7.9,0,0.172123,-0.00345553,0
20.8,8,0,0.182704,-0.00346317,0
20.8,8.1,0,0.19428,-0.00449713,0
20.8,8.2,0,0.205255,-0.00482604,0
20.8,8.3,0,0.215937,-0.00484885,0
20.8,8.4,0,0.227283,-0.00571483,0
20.8,8.5,0,0.237645,-0.00571058,0
20.8,8.6,0,0.247811,-0.00571951,0
20.8,8.7,0,0.258314,-0.00637272,0
20.8,8.8,0,0.267376,-0.00604491,0
20.8,8.9,0,0.276347,-0.00602718,0
20.8,9,0,0.285342,-0.00643302,0
20.8,9.1,0,0.292564,-0.00588399,0
20.8,9.2,0,0.299816,-0.00586688,0
20.8,9.3,0,0.306689,-0.0059939,0
20.8,9.4,0,0.311888,-0.00538324,0
20.8,9.5,0,0.317248,-0.00541726,0
20.8,9.6,0,0.32186,-0.00535111,0
20.8,9.7,0,0.324983,-0.00473441,0
20.8,9.8,0,0.328676,-0.00486377,0
20.8,9.9,0,0.331169,-0.00467526,0
20.8,10,0,0.332509,-0.0041482,0
20.8,10.1,0,0.334947,-0.00434042,0
20.8,10.2,0,0.335618,-0.00408183,0
20.8,10.3,0,0.335755,-0.00372664,0
20.8,10.4,0,0.337306,-0.00391531,0
20.8,10.5,0,0.336474,-0.00362809,0
20.8,10.6,0,0.335975,-0.00343026,0
20.8,10.7,0,0.337009,-0.00360319,0
20.8,10.8,0,0.334934,-0.00332729,0
20.8,10.9,0,0.334297,-0.00325021,0
20.8,11,0,0.33474,-0.00335746,0
20.8,11.1,0,0.331949,-0.00317436,0
20.8,11.2,0,0.331573,-0.00316691,0
20.8,11.3,0,0.331368,-0.00321889,0
20.8,11.4,0,0.328209,-0.0031646,0
20.8,11.5,0,0.328416,-0.0031625,0
20.8,11.6,0,0.32761,-0.00320763,0
20.8,11.7,0,0.324276,-0.00329376,0
20.8,11.8,0,0.3253,-0.00322662,0
20.8,11.9,0,0.323915,-0.0033352,0
20.8,12,0,0.321062,-0.00353162,0
20.8,12.1,0,0.322664,-0.00334344,0
20.8,12.2,0,0.320743,-0.00359618,0
20.8,12.3,0,0.31884,-0.00383625,0
20.8,12.4,0,0.320956,-0.00355016,0
20.8,12.5,0,0.318586,-0.00409436,0
20.8,12.6,0,0.317909,-0.00424598,0
20.8,12.7,0,0.320591,-0.0036695,0
20.9,0,0,0.324414,-0.0489311,0
20.9,0.1,0,0.323924,-0.0485849,0
20.9,0.2,0,0.323608,-0.0484747,0
20.9,0.3,0,0.323053,-0.0482623,0
20.9,0.4,0,0.321968,-0.0477716,0
20.9,0.5,0,0.321118,-0.0474405,0
20.9,0.6,0,0.319731,-0.0469082,0
20.9,0.7,0,0.317927,-0.0462071,0
20.9,0.8,0,0.316151,-0.0455594,0
20.9,0.9,0,0.313687,-0.0446899,0
20.9,1,0,0.310852,-0.0435948,0
20.9,1.1,0,0.307996,-0.0426903,0
20.9,1.2,0,0.30393,-0.0412446,0
20.9,1.3,0,0.299935,-0.0398941,0
20.9,1.4,0,0.295149,-0.0383544,0
20.9,1.5,0,0.289468,-0.0363515,0
20.9,1.6,0,0.28408,-0.0347619,0
20.9,1.7,0,0.277079,-0.032481,0
20.9,1.8,0,0.270066,-0.0302963,0
20.9,1.9,0,0.262361,-0.0279997,0
20.9,2,0,0.253643,-0.0252151,0
20.9,2.1,0,0.245165,-0.0228698,0
20.9,2.2,0,0.235471,-0.0199917,0
20.9,2.3,0,0.225591,-0.0171777,0
20.9,2.4,0,0.215405,-0.0143933,0
20.9,2.5,0,0.204678,-0.0113221,0
20.9,2.6,0,0.193808,-0.0085503,0
20.9,2.7,0,0.182897,-0.00566006,0
20.9,2.8,0,0.171652,-0.00279198,0
20.9,2.9,0,0.160647,-0.000111257,0
20.9,3,0,0.149961,0.00252269,0
20.9,3.1,0,0.138669,0.00508832,0
20.9,3.2,0,0.128672,0.00730552,0
20.9,3.3,0,0.118314,0.0095367,0
20.9,3.4,0,0.108609,0.011496,0
20.9,3.5,0,0.0999794,0.013109,0
20.9,3.6,0,0.0904566,0.0148981,0
20.9,3.7,0,0.0829878,0.0160343,0
20.9,3.8,0,0.0752386,0.0172225,0
20.9,3.9,0,0.0682181,0.0181658,0
20.9,4,0,0.0625492,0.0186024,0
20.9,4.1,0,0.0559738,0.0194136,0
20.9,4.2,0,0.0513766,0.0194999,0
20.9,4.3,0,0.0466233,0.0196778,0
20.9,4.4,0,0.0423965,0.0197201,0
20.9,4.5,0,0.0393401,0.0192376,0
20.9,4.6,0,0.0355693,0.0192685,0
20.9,4.7,0,0.0332171,0.018645,0
20.9,4.8,0,0.0308277,0.0181594,0
20.9,4.9,0,0.0288463,0.0177358,0
20.9,5,0,0.0280333,0.0169354,0
20.9,5.1,0,0.0262078,0.0159586,0
20.9,5.2,0,0.0252513,0.0152015,0
20.9,5.3,0,0.0246274,0.0144147,0
20.9,5.4,0,0.0243428,0.0136073,0
20.9,5.5,0,0.0244111,0.0127875,0
20.9,5.6,0,0.0248518,0.0119622,0
20.9,5.7,0,0.0256896,0.0111369,0
20.9,5.8,0,0.0269533,0.0103157,0
20.9,5.9,0,0.0286737,0.00950166,0
20.9,6,0,0.0308824,0.0086967,0
20.9,6.1,0,0.0336098,0.00790186,0
20.9,6.2,0,0.0368836,0.00711743,0
20.9,6.3,0,0.040727,0.00634309,0
20.9,6.4,0,0.0451573,0.00557809,0
20.9,6.5,0,0.0501853,0.00482139,0
20.9,6.6,0,0.0558142,0.0040719,0
20.9,6.7,0,0.0620394,0.00332874,0
20.9,6.8,0,0.068849,0.00259109,0
20.9,6.9,0,0.0762238,0.00185774,0
20.9,7,0,0.0878311,0.000797275,0
20.9,7.1,0,0.0932574,0.000820271,0
20.9,7.2,0,0.101059,0.000144299,0
20.9,7.3,0,0.110654,-0.00092325,0
20.9,7.4,0,0.119984,-0.00113753,0
20.9,7.5,0,0.130105,-0.0019565,0
20.9,7.6,0,0.140599,-0.00283973,0
20.9,7.7,0,0.150853,-0.00306775,0
20.9,7.8,0,0.161783,-0.00390298,0
20.9,7.9,0,0.172766,-0.00453313,0
20.9,8,0,0.183492,-0.00473526,0
20.9,8.1,0,0.194807,-0.00554031,0
20.9,8.2,0,0.205782,-0.00586922,0
20.9,8.3,0,0.216466,-0.00600363,0
20.9,8.4,0,0.227655,-0.00672132,0
20.9,8.5,0,0.238017,-0.00671707,0
20.9,8.6,0,0.248067,-0.00674955,0
20.9,8.7,0,0.258517,-0.00734161,0
20.9,8.8,0,0.267579,-0.0070138,0
20.9,8.9,0,0.2764,-0.00695572,0
20.9,9,0,0.285394,-0.00736156,0
20.9,9.1,0,0.29261,-0.00683744,0
20.9,9.2,0,0.299763,-0.00674841,0
20.9,9.3,0,0.306635,-0.00687542,0
20.9,9.4,0,0.311844,-0.0063405,0
20.9,9.5,0,0.317143,-0.00624229,0
20.9,9.6,0,0.321755,-0.00617614,0
20.9,9.7,0,0.324989,-0.00567855,0
20.9,9.8,0,0.328566,-0.00562325,0
20.9,9.9,0,0.33106,-0.00543473,0
20.9,10,0,0.332632,-0.00501068,0
20.9,10.1,0,0.334863,-0.00502857,0
20.9,10.2,0,0.335534,-0.00476998,0
20.9,10.3,0,0.335899,-0.00443697,0
20.9,10.4,0,0.337262,-0.00453054,0
20.9,10.5,0,0.33643,-0.00424332,0
20.9,10.6,0,0.336052,-0.00400056,0
20.9,10.7,0,0.337007,-0.004148,0
20.9,10.8,0,0.334932,-0.00387209,0
20.9,10.9,0,0.334334,-0.00373067,0
20.9,11,0,0.334777,-0.00383792,0
20.9,11.1,0,0.3322,-0.00366239,0
20.9,11.2,0,0.331644,-0.00359179,0
20.9,11.3,0,0.33144,-0.00364377,0
20.9,11.4,0,0.328836,-0.00358354,0
20.9,11.5,0,0.32852,-0.00354234,0
20.9,11.6,0,0.327714,-0.00358746,0
20.9,11.7,0,0.325296,-0.00362519,0
20.9,11.8,0,0.325436,-0.0035721,0
20.9,11.9,0,0.324051,-0.00368069,0
20.9,12,0,0.322024,-0.00379363,0
20.9,12.1,0,0.322831,-0.00366671,0
20.9,12.2,0,0.320909,-0.00391945,0
20.9,12.3,0,0.31949,-0.00408929,0
20.9,12.4,0,0.321148,-0.00386152,0
20.9,12.5,0,0.318778,-0.00440572,0
20.9,12.6,0,0.318161,-0.00454219,0
20.9,12.7,0,0.320793,-0.00397654,0
21,0,0,0.324265,-0.049702,0
21,0.1,0,0.323803,-0.0494124,0
21,0.2,0,0.323389,-0.0492122,0
21,0.3,0,0.322834,-0.0489998,0
21,0.4,0,0.321689,-0.0485039,0
21,0.5,0,0.320721,-0.0481067,0
21,0.6,0,0.319142,-0.0475018,0
21,0.7,0,0.317278,-0.0467884,0
21,0.8,0,0.315502,-0.0461407,0
21,0.9,0,0.312708,-0.0451347,0
21,1,0,0.309884,-0.0440726,0
21,1.1,0,0.306575,-0.0429801,0
21,1.2,0,0.302585,-0.0416024,0
21,1.3,0,0.29859,-0.0402519,0
21,1.4,0,0.293263,-0.0384905,0
21,1.5,0,0.287712,-0.0365798,0
21,1.6,0,0.28175,-0.0347576,0
21,1.7,0,0.274916,-0.0325812,0
21,1.8,0,0.267903,-0.0303965,0
21,1.9,0,0.259662,-0.027883,0
21,2,0,0.251124,-0.0252025,0
21,2.1,0,0.242228,-0.0226825,0
21,2.2,0,0.232698,-0.0198959,0
21,2.3,0,0.222818,-0.017082,0
21,2.4,0,0.212403,-0.0141873,0
21,2.5,0,0.201796,-0.0111846,0
21,2.6,0,0.190933,-0.00838129,0
21,2.7,0,0.180077,-0.00552892,0
21,2.8,0,0.168833,-0.00266084,0
21,2.9,0,0.158083,-3.15431e-05,0
21,3,0,0.147376,0.00259951,0
21,3.1,0,0.136562,0.00503885,0
21,3.2,0,0.12647,0.00728719,0
21,3.3,0,0.116111,0.00951837,0
21,3.4,0,0.107051,0.011292,0
21,3.5,0,0.0982621,0.0129655,0
21,3.6,0,0.0894753,0.0145287,0
21,3.7,0,0.0818027,0.0157489,0
21,3.8,0,0.0740535,0.0169371,0
21,3.9,0,0.0677823,0.0176359,0
21,4,0,0.0618875,0.0181725,0
21,4.1,0,0.0560075,0.0187394,0
21,4.2,0,0.0511821,0.0189345,0
21,4.3,0,0.0464288,0.0191123,0
21,4.4,0,0.0427991,0.0189231,0
21,4.5,0,0.0395254,0.0185532,0
21,4.6,0,0.0362368,0.0183705,0
21,4.7,0,0.0336817,0.0178615,0
21,4.8,0,0.0312923,0.0173759,0
21,4.9,0,0.0297545,0.0167968,0
21,5,0,0.0286603,0.0160818,0
21,5.1,0,0.0269036,0.0150663,0
21,5.2,0,0.0259837,0.0142834,0
21,5.3,0,0.0253861,0.0134728,0
21,5.4,0,0.0251188,0.0126433,0
21,5.5,0,0.0251969,0.011803,0
21,5.6,0,0.0256414,0.0109586,0
21,5.7,0,0.0264785,0.0101155,0
21,5.8,0,0.0277382,0.00927764,0
21,5.9,0,0.0294526,0.00844815,0
21,6,0,0.0316542,0.00762891,0
21,6.1,0,0.0343745,0.00682098,0
21,6.2,0,0.0376416,0.00602472,0
21,6.3,0,0.0414794,0.0052399,0
21,6.4,0,0.0459056,0.00446584,0
21,6.5,0,0.050931,0.00370157,0
21,6.6,0,0.0565587,0.00294611,0
21,6.7,0,0.062784,0.00219862,0
21,6.8,0,0.0695945,0.00145839,0
21,6.9,0,0.0769705,0.000724057,0
21,7,0,0.0885788,-0.000335975,0
21,7.1,0,0.0948414,-0.000558412,0
21,7.2,0,0.102358,-0.001149,0
21,7.3,0,0.111395,-0.0020491,0
21,7.4,0,0.120996,-0.00247156,0
21,7.5,0,0.1309,-0.00312684,0
21,7.6,0,0.14131,-0.00394619,0
21,7.7,0,0.151776,-0.00437699,0
21,7.8,0,0.162425,-0.00498058,0
21,7.9,0,0.173408,-0.00561073,0
21,8,0,0.184281,-0.00600734,0
21,8.1,0,0.195333,-0.00658348,0
21,8.2,0,0.20631,-0.00691717,0
21,8.3,0,0.217069,-0.00722825,0
21,8.4,0,0.228027,-0.00772781,0
21,8.5,0,0.238393,-0.00779186,0
21,8.6,0,0.248446,-0.00792348,0
21,8.7,0,0.25872,-0.00831051,0
21,8.8,0,0.267752,-0.00810532,0
21,8.9,0,0.276555,-0.00806363,0
21,9,0,0.285447,-0.00829009,0
21,9.1,0,0.292623,-0.0079116,0
21,9.2,0,0.299745,-0.00773301,0
21,9.3,0,0.306582,-0.00775695,0
21,9.4,0,0.311807,-0.00735907,0
21,9.5,0,0.317049,-0.00709704,0
21,9.6,0,0.32165,-0.00700118,0
21,9.7,0,0.325003,-0.00663107,0
21,9.8,0,0.328457,-0.00638273,0
21,9.9,0,0.330951,-0.00619421,0
21,10,0,0.33277,-0.00588543,0
21,10.1,0,0.33478,-0.00571671,0
21,10.2,0,0.335509,-0.00547335,0
21,10.3,0,0.336195,-0.00522428,0
21,10.4,0,0.337218,-0.00514578,0
21,10.5,0,0.336656,-0.00490062,0
21,10.6,0,0.336513,-0.00469441,0
21,10.7,0,0.337004,-0.00469281,0
21,10.8,0,0.335495,-0.00446651,0
21,10.9,0,0.334827,-0.00430466,0
21,11,0,0.334813,-0.00431838,0
21,11.1,0,0.332956,-0.00416823,0
21,11.2,0,0.331995,-0.0040497,0
21,11.3,0,0.331511,-0.00406865,0
21,11.4,0,0.329725,-0.00399967,0
21,11.5,0,0.328645,-0.00392313,0
21,11.6,0,0.327818,-0.00396729,0
21,11.7,0,0.326317,-0.00395662,0
21,11.8,0,0.325572,-0.00391759,0
21,11.9,0,0.324186,-0.00402618,0
21,12,0,0.323177,-0.00404099,0
21,12.1,0,0.322997,-0.00398998,0
21,12.2,0,0.321385,-0.00420089,0
21,12.3,0,0.320759,-0.00426355,0
21,12.4,0,0.321339,-0.00417288,0
21,12.5,0,0.319733,-0.00455069,0
21,12.6,0,0.319506,-0.00460232,0
21,12.7,0,0.320994,-0.00428359,0
21.1,0,0,0.324115,-0.0504729,0
21.1,0.1,0,0.323682,-0.0502399,0
21.1,0.2,0,0.323263,-0.0500352,0
21.1,0.3,0,0.322558,-0.0497324,0
21.1,0.4,0,0.321411,-0.0492361,0
21.1,0.5,0,0.320323,-0.048773,0
21.1,0.6,0,0.318552,-0.0480953,0
21.1,0.7,0,0.316685,-0.0473813,0
21.1,0.8,0,0.31454,-0.0465923,0
21.1,0.9,0,0.31173,-0.0455796,0
21.1,1,0,0.308915,-0.0445503,0
21.1,1.1,0,0.305154,-0.04327,0
21.1,1.2,0,0.301168,-0.0418957,0
21.1,1.3,0,0.29673,-0.0403991,0
21.1,1.4,0,0.291376,-0.0386267,0
21.1,1.5,0,0.285957,-0.0368081,0
21.1,1.6,0,0.279419,-0.0347533,0
21.1,1.7,0,0.272594,-0.0325822,0
21.1,1.8,0,0.265231,-0.0302906,0
21.1,1.9,0,0.256963,-0.0277663,0
21.1,2,0,0.248605,-0.02519,0
21.1,2.1,0,0.239291,-0.0224953,0
21.1,2.2,0,0.229769,-0.0197133,0
21.1,2.3,0,0.219827,-0.0168815,0
21.1,2.4,0,0.2094,-0.0139814,0
21.1,2.5,0,0.198914,-0.011047,0
21.1,2.6,0,0.188058,-0.00821228,0
21.1,2.7,0,0.177205,-0.0053618,0
21.1,2.8,0,0.166255,-0.00257856,0
21.1,2.9,0,0.155518,4.8171e-05,0
21.1,3,0,0.144791,0.00267634,0
21.1,3.1,0,0.134455,0.00498938,0
21.1,3.2,0,0.124358,0.00723927,0
21.1,3.3,0,0.114521,0.00932364,0
21.1,3.4,0,0.105493,0.0110879,0
21.1,3.5,0,0.0965447,0.012822,0
21.1,3.6,0,0.088494,0.0141593,0
21.1,3.7,0,0.0808112,0.0153838,0
21.1,3.8,0,0.0735803,0.0164195,0
21.1,3.9,0,0.0673465,0.0171061,0
21.1,4,0,0.0612258,0.0177427,0
21.1,4.1,0,0.0560412,0.0180653,0
21.1,4.2,0,0.0512044,0.0182657,0
21.1,4.3,0,0.0468016,0.0183269,0
21.1,4.4,0,0.0432018,0.0181261,0
21.1,4.5,0,0.0397107,0.0178689,0
21.1,4.6,0,0.0369044,0.0174725,0
21.1,4.7,0,0.0343391,0.0169693,0
21.1,4.8,0,0.0321783,0.0164447,0
21.1,4.9,0,0.0306626,0.0158578,0
21.1,5,0,0.0292874,0.0152281,0
21.1,5.1,0,0.0275994,0.0141741,0
21.1,5.2,0,0.0267162,0.0133653,0
21.1,5.3,0,0.0261448,0.0125308,0
21.1,5.4,0,0.0258947,0.0116792,0
21.1,5.5,0,0.0259826,0.0108184,0
21.1,5.6,0,0.026431,0.00995497,0
21.1,5.7,0,0.0272674,0.00909401,0
21.1,5.8,0,0.0285231,0.00823958,0
21.1,5.9,0,0.0302315,0.00739463,0
21.1,6,0,0.032426,0.00656111,0
21.1,6.1,0,0.0351391,0.0057401,0
21.1,6.2,0,0.0383997,0.00493202,0
21.1,6.3,0,0.0422319,0.0041367,0
21.1,6.4,0,0.046654,0.00335358,0
21.1,6.5,0,0.0516767,0.00258176,0
21.1,6.6,0,0.0573033,0.00182031,0
21.1,6.7,0,0.0635287,0.00106851,0
21.1,6.8,0,0.0703401,0.000325686,0
21.1,6.9,0,0.0777173,-0.000409624,0
21.1,7,0,0.0893265,-0.00146922,0
21.1,7.1,0,0.0964254,-0.00193709,0
21.1,7.2,0,0.103942,-0.00252768,0
21.1,7.3,0,0.112136,-0.00317495,0
21.1,7.4,0,0.122008,-0.00380558,0
21.1,7.5,0,0.131912,-0.00446087,0
21.1,7.6,0,0.142077,-0.00510602,0
21.1,7.7,0,0.152698,-0.00568624,0
21.1,7.8,0,0.163319,-0.00626646,0
21.1,7.9,0,0.174145,-0.00681372,0
21.1,8,0,0.18507,-0.00727943,0
21.1,8.1,0,0.195995,-0.00774513,0
21.1,8.2,0,0.206913,-0.00814179,0
21.1,8.3,0,0.217672,-0.00845288,0
21.1,8.4,0,0.228431,-0.00876396,0
21.1,8.5,0,0.238772,-0.0089658,0
21.1,8.6,0,0.248826,-0.00909742,0
21.1,8.7,0,0.258923,-0.0092794,0
21.1,8.8,0,0.267916,-0.00922954,0
21.1,8.9,0,0.276719,-0.00918785,0
21.1,9,0,0.285499,-0.00921863,0
21.1,9.1,0,0.292636,-0.00898575,0
21.1,9.2,0,0.299758,-0.00880717,0
21.1,9.3,0,0.306528,-0.00863968,0
21.1,9.4,0,0.31177,-0.00837764,0
21.1,9.5,0,0.317012,-0.00811561,0
21.1,9.6,0,0.321592,-0.00787598,0
21.1,9.7,0,0.325018,-0.0075836,0
21.1,9.8,0,0.328443,-0.00729122,0
21.1,9.9,0,0.331032,-0.00704268,0
21.1,10,0,0.332908,-0.00676019,0
21.1,10.1,0,0.334783,-0.0064777,0
21.1,10.2,0,0.335806,-0.00626066,0
21.1,10.3,0,0.336491,-0.00601159,0
21.1,10.4,0,0.337177,-0.00576252,0
21.1,10.5,0,0.337117,-0.00559447,0
21.1,10.6,0,0.336973,-0.00538826,0
21.1,10.7,0,0.337002,-0.00523761,0
21.1,10.8,0,0.33611,-0.00506544,0
21.1,10.9,0,0.335442,-0.00490359,0
21.1,11,0,0.33485,-0.00479885,0
21.1,11.1,0,0.333712,-0.00467407,0
21.1,11.2,0,0.332751,-0.00455553,0
21.1,11.3,0,0.331694,-0.00449235,0
21.1,11.4,0,0.330614,-0.0044158,0
21.1,11.5,0,0.329534,-0.00433926,0
21.1,11.6,0,0.328396,-0.00432208,0
21.1,11.7,0,0.327337,-0.00428805,0
21.1,11.8,0,0.326278,-0.00425401,0
21.1,11.9,0,0.325236,-0.00428344,0
21.1,12,0,0.32433,-0.00428835,0
21.1,12.1,0,0.323423,-0.00429327,0
21.1,12.2,0,0.322655,-0.00437515,0
21.1,12.3,0,0.322029,-0.00443781,0
21.1,12.4,0,0.321531,-0.00448424,0
21.1,12.5,0,0.321078,-0.00461082,0
21.1,12.6,0,0.320851,-0.00466245,0
21.1,12.7,0,0.321196,-0.00459063,0
21.2,0,0,0.323802,-0.0511866,0
21.2,0.1,0,0.323705,-0.051138,0
21.2,0.2,0,0.323286,-0.0509333,0
21.2,0.3,0,0.322386,-0.0504946,0
21.2,0.4,0,0.321238,-0.0499983,0
21.2,0.5,0,0.31973,-0.0493724,0
21.2,0.6,0,0.318104,-0.048734,0
21.2,0.7,0,0.316237,-0.04802,0
21.2,0.8,0,0.313746,-0.047095,0
21.2,0.9,0,0.310935,-0.0460822,0
21.2,1,0,0.307713,-0.0449376,0
21.2,1.1,0,0.303955,-0.0436266,0
21.2,1.2,0,0.299969,-0.0422523,0
21.2,1.3,0,0.295093,-0.0406058,0
21.2,1.4,0,0.289739,-0.0388333,0
21.2,1.5,0,0.283973,-0.0369301,0
21.2,1.6,0,0.277346,-0.034816,0
21.2,1.7,0,0.270521,-0.0326448,0
21.2,1.8,0,0.262772,-0.0302288,0
21.2,1.9,0,0.254504,-0.0277044,0
21.2,2,0,0.245939,-0.0250802,0
21.2,2.1,0,0.236547,-0.0223421,0
21.2,2.2,0,0.227025,-0.0195601,0
21.2,2.3,0,0.216944,-0.0166823,0
21.2,2.4,0,0.206517,-0.0137821,0
21.2,2.5,0,0.196029,-0.0108496,0
21.2,2.6,0,0.185211,-0.00801945,0
21.2,2.7,0,0.174358,-0.00516898,0
21.2,2.8,0,0.163623,-0.00244551,0
21.2,2.9,0,0.152886,0.000181221,0
21.2,3,0,0.142348,0.0027617,0
21.2,3.1,0,0.132195,0.00501652,0
21.2,3.2,0,0.122098,0.00726641,0
21.2,3.3,0,0.112748,0.00921047,0
21.2,3.4,0,0.103719,0.0109748,0
21.2,3.5,0,0.0950502,0.0126414,0
21.2,3.6,0,0.0872643,0.0138853,0
21.2,3.7,0,0.0795816,0.0151097,0
21.2,3.8,0,0.0728932,0.0159798,0
21.2,3.9,0,0.0666595,0.0166664,0
21.2,4,0,0.0607844,0.0172495,0
21.2,4.1,0,0.0558446,0.0174686,0
21.2,4.2,0,0.0510078,0.017669,0
21.2,4.3,0,0.0470082,0.0175908,0
21.2,4.4,0,0.0434083,0.0173899,0
21.2,4.5,0,0.0400639,0.017112,0
21.2,4.6,0,0.0374113,0.0166179,0
21.2,4.7,0,0.034846,0.0161146,0
21.2,4.8,0,0.0328851,0.0154912,0
21.2,4.9,0,0.0313694,0.0149042,0
21.2,5,0,0.0300341,0.0142966,0
21.2,5.1,0,0.0284044,0.0132015,0
21.2,5.2,0,0.0275514,0.0123648,0
21.2,5.3,0,0.0270005,0.0115043,0
21.2,5.4,0,0.0267626,0.010628,0
21.2,5.5,0,0.0268557,0.00974386,0
21.2,5.6,0,0.0273035,0.00885824,0
21.2,5.7,0,0.0281347,0.00797626,0
21.2,5.8,0,0.0293819,0.00710194,0
21.2,5.9,0,0.0310792,0.00623829,0
21.2,6,0,0.0332611,0.00538732,0
21.2,6.1,0,0.0359608,0.00455025,0
21.2,6.2,0,0.0392079,0.00372763,0
21.2,6.3,0,0.0430269,0.00291945,0
21.2,6.4,0,0.0474365,0.00212531,0
21.2,6.5,0,0.0524476,0.00134443,0
21.2,6.6,0,0.0580634,0.000576007,0
21.2,6.7,0,0.0642788,-0.000180591,0
21.2,6.8,0,0.0710806,-0.000925947,0
21.2,6.9,0,0.0784482,-0.00166161,0
21.2,7,0,0.0900425,-0.00271865,0
21.2,7.1,0,0.0972505,-0.00327925,0
21.2,7.2,0,0.104768,-0.00386983,0
21.2,7.3,0,0.112933,-0.0044939,0
21.2,7.4,0,0.122841,-0.00515071,0
21.2,7.5,0,0.132745,-0.00580599,0
21.2,7.6,0,0.142897,-0.00643368,0
21.2,7.7,0,0.153518,-0.0070139,0
21.2,7.8,0,0.16414,-0.00759411,0
21.2,7.9,0,0.174916,-0.00811241,0
21.2,8,0,0.185841,-0.00857811,0
21.2,8.1,0,0.196767,-0.00904382,0
21.2,8.2,0,0.207599,-0.00940059,0
21.2,8.3,0,0.218358,-0.00971168,0
21.2,8.4,0,0.229116,-0.0100228,0
21.2,8.5,0,0.239346,-0.0101761,0
21.2,8.6,0,0.2494,-0.0103077,0
21.2,8.7,0,0.259243,-0.0103813,0
21.2,8.8,0,0.268378,-0.0103855,0
21.2,8.9,0,0.277181,-0.0103438,0
21.2,9,0,0.285519,-0.0101905,0
21.2,9.1,0,0.293012,-0.010082,0
21.2,9.2,0,0.300134,-0.00990338,0
21.2,9.3,0,0.306867,-0.009669,0
21.2,9.4,0,0.312109,-0.00940696,0
21.2,9.5,0,0.31735,-0.00914492,0
21.2,9.6,0,0.321945,-0.00882968,0
21.2,9.7,0,0.32537,-0.00853731,0
21.2,9.8,0,0.328796,-0.00824493,0
21.2,9.9,0,0.331441,-0.00791236,0
21.2,10,0,0.333317,-0.00762988,0
21.2,10.1,0,0.335192,-0.00734739,0
21.2,10.2,0,0.336299,-0.00703991,0
21.2,10.3,0,0.336984,-0.00679084,0
21.2,10.4,0,0.33767,-0.00654177,0
21.2,10.5,0,0.337707,-0.00627954,0
21.2,10.6,0,0.337564,-0.00607333,0
21.2,10.7,0,0.337015,-0.00581217,0
21.2,10.8,0,0.336802,-0.00565571,0
21.2,10.9,0,0.336134,-0.00549386,0
21.2,11,0,0.335185,-0.00528674,0
21.2,11.1,0,0.334506,-0.00517154,0
21.2,11.2,0,0.333545,-0.00505301,0
21.2,11.3,0,0.332591,-0.00490034,0
21.2,11.4,0,0.331511,-0.0048238,0
21.2,11.5,0,0.330431,-0.00474726,0
21.2,11.6,0,0.3294,-0.00464493,0
21.2,11.7,0,0.328341,-0.0046109,0
21.2,11.8,0,0.327281,-0.00457687,0
21.2,11.9,0,0.326346,-0.00452406,0
21.2,12,0,0.325439,-0.00452898,0
21.2,12.1,0,0.324533,-0.00453389,0
21.2,12.2,0,0.323856,-0.00453345,0
21.2,12.3,0,0.323231,-0.00459611,0
21.2,12.4,0,0.322463,-0.00466667,0
21.2,12.5,0,0.322334,-0.00469125,0
21.2,12.6,0,0.322107,-0.00474288,0
21.2,12.7,0,0.321277,-0.00483134,0
21.3,0,0,0.323326,-0.0518431,0
21.3,0.1,0,0.323873,-0.0521068,0
21.3,0.2,0,0.323417,-0.0518846,0
21.3,0.3,0,0.322295,-0.0512781,0
21.3,0.4,0,0.321173,-0.0507905,0
21.3,0.5,0,0.318941,-0.0499051,0
21.3,0.6,0,0.317798,-0.0494179,0
21.3,0.7,0,0.315892,-0.0486909,0
21.3,0.8,0,0.313111,-0.0476487,0
21.3,0.9,0,0.310324,-0.0466427,0
21.3,1,0,0.306277,-0.0452344,0
21.3,1.1,0,0.302979,-0.0440501,0
21.3,1.2,0,0.29895,-0.0426625,0
21.3,1.3,0,0.293684,-0.0408768,0
21.3,1.4,0,0.288352,-0.0391104,0
21.3,1.5,0,0.281761,-0.0369457,0
21.3,1.6,0,0.275531,-0.0349456,0
21.3,1.7,0,0.268668,-0.0327625,0
21.3,1.8,0,0.260535,-0.0302165,0
21.3,1.9,0,0.252284,-0.0276974,0
21.3,2,0,0.243125,-0.0248733,0
21.3,2.1,0,0.233996,-0.022223,0
21.3,2.2,0,0.224454,-0.019434,0
21.3,2.3,0,0.214171,-0.0164864,0
21.3,2.4,0,0.203753,-0.0135896,0
21.3,2.5,0,0.193142,-0.0105924,0
21.3,2.6,0,0.182391,-0.00780281,0
21.3,2.7,0,0.171546,-0.00495314,0
21.3,2.8,0,0.160925,-0.00225842,0
21.3,2.9,0,0.150186,0.000367606,0
21.3,3,0,0.140048,0.0028556,0
21.3,3.1,0,0.129782,0.00512026,0
21.3,3.2,0,0.119715,0.00736244,0
21.3,3.3,0,0.110767,0.00918673,0
21.3,3.4,0,0.10173,0.0109524,0
21.3,3.5,0,0.0937787,0.0124238,0
21.3,3.6,0,0.0857862,0.0137066,0
21.3,3.7,0,0.0781413,0.0149204,0
21.3,3.8,0,0.0719656,0.0156281,0
21.3,3.9,0,0.0657211,0.0163168,0
21.3,4,0,0.0605634,0.016693,0
21.3,4.1,0,0.0554175,0.0169494,0
21.3,4.2,0,0.050612,0.0171406,0
21.3,4.3,0,0.047028,0.0169141,0
21.3,4.4,0,0.0434187,0.0167147,0
21.3,4.5,0,0.0405849,0.0162825,0
21.3,4.6,0,0.0377576,0.0158066,0
21.3,4.7,0,0.0352122,0.0152973,0
21.3,4.8,0,0.0334025,0.0145249,0
21.3,4.9,0,0.0318749,0.0139362,0
21.3,5,0,0.0309004,0.0132871,0
21.3,5.1,0,0.0293187,0.0121486,0
21.3,5.2,0,0.0284893,0.0112821,0
21.3,5.3,0,0.0279531,0.0103931,0
21.3,5.4,0,0.0277224,0.00948958,0
21.3,5.5,0,0.027816,0.00857924,0
21.3,5.6,0,0.0282588,0.00766841,0
21.3,5.7,0,0.0290805,0.00676221,0
21.3,5.8,0,0.0303144,0.00586473,0
21.3,5.9,0,0.0319957,0.00497911,0
21.3,6,0,0.0341595,0.00410753,0
21.3,6.1,0,0.0368396,0.00325142,0
21.3,6.2,0,0.0400662,0.00241155,0
21.3,6.3,0,0.0438644,0.00158815,0
21.3,6.4,0,0.0482531,0.000781011,0
21.3,6.5,0,0.0532436,-1.04215e-05,0
21.3,6.6,0,0.0588391,-0.000786808,0
21.3,6.7,0,0.0650344,-0.00154867,0
21.3,6.8,0,0.0718162,-0.00229651,0
21.3,6.9,0,0.0791634,-0.00303192,0
21.3,7,0,0.0907268,-0.00408425,0
21.3,7.1,0,0.0973166,-0.00458487,0
21.3,7.2,0,0.104834,-0.00517545,0
21.3,7.3,0,0.113562,-0.00583727,0
21.3,7.4,0,0.123494,-0.00650693,0
21.3,7.5,0,0.133398,-0.00716222,0
21.3,7.6,0,0.143488,-0.00774403,0
21.3,7.7,0,0.154236,-0.00835997,0
21.3,7.8,0,0.164828,-0.00892921,0
21.3,7.9,0,0.175555,-0.00940643,0
21.3,8,0,0.186596,-0.0099034,0
21.3,8.1,0,0.197291,-0.010293,0
21.3,8.2,0,0.208367,-0.0106936,0
21.3,8.3,0,0.219126,-0.0110047,0
21.3,8.4,0,0.229303,-0.011141,0
21.3,8.5,0,0.240115,-0.0114228,0
21.3,8.6,0,0.250169,-0.0115544,0
21.3,8.7,0,0.259152,-0.0113918,0
21.3,8.8,0,0.269137,-0.0115732,0
21.3,8.9,0,0.27794,-0.0115316,0
21.3,9,0,0.285264,-0.0111208,0
21.3,9.1,0,0.293752,-0.0112002,0
21.3,9.2,0,0.300874,-0.0110217,0
21.3,9.3,0,0.306501,-0.0105233,0
21.3,9.4,0,0.312823,-0.010447,0
21.3,9.5,0,0.318065,-0.010185,0
21.3,9.6,0,0.321944,-0.00967734,0
21.3,9.7,0,0.326061,-0.00949219,0
21.3,9.8,0,0.329224,-0.00914394,0
21.3,9.9,0,0.331861,-0.00874169,0
21.3,10,0,0.333997,-0.0084945,0
21.3,10.1,0,0.335184,-0.00807839,0
21.3,10.2,0,0.336988,-0.00781108,0
21.3,10.3,0,0.337673,-0.00756202,0
21.3,10.4,0,0.337267,-0.0071287,0
21.3,10.5,0,0.338427,-0.00695583,0
21.3,10.6,0,0.338283,-0.00674962,0
21.3,10.7,0,0.336647,-0.00634107,0
21.3,10.8,0,0.337571,-0.00623733,0
21.3,10.9,0,0.336902,-0.00607548,0
21.3,11,0,0.334867,-0.00576225,0
21.3,11.1,0,0.335339,-0.00566065,0
21.3,11.2,0,0.334378,-0.00554211,0
21.3,11.3,0,0.332483,-0.00532106,0
21.3,11.4,0,0.332417,-0.00522365,0
21.3,11.5,0,0.331337,-0.00514711,0
21.3,11.6,0,0.329806,-0.00498763,0
21.3,11.7,0,0.329327,-0.00492519,0
21.3,11.8,0,0.32786,-0.00489383,0
21.3,11.9,0,0.327289,-0.00476682,0
21.3,12,0,0.326506,-0.00476286,0
21.3,12.1,0,0.324733,-0.00479419,0
21.3,12.2,0,0.324991,-0.00467579,0
21.3,12.3,0,0.324365,-0.00473845,0
21.3,12.4,0,0.322402,-0.00487568,0
21.3,12.5,0,0.323501,-0.00479197,0
21.3,12.6,0,0.323274,-0.0048436,0
21.3,12.7,0,0.321236,-0.00500572,0
21.4,0,0,0.32285,-0.0524996,0
21.4,0.1,0,0.324041,-0.0530755,0
21.4,0.2,0,0.32285,-0.052504,0
21.4,0.3,0,0.321728,-0.0518975,0
21.4,0.4,0,0.321107,-0.0515826,0
21.4,0.5,0,0.318152,-0.0504378,0
21.4,0.6,0,0.317491,-0.0501018,0
21.4,0.7,0,0.314808,-0.0491149,0
21.4,0.8,0,0.312027,-0.0480726,0
21.4,0.9,0,0.309713,-0.0472032,0
21.4,1,0,0.304841,-0.0455312,0
21.4,1.1,0,0.302002,-0.0444736,0
21.4,1.2,0,0.297127,-0.0428191,0
21.4,1.3,0,0.291861,-0.0410334,0
21.4,1.4,0,0.286964,-0.0393875,0
21.4,1.5,0,0.279549,-0.0369613,0
21.4,1.6,0,0.273715,-0.0350753,0
21.4,1.7,0,0.26611,-0.0326516,0
21.4,1.8,0,0.257977,-0.0301056,0
21.4,1.9,0,0.250065,-0.0276903,0
21.4,2,0,0.240312,-0.0246663,0
21.4,2.1,0,0.231444,-0.0221038,0
21.4,2.2,0,0.221521,-0.0191753,0
21.4,2.3,0,0.211239,-0.0162277,0
21.4,2.4,0,0.200989,-0.013397,0
21.4,2.5,0,0.190254,-0.0103351,0
21.4,2.6,0,0.179572,-0.00758616,0
21.4,2.7,0,0.168875,-0.00475269,0
21.4,2.8,0,0.158254,-0.00205797,0
21.4,2.9,0,0.147486,0.000553991,0
21.4,3,0,0.137747,0.00294951,0
21.4,3.1,0,0.127369,0.00522401,0
21.4,3.2,0,0.117898,0.00731192,0
21.4,3.3,0,0.108951,0.00913621,0
21.4,3.4,0,0.0997412,0.0109301,0
21.4,3.5,0,0.0925072,0.0122062,0
21.4,3.6,0,0.0843082,0.0135279,0
21.4,3.7,0,0.0774182,0.0145293,0
21.4,3.8,0,0.0712425,0.0152371,0
21.4,3.9,0,0.0647827,0.0159672,0
21.4,4,0,0.0603424,0.0161365,0
21.4,4.1,0,0.0549904,0.0164302,0
21.4,4.2,0,0.0508114,0.0164366,0
21.4,4.3,0,0.0472273,0.0162101,0
21.4,4.4,0,0.0434291,0.0160395,0
21.4,4.5,0,0.041106,0.015453,0
21.4,4.6,0,0.0381039,0.0149954,0
21.4,4.7,0,0.0359564,0.0143635,0
21.4,4.8,0,0.0341467,0.0135911,0
21.4,4.9,0,0.0323804,0.0129682,0
21.4,5,0,0.0317668,0.0122776,0
21.4,5.1,0,0.030233,0.0110958,0
21.4,5.2,0,0.0294272,0.0101994,0
21.4,5.3,0,0.0289058,0.00928193,0
21.4,5.4,0,0.0286821,0.00835116,0
21.4,5.5,0,0.0287762,0.00741461,0
21.4,5.6,0,0.0292141,0.00647857,0
21.4,5.7,0,0.0300262,0.00554816,0
21.4,5.8,0,0.031247,0.00462752,0
21.4,5.9,0,0.0329122,0.00371992,0
21.4,6,0,0.0350579,0.00282774,0
21.4,6.1,0,0.0377185,0.00195259,0
21.4,6.2,0,0.0409246,0.00109547,0
21.4,6.3,0,0.044702,0.00025684,0
21.4,6.4,0,0.0490698,-0.000563284,0
21.4,6.5,0,0.0540396,-0.00136527,0
21.4,6.6,0,0.0596147,-0.00214962,0
21.4,6.7,0,0.0657899,-0.00291675,0
21.4,6.8,0,0.0725517,-0.00366708,0
21.4,6.9,0,0.0798786,-0.00440221,0
21.4,7,0,0.0914111,-0.00544985,0
21.4,7.1,0,0.0973828,-0.00589049,0
21.4,7.2,0,0.10509,-0.00649382,0
21.4,7.3,0,0.11419,-0.00718064,0
21.4,7.4,0,0.124147,-0.00786316,0
21.4,7.5,0,0.133974,-0.00847626,0
21.4,7.6,0,0.144033,-0.00904161,0
21.4,7.7,0,0.154954,-0.00970604,0
21.4,7.8,0,0.165258,-0.0101665,0
21.4,7.9,0,0.175985,-0.0106437,0
21.4,8,0,0.18735,-0.0112287,0
21.4,8.1,0,0.197567,-0.0114605,0
21.4,8.2,0,0.208657,-0.0118644,0
21.4,8.3,0,0.219894,-0.0122976,0
21.4,8.4,0,0.229398,-0.0122318,0
21.4,8.5,0,0.240485,-0.0125771,0
21.4,8.6,0,0.250937,-0.0128011,0
21.4,8.7,0,0.259061,-0.0124024,0
21.4,8.8,0,0.269717,-0.0127237,0
21.4,8.9,0,0.278614,-0.0126978,0
21.4,9,0,0.285009,-0.012051,0
21.4,9.1,0,0.294492,-0.0123185,0
21.4,9.2,0,0.301095,-0.0120164,0
21.4,9.3,0,0.306126,-0.0113759,0
21.4,9.4,0,0.313537,-0.0114871,0
21.4,9.5,0,0.317799,-0.0110041,0
21.4,9.6,0,0.321502,-0.0104563,0
21.4,9.7,0,0.326752,-0.0104471,0
21.4,9.8,0,0.328761,-0.00985383,0
21.4,9.9,0,0.331398,-0.00945158,0
21.4,10,0,0.334677,-0.00935912,0
21.4,10.1,0,0.334736,-0.00872382,0
21.4,10.2,0,0.336714,-0.00847582,0
21.4,10.3,0,0.338363,-0.00833319,0
21.4,10.4,0,0.336854,-0.00771399,0
21.4,10.5,0,0.33862,-0.00758981,0
21.4,10.6,0,0.339003,-0.00742591,0
21.4,10.7,0,0.33628,-0.00686997,0
21.4,10.8,0,0.338245,-0.00681455,0
21.4,10.9,0,0.337442,-0.00663475,0
21.4,11,0,0.334548,-0.00623775,0
21.4,11.1,0,0.336171,-0.00614975,0
21.4,11.2,0,0.334558,-0.00599266,0
21.4,11.3,0,0.332215,-0.00574506,0
21.4,11.4,0,0.333324,-0.00562351,0
21.4,11.5,0,0.331151,-0.00552099,0
21.4,11.6,0,0.32959,-0.0053608,0
21.4,11.7,0,0.330314,-0.00523947,0
21.4,11.8,0,0.327697,-0.00521564,0
21.4,11.9,0,0.327126,-0.00508863,0
21.4,12,0,0.327573,-0.00499675,0
21.4,12.1,0,0.324625,-0.00506393,0
21.4,12.2,0,0.325231,-0.00490977,0
21.4,12.3,0,0.3255,-0.00488079,0
21.4,12.4,0,0.322341,-0.00508469,0
21.4,12.5,0,0.324253,-0.00492927,0
21.4,12.6,0,0.324441,-0.00494433,0
21.4,12.7,0,0.321195,-0.00518011,0
21.5,0,0,0.322375,-0.0531561,0
21.5,0.1,0,0.323823,-0.0538569,0
21.5,0.2,0,0.322284,-0.0531235,0
21.5,0.3,0,0.321162,-0.0525169,0
21.5,0.4,0,0.320608,-0.0522191,0
21.5,0.5,0,0.317363,-0.0509704,0
21.5,0.6,0,0.316896,-0.050695,0
21.5,0.7,0,0.313723,-0.0495388,0
21.5,0.8,0,0.310943,-0.0484966,0
21.5,0.9,0,0.308607,-0.0476055,0
21.5,1,0,0.303405,-0.045828,0
21.5,1.1,0,0.300749,-0.0448211,0
21.5,1.2,0,0.295304,-0.0429757,0
21.5,1.3,0,0.290038,-0.04119,0
21.5,1.4,0,0.285082,-0.0395077,0
21.5,1.5,0,0.277337,-0.036977,0
21.5,1.6,0,0.271662,-0.0351366,0
21.5,1.7,0,0.263551,-0.0325407,0
21.5,1.8,0,0.255418,-0.0299947,0
21.5,1.9,0,0.247489,-0.0275633,0
21.5,2,0,0.237499,-0.0244594,0
21.5,2.1,0,0.228735,-0.021932,0
21.5,2.2,0,0.218589,-0.0189165,0
21.5,2.3,0,0.208306,-0.015969,0
21.5,2.4,0,0.198151,-0.0131656,0
21.5,2.5,0,0.187367,-0.0100778,0
21.5,2.6,0,0.176712,-0.00734514,0
21.5,2.7,0,0.166204,-0.00455224,0
21.5,2.8,0,0.155583,-0.00185752,0
21.5,2.9,0,0.145026,0.000684886,0
21.5,3,0,0.135446,0.00304341,0
21.5,3.1,0,0.125023,0.00532184,0
21.5,3.2,0,0.116082,0.00726141,0
21.5,3.3,0,0.107134,0.00908569,0
21.5,3.4,0,0.0981826,0.0107906,0
21.5,3.5,0,0.0912356,0.0119886,0
21.5,3.6,0,0.082954,0.0133259,0
21.5,3.7,0,0.0766951,0.0141383,0
21.5,3.8,0,0.0705194,0.014846,0
21.5,3.9,0,0.0642748,0.0154935,0
21.5,4,0,0.0601213,0.01558,0
21.5,4.1,0,0.054687,0.0158886,0
21.5,4.2,0,0.0510107,0.0157325,0
21.5,4.3,0,0.0474267,0.0155061,0
21.5,4.4,0,0.0437459,0.0152717,0
21.5,4.5,0,0.0416271,0.0146235,0
21.5,4.6,0,0.0385551,0.0141732,0
21.5,4.7,0,0.0367005,0.0134298,0
21.5,4.8,0,0.0348908,0.0126574,0
21.5,4.9,0,0.0331024,0.0119753,0
21.5,5,0,0.0326331,0.011268,0
21.5,5.1,0,0.0311473,0.0100429,0
21.5,5.2,0,0.0303651,0.00911671,0
21.5,5.3,0,0.0298584,0.00817077,0
21.5,5.4,0,0.0296419,0.00721273,0
21.5,5.5,0,0.0297365,0.00624998,0
21.5,5.6,0,0.0301694,0.00528873,0
21.5,5.7,0,0.030972,0.0043341,0
21.5,5.8,0,0.0321796,0.00339031,0
21.5,5.9,0,0.0338287,0.00246074,0
21.5,6,0,0.0359563,0.00154795,0
21.5,6.1,0,0.0385973,0.000653761,0
21.5,6.2,0,0.0417829,-0.000220613,0
21.5,6.3,0,0.0455395,-0.00107447,0
21.5,6.4,0,0.0498864,-0.00190758,0
21.5,6.5,0,0.0548356,-0.00272012,0
21.5,6.6,0,0.0603903,-0.00351244,0
21.5,6.7,0,0.0665455,-0.00428483,0
21.5,6.8,0,0.0732872,-0.00503764,0
21.5,6.9,0,0.0805938,-0.00577252,0
21.5,7,0,0.0920954,-0.00681545,0
21.5,7.1,0,0.09804,-0.00725346,0
21.5,7.2,0,0.105718,-0.00783719,0
21.5,7.3,0,0.114818,-0.008524,0
21.5,7.4,0,0.124786,-0.00921199,0
21.5,7.5,0,0.134519,-0.00977385,0
21.5,7.6,0,0.144578,-0.0103392,0
21.5,7.7,0,0.155638,-0.0110428,0
21.5,7.8,0,0.165688,-0.0114038,0
21.5,7.9,0,0.176415,-0.011881,0
21.5,8,0,0.188105,-0.012554,0
21.5,8.1,0,0.197843,-0.012628,0
21.5,8.2,0,0.208933,-0.0130319,0
21.5,8.3,0,0.220447,-0.0135259,0
21.5,8.4,0,0.229494,-0.0133226,0
21.5,8.5,0,0.24058,-0.0136679,0
21.5,8.6,0,0.251102,-0.013882,0
21.5,8.7,0,0.25897,-0.0134129,0
21.5,8.8,0,0.269626,-0.0137342,0
21.5,8.9,0,0.278359,-0.0136281,0
21.5,9,0,0.284754,-0.0129813,0
21.5,9.1,0,0.294407,-0.013281,0
21.5,9.2,0,0.30072,-0.0128691,0
21.5,9.3,0,0.305751,-0.0122286,0
21.5,9.4,0,0.313764,-0.0124433,0
21.5,9.5,0,0.317357,-0.0117831,0
21.5,9.6,0,0.321059,-0.0112353,0
21.5,9.7,0,0.327368,-0.0113904,0
21.5,9.8,0,0.328298,-0.0105637,0
21.5,9.9,0,0.330935,-0.0101615,0
21.5,10,0,0.335282,-0.0102093,0
21.5,10.1,0,0.334288,-0.00936926,0
21.5,10.2,0,0.336266,-0.00912126,0
21.5,10.3,0,0.338559,-0.00902121,0
21.5,10.4,0,0.336441,-0.00829929,0
21.5,10.5,0,0.338207,-0.00817511,0
21.5,10.6,0,0.338821,-0.00798002,0
21.5,10.7,0,0.335913,-0.00739887,0
21.5,10.8,0,0.337878,-0.00734345,0
21.5,10.9,0,0.337124,-0.00711026,0
21.5,11,0,0.33423,-0.00671326,0
21.5,11.1,0,0.336196,-0.00662931,0
21.5,11.2,0,0.334291,-0.00641666,0
21.5,11.3,0,0.331947,-0.00616907,0
21.5,11.4,0,0.333854,-0.00603109,0
21.5,11.5,0,0.330935,-0.00589416,0
21.5,11.6,0,0.329374,-0.00573398,0
21.5,11.7,0,0.3313,-0.00555376,0
21.5,11.8,0,0.327535,-0.00553745,0
21.5,11.9,0,0.326964,-0.00541044,0
21.5,12,0,0.328413,-0.00523756,0
21.5,12.1,0,0.324516,-0.00533367,0
21.5,12.2,0,0.325123,-0.00517951,0
21.5,12.3,0,0.325947,-0.00506144,0
21.5,12.4,0,0.32228,-0.0052937,0
21.5,12.5,0,0.324192,-0.00513828,0
21.5,12.6,0,0.324453,-0.00511548,0
21.5,12.7,0,0.321155,-0.00535449,0
21.6,0,0,0.321898,-0.0538126,0
21.6,0.1,0,0.323236,-0.054461,0
21.6,0.2,0,0.321717,-0.0537429,0
21.6,0.3,0,0.320595,-0.0531364,0
21.6,0.4,0,0.319744,-0.0527258,0
21.6,0.5,0,0.316574,-0.0515031,0
21.6,0.6,0,0.31599,-0.0511887,0
21.6,0.7,0,0.312639,-0.0499628,0
21.6,0.8,0,0.309859,-0.0489205,0
21.6,0.9,0,0.3071,-0.0478818,0
21.6,1,0,0.30197,-0.0461248,0
21.6,1.1,0,0.299187,-0.0450779,0
21.6,1.2,0,0.293481,-0.0431323,0
21.6,1.3,0,0.288215,-0.0413466,0
21.6,1.4,0,0.282805,-0.0395052,0
21.6,1.5,0,0.275125,-0.0369926,0
21.6,1.6,0,0.269339,-0.0351161,0
21.6,1.7,0,0.260993,-0.0324299,0
21.6,1.8,0,0.25286,-0.0298839,0
21.6,1.9,0,0.244625,-0.0273408,0
21.6,2,0,0.234685,-0.0242525,0
21.6,2.1,0,0.225865,-0.0217041,0
21.6,2.2,0,0.215656,-0.0186578,0
21.6,2.3,0,0.205373,-0.0157103,0
21.6,2.4,0,0.195238,-0.0128984,0
21.6,2.5,0,0.184479,-0.00982058,0
21.6,2.6,0,0.173847,-0.00709031,0
21.6,2.7,0,0.163534,-0.00435179,0
21.6,2.8,0,0.152912,-0.00165707,0
21.6,2.9,0,0.142729,0.000780896,0
21.6,3,0,0.133146,0.00313731,0
21.6,3.1,0,0.122812,0.0053926,0
21.6,3.2,0,0.114266,0.00721089,0
21.6,3.3,0,0.105318,0.00903517,0
21.6,3.4,0,0.096937,0.0105688,0
21.6,3.5,0,0.0899641,0.011771,0
21.6,3.6,0,0.0817957,0.0130764,0
21.6,3.7,0,0.075972,0.0137472,0
21.6,3.8,0,0.0697964,0.0144549,0
21.6,3.9,0,0.064086,0.0149308,0
21.6,4,0,0.0599003,0.0150235,0
21.6,4.1,0,0.0545599,0.0153044,0
21.6,4.2,0,0.05121,0.0150285,0
21.6,4.3,0,0.047626,0.014802,0
21.6,4.4,0,0.0442953,0.0144379,0
21.6,4.5,0,0.0421481,0.013794,0
21.6,4.6,0,0.0391358,0.0133253,0
21.6,4.7,0,0.0374447,0.012496,0
21.6,4.8,0,0.035635,0.0117236,0
21.6,4.9,0,0.0340045,0.0109709,0
21.6,5,0,0.0334995,0.0102585,0
21.6,5.1,0,0.0320616,0.00899003,0
21.6,5.2,0,0.031303,0.008034,0
21.6,5.3,0,0.0308111,0.0070596,0
21.6,5.4,0,0.0306016,0.00607431,0
21.6,5.5,0,0.0306968,0.00508536,0
21.6,5.6,0,0.0311247,0.00409889,0
21.6,5.7,0,0.0319178,0.00312005,0
21.6,5.8,0,0.0331121,0.0021531,0
21.6,5.9,0,0.0347453,0.00120156,0
21.6,6,0,0.0368547,0.000268162,0
21.6,6.1,0,0.0394761,-0.000645069,0
21.6,6.2,0,0.0426413,-0.00153669,0
21.6,6.3,0,0.046377,-0.00240577,0
21.6,6.4,0,0.0507031,-0.00325187,0
21.6,6.5,0,0.0556316,-0.00407497,0
21.6,6.6,0,0.061166,-0.00487525,0
21.6,6.7,0,0.067301,-0.0056529,0
21.6,6.8,0,0.0740227,-0.00640821,0
21.6,6.9,0,0.081309,-0.00714282,0
21.6,7,0,0.0927797,-0.00818105,0
21.6,7.1,0,0.0987243,-0.00861906,0
21.6,7.2,0,0.106347,-0.00918056,0
21.6,7.3,0,0.115447,-0.00986737,0
21.6,7.4,0,0.125395,-0.0105451,0
21.6,7.5,0,0.135064,-0.0110714,0
21.6,7.6,0,0.145124,-0.0116368,0
21.6,7.7,0,0.156023,-0.0122797,0
21.6,7.8,0,0.166118,-0.0126411,0
21.6,7.9,0,0.176845,-0.0131183,0
21.6,8,0,0.188147,-0.0136598,0
21.6,8.1,0,0.19812,-0.0137955,0
21.6,8.2,0,0.20921,-0.0141994,0
21.6,8.3,0,0.220331,-0.0145627,0
21.6,8.4,0,0.229589,-0.0144134,0
21.6,8.5,0,0.240675,-0.0147587,0
21.6,8.6,0,0.250979,-0.014885,0
21.6,8.7,0,0.258879,-0.0144234,0
21.6,8.8,0,0.269534,-0.0147447,0
21.6,8.9,0,0.278104,-0.0145584,0
21.6,9,0,0.284499,-0.0139116,0
21.6,9.1,0,0.294152,-0.0142112,0
21.6,9.2,0,0.300345,-0.0137217,0
21.6,9.3,0,0.305376,-0.0130812,0
21.6,9.4,0,0.313039,-0.013217,0
21.6,9.5,0,0.316914,-0.012562,0
21.6,9.6,0,0.320616,-0.0120143,0
21.6,9.7,0,0.326136,-0.0120018,0
21.6,9.8,0,0.327835,-0.0112736,0
21.6,9.9,0,0.330472,-0.0108714,0
21.6,10,0,0.334052,-0.0107489,0
21.6,10.1,0,0.33384,-0.0100147,0
21.6,10.2,0,0.335818,-0.0097667,0
21.6,10.3,0,0.337802,-0.00956846,0
21.6,10.4,0,0.336029,-0.00888459,0
21.6,10.5,0,0.337794,-0.00876041,0
21.6,10.6,0,0.338454,-0.00850892,0
21.6,10.7,0,0.335546,-0.00792777,0
21.6,10.8,0,0.33751,-0.00787235,0
21.6,10.9,0,0.336806,-0.00758576,0
21.6,11,0,0.333912,-0.00718876,0
21.6,11.1,0,0.335825,-0.00710167,0
21.6,11.2,0,0.334023,-0.00684067,0
21.6,11.3,0,0.331679,-0.00659307,0
21.6,11.4,0,0.333104,-0.00644363,0
21.6,11.5,0,0.330718,-0.00626733,0
21.6,11.6,0,0.329157,-0.00610715,0
21.6,11.7,0,0.330226,-0.00592942,0
21.6,11.8,0,0.327372,-0.00585926,0
21.6,11.9,0,0.326801,-0.00573225,0
21.6,12,0,0.327619,-0.00555627,0
21.6,12.1,0,0.324408,-0.00560341,0
21.6,12.2,0,0.325014,-0.00544924,0
21.6,12.3,0,0.325668,-0.0052928,0
21.6,12.4,0,0.322219,-0.00550271,0
21.6,12.5,0,0.324131,-0.00534729,0
21.6,12.6,0,0.324413,-0.00528986,0
21.6,12.7,0,0.321114,-0.00552887,0
21.7,0,0,0.321422,-0.0544691,0
21.7,0.1,0,0.322026,-0.0547682,0
21.7,0.2,0,0.321151,-0.0543624,0
21.7,0.3,0,0.320029,-0.0537558,0
21.7,0.4,0,0.318454,-0.0530858,0
21.7,0.5,0,0.315785,-0.0520358,0
21.7,0.6,0,0.314423,-0.0514614,0
21.7,0.7,0,0.311555,-0.0503867,0
21.7,0.8,0,0.308774,-0.0493445,0
21.7,0.9,0,0.305192,-0.0480421,0
21.7,1,0,0.300534,-0.0464216,0
21.7,1.1,0,0.296905,-0.0451078,0
21.7,1.2,0,0.291658,-0.0432889,0
21.7,1.3,0,0.286392,-0.0415032,0
21.7,1.4,0,0.280157,-0.0394004,0
21.7,1.5,0,0.272913,-0.0370082,0
21.7,1.6,0,0.266383,-0.0348912,0
21.7,1.7,0,0.258434,-0.032319,0
21.7,1.8,0,0.250302,-0.029773,0
21.7,1.9,0,0.241473,-0.0270301,0
21.7,2,0,0.231872,-0.0240455,0
21.7,2.1,0,0.222671,-0.0213576,0
21.7,2.2,0,0.212723,-0.0183991,0
21.7,2.3,0,0.202441,-0.0154515,0
21.7,2.4,0,0.192182,-0.012575,0
21.7,2.5,0,0.181592,-0.00956333,0
21.7,2.6,0,0.171108,-0.00684925,0
21.7,2.7,0,0.160863,-0.00415134,0
21.7,2.8,0,0.150241,-0.00145662,0
21.7,2.9,0,0.140458,0.000888861,0
21.7,3,0,0.130845,0.00323121,0
21.7,3.1,0,0.121108,0.00533224,0
21.7,3.2,0,0.112449,0.00716037,0
21.7,3.3,0,0.103501,0.00898465,0
21.7,3.4,0,0.0958382,0.010323,0
21.7,3.5,0,0.0886925,0.0115534,0
21.7,3.6,0,0.0812792,0.0126464,0
21.7,3.7,0,0.075249,0.0133561,0
21.7,3.8,0,0.0690733,0.0140638,0
21.7,3.9,0,0.0640803,0.0143327,0
21.7,4,0,0.0596793,0.014467,0
21.7,4.1,0,0.0549653,0.014563,0
21.7,4.2,0,0.0514094,0.0143245,0
21.7,4.3,0,0.0478254,0.014098,0
21.7,4.4,0,0.0450053,0.0135796,0
21.7,4.5,0,0.0426692,0.0129645,0
21.7,4.6,0,0.0400547,0.0123733,0
21.7,4.7,0,0.0381888,0.0115622,0
21.7,4.8,0,0.0363791,0.0107898,0
21.7,4.9,0,0.0351095,0.00999567,0
21.7,5,0,0.0343658,0.00924903,0
21.7,5.1,0,0.0329759,0.00793716,0
21.7,5.2,0,0.0322409,0.00695129,0
21.7,5.3,0,0.0317638,0.00594844,0
21.7,5.4,0,0.0315614,0.00493589,0
21.7,5.5,0,0.0316571,0.00392073,0
21.7,5.6,0,0.03208,0.00290906,0
21.7,5.7,0,0.0328635,0.00190599,0
21.7,5.8,0,0.0340447,0.000915892,0
21.7,5.9,0,0.0356618,-5.76201e-05,0
21.7,6,0,0.0377531,-0.00101163,0
21.7,6.1,0,0.0403549,-0.0019439,0
21.7,6.2,0,0.0434997,-0.00285277,0
21.7,6.3,0,0.0472145,-0.00373708,0
21.7,6.4,0,0.0515197,-0.00459617,0
21.7,6.5,0,0.0564276,-0.00542982,0
21.7,6.6,0,0.0619416,-0.00623807,0
21.7,6.7,0,0.0680566,-0.00702098,0
21.7,6.8,0,0.0747582,-0.00777877,0
21.7,6.9,0,0.0820242,-0.00851311,0
21.7,7,0,0.093464,-0.00954665,0
21.7,7.1,0,0.0998549,-0.0100146,0
21.7,7.2,0,0.10723,-0.0105487,0
21.7,7.3,0,0.116075,-0.0112107,0
21.7,7.4,0,0.125916,-0.0118298,0
21.7,7.5,0,0.135609,-0.0123686,0
21.7,7.6,0,0.145669,-0.0129344,0
21.7,7.7,0,0.156281,-0.0134685,0
21.7,7.8,0,0.166547,-0.0138783,0
21.7,7.9,0,0.177274,-0.0143556,0
21.7,8,0,0.188099,-0.0147393,0
21.7,8.1,0,0.198396,-0.014963,0
21.7,8.2,0,0.209486,-0.0153669,0
21.7,8.3,0,0.219934,-0.015528,0
21.7,8.4,0,0.229684,-0.0155042,0
21.7,8.5,0,0.240635,-0.0158122,0
21.7,8.6,0,0.250215,-0.0157396,0
21.7,8.7,0,0.258788,-0.0154339,0
21.7,8.8,0,0.268896,-0.0156163,0
21.7,8.9,0,0.277282,-0.0153705,0
21.7,9,0,0.284244,-0.0148419,0
21.7,9.1,0,0.29287,-0.0148969,0
21.7,9.2,0,0.299686,-0.0145208,0
21.7,9.3,0,0.305,-0.0139339,0
21.7,9.4,0,0.311506,-0.0138085,0
21.7,9.5,0,0.316471,-0.013341,0
21.7,9.6,0,0.320173,-0.0127933,0
21.7,9.7,0,0.32454,-0.0125358,0
21.7,9.8,0,0.327372,-0.0119835,0
21.7,9.9,0,0.330009,-0.0115812,0
21.7,10,0,0.332461,-0.0112396,0
21.7,10.1,0,0.333392,-0.0106601,0
21.7,10.2,0,0.33537,-0.0104121,0
21.7,10.3,0,0.336252,-0.010028,0
21.7,10.4,0,0.335616,-0.00946988,0
21.7,10.5,0,0.337072,-0.00930369,0
21.7,10.6,0,0.337044,-0.00895401,0
21.7,10.7,0,0.335178,-0.00845667,0
21.7,10.8,0,0.336418,-0.00833051,0
21.7,10.9,0,0.335875,-0.00803283,0
21.7,11,0,0.333594,-0.00766427,0
21.7,11.1,0,0.334406,-0.00751207,0
21.7,11.2,0,0.333573,-0.00726252,0
21.7,11.3,0,0.331411,-0.00701707,0
21.7,11.4,0,0.331713,-0.00684095,0
21.7,11.5,0,0.330502,-0.00664051,0
21.7,11.6,0,0.328941,-0.00648032,0
21.7,11.7,0,0.32886,-0.00631012,0
21.7,11.8,0,0.32721,-0.00618107,0
21.7,11.9,0,0.326639,-0.00605406,0
21.7,12,0,0.326282,-0.00591393,0
21.7,12.1,0,0.324299,-0.00587314,0
21.7,12.2,0,0.324869,-0.00572103,0
21.7,12.3,0,0.324364,-0.00562921,0
21.7,12.4,0,0.322157,-0.00571172,0
21.7,12.5,0,0.323572,-0.00558667,0
21.7,12.6,0,0.323397,-0.00555021,0
21.7,12.7,0,0.321074,-0.00570326,0
21.8,0,0,0.320946,-0.0551256,0
21.8,0.1,0,0.320815,-0.0550754,0
21.8,0.2,0,0.320134,-0.0547633,0
21.8,0.3,0,0.318956,-0.0541937,0
21.8,0.4,0,0.317164,-0.0534458,0
21.8,0.5,0,0.314997,-0.0525684,0
21.8,0.6,0,0.312857,-0.0517341,0
21.8,0.7,0,0.310133,-0.0507048,0
21.8,0.8,0,0.307113,-0.0495838,0
21.8,0.9,0,0.303283,-0.0482023,0
21.8,1,0,0.299098,-0.0467184,0
21.8,1.1,0,0.294623,-0.0451377,0
21.8,1.2,0,0.289514,-0.0433568,0
21.8,1.3,0,0.283992,-0.0414768,0
21.8,1.4,0,0.27751,-0.0392955,0
21.8,1.5,0,0.270701,-0.0370239,0
21.8,1.6,0,0.263428,-0.0346663,0
21.8,1.7,0,0.255598,-0.0321283,0
21.8,1.8,0,0.247327,-0.0295222,0
21.8,1.9,0,0.23832,-0.0267193,0
21.8,2,0,0.229059,-0.0238386,0
21.8,2.1,0,0.219476,-0.0210111,0
21.8,2.2,0,0.209608,-0.0180789,0
21.8,2.3,0,0.199422,-0.0151475,0
21.8,2.4,0,0.189126,-0.0122516,0
21.8,2.5,0,0.178704,-0.00930607,0
21.8,2.6,0,0.168369,-0.00660819,0
21.8,2.7,0,0.158144,-0.00392246,0
21.8,2.8,0,0.14785,-0.0013209,0
21.8,2.9,0,0.138186,0.000996827,0
21.8,3,0,0.128544,0.00332511,0
21.8,3.1,0,0.119404,0.00527188,0
21.8,3.2,0,0.110712,0.00710296,0
21.8,3.3,0,0.102187,0.00879745,0
21.8,3.4,0,0.0947394,0.0100772,0
21.8,3.5,0,0.087421,0.0113358,0
21.8,3.6,0,0.0807626,0.0122164,0
21.8,3.7,0,0.0746705,0.0129378,0
21.8,3.8,0,0.0688524,0.0135279,0
21.8,3.9,0,0.0640746,0.0137347,0
21.8,4,0,0.0594583,0.0139105,0
21.8,4.1,0,0.0553707,0.0138217,0
21.8,4.2,0,0.051753,0.0135943,0
21.8,4.3,0,0.0483822,0.013286,0
21.8,4.4,0,0.0457154,0.0127213,0
21.8,4.5,0,0.0431903,0.012135,0
21.8,4.6,0,0.0409736,0.0114213,0
21.8,4.7,0,0.0390553,0.0106157,0
21.8,4.8,0,0.0373759,0.00982705,0
21.8,4.9,0,0.0362145,0.00902043,0
21.8,5,0,0.0352321,0.00823952,0
21.8,5.1,0,0.0338902,0.0068843,0
21.8,5.2,0,0.0331788,0.00586858,0
21.8,5.3,0,0.0327164,0.00483727,0
21.8,5.4,0,0.0325212,0.00379746,0
21.8,5.5,0,0.0326174,0.00275611,0
21.8,5.6,0,0.0330353,0.00171922,0
21.8,5.7,0,0.0338093,0.00069194,0
21.8,5.8,0,0.0349773,-0.000321318,0
21.8,5.9,0,0.0365783,-0.0013168,0
21.8,6,0,0.0386515,-0.00229142,0
21.8,6.1,0,0.0412337,-0.00324273,0
21.8,6.2,0,0.044358,-0.00416885,0
21.8,6.3,0,0.0480521,-0.00506839,0
21.8,6.4,0,0.0523364,-0.00594046,0
21.8,6.5,0,0.0572236,-0.00678467,0
21.8,6.6,0,0.0627173,-0.00760088,0
21.8,6.7,0,0.0688121,-0.00838906,0
21.8,6.8,0,0.0754938,-0.00914933,0
21.8,6.9,0,0.0827394,-0.00988342,0
21.8,7,0,0.0941483,-0.0109123,0
21.8,7.1,0,0.101101,-0.011418,0
21.8,7.2,0,0.108476,-0.011952,0
21.8,7.3,0,0.116704,-0.0125541,0
21.8,7.4,0,0.126437,-0.0131145,0
21.8,7.5,0,0.13613,-0.0136534,0
21.8,7.6,0,0.146211,-0.0142305,0
21.8,7.7,0,0.156538,-0.0146573,0
21.8,7.8,0,0.166865,-0.0150842,0
21.8,7.9,0,0.177515,-0.0155306,0
21.8,8,0,0.188051,-0.0158188,0
21.8,8.1,0,0.198586,-0.016107,0
21.8,8.2,0,0.20924,-0.0163775,0
21.8,8.3,0,0.219538,-0.0164934,0
21.8,8.4,0,0.229779,-0.0165949,0
21.8,8.5,0,0.239871,-0.0166668,0
21.8,8.6,0,0.24945,-0.0165942,0
21.8,8.7,0,0.258697,-0.0164444,0
21.8,8.8,0,0.267791,-0.0163694,0
21.8,8.9,0,0.276177,-0.0161236,0
21.8,9,0,0.283988,-0.0157721,0
21.8,9.1,0,0.291499,-0.0155615,0
21.8,9.2,0,0.298316,-0.0151855,0
21.8,9.3,0,0.304625,-0.0147866,0
21.8,9.4,0,0.309974,-0.0144001,0
21.8,9.5,0,0.315044,-0.0139507,0
21.8,9.6,0,0.319569,-0.0135379,0
21.8,9.7,0,0.322943,-0.0130697,0
21.8,9.8,0,0.326318,-0.0126016,0
21.8,9.9,0,0.328958,-0.0121767,0
21.8,10,0,0.33087,-0.0117303,0
21.8,10.1,0,0.332783,-0.0112839,0
21.8,10.2,0,0.333926,-0.0108896,0
21.8,10.3,0,0.334702,-0.0104876,0
21.8,10.4,0,0.335203,-0.0100552,0
21.8,10.5,0,0.335572,-0.00974159,0
21.8,10.6,0,0.335544,-0.00939192,0
21.8,10.7,0,0.334811,-0.00898557,0
21.8,10.8,0,0.334964,-0.0087533,0
21.8,10.9,0,0.33442,-0.00845561,0
21.8,11,0,0.333276,-0.00813977,0
21.8,11.1,0,0.332988,-0.00792248,0
21.8,11.2,0,0.332155,-0.00767293,0
21.8,11.3,0,0.331144,-0.00744107,0
21.8,11.4,0,0.330323,-0.00723827,0
21.8,11.5,0,0.329375,-0.00703243,0
21.8,11.6,0,0.328418,-0.00685551,0
21.8,11.7,0,0.327495,-0.00669082,0
21.8,11.8,0,0.326573,-0.00652612,0
21.8,11.9,0,0.325714,-0.00639914,0
21.8,12,0,0.324944,-0.00627159,0
21.8,12.1,0,0.324175,-0.00614404,0
21.8,12.2,0,0.323565,-0.00605744,0
21.8,12.3,0,0.323059,-0.00596562,0
21.8,12.4,0,0.322096,-0.00592073,0
21.8,12.5,0,0.322303,-0.00586934,0
21.8,12.6,0,0.322129,-0.00583288,0
21.8,12.7,0,0.321033,-0.00587764,0
21.9,0,0,0.320477,-0.0557743,0
21.9,0.1,0,0.319723,-0.0554364,0
21.9,0.2,0,0.319041,-0.0551243,0
21.9,0.3,0,0.31774,-0.054575,0
21.9,0.4,0,0.315948,-0.0538271,0
21.9,0.5,0,0.314177,-0.0530578,0
21.9,0.6,0,0.311377,-0.0520341,0
21.9,0.7,0,0.308654,-0.0510048,0
21.9,0.8,0,0.305309,-0.0497776,0
21.9,0.9,0,0.301478,-0.0483961,0
21.9,1,0,0.297595,-0.0469465,0
21.9,1.1,0,0.292458,-0.045203,0
21.9,1.2,0,0.287348,-0.043422,0
21.9,1.3,0,0.281465,-0.0414056,0
21.9,1.4,0,0.274982,-0.0392243,0
21.9,1.5,0,0.26842,-0.0369589,0
21.9,1.6,0,0.260585,-0.0344692,0
21.9,1.7,0,0.252755,-0.0319312,0
21.9,1.8,0,0.244266,-0.0292293,0
21.9,1.9,0,0.235259,-0.0264264,0
21.9,2,0,0.226223,-0.0235592,0
21.9,2.1,0,0.216339,-0.020669,0
21.9,2.2,0,0.206471,-0.0177369,0
21.9,2.3,0,0.196382,-0.0148134,0
21.9,2.4,0,0.186086,-0.0119175,0
21.9,2.5,0,0.17587,-0.00900166,0
21.9,2.6,0,0.165601,-0.00634158,0
21.9,2.7,0,0.155377,-0.00365586,0
21.9,2.8,0,0.14551,-0.00117503,0
21.9,2.9,0,0.135846,0.0011427,0
21.9,3,0,0.126362,0.0034362,0
21.9,3.1,0,0.117601,0.00525752,0
21.9,3.2,0,0.108909,0.0070886,0
21.9,3.3,0,0.100973,0.00860072,0
21.9,3.4,0,0.093525,0.00988047,0
21.9,3.5,0,0.0862894,0.0111143,0
21.9,3.6,0,0.080128,0.0118337,0
21.9,3.7,0,0.0740358,0.012555,0
21.9,3.8,0,0.0687381,0.0129713,0
21.9,3.9,0,0.0639603,0.0131782,0
21.9,4,0,0.059356,0.0133431,0
21.9,4.1,0,0.0556846,0.0131138,0
21.9,4.2,0,0.0520669,0.0128864,0
21.9,4.3,0,0.0490198,0.0124524,0
21.9,4.4,0,0.0463529,0.0118877,0
21.9,4.5,0,0.0437946,0.0112955,0
21.9,4.6,0,0.0418359,0.0104861,0
21.9,4.7,0,0.0399176,0.00968048,0
21.9,4.8,0,0.0384069,0.00883521,0
21.9,4.9,0,0.0372456,0.0080286,0
21.9,5,0,0.0361586,0.00721998,0
21.9,5.1,0,0.0348606,0.00582025,0
21.9,5.2,0,0.0341705,0.00477345,0
21.9,5.3,0,0.0337211,0.00371219,0
21.9,5.4,0,0.0335313,0.00264339,0
21.9,5.5,0,0.0336267,0.00157388,0
21.9,5.6,0,0.0340382,0.000509646,0
21.9,5.7,0,0.0348012,-0.000544151,0
21.9,5.8,0,0.0359543,-0.00158299,0
21.9,5.9,0,0.0375373,-0.00260295,0
21.9,6,0,0.0395898,-0.00360072,0
21.9,6.1,0,0.0421496,-0.0045736,0
21.9,6.2,0,0.0452501,-0.00551944,0
21.9,6.3,0,0.0489196,-0.00643655,0
21.9,6.4,0,0.0531789,-0.00732378,0
21.9,6.5,0,0.058041,-0.00818049,0
21.9,6.6,0,0.0635097,-0.00900634,0
21.9,6.7,0,0.0695797,-0.00980112,0
21.9,6.8,0,0.0762366,-0.0105649,0
21.9,6.9,0,0.0834574,-0.0112993,0
21.9,7,0,0.0948293,-0.0123235,0
21.9,7.1,0,0.101975,-0.0128102,0
21.9,7.2,0,0.10935,-0.0133442,0
21.9,7.3,0,0.117181,-0.0138706,0
21.9,7.4,0,0.126874,-0.0144094,0
21.9,7.5,0,0.136567,-0.0149483,0
21.9,7.6,0,0.146427,-0.0154312,0
21.9,7.7,0,0.156754,-0.015858,0
21.9,7.8,0,0.167081,-0.0162848,0
21.9,7.9,0,0.177468,-0.0166255,0
21.9,8,0,0.188003,-0.0169137,0
21.9,8.1,0,0.198538,-0.0172019,0
21.9,8.2,0,0.208889,-0.0173612,0
21.9,8.3,0,0.219187,-0.0174771,0
21.9,8.4,0,0.229485,-0.017593,0
21.9,8.5,0,0.239201,-0.01754,0
21.9,8.6,0,0.248781,-0.0174674,0
21.9,8.7,0,0.258361,-0.0173949,0
21.9,8.8,0,0.266826,-0.0171379,0
21.9,8.9,0,0.275212,-0.0168921,0
21.9,9,0,0.283524,-0.0166402,0
21.9,9.1,0,0.290298,-0.0162363,0
21.9,9.2,0,0.297114,-0.0158603,0
21.9,9.3,0,0.303547,-0.0154454,0
21.9,9.4,0,0.308617,-0.014996,0
21.9,9.5,0,0.313686,-0.0145466,0
21.9,9.6,0,0.318131,-0.0140713,0
21.9,9.7,0,0.321506,-0.0136031,0
21.9,9.8,0,0.32488,-0.013135,0
21.9,9.9,0,0.327495,-0.0126637,0
21.9,10,0,0.329408,-0.0122173,0
21.9,10.1,0,0.331321,-0.0117709,0
21.9,10.2,0,0.332471,-0.0113441,0
21.9,10.3,0,0.333246,-0.0109421,0
21.9,10.4,0,0.334022,-0.01054,0
21.9,10.5,0,0.334136,-0.0101742,0
21.9,10.6,0,0.334108,-0.00982457,0
21.9,10.7,0,0.3342,-0.0094654,0
21.9,10.8,0,0.333548,-0.00917112,0
21.9,10.9,0,0.333004,-0.00887344,0
21.9,11,0,0.332421,-0.00857794,0
21.9,11.1,0,0.331588,-0.00832839,0
21.9,11.2,0,0.330755,-0.00807884,0
21.9,11.3,0,0.329885,-0.00783734,0
21.9,11.4,0,0.328937,-0.0076315,0
21.9,11.5,0,0.327988,-0.00742565,0
21.9,11.6,0,0.327043,-0.00723222,0
21.9,11.7,0,0.326121,-0.00706752,0
21.9,11.8,0,0.325198,-0.00690283,0
21.9,11.9,0,0.324355,-0.00675349,0
21.9,12,0,0.323585,-0.00662594,0
21.9,12.1,0,0.322816,-0.00649839,0
21.9,12.2,0,0.32223,-0.00639013,0
21.9,12.3,0,0.321725,-0.00629831,0
21.9,12.4,0,0.321219,-0.00620649,0
21.9,12.5,0,0.321,-0.00614484,0
21.9,12.6,0,0.320826,-0.00610839,0
21.9,12.7,0,0.320982,-0.00612344,0
22,0,0,0.320025,-0.0563995,0
22,0.1,0,0.318982,-0.0559589,0
22,0.2,0,0.3183,-0.0556468,0
22,0.3,0,0.316746,-0.0550202,0
22,0.4,0,0.314954,-0.0542723,0
22,0.5,0,0.313265,-0.0534171,0
22,0.6,0,0.310157,-0.0524157,0
22,0.7,0,0.307434,-0.0513864,0
22,0.8,0,0.303816,-0.0500719,0
22,0.9,0,0.299986,-0.0486904,0
22,1,0,0.295891,-0.0469681,0
22,1.1,0,0.290642,-0.0453743,0
22,1.2,0,0.285532,-0.0435934,0
22,1.3,0,0.279298,-0.0414354,0
22,1.4,0,0.272815,-0.0392541,0
22,1.5,0,0.265932,-0.0366522,0
22,1.6,0,0.258078,-0.0343557,0
22,1.7,0,0.250248,-0.0318177,0
22,1.8,0,0.241477,-0.0289899,0
22,1.9,0,0.23247,-0.026187,0
22,2,0,0.223319,-0.0230625,0
22,2.1,0,0.213375,-0.0203403,0
22,2.2,0,0.203507,-0.0174082,0
22,2.3,0,0.19339,-0.0144472,0
22,2.4,0,0.183094,-0.0115513,0
22,2.5,0,0.173196,-0.00855583,0
22,2.6,0,0.162749,-0.00599836,0
22,2.7,0,0.152525,-0.00331263,0
22,2.8,0,0.142964,-0.000915437,0
22,2.9,0,0.133301,0.00140229,0
22,3,0,0.124535,0.00359888,0
22,3.1,0,0.115502,0.00538115,0
22,3.2,0,0.106809,0.00721223,0
22,3.3,0,0.0994116,0.00855116,0
22,3.4,0,0.0919635,0.00983092,0
22,3.5,0,0.0855775,0.010881,0
22,3.6,0,0.079139,0.0115926,0
22,3.7,0,0.0730468,0.0123139,0
22,3.8,0,0.0682983,0.0125392,0
22,3.9,0,0.0635205,0.0127461,0
22,4,0,0.05961,0.0127429,0
22,4.1,0,0.0557241,0.012506,0
22,4.2,0,0.0521063,0.0122786,0
22,4.3,0,0.0494399,0.0116931,0
22,4.4,0,0.0467731,0.0111284,0
22,4.5,0,0.0446487,0.010426,0
22,4.6,0,0.0425285,0.00960115,0
22,4.7,0,0.0406101,0.00879558,0
22,4.8,0,0.0392162,0.0077936,0
22,4.9,0,0.0380548,0.00698699,0
22,5,0,0.0372656,0.00617035,0
22,5.1,0,0.0359994,0.00472265,0
22,5.2,0,0.0353236,0.00364107,0
22,5.3,0,0.0348816,0.00254535,0
22,5.4,0,0.0346927,0.00144236,0
22,5.5,0,0.0347831,0.000338862,0
22,5.6,0,0.0351842,-0.000759142,0
22,5.7,0,0.0359317,-0.00184635,0
22,5.8,0,0.0370647,-0.00291804,0
22,5.9,0,0.0386235,-0.00396999,0
22,6,0,0.0406481,-0.00499855,0
22,6.1,0,0.0431767,-0.0060006,0
22,6.2,0,0.0462435,-0.00697355,0
22,6.3,0,0.049877,-0.00791527,0
22,6.4,0,0.0540989,-0.00882419,0
22,6.5,0,0.0589225,-0.00969924,0
22,6.6,0,0.0643524,-0.0105397,0
22,6.7,0,0.0703834,-0.0113451,0
22,6.8,0,0.0770016,-0.0121154,0
22,6.9,0,0.084184,-0.0128519,0
22,7,0,0.0955005,-0.0138717,0
22,7.1,0,0.101732,-0.014169,0
22,7.2,0,0.109106,-0.014703,0
22,7.3,0,0.11771,-0.0153641,0
22,7.4,0,0.127062,-0.0157349,0
22,7.5,0,0.136756,-0.0162737,0
22,7.6,0,0.146701,-0.0167748,0
22,7.7,0,0.156846,-0.0170941,0
22,7.8,0,0.167173,-0.0175209,0
22,7.9,0,0.177461,-0.0177912,0
22,8,0,0.187957,-0.0180549,0
22,8.1,0,0.198541,-0.0183749,0
22,8.2,0,0.208677,-0.0184004,0
22,8.3,0,0.218975,-0.0185163,0
22,8.4,0,0.22939,-0.0187132,0
22,8.5,0,0.238817,-0.0184689,0
22,8.6,0,0.248397,-0.0183964,0
22,8.7,0,0.258157,-0.0184495,0
22,8.8,0,0.26628,-0.0179528,0
22,8.9,0,0.274665,-0.017707,0
22,9,0,0.283173,-0.0175722,0
22,9.1,0,0.289602,-0.0169415,0
22,9.2,0,0.296419,-0.0165655,0
22,9.3,0,0.303004,-0.0162001,0
22,9.4,0,0.307783,-0.0156047,0
22,9.5,0,0.312853,-0.0151553,0
22,9.6,0,0.317346,-0.0146572,0
22,9.7,0,0.320544,-0.0141348,0
22,9.8,0,0.323918,-0.0136666,0
22,9.9,0,0.326419,-0.0131397,0
22,10,0,0.328332,-0.0126933,0
22,10.1,0,0.330489,-0.0122452,0
22,10.2,0,0.331299,-0.0117835,0
22,10.3,0,0.332075,-0.0113815,0
22,10.4,0,0.333473,-0.0109459,0
22,10.5,0,0.33289,-0.0105911,0
22,10.6,0,0.332862,-0.0102415,0
22,10.7,0,0.333929,-0.009805,0
22,10.8,0,0.332246,-0.00957405,0
22,10.9,0,0.331702,-0.00927636,0
22,11,0,0.332197,-0.00888644,0
22,11.1,0,0.330245,-0.00872082,0
22,11.2,0,0.329412,-0.00847127,0
22,11.3,0,0.329245,-0.00816767,0
22,11.4,0,0.327562,-0.00801243,0
22,11.5,0,0.326613,-0.00780659,0
22,11.6,0,0.325933,-0.00758393,0
22,11.7,0,0.32472,-0.00743225,0
22,11.8,0,0.323931,-0.00726457,0
22,11.9,0,0.322933,-0.00709792,0
22,12,0,0.322163,-0.00697037,0
22,12.1,0,0.322034,-0.0068592,0
22,12.2,0,0.320803,-0.00671168,0
22,12.3,0,0.320297,-0.00661986,0
22,12.4,0,0.320953,-0.00662313,0
22,12.5,0,0.319594,-0.00639885,0
22,12.6,0,0.31942,-0.00636239,0
22,12.7,0,0.320899,-0.00658351,0
22.1,0,0,0.319573,-0.0570248,0
22.1,0.1,0,0.318242,-0.0564814,0
22.1,0.2,0,0.317678,-0.0561762,0
22.1,0.3,0,0.316072,-0.0555342,0
22.1,0.4,0,0.313959,-0.0547176,0
22.1,0.5,0,0.312353,-0.0537765,0
22.1,0.6,0,0.308938,-0.0527972,0
22.1,0.7,0,0.306158,-0.0516194,0
22.1,0.8,0,0.302485,-0.0502874,0
22.1,0.9,0,0.298494,-0.0489847,0
22.1,1,0,0.294187,-0.0469898,0
22.1,1.1,0,0.288826,-0.0455456,0
22.1,1.2,0,0.283475,-0.0435068,0
22.1,1.3,0,0.27717,-0.0413205,0
22.1,1.4,0,0.270649,-0.0392839,0
22.1,1.5,0,0.263445,-0.0363455,0
22.1,1.6,0,0.255571,-0.0342421,0
22.1,1.7,0,0.247536,-0.0314531,0
22.1,1.8,0,0.238708,-0.0286002,0
22.1,1.9,0,0.229681,-0.0259476,0
22.1,2,0,0.220415,-0.0225658,0
22.1,2.1,0,0.210411,-0.0200116,0
22.1,2.2,0,0.200613,-0.0169392,0
22.1,2.3,0,0.19049,-0.0139708,0
22.1,2.4,0,0.180102,-0.0111851,0
22.1,2.5,0,0.170523,-0.00810999,0
22.1,2.6,0,0.159898,-0.00565514,0
22.1,2.7,0,0.150105,-0.00298185,0
22.1,2.8,0,0.140606,-0.000601379,0
22.1,2.9,0,0.130755,0.00166189,0
22.1,3,0,0.122707,0.00376156,0
22.1,3.1,0,0.113402,0.00550479,0
22.1,3.2,0,0.105369,0.00721225,0
22.1,3.3,0,0.0980794,0.00851655,0
22.1,3.4,0,0.0904021,0.00978136,0
22.1,3.5,0,0.0848656,0.0106477,0
22.1,3.6,0,0.07815,0.0113515,0
22.1,3.7,0,0.072697,0.011924,0
22.1,3.8,0,0.0680583,0.0121111,0
22.1,3.9,0,0.0630807,0.012314,0
22.1,4,0,0.059864,0.0121427,0
22.1,4.1,0,0.0557635,0.0118983,0
22.1,4.2,0,0.052596,0.0115592,0
22.1,4.3,0,0.0500058,0.0109434,0
22.1,4.4,0,0.0471933,0.0103692,0
22.1,4.5,0,0.0455029,0.00955657,0
22.1,4.6,0,0.043221,0.00871624,0
22.1,4.7,0,0.0415649,0.00784127,0
22.1,4.8,0,0.0401943,0.00680795,0
22.1,4.9,0,0.0388641,0.00594537,0
22.1,5,0,0.0383726,0.00512071,0
22.1,5.1,0,0.0371382,0.00362505,0
22.1,5.2,0,0.0364768,0.00250869,0
22.1,5.3,0,0.0360421,0.0013785,0
22.1,5.4,0,0.0358542,0.000241327,0
22.1,5.5,0,0.0359395,-0.000896159,0
22.1,5.6,0,0.0363302,-0.00202793,0
22.1,5.7,0,0.0370622,-0.00314855,0
22.1,5.8,0,0.0381751,-0.00425309,0
22.1,5.9,0,0.0397097,-0.00533704,0
22.1,6,0,0.0417064,-0.00639638,0
22.1,6.1,0,0.0442039,-0.00742759,0
22.1,6.2,0,0.0472368,-0.00842766,0
22.1,6.3,0,0.0508344,-0.009394,0
22.1,6.4,0,0.0550189,-0.0103246,0
22.1,6.5,0,0.0598041,-0.011218,0
22.1,6.6,0,0.065195,-0.0120731,0
22.1,6.7,0,0.0711871,-0.0128892,0
22.1,6.8,0,0.0777666,-0.0136658,0
22.1,6.9,0,0.0849106,-0.0144046,0
22.1,7,0,0.0961717,-0.01542,0
22.1,7.1,0,0.101488,-0.0155278,0
22.1,7.2,0,0.108935,-0.0160759,0
22.1,7.3,0,0.118291,-0.0168831,0
22.1,7.4,0,0.127251,-0.0170604,0
22.1,7.5,0,0.137075,-0.0176609,0
22.1,7.6,0,0.147168,-0.0182318,0
22.1,7.7,0,0.156937,-0.0183302,0
22.1,7.8,0,0.167468,-0.0188746,0
22.1,7.9,0,0.177792,-0.0191655,0
22.1,8,0,0.187911,-0.019196,0
22.1,8.1,0,0.198707,-0.0196529,0
22.1,8.2,0,0.208738,-0.0196124,0
22.1,8.3,0,0.218763,-0.0195554,0
22.1,8.4,0,0.229369,-0.0198844,0
22.1,8.5,0,0.238557,-0.0194808,0
22.1,8.6,0,0.248013,-0.0193253,0
22.1,8.7,0,0.257953,-0.0195047,0
22.1,8.8,0,0.265733,-0.0187677,0
22.1,8.9,0,0.274119,-0.0185219,0
22.1,9,0,0.282822,-0.0185042,0
22.1,9.1,0,0.288907,-0.0176467,0
22.1,9.2,0,0.295778,-0.0172923,0
22.1,9.3,0,0.302563,-0.0170058,0
22.1,9.4,0,0.306949,-0.0162134,0
22.1,9.5,0,0.312236,-0.0158079,0
22.1,9.6,0,0.316876,-0.0153396,0
22.1,9.7,0,0.319582,-0.0146664,0
22.1,9.8,0,0.323458,-0.0142347,0
22.1,9.9,0,0.325957,-0.0137066,0
22.1,10,0,0.327256,-0.0131693,0
22.1,10.1,0,0.330093,-0.0127167,0
22.1,10.2,0,0.330591,-0.0122421,0
22.1,10.3,0,0.330904,-0.0118209,0
22.1,10.4,0,0.333141,-0.0113401,0
22.1,10.5,0,0.33184,-0.0110031,0
22.1,10.6,0,0.331615,-0.0106583,0
22.1,10.7,0,0.333659,-0.0101446,0
22.1,10.8,0,0.330944,-0.00997697,0
22.1,10.9,0,0.3304,-0.00967929,0
22.1,11,0,0.331978,-0.00919457,0
22.1,11.1,0,0.328902,-0.00911325,0
22.1,11.2,0,0.328467,-0.00883157,0
22.1,11.3,0,0.329066,-0.00846619,0
22.1,11.4,0,0.326187,-0.00839337,0
22.1,11.5,0,0.326126,-0.00813528,0
22.1,11.6,0,0.325784,-0.00789267,0
22.1,11.7,0,0.323319,-0.00779698,0
22.1,11.8,0,0.323805,-0.00760092,0
22.1,11.9,0,0.322613,-0.00743547,0
22.1,12,0,0.320741,-0.0073148,0
22.1,12.1,0,0.321928,-0.00723728,0
22.1,12.2,0,0.319995,-0.00705976,0
22.1,12.3,0,0.31887,-0.00694141,0
22.1,12.4,0,0.320863,-0.00705418,0
22.1,12.5,0,0.318304,-0.00666839,0
22.1,12.6,0,0.318014,-0.0066164,0
22.1,12.7,0,0.320816,-0.00704358,0
22.2,0,0,0.319122,-0.0576501,0
22.2,0.1,0,0.317603,-0.0570399,0
22.2,0.2,0,0.317085,-0.0567073,0
22.2,0.3,0,0.315479,-0.0560653,0
22.2,0.4,0,0.312994,-0.0551327,0
22.2,0.5,0,0.311441,-0.0541358,0
22.2,0.6,0,0.307826,-0.053171,0
22.2,0.7,0,0.304867,-0.0518152,0
22.2,0.8,0,0.301195,-0.0504833,0
22.2,0.9,0,0.296927,-0.0491836,0
22.2,1,0,0.292483,-0.0470114,0
22.2,1.1,0,0.287049,-0.0456646,0
22.2,1.2,0,0.281357,-0.0433557,0
22.2,1.3,0,0.275053,-0.0411694,0
22.2,1.4,0,0.26837,-0.0391959,0
22.2,1.5,0,0.260958,-0.0360387,0
22.2,1.6,0,0.253071,-0.034061,0
22.2,1.7,0,0.244772,-0.0310258,0
22.2,1.8,0,0.235944,-0.0281729,0
22.2,1.9,0,0.226852,-0.0256182,0
22.2,2,0,0.217512,-0.0220692,0
22.2,2.1,0,0.207469,-0.0196241,0
22.2,2.2,0,0.197736,-0.0164353,0
22.2,2.3,0,0.187614,-0.0134669,0
22.2,2.4,0,0.177222,-0.010791,0
22.2,2.5,0,0.167849,-0.00766415,0
22.2,2.6,0,0.157108,-0.005276,0
22.2,2.7,0,0.147794,-0.00265417,0
22.2,2.8,0,0.138294,-0.000273704,0
22.2,2.9,0,0.128461,0.00188756,0
22.2,3,0,0.12088,0.00392424,0
22.2,3.1,0,0.111398,0.00564208,0
22.2,3.2,0,0.104094,0.00718138,0
22.2,3.3,0,0.0968045,0.00848567,0
22.2,3.4,0,0.089138,0.0096675,0
22.2,3.5,0,0.0841537,0.0104144,0
22.2,3.6,0,0.0772581,0.0111131,0
22.2,3.7,0,0.072507,0.011497,0
22.2,3.8,0,0.0678683,0.0116841,0
22.2,3.9,0,0.0628837,0.011823,0
22.2,4,0,0.060118,0.0115426,0
22.2,4.1,0,0.055878,0.0112932,0
22.2,4.2,0,0.0531983,0.0108119,0
22.2,4.3,0,0.0506081,0.0101961,0
22.2,4.4,0,0.0477653,0.00957132,0
22.2,4.5,0,0.046357,0.00868711,0
22.2,4.6,0,0.0439701,0.00783674,0
22.2,4.7,0,0.0425852,0.00686961,0
22.2,4.8,0,0.0412146,0.00583629,0
22.2,4.9,0,0.0397776,0.00490095,0
22.2,5,0,0.0394796,0.00407107,0
22.2,5.1,0,0.038277,0.00252746,0
22.2,5.2,0,0.03763,0.0013763,0
22.2,5.3,0,0.0372026,0.000211664,0
22.2,5.4,0,0.0370156,-0.000959702,0
22.2,5.5,0,0.037096,-0.00213118,0
22.2,5.6,0,0.0374761,-0.00329672,0
22.2,5.7,0,0.0381927,-0.00445076,0
22.2,5.8,0,0.0392856,-0.00558814,0
22.2,5.9,0,0.0407959,-0.00670408,0
22.2,6,0,0.0427647,-0.00779421,0
22.2,6.1,0,0.045231,-0.00885459,0
22.2,6.2,0,0.0482301,-0.00988177,0
22.2,6.3,0,0.0517918,-0.0108727,0
22.2,6.4,0,0.0559389,-0.011825,0
22.2,6.5,0,0.0606857,-0.0127367,0
22.2,6.6,0,0.0660377,-0.0136065,0
22.2,6.7,0,0.0719909,-0.0144332,0
22.2,6.8,0,0.0785315,-0.0152163,0
22.2,6.9,0,0.0856371,-0.0159572,0
22.2,7,0,0.096843,-0.0169682,0
22.2,7.1,0,0.10189,-0.0170204,0
22.2,7.2,0,0.109516,-0.0175949,0
22.2,7.3,0,0.118872,-0.0184021,0
22.2,7.4,0,0.127566,-0.0184487,0
22.2,7.5,0,0.137542,-0.0191179,0
22.2,7.6,0,0.147635,-0.0196887,0
22.2,7.7,0,0.157029,-0.0195663,0
22.2,7.8,0,0.167799,-0.020249,0
22.2,7.9,0,0.178124,-0.0205399,0
22.2,8,0,0.187865,-0.0203372,0
22.2,8.1,0,0.198872,-0.0209308,0
22.2,8.2,0,0.208904,-0.0208904,0
22.2,8.3,0,0.218564,-0.0206039,0
22.2,8.4,0,0.229347,-0.0210555,0
22.2,8.5,0,0.238536,-0.0206519,0
22.2,8.6,0,0.24771,-0.0203113,0
22.2,8.7,0,0.257749,-0.0205599,0
22.2,8.8,0,0.265516,-0.0198134,0
22.2,8.9,0,0.273736,-0.0194344,0
22.2,9,0,0.282471,-0.0194362,0
22.2,9.1,0,0.288411,-0.0184833,0
22.2,9.2,0,0.295337,-0.018098,0
22.2,9.3,0,0.302122,-0.0178115,0
22.2,9.4,0,0.306192,-0.0168609,0
22.2,9.5,0,0.311766,-0.0164903,0
22.2,9.6,0,0.316406,-0.0160219,0
22.2,9.7,0,0.31862,-0.0151981,0
22.2,9.8,0,0.32301,-0.0148037,0
22.2,9.9,0,0.325509,-0.0142756,0
22.2,10,0,0.32618,-0.0136452,0
22.2,10.1,0,0.329697,-0.0131881,0
22.2,10.2,0,0.330195,-0.0127135,0
22.2,10.3,0,0.329898,-0.0122513,0
22.2,10.4,0,0.332809,-0.0117343,0
22.2,10.5,0,0.331508,-0.0113973,0
22.2,10.6,0,0.330934,-0.0110305,0
22.2,10.7,0,0.333388,-0.0104842,0
22.2,10.8,0,0.330501,-0.0103271,0
22.2,10.9,0,0.330138,-0.00999116,0
22.2,11,0,0.33176,-0.0095027,0
22.2,11.1,0,0.328066,-0.00946759,0
22.2,11.2,0,0.328288,-0.00913009,0
22.2,11.3,0,0.328887,-0.00876471,0
22.2,11.4,0,0.324896,-0.00876852,0
22.2,11.5,0,0.325976,-0.00844402,0
22.2,11.6,0,0.325635,-0.00820142,0
22.2,11.7,0,0.321917,-0.00816171,0
22.2,11.8,0,0.323679,-0.00793726,0
22.2,11.9,0,0.322487,-0.00777181,0
22.2,12,0,0.319319,-0.00765923,0
22.2,12.1,0,0.321821,-0.00761536,0
22.2,12.2,0,0.319889,-0.00743784,0
22.2,12.3,0,0.317877,-0.0072985,0
22.2,12.4,0,0.320773,-0.00748522,0
22.2,12.5,0,0.318214,-0.00709943,0
22.2,12.6,0,0.317542,-0.00701591,0
22.2,12.7,0,0.320734,-0.00750365,0
22.3,0,0,0.31867,-0.0582753,0
22.3,0.1,0,0.317151,-0.0576651,0
22.3,0.2,0,0.316492,-0.0572385,0
22.3,0.3,0,0.314886,-0.0565965,0
22.3,0.4,0,0.312082,-0.0554921,0
22.3,0.5,0,0.310529,-0.0544951,0
22.3,0.6,0,0.306914,-0.0535304,0
22.3,0.7,0,0.303576,-0.0520111,0
22.3,0.8,0,0.299904,-0.0506791,0
22.3,0.9,0,0.295223,-0.0492052,0
22.3,1,0,0.29078,-0.0470331,0
22.3,1.1,0,0.285346,-0.0456862,0
22.3,1.2,0,0.27924,-0.0432046,0
22.3,1.3,0,0.272935,-0.0410183,0
22.3,1.4,0,0.265882,-0.0388892,0
22.3,1.5,0,0.25847,-0.035732,0
22.3,1.6,0,0.250584,-0.0337542,0
22.3,1.7,0,0.242008,-0.0305985,0
22.3,1.8,0,0.23318,-0.0277456,0
22.3,1.9,0,0.223948,-0.0251215,0
22.3,2,0,0.214608,-0.0215725,0
22.3,2.1,0,0.204565,-0.0191274,0
22.3,2.2,0,0.19486,-0.0159313,0
22.3,2.3,0,0.184737,-0.0129629,0
22.3,2.4,0,0.174548,-0.0103451,0
22.3,2.5,0,0.165175,-0.00721832,0
22.3,2.6,0,0.154434,-0.00483016,0
22.3,2.7,0,0.145482,-0.0023265,0
22.3,2.8,0,0.135983,5.39699e-05,0
22.3,2.9,0,0.126634,0.00205024,0
22.3,3,0,0.119052,0.00408691,0
22.3,3.1,0,0.10957,0.00580476,0
22.3,3.2,0,0.10282,0.0071505,0
22.3,3.3,0,0.0955296,0.00845479,0
22.3,3.4,0,0.0884261,0.00943422,0
22.3,3.5,0,0.0834419,0.0101812,0
22.3,3.6,0,0.0765462,0.0108798,0
22.3,3.7,0,0.072317,0.0110699,0
22.3,3.8,0,0.0676783,0.011257,0
22.3,3.9,0,0.0631377,0.0112229,0
22.3,4,0,0.060372,0.0109424,0
22.3,4.1,0,0.056132,0.010693,0
22.3,4.2,0,0.0538006,0.0100645,0
22.3,4.3,0,0.0512104,0.00944873,0
22.3,4.4,0,0.0486194,0.00870185,0
22.3,4.5,0,0.0472111,0.00781765,0
22.3,4.6,0,0.0448242,0.00696728,0
22.3,4.7,0,0.0436055,0.00589795,0
22.3,4.8,0,0.0422349,0.00486463,0
22.3,4.9,0,0.0408846,0.00385131,0
22.3,5,0,0.0405866,0.00302144,0
22.3,5.1,0,0.0394157,0.00142986,0
22.3,5.2,0,0.0387832,0.000243922,0
22.3,5.3,0,0.0383631,-0.000955177,0
22.3,5.4,0,0.038177,-0.00216073,0
22.3,5.5,0,0.0382524,-0.0033662,0
22.3,5.6,0,0.0386221,-0.00456551,0
22.3,5.7,0,0.0393232,-0.00575296,0
22.3,5.8,0,0.040396,-0.00692319,0
22.3,5.9,0,0.0418821,-0.00807113,0
22.3,6,0,0.0438229,-0.00919204,0
22.3,6.1,0,0.0462581,-0.0102816,0
22.3,6.2,0,0.0492235,-0.0113359,0
22.3,6.3,0,0.0527493,-0.0123514,0
22.3,6.4,0,0.0568589,-0.0133254,0
22.3,6.5,0,0.0615673,-0.0142555,0
22.3,6.6,0,0.0668804,-0.0151398,0
22.3,6.7,0,0.0727946,-0.0159772,0
22.3,6.8,0,0.0792965,-0.0167668,0
22.3,6.9,0,0.0863637,-0.0175099,0
22.3,7,0,0.0975142,-0.0185164,0
22.3,7.1,0,0.102561,-0.0185687,0
22.3,7.2,0,0.110097,-0.0191139,0
22.3,7.3,0,0.119453,-0.0199211,0
22.3,7.4,0,0.128147,-0.0199677,0
22.3,7.5,0,0.138009,-0.0205749,0
22.3,7.6,0,0.148102,-0.0211457,0
22.3,7.7,0,0.157548,-0.0210531,0
22.3,7.8,0,0.168131,-0.0216233,0
22.3,7.9,0,0.178455,-0.0219142,0
22.3,8,0,0.188176,-0.0217035,0
22.3,8.1,0,0.199037,-0.0222088,0
22.3,8.2,0,0.209069,-0.0221683,0
22.3,8.3,0,0.218611,-0.021818,0
22.3,8.4,0,0.229326,-0.0222267,0
22.3,8.5,0,0.238514,-0.021823,0
22.3,8.6,0,0.247506,-0.0213665,0
22.3,8.7,0,0.257546,-0.0216151,0
22.3,8.8,0,0.265313,-0.0208686,0
22.3,8.9,0,0.273385,-0.0203664,0
22.3,9,0,0.28212,-0.0203683,0
22.3,9.1,0,0.28806,-0.0194153,0
22.3,9.2,0,0.294896,-0.0189036,0
22.3,9.3,0,0.30168,-0.0186171,0
22.3,9.4,0,0.30577,-0.0176705,0
22.3,9.5,0,0.311296,-0.0171727,0
22.3,9.6,0,0.315936,-0.0167043,0
22.3,9.7,0,0.318282,-0.0158689,0
22.3,9.8,0,0.322562,-0.0153727,0
22.3,9.9,0,0.32506,-0.0148446,0
22.3,10,0,0.325931,-0.0141579,0
22.3,10.1,0,0.329301,-0.0136596,0
22.3,10.2,0,0.329799,-0.013185,0
22.3,10.3,0,0.329607,-0.0126472,0
22.3,10.4,0,0.332477,-0.0121285,0
22.3,10.5,0,0.331176,-0.0117915,0
22.3,10.6,0,0.330663,-0.0113701,0
22.3,10.7,0,0.333118,-0.0108238,0
22.3,10.8,0,0.330231,-0.0106667,0
22.3,10.9,0,0.329919,-0.0102993,0
22.3,11,0,0.331541,-0.00981083,0
22.3,11.1,0,0.327847,-0.00977572,0
22.3,11.2,0,0.328109,-0.00942861,0
22.3,11.3,0,0.328707,-0.00906323,0
22.3,11.4,0,0.324938,-0.00905406,0
22.3,11.5,0,0.325827,-0.00875276,0
22.3,11.6,0,0.325486,-0.00851016,0
22.3,11.7,0,0.322094,-0.00847195,0
22.3,11.8,0,0.323553,-0.0082736,0
22.3,11.9,0,0.322361,-0.00810815,0
22.3,12,0,0.319535,-0.00803291,0
22.3,12.1,0,0.321714,-0.00799344,0
22.3,12.2,0,0.319782,-0.00781592,0
22.3,12.3,0,0.317787,-0.00772954,0
22.3,12.4,0,0.320682,-0.00791627,0
22.3,12.5,0,0.318123,-0.00753048,0
22.3,12.6,0,0.31746,-0.00747598,0
22.3,12.7,0,0.320651,-0.00796372,0
22.4,0,0,0.318219,-0.0589006,0
22.4,0.1,0,0.316832,-0.0582982,0
22.4,0.2,0,0.315899,-0.0577696,0
22.4,0.3,0,0.314293,-0.0571276,0
22.4,0.4,0,0.311531,-0.0559287,0
22.4,0.5,0,0.309618,-0.0548545,0
22.4,0.6,0,0.305938,-0.0537226,0
22.4,0.7,0,0.302286,-0.052207,0
22.4,0.8,0,0.298613,-0.050875,0
22.4,0.9,0,0.293701,-0.0491383,0
22.4,1,0,0.289076,-0.0470548,0
22.4,1.1,0,0.28337,-0.0454177,0
22.4,1.2,0,0.277122,-0.0430535,0
22.4,1.3,0,0.270817,-0.0408672,0
22.4,1.4,0,0.263439,-0.0384197,0
22.4,1.5,0,0.255983,-0.0354253,0
22.4,1.6,0,0.247865,-0.0331651,0
22.4,1.7,0,0.239244,-0.0301712,0
22.4,1.8,0,0.230416,-0.0273183,0
22.4,1.9,0,0.221067,-0.0244557,0
22.4,2,0,0.211704,-0.0210758,0
22.4,2.1,0,0.20174,-0.018473,0
22.4,2.2,0,0.191983,-0.0154274,0
22.4,2.3,0,0.181861,-0.0124589,0
22.4,2.4,0,0.171978,-0.00977535,0
22.4,2.5,0,0.162501,-0.00677248,0
22.4,2.6,0,0.152247,-0.00439832,0
22.4,2.7,0,0.143171,-0.00199882,0
22.4,2.8,0,0.133671,0.000381644,0
22.4,2.9,0,0.125017,0.00227419,0
22.4,3,0,0.117225,0.00424959,0
22.4,3.1,0,0.108485,0.00582838,0
22.4,3.2,0,0.101545,0.00711962,0
22.4,3.3,0,0.0942548,0.00842391,0
22.4,3.4,0,0.0879722,0.00921774,0
22.4,3.5,0,0.08273,0.00994788,0
22.4,3.6,0,0.0765533,0.0104792,0
22.4,3.7,0,0.0721269,0.0106428,0
22.4,3.8,0,0.0674882,0.0108299,0
22.4,3.9,0,0.0636165,0.0106273,0
22.4,4,0,0.060626,0.0103423,0
22.4,4.1,0,0.0568926,0.00996724,0
22.4,4.2,0,0.0544029,0.00931718,0
22.4,4.3,0,0.0518127,0.00870138,0
22.4,4.4,0,0.0496375,0.00784314,0
22.4,4.5,0,0.0480652,0.00694819,0
22.4,4.6,0,0.0459733,0.00601974,0
22.4,4.7,0,0.0446258,0.0049263,0
22.4,4.8,0,0.0432552,0.00389298,0
22.4,4.9,0,0.0421815,0.00286463,0
22.4,5,0,0.0416936,0.0019718,0
22.4,5.1,0,0.0405545,0.00033226,0
22.4,5.2,0,0.0399363,-0.00088846,0
22.4,5.3,0,0.0395236,-0.00212202,0
22.4,5.4,0,0.0393384,-0.00336176,0
22.4,5.5,0,0.0394088,-0.00460122,0
22.4,5.6,0,0.039768,-0.00583429,0
22.4,5.7,0,0.0404537,-0.00705516,0
22.4,5.8,0,0.0415064,-0.00825824,0
22.4,5.9,0,0.0429683,-0.00943817,0
22.4,6,0,0.0448812,-0.0105899,0
22.4,6.1,0,0.0472853,-0.0117086,0
22.4,6.2,0,0.0502168,-0.01279,0
22.4,6.3,0,0.0537067,-0.0138302,0
22.4,6.4,0,0.0577789,-0.0148258,0
22.4,6.5,0,0.0624489,-0.0157742,0
22.4,6.6,0,0.0677231,-0.0166732,0
22.4,6.7,0,0.0735983,-0.0175212,0
22.4,6.8,0,0.0800615,-0.0183173,0
22.4,6.9,0,0.0870903,-0.0190625,0
22.4,7,0,0.0981854,-0.0200647,0
22.4,7.1,0,0.103681,-0.020204,0
22.4,7.2,0,0.110826,-0.0206636,0
22.4,7.3,0,0.120034,-0.0214401,0
22.4,7.4,0,0.128986,-0.0216083,0
22.4,7.5,0,0.138476,-0.0220318,0
22.4,7.6,0,0.148569,-0.0226027,0
22.4,7.7,0,0.158255,-0.0226483,0
22.4,7.8,0,0.168462,-0.0229977,0
22.4,7.9,0,0.178786,-0.0232886,0
22.4,8,0,0.188719,-0.0232146,0
22.4,8.1,0,0.199203,-0.0234868,0
22.4,8.2,0,0.209235,-0.0234463,0
22.4,8.3,0,0.218967,-0.0232279,0
22.4,8.4,0,0.229305,-0.0233978,0
22.4,8.5,0,0.238493,-0.0229942,0
22.4,8.6,0,0.247593,-0.022615,0
22.4,8.7,0,0.257342,-0.0226703,0
22.4,8.8,0,0.265166,-0.0219577,0
22.4,8.9,0,0.273177,-0.0213986,0
22.4,9,0,0.281769,-0.0213003,0
22.4,9.1,0,0.28788,-0.0204147,0
22.4,9.2,0,0.294467,-0.0197173,0
22.4,9.3,0,0.301239,-0.0194228,0
22.4,9.4,0,0.305693,-0.0185499,0
22.4,9.5,0,0.310826,-0.0178551,0
22.4,9.6,0,0.315466,-0.0173867,0
22.4,9.7,0,0.318325,-0.0165886,0
22.4,9.8,0,0.322113,-0.0159416,0
22.4,9.9,0,0.324612,-0.0154135,0
22.4,10,0,0.326163,-0.0147223,0
22.4,10.1,0,0.328905,-0.014131,0
22.4,10.2,0,0.329403,-0.0136564,0
22.4,10.3,0,0.330051,-0.0130735,0
22.4,10.4,0,0.332145,-0.0125227,0
22.4,10.5,0,0.330878,-0.012183,0
22.4,10.6,0,0.331007,-0.0116945,0
22.4,10.7,0,0.332848,-0.0111634,0
22.4,10.8,0,0.330412,-0.0109668,0
22.4,10.9,0,0.329999,-0.0105891,0
22.4,11,0,0.331322,-0.010119,0
22.4,11.1,0,0.328558,-0.0100089,0
22.4,11.2,0,0.32793,-0.00972713,0
22.4,11.3,0,0.328528,-0.00936175,0
22.4,11.4,0,0.325984,-0.00928039,0
22.4,11.5,0,0.325678,-0.00906151,0
22.4,11.6,0,0.325336,-0.00881891,0
22.4,11.7,0,0.32322,-0.00875231,0
22.4,11.8,0,0.323427,-0.00860995,0
22.4,11.9,0,0.322235,-0.0084445,0
22.4,12,0,0.320725,-0.0084029,0
22.4,12.1,0,0.321607,-0.00837153,0
22.4,12.2,0,0.319675,-0.008194,0
22.4,12.3,0,0.318919,-0.0082129,0
22.4,12.4,0,0.320592,-0.00834731,0
22.4,12.5,0,0.318248,-0.00799496,0
22.4,12.6,0,0.318093,-0.00803233,0
22.4,12.7,0,0.320568,-0.00842379,0
22.5,0,0,0.317767,-0.0595258,0
22.5,0.1,0,0.316528,-0.0589321,0
22.5,0.2,0,0.315435,-0.058347,0
22.5,0.3,0,0.313737,-0.0576201,0
22.5,0.4,0,0.311021,-0.056374,0
22.5,0.5,0,0.308706,-0.0552138,0
22.5,0.6,0,0.304955,-0.0538962,0
22.5,0.7,0,0.301134,-0.0523928,0
22.5,0.8,0,0.297228,-0.0509482,0
22.5,0.9,0,0.292199,-0.0490615,0
22.5,1,0,0.287372,-0.0470764,0
22.5,1.1,0,0.281364,-0.045117,0
22.5,1.2,0,0.275055,-0.0428351,0
22.5,1.3,0,0.268555,-0.0405647,0
22.5,1.4,0,0.261001,-0.0379321,0
22.5,1.5,0,0.253496,-0.0351186,0
22.5,1.6,0,0.245121,-0.0325446,0
22.5,1.7,0,0.236489,-0.029657,0
22.5,1.8,0,0.227601,-0.0267752,0
22.5,1.9,0,0.218188,-0.0237711,0
22.5,2,0,0.208801,-0.0205791,0
22.5,2.1,0,0.198924,-0.0178011,0
22.5,2.2,0,0.189134,-0.0148478,0
22.5,2.3,0,0.179127,-0.0119192,0
22.5,2.4,0,0.16942,-0.00919177,0
22.5,2.5,0,0.159827,-0.00632665,0
22.5,2.6,0,0.150113,-0.00396804,0
22.5,2.7,0,0.14094,-0.00162497,0
22.5,2.8,0,0.131683,0.000665706,0
22.5,2.9,0,0.123423,0.00250495,0
22.5,3,0,0.115398,0.00441227,0
22.5,3.1,0,0.107483,0.00583654,0
22.5,3.2,0,0.100392,0.00710631,0
22.5,3.3,0,0.0933622,0.00831035,0
22.5,3.4,0,0.0875469,0.00900314,0
22.5,3.5,0,0.0820181,0.0097146,0
22.5,3.6,0,0.0766404,0.0100599,0
22.5,3.7,0,0.0720616,0.0102193,0
22.5,3.8,0,0.0676104,0.0103273,0
22.5,3.9,0,0.0641203,0.0100322,0
22.5,4,0,0.06088,0.0097421,0
22.5,4.1,0,0.0577095,0.00922747,0
22.5,4.2,0,0.0551018,0.00857324,0
22.5,4.3,0,0.0526103,0.00790446,0
22.5,4.4,0,0.0506737,0.00698562,0
22.5,4.5,0,0.0489194,0.00607872,0
22.5,4.6,0,0.0471552,0.00506353,0
22.5,4.7,0,0.0457189,0.00396159,0
22.5,4.8,0,0.0444095,0.00291771,0
22.5,4.9,0,0.0434996,0.00188496,0
22.5,5,0,0.0428006,0.000922161,0
22.5,5.1,0,0.0416933,-0.000765337,0
22.5,5.2,0,0.0410895,-0.00202084,0
22.5,5.3,0,0.0406841,-0.00328886,0
22.5,5.4,0,0.0404998,-0.00456279,0
22.5,5.5,0,0.0405652,-0.00583624,0
22.5,5.6,0,0.040914,-0.00710308,0
22.5,5.7,0,0.0415842,-0.00835736,0
22.5,5.8,0,0.0426168,-0.00959329,0
22.5,5.9,0,0.0440545,-0.0108052,0
22.5,6,0,0.0459395,-0.0119877,0
22.5,6.1,0,0.0483124,-0.0131356,0
22.5,6.2,0,0.0512101,-0.0142441,0
22.5,6.3,0,0.0546641,-0.0153089,0
22.5,6.4,0,0.0586989,-0.0163262,0
22.5,6.5,0,0.0633304,-0.017293,0
22.5,6.6,0,0.0685658,-0.0182066,0
22.5,6.7,0,0.074402,-0.0190652,0
22.5,6.8,0,0.0808265,-0.0198677,0
22.5,6.9,0,0.0878169,-0.0206152,0
22.5,7,0,0.0988566,-0.0216129,0
22.5,7.1,0,0.105177,-0.0219124,0
22.5,7.2,0,0.112322,-0.022372,0
22.5,7.3,0,0.120615,-0.022959,0
22.5,7.4,0,0.129846,-0.0232588,0
22.5,7.5,0,0.13925,-0.0236399,0
22.5,7.6,0,0.149037,-0.0240596,0
22.5,7.7,0,0.158961,-0.0242435,0
22.5,7.8,0,0.168943,-0.0244602,0
22.5,7.9,0,0.179148,-0.0246827,0
22.5,8,0,0.189261,-0.0247258,0
22.5,8.1,0,0.199375,-0.0247689,0
22.5,8.2,0,0.2095,-0.0247938,0
22.5,8.3,0,0.219323,-0.0246379,0
22.5,8.4,0,0.229283,-0.024569,0
22.5,8.5,0,0.238636,-0.02428,0
22.5,8.6,0,0.247752,-0.0239124,0
22.5,8.7,0,0.257138,-0.0237255,0
22.5,8.8,0,0.265157,-0.02313,0
22.5,8.9,0,0.273168,-0.0225708,0
22.5,9,0,0.281419,-0.0222323,0
22.5,9.1,0,0.287783,-0.0214472,0
22.5,9.2,0,0.29437,-0.0207498,0
22.5,9.3,0,0.300798,-0.0202285,0
22.5,9.4,0,0.305616,-0.0194292,0
22.5,9.5,0,0.310612,-0.0186662,0
22.5,9.6,0,0.314996,-0.0180691,0
22.5,9.7,0,0.318369,-0.0173083,0
22.5,9.8,0,0.321798,-0.0165516,0
22.5,9.9,0,0.324348,-0.0159812,0
22.5,10,0,0.326394,-0.0152868,0
22.5,10.1,0,0.328509,-0.0146025,0
22.5,10.2,0,0.329555,-0.0140983,0
22.5,10.3,0,0.330494,-0.0134997,0
22.5,10.4,0,0.331814,-0.0129169,0
22.5,10.5,0,0.331522,-0.0124999,0
22.5,10.6,0,0.331651,-0.0120114,0
22.5,10.7,0,0.332577,-0.011503,0
22.5,10.8,0,0.331225,-0.0112116,0
22.5,10.9,0,0.330812,-0.0108339,0
22.5,11,0,0.331103,-0.0104271,0
22.5,11.1,0,0.329503,-0.0102231,0
22.5,11.2,0,0.328771,-0.00994912,0
22.5,11.3,0,0.328349,-0.00966027,0
22.5,11.4,0,0.327031,-0.00950671,0
22.5,11.5,0,0.326158,-0.00932687,0
22.5,11.6,0,0.325209,-0.00912715,0
22.5,11.7,0,0.324346,-0.00903267,0
22.5,11.8,0,0.323482,-0.00893819,0
22.5,11.9,0,0.322634,-0.00879427,0
22.5,12,0,0.321914,-0.0087729,0
22.5,12.1,0,0.321501,-0.00874961,0
22.5,12.2,0,0.320612,-0.00865757,0
22.5,12.3,0,0.320149,-0.00870048,0
22.5,12.4,0,0.320502,-0.00877836,0
22.5,12.5,0,0.319481,-0.00863207,0
22.5,12.6,0,0.319326,-0.00866944,0
22.5,12.7,0,0.320486,-0.00888386,0
22.6,0,0,0.317315,-0.0601511,0
22.6,0.1,0,0.316223,-0.059566,0
22.6,0.2,0,0.315131,-0.058981,0
22.6,0.3,0,0.313226,-0.0580654,0
22.6,0.4,0,0.31051,-0.0568193,0
22.6,0.5,0,0.307794,-0.0555731,0
22.6,0.6,0,0.303972,-0.0540698,0
22.6,0.7,0,0.300151,-0.0525664,0
22.6,0.8,0,0.295726,-0.0508714,0
22.6,0.9,0,0.290697,-0.0489847,0
22.6,1,0,0.285668,-0.0470981,0
22.6,1.1,0,0.279358,-0.0448162,0
22.6,1.2,0,0.273049,-0.0425343,0
22.6,1.3,0,0.266117,-0.040077,0
22.6,1.4,0,0.258563,-0.0374444,0
22.6,1.5,0,0.251008,-0.0348118,0
22.6,1.6,0,0.242376,-0.0319242,0
22.6,1.7,0,0.233744,-0.0290365,0
22.6,1.8,0,0.224722,-0.0260906,0
22.6,1.9,0,0.215309,-0.0230865,0
22.6,2,0,0.205897,-0.0200824,0
22.6,2.1,0,0.196107,-0.0171292,0
22.6,2.2,0,0.186318,-0.0141759,0
22.6,2.3,0,0.176569,-0.0113356,0
22.6,2.4,0,0.166861,-0.0086082,0
22.6,2.5,0,0.157153,-0.00588081,0
22.6,2.6,0,0.14798,-0.00353775,0
22.6,2.7,0,0.138806,-0.00119469,0
22.6,2.8,0,0.130089,0.000896462,0
22.6,2.9,0,0.12183,0.0027357,0
22.6,3,0,0.11357,0.00457495,0
22.6,3.1,0,0.10648,0.00584471,0
22.6,3.2,0,0.0993897,0.00711448,0
22.6,3.3,0,0.0929369,0.00809575,0
22.6,3.4,0,0.0871216,0.00878853,0
22.6,3.5,0,0.0813062,0.00948132,0
22.6,3.6,0,0.0767274,0.00964067,0
22.6,3.7,0,0.0721486,0.00980003,0
22.6,3.8,0,0.0681142,0.00973215,0
22.6,3.9,0,0.0646241,0.00943704,0
22.6,4,0,0.061134,0.00914194,0
22.6,4.1,0,0.0585263,0.00848771,0
22.6,4.2,0,0.0559186,0.00783348,0
22.6,4.3,0,0.0536465,0.00704694,0
22.6,4.4,0,0.05171,0.0061281,0
22.6,4.5,0,0.0497735,0.00520926,0
22.6,4.6,0,0.0483371,0.00410732,0
22.6,4.7,0,0.0469007,0.00300538,0
22.6,4.8,0,0.0457276,0.00193803,0
22.6,4.9,0,0.0448176,0.000905278,0
22.6,5,0,0.0439076,-0.000127476,0
22.6,5.1,0,0.0428321,-0.00186294,0
22.6,5.2,0,0.0422427,-0.00315322,0
22.6,5.3,0,0.0418446,-0.0044557,0
22.6,5.4,0,0.0416612,-0.00576382,0
22.6,5.5,0,0.0417216,-0.00707126,0
22.6,5.6,0,0.04206,-0.00837187,0
22.6,5.7,0,0.0427147,-0.00965957,0
22.6,5.8,0,0.0437273,-0.0109283,0
22.6,5.9,0,0.0451407,-0.0121723,0
22.6,6,0,0.0469978,-0.0133855,0
22.6,6.1,0,0.0493396,-0.0145626,0
22.6,6.2,0,0.0522035,-0.0156982,0
22.6,6.3,0,0.0556216,-0.0167876,0
22.6,6.4,0,0.0596189,-0.0178266,0
22.6,6.5,0,0.064212,-0.0188117,0
22.6,6.6,0,0.0694085,-0.01974,0
22.6,6.7,0,0.0752058,-0.0206092,0
22.6,6.8,0,0.0815914,-0.0214182,0
22.6,6.9,0,0.0885434,-0.0221678,0
22.6,7,0,0.0995278,-0.0231611,0
22.6,7.1,0,0.106673,-0.0236208,0
22.6,7.2,0,0.113818,-0.0240804,0
22.6,7.3,0,0.121302,-0.0245282,0
22.6,7.4,0,0.130706,-0.0249093,0
22.6,7.5,0,0.140109,-0.0252903,0
22.6,7.6,0,0.149686,-0.0256221,0
22.6,7.7,0,0.159668,-0.0258387,0
22.6,7.8,0,0.16965,-0.0260554,0
22.6,7.9,0,0.179691,-0.0261939,0
22.6,8,0,0.189804,-0.026237,0
22.6,8.1,0,0.199918,-0.02628,0
22.6,8.2,0,0.209857,-0.0262037,0
22.6,8.3,0,0.219679,-0.0260479,0
22.6,8.4,0,0.229502,-0.025892,0
22.6,8.5,0,0.238795,-0.0255774,0
22.6,8.6,0,0.247911,-0.0252098,0
22.6,8.7,0,0.257027,-0.0248423,0
22.6,8.8,0,0.265149,-0.0243023,0
22.6,8.9,0,0.27316,-0.0237431,0
22.6,9,0,0.2811,-0.0231771,0
22.6,9.1,0,0.287687,-0.0224796,0
22.6,9.2,0,0.294273,-0.0217822,0
22.6,9.3,0,0.300542,-0.0210717,0
22.6,9.4,0,0.305538,-0.0203086,0
22.6,9.5,0,0.310535,-0.0195455,0
22.6,9.6,0,0.314983,-0.0187847,0
22.6,9.7,0,0.318412,-0.018028,0
22.6,9.8,0,0.321842,-0.0172713,0
22.6,9.9,0,0.32458,-0.0165457,0
22.6,10,0,0.326626,-0.0158512,0
22.6,10.1,0,0.328672,-0.0151567,0
22.6,10.2,0,0.329998,-0.0145246,0
22.6,10.3,0,0.330937,-0.013926,0
22.6,10.4,0,0.331876,-0.0133274,0
22.6,10.5,0,0.332166,-0.0128168,0
22.6,10.6,0,0.332295,-0.0123283,0
22.6,10.7,0,0.332423,-0.0118397,0
22.6,10.8,0,0.332037,-0.0114564,0
22.6,10.9,0,0.331625,-0.0110787,0
22.6,11,0,0.33118,-0.0107113,0
22.6,11.1,0,0.330448,-0.0104373,0
22.6,11.2,0,0.329717,-0.0101633,0
22.6,11.3,0,0.32895,-0.00991288,0
22.6,11.4,0,0.328077,-0.00973304,0
22.6,11.5,0,0.327204,-0.0095532,0
22.6,11.6,0,0.326335,-0.00940751,0
22.6,11.7,0,0.325471,-0.00931302,0
22.6,11.8,0,0.324608,-0.00921854,0
22.6,11.9,0,0.323823,-0.00916427,0
22.6,12,0,0.323103,-0.00914289,0
22.6,12.1,0,0.322383,-0.00912152,0
22.6,12.2,0,0.321843,-0.00914514,0
22.6,12.3,0,0.321379,-0.00918806,0
22.6,12.4,0,0.320916,-0.00923097,0
22.6,12.5,0,0.320714,-0.00926918,0
22.6,12.6,0,0.320559,-0.00930655,0
22.6,12.7,0,0.320403,-0.00934393,0
22.7,0,0,0.316008,-0.060539,0
22.7,0.1,0,0.316672,-0.0606034,0
22.7,0.2,0,0.31558,-0.0600184,0
22.7,0.3,0,0.313082,-0.058563,0
22.7,0.4,0,0.310366,-0.0573169,0
22.7,0.5,0,0.306034,-0.0557049,0
22.7,0.6,0,0.303385,-0.0543684,0
22.7,0.7,0,0.299563,-0.052865,0
22.7,0.8,0,0.29466,-0.0509339,0
22.7,0.9,0,0.289632,-0.0490473,0
22.7,1,0,0.28316,-0.0468417,0
22.7,1.1,0,0.277799,-0.0446487,0
22.7,1.2,0,0.271489,-0.0423668,0
22.7,1.3,0,0.264091,-0.039698,0
22.7,1.4,0,0.256537,-0.0370654,0
22.7,1.5,0,0.247943,-0.0342206,0
22.7,1.6,0,0.239963,-0.031371,0
22.7,1.7,0,0.231331,-0.0284833,0
22.7,1.8,0,0.22205,-0.0254191,0
22.7,1.9,0,0.212638,-0.022415,0
22.7,2,0,0.202829,-0.0193852,0
22.7,2.1,0,0.193344,-0.0164092,0
22.7,2.2,0,0.183555,-0.0134559,0
22.7,2.3,0,0.173901,-0.0106443,0
22.7,2.4,0,0.164193,-0.0079169,0
22.7,2.5,0,0.154762,-0.00536997,0
22.7,2.6,0,0.145588,-0.00295014,0
22.7,2.7,0,0.136414,-0.000607077,0
22.7,2.8,0,0.128124,0.00131736,0
22.7,2.9,0,0.119865,0.0031566,0
22.7,3,0,0.112304,0.00469658,0
22.7,3.1,0,0.105043,0.00605548,0
22.7,3.2,0,0.0979523,0.00732525,0
22.7,3.3,0,0.0920672,0.00807646,0
22.7,3.4,0,0.0862518,0.00876924,0
22.7,3.5,0,0.0811847,0.00918241,0
22.7,3.6,0,0.0764061,0.00939399,0
22.7,3.7,0,0.0718273,0.00955335,0
22.7,3.8,0,0.0682755,0.00927789,0
22.7,3.9,0,0.0647854,0.00898278,0
22.7,4,0,0.0618503,0.00852006,0
22.7,4.1,0,0.0590771,0.00785476,0
22.7,4.2,0,0.0564694,0.00720053,0
22.7,4.3,0,0.054486,0.00626509,0
22.7,4.4,0,0.0525495,0.00534625,0
22.7,4.5,0,0.0509632,0.00438213,0
22.7,4.6,0,0.0493708,0.00320172,0
22.7,4.7,0,0.0479345,0.00209978,0
22.7,4.8,0,0.0468307,0.00086003,0
22.7,4.9,0,0.0459208,-0.000172724,0
22.7,5,0,0.0453076,-0.00108301,0
22.7,5.1,0,0.0442647,-0.00284968,0
22.7,5.2,0,0.0436921,-0.00416178,0
22.7,5.3,0,0.0433046,-0.00548598,0
22.7,5.4,0,0.0431255,-0.006816,0
22.7,5.5,0,0.0431837,-0.00814556,0
22.7,5.6,0,0.043513,-0.00946845,0
22.7,5.7,0,0.0441517,-0.0107785,0
22.7,5.8,0,0.0451409,-0.0120695,0
22.7,5.9,0,0.0465233,-0.0133352,0
22.7,6,0,0.0483417,-0.0145694,0
22.7,6.1,0,0.0506372,-0.0157663,0
22.7,6.2,0,0.0534475,-0.0169202,0
22.7,6.3,0,0.0568051,-0.0180258,0
22.7,6.4,0,0.0607357,-0.0190783,0
22.7,6.5,0,0.0652567,-0.0200739,0
22.7,6.6,0,0.0703766,-0.0210091,0
22.7,6.7,0,0.076094,-0.0218813,0
22.7,6.8,0,0.0823975,-0.0226888,0
22.7,6.9,0,0.089266,-0.0234329,0
22.7,7,0,0.100129,-0.0244137,0
22.7,7.1,0,0.106711,-0.0253251,0
22.7,7.2,0,0.113856,-0.0257847,0
22.7,7.3,0,0.121762,-0.0259358,0
22.7,7.4,0,0.131247,-0.0266256,0
22.7,7.5,0,0.140651,-0.0270066,0
22.7,7.6,0,0.150168,-0.0271598,0
22.7,7.7,0,0.160238,-0.0274974,0
22.7,7.8,0,0.17022,-0.027714,0
22.7,7.9,0,0.180266,-0.027778,0
22.7,8,0,0.190379,-0.0278211,0
22.7,8.1,0,0.200493,-0.0278642,0
22.7,8.2,0,0.210409,-0.0276972,0
22.7,8.3,0,0.220232,-0.0275413,0
22.7,8.4,0,0.229686,-0.0271552,0
22.7,8.5,0,0.239314,-0.0269577,0
22.7,8.6,0,0.24843,-0.0265902,0
22.7,8.7,0,0.256646,-0.0257725,0
22.7,8.8,0,0.26565,-0.0255423,0
22.7,8.9,0,0.273661,-0.0249831,0
22.7,9,0,0.280398,-0.0239224,0
22.7,9.1,0,0.288201,-0.0235531,0
22.7,9.2,0,0.294788,-0.0228557,0
22.7,9.3,0,0.300335,-0.0218275,0
22.7,9.4,0,0.3061,-0.0211986,0
22.7,9.5,0,0.311097,-0.0204356,0
22.7,9.6,0,0.315435,-0.0194696,0
22.7,9.7,0,0.319049,-0.0187321,0
22.7,9.8,0,0.322478,-0.0179754,0
22.7,9.9,0,0.325306,-0.0170768,0
22.7,10,0,0.327352,-0.0163824,0
22.7,10.1,0,0.32922,-0.0156654,0
22.7,10.2,0,0.330818,-0.0149088,0
22.7,10.3,0,0.331757,-0.0143102,0
22.7,10.4,0,0.331922,-0.0136293,0
22.7,10.5,0,0.333072,-0.0130893,0
22.7,10.6,0,0.3332,-0.0126008,0
22.7,10.7,0,0.332021,-0.0119692,0
22.7,10.8,0,0.333014,-0.0116586,0
22.7,10.9,0,0.332602,-0.0112808,0
22.7,11,0,0.331124,-0.0107609,0
22.7,11.1,0,0.33148,-0.0106127,0
22.7,11.2,0,0.330748,-0.0103387,0
22.7,11.3,0,0.329533,-0.0100034,0
22.7,11.4,0,0.329148,-0.00992422,0
22.7,11.5,0,0.328275,-0.00974438,0
22.7,11.6,0,0.32743,-0.0096559,0
22.7,11.7,0,0.326566,-0.00956142,0
22.7,11.8,0,0.325702,-0.00946694,0
22.7,11.9,0,0.32493,-0.00950875,0
22.7,12,0,0.32421,-0.00948737,0
22.7,12.1,0,0.32326,-0.00931745,0
22.7,12.2,0,0.322953,-0.00960769,0
22.7,12.3,0,0.32249,-0.00965061,0
22.7,12.4,0,0.321471,-0.00920651,0
22.7,12.5,0,0.321825,-0.00993567,0
22.7,12.6,0,0.321669,-0.00997304,0
22.7,12.7,0,0.320642,-0.00899749,0
22.8,0,0,0.3147,-0.0609269,0
22.8,0.1,0,0.317121,-0.0616409,0
22.8,0.2,0,0.314987,-0.0606535,0
22.8,0.3,0,0.312223,-0.0589552,0
22.8,0.4,0,0.310222,-0.0578146,0
22.8,0.5,0,0.304274,-0.0558367,0
22.8,0.6,0,0.302798,-0.0546671,0
22.8,0.7,0,0.298127,-0.0529672,0
22.8,0.8,0,0.293009,-0.0509299,0
22.8,0.9,0,0.288567,-0.0491098,0
22.8,1,0,0.280652,-0.0465854,0
22.8,1.1,0,0.276239,-0.0444812,0
22.8,1.2,0,0.269227,-0.0420479,0
22.8,1.3,0,0.261619,-0.039284,0
22.8,1.4,0,0.254511,-0.0366864,0
22.8,1.5,0,0.244877,-0.0336293,0
22.8,1.6,0,0.23755,-0.0308178,0
22.8,1.7,0,0.228511,-0.0278601,0
22.8,1.8,0,0.219114,-0.0247426,0
22.8,1.9,0,0.209966,-0.0217434,0
22.8,2,0,0.199762,-0.018688,0
22.8,2.1,0,0.190581,-0.0156892,0
22.8,2.2,0,0.180767,-0.0127809,0
22.8,2.3,0,0.171156,-0.00998213,0
22.8,2.4,0,0.161525,-0.0072256,0
22.8,2.5,0,0.15237,-0.00485913,0
22.8,2.6,0,0.143196,-0.00236253,0
22.8,2.7,0,0.134315,-0.000160417,0
22.8,2.8,0,0.126217,0.00168899,0
22.8,2.9,0,0.117899,0.00357749,0
22.8,3,0,0.111037,0.00481821,0
22.8,3.1,0,0.103605,0.00626625,0
22.8,3.2,0,0.0969368,0.00736778,0
22.8,3.3,0,0.0913071,0.00801546,0
22.8,3.4,0,0.0853821,0.00874995,0
22.8,3.5,0,0.0810631,0.00888351,0
22.8,3.6,0,0.0760848,0.00914731,0
22.8,3.7,0,0.0718728,0.00918034,0
22.8,3.8,0,0.0685382,0.00881148,0
22.8,3.9,0,0.0649467,0.00852853,0
22.8,4,0,0.0625665,0.00789817,0
22.8,4.1,0,0.0596279,0.00722182,0
22.8,4.2,0,0.0572635,0.0065105,0
22.8,4.3,0,0.05541,0.00550805,0
22.8,4.4,0,0.0533889,0.0045644,0
22.8,4.5,0,0.0521529,0.003555,0
22.8,4.6,0,0.0504046,0.00229612,0
22.8,4.7,0,0.0491276,0.00119665,0
22.8,4.8,0,0.0480551,-0.000120671,0
22.8,4.9,0,0.0470239,-0.00125073,0
22.8,5,0,0.0467076,-0.00203854,0
22.8,5.1,0,0.0456973,-0.00383643,0
22.8,5.2,0,0.0451414,-0.00517035,0
22.8,5.3,0,0.0447646,-0.00651626,0
22.8,5.4,0,0.0445898,-0.00786818,0
22.8,5.5,0,0.0446457,-0.00921986,0
22.8,5.6,0,0.0449661,-0.010565,0
22.8,5.7,0,0.0455888,-0.0118974,0
22.8,5.8,0,0.0465545,-0.0132106,0
22.8,5.9,0,0.0479059,-0.0144981,0
22.8,6,0,0.0496856,-0.0157534,0
22.8,6.1,0,0.0519349,-0.0169701,0
22.8,6.2,0,0.0546916,-0.0181422,0
22.8,6.3,0,0.0579887,-0.0192639,0
22.8,6.4,0,0.0618525,-0.02033,0
22.8,6.5,0,0.0663014,-0.0213361,0
22.8,6.6,0,0.0713448,-0.0222782,0
22.8,6.7,0,0.0769822,-0.0231534,0
22.8,6.8,0,0.0832035,-0.0239595,0
22.8,6.9,0,0.0899886,-0.024698,0
22.8,7,0,0.10073,-0.0256663,0
22.8,7.1,0,0.106749,-0.0270294,0
22.8,7.2,0,0.113894,-0.027489,0
22.8,7.3,0,0.122172,-0.027153,0
22.8,7.4,0,0.131789,-0.0283418,0
22.8,7.5,0,0.141117,-0.0285983,0
22.8,7.6,0,0.150364,-0.0283077,0
22.8,7.7,0,0.160809,-0.0291561,0
22.8,7.8,0,0.17044,-0.0290097,0
22.8,7.9,0,0.180339,-0.0289093,0
22.8,8,0,0.190955,-0.0294052,0
22.8,8.1,0,0.200278,-0.0288301,0
22.8,8.2,0,0.210591,-0.0289355,0
22.8,8.3,0,0.220784,-0.0290347,0
22.8,8.4,0,0.229225,-0.0280162,0
22.8,8.5,0,0.239742,-0.0282903,0
22.8,8.6,0,0.248949,-0.0279706,0
22.8,8.7,0,0.255958,-0.026549,0
22.8,8.8,0,0.26615,-0.0267823,0
22.8,8.9,0,0.274162,-0.0262231,0
22.8,9,0,0.279518,-0.0246199,0
22.8,9.1,0,0.288715,-0.0246266,0
22.8,9.2,0,0.295302,-0.0239291,0
22.8,9.3,0,0.299332,-0.0224444,0
22.8,9.4,0,0.306662,-0.0220886,0
22.8,9.5,0,0.311102,-0.0212004,0
22.8,9.6,0,0.314392,-0.0199984,0
22.8,9.7,0,0.319685,-0.0194361,0
22.8,9.8,0,0.321922,-0.0184809,0
22.8,9.9,0,0.324774,-0.0175353,0
22.8,10,0,0.328078,-0.0169135,0
22.8,10.1,0,0.328322,-0.0159913,0
22.8,10.2,0,0.331042,-0.0152727,0
22.8,10.3,0,0.332576,-0.0146943,0
22.8,10.4,0,0.331167,-0.0138459,0
22.8,10.5,0,0.333977,-0.0133618,0
22.8,10.6,0,0.334105,-0.0128732,0
22.8,10.7,0,0.331428,-0.0120778,0
22.8,10.8,0,0.333991,-0.0118607,0
22.8,10.9,0,0.333579,-0.0114829,0
22.8,11,0,0.330696,-0.0107676,0
22.8,11.1,0,0.332512,-0.010788,0
22.8,11.2,0,0.331661,-0.01049,0
22.8,11.3,0,0.329265,-0.00991791,0
22.8,11.4,0,0.330218,-0.0101154,0
22.8,11.5,0,0.328782,-0.00976661,0
22.8,11.6,0,0.327333,-0.00949766,0
22.8,11.7,0,0.327661,-0.00980982,0
22.8,11.8,0,0.325876,-0.00930434,0
22.8,11.9,0,0.325383,-0.00950674,0
22.8,12,0,0.325318,-0.00983185,0
22.8,12.1,0,0.323394,-0.00903473,0
22.8,12.2,0,0.323849,-0.00990681,0
22.8,12.3,0,0.3236,-0.0101132,0
22.8,12.4,0,0.321683,-0.00888155,0
22.8,12.5,0,0.322936,-0.0106022,0
22.8,12.6,0,0.32278,-0.0106395,0
22.8,12.7,0,0.320881,-0.00865106,0
22.9,0,0,0.313393,-0.0613148,0
22.9,0.1,0,0.317394,-0.0626133,0
22.9,0.2,0,0.313542,-0.0609594,0
22.9,0.3,0,0.310778,-0.0592611,0
22.9,0.4,0,0.309916,-0.0582756,0
22.9,0.5,0,0.302514,-0.0559685,0
22.9,0.6,0,0.302093,-0.054949,0
22.9,0.7,0,0.295996,-0.0529086,0
22.9,0.8,0,0.290878,-0.0508713,0
22.9,0.9,0,0.287357,-0.0491405,0
22.9,1,0,0.278144,-0.0463291,0
22.9,1.1,0,0.274584,-0.0443048,0
22.9,1.2,0,0.266391,-0.0416052,0
22.9,1.3,0,0.258783,-0.0388412,0
22.9,1.4,0,0.252381,-0.0362862,0
22.9,1.5,0,0.241812,-0.033038,0
22.9,1.6,0,0.235071,-0.0302608,0
22.9,1.7,0,0.22536,-0.0271797,0
22.9,1.8,0,0.215962,-0.0240622,0
22.9,1.9,0,0.207254,-0.0210692,0
22.9,2,0,0.196694,-0.0179907,0
22.9,2.1,0,0.187788,-0.0149715,0
22.9,2.2,0,0.177959,-0.0121426,0
22.9,2.3,0,0.168348,-0.00934383,0
22.9,2.4,0,0.158885,-0.00655235,0
22.9,2.5,0,0.149978,-0.00434828,0
22.9,2.6,0,0.140804,-0.00178259,0
22.9,2.7,0,0.132455,0.000170919,0
22.9,2.8,0,0.124357,0.00202033,0
22.9,2.9,0,0.116004,0.00396846,0
22.9,3,0,0.10977,0.00493985,0
22.9,3.1,0,0.102185,0.00646811,0
22.9,3.2,0,0.0962664,0.00727265,0
22.9,3.3,0,0.0906368,0.00792033,0
22.9,3.4,0,0.0845872,0.00870269,0
22.9,3.5,0,0.0809415,0.0085846,0
22.9,3.6,0,0.0757835,0.00889541,0
22.9,3.7,0,0.0722183,0.00870398,0
22.9,3.8,0,0.0688837,0.00833512,0
22.9,3.9,0,0.0651636,0.0080575,0
22.9,4,0,0.0632828,0.00727629,0
22.9,4.1,0,0.0601952,0.00658998,0
22.9,4.2,0,0.0582566,0.00577375,0
22.9,4.3,0,0.0564031,0.00477131,0
22.9,4.4,0,0.0542634,0.00377803,0
22.9,4.5,0,0.0533427,0.00272787,0
22.9,4.6,0,0.0514539,0.00139836,0
22.9,4.7,0,0.0504511,0.000295563,0
22.9,4.8,0,0.0493786,-0.00102176,0
22.9,4.9,0,0.0481567,-0.00231648,0
22.9,5,0,0.0481076,-0.00299407,0
22.9,5.1,0,0.0471299,-0.00482318,0
22.9,5.2,0,0.0465908,-0.00617891,0
22.9,5.3,0,0.0462245,-0.00754654,0
22.9,5.4,0,0.046054,-0.00892036,0
22.9,5.5,0,0.0461078,-0.0102942,0
22.9,5.6,0,0.0464192,-0.0116616,0
22.9,5.7,0,0.0470258,-0.0130163,0
22.9,5.8,0,0.0479681,-0.0143517,0
22.9,5.9,0,0.0492885,-0.015661,0
22.9,6,0,0.0510296,-0.0169373,0
22.9,6.1,0,0.0532326,-0.0181739,0
22.9,6.2,0,0.0559357,-0.0193643,0
22.9,6.3,0,0.0591722,-0.0205021,0
22.9,6.4,0,0.0629693,-0.0215817,0
22.9,6.5,0,0.0673461,-0.0225982,0
22.9,6.6,0,0.072313,-0.0235473,0
22.9,6.7,0,0.0778705,-0.0244254,0
22.9,6.8,0,0.0840096,-0.0252301,0
22.9,6.9,0,0.0907112,-0.0259631,0
22.9,7,0,0.101332,-0.0269188,0
22.9,7.1,0,0.107044,-0.0285276,0
22.9,7.2,0,0.114243,-0.0287852,0
22.9,7.3,0,0.122581,-0.0283702,0
22.9,7.4,0,0.132321,-0.0300209,0
22.9,7.5,0,0.141314,-0.0297462,0
22.9,7.6,0,0.15056,-0.0294556,0
22.9,7.7,0,0.161379,-0.0308147,0
22.9,7.8,0,0.170429,-0.0300644,0
22.9,7.9,0,0.180327,-0.0299639,0
22.9,8,0,0.19153,-0.0309894,0
22.9,8.1,0,0.200048,-0.0297849,0
22.9,8.2,0,0.210361,-0.0298903,0
22.9,8.3,0,0.221336,-0.0305281,0
22.9,8.4,0,0.228764,-0.0288771,0
22.9,8.5,0,0.239282,-0.0291512,0
22.9,8.6,0,0.249224,-0.0292291,0
22.9,8.7,0,0.25527,-0.0273255,0
22.9,8.8,0,0.265806,-0.027693,0
22.9,8.9,0,0.273857,-0.0271467,0
22.9,9,0,0.278639,-0.0253174,0
22.9,9.1,0,0.288771,-0.0255764,0
22.9,9.2,0,0.294352,-0.024562,0
22.9,9.3,0,0.298329,-0.0230612,0
22.9,9.4,0,0.307224,-0.0229786,0
22.9,9.5,0,0.31006,-0.0217293,0
22.9,9.6,0,0.31335,-0.0205273,0
22.9,9.7,0,0.320321,-0.0201402,0
22.9,9.8,0,0.32092,-0.0189122,0
22.9,9.9,0,0.323773,-0.0179667,0
22.9,10,0,0.328805,-0.0174446,0
22.9,10.1,0,0.327424,-0.0163172,0
22.9,10.2,0,0.330144,-0.0155986,0
22.9,10.3,0,0.333395,-0.0150785,0
22.9,10.4,0,0.330413,-0.0140625,0
22.9,10.5,0,0.33328,-0.0135804,0
22.9,10.6,0,0.334518,-0.0130918,0
22.9,10.7,0,0.330835,-0.0121865,0
22.9,10.8,0,0.334053,-0.0120083,0
22.9,10.9,0,0.333558,-0.0115462,0
22.9,11,0,0.330268,-0.0107743,0
22.9,11.1,0,0.333249,-0.0109293,0
22.9,11.2,0,0.331393,-0.0104045,0
22.9,11.3,0,0.328997,-0.00983245,0
22.9,11.4,0,0.331289,-0.0103066,0
22.9,11.5,0,0.328664,-0.0096011,0
22.9,11.6,0,0.327215,-0.00933215,0
22.9,11.7,0,0.328755,-0.0100582,0
22.9,11.8,0,0.325894,-0.00907219,0
22.9,11.9,0,0.325401,-0.00927459,0
22.9,12,0,0.326425,-0.0101763,0
22.9,12.1,0,0.323528,-0.00875201,0
22.9,12.2,0,0.323984,-0.00962409,0
22.9,12.3,0,0.324644,-0.010517,0
22.9,12.4,0,0.321896,-0.00855659,0
22.9,12.5,0,0.323294,-0.0104381,0
22.9,12.6,0,0.323493,-0.010844,0
22.9,12.7,0,0.32112,-0.00830463,0
23,0,0,0.312085,-0.0617027,0
23,0.1,0,0.316086,-0.0630012,0
23,0.2,0,0.312097,-0.0612653,0
23,0.3,0,0.309333,-0.059567,0
23,0.4,0,0.308157,-0.0584074,0
23,0.5,0,0.300755,-0.0561003,0
23,0.6,0,0.300333,-0.0550808,0
23,0.7,0,0.293865,-0.05285,0
23,0.8,0,0.288747,-0.0508127,0
23,0.9,0,0.284849,-0.0488841,0
23,1,0,0.275636,-0.0460727,0
23,1.1,0,0.272076,-0.0440484,0
23,1.2,0,0.263554,-0.0411624,0
23,1.3,0,0.255946,-0.0383985,0
23,1.4,0,0.249315,-0.0356949,0
23,1.5,0,0.238746,-0.0324468,0
23,1.6,0,0.232006,-0.0296695,0
23,1.7,0,0.222208,-0.0264993,0
23,1.8,0,0.212811,-0.0233817,0
23,1.9,0,0.204187,-0.020372,0
23,2,0,0.193627,-0.0172935,0
23,2.1,0,0.18472,-0.0142742,0
23,2.2,0,0.175151,-0.0115042,0
23,2.3,0,0.16554,-0.00870553,0
23,2.4,0,0.156493,-0.00604151,0
23,2.5,0,0.147586,-0.00383744,0
23,2.6,0,0.138412,-0.00127175,0
23,2.7,0,0.130595,0.000502255,0
23,2.8,0,0.122497,0.00235166,0
23,2.9,0,0.114738,0.00409009,0
23,3,0,0.108504,0.00506148,0
23,3.1,0,0.100918,0.00658975,0
23,3.2,0,0.0955961,0.00717753,0
23,3.3,0,0.0899664,0.00782521,0
23,3.4,0,0.0844656,0.00840379,0
23,3.5,0,0.08082,0.0082857,0
23,3.6,0,0.0756619,0.0085965,0
23,3.7,0,0.0725639,0.00822763,0
23,3.8,0,0.0692292,0.00785876,0
23,3.9,0,0.0658798,0.00743562,0
23,4,0,0.0639991,0.00665441,0
23,4.1,0,0.0609115,0.00596809,0
23,4.2,0,0.0592498,0.00503701,0
23,4.3,0,0.0573962,0.00403457,0
23,4.4,0,0.0554532,0.0029509,0
23,4.5,0,0.0545324,0.00190074,0
23,4.6,0,0.0526436,0.000571228,0
23,4.7,0,0.0517747,-0.000605529,0
23,4.8,0,0.0507021,-0.00192285,0
23,4.9,0,0.0495567,-0.00327201,0
23,5,0,0.0495076,-0.0039496,0
23,5.1,0,0.0485625,-0.00580993,0
23,5.2,0,0.0480402,-0.00718747,0
23,5.3,0,0.0476845,-0.00857682,0
23,5.4,0,0.0475183,-0.00997255,0
23,5.5,0,0.0475698,-0.0113685,0
23,5.6,0,0.0478723,-0.0127582,0
23,5.7,0,0.0484629,-0.0141353,0
23,5.8,0,0.0493818,-0.0154928,0
23,5.9,0,0.0506711,-0.0168239,0
23,6,0,0.0523735,-0.0181212,0
23,6.1,0,0.0545303,-0.0193777,0
23,6.2,0,0.0571797,-0.0205863,0
23,6.3,0,0.0603558,-0.0217403,0
23,6.4,0,0.0640862,-0.0228334,0
23,6.5,0,0.0683909,-0.0238604,0
23,6.6,0,0.0732811,-0.0248165,0
23,6.7,0,0.0787587,-0.0256975,0
23,6.8,0,0.0848156,-0.0265007,0
23,6.9,0,0.0914338,-0.0272282,0
23,7,0,0.101933,-0.0281714,0
23,7.1,0,0.107645,-0.0297802,0
23,7.2,0,0.114653,-0.0300024,0
23,7.3,0,0.122991,-0.0295874,0
23,7.4,0,0.132731,-0.0312381,0
23,7.5,0,0.14151,-0.0308941,0
23,7.6,0,0.150757,-0.0306035,0
23,7.7,0,0.161657,-0.032085,0
23,7.8,0,0.170417,-0.031119,0
23,7.9,0,0.180316,-0.0310185,0
23,8,0,0.19157,-0.0321326,0
23,8.1,0,0.199819,-0.0307397,0
23,8.2,0,0.210132,-0.0308452,0
23,8.3,0,0.221057,-0.0315028,0
23,8.4,0,0.228304,-0.0297381,0
23,8.5,0,0.238821,-0.0300122,0
23,8.6,0,0.248536,-0.0300056,0
23,8.7,0,0.254581,-0.0281021,0
23,8.8,0,0.265118,-0.0284695,0
23,8.9,0,0.272978,-0.0278442,0
23,9,0,0.277759,-0.026015,0
23,9.1,0,0.287892,-0.0262739,0
23,9.2,0,0.293349,-0.0251789,0
23,9.3,0,0.297326,-0.0236781,0
23,9.4,0,0.306303,-0.0236099,0
23,9.5,0,0.309017,-0.0222581,0
23,9.6,0,0.312307,-0.0210561,0
23,9.7,0,0.319706,-0.0206949,0
23,9.8,0,0.319919,-0.0193436,0
23,9.9,0,0.322771,-0.0183981,0
23,10,0,0.328294,-0.0178413,0
23,10.1,0,0.326527,-0.0166431,0
23,10.2,0,0.329246,-0.0159245,0
23,10.3,0,0.332723,-0.015304,0
23,10.4,0,0.329658,-0.0142791,0
23,10.5,0,0.332526,-0.013797,0
23,10.6,0,0.333925,-0.0132004,0
23,10.7,0,0.330242,-0.0122951,0
23,10.8,0,0.33346,-0.0121169,0
23,10.9,0,0.33313,-0.0115529,0
23,11,0,0.32984,-0.0107809,0
23,11.1,0,0.332822,-0.010936,0
23,11.2,0,0.331125,-0.0103191,0
23,11.3,0,0.328729,-0.009747,0
23,11.4,0,0.331261,-0.0102709,0
23,11.5,0,0.328546,-0.00943559,0
23,11.6,0,0.327096,-0.00916664,0
23,11.7,0,0.328983,-0.00997543,0
23,11.8,0,0.325912,-0.00884003,0
23,11.9,0,0.325419,-0.00904244,0
23,12,0,0.326796,-0.0100533,0
23,12.1,0,0.323663,-0.00846929,0
23,12.2,0,0.324118,-0.00934137,0
23,12.3,0,0.324856,-0.010192,0
23,12.4,0,0.322108,-0.00823163,0
23,12.5,0,0.323506,-0.0101131,0
23,12.6,0,0.323732,-0.0104976,0
23,12.7,0,0.321359,-0.0079582,0
23.1,0,0,0.310778,-0.0620906,0
23.1,0.1,0,0.313548,-0.0629136,0
23.1,0.2,0,0.310652,-0.0615711,0
23.1,0.3,0,0.307888,-0.0598729,0
23.1,0.4,0,0.305551,-0.0584146,0
23.1,0.5,0,0.298995,-0.0562321,0
23.1,0.6,0,0.29757,-0.0549804,0
23.1,0.7,0,0.291734,-0.0527915,0
23.1,0.8,0,0.286616,-0.0507541,0
23.1,0.9,0,0.281648,-0.0485491,0
23.1,1,0,0.273128,-0.0458164,0
23.1,1.1,0,0.268739,-0.0436132,0
23.1,1.2,0,0.260718,-0.0407197,0
23.1,1.3,0,0.25311,-0.0379558,0
23.1,1.4,0,0.245723,-0.0350622,0
23.1,1.5,0,0.235681,-0.0318555,0
23.1,1.6,0,0.22846,-0.0289955,0
23.1,1.7,0,0.219056,-0.0258188,0
23.1,1.8,0,0.209659,-0.0227013,0
23.1,1.9,0,0.200807,-0.019669,0
23.1,2,0,0.190559,-0.0165962,0
23.1,2.1,0,0.181624,-0.0136301,0
23.1,2.2,0,0.172343,-0.0108659,0
23.1,2.3,0,0.162732,-0.00806722,0
23.1,2.4,0,0.15401,-0.00556511,0
23.1,2.5,0,0.145194,-0.0033266,0
23.1,2.6,0,0.136366,-0.000927486,0
23.1,2.7,0,0.128735,0.000833591,0
23.1,2.8,0,0.120638,0.002683,0
23.1,2.9,0,0.11354,0.00415351,0
23.1,3,0,0.107237,0.00518312,0
23.1,3.1,0,0.10015,0.00651255,0
23.1,3.2,0,0.0949257,0.0070824,0
23.1,3.3,0,0.0892961,0.00773008,0
23.1,3.4,0,0.0844737,0.00805559,0
23.1,3.5,0,0.0806984,0.00798679,0
23.1,3.6,0,0.0759738,0.00814831,0
23.1,3.7,0,0.0729094,0.00775127,0
23.1,3.8,0,0.0695748,0.00738241,0
23.1,3.9,0,0.0667158,0.00679937,0
23.1,4,0,0.0647153,0.00603253,0
23.1,4.1,0,0.0619153,0.00527874,0
23.1,4.2,0,0.0602429,0.00430027,0
23.1,4.3,0,0.0583894,0.00329782,0
23.1,4.4,0,0.0567428,0.00215308,0
23.1,4.5,0,0.0557221,0.00107361,0
23.1,4.6,0,0.0540217,-0.000252971,0
23.1,4.7,0,0.0530982,-0.00150662,0
23.1,4.8,0,0.0520257,-0.00282395,0
23.1,4.9,0,0.0511,-0.00411255,0
23.1,5,0,0.0509076,-0.00490514,0
23.1,5.1,0,0.0499951,-0.00679667,0
23.1,5.2,0,0.0494896,-0.00819603,0
23.1,5.3,0,0.0491445,-0.0096071,0
23.1,5.4,0,0.0489825,-0.0110247,0
23.1,5.5,0,0.0490319,-0.0124428,0
23.1,5.6,0,0.0493254,-0.0138548,0
23.1,5.7,0,0.0498999,-0.0152542,0
23.1,5.8,0,0.0507954,-0.0166339,0
23.1,5.9,0,0.0520538,-0.0179868,0
23.1,6,0,0.0537175,-0.0193051,0
23.1,6.1,0,0.0558279,-0.0205815,0
23.1,6.2,0,0.0584238,-0.0218083,0
23.1,6.3,0,0.0615394,-0.0229784,0
23.1,6.4,0,0.065203,-0.0240851,0
23.1,6.5,0,0.0694356,-0.0251226,0
23.1,6.6,0,0.0742493,-0.0260856,0
23.1,6.7,0,0.079647,-0.0269696,0
23.1,6.8,0,0.0856216,-0.0277713,0
23.1,6.9,0,0.0921564,-0.0284933,0
23.1,7,0,0.102534,-0.029424,0
23.1,7.1,0,0.108355,-0.0308896,0
23.1,7.2,0,0.115063,-0.0312196,0
23.1,7.3,0,0.123401,-0.0308046,0
23.1,7.4,0,0.132907,-0.0320714,0
23.1,7.5,0,0.141706,-0.032042,0
23.1,7.6,0,0.150953,-0.0317515,0
23.1,7.7,0,0.161271,-0.0326289,0
23.1,7.8,0,0.170405,-0.0321736,0
23.1,7.9,0,0.180304,-0.0320732,0
23.1,8,0,0.190753,-0.0325579,0
23.1,8.1,0,0.199589,-0.0316946,0
23.1,8.2,0,0.209902,-0.0318,0
23.1,8.3,0,0.21987,-0.031863,0
23.1,8.4,0,0.227843,-0.0305991,0
23.1,8.5,0,0.23836,-0.0308732,0
23.1,8.6,0,0.247311,-0.0304974,0
23.1,8.7,0,0.253893,-0.0288786,0
23.1,8.8,0,0.264376,-0.0292247,0
23.1,8.9,0,0.2719,-0.0284645,0
23.1,9,0,0.27688,-0.0267125,0
23.1,9.1,0,0.286373,-0.0267791,0
23.1,9.2,0,0.292346,-0.0257957,0
23.1,9.3,0,0.296323,-0.0242949,0
23.1,9.4,0,0.304012,-0.0239369,0
23.1,9.5,0,0.307975,-0.022787,0
23.1,9.6,0,0.311265,-0.021585,0
23.1,9.7,0,0.317025,-0.0209511,0
23.1,9.8,0,0.318917,-0.019775,0
23.1,9.9,0,0.321769,-0.0188294,0
23.1,10,0,0.325668,-0.0180674,0
23.1,10.1,0,0.325629,-0.016969,0
23.1,10.2,0,0.328348,-0.0162505,0
23.1,10.3,0,0.33059,-0.0154738,0
23.1,10.4,0,0.328904,-0.0144958,0
23.1,10.5,0,0.331771,-0.0140136,0
23.1,10.6,0,0.332633,-0.0132855,0
23.1,10.7,0,0.329649,-0.0124037,0
23.1,10.8,0,0.332633,-0.0121929,0
23.1,10.9,0,0.33264,-0.0115559,0
23.1,11,0,0.329413,-0.0107876,0
23.1,11.1,0,0.331681,-0.0107997,0
23.1,11.2,0,0.330857,-0.0102336,0
23.1,11.3,0,0.328461,-0.00966155,0
23.1,11.4,0,0.329888,-0.00985377,0
23.1,11.5,0,0.328427,-0.00927008,0
23.1,11.6,0,0.326978,-0.00900113,0
23.1,11.7,0,0.327788,-0.00932937,0
23.1,11.8,0,0.325931,-0.00860788,0
23.1,11.9,0,0.325437,-0.00881028,0
23.1,12,0,0.325841,-0.00919394,0
23.1,12.1,0,0.323797,-0.00818658,0
23.1,12.2,0,0.324252,-0.00905865,0
23.1,12.3,0,0.324409,-0.00936369,0
23.1,12.4,0,0.322321,-0.00790667,0
23.1,12.5,0,0.323719,-0.00978817,0
23.1,12.6,0,0.323707,-0.00985978,0
23.1,12.7,0,0.321597,-0.00761176,0
23.2,0,0,0.30947,-0.0624785,0
23.2,0.1,0,0.310347,-0.06257,0
23.2,0.2,0,0.308856,-0.0617471,0
23.2,0.3,0,0.30612,-0.0601056,0
23.2,0.4,0,0.302491,-0.0583546,0
23.2,0.5,0,0.297235,-0.0563639,0
23.2,0.6,0,0.294267,-0.0547549,0
23.2,0.7,0,0.289368,-0.0526995,0
23.2,0.8,0,0.284196,-0.0506317,0
23.2,0.9,0,0.278074,-0.0481716,0
23.2,1,0,0.27062,-0.0455601,0
23.2,1.1,0,0.264954,-0.0430816,0
23.2,1.2,0,0.257692,-0.0402592,0
23.2,1.3,0,0.250065,-0.0374706,0
23.2,1.4,0,0.241847,-0.0344072,0
23.2,1.5,0,0.232615,-0.0312642,0
23.2,1.6,0,0.224656,-0.028277,0
23.2,1.7,0,0.215774,-0.0251308,0
23.2,1.8,0,0.206428,-0.0220158,0
23.2,1.9,0,0.19726,-0.0189629,0
23.2,2,0,0.187492,-0.015899,0
23.2,2.1,0,0.178511,-0.0130145,0
23.2,2.2,0,0.169474,-0.0102322,0
23.2,2.3,0,0.15998,-0.00746501,0
23.2,2.4,0,0.151478,-0.00510726,0
23.2,2.5,0,0.142802,-0.00281576,0
23.2,2.6,0,0.134506,-0.000672919,0
23.2,2.7,0,0.126876,0.00114957,0
23.2,2.8,0,0.118918,0.00295449,0
23.2,2.9,0,0.112378,0.00418559,0
23.2,3,0,0.105971,0.00530475,0
23.2,3.1,0,0.0996508,0.00632828,0
23.2,3.2,0,0.0942896,0.00696945,0
23.2,3.3,0,0.0887754,0.00757903,0
23.2,3.4,0,0.0845515,0.00768086,0
23.2,3.5,0,0.0805769,0.00768789,0
23.2,3.6,0,0.0765191,0.00761973,0
23.2,3.7,0,0.0732949,0.00726447,0
23.2,3.8,0,0.0700313,0.00687252,0
23.2,3.9,0,0.0676163,0.00615539,0
23.2,4,0,0.0654316,0.00541064,0
23.2,4.1,0,0.0630739,0.00455306,0
23.2,4.2,0,0.0612691,0.00356574,0
23.2,4.3,0,0.0594525,0.00255202,0
23.2,4.4,0,0.0580862,0.00137106,0
23.2,4.5,0,0.0569119,0.000246473,0
23.2,4.6,0,0.0555013,-0.00107559,0
23.2,4.7,0,0.0544529,-0.00239202,0
23.2,4.8,0,0.0534086,-0.00370054,0
23.2,4.9,0,0.0527203,-0.00489118,0
23.2,5,0,0.0523076,-0.00586067,0
23.2,5.1,0,0.0514277,-0.00778342,0
23.2,5.2,0,0.050939,-0.00920459,0
23.2,5.3,0,0.0506044,-0.0106374,0
23.2,5.4,0,0.0504468,-0.0120769,0
23.2,5.5,0,0.050494,-0.0135171,0
23.2,5.6,0,0.0507785,-0.0149514,0
23.2,5.7,0,0.0513369,-0.0163731,0
23.2,5.8,0,0.052209,-0.0177751,0
23.2,5.9,0,0.0534364,-0.0191497,0
23.2,6,0,0.0550614,-0.0204891,0
23.2,6.1,0,0.0571256,-0.0217852,0
23.2,6.2,0,0.0596678,-0.0230303,0
23.2,6.3,0,0.0627229,-0.0242166,0
23.2,6.4,0,0.0663198,-0.0253368,0
23.2,6.5,0,0.0704803,-0.0263848,0
23.2,6.6,0,0.0752174,-0.0273547,0
23.2,6.7,0,0.0805352,-0.0282416,0
23.2,6.8,0,0.0864277,-0.029042,0
23.2,6.9,0,0.092879,-0.0297584,0
23.2,7,0,0.103135,-0.0306765,0
23.2,7.1,0,0.109328,-0.0316551,0
23.2,7.2,0,0.115986,-0.0320247,0
23.2,7.3,0,0.123811,-0.0320218,0
23.2,7.4,0,0.132971,-0.0327202,0
23.2,7.5,0,0.141832,-0.0329251,0
23.2,7.6,0,0.151149,-0.0328994,0
23.2,7.7,0,0.160885,-0.0331728,0
23.2,7.8,0,0.170337,-0.0331521,0
23.2,7.9,0,0.180292,-0.0331278,0
23.2,8,0,0.189937,-0.0329833,0
23.2,8.1,0,0.19936,-0.0326494,0
23.2,8.2,0,0.209393,-0.0325801,0
23.2,8.3,0,0.218628,-0.0321854,0
23.2,8.4,0,0.227382,-0.03146,0
23.2,8.5,0,0.237106,-0.0313369,0
23.2,8.6,0,0.245643,-0.0307546,0
23.2,8.7,0,0.253205,-0.0296552,0
23.2,8.8,0,0.262307,-0.0294587,0
23.2,8.9,0,0.269831,-0.0286985,0
23.2,9,0,0.276,-0.02741,0
23.2,9.1,0,0.283976,-0.0270201,0
23.2,9.2,0,0.290249,-0.0261175,0
23.2,9.3,0,0.29532,-0.0249118,0
23.2,9.4,0,0.301405,-0.0241926,0
23.2,9.5,0,0.306301,-0.0232056,0
23.2,9.6,0,0.310222,-0.0221139,0
23.2,9.7,0,0.314345,-0.0212072,0
23.2,9.8,0,0.317879,-0.0202025,0
23.2,9.9,0,0.320732,-0.0192563,0
23.2,10,0,0.323042,-0.0182935,0
23.2,10.1,0,0.324731,-0.0172949,0
23.2,10.2,0,0.326815,-0.0165087,0
23.2,10.3,0,0.328119,-0.0156322,0
23.2,10.4,0,0.328149,-0.0147124,0
23.2,10.5,0,0.32984,-0.0141016,0
23.2,10.6,0,0.33038,-0.0133383,0
23.2,10.7,0,0.329056,-0.0125123,0
23.2,10.8,0,0.330635,-0.0121061,0
23.2,10.9,0,0.330643,-0.011469,0
23.2,11,0,0.328985,-0.0107943,0
23.2,11.1,0,0.329954,-0.0105456,0
23.2,11.2,0,0.329628,-0.0100372,0
23.2,11.3,0,0.328193,-0.0095761,0
23.2,11.4,0,0.328431,-0.00941163,0
23.2,11.5,0,0.327939,-0.00902813,0
23.2,11.6,0,0.32686,-0.00883562,0
23.2,11.7,0,0.326593,-0.00868331,0
23.2,11.8,0,0.325949,-0.00837573,0
23.2,11.9,0,0.32531,-0.0084846,0
23.2,12,0,0.324886,-0.00833459,0
23.2,12.1,0,0.323931,-0.00790386,0
23.2,12.2,0,0.32391,-0.008358,0
23.2,12.3,0,0.323645,-0.00829346,0
23.2,12.4,0,0.322533,-0.00758171,0
23.2,12.5,0,0.323136,-0.00853914,0
23.2,12.6,0,0.323047,-0.00852189,0
23.2,12.7,0,0.321836,-0.00726533,0
23.3,0,0,0.308163,-0.0628664,0
23.3,0.1,0,0.307145,-0.0622264,0
23.3,0.2,0,0.305655,-0.0614035,0
23.3,0.3,0,0.303059,-0.0600457,0
23.3,0.4,0,0.29943,-0.0582946,0
23.3,0.5,0,0.295475,-0.0564957,0
23.3,0.6,0,0.290963,-0.0545295,0
23.3,0.7,0,0.286065,-0.0524741,0
23.3,0.8,0,0.280622,-0.0502543,0
23.3,0.9,0,0.2745,-0.0477941,0
23.3,1,0,0.268112,-0.0453037,0
23.3,1.1,0,0.261169,-0.0425501,0
23.3,1.2,0,0.253907,-0.0397276,0
23.3,1.3,0,0.246189,-0.0368156,0
23.3,1.4,0,0.237971,-0.0337522,0
23.3,1.5,0,0.22955,-0.030673,0
23.3,1.6,0,0.220852,-0.0275585,0
23.3,1.7,0,0.21197,-0.0244123,0
23.3,1.8,0,0.202881,-0.0213097,0
23.3,1.9,0,0.193712,-0.0182568,0
23.3,2,0,0.184424,-0.0152017,0
23.3,2.1,0,0.175399,-0.012399,0
23.3,2.2,0,0.166362,-0.00961663,0
23.3,2.3,0,0.157448,-0.00700716,0
23.3,2.4,0,0.148947,-0.00464941,0
23.3,2.5,0,0.14041,-0.00230491,0
23.3,2.6,0,0.132647,-0.000418352,0
23.3,2.7,0,0.125016,0.00140414,0
23.3,2.8,0,0.117756,0.00298656,0
23.3,2.9,0,0.111217,0.00421767,0
23.3,3,0,0.104704,0.00542638,0
23.3,3.1,0,0.0991513,0.00614402,0
23.3,3.2,0,0.0937901,0.00678518,0
23.3,3.3,0,0.0888532,0.0072043,0
23.3,3.4,0,0.0846293,0.00730612,0
23.3,3.5,0,0.0804553,0.00738898,0
23.3,3.6,0,0.0770644,0.00709114,0
23.3,3.7,0,0.0738402,0.00673589,0
23.3,3.8,0,0.0709318,0.00622854,0
23.3,3.9,0,0.0685168,0.00551141,0
23.3,4,0,0.0661479,0.00478876,0
23.3,4.1,0,0.0642325,0.00382738,0
23.3,4.2,0,0.0624277,0.00284006,0
23.3,4.3,0,0.0607959,0.00177,0
23.3,4.4,0,0.0594296,0.000589032,0
23.3,4.5,0,0.0581016,-0.000580658,0
23.3,4.6,0,0.0569808,-0.00189821,0
23.3,4.7,0,0.0559324,-0.00321464,0
23.3,4.8,0,0.0550289,-0.00447917,0
23.3,4.9,0,0.0543407,-0.0056698,0
23.3,5,0,0.0537076,-0.0068162,0
23.3,5.1,0,0.0528603,-0.00877017,0
23.3,5.2,0,0.0523884,-0.0102132,0
23.3,5.3,0,0.0520644,-0.0116677,0
23.3,5.4,0,0.0519111,-0.0131291,0
23.3,5.5,0,0.051956,-0.0145914,0
23.3,5.6,0,0.0522316,-0.016048,0
23.3,5.7,0,0.052774,-0.017492,0
23.3,5.8,0,0.0536226,-0.0189162,0
23.3,5.9,0,0.054819,-0.0203126,0
23.3,6,0,0.0564054,-0.021673,0
23.3,6.1,0,0.0584233,-0.022989,0
23.3,6.2,0,0.0609119,-0.0242523,0
23.3,6.3,0,0.0639065,-0.0254547,0
23.3,6.4,0,0.0674367,-0.0265885,0
23.3,6.5,0,0.071525,-0.027647,0
23.3,6.6,0,0.0761856,-0.0286238,0
23.3,6.7,0,0.0814235,-0.0295137,0
23.3,6.8,0,0.0872337,-0.0303126,0
23.3,6.9,0,0.0936016,-0.0310235,0
23.3,7,0,0.103737,-0.0319291,0
23.3,7.1,0,0.110302,-0.0324205,0
23.3,7.2,0,0.116959,-0.0327902,0
23.3,7.3,0,0.124175,-0.0331642,0
23.3,7.4,0,0.133035,-0.0333691,0
23.3,7.5,0,0.141896,-0.0335739,0
23.3,7.6,0,0.151046,-0.0337373,0
23.3,7.7,0,0.160499,-0.0337166,0
23.3,7.8,0,0.169952,-0.0336959,0
23.3,7.9,0,0.17956,-0.0336193,0
23.3,8,0,0.18912,-0.0334086,0
23.3,8.1,0,0.19868,-0.0331978,0
23.3,8.2,0,0.208151,-0.0329025,0
23.3,8.3,0,0.217385,-0.0325078,0
23.3,8.4,0,0.22662,-0.0321131,0
23.3,8.5,0,0.235438,-0.0315941,0
23.3,8.6,0,0.243975,-0.0310117,0
23.3,8.7,0,0.252513,-0.0304294,0
23.3,8.8,0,0.260239,-0.0296928,0
23.3,8.9,0,0.267763,-0.0289326,0
23.3,9,0,0.275121,-0.0281075,0
23.3,9.1,0,0.281579,-0.027261,0
23.3,9.2,0,0.287852,-0.0263584,0
23.3,9.3,0,0.293901,-0.0254352,0
23.3,9.4,0,0.298797,-0.0244483,0
23.3,9.5,0,0.303693,-0.0234614,0
23.3,9.6,0,0.308131,-0.0224681,0
23.3,9.7,0,0.311664,-0.0214634,0
23.3,9.8,0,0.315198,-0.0204586,0
23.3,9.9,0,0.318106,-0.0194824,0
23.3,10,0,0.320416,-0.0185197,0
23.3,10.1,0,0.322726,-0.0175569,0
23.3,10.2,0,0.324344,-0.0166671,0
23.3,10.3,0,0.325647,-0.0157905,0
23.3,10.4,0,0.32695,-0.0149139,0
23.3,10.5,0,0.327588,-0.0141544,0
23.3,10.6,0,0.328127,-0.0133911,0
23.3,10.7,0,0.328463,-0.012621,0
23.3,10.8,0,0.328637,-0.0120193,0
23.3,10.9,0,0.328645,-0.0113822,0
23.3,11,0,0.328552,-0.0107998,0
23.3,11.1,0,0.328226,-0.0102915,0
23.3,11.2,0,0.327901,-0.00978311,0
23.3,11.3,0,0.327466,-0.00935298,0
23.3,11.4,0,0.326974,-0.00896949,0
23.3,11.5,0,0.326482,-0.00858599,0
23.3,11.6,0,0.325915,-0.00830127,0
23.3,11.7,0,0.325398,-0.00803726,0
23.3,11.8,0,0.324882,-0.00777324,0
23.3,11.9,0,0.324356,-0.00762525,0
23.3,12,0,0.323931,-0.00747524,0
23.3,12.1,0,0.323507,-0.00732524,0
23.3,12.2,0,0.323146,-0.00728777,0
23.3,12.3,0,0.322882,-0.00722323,0
23.3,12.4,0,0.322617,-0.00715869,0
23.3,12.5,0,0.322476,-0.00720126,0
23.3,12.6,0,0.322388,-0.00718401,0
23.3,12.7,0,0.322075,-0.0069189,0
23.4,0,0,0.307017,-0.063234,0
23.4,0.1,0,0.304715,-0.0623084,0
23.4,0.2,0,0.303224,-0.0614855,0
23.4,0.3,0,0.300334,-0.0600401,0
23.4,0.4,0,0.296704,-0.0582891,0
23.4,0.5,0,0.293661,-0.0563643,0
23.4,0.6,0,0.287981,-0.0544071,0
23.4,0.7,0,0.283083,-0.0523516,0
23.4,0.8,0,0.277359,-0.0499831,0
23.4,0.9,0,0.271238,-0.047523,0
23.4,1,0,0.265435,-0.0446611,0
23.4,1.1,0,0.257663,-0.0420996,0
23.4,1.2,0,0.250401,-0.0392771,0
23.4,1.3,0,0.24253,-0.036204,0
23.4,1.4,0,0.234311,-0.0331407,0
23.4,1.5,0,0.226464,-0.029721,0
23.4,1.6,0,0.217176,-0.0268394,0
23.4,1.7,0,0.208293,-0.0236932,0
23.4,1.8,0,0.199355,-0.0205558,0
23.4,1.9,0,0.190186,-0.017503,0
23.4,2,0,0.181616,-0.0142855,0
23.4,2.1,0,0.172197,-0.0116912,0
23.4,2.2,0,0.16316,-0.00890887,0
23.4,2.3,0,0.154728,-0.0064219,0
23.4,2.4,0,0.146227,-0.00406415,0
23.4,2.5,0,0.138497,-0.00172981,0
23.4,2.6,0,0.130525,-1.43433e-05,0
23.4,2.7,0,0.122894,0.00180815,0
23.4,2.8,0,0.116293,0.00317509,0
23.4,2.9,0,0.109754,0.00440619,0
23.4,3,0,0.103946,0.00552842,0
23.4,3.1,0,0.0983448,0.00610845,0
23.4,3.2,0,0.0929836,0.00674962,0
23.4,3.3,0,0.0886498,0.00695983,0
23.4,3.4,0,0.0844259,0.00706166,0
23.4,3.5,0,0.0807049,0.00707271,0
23.4,3.6,0,0.0773739,0.00666871,0
23.4,3.7,0,0.0741497,0.00631345,0
23.4,3.8,0,0.0716495,0.00566559,0
23.4,3.9,0,0.0692345,0.00494846,0
23.4,4,0,0.0670542,0.00419724,0
23.4,4.1,0,0.0652582,0.00316043,0
23.4,4.2,0,0.0634535,0.00217311,0
23.4,4.3,0,0.0620454,0.0010294,0
23.4,4.4,0,0.0606791,-0.000151564,0
23.4,4.5,0,0.0593548,-0.0013258,0
23.4,4.6,0,0.0583897,-0.0026922,0
23.4,4.7,0,0.0573414,-0.00400862,0
23.4,4.8,0,0.0565336,-0.00535149,0
23.4,4.9,0,0.0558454,-0.00654212,0
23.4,5,0,0.055116,-0.00765367,0
23.4,5.1,0,0.0542938,-0.00963482,0
23.4,5.2,0,0.0538349,-0.0110987,0
23.4,5.3,0,0.0535191,-0.0125747,0
23.4,5.4,0,0.0533685,-0.0140584,0
23.4,5.5,0,0.0534104,-0.0155436,0
23.4,5.6,0,0.0536762,-0.0170241,0
23.4,5.7,0,0.0542018,-0.0184928,0
23.4,5.8,0,0.0550258,-0.0199424,0
23.4,5.9,0,0.0561891,-0.0213648,0
23.4,6,0,0.0577338,-0.0227514,0
23.4,6.1,0,0.059701,-0.0240936,0
23.4,6.2,0,0.06213,-0.0253826,0
23.4,6.3,0,0.0650565,-0.0266096,0
23.4,6.4,0,0.0685106,-0.0277665,0
23.4,6.5,0,0.0725158,-0.0288457,0
23.4,6.6,0,0.0770873,-0.0298406,0
23.4,6.7,0,0.0822313,-0.030745,0
23.4,6.8,0,0.0879443,-0.0315544,0
23.4,6.9,0,0.0942131,-0.0322709,0
23.4,7,0,0.104203,-0.0331732,0
23.4,7.1,0,0.110225,-0.0332088,0
23.4,7.2,0,0.116882,-0.0335785,0
23.4,7.3,0,0.124156,-0.0340546,0
23.4,7.4,0,0.13285,-0.0340922,0
23.4,7.5,0,0.141711,-0.0342971,0
23.4,7.6,0,0.15056,-0.0343398,0
23.4,7.7,0,0.160013,-0.0343191,0
23.4,7.8,0,0.169465,-0.0342984,0
23.4,7.9,0,0.17878,-0.0340981,0
23.4,8,0,0.18834,-0.0338873,0
23.4,8.1,0,0.1979,-0.0336766,0
23.4,8.2,0,0.207063,-0.0332799,0
23.4,8.3,0,0.216298,-0.0328852,0
23.4,8.4,0,0.225588,-0.0325142,0
23.4,8.5,0,0.234027,-0.0319068,0
23.4,8.6,0,0.242564,-0.0313245,0
23.4,8.7,0,0.25142,-0.0308009,0
23.4,8.8,0,0.258511,-0.0299762,0
23.4,8.9,0,0.266035,-0.029216,0
23.4,9,0,0.27397,-0.0284671,0
23.4,9.1,0,0.27958,-0.0275366,0
23.4,9.2,0,0.285852,-0.026634,0
23.4,9.3,0,0.291987,-0.0257001,0
23.4,9.4,0,0.296604,-0.024719,0
23.4,9.5,0,0.3015,-0.0237321,0
23.4,9.6,0,0.305839,-0.0227197,0
23.4,9.7,0,0.309373,-0.021715,0
23.4,9.8,0,0.312907,-0.0207102,0
23.4,9.9,0,0.315813,-0.0196883,0
23.4,10,0,0.318123,-0.0187256,0
23.4,10.1,0,0.320433,-0.0177628,0
23.4,10.2,0,0.322133,-0.0167949,0
23.4,10.3,0,0.323436,-0.0159183,0
23.4,10.4,0,0.32504,-0.0150468,0
23.4,10.5,0,0.325524,-0.0141709,0
23.4,10.6,0,0.326064,-0.0134077,0
23.4,10.7,0,0.327353,-0.0127184,0
23.4,10.8,0,0.326765,-0.0118943,0
23.4,10.9,0,0.326772,-0.0112572,0
23.4,11,0,0.327353,-0.01071,0
23.4,11.1,0,0.32657,-0.00999963,0
23.4,11.2,0,0.326245,-0.00949128,0
23.4,11.3,0,0.326128,-0.00893959,0
23.4,11.4,0,0.325544,-0.00849144,0
23.4,11.5,0,0.325052,-0.00810795,0
23.4,11.6,0,0.324708,-0.00762067,0
23.4,11.7,0,0.324191,-0.00735665,0
23.4,11.8,0,0.323675,-0.00709264,0
23.4,11.9,0,0.323358,-0.00673322,0
23.4,12,0,0.322934,-0.00658322,0
23.4,12.1,0,0.322509,-0.00643321,0
23.4,12.2,0,0.322331,-0.00619983,0
23.4,12.3,0,0.322066,-0.00613528,0
23.4,12.4,0,0.322,-0.0064291,0
23.4,12.5,0,0.321765,-0.0058532,0
23.4,12.6,0,0.321677,-0.00583595,0
23.4,12.7,0,0.321931,-0.00670704,0
23.5,0,0,0.305926,-0.0635949,0
23.5,0.1,0,0.302542,-0.0625323,0
23.5,0.2,0,0.301304,-0.0616855,0
23.5,0.3,0,0.298105,-0.0600923,0
23.5,0.4,0,0.29409,-0.0583017,0
23.5,0.5,0,0.291829,-0.0561452,0
23.5,0.6,0,0.285106,-0.054319,0
23.5,0.7,0,0.280371,-0.0521372,0
23.5,0.8,0,0.274449,-0.0496654,0
23.5,0.9,0,0.268079,-0.0472873,0
23.5,1,0,0.262702,-0.0438897,0
23.5,1.1,0,0.25425,-0.0416762,0
23.5,1.2,0,0.247112,-0.0386905,0
23.5,1.3,0,0.239119,-0.0354959,0
23.5,1.4,0,0.230723,-0.0325437,0
23.5,1.5,0,0.223371,-0.0286489,0
23.5,1.6,0,0.213541,-0.0261201,0
23.5,1.7,0,0.20485,-0.0228663,0
23.5,1.8,0,0.195991,-0.0196936,0
23.5,1.9,0,0.186667,-0.0167333,0
23.5,2,0,0.178894,-0.0132962,0
23.5,2.1,0,0.168966,-0.0109527,0
23.5,2.2,0,0.160211,-0.00814573,0
23.5,2.3,0,0.152092,-0.00573629,0
23.5,2.4,0,0.143444,-0.00343642,0
23.5,2.5,0,0.136743,-0.0011333,0
23.5,2.6,0,0.128316,0.000439479,0
23.5,2.7,0,0.120998,0.0022295,0
23.5,2.8,0,0.114848,0.00344724,0
23.5,2.9,0,0.108189,0.00464687,0
23.5,3,0,0.103358,0.00562392,0
23.5,3.1,0,0.0974361,0.00612245,0
23.5,3.2,0,0.092328,0.00671993,0
23.5,3.3,0,0.0884223,0.00677963,0
23.5,3.4,0,0.0841287,0.00686062,0
23.5,3.5,0,0.0810783,0.00675064,0
23.5,3.6,0,0.0776047,0.00628166,0
23.5,3.7,0,0.0745262,0.00590119,0
23.5,3.8,0,0.0723242,0.0051491,0
23.5,3.9,0,0.0698913,0.00441252,0
23.5,4,0,0.068024,0.00361583,0
23.5,4.1,0,0.0662397,0.00251306,0
23.5,4.2,0,0.0644853,0.00152177,0
23.5,4.3,0,0.0632431,0.000322477,0
23.5,4.4,0,0.0618973,-0.000878349,0
23.5,4.5,0,0.0606292,-0.00204362,0
23.5,4.6,0,0.0597752,-0.00347664,0
23.5,4.7,0,0.0587193,-0.00478635,0
23.5,4.8,0,0.057968,-0.0062126,0
23.5,4.9,0,0.0573115,-0.00744568,0
23.5,5,0,0.0565272,-0.00845179,0
23.5,5.1,0,0.0557277,-0.0104588,0
23.5,5.2,0,0.0552806,-0.0119433,0
23.5,5.3,0,0.0549721,-0.0134407,0
23.5,5.4,0,0.0548238,-0.0149466,0
23.5,5.5,0,0.0548622,-0.0164552,0
23.5,5.6,0,0.0551181,-0.01796,0
23.5,5.7,0,0.0556266,-0.0194543,0
23.5,5.8,0,0.0564255,-0.0209303,0
23.5,5.9,0,0.0575551,-0.0223801,0
23.5,6,0,0.059057,-0.0237947,0
23.5,6.1,0,0.060972,-0.0251652,0
23.5,6.2,0,0.0633396,-0.0264823,0
23.5,6.3,0,0.0661954,-0.0277368,0
23.5,6.4,0,0.0695703,-0.0289198,0
23.5,6.5,0,0.0734886,-0.0300234,0
23.5,6.6,0,0.0779667,-0.0310399,0
23.5,6.7,0,0.0830122,-0.0319627,0
23.5,6.8,0,0.0886231,-0.0327867,0
23.5,6.9,0,0.0947875,-0.0335123,0
23.5,7,0,0.104626,-0.0344144,0
23.5,7.1,0,0.109798,-0.0340048,0
23.5,7.2,0,0.116456,-0.0343744,0
23.5,7.3,0,0.124338,-0.0352562,0
23.5,7.4,0,0.132583,-0.0348402,0
23.5,7.5,0,0.141443,-0.035045,0
23.5,7.6,0,0.150489,-0.0354355,0
23.5,7.7,0,0.159493,-0.0349412,0
23.5,7.8,0,0.169036,-0.0350373,0
23.5,7.9,0,0.178319,-0.034872,0
23.5,8,0,0.187573,-0.0343838,0
23.5,8.1,0,0.197388,-0.0343804,0
23.5,8.2,0,0.206166,-0.0337615,0
23.5,8.3,0,0.215262,-0.033281,0
23.5,8.4,0,0.225033,-0.0331174,0
23.5,8.5,0,0.232701,-0.0322381,0
23.5,8.6,0,0.241238,-0.0316558,0
23.5,8.7,0,0.250736,-0.0312506,0
23.5,8.8,0,0.256897,-0.030276,0
23.5,8.9,0,0.264421,-0.0295158,0
23.5,9,0,0.273168,-0.0287992,0
23.5,9.1,0,0.277713,-0.0278237,0
23.5,9.2,0,0.283985,-0.0269211,0
23.5,9.3,0,0.291091,-0.0259515,0
23.5,9.4,0,0.294549,-0.0249948,0
23.5,9.5,0,0.299551,-0.0240007,0
23.5,9.6,0,0.304718,-0.0229277,0
23.5,9.7,0,0.307211,-0.021965,0
23.5,9.8,0,0.311318,-0.0209228,0
23.5,9.9,0,0.314214,-0.0198743,0
23.5,10,0,0.315941,-0.0189247,0
23.5,10.1,0,0.319324,-0.0179225,0
23.5,10.2,0,0.320124,-0.0169159,0
23.5,10.3,0,0.321312,-0.0160358,0
23.5,10.4,0,0.324165,-0.0151856,0
23.5,10.5,0,0.323523,-0.0141754,0
23.5,10.6,0,0.324063,-0.0134122,0
23.5,10.7,0,0.326555,-0.0128416,0
23.5,10.8,0,0.324934,-0.0117566,0
23.5,10.9,0,0.324941,-0.0111195,0
23.5,11,0,0.326644,-0.0108133,0
23.5,11.1,0,0.324938,-0.00969522,0
23.5,11.2,0,0.324612,-0.00918686,0
23.5,11.3,0,0.325511,-0.0090166,0
23.5,11.4,0,0.324123,-0.00800143,0
23.5,11.5,0,0.323832,-0.00773714,0
23.5,11.6,0,0.324001,-0.00746692,0
23.5,11.7,0,0.32298,-0.00666453,0
23.5,11.8,0,0.322935,-0.00681906,0
23.5,11.9,0,0.32255,-0.0061469,0
23.5,12,0,0.321922,-0.0056803,0
23.5,12.1,0,0.322147,-0.00637188,0
23.5,12.2,0,0.321498,-0.00510597,0
23.5,12.3,0,0.321233,-0.00504143,0
23.5,12.4,0,0.321705,-0.00630793,0
23.5,12.5,0,0.321036,-0.00450176,0
23.5,12.6,0,0.320948,-0.00448451,0
23.5,12.7,0,0.32166,-0.00654005,0
23.6,0,0,0.304834,-0.0639558,0
23.6,0.1,0,0.300369,-0.0627561,0
23.6,0.2,0,0.299975,-0.0618298,0
23.6,0.3,0,0.296776,-0.0602365,0
23.6,0.4,0,0.291476,-0.0583144,0
23.6,0.5,0,0.289997,-0.0559262,0
23.6,0.6,0,0.282231,-0.0542309,0
23.6,0.7,0,0.278042,-0.0516281,0
23.6,0.8,0,0.27212,-0.0491563,0
23.6,0.9,0,0.26492,-0.0470516,0
23.6,1,0,0.259969,-0.0431183,0
23.6,1.1,0,0.250836,-0.0412527,0
23.6,1.2,0,0.244113,-0.0377232,0
23.6,1.3,0,0.23612,-0.0345286,0
23.6,1.4,0,0.227136,-0.0319467,0
23.6,1.5,0,0.220278,-0.0275768,0
23.6,1.6,0,0.209907,-0.0254008,0
23.6,1.7,0,0.201851,-0.0217881,0
23.6,1.8,0,0.192993,-0.0186155,0
23.6,1.9,0,0.183147,-0.0159636,0
23.6,2,0,0.176171,-0.012307,0
23.6,2.1,0,0.165735,-0.0102142,0
23.6,2.2,0,0.157919,-0.0073251,0
23.6,2.3,0,0.149801,-0.00491566,0
23.6,2.4,0,0.140661,-0.00280868,0
23.6,2.5,0,0.134989,-0.00053678,0
23.6,2.6,0,0.126107,0.000893302,0
23.6,2.7,0,0.119831,0.00257508,0
23.6,2.8,0,0.113681,0.00379282,0
23.6,2.9,0,0.106625,0.00488755,0
23.6,3,0,0.10277,0.00571943,0
23.6,3.1,0,0.0965273,0.00613644,0
23.6,3.2,0,0.0922631,0.00658832,0
23.6,3.3,0,0.0883574,0.00664802,0
23.6,3.4,0,0.0838315,0.00665958,0
23.6,3.5,0,0.0814516,0.00642858,0
23.6,3.6,0,0.0778356,0.00589461,0
23.6,3.7,0,0.0752424,0.0054301,0
23.6,3.8,0,0.0730404,0.00467801,0
23.6,3.9,0,0.0705481,0.00387658,0
23.6,4,0,0.0689938,0.00303442,0
23.6,4.1,0,0.0672211,0.00186568,0
23.6,4.2,0,0.0656349,0.000861181,0
23.6,4.3,0,0.0643926,-0.000338111,0
23.6,4.4,0,0.0631155,-0.00160513,0
23.6,4.5,0,0.0619035,-0.00276143,0
23.6,4.6,0,0.0611606,-0.00426108,0
23.6,4.7,0,0.0600796,-0.00554843,0
23.6,4.8,0,0.0593284,-0.00697468,0
23.6,4.9,0,0.0587777,-0.00834924,0
23.6,5,0,0.0579385,-0.00924992,0
23.6,5.1,0,0.0571615,-0.0112827,0
23.6,5.2,0,0.0567262,-0.0127878,0
23.6,5.3,0,0.056425,-0.0143067,0
23.6,5.4,0,0.056279,-0.0158349,0
23.6,5.5,0,0.0563139,-0.0173667,0
23.6,5.6,0,0.05656,-0.018896,0
23.6,5.7,0,0.0570513,-0.0204157,0
23.6,5.8,0,0.0578252,-0.0219183,0
23.6,5.9,0,0.0589211,-0.0233954,0
23.6,6,0,0.0603802,-0.024838,0
23.6,6.1,0,0.0622431,-0.0262368,0
23.6,6.2,0,0.0645491,-0.027582,0
23.6,6.3,0,0.0673342,-0.0288639,0
23.6,6.4,0,0.07063,-0.0300732,0
23.6,6.5,0,0.0744614,-0.031201,0
23.6,6.6,0,0.0788462,-0.0322392,0
23.6,6.7,0,0.0837932,-0.0331805,0
23.6,6.8,0,0.0893019,-0.034019,0
23.6,6.9,0,0.095362,-0.0347538,0
23.6,7,0,0.105048,-0.0356557,0
23.6,7.1,0,0.109546,-0.0348925,0
23.6,7.2,0,0.116387,-0.0354088,0
23.6,7.3,0,0.124521,-0.0364578,0
23.6,7.4,0,0.132315,-0.0355881,0
23.6,7.5,0,0.141371,-0.0361362,0
23.6,7.6,0,0.150423,-0.0365376,0
23.6,7.7,0,0.158974,-0.0355633,0
23.6,7.8,0,0.168774,-0.0359921,0
23.6,7.9,0,0.178056,-0.0358268,0
23.6,8,0,0.186805,-0.0348804,0
23.6,8.1,0,0.19697,-0.0351599,0
23.6,8.2,0,0.205748,-0.0345411,0
23.6,8.3,0,0.214226,-0.0336768,0
23.6,8.4,0,0.224479,-0.0337206,0
23.6,8.5,0,0.232025,-0.0327984,0
23.6,8.6,0,0.239913,-0.0319871,0
23.6,8.7,0,0.250052,-0.0317003,0
23.6,8.8,0,0.255711,-0.0306448,0
23.6,8.9,0,0.263078,-0.0298263,0
23.6,9,0,0.272365,-0.0291312,0
23.6,9.1,0,0.27593,-0.0281145,0
23.6,9.2,0,0.282812,-0.0271827,0
23.6,9.3,0,0.290194,-0.0262029,0
23.6,9.4,0,0.292494,-0.0252706,0
23.6,9.5,0,0.298599,-0.0242018,0
23.6,9.6,0,0.303766,-0.0231289,0
23.6,9.7,0,0.30505,-0.0222151,0
23.6,9.8,0,0.310356,-0.0210944,0
23.6,9.9,0,0.313251,-0.0200459,0
23.6,10,0,0.313759,-0.0191239,0
23.6,10.1,0,0.31839,-0.0180757,0
23.6,10.2,0,0.31919,-0.0170691,0
23.6,10.3,0,0.319188,-0.0161534,0
23.6,10.4,0,0.32329,-0.0153244,0
23.6,10.5,0,0.322327,-0.014276,0
23.6,10.6,0,0.322157,-0.013426,0
23.6,10.7,0,0.325758,-0.0129649,0
23.6,10.8,0,0.323447,-0.0117058,0
23.6,10.9,0,0.323627,-0.0110927,0
23.6,11,0,0.325934,-0.0109166,0
23.6,11.1,0,0.323305,-0.00939081,0
23.6,11.2,0,0.323835,-0.00920364,0
23.6,11.3,0,0.324895,-0.0090936,0
23.6,11.4,0,0.322702,-0.00751141,0
23.6,11.5,0,0.32331,-0.00778004,0
23.6,11.6,0,0.323479,-0.00750982,0
23.6,11.7,0,0.321769,-0.00597241,0
23.6,11.8,0,0.322502,-0.00681845,0
23.6,11.9,0,0.322117,-0.00614629,0
23.6,12,0,0.320911,-0.00477737,0
23.6,12.1,0,0.321793,-0.00632177,0
23.6,12.2,0,0.321129,-0.00502382,0
23.6,12.3,0,0.3204,-0.00394758,0
23.6,12.4,0,0.32141,-0.00618676,0
23.6,12.5,0,0.320562,-0.00387337,0
23.6,12.6,0,0.320313,-0.00337723,0
23.6,12.7,0,0.321388,-0.00637305,0
23.7,0,0,0.303743,-0.0643167,0
23.7,0.1,0,0.299115,-0.0630965,0
23.7,0.2,0,0.298646,-0.0619741,0
23.7,0.3,0,0.295446,-0.0603808,0
23.7,0.4,0,0.289526,-0.0581301,0
23.7,0.5,0,0.288164,-0.0557071,0
23.7,0.6,0,0.280242,-0.0540314,0
23.7,0.7,0,0.275713,-0.051119,0
23.7,0.8,0,0.269791,-0.0486472,0
23.7,0.9,0,0.262123,-0.0463605,0
23.7,1,0,0.257236,-0.0423468,0
23.7,1.1,0,0.248001,-0.0405335,0
23.7,1.2,0,0.241114,-0.0367559,0
23.7,1.3,0,0.233121,-0.0335613,0
23.7,1.4,0,0.223969,-0.0309458,0
23.7,1.5,0,0.217185,-0.0265046,0
23.7,1.6,0,0.206733,-0.0243816,0
23.7,1.7,0,0.198852,-0.02071,0
23.7,1.8,0,0.189994,-0.0175374,0
23.7,1.9,0,0.180306,-0.0150073,0
23.7,2,0,0.173449,-0.0113177,0
23.7,2.1,0,0.162936,-0.00926258,0
23.7,2.2,0,0.155628,-0.00650446,0
23.7,2.3,0,0.147509,-0.00409502,0
23.7,2.4,0,0.138753,-0.00220748,0
23.7,2.5,0,0.133235,5.97381e-05,0
23.7,2.6,0,0.124284,0.00146842,0
23.7,2.7,0,0.118664,0.00292067,0
23.7,2.8,0,0.112514,0.0041384,0
23.7,2.9,0,0.10589,0.00500482,0
23.7,3,0,0.102182,0.00581493,0
23.7,3.1,0,0.095891,0.00621972,0
23.7,3.2,0,0.0921982,0.00645671,0
23.7,3.3,0,0.0882925,0.00651641,0
23.7,3.4,0,0.0841043,0.00635567,0
23.7,3.5,0,0.081825,0.00610652,0
23.7,3.6,0,0.0781876,0.00556279,0
23.7,3.7,0,0.0759587,0.00495901,0
23.7,3.8,0,0.0737567,0.00420692,0
23.7,3.9,0,0.071471,0.00330199,0
23.7,4,0,0.0699635,0.00245302,0
23.7,4.1,0,0.0681926,0.00127438,0
23.7,4.2,0,0.0667844,0.000200593,0
23.7,4.3,0,0.0655422,-0.000998699,0
23.7,4.4,0,0.0643814,-0.00232429,0
23.7,4.5,0,0.0631779,-0.00347924,0
23.7,4.6,0,0.0624516,-0.00498889,0
23.7,4.7,0,0.06144,-0.00631051,0
23.7,4.8,0,0.0606888,-0.00773676,0
23.7,4.9,0,0.0601972,-0.00916317,0
23.7,5,0,0.0593497,-0.010048,0
23.7,5.1,0,0.0585953,-0.0121067,0
23.7,5.2,0,0.0581719,-0.0136324,0
23.7,5.3,0,0.057878,-0.0151728,0
23.7,5.4,0,0.0577342,-0.0167232,0
23.7,5.5,0,0.0577657,-0.0182783,0
23.7,5.6,0,0.0580019,-0.0198319,0
23.7,5.7,0,0.0584761,-0.0213771,0
23.7,5.8,0,0.0592248,-0.0229062,0
23.7,5.9,0,0.0602871,-0.0244107,0
23.7,6,0,0.0617034,-0.0258813,0
23.7,6.1,0,0.0635141,-0.0273083,0
23.7,6.2,0,0.0657585,-0.0286816,0
23.7,6.3,0,0.0684731,-0.0299911,0
23.7,6.4,0,0.0716896,-0.0312265,0
23.7,6.5,0,0.0754343,-0.0323786,0
23.7,6.6,0,0.0797257,-0.0334385,0
23.7,6.7,0,0.0845742,-0.0343982,0
23.7,6.8,0,0.0899806,-0.0352512,0
23.7,6.9,0,0.0959364,-0.0359952,0
23.7,7,0,0.10547,-0.0368969,0
23.7,7.1,0,0.109968,-0.0361337,0
23.7,7.2,0,0.116569,-0.0366104,0
23.7,7.3,0,0.124703,-0.0376595,0
23.7,7.4,0,0.132418,-0.0367102,0
23.7,7.5,0,0.141305,-0.0372382,0
23.7,7.6,0,0.150357,-0.0376396,0
23.7,7.7,0,0.158655,-0.036398,0
23.7,7.8,0,0.168512,-0.036947,0
23.7,7.9,0,0.177794,-0.0367817,0
23.7,8,0,0.186135,-0.0354584,0
23.7,8.1,0,0.196552,-0.0359395,0
23.7,8.2,0,0.20533,-0.0353206,0
23.7,8.3,0,0.213465,-0.0341909,0
23.7,8.4,0,0.223925,-0.0343238,0
23.7,8.5,0,0.231471,-0.0334016,0
23.7,8.6,0,0.239198,-0.0324311,0
23.7,8.7,0,0.249369,-0.03215,0
23.7,8.8,0,0.255028,-0.0310945,0
23.7,8.9,0,0.262275,-0.0301584,0
23.7,9,0,0.271562,-0.0294633,0
23.7,9.1,0,0.275127,-0.0284465,0
23.7,9.2,0,0.281915,-0.0274342,0
23.7,9.3,0,0.289297,-0.0264543,0
23.7,9.4,0,0.291246,-0.0255293,0
23.7,9.5,0,0.297648,-0.024403,0
23.7,9.6,0,0.302814,-0.02333,0
23.7,9.7,0,0.30327,-0.0224498,0
23.7,9.8,0,0.309393,-0.0212659,0
23.7,9.9,0,0.312289,-0.0202174,0
23.7,10,0,0.311971,-0.0193086,0
23.7,10.1,0,0.317457,-0.0182289,0
23.7,10.2,0,0.318256,-0.0172223,0
23.7,10.3,0,0.317935,-0.0162858,0
23.7,10.4,0,0.322415,-0.0154633,0
23.7,10.5,0,0.321452,-0.0144148,0
23.7,10.6,0,0.32136,-0.0135493,0
23.7,10.7,0,0.32496,-0.0130882,0
23.7,10.8,0,0.32265,-0.0118291,0
23.7,10.9,0,0.322917,-0.011196,0
23.7,11,0,0.325225,-0.0110199,0
23.7,11.1,0,0.322551,-0.00947441,0
23.7,11.2,0,0.323219,-0.00928065,0
23.7,11.3,0,0.324279,-0.0091706,0
23.7,11.4,0,0.321739,-0.0073447,0
23.7,11.5,0,0.322787,-0.00782295,0
23.7,11.6,0,0.322957,-0.00755273,0
23.7,11.7,0,0.320736,-0.00546138,0
23.7,11.8,0,0.322069,-0.00681784,0
23.7,11.9,0,0.321684,-0.00614568,0
23.7,12,0,0.320191,-0.00425224,0
23.7,12.1,0,0.321439,-0.00627167,0
23.7,12.2,0,0.320775,-0.00497372,0
23.7,12.3,0,0.320011,-0.00365577,0
23.7,12.4,0,0.321115,-0.00606559,0
23.7,12.5,0,0.320267,-0.0037522,0
23.7,12.6,0,0.320042,-0.00321023,0
23.7,12.7,0,0.321117,-0.00620606,0
23.8,0,0,0.302651,-0.0646775,0
23.8,0.1,0,0.298361,-0.0634255,0
23.8,0.2,0,0.297317,-0.0621183,0
23.8,0.3,0,0.294117,-0.0605251,0
23.8,0.4,0,0.288208,-0.0579637,0
23.8,0.5,0,0.286332,-0.055488,0
23.8,0.6,0,0.278628,-0.053644,0
23.8,0.7,0,0.273384,-0.0506099,0
23.8,0.8,0,0.267462,-0.0481381,0
23.8,0.9,0,0.259722,-0.0454798,0
23.8,1,0,0.254503,-0.0415754,0
23.8,1.1,0,0.245434,-0.0395445,0
23.8,1.2,0,0.238115,-0.0357885,0
23.8,1.3,0,0.230122,-0.0325939,0
23.8,1.4,0,0.221111,-0.0297255,0
23.8,1.5,0,0.214092,-0.0254325,0
23.8,1.6,0,0.203894,-0.023166,0
23.8,1.7,0,0.195853,-0.0196319,0
23.8,1.8,0,0.186995,-0.0164592,0
23.8,1.9,0,0.177792,-0.0138946,0
23.8,2,0,0.170727,-0.0103285,0
23.8,2.1,0,0.16059,-0.00824047,0
23.8,2.2,0,0.153336,-0.00568382,0
23.8,2.3,0,0.145218,-0.00327438,0
23.8,2.4,0,0.137196,-0.0015338,0
23.8,2.5,0,0.131481,0.000656256,0
23.8,2.6,0,0.122947,0.00202164,0
23.8,2.7,0,0.117497,0.00326625,0
23.8,2.8,0,0.111347,0.00448399,0
23.8,2.9,0,0.105461,0.00514229,0
23.8,3,0,0.101594,0.00591043,0
23.8,3.1,0,0.0956403,0.00625698,0
23.8,3.2,0,0.0921333,0.0063251,0
23.8,3.3,0,0.0882276,0.0063848,0
23.8,3.4,0,0.0845705,0.00606138,0
23.8,3.5,0,0.0821984,0.00578445,0
23.8,3.6,0,0.0787551,0.00520711,0
23.8,3.7,0,0.076675,0.00448792,0
23.8,3.8,0,0.074473,0.00373583,0
23.8,3.9,0,0.0724645,0.00274652,0
23.8,4,0,0.0709333,0.00187161,0
23.8,4.1,0,0.0692296,0.000687691,0
23.8,4.2,0,0.067934,-0.000459995,0
23.8,4.3,0,0.0666917,-0.00165929,0
23.8,4.4,0,0.0656283,-0.00301563,0
23.8,4.5,0,0.0644522,-0.00419706,0
23.8,4.6,0,0.0637159,-0.00569775,0
23.8,4.7,0,0.0628004,-0.00707259,0
23.8,4.8,0,0.0620491,-0.00849883,0
23.8,4.9,0,0.0615661,-0.0099047,0
23.8,5,0,0.060761,-0.0108462,0
23.8,5.1,0,0.0600291,-0.0129306,0
23.8,5.2,0,0.0596175,-0.0144769,0
23.8,5.3,0,0.059331,-0.0160388,0
23.8,5.4,0,0.0591895,-0.0176115,0
23.8,5.5,0,0.0592175,-0.0191899,0
23.8,5.6,0,0.0594438,-0.0207679,0
23.8,5.7,0,0.0599009,-0.0223386,0
23.8,5.8,0,0.0606245,-0.0238942,0
23.8,5.9,0,0.0616531,-0.025426,0
23.8,6,0,0.0630266,-0.0269246,0
23.8,6.1,0,0.0647852,-0.0283799,0
23.8,6.2,0,0.0669681,-0.0297813,0
23.8,6.3,0,0.0696119,-0.0311182,0
23.8,6.4,0,0.0727493,-0.0323799,0
23.8,6.5,0,0.0764071,-0.0335563,0
23.8,6.6,0,0.0806052,-0.0346378,0
23.8,6.7,0,0.0853551,-0.0356159,0
23.8,6.8,0,0.0906594,-0.0364835,0
23.8,6.9,0,0.0965108,-0.0372367,0
23.8,7,0,0.105892,-0.0381382,0
23.8,7.1,0,0.110417,-0.0373928,0
23.8,7.2,0,0.116752,-0.037812,0
23.8,7.3,0,0.124886,-0.0388611,0
23.8,7.4,0,0.132687,-0.0380624,0
23.8,7.5,0,0.141239,-0.0383402,0
23.8,7.6,0,0.150291,-0.0387416,0
23.8,7.7,0,0.158797,-0.0377685,0
23.8,7.8,0,0.168249,-0.0379018,0
23.8,7.9,0,0.177532,-0.0377365,0
23.8,8,0,0.186222,-0.0366963,0
23.8,8.1,0,0.196134,-0.036719,0
23.8,8.2,0,0.204911,-0.0361001,0
23.8,8.3,0,0.213331,-0.0350549,0
23.8,8.4,0,0.223371,-0.034927,0
23.8,8.5,0,0.230916,-0.0340048,0
23.8,8.6,0,0.238744,-0.0329619,0
23.8,8.7,0,0.248685,-0.0325997,0
23.8,8.8,0,0.254344,-0.0315442,0
23.8,8.9,0,0.261472,-0.0304904,0
23.8,9,0,0.270759,-0.0297953,0
23.8,9.1,0,0.27449,-0.0287724,0
23.8,9.2,0,0.281018,-0.0276856,0
23.8,9.3,0,0.2884,-0.0267057,0
23.8,9.4,0,0.290959,-0.0257395,0
23.8,9.5,0,0.296696,-0.0246042,0
23.8,9.6,0,0.301862,-0.0235312,0
23.8,9.7,0,0.303438,-0.0225776,0
23.8,9.8,0,0.30843,-0.0214375,0
23.8,9.9,0,0.311326,-0.020389,0
23.8,10,0,0.312176,-0.019436,0
23.8,10.1,0,0.316523,-0.0183821,0
23.8,10.2,0,0.317322,-0.0173755,0
23.8,10.3,0,0.317718,-0.0164443,0
23.8,10.4,0,0.32154,-0.0156021,0
23.8,10.5,0,0.320577,-0.0145536,0
23.8,10.6,0,0.320755,-0.0136955,0
23.8,10.7,0,0.324163,-0.0132115,0
23.8,10.8,0,0.321852,-0.0119524,0
23.8,10.9,0,0.322208,-0.0112993,0
23.8,11,0,0.324516,-0.0111231,0
23.8,11.1,0,0.322145,-0.00969144,0
23.8,11.2,0,0.322603,-0.00935765,0
23.8,11.3,0,0.323663,-0.00924761,0
23.8,11.4,0,0.321734,-0.00778399,0
23.8,11.5,0,0.322265,-0.00786585,0
23.8,11.6,0,0.322434,-0.00759563,0
23.8,11.7,0,0.320992,-0.00619579,0
23.8,11.8,0,0.321636,-0.00681723,0
23.8,11.9,0,0.321252,-0.00614507,0
23.8,12,0,0.320304,-0.00493031,0
23.8,12.1,0,0.321085,-0.00622156,0
23.8,12.2,0,0.320421,-0.00492361,0
23.8,12.3,0,0.31992,-0.00397864,0
23.8,12.4,0,0.32082,-0.00594442,0
23.8,12.5,0,0.319973,-0.00363103,0
23.8,12.6,0,0.319789,-0.00309719,0
23.8,12.7,0,0.320845,-0.00603906,0
23.9,0,0,0.30156,-0.0650384,0
23.9,0.1,0,0.298114,-0.0637068,0
23.9,0.2,0,0.295988,-0.0622626,0
23.9,0.3,0,0.292788,-0.0606694,0
23.9,0.4,0,0.287661,-0.0578762,0
23.9,0.5,0,0.2845,-0.055269,0
23.9,0.6,0,0.277342,-0.0530039,0
23.9,0.7,0,0.271055,-0.0501008,0
23.9,0.8,0,0.265133,-0.047629,0
23.9,0.9,0,0.257818,-0.044435,0
23.9,1,0,0.25177,-0.040804,0
23.9,1.1,0,0.243115,-0.0382292,0
23.9,1.2,0,0.235116,-0.0348212,0
23.9,1.3,0,0.227123,-0.0316266,0
23.9,1.4,0,0.218607,-0.0282831,0
23.9,1.5,0,0.210999,-0.0243604,0
23.9,1.6,0,0.201437,-0.021735,0
23.9,1.7,0,0.192855,-0.0185537,0
23.9,1.8,0,0.183996,-0.0153811,0
23.9,1.9,0,0.17559,-0.012597,0
23.9,2,0,0.168005,-0.00933923,0
23.9,2.1,0,0.158807,-0.00716908,0
23.9,2.2,0,0.151045,-0.00486319,0
23.9,2.3,0,0.142926,-0.00245375,0
23.9,2.4,0,0.135933,-0.000744382,0
23.9,2.5,0,0.129728,0.00125277,0
23.9,2.6,0,0.122236,0.00250992,0
23.9,2.7,0,0.11633,0.00361183,0
23.9,2.8,0,0.11018,0.00482957,0
23.9,2.9,0,0.10527,0.0053427,0
23.9,3,0,0.101005,0.00600594,0
23.9,3.1,0,0.0958959,0.00620688,0
23.9,3.2,0,0.0920684,0.00619349,0
23.9,3.3,0,0.0881627,0.00625319,0
23.9,3.4,0,0.0851762,0.00580874,0
23.9,3.5,0,0.0825717,0.00546239,0
23.9,3.6,0,0.0796139,0.00480101,0
23.9,3.7,0,0.0773913,0.00401682,0
23.9,3.8,0,0.0751893,0.00326474,0
23.9,3.9,0,0.0734937,0.00222997,0
23.9,4,0,0.071903,0.0012902,0
23.9,4.1,0,0.0703675,9.30707e-05,0
23.9,4.2,0,0.0690835,-0.00112058,0
23.9,4.3,0,0.0678413,-0.00231988,0
23.9,4.4,0,0.066834,-0.00366725,0
23.9,4.5,0,0.0657266,-0.00491487,0
23.9,4.6,0,0.0649652,-0.00639321,0
23.9,4.7,0,0.0641607,-0.00783466,0
23.9,4.8,0,0.0634095,-0.00926091,0
23.9,4.9,0,0.0628716,-0.0105613,0
23.9,5,0,0.0621722,-0.0116443,0
23.9,5.1,0,0.0614629,-0.0137546,0
23.9,5.2,0,0.0610631,-0.0153215,0
23.9,5.3,0,0.0607839,-0.0169048,0
23.9,5.4,0,0.0606447,-0.0184998,0
23.9,5.5,0,0.0606693,-0.0201015,0
23.9,5.6,0,0.0608857,-0.0217038,0
23.9,5.7,0,0.0613256,-0.0233,0
23.9,5.8,0,0.0620242,-0.0248821,0
23.9,5.9,0,0.0630191,-0.0264413,0
23.9,6,0,0.0643498,-0.0279679,0
23.9,6.1,0,0.0660562,-0.0294514,0
23.9,6.2,0,0.0681775,-0.030881,0
23.9,6.3,0,0.0707508,-0.0322453,0
23.9,6.4,0,0.073809,-0.0335332,0
23.9,6.5,0,0.0773799,-0.0347339,0
23.9,6.6,0,0.0814847,-0.0358371,0
23.9,6.7,0,0.0861361,-0.0368336,0
23.9,6.8,0,0.0913382,-0.0377158,0
23.9,6.9,0,0.0970853,-0.0384781,0
23.9,7,0,0.106314,-0.0393794,0
23.9,7.1,0,0.111448,-0.0390397,0
23.9,7.2,0,0.117497,-0.0393086,0
23.9,7.3,0,0.125068,-0.0400627,0
23.9,7.4,0,0.133071,-0.0396182,0
23.9,7.5,0,0.1413,-0.0395696,0
23.9,7.6,0,0.150225,-0.0398436,0
23.9,7.7,0,0.158988,-0.0392033,0
23.9,7.8,0,0.167987,-0.0388567,0
23.9,7.9,0,0.177269,-0.0386914,0
23.9,8,0,0.186309,-0.0379341,0
23.9,8.1,0,0.195716,-0.0374985,0
23.9,8.2,0,0.204506,-0.0368851,0
23.9,8.3,0,0.213394,-0.0360419,0
23.9,8.4,0,0.222816,-0.0355302,0
23.9,8.5,0,0.230624,-0.0346563,0
23.9,8.6,0,0.238832,-0.0336835,0
23.9,8.7,0,0.248001,-0.0330494,0
23.9,8.8,0,0.254301,-0.0320194,0
23.9,8.9,0,0.261523,-0.0309599,0
23.9,9,0,0.269957,-0.0301274,0
23.9,9.1,0,0.274658,-0.0290687,0
23.9,9.2,0,0.280691,-0.027961,0
23.9,9.3,0,0.287504,-0.0269572,0
23.9,9.4,0,0.291166,-0.0259163,0
23.9,9.5,0,0.295922,-0.0248016,0
23.9,9.6,0,0.30091,-0.0237324,0
23.9,9.7,0,0.303685,-0.0227002,0
23.9,9.8,0,0.307468,-0.0216091,0
23.9,9.9,0,0.310363,-0.0205606,0
23.9,10,0,0.312462,-0.0195616,0
23.9,10.1,0,0.315589,-0.0185354,0
23.9,10.2,0,0.31658,-0.017532,0
23.9,10.3,0,0.318033,-0.0166188,0
23.9,10.4,0,0.320664,-0.0157409,0
23.9,10.5,0,0.320345,-0.014756,0
23.9,10.6,0,0.321083,-0.0139531,0
23.9,10.7,0,0.323365,-0.0133347,0
23.9,10.8,0,0.322083,-0.0122966,0
23.9,10.9,0,0.322315,-0.0116086,0
23.9,11,0,0.323806,-0.0112264,0
23.9,11.1,0,0.322452,-0.0101761,0
23.9,11.2,0,0.322363,-0.00960095,0
23.9,11.3,0,0.323046,-0.00932461,0
23.9,11.4,0,0.322017,-0.00839391,0
23.9,11.5,0,0.321764,-0.00792367,0
23.9,11.6,0,0.321912,-0.00763853,0
23.9,11.7,0,0.321248,-0.0069302,0
23.9,11.8,0,0.321204,-0.00681662,0
23.9,11.9,0,0.320819,-0.00614446,0
23.9,12,0,0.320528,-0.00578251,0
23.9,12.1,0,0.320731,-0.00617145,0
23.9,12.2,0,0.320218,-0.00514654,0
23.9,12.3,0,0.320104,-0.00490122,0
23.9,12.4,0,0.320525,-0.00582325,0
23.9,12.5,0,0.31998,-0.0042943,0
23.9,12.6,0,0.319952,-0.00416047,0
23.9,12.7,0,0.320573,-0.00587206,0
24,0,0,0.300468,-0.0653993,0
24,0.1,0,0.297866,-0.0639881,0
24,0.2,0,0.295686,-0.062537,0
24,0.3,0,0.292201,-0.0605935,0
24,0.4,0,0.287113,-0.0577888,0
24,0.5,0,0.282667,-0.0550499,0
24,0.6,0,0.276055,-0.0523638,0
24,0.7,0,0.269716,-0.0494673,0
24,0.8,0,0.263208,-0.046611,0
24,0.9,0,0.255915,-0.0433901,0
24,1,0,0.249037,-0.0400326,0
24,1.1,0,0.240797,-0.0369139,0
24,1.2,0,0.232764,-0.0335233,0
24,1.3,0,0.224595,-0.0302079,0
24,1.4,0,0.216103,-0.0268406,0
24,1.5,0,0.207906,-0.0232882,0
24,1.6,0,0.198979,-0.020304,0
24,1.7,0,0.19037,-0.0171404,0
24,1.8,0,0.181755,-0.0140944,0
24,1.9,0,0.173389,-0.0112993,0
24,2,0,0.165283,-0.00834998,0
24,2.1,0,0.157025,-0.00609769,0
24,2.2,0,0.149237,-0.00380433,0
24,2.3,0,0.141612,-0.00166277,0
24,2.4,0,0.13467,4.50375e-05,0
24,2.5,0,0.127974,0.00184929,0
24,2.6,0,0.121524,0.00299819,0
24,2.7,0,0.115596,0.00409298,0
24,2.8,0,0.10994,0.00503724,0
24,2.9,0,0.105079,0.00554311,0
24,3,0,0.100417,0.00610144,0
24,3.1,0,0.0961516,0.00615678,0
24,3.2,0,0.092308,0.00613932,0
24,3.3,0,0.0887348,0.0060066,0
24,3.4,0,0.0857819,0.00555611,0
24,3.5,0,0.0829451,0.00514032,0
24,3.6,0,0.0804727,0.00439491,0
24,3.7,0,0.0782429,0.00360747,0
24,3.8,0,0.0762029,0.00275046,0
24,3.9,0,0.074523,0.00171341,0
24,4,0,0.0728728,0.000708796,0
24,4.1,0,0.0715054,-0.000501549,0
24,4.2,0,0.070222,-0.0017185,0
24,4.3,0,0.0690442,-0.00297194,0
24,4.4,0,0.0680397,-0.00431886,0
24,4.5,0,0.0670009,-0.00563269,0
24,4.6,0,0.0662145,-0.00708866,0
24,4.7,0,0.0654156,-0.00853345,0
24,4.8,0,0.0647177,-0.00992282,0
24,4.9,0,0.064177,-0.011218,0
24,5,0,0.0635835,-0.0124424,0
24,5.1,0,0.0628968,-0.0145785,0
24,5.2,0,0.0625088,-0.016166,0
24,5.3,0,0.0622369,-0.0177708,0
24,5.4,0,0.0620999,-0.0193881,0
24,5.5,0,0.0621211,-0.021013,0
24,5.6,0,0.0623276,-0.0226398,0
24,5.7,0,0.0627504,-0.0242615,0
24,5.8,0,0.0634239,-0.02587,0
24,5.9,0,0.0643851,-0.0274566,0
24,6,0,0.065673,-0.0290112,0
24,6.1,0,0.0673273,-0.030523,0
24,6.2,0,0.0693871,-0.0319807,0
24,6.3,0,0.0718896,-0.0333725,0
24,6.4,0,0.0748686,-0.0346866,0
24,6.5,0,0.0783528,-0.0359115,0
24,6.6,0,0.0823641,-0.0370364,0
24,6.7,0,0.086917,-0.0380514,0
24,6.8,0,0.092017,-0.038948,0
24,6.9,0,0.0976597,-0.0397196,0
24,7,0,0.106736,-0.0406207,0
24,7.1,0,0.112479,-0.0406867,0
24,7.2,0,0.118528,-0.0409556,0
24,7.3,0,0.125251,-0.0412644,0
24,7.4,0,0.133455,-0.0411739,0
24,7.5,0,0.141684,-0.0411253,0
24,7.6,0,0.150227,-0.0410332,0
24,7.7,0,0.159179,-0.0406381,0
24,7.8,0,0.168132,-0.0402431,0
24,7.9,0,0.177232,-0.0398287,0
24,8,0,0.186396,-0.039172,0
24,8.1,0,0.195559,-0.0385153,0
24,8.2,0,0.204569,-0.0378721,0
24,8.3,0,0.213458,-0.0370288,0
24,8.4,0,0.222346,-0.0361856,0
24,8.5,0,0.230712,-0.0353779,0
24,8.6,0,0.23892,-0.0344051,0
24,8.7,0,0.247318,-0.0334991,0
24,8.8,0,0.254429,-0.0325013,0
24,8.9,0,0.26165,-0.0314418,0
24,9,0,0.269154,-0.0304594,0
24,9.1,0,0.274825,-0.029365,0
24,9.2,0,0.280858,-0.0282573,0
24,9.3,0,0.286616,-0.0272079,0
24,9.4,0,0.291372,-0.0260932,0
24,9.5,0,0.296128,-0.0249784,0
24,9.6,0,0.300426,-0.0239029,0
24,9.7,0,0.303933,-0.0228229,0
24,9.8,0,0.307439,-0.0217429,0
24,9.9,0,0.310364,-0.0206967,0
24,10,0,0.312748,-0.0196872,0
24,10.1,0,0.315131,-0.0186778,0
24,10.2,0,0.316895,-0.0177065,0
24,10.3,0,0.318347,-0.0167932,0
24,10.4,0,0.3198,-0.01588,0
24,10.5,0,0.320673,-0.0150136,0
24,10.6,0,0.321411,-0.0142107,0
24,10.7,0,0.322567,-0.013458,0
24,10.8,0,0.322407,-0.0126609,0
24,10.9,0,0.322639,-0.0119729,0
24,11,0,0.323097,-0.0113297,0
24,11.1,0,0.322759,-0.0106608,0
24,11.2,0,0.32267,-0.0100856,0
24,11.3,0,0.322552,-0.00947407,0
24,11.4,0,0.322299,-0.00900383,0
24,11.5,0,0.322046,-0.0085336,0
24,11.6,0,0.321792,-0.00803932,0
24,11.7,0,0.321503,-0.00766462,0
24,11.8,0,0.321215,-0.00728991,0
24,11.9,0,0.320977,-0.00691064,0
24,12,0,0.320753,-0.00663472,0
24,12.1,0,0.320529,-0.0063588,0
24,12.2,0,0.320402,-0.00606911,0
24,12.3,0,0.320288,-0.0058238,0
24,12.4,0,0.32023,-0.00570208,0
24,12.5,0,0.320143,-0.00535758,0
24,12.6,0,0.320114,-0.00522375,0
24,12.7,0,0.320302,-0.00570507,0
24.1,0,0,0.298393,-0.0654888,0
24.1,0.1,0,0.29837,-0.0647697,0
24.1,0.2,0,0.29619,-0.0633187,0
24.1,0.3,0,0.291905,-0.0604725,0
24.1,0.4,0,0.286816,-0.0576678,0
24.1,0.5,0,0.279923,-0.0545287,0
24.1,0.6,0,0.274949,-0.051789,0
24.1,0.7,0,0.26861,-0.0488925,0
24.1,0.8,0,0.261453,-0.0456128,0
24.1,0.9,0,0.25416,-0.0423919,0
24.1,1,0,0.24571,-0.0391033,0
24.1,1.1,0,0.238585,-0.0356105,0
24.1,1.2,0,0.230552,-0.0322199,0
24.1,1.3,0,0.222142,-0.0287455,0
24.1,1.4,0,0.213651,-0.0253782,0
24.1,1.5,0,0.204641,-0.02228,0
24.1,1.6,0,0.196511,-0.0188228,0
24.1,1.7,0,0.187902,-0.0156592,0
24.1,1.8,0,0.179481,-0.0127199,0
24.1,1.9,0,0.171114,-0.00992481,0
24.1,2,0,0.16275,-0.00760882,0
24.1,2.1,0,0.155116,-0.0049301,0
24.1,2.2,0,0.147328,-0.00263675,0
24.1,2.3,0,0.140184,-0.000767624,0
24.1,2.4,0,0.133242,0.000940178,0
24.1,2.5,0,0.126589,0.00212626,0
24.1,2.6,0,0.120628,0.00359214,0
24.1,2.7,0,0.1147,0.00468692,0
24.1,2.8,0,0.109566,0.00533506,0
24.1,2.9,0,0.104705,0.00584093,0
24.1,3,0,0.100191,0.00591994,0
24.1,3.1,0,0.0962402,0.00618973,0
24.1,3.2,0,0.0923966,0.00617227,0
24.1,3.3,0,0.0892004,0.00582024,0
24.1,3.4,0,0.0862475,0.00536974,0
24.1,3.5,0,0.0835817,0.00464502,0
24.1,3.6,0,0.0812221,0.00403872,0
24.1,3.7,0,0.0789924,0.00325129,0
24.1,3.8,0,0.0771518,0.00227006,0
24.1,3.9,0,0.0754719,0.00123301,0
24.1,4,0,0.0740197,6.44783e-05,0
24.1,4.1,0,0.0725868,-0.00107029,0
24.1,4.2,0,0.0713034,-0.00228724,0
24.1,4.3,0,0.0702101,-0.00360462,0
24.1,4.4,0,0.0692057,-0.00495154,0
24.1,4.5,0,0.0684198,-0.00632009,0
24.1,4.6,0,0.0674327,-0.00776929,0
24.1,4.7,0,0.0666338,-0.00921408,0
24.1,4.8,0,0.0659652,-0.0106459,0
24.1,4.9,0,0.0654246,-0.011941,0
24.1,5,0,0.065151,-0.0131359,0
24.1,5.1,0,0.0644959,-0.0152741,0
24.1,5.2,0,0.0641274,-0.0168638,0
24.1,5.3,0,0.0638711,-0.0184718,0
24.1,5.4,0,0.0637453,-0.0200935,0
24.1,5.5,0,0.0637722,-0.0217241,0
24.1,5.6,0,0.0639781,-0.023358,0
24.1,5.7,0,0.0643928,-0.0249883,0
24.1,5.8,0,0.0650497,-0.026607,0
24.1,5.9,0,0.0659847,-0.0282052,0
24.1,6,0,0.0672359,-0.0297729,0
24.1,6.1,0,0.0688422,-0.031299,0
24.1,6.2,0,0.0708423,-0.0327721,0
24.1,6.3,0,0.073273,-0.0341799,0
24.1,6.4,0,0.0761682,-0.0355103,0
24.1,6.5,0,0.0795569,-0.0367513,0
24.1,6.6,0,0.0834621,-0.0378914,0
24.1,6.7,0,0.0878992,-0.0389202,0
24.1,6.8,0,0.0928751,-0.0398286,0
24.1,6.9,0,0.0983874,-0.0406093,0
24.1,7,0,0.107267,-0.0415176,0
24.1,7.1,0,0.112846,-0.0423819,0
24.1,7.2,0,0.118895,-0.0426508,0
24.1,7.3,0,0.125445,-0.0427205,0
24.1,7.4,0,0.133648,-0.0428061,0
24.1,7.5,0,0.141876,-0.0427575,0
24.1,7.6,0,0.150325,-0.0425277,0
24.1,7.7,0,0.159278,-0.0421326,0
24.1,7.8,0,0.168231,-0.0417376,0
24.1,7.9,0,0.177329,-0.0411097,0
24.1,8,0,0.186492,-0.040453,0
24.1,8.1,0,0.195656,-0.0397963,0
24.1,8.2,0,0.204732,-0.0388892,0
24.1,8.3,0,0.21362,-0.0380459,0
24.1,8.4,0,0.222508,-0.0372027,0
24.1,8.5,0,0.230969,-0.0361202,0
24.1,8.6,0,0.239177,-0.0351475,0
24.1,8.7,0,0.246946,-0.034032,0
24.1,8.8,0,0.254775,-0.0329966,0
24.1,8.9,0,0.261997,-0.0319371,0
24.1,9,0,0.268439,-0.0306707,0
24.1,9.1,0,0.275241,-0.029667,0
24.1,9.2,0,0.281274,-0.0285592,0
24.1,9.3,0,0.287077,-0.0273819,0
24.1,9.4,0,0.291833,-0.0262671,0
24.1,9.5,0,0.296589,-0.0251524,0
24.1,9.6,0,0.300911,-0.0240148,0
24.1,9.7,0,0.304417,-0.0229347,0
24.1,9.8,0,0.307923,-0.0218547,0
24.1,9.9,0,0.310854,-0.0208053,0
24.1,10,0,0.313238,-0.0197959,0
24.1,10.1,0,0.315621,-0.0187865,0
24.1,10.2,0,0.317372,-0.0178601,0
24.1,10.3,0,0.318824,-0.0169468,0
24.1,10.4,0,0.320276,-0.0160336,0
24.1,10.5,0,0.32112,-0.0152486,0
24.1,10.6,0,0.321858,-0.0144458,0
24.1,10.7,0,0.322124,-0.0133936,0
24.1,10.8,0,0.322811,-0.0130026,0
24.1,10.9,0,0.323043,-0.0123146,0
24.1,11,0,0.322966,-0.011477,0
24.1,11.1,0,0.323112,-0.0111238,0
24.1,11.2,0,0.323023,-0.0105486,0
24.1,11.3,0,0.322853,-0.0100645,0
24.1,11.4,0,0.3226,-0.00959423,0
24.1,11.5,0,0.322347,-0.00912399,0
24.1,11.6,0,0.322043,-0.00875571,0
24.1,11.7,0,0.321755,-0.008381,0
24.1,11.8,0,0.321466,-0.00800629,0
24.1,11.9,0,0.321181,-0.00774203,0
24.1,12,0,0.320957,-0.00746612,0
24.1,12.1,0,0.320733,-0.0071902,0
24.1,12.2,0,0.320564,-0.00700047,0
24.1,12.3,0,0.32045,-0.00675515,0
24.1,12.4,0,0.320307,-0.00635471,0
24.1,12.5,0,0.320294,-0.00636825,0
24.1,12.6,0,0.320265,-0.00623443,0
24.1,12.7,0,0.320124,-0.00544457,0
24.2,0,0,0.295334,-0.0653068,0
24.2,0.1,0,0.299626,-0.0660517,0
24.2,0.2,0,0.297219,-0.0645138,0
24.2,0.3,0,0.291697,-0.0603029,0
24.2,0.4,0,0.286771,-0.0575132,0
24.2,0.5,0,0.276268,-0.0537054,0
24.2,0.6,0,0.274023,-0.0512794,0
24.2,0.7,0,0.267536,-0.0483587,0
24.2,0.8,0,0.259733,-0.0446591,0
24.2,0.9,0,0.252554,-0.0414404,0
24.2,1,0,0.24179,-0.0380162,0
24.2,1.1,0,0.23648,-0.034319,0
24.2,1.2,0,0.228364,-0.0309397,0
24.2,1.3,0,0.219672,-0.0272839,0
24.2,1.4,0,0.211249,-0.0238958,0
24.2,1.5,0,0.201204,-0.0213358,0
24.2,1.6,0,0.194032,-0.0172914,0
24.2,1.7,0,0.1854,-0.0141671,0
24.2,1.8,0,0.177103,-0.011304,0
24.2,1.9,0,0.168767,-0.00847349,0
24.2,2,0,0.160407,-0.00711575,0
24.2,2.1,0,0.15308,-0.00366632,0
24.2,2.2,0,0.14531,-0.0014251,0
24.2,2.3,0,0.138587,0.000194246,0
24.2,2.4,0,0.131649,0.00194104,0
24.2,2.5,0,0.125574,0.00208368,0
24.2,2.6,0,0.119548,0.00429175,0
24.2,2.7,0,0.113653,0.00533784,0
24.2,2.8,0,0.109015,0.00569681,0
24.2,2.9,0,0.104146,0.00623616,0
24.2,3,0,0.100326,0.00546144,0
24.2,3.1,0,0.0961617,0.00630574,0
24.2,3.2,0,0.0923505,0.00625302,0
24.2,3.3,0,0.089538,0.00567668,0
24.2,3.4,0,0.086573,0.00524964,0
24.2,3.5,0,0.0844817,0.00397649,0
24.2,3.6,0,0.0818622,0.00373245,0
24.2,3.7,0,0.0796578,0.00292511,0
24.2,3.8,0,0.0780343,0.00181281,0
24.2,3.9,0,0.0763405,0.00078877,0
24.2,4,0,0.0753437,-0.000642751,0
24.2,4.1,0,0.0736118,-0.00161314,0
24.2,4.2,0,0.07235,-0.00283736,0
24.2,4.3,0,0.0713529,-0.00422209,0
24.2,4.4,0,0.0703319,-0.00556529,0
24.2,4.5,0,0.0699832,-0.00697708,0
24.2,4.6,0,0.0686198,-0.00843512,0
24.2,4.7,0,0.0678442,-0.00987768,0
24.2,4.8,0,0.0671781,-0.0114269,0
24.2,4.9,0,0.0666142,-0.0127305,0
24.2,5,0,0.0668748,-0.0137249,0
24.2,5.1,0,0.0662603,-0.0158411,0
24.2,5.2,0,0.0659189,-0.0174148,0
24.2,5.3,0,0.0656866,-0.0190077,0
24.2,5.4,0,0.0655809,-0.0206159,0
24.2,5.5,0,0.0656227,-0.0222346,0
24.2,5.6,0,0.0658372,-0.0238584,0
24.2,5.7,0,0.0662529,-0.0254804,0
24.2,5.8,0,0.0669016,-0.0270929,0
24.2,5.9,0,0.067818,-0.0286872,0
24.2,6,0,0.0690386,-0.030253,0
24.2,6.1,0,0.0706012,-0.0317796,0
24.2,6.2,0,0.0725432,-0.0332552,0
24.2,6.3,0,0.0749009,-0.0346675,0
24.2,6.4,0,0.0777075,-0.0360043,0
24.2,6.5,0,0.0809923,-0.0372531,0
24.2,6.6,0,0.0847785,-0.0384021,0
24.2,6.7,0,0.0890825,-0.0394401,0
24.2,6.8,0,0.0939127,-0.0403576,0
24.2,6.9,0,0.0992684,-0.0411472,0
24.2,7,0,0.107906,-0.0420701,0
24.2,7.1,0,0.112548,-0.0441255,0
24.2,7.2,0,0.118596,-0.0443944,0
24.2,7.3,0,0.125664,-0.0432964,0
24.2,7.4,0,0.133647,-0.0445148,0
24.2,7.5,0,0.141876,-0.0444662,0
24.2,7.6,0,0.150126,-0.0433657,0
24.2,7.7,0,0.159284,-0.0436868,0
24.2,7.8,0,0.168166,-0.0431899,0
24.2,7.9,0,0.177149,-0.0421569,0
24.2,8,0,0.186598,-0.0417772,0
24.2,8.1,0,0.195216,-0.0407027,0
24.2,8.2,0,0.204992,-0.0399364,0
24.2,8.3,0,0.21388,-0.0390932,0
24.2,8.4,0,0.22147,-0.0376317,0
24.2,8.5,0,0.231394,-0.0368834,0
24.2,8.6,0,0.239602,-0.0359106,0
24.2,8.7,0,0.245585,-0.034214,0
24.2,8.8,0,0.255341,-0.0335052,0
24.2,8.9,0,0.262563,-0.0324457,0
24.2,9,0,0.267042,-0.0306992,0
24.2,9.1,0,0.275905,-0.0299745,0
24.2,9.2,0,0.281938,-0.0288668,0
24.2,9.3,0,0.285728,-0.0272718,0
24.2,9.4,0,0.292547,-0.0264382,0
24.2,9.5,0,0.297303,-0.0253234,0
24.2,9.6,0,0.300411,-0.0239131,0
24.2,9.7,0,0.305139,-0.0230358,0
24.2,9.8,0,0.308216,-0.0218588,0
24.2,9.9,0,0.311126,-0.0208022,0
24.2,10,0,0.313931,-0.0198876,0
24.2,10.1,0,0.315277,-0.018584,0
24.2,10.2,0,0.318011,-0.0179928,0
24.2,10.3,0,0.319463,-0.0170796,0
24.2,10.4,0,0.319438,-0.0156048,0
24.2,10.5,0,0.321686,-0.0154611,0
24.2,10.6,0,0.322424,-0.0146583,0
24.2,10.7,0,0.321425,-0.0129373,0
24.2,10.8,0,0.323294,-0.0133216,0
24.2,10.9,0,0.323526,-0.0126337,0
24.2,11,0,0.32241,-0.0110146,0
24.2,11.1,0,0.323511,-0.011565,0
24.2,11.2,0,0.323423,-0.0109898,0
24.2,11.3,0,0.322527,-0.00974832,0
24.2,11.4,0,0.32292,-0.0101651,0
24.2,11.5,0,0.322666,-0.00969486,0
24.2,11.6,0,0.322018,-0.00890507,0
24.2,11.7,0,0.322002,-0.00907936,0
24.2,11.8,0,0.321545,-0.00830813,0
24.2,11.9,0,0.321323,-0.00842871,0
24.2,12,0,0.32114,-0.00827671,0
24.2,12.1,0,0.320667,-0.00711184,0
24.2,12.2,0,0.320704,-0.0079406,0
24.2,12.3,0,0.32059,-0.00769528,0
24.2,12.4,0,0.320202,-0.00598491,0
24.2,12.5,0,0.320433,-0.00732632,0
24.2,12.6,0,0.320404,-0.00719249,0
24.2,12.7,0,0.320041,-0.00509058,0
24.3,0,0,0.292275,-0.0651248,0
24.3,0.1,0,0.300882,-0.0673337,0
24.3,0.2,0,0.29394,-0.0640583,0
24.3,0.3,0,0.288418,-0.0598474,0
24.3,0.4,0,0.286725,-0.0573587,0
24.3,0.5,0,0.272612,-0.0528821,0
24.3,0.6,0,0.273097,-0.0507698,0
24.3,0.7,0,0.263656,-0.047365,0
24.3,0.8,0,0.255853,-0.0436655,0
24.3,0.9,0,0.250947,-0.0404888,0
24.3,1,0,0.237869,-0.0369291,0
24.3,1.1,0,0.234375,-0.0330276,0
24.3,1.2,0,0.224593,-0.0298736,0
24.3,1.3,0,0.215902,-0.0262178,0
24.3,1.4,0,0.208848,-0.0224134,0
24.3,1.5,0,0.197767,-0.0203915,0
24.3,1.6,0,0.191553,-0.0157599,0
24.3,1.7,0,0.182453,-0.0134228,0
24.3,1.8,0,0.174157,-0.0105597,0
24.3,1.9,0,0.16642,-0.00702217,0
24.3,2,0,0.158063,-0.00662268,0
24.3,2.1,0,0.151045,-0.00240254,0
24.3,2.2,0,0.14363,-0.00120406,0
24.3,2.3,0,0.136906,0.000415286,0
24.3,2.4,0,0.130056,0.0029419,0
24.3,2.5,0,0.124558,0.00204111,0
24.3,2.6,0,0.118467,0.00499135,0
24.3,2.7,0,0.113255,0.00506359,0
24.3,2.8,0,0.108617,0.00542256,0
24.3,2.9,0,0.103588,0.00663138,0
24.3,3,0,0.100461,0.00500294,0
24.3,3.1,0,0.0960833,0.00642175,0
24.3,3.2,0,0.0929182,0.00566384,0
24.3,3.3,0,0.0901057,0.0050875,0
24.3,3.4,0,0.0868985,0.00512954,0
24.3,3.5,0,0.0853816,0.00330795,0
24.3,3.6,0,0.0825024,0.00342618,0
24.3,3.7,0,0.080803,0.00222075,0
24.3,3.8,0,0.0791796,0.00110845,0
24.3,3.9,0,0.0772092,0.000344526,0
24.3,4,0,0.0766677,-0.00134998,0
24.3,4.1,0,0.0746367,-0.002156,0
24.3,4.2,0,0.0738074,-0.00352553,0
24.3,4.3,0,0.0728103,-0.00491026,0
24.3,4.4,0,0.0714581,-0.00617904,0
24.3,4.5,0,0.0715466,-0.00763407,0
24.3,4.6,0,0.0698069,-0.00910095,0
24.3,4.7,0,0.0694984,-0.0104988,0
24.3,4.8,0,0.0688323,-0.0120481,0
24.3,4.9,0,0.0678037,-0.0135199,0
24.3,5,0,0.0685986,-0.0143138,0
24.3,5.1,0,0.0680248,-0.0164082,0
24.3,5.2,0,0.0677104,-0.0179658,0
24.3,5.3,0,0.0675021,-0.0195437,0
24.3,5.4,0,0.0674164,-0.0211384,0
24.3,5.5,0,0.0674732,-0.0227452,0
24.3,5.6,0,0.0676963,-0.0243587,0
24.3,5.7,0,0.0681129,-0.0259726,0
24.3,5.8,0,0.0687536,-0.0275789,0
24.3,5.9,0,0.0696513,-0.0291691,0
24.3,6,0,0.0708413,-0.0307331,0
24.3,6.1,0,0.0723601,-0.0322601,0
24.3,6.2,0,0.0742441,-0.0337382,0
24.3,6.3,0,0.0765287,-0.0351552,0
24.3,6.4,0,0.0792469,-0.0364983,0
24.3,6.5,0,0.0824277,-0.037755,0
24.3,6.6,0,0.0860949,-0.0389128,0
24.3,6.7,0,0.0902658,-0.0399601,0
24.3,6.8,0,0.0949503,-0.0408866,0
24.3,6.9,0,0.100149,-0.041685,0
24.3,7,0,0.108546,-0.0426227,0
24.3,7.1,0,0.11225,-0.045869,0
24.3,7.2,0,0.118473,-0.0457436,0
24.3,7.3,0,0.125884,-0.0438722,0
24.3,7.4,0,0.133647,-0.0462235,0
24.3,7.5,0,0.14168,-0.0453647,0
24.3,7.6,0,0.149853,-0.0439479,0
24.3,7.7,0,0.159291,-0.045241,0
24.3,7.8,0,0.167466,-0.0437343,0
24.3,7.9,0,0.176449,-0.0427013,0
24.3,8,0,0.186705,-0.0431014,0
24.3,8.1,0,0.19419,-0.0411609,0
24.3,8.2,0,0.204,-0.0404102,0
24.3,8.3,0,0.214141,-0.0401405,0
24.3,8.4,0,0.220227,-0.0379635,0
24.3,8.5,0,0.230831,-0.0373911,0
24.3,8.6,0,0.240027,-0.0366737,0
24.3,8.7,0,0.244223,-0.0343961,0
24.3,8.8,0,0.255501,-0.0339451,0
24.3,8.9,0,0.262965,-0.0329143,0
24.3,9,0,0.265644,-0.0307278,0
24.3,9.1,0,0.276569,-0.0302821,0
24.3,9.2,0,0.281657,-0.028979,0
24.3,9.3,0,0.28436,-0.0271592,0
24.3,9.4,0,0.293261,-0.0266093,0
24.3,9.5,0,0.296327,-0.0251538,0
24.3,9.6,0,0.299128,-0.0236817,0
24.3,9.7,0,0.305861,-0.0231369,0
24.3,9.8,0,0.307058,-0.0215347,0
24.3,9.9,0,0.309968,-0.020478,0
24.3,10,0,0.314625,-0.0199793,0
24.3,10.1,0,0.314267,-0.0181932,0
24.3,10.2,0,0.317255,-0.0176824,0
24.3,10.3,0,0.320102,-0.0172123,0
24.3,10.4,0,0.318586,-0.015171,0
24.3,10.5,0,0.321593,-0.0153732,0
24.3,10.6,0,0.32299,-0.0148709,0
24.3,10.7,0,0.320727,-0.0124809,0
24.3,10.8,0,0.323679,-0.0135761,0
24.3,10.9,0,0.323791,-0.0127882,0
24.3,11,0,0.321854,-0.0105522,0
24.3,11.1,0,0.32391,-0.0120063,0
24.3,11.2,0,0.323332,-0.0109,0
24.3,11.3,0,0.322098,-0.0092926,0
24.3,11.4,0,0.323239,-0.010736,0
24.3,11.5,0,0.322366,-0.00928188,0
24.3,11.6,0,0.3217,-0.0084655,0
24.3,11.7,0,0.322248,-0.00977772,0
24.3,11.8,0,0.32132,-0.00789036,0
24.3,11.9,0,0.321097,-0.00801094,0
24.3,12,0,0.321322,-0.0090873,0
24.3,12.1,0,0.320513,-0.00671599,0
24.3,12.2,0,0.320632,-0.00791977,0
24.3,12.3,0,0.320729,-0.00863541,0
24.3,12.4,0,0.320098,-0.00561511,0
24.3,12.5,0,0.32049,-0.00783594,0
24.3,12.6,0,0.320544,-0.00815056,0
24.3,12.7,0,0.319958,-0.00473658,0
24.4,0,0,0.289216,-0.0649428,0
24.4,0.1,0,0.299549,-0.0677373,0
24.4,0.2,0,0.290661,-0.0636028,0
24.4,0.3,0,0.285139,-0.0593919,0
24.4,0.4,0,0.284514,-0.0568029,0
24.4,0.5,0,0.268957,-0.0520588,0
24.4,0.6,0,0.270534,-0.0500719,0
24.4,0.7,0,0.259777,-0.0463714,0
24.4,0.8,0,0.251974,-0.0426718,0
24.4,0.9,0,0.247952,-0.0394559,0
24.4,1,0,0.233949,-0.035842,0
24.4,1.1,0,0.23118,-0.0318587,0
24.4,1.2,0,0.220823,-0.0288074,0
24.4,1.3,0,0.212131,-0.0251516,0
24.4,1.4,0,0.205826,-0.0212539,0
24.4,1.5,0,0.19433,-0.0194473,0
24.4,1.6,0,0.188499,-0.0145808,0
24.4,1.7,0,0.179506,-0.0126786,0
24.4,1.8,0,0.17121,-0.00981543,0
24.4,1.9,0,0.164075,-0.00614581,0
24.4,2,0,0.15572,-0.00612961,0
24.4,2.1,0,0.148825,-0.00160119,0
24.4,2.2,0,0.141949,-0.00098302,0
24.4,2.3,0,0.135226,0.000636327,0
24.4,2.4,0,0.128809,0.0033167,0
24.4,2.5,0,0.123543,0.00199853,0
24.4,2.6,0,0.117426,0.00524565,0
24.4,2.7,0,0.112857,0.00478933,0
24.4,2.8,0,0.108219,0.00514831,0
24.4,2.9,0,0.103446,0.00651437,0
24.4,3,0,0.100596,0.00454444,0
24.4,3.1,0,0.0961329,0.00619305,0
24.4,3.2,0,0.0934859,0.00507465,0
24.4,3.3,0,0.0906735,0.00449832,0
24.4,3.4,0,0.0875687,0.00468038,0
24.4,3.5,0,0.0862815,0.00263941,0
24.4,3.6,0,0.0832984,0.00290255,0
24.4,3.7,0,0.0819483,0.0015164,0
24.4,3.8,0,0.0803248,0.000404094,0
24.4,3.9,0,0.0783511,-0.000257509,0
24.4,4,0,0.0779917,-0.00205721,0
24.4,4.1,0,0.0758411,-0.00279748,0
24.4,4.2,0,0.0752647,-0.00421371,0
24.4,4.3,0,0.0742676,-0.00559843,0
24.4,4.4,0,0.0728466,-0.00681873,0
24.4,4.5,0,0.0731099,-0.00829106,0
24.4,4.6,0,0.0712197,-0.00976147,0
24.4,4.7,0,0.0711526,-0.01112,0
24.4,4.8,0,0.0704865,-0.0126692,0
24.4,4.9,0,0.0693139,-0.0141891,0
24.4,5,0,0.0703224,-0.0149027,0
24.4,5.1,0,0.0697892,-0.0169753,0
24.4,5.2,0,0.0695019,-0.0185168,0
24.4,5.3,0,0.0693177,-0.0200797,0
24.4,5.4,0,0.0692519,-0.0216608,0
24.4,5.5,0,0.0693237,-0.0232557,0
24.4,5.6,0,0.0695554,-0.0248591,0
24.4,5.7,0,0.069973,-0.0264647,0
24.4,5.8,0,0.0706055,-0.0280649,0
24.4,5.9,0,0.0714846,-0.029651,0
24.4,6,0,0.072644,-0.0312132,0
24.4,6.1,0,0.074119,-0.0327406,0
24.4,6.2,0,0.075945,-0.0342213,0
24.4,6.3,0,0.0781566,-0.0356429,0
24.4,6.4,0,0.0807863,-0.0369924,0
24.4,6.5,0,0.0838631,-0.0382568,0
24.4,6.6,0,0.0874113,-0.0394235,0
24.4,6.7,0,0.0914492,-0.04048,0
24.4,6.8,0,0.0959879,-0.0414156,0
24.4,6.9,0,0.10103,-0.0422229,0
24.4,7,0,0.109186,-0.0431752,0
24.4,7.1,0,0.112848,-0.0464738,0
24.4,7.2,0,0.118692,-0.0463194,0
24.4,7.3,0,0.126103,-0.0444481,0
24.4,7.4,0,0.133773,-0.0472814,0
24.4,7.5,0,0.141407,-0.0459469,0
24.4,7.6,0,0.149581,-0.0445302,0
24.4,7.7,0,0.159243,-0.0466076,0
24.4,7.8,0,0.166767,-0.0442787,0
24.4,7.9,0,0.175749,-0.0432457,0
24.4,8,0,0.186811,-0.0444256,0
24.4,8.1,0,0.193164,-0.0416192,0
24.4,8.2,0,0.202975,-0.0408684,0
24.4,8.3,0,0.21392,-0.0409586,0
24.4,8.4,0,0.218984,-0.0382953,0
24.4,8.5,0,0.229589,-0.0377229,0
24.4,8.6,0,0.239199,-0.0370291,0
24.4,8.7,0,0.242862,-0.0345781,0
24.4,8.8,0,0.25414,-0.0341271,0
24.4,8.9,0,0.261567,-0.0329429,0
24.4,9,0,0.264246,-0.0307563,0
24.4,9.1,0,0.275524,-0.0303584,0
24.4,9.2,0,0.28029,-0.0288665,0
24.4,9.3,0,0.282993,-0.0270466,0
24.4,9.4,0,0.293044,-0.0266534,0
24.4,9.5,0,0.295044,-0.0249223,0
24.4,9.6,0,0.297845,-0.0234502,0
24.4,9.7,0,0.306451,-0.0232161,0
24.4,9.8,0,0.3059,-0.0212105,0
24.4,9.9,0,0.308809,-0.0201539,0
24.4,10,0,0.315207,-0.0200393,0
24.4,10.1,0,0.313258,-0.0178024,0
24.4,10.2,0,0.316245,-0.0172915,0
24.4,10.3,0,0.320074,-0.0170916,0
24.4,10.4,0,0.317734,-0.0147373,0
24.4,10.5,0,0.320741,-0.0149394,0
24.4,10.6,0,0.322508,-0.0145289,0
24.4,10.7,0,0.320029,-0.0120246,0
24.4,10.8,0,0.322981,-0.0131197,0
24.4,10.9,0,0.323235,-0.0123258,0
24.4,11,0,0.321298,-0.0100898,0
24.4,11.1,0,0.32364,-0.0118134,0
24.4,11.2,0,0.322903,-0.0104442,0
24.4,11.3,0,0.32167,-0.00883688,0
24.4,11.4,0,0.323319,-0.0109781,0
24.4,11.5,0,0.322048,-0.00884232,0
24.4,11.6,0,0.321383,-0.00802594,0
24.4,11.7,0,0.322495,-0.0104761,0
24.4,11.8,0,0.321095,-0.00747259,0
24.4,11.9,0,0.320872,-0.00759317,0
24.4,12,0,0.32144,-0.00966507,0
24.4,12.1,0,0.320358,-0.00632015,0
24.4,12.2,0,0.320477,-0.00752392,0
24.4,12.3,0,0.320729,-0.00882291,0
24.4,12.4,0,0.319994,-0.00524531,0
24.4,12.5,0,0.320386,-0.00746614,0
24.4,12.6,0,0.32047,-0.00785411,0
24.4,12.7,0,0.319874,-0.00438258,0
24.5,0,0,0.286157,-0.0647608,0
24.5,0.1,0,0.29581,-0.0672947,0
24.5,0.2,0,0.287382,-0.0631473,0
24.5,0.3,0,0.28186,-0.0589364,0
24.5,0.4,0,0.280373,-0.0559344,0
24.5,0.5,0,0.265301,-0.0512355,0
24.5,0.6,0,0.266435,-0.049176,0
24.5,0.7,0,0.255897,-0.0453777,0
24.5,0.8,0,0.248094,-0.0416782,0
24.5,0.9,0,0.243691,-0.0383625,0
24.5,1,0,0.230028,-0.0347549,0
24.5,1.1,0,0.22701,-0.0308054,0
24.5,1.2,0,0.217052,-0.0277413,0
24.5,1.3,0,0.208361,-0.0240855,0
24.5,1.4,0,0.202183,-0.0203721,0
24.5,1.5,0,0.190893,-0.018503,0
24.5,1.6,0,0.184992,-0.0137546,0
24.5,1.7,0,0.176559,-0.0119343,0
24.5,1.8,0,0.168263,-0.00907117,0
24.5,1.9,0,0.161642,-0.0057588,0
24.5,2,0,0.153377,-0.00563655,0
24.5,2.1,0,0.146535,-0.00126453,0
24.5,2.2,0,0.140269,-0.000761979,0
24.5,2.3,0,0.133545,0.000857367,0
24.5,2.4,0,0.127781,0.00315715,0
24.5,2.5,0,0.122527,0.00195595,0
24.5,2.6,0,0.116513,0.00505699,0
24.5,2.7,0,0.112458,0.00451508,0
24.5,2.8,0,0.10782,0.00487406,0
24.5,2.9,0,0.103605,0.00595545,0
24.5,3,0,0.100731,0.00408594,0
24.5,3.1,0,0.0963649,0.00562877,0
24.5,3.2,0,0.0940536,0.00448547,0
24.5,3.3,0,0.0912412,0.00390913,0
24.5,3.4,0,0.088505,0.00394148,0
24.5,3.5,0,0.0871814,0.00197088,0
24.5,3.6,0,0.0842741,0.0021743,0
24.5,3.7,0,0.0830936,0.00081204,0
24.5,3.8,0,0.0814701,-0.000300263,0
24.5,3.9,0,0.0797166,-0.00100376,0
24.5,4,0,0.0793157,-0.00276444,0
24.5,4.1,0,0.07723,-0.00352651,0
24.5,4.2,0,0.0767221,-0.00490188,0
24.5,4.3,0,0.075725,-0.00628661,0
24.5,4.4,0,0.0744597,-0.00748688,0
24.5,4.5,0,0.0746733,-0.00894805,0
24.5,4.6,0,0.0728532,-0.0104118,0
24.5,4.7,0,0.0728068,-0.0117412,0
24.5,4.8,0,0.0721407,-0.0132904,0
24.5,4.9,0,0.0711074,-0.0147528,0
24.5,5,0,0.0720462,-0.0154917,0
24.5,5.1,0,0.0715537,-0.0175423,0
24.5,5.2,0,0.0712934,-0.0190678,0
24.5,5.3,0,0.0711332,-0.0206157,0
24.5,5.4,0,0.0710875,-0.0221833,0
24.5,5.5,0,0.0711741,-0.0237662,0
24.5,5.6,0,0.0714145,-0.0253595,0
24.5,5.7,0,0.0718331,-0.0269569,0
24.5,5.8,0,0.0724574,-0.0285508,0
24.5,5.9,0,0.0733178,-0.030133,0
24.5,6,0,0.0744467,-0.0316934,0
24.5,6.1,0,0.075878,-0.0332211,0
24.5,6.2,0,0.077646,-0.0347044,0
24.5,6.3,0,0.0797845,-0.0361305,0
24.5,6.4,0,0.0823257,-0.0374864,0
24.5,6.5,0,0.0852985,-0.0387587,0
24.5,6.6,0,0.0887277,-0.0399342,0
24.5,6.7,0,0.0926325,-0.041,0
24.5,6.8,0,0.0970254,-0.0419446,0
24.5,6.9,0,0.101911,-0.0427608,0
24.5,7,0,0.109825,-0.0437277,0
24.5,7.1,0,0.113488,-0.0470264,0
24.5,7.2,0,0.118912,-0.0468953,0
24.5,7.3,0,0.126323,-0.0450239,0
24.5,7.4,0,0.133945,-0.0476596,0
24.5,7.5,0,0.141135,-0.0465291,0
24.5,7.6,0,0.149308,-0.0451124,0
24.5,7.7,0,0.158577,-0.0466274,0
24.5,7.8,0,0.166067,-0.0448231,0
24.5,7.9,0,0.17505,-0.0437901,0
24.5,8,0,0.185201,-0.0443043,0
24.5,8.1,0,0.192139,-0.0420774,0
24.5,8.2,0,0.201949,-0.0413267,0
24.5,8.3,0,0.212125,-0.0410372,0
24.5,8.4,0,0.217741,-0.0386271,0
24.5,8.5,0,0.228346,-0.0380546,0
24.5,8.6,0,0.237757,-0.0371903,0
24.5,8.7,0,0.241501,-0.0347601,0
24.5,8.8,0,0.252779,-0.0343092,0
24.5,8.9,0,0.260169,-0.0329714,0
24.5,9,0,0.262848,-0.0307849,0
24.5,9.1,0,0.274126,-0.0303869,0
24.5,9.2,0,0.278923,-0.0287539,0
24.5,9.3,0,0.281626,-0.0269341,0
24.5,9.4,0,0.291073,-0.0264191,0
24.5,9.5,0,0.293761,-0.0246909,0
24.5,9.6,0,0.296563,-0.0232188,0
24.5,9.7,0,0.303882,-0.0226937,0
24.5,9.8,0,0.304742,-0.0208863,0
24.5,9.9,0,0.307651,-0.0198297,0
24.5,10,0,0.312931,-0.0193639,0
24.5,10.1,0,0.312249,-0.0174115,0
24.5,10.2,0,0.315236,-0.0169007,0
24.5,10.3,0,0.318723,-0.0164994,0
24.5,10.4,0,0.316882,-0.0143035,0
24.5,10.5,0,0.319889,-0.0145057,0
24.5,10.6,0,0.32181,-0.0140726,0
24.5,10.7,0,0.319331,-0.0115682,0
24.5,10.8,0,0.322283,-0.0126634,0
24.5,10.9,0,0.322679,-0.0118634,0
24.5,11,0,0.320743,-0.00962743,0
24.5,11.1,0,0.323044,-0.0113077,0
24.5,11.2,0,0.322475,-0.00998852,0
24.5,11.3,0,0.321241,-0.00838115,0
24.5,11.4,0,0.322617,-0.0100881,0
24.5,11.5,0,0.32173,-0.00840275,0
24.5,11.6,0,0.321065,-0.00758637,0
24.5,11.7,0,0.321829,-0.00920075,0
24.5,11.8,0,0.32087,-0.00705482,0
24.5,11.9,0,0.320647,-0.0071754,0
24.5,12,0,0.321058,-0.008585,0
24.5,12.1,0,0.320203,-0.00592431,0
24.5,12.2,0,0.320323,-0.00712808,0
24.5,12.3,0,0.320573,-0.00821872,0
24.5,12.4,0,0.31989,-0.0048755,0
24.5,12.5,0,0.320282,-0.00709634,0
24.5,12.6,0,0.320387,-0.00750011,0
24.5,12.7,0,0.319791,-0.00402859,0
24.6,0,0,0.283098,-0.0645788,0
24.6,0.1,0,0.288216,-0.0653752,0
24.6,0.2,0,0.284102,-0.0626918,0
24.6,0.3,0,0.278581,-0.0584809,0
24.6,0.4,0,0.273484,-0.0548102,0
24.6,0.5,0,0.261645,-0.0504122,0
24.6,0.6,0,0.259826,-0.0478687,0
24.6,0.7,0,0.252018,-0.0443841,0
24.6,0.8,0,0.244215,-0.0406845,0
24.6,0.9,0,0.237497,-0.0372333,0
24.6,1,0,0.226108,-0.0336678,0
24.6,1.1,0,0.221424,-0.0299437,0
24.6,1.2,0,0.213282,-0.0266752,0
24.6,1.3,0,0.20459,-0.0230194,0
24.6,1.4,0,0.197377,-0.0198441,0
24.6,1.5,0,0.187456,-0.0175588,0
24.6,1.6,0,0.181087,-0.0135976,0
24.6,1.7,0,0.173612,-0.0111901,0
24.6,1.8,0,0.165316,-0.00832691,0
24.6,1.9,0,0.158699,-0.00597278,0
24.6,2,0,0.151033,-0.00514348,0
24.6,2.1,0,0.144546,-0.0018142,0
24.6,2.2,0,0.138588,-0.000540939,0
24.6,2.3,0,0.131864,0.00107841,0
24.6,2.4,0,0.126678,0.00233475,0
24.6,2.5,0,0.121512,0.00191337,0
24.6,2.6,0,0.116179,0.00404056,0
24.6,2.7,0,0.11206,0.00424083,0
24.6,2.8,0,0.107422,0.00459981,0
24.6,2.9,0,0.1039,0.00482747,0
24.6,3,0,0.100866,0.00362743,0
24.6,3.1,0,0.0971462,0.00446508,0
24.6,3.2,0,0.0946213,0.00389629,0
24.6,3.3,0,0.0918089,0.00331995,0
24.6,3.4,0,0.0896471,0.00280386,0
24.6,3.5,0,0.0880814,0.00130234,0
24.6,3.6,0,0.0856792,0.00110768,0
24.6,3.7,0,0.0842389,0.000107683,0
24.6,3.8,0,0.0826154,-0.00100462,0
24.6,3.9,0,0.0813172,-0.0019711,0
24.6,4,0,0.0806398,-0.00347167,0
24.6,4.1,0,0.0789864,-0.00437905,0
24.6,4.2,0,0.0781795,-0.00559005,0
24.6,4.3,0,0.0771824,-0.00697478,0
24.6,4.4,0,0.0763542,-0.0082183,0
24.6,4.5,0,0.0762367,-0.00960504,0
24.6,4.6,0,0.0748837,-0.0110241,0
24.6,4.7,0,0.074461,-0.0123623,0
24.6,4.8,0,0.0737949,-0.0139116,0
24.6,4.9,0,0.0732958,-0.0151734,0
24.6,5,0,0.0737701,-0.0160806,0
24.6,5.1,0,0.0733181,-0.0181094,0
24.6,5.2,0,0.0730849,-0.0196188,0
24.6,5.3,0,0.0729487,-0.0211517,0
24.6,5.4,0,0.072923,-0.0227057,0
24.6,5.5,0,0.0730246,-0.0242768,0
24.6,5.6,0,0.0732736,-0.0258599,0
24.6,5.7,0,0.0736931,-0.027449,0
24.6,5.8,0,0.0743094,-0.0290368,0
24.6,5.9,0,0.0751511,-0.0306149,0
24.6,6,0,0.0762494,-0.0321735,0
24.6,6.1,0,0.0776369,-0.0337016,0
24.6,6.2,0,0.0793469,-0.0351875,0
24.6,6.3,0,0.0814124,-0.0366182,0
24.6,6.4,0,0.083865,-0.0379804,0
24.6,6.5,0,0.0867339,-0.0392605,0
24.6,6.6,0,0.0900441,-0.0404448,0
24.6,6.7,0,0.0938158,-0.0415199,0
24.6,6.8,0,0.098063,-0.0424735,0
24.6,6.9,0,0.102792,-0.0432987,0
24.6,7,0,0.110465,-0.0442803,0
24.6,7.1,0,0.114539,-0.0466519,0
24.6,7.2,0,0.119518,-0.0469801,0
24.6,7.3,0,0.126542,-0.0455998,0
24.6,7.4,0,0.133892,-0.0471089,0
24.6,7.5,0,0.140869,-0.0470766,0
24.6,7.6,0,0.149036,-0.0456946,0
24.6,7.7,0,0.157599,-0.0461999,0
24.6,7.8,0,0.165367,-0.0453675,0
24.6,7.9,0,0.17435,-0.0443346,0
24.6,8,0,0.183369,-0.0439827,0
24.6,8.1,0,0.191113,-0.0425356,0
24.6,8.2,0,0.200923,-0.0417849,0
24.6,8.3,0,0.209595,-0.04078,0
24.6,8.4,0,0.216498,-0.0389588,0
24.6,8.5,0,0.226821,-0.0382947,0
24.6,8.6,0,0.234727,-0.036941,0
24.6,8.7,0,0.240139,-0.0349422,0
24.6,8.8,0,0.250358,-0.0342322,0
24.6,8.9,0,0.257487,-0.0327823,0
24.6,9,0,0.26145,-0.0308134,0
24.6,9.1,0,0.270857,-0.0300285,0
24.6,9.2,0,0.276968,-0.0285618,0
24.6,9.3,0,0.280259,-0.0268215,0
24.6,9.4,0,0.287708,-0.025904,0
24.6,9.5,0,0.292479,-0.0244594,0
24.6,9.6,0,0.29528,-0.0229873,0
24.6,9.7,0,0.300719,-0.022037,0
24.6,9.8,0,0.303584,-0.0205622,0
24.6,9.9,0,0.306493,-0.0195055,0
24.6,10,0,0.310069,-0.0185572,0
24.6,10.1,0,0.311239,-0.0170207,0
24.6,10.2,0,0.314226,-0.0165099,0
24.6,10.3,0,0.316223,-0.0155421,0
24.6,10.4,0,0.31603,-0.0138698,0
24.6,10.5,0,0.318677,-0.0138812,0
24.6,10.6,0,0.319805,-0.0130209,0
24.6,10.7,0,0.318633,-0.0111118,0
24.6,10.8,0,0.320892,-0.011686,0
24.6,10.9,0,0.321486,-0.0109827,0
24.6,11,0,0.320187,-0.00916503,0
24.6,11.1,0,0.32166,-0.00994832,0
24.6,11.2,0,0.321895,-0.00939012,0
24.6,11.3,0,0.320813,-0.00792543,0
24.6,11.4,0,0.321551,-0.00862195,0
24.6,11.5,0,0.321413,-0.00796319,0
24.6,11.6,0,0.320747,-0.00714681,0
24.6,11.7,0,0.32104,-0.00764506,0
24.6,11.8,0,0.320644,-0.00663704,0
24.6,11.9,0,0.320422,-0.00675762,0
24.6,12,0,0.320496,-0.0069608,0
24.6,12.1,0,0.320049,-0.00552846,0
24.6,12.2,0,0.320161,-0.00669202,0
24.6,12.3,0,0.320174,-0.00651295,0
24.6,12.4,0,0.319785,-0.0045057,0
24.6,12.5,0,0.320086,-0.0061856,0
24.6,12.6,0,0.32011,-0.00609198,0
24.6,12.7,0,0.319707,-0.00367459,0
24.7,0,0,0.280039,-0.0643968,0
24.7,0.1,0,0.280622,-0.0634557,0
24.7,0.2,0,0.277803,-0.0612115,0
24.7,0.3,0,0.272775,-0.0575573,0
24.7,0.4,0,0.266595,-0.0536859,0
24.7,0.5,0,0.25799,-0.0495889,0
24.7,0.6,0,0.253216,-0.0465614,0
24.7,0.7,0,0.246227,-0.0431708,0
24.7,0.8,0,0.238715,-0.039596,0
24.7,0.9,0,0.231304,-0.0361042,0
24.7,1,0,0.222187,-0.0325807,0
24.7,1.1,0,0.215838,-0.0290819,0
24.7,1.2,0,0.20824,-0.0257521,0
24.7,1.3,0,0.200095,-0.02233,0
24.7,1.4,0,0.19257,-0.0193162,0
24.7,1.5,0,0.184019,-0.0166146,0
24.7,1.6,0,0.177182,-0.0134405,0
24.7,1.7,0,0.169995,-0.0108568,0
24.7,1.8,0,0.162372,-0.00825342,0
24.7,1.9,0,0.155756,-0.00618677,0
24.7,2,0,0.14869,-0.00465041,0
24.7,2.1,0,0.142558,-0.00236387,0
24.7,2.2,0,0.136692,-0.000859398,0
24.7,2.3,0,0.130588,0.00056904,0
24.7,2.4,0,0.125575,0.00151235,0
24.7,2.5,0,0.120496,0.00187079,0
24.7,2.6,0,0.115846,0.00302412,0
24.7,2.7,0,0.111707,0.00344705,0
24.7,2.8,0,0.107509,0.00372795,0
24.7,2.9,0,0.104195,0.00369949,0
24.7,3,0,0.101001,0.00316893,0
24.7,3.1,0,0.0979275,0.00330139,0
24.7,3.2,0,0.0953385,0.00290495,0
24.7,3.3,0,0.0927787,0.00234686,0
24.7,3.4,0,0.0907892,0.00166624,0
24.7,3.5,0,0.0889813,0.000633807,0
24.7,3.6,0,0.0870842,4.1056e-05,0
24.7,3.7,0,0.085566,-0.000850261,0
24.7,3.8,0,0.0840794,-0.00189307,0
24.7,3.9,0,0.0829179,-0.00293844,0
24.7,4,0,0.0819638,-0.0041789,0
24.7,4.1,0,0.0807428,-0.0052316,0
24.7,4.2,0,0.0798462,-0.00639328,0
24.7,4.3,0,0.0789458,-0.00769322,0
24.7,4.4,0,0.0782487,-0.00894971,0
24.7,4.5,0,0.0778001,-0.010262,0
24.7,4.6,0,0.0769142,-0.0116364,0
24.7,4.7,0,0.0763786,-0.0129773,0
24.7,4.8,0,0.075823,-0.0143924,0
24.7,4.9,0,0.0754842,-0.0155941,0
24.7,5,0,0.0754939,-0.0166696,0
24.7,5.1,0,0.0750825,-0.0186765,0
24.7,5.2,0,0.0748764,-0.0201698,0
24.7,5.3,0,0.0747642,-0.0216877,0
24.7,5.4,0,0.0747585,-0.0232281,0
24.7,5.5,0,0.0748751,-0.0247873,0
24.7,5.6,0,0.0751327,-0.0263603,0
24.7,5.7,0,0.0755532,-0.0279412,0
24.7,5.8,0,0.0761613,-0.0295228,0
24.7,5.9,0,0.0769844,-0.0310968,0
24.7,6,0,0.0780521,-0.0326536,0
24.7,6.1,0,0.0793958,-0.0341822,0
24.7,6.2,0,0.0810478,-0.0356706,0
24.7,6.3,0,0.0830403,-0.0371059,0
24.7,6.4,0,0.0854044,-0.0384745,0
24.7,6.5,0,0.0881693,-0.0397624,0
24.7,6.6,0,0.0913605,-0.0409555,0
24.7,6.7,0,0.0949992,-0.0420399,0
24.7,6.8,0,0.0991006,-0.0430025,0
24.7,6.9,0,0.103673,-0.0438366,0
24.7,7,0,0.111105,-0.0448328,0
24.7,7.1,0,0.115696,-0.0460368,0
24.7,7.2,0,0.120675,-0.046365,0
24.7,7.3,0,0.126762,-0.0461757,0
24.7,7.4,0,0.133839,-0.0465583,0
24.7,7.5,0,0.140816,-0.0465259,0
24.7,7.6,0,0.148754,-0.0462636,0
24.7,7.7,0,0.15662,-0.0457723,0
24.7,7.8,0,0.164487,-0.045281,0
24.7,7.9,0,0.173203,-0.0445371,0
24.7,8,0,0.181537,-0.0436612,0
24.7,8.1,0,0.189871,-0.0427853,0
24.7,8.2,0,0.19873,-0.0416877,0
24.7,8.3,0,0.207066,-0.0405227,0
24.7,8.4,0,0.215256,-0.0392906,0
24.7,8.5,0,0.223791,-0.0380453,0
24.7,8.6,0,0.231698,-0.0366917,0
24.7,8.7,0,0.238778,-0.0351242,0
24.7,8.8,0,0.247033,-0.0339342,0
24.7,8.9,0,0.254161,-0.0324843,0
24.7,9,0,0.260052,-0.030842,0
24.7,9.1,0,0.267428,-0.0296369,0
24.7,9.2,0,0.273539,-0.0281702,0
24.7,9.3,0,0.278891,-0.0267089,0
24.7,9.4,0,0.284344,-0.0253889,0
24.7,9.5,0,0.289315,-0.0239717,0
24.7,9.6,0,0.293733,-0.0226962,0
24.7,9.7,0,0.297557,-0.0213803,0
24.7,9.8,0,0.30138,-0.0200645,0
24.7,9.9,0,0.304446,-0.0189295,0
24.7,10,0,0.307208,-0.0177505,0
24.7,10.1,0,0.30997,-0.0165715,0
24.7,10.2,0,0.31187,-0.0156072,0
24.7,10.3,0,0.313723,-0.0145848,0
24.7,10.4,0,0.315178,-0.013436,0
24.7,10.5,0,0.316561,-0.0127786,0
24.7,10.6,0,0.317689,-0.0119183,0
24.7,10.7,0,0.317935,-0.0106555,0
24.7,10.8,0,0.319154,-0.0104482,0
24.7,10.9,0,0.319749,-0.00974486,0
24.7,11,0,0.319631,-0.00870263,0
24.7,11.1,0,0.320277,-0.00858897,0
24.7,11.2,0,0.320512,-0.00803076,0
24.7,11.3,0,0.320384,-0.0074697,0
24.7,11.4,0,0.320486,-0.0071558,0
24.7,11.5,0,0.320514,-0.00672666,0
24.7,11.6,0,0.320303,-0.00640863,0
24.7,11.7,0,0.32025,-0.00608936,0
24.7,11.8,0,0.320196,-0.00577009,0
24.7,11.9,0,0.319977,-0.00555673,0
24.7,12,0,0.319933,-0.00533659,0
24.7,12.1,0,0.319889,-0.00511646,0
24.7,12.2,0,0.319762,-0.00498624,0
24.7,12.3,0,0.319776,-0.00480717,0
24.7,12.4,0,0.319681,-0.0041359,0
24.7,12.5,0,0.319759,-0.00450373,0
24.7,12.6,0,0.319783,-0.00441011,0
24.7,12.7,0,0.319624,-0.00332059,0
24.8,0,0,0.276917,-0.0641171,0
24.8,0.1,0,0.273514,-0.0619232,0
24.8,0.2,0,0.270695,-0.059679,0
24.8,0.3,0,0.265979,-0.0563266,0
24.8,0.4,0,0.259799,-0.0524553,0
24.8,0.5,0,0.254422,-0.0488091,0
24.8,0.6,0,0.246653,-0.0452775,0
24.8,0.7,0,0.239664,-0.041887,0
24.8,0.8,0,0.232548,-0.0384608,0
24.8,0.9,0,0.225137,-0.034969,0
24.8,1,0,0.218515,-0.0316375,0
24.8,1.1,0,0.210258,-0.0281983,0
24.8,1.2,0,0.20266,-0.0248685,0
24.8,1.3,0,0.19527,-0.0217695,0
24.8,1.4,0,0.187746,-0.0187556,0
24.8,1.5,0,0.180889,-0.0158543,0
24.8,1.6,0,0.173237,-0.0132419,0
24.8,1.7,0,0.16605,-0.0106582,0
24.8,1.8,0,0.15937,-0.00841987,0
24.8,1.9,0,0.152754,-0.00635321,0
24.8,2,0,0.146608,-0.00431622,0
24.8,2.1,0,0.140499,-0.00286416,0
24.8,2.2,0,0.134633,-0.00135968,0
24.8,2.3,0,0.129409,-0.000205994,0
24.8,2.4,0,0.124396,0.000737316,0
24.8,2.5,0,0.119626,0.00173515,0
24.8,2.6,0,0.115438,0.00205004,0
24.8,2.7,0,0.111299,0.00247297,0
24.8,2.8,0,0.107737,0.00263544,0
24.8,2.9,0,0.104423,0.00260699,0
24.8,3,0,0.101154,0.00268976,0
24.8,3.1,0,0.0986514,0.00216567,0
24.8,3.2,0,0.0960624,0.00176923,0
24.8,3.3,0,0.0938748,0.00123027,0
24.8,3.4,0,0.0918853,0.000549643,0
24.8,3.5,0,0.0898053,-8.1931e-07,0
24.8,3.6,0,0.088454,-0.00101026,0
24.8,3.7,0,0.0869358,-0.00190158,0
24.8,3.8,0,0.0856538,-0.00284915,0
24.8,3.9,0,0.0844923,-0.00389453,0
24.8,4,0,0.0831609,-0.00482056,0
24.8,4.1,0,0.0824798,-0.00607534,0
24.8,4.2,0,0.0815832,-0.00723703,0
24.8,4.3,0,0.0808253,-0.00841709,0
24.8,4.4,0,0.0801283,-0.00967358,0
24.8,4.5,0,0.0792144,-0.0108369,0
24.8,4.6,0,0.0789318,-0.0122417,0
24.8,4.7,0,0.0783963,-0.0135826,0
24.8,4.8,0,0.0779904,-0.014844,0
24.8,4.9,0,0.0776516,-0.0160457,0
24.8,5,0,0.0770613,-0.0171652,0
24.8,5.1,0,0.07669,-0.0191447,0
24.8,5.2,0,0.0765108,-0.0206174,0
24.8,5.3,0,0.0764228,-0.0221152,0
24.8,5.4,0,0.0764377,-0.023637,0
24.8,5.5,0,0.0765701,-0.0251788,0
24.8,5.6,0,0.0768379,-0.0267359,0
24.8,5.7,0,0.0772616,-0.0283026,0
24.8,5.8,0,0.0778644,-0.0298717,0
24.8,5.9,0,0.0786726,-0.0314352,0
24.8,6,0,0.0797143,-0.0329834,0
24.8,6.1,0,0.0810196,-0.0345055,0
24.8,6.2,0,0.0826199,-0.0359894,0
24.8,6.3,0,0.0845464,-0.0374223,0
24.8,6.4,0,0.0868299,-0.0387903,0
24.8,6.5,0,0.0894993,-0.0400793,0
24.8,6.6,0,0.0925805,-0.0412749,0
24.8,6.7,0,0.0960955,-0.0423626,0
24.8,6.8,0,0.100061,-0.0433289,0
24.8,6.9,0,0.104486,-0.0441675,0
24.8,7,0,0.111689,-0.0451749,0
24.8,7.1,0,0.116566,-0.0454445,0
24.8,7.2,0,0.121546,-0.0457727,0
24.8,7.3,0,0.126703,-0.046088,0
24.8,7.4,0,0.13368,-0.0460557,0
24.8,7.5,0,0.140657,-0.0460233,0
24.8,7.6,0,0.147706,-0.0458782,0
24.8,7.7,0,0.155573,-0.045387,0
24.8,7.8,0,0.163439,-0.0448957,0
24.8,7.9,0,0.171349,-0.044249,0
24.8,8,0,0.179683,-0.0433731,0
24.8,8.1,0,0.188017,-0.0424971,0
24.8,8.2,0,0.196223,-0.0414538,0
24.8,8.3,0,0.20456,-0.0402889,0
24.8,8.4,0,0.212896,-0.0391239,0
24.8,8.5,0,0.220824,-0.0378097,0
24.8,8.6,0,0.22873,-0.0364561,0
24.8,8.7,0,0.236637,-0.0351024,0
24.8,8.8,0,0.243799,-0.0336414,0
24.8,8.9,0,0.250927,-0.0321915,0
24.8,9,0,0.258169,-0.0307382,0
24.8,9.1,0,0.264108,-0.0292434,0
24.8,9.2,0,0.270219,-0.0277767,0
24.8,9.3,0,0.276124,-0.0262831,0
24.8,9.4,0,0.281095,-0.024866,0
24.8,9.5,0,0.286066,-0.0234488,0
24.8,9.6,0,0.290681,-0.0220274,0
24.8,9.7,0,0.294505,-0.0207115,0
24.8,9.8,0,0.298328,-0.0193957,0
24.8,9.9,0,0.301683,-0.0181081,0
24.8,10,0,0.304445,-0.0169291,0
24.8,10.1,0,0.307207,-0.0157501,0
24.8,10.2,0,0.309451,-0.014634,0
24.8,10.3,0,0.311303,-0.0136115,0
24.8,10.4,0,0.313156,-0.012589,0
24.8,10.5,0,0.314506,-0.01166,0
24.8,10.6,0,0.315635,-0.0107997,0
24.8,10.7,0,0.316881,-0.0100089,0
24.8,10.8,0,0.31746,-0.00919542,0
24.8,10.9,0,0.318054,-0.00849208,0
24.8,11,0,0.318685,-0.00777424,0
24.8,11.1,0,0.31892,-0.00721603,0
24.8,11.2,0,0.319155,-0.00665783,0
24.8,11.3,0,0.319405,-0.00610699,0
24.8,11.4,0,0.319434,-0.00567785,0
24.8,11.5,0,0.319462,-0.00524872,0
24.8,11.6,0,0.319516,-0.00484313,0
24.8,11.7,0,0.319463,-0.00452386,0
24.8,11.8,0,0.319409,-0.00420459,0
24.8,11.9,0,0.31941,-0.00392285,0
24.8,12,0,0.319366,-0.00370271,0
24.8,12.1,0,0.319322,-0.00348257,0
24.8,12.2,0,0.319357,-0.00328208,0
24.8,12.3,0,0.319371,-0.00310301,0
24.8,12.4,0,0.319384,-0.00292394,0
24.8,12.5,0,0.319436,-0.00280347,0
24.8,12.6,0,0.31946,-0.00270985,0
24.8,12.7,0,0.319522,-0.00284026,0
24.9,0,0,0.273606,-0.0635443,0
24.9,0.1,0,0.267864,-0.0615514,0
24.9,0.2,0,0.265045,-0.0593072,0
24.9,0.3,0,0.259464,-0.0547768,0
24.9,0.4,0,0.253284,-0.0509054,0
24.9,0.5,0,0.251117,-0.0481597,0
24.9,0.6,0,0.240228,-0.0440642,0
24.9,0.7,0,0.233239,-0.0406737,0
24.9,0.8,0,0.226462,-0.0373075,0
24.9,0.9,0,0.21905,-0.0338157,0
24.9,1,0,0.215586,-0.0311258,0
24.9,1.1,0,0.204693,-0.0272489,0
24.9,1.2,0,0.197095,-0.0239191,0
24.9,1.3,0,0.190392,-0.0211112,0
24.9,1.4,0,0.182867,-0.0180974,0
24.9,1.5,0,0.178682,-0.015646,0
24.9,1.6,0,0.169172,-0.0129184,0
24.9,1.7,0,0.161984,-0.0103347,0
24.9,1.8,0,0.156193,-0.0084437,0
24.9,1.9,0,0.149577,-0.00637705,0
24.9,2,0,0.145311,-0.00445867,0
24.9,2.1,0,0.138227,-0.00321628,0
24.9,2.2,0,0.132361,-0.0017118,0
24.9,2.3,0,0.128002,-0.000838933,0
24.9,2.4,0,0.122989,0.000104377,0
24.9,2.5,0,0.119192,0.0013203,0
24.9,2.6,0,0.114806,0.00120302,0
24.9,2.7,0,0.110667,0.00162595,0
24.9,2.8,0,0.107761,0.00164934,0
24.9,2.9,0,0.104447,0.00162089,0
24.9,3,0,0.101361,0.00214856,0
24.9,3.1,0,0.0992032,0.00111388,0
24.9,3.2,0,0.0966142,0.000717445,0
24.9,3.3,0,0.0948329,0.000176731,0
24.9,3.4,0,0.0928434,-0.000503891,0
24.9,3.5,0,0.0904015,-0.000533717,0
24.9,3.6,0,0.0897181,-0.00201566,0
24.9,3.7,0,0.0881998,-0.00290698,0
24.9,3.8,0,0.0871495,-0.00377147,0
24.9,3.9,0,0.0859879,-0.00481685,0
24.9,4,0,0.0839773,-0.0052655,0
24.9,4.1,0,0.0841585,-0.0068927,0
24.9,4.2,0,0.0832618,-0.00805438,0
24.9,4.3,0,0.0826599,-0.00911832,0
24.9,4.4,0,0.0819629,-0.0103748,0
24.9,4.5,0,0.0801818,-0.0111656,0
24.9,4.6,0,0.0809109,-0.012826,0
24.9,4.7,0,0.0803753,-0.0141669,0
24.9,4.8,0,0.0800946,-0.0153886,0
24.9,4.9,0,0.0797558,-0.0165903,0
24.9,5,0,0.0781594,-0.0173807,0
24.9,5.1,0,0.0778266,-0.0193165,0
24.9,5.2,0,0.0776739,-0.0207545,0
24.9,5.3,0,0.0776105,-0.0222175,0
24.9,5.4,0,0.0776475,-0.0237051,0
24.9,5.5,0,0.0777989,-0.0252133,0
24.9,5.6,0,0.0780815,-0.0267374,0
24.9,5.7,0,0.0785148,-0.0282718,0
24.9,5.8,0,0.0791211,-0.0298097,0
24.9,5.9,0,0.0799254,-0.031343,0
24.9,6,0,0.0809546,-0.0328623,0
24.9,6.1,0,0.0822379,-0.0343571,0
24.9,6.2,0,0.0838053,-0.0358155,0
24.9,6.3,0,0.0856872,-0.0372248,0
24.9,6.4,0,0.0879138,-0.0385714,0
24.9,6.5,0,0.0905133,-0.0398413,0
24.9,6.6,0,0.0935116,-0.0410202,0
24.9,6.7,0,0.096931,-0.0420935,0
24.9,6.8,0,0.100788,-0.0430475,0
24.9,6.9,0,0.105095,-0.0438776,0
24.9,7,0,0.112106,-0.0448856,0
24.9,7.1,0,0.116578,-0.0449208,0
24.9,7.2,0,0.121557,-0.045249,0
24.9,7.3,0,0.126709,-0.0458185,0
24.9,7.4,0,0.133203,-0.045697,0
24.9,7.5,0,0.140179,-0.0456647,0
24.9,7.6,0,0.146895,-0.0456483,0
24.9,7.7,0,0.154319,-0.0451282,0
24.9,7.8,0,0.162185,-0.0446369,0
24.9,7.9,0,0.169548,-0.0440652,0
24.9,8,0,0.177759,-0.0431852,0
24.9,8.1,0,0.186286,-0.0423259,0
24.9,8.2,0,0.193785,-0.0412901,0
24.9,8.3,0,0.202121,-0.0401252,0
24.9,8.4,0,0.211127,-0.0389944,0
24.9,8.5,0,0.218042,-0.0376152,0
24.9,8.6,0,0.225948,-0.0362615,0
24.9,8.7,0,0.235119,-0.0349747,0
24.9,8.8,0,0.240838,-0.0333643,0
24.9,8.9,0,0.247967,-0.0319144,0
24.9,9,0,0.256581,-0.0305675,0
24.9,9.1,0,0.261114,-0.0288441,0
24.9,9.2,0,0.267225,-0.0273774,0
24.9,9.3,0,0.274196,-0.0259701,0
24.9,9.4,0,0.278191,-0.0243197,0
24.9,9.5,0,0.283162,-0.0229025,0
24.9,9.6,0,0.288393,-0.0214669,0
24.9,9.7,0,0.291784,-0.0200064,0
24.9,9.8,0,0.295607,-0.0186905,0
24.9,9.9,0,0.299214,-0.0172422,0
24.9,10,0,0.301976,-0.0160632,0
24.9,10.1,0,0.305176,-0.0150315,0
24.9,10.2,0,0.307273,-0.0136127,0
24.9,10.3,0,0.309126,-0.0125902,0
24.9,10.4,0,0.31179,-0.0119312,0
24.9,10.5,0,0.312637,-0.0104937,0
24.9,10.6,0,0.313765,-0.00963347,0
24.9,10.7,0,0.31597,-0.00940837,0
24.9,10.8,0,0.315896,-0.00789781,0
24.9,10.9,0,0.31649,-0.00719447,0
24.9,11,0,0.317937,-0.00710738,0
24.9,11.1,0,0.317645,-0.00580234,0
24.9,11.2,0,0.31788,-0.00524414,0
24.9,11.3,0,0.318651,-0.00508137,0
24.9,11.4,0,0.318422,-0.00416455,0
24.9,11.5,0,0.318451,-0.00373542,0
24.9,11.6,0,0.318813,-0.00344083,0
24.9,11.7,0,0.318684,-0.00292894,0
24.9,11.8,0,0.318677,-0.00269285,0
24.9,11.9,0,0.318829,-0.00225993,0
24.9,12,0,0.318785,-0.0020398,0
24.9,12.1,0,0.318904,-0.00222198,0
24.9,12.2,0,0.318931,-0.00158272,0
24.9,12.3,0,0.318945,-0.00140365,0
24.9,12.4,0,0.31917,-0.00195757,0
24.9,12.5,0,0.319128,-0.001048,0
24.9,12.6,0,0.319152,-0.000954379,0
24.9,12.7,0,0.319363,-0.00198093,0
25,0,0,0.270295,-0.0629715,0
25,0.1,0,0.262214,-0.0611797,0
25,0.2,0,0.26125,-0.0587363,0
25,0.3,0,0.255496,-0.0539703,0
25,0.4,0,0.246769,-0.0493556,0
25,0.5,0,0.247812,-0.0475104,0
25,0.6,0,0.233803,-0.0428509,0
25,0.7,0,0.229422,-0.0399507,0
25,0.8,0,0.222713,-0.0365966,0
25,0.9,0,0.212964,-0.0326624,0
25,1,0,0.212657,-0.0306141,0
25,1.1,0,0.199129,-0.0262995,0
25,1.2,0,0.193899,-0.0234295,0
25,1.3,0,0.187332,-0.0206799,0
25,1.4,0,0.177989,-0.0174392,0
25,1.5,0,0.176475,-0.0154376,0
25,1.6,0,0.165107,-0.012595,0
25,1.7,0,0.159762,-0.0102458,0
25,1.8,0,0.154149,-0.0084242,0
25,1.9,0,0.1464,-0.00640088,0
25,2,0,0.144013,-0.00460112,0
25,2.1,0,0.135955,-0.0035684,0
25,2.2,0,0.13123,-0.00201794,0
25,2.3,0,0.127043,-0.00120123,0
25,2.4,0,0.121581,-0.000528562,0
25,2.5,0,0.118757,0.00090545,0
25,2.6,0,0.114174,0.000356005,0
25,2.7,0,0.110476,0.0010588,0
25,2.8,0,0.107702,0.00105437,0
25,2.9,0,0.104472,0.000634791,0
25,3,0,0.101567,0.00160737,0
25,3.1,0,0.099755,6.20972e-05,0
25,3.2,0,0.0970679,6.64248e-05,0
25,3.3,0,0.0953678,-0.000474639,0
25,3.4,0,0.0938015,-0.00155743,0
25,3.5,0,0.0909976,-0.00106661,0
25,3.6,0,0.0909821,-0.00302106,0
25,3.7,0,0.0890292,-0.00350423,0
25,3.8,0,0.0880252,-0.0043521,0
25,3.9,0,0.0874836,-0.00573916,0
25,4,0,0.0847937,-0.00571045,0
25,4.1,0,0.0858371,-0.00771005,0
25,4.2,0,0.084314,-0.00852811,0
25,4.3,0,0.0837433,-0.00956882,0
25,4.4,0,0.0837975,-0.011076,0
25,4.5,0,0.0811491,-0.0114943,0
25,4.6,0,0.0828899,-0.0134104,0
25,4.7,0,0.0816013,-0.0145,0
25,4.8,0,0.0813457,-0.0157137,0
25,4.9,0,0.08186,-0.017135,0
25,5,0,0.0792576,-0.0175962,0
25,5.1,0,0.0789631,-0.0194884,0
25,5.2,0,0.078837,-0.0208917,0
25,5.3,0,0.0787983,-0.0223199,0
25,5.4,0,0.0788575,-0.0237732,0
25,5.5,0,0.0790277,-0.0252477,0
25,5.6,0,0.079325,-0.0267389,0
25,5.7,0,0.079768,-0.028241,0
25,5.8,0,0.0803778,-0.0297476,0
25,5.9,0,0.0811782,-0.0312508,0
25,6,0,0.082195,-0.0327413,0
25,6.1,0,0.0834562,-0.0342087,0
25,6.2,0,0.0849907,-0.0356416,0
25,6.3,0,0.0868281,-0.0370273,0
25,6.4,0,0.0889976,-0.0383525,0
25,6.5,0,0.0915273,-0.0396033,0
25,6.6,0,0.0944427,-0.0407656,0
25,6.7,0,0.0977665,-0.0418244,0
25,6.8,0,0.101516,-0.0427662,0
25,6.9,0,0.105704,-0.0435878,0
25,7,0,0.112524,-0.0445963,0
25,7.1,0,0.116589,-0.0443971,0
25,7.2,0,0.121574,-0.0447488,0
25,7.3,0,0.126789,-0.0455625,0
25,7.4,0,0.132725,-0.0453384,0
25,7.5,0,0.139764,-0.0453807,0
25,7.6,0,0.146549,-0.0454489,0
25,7.7,0,0.153065,-0.0448694,0
25,7.8,0,0.161361,-0.0444711,0
25,7.9,0,0.1688,-0.0439157,0
25,8,0,0.175835,-0.0429973,0
25,8.1,0,0.185196,-0.0422096,0
25,8.2,0,0.192322,-0.0411608,0
25,8.3,0,0.199682,-0.0399615,0
25,8.4,0,0.20978,-0.0388863,0
25,8.5,0,0.21575,-0.0374503,0
25,8.6,0,0.223166,-0.036067,0
25,8.7,0,0.233607,-0.0348474,0
25,8.8,0,0.237877,-0.0330872,0
25,8.9,0,0.245006,-0.0316373,0
25,9,0,0.254992,-0.0303967,0
25,9.1,0,0.258121,-0.0284448,0
25,9.2,0,0.264534,-0.0270141,0
25,9.3,0,0.27261,-0.0257386,0
25,9.4,0,0.275287,-0.0237733,0
25,9.5,0,0.281084,-0.0225014,0
25,9.6,0,0.286874,-0.021164,0
25,9.7,0,0.289064,-0.0193012,0
25,9.8,0,0.294177,-0.0183041,0
25,9.9,0,0.297789,-0.0168523,0
25,10,0,0.299507,-0.0151974,0
25,10.1,0,0.303925,-0.0145751,0
25,10.2,0,0.305648,-0.0129284,0
25,10.3,0,0.306948,-0.011569,0
25,10.4,0,0.310707,-0.0114003,0
25,10.5,0,0.310936,-0.00946403,0
25,10.6,0,0.311896,-0.0084672,0
25,10.7,0,0.315059,-0.00880783,0
25,10.8,0,0.314332,-0.00660019,0
25,10.9,0,0.314926,-0.00589685,0
25,11,0,0.317192,-0.00644382,0
25,11.1,0,0.31637,-0.00438866,0
25,11.2,0,0.316839,-0.00406809,0
25,11.3,0,0.318059,-0.00436231,0
25,11.4,0,0.31741,-0.00265125,0
25,11.5,0,0.317841,-0.00276274,0
25,11.6,0,0.318357,-0.00267457,0
25,11.7,0,0.317905,-0.00133401,0
25,11.8,0,0.318338,-0.00188813,0
25,11.9,0,0.318454,-0.00132724,0
25,12,0,0.318204,-0.000376881,0
25,12.1,0,0.318658,-0.00138545,0
25,12.2,0,0.31859,-0.000288294,0
25,12.3,0,0.318519,0.000295697,0
25,12.4,0,0.318987,-0.00110226,0
25,12.5,0,0.318831,0.000628508,0
25,12.6,0,0.318844,0.000801089,0
25,12.7,0,0.319204,-0.0011216,0
25.1,0,0,0.266984,-0.0623987,0
25.1,0.1,0,0.257382,-0.0607376,0
25.1,0.2,0,0.257919,-0.0581157,0
25.1,0.3,0,0.252165,-0.0533496,0
25.1,0.4,0,0.241377,-0.0481209,0
25.1,0.5,0,0.244507,-0.046861,0
25.1,0.6,0,0.22847,-0.0418349,0
25.1,0.7,0,0.226258,-0.0393503,0
25.1,0.8,0,0.219549,-0.0359962,0
25.1,0.9,0,0.207983,-0.0317337,0
25.1,1,0,0.209728,-0.0301024,0
25.1,1.1,0,0.194487,-0.0255033,0
25.1,1.2,0,0.191294,-0.0230548,0
25.1,1.3,0,0.184728,-0.0203052,0
25.1,1.4,0,0.174045,-0.0169384,0
25.1,1.5,0,0.174269,-0.0152293,0
25.1,1.6,0,0.161692,-0.0123118,0
25.1,1.7,0,0.158001,-0.0102155,0
25.1,1.8,0,0.152387,-0.00839386,0
25.1,1.9,0,0.143881,-0.00646623,0
25.1,2,0,0.142716,-0.00474357,0
25.1,2.1,0,0.134024,-0.00384714,0
25.1,2.2,0,0.130383,-0.00231258,0
25.1,2.3,0,0.126197,-0.00149588,0
25.1,2.4,0,0.120514,-0.00108517,0
25.1,2.5,0,0.118323,0.000490601,0
25.1,2.6,0,0.113612,-0.000339752,0
25.1,2.7,0,0.110396,0.000561607,0
25.1,2.8,0,0.107621,0.000557178,0
25.1,2.9,0,0.10456,-0.00019559,0
25.1,3,0,0.101774,0.00106618,0
25.1,3.1,0,0.100186,-0.000810982,0
25.1,3.2,0,0.0974971,-0.000484404,0
25.1,3.3,0,0.095797,-0.00102547,0
25.1,3.4,0,0.0946329,-0.00242874,0
25.1,3.5,0,0.0915938,-0.00159951,0
25.1,3.6,0,0.0920124,-0.00386109,0
25.1,3.7,0,0.0897499,-0.00399944,0
25.1,3.8,0,0.0887459,-0.00484732,0
25.1,3.9,0,0.0887416,-0.0064944,0
25.1,4,0,0.0856102,-0.00615539,0
25.1,4.1,0,0.087214,-0.00839706,0
25.1,4.2,0,0.0852095,-0.00891593,0
25.1,4.3,0,0.0846388,-0.00995663,0
25.1,4.4,0,0.0853286,-0.0116469,0
25.1,4.5,0,0.0821164,-0.0118229,0
25.1,4.6,0,0.0845148,-0.0139052,0
25.1,4.7,0,0.0826391,-0.0147702,0
25.1,4.8,0,0.0823834,-0.015984,0
25.1,4.9,0,0.0836121,-0.0175644,0
25.1,5,0,0.0803558,-0.0178118,0
25.1,5.1,0,0.0800997,-0.0196602,0
25.1,5.2,0,0.0800001,-0.0210288,0
25.1,5.3,0,0.079986,-0.0224222,0
25.1,5.4,0,0.0800674,-0.0238413,0
25.1,5.5,0,0.0802565,-0.0252822,0
25.1,5.6,0,0.0805686,-0.0267403,0
25.1,5.7,0,0.0810212,-0.0282103,0
25.1,5.8,0,0.0816345,-0.0296855,0
25.1,5.9,0,0.0824309,-0.0311585,0
25.1,6,0,0.0834354,-0.0326202,0
25.1,6.1,0,0.0846744,-0.0340604,0
25.1,6.2,0,0.0861761,-0.0354678,0
25.1,6.3,0,0.0879689,-0.0368299,0
25.1,6.4,0,0.0900815,-0.0381336,0
25.1,6.5,0,0.0925413,-0.0393653,0
25.1,6.6,0,0.0953739,-0.0405109,0
25.1,6.7,0,0.098602,-0.0415553,0
25.1,6.8,0,0.102244,-0.0424848,0
25.1,6.9,0,0.106313,-0.0432979,0
25.1,7,0,0.112942,-0.0443069,0
25.1,7.1,0,0.116887,-0.0440389,0
25.1,7.2,0,0.121654,-0.0444928,0
25.1,7.3,0,0.126869,-0.0453065,0
25.1,7.4,0,0.132429,-0.0450131,0
25.1,7.5,0,0.139419,-0.0451813,0
25.1,7.6,0,0.146204,-0.0452494,0
25.1,7.7,0,0.151811,-0.0446106,0
25.1,7.8,0,0.160613,-0.0443217,0
25.1,7.9,0,0.168051,-0.0437663,0
25.1,8,0,0.173911,-0.0428095,0
25.1,8.1,0,0.184106,-0.0420933,0
25.1,8.2,0,0.191231,-0.0410445,0
25.1,8.3,0,0.19732,-0.0398017,0
25.1,8.4,0,0.208432,-0.0387782,0
25.1,8.5,0,0.214403,-0.0373422,0
25.1,8.6,0,0.220958,-0.0359028,0
25.1,8.7,0,0.232095,-0.03472,0
25.1,8.8,0,0.236308,-0.032954,0
25.1,8.9,0,0.243189,-0.0314488,0
25.1,9,0,0.253404,-0.0302259,0
25.1,9.1,0,0.255941,-0.0281778,0
25.1,9.2,0,0.262948,-0.0267826,0
25.1,9.3,0,0.271024,-0.0255071,0
25.1,9.4,0,0.272643,-0.0232892,0
25.1,9.5,0,0.279565,-0.0221985,0
25.1,9.6,0,0.285355,-0.0208611,0
25.1,9.7,0,0.286343,-0.0185961,0
25.1,9.8,0,0.292775,-0.0179248,0
25.1,9.9,0,0.296387,-0.016473,0
25.1,10,0,0.297038,-0.0143316,0
25.1,10.1,0,0.302674,-0.0141187,0
25.1,10.2,0,0.304397,-0.012472,0
25.1,10.3,0,0.304986,-0.0106446,0
25.1,10.4,0,0.309624,-0.0108693,0
25.1,10.5,0,0.309853,-0.0089331,0
25.1,10.6,0,0.310581,-0.00762846,0
25.1,10.7,0,0.314148,-0.00820728,0
25.1,10.8,0,0.313313,-0.00588347,0
25.1,10.9,0,0.314149,-0.00520826,0
25.1,11,0,0.316447,-0.00578026,0
25.1,11.1,0,0.315334,-0.00331384,0
25.1,11.2,0,0.316247,-0.00334902,0
25.1,11.3,0,0.317467,-0.00364325,0
25.1,11.4,0,0.316428,-0.00119368,0
25.1,11.5,0,0.317386,-0.00199648,0
25.1,11.6,0,0.317901,-0.00190831,0
25.1,11.7,0,0.317126,0.000260908,0
25.1,11.8,0,0.317999,-0.00108341,0
25.1,11.9,0,0.318115,-0.000522521,0
25.1,12,0,0.317623,0.00128603,0
25.1,12.1,0,0.318412,-0.000548917,0
25.1,12.2,0,0.318344,0.000548237,0
25.1,12.3,0,0.318172,0.0017211,0
25.1,12.4,0,0.318805,-0.000246955,0
25.1,12.5,0,0.318648,0.00148381,0
25.1,12.6,0,0.318641,0.00192376,0
25.1,12.7,0,0.319045,-0.000262262,0
25.2,0,0,0.263673,-0.0618259,0
25.2,0.1,0,0.254071,-0.0601648,0
25.2,0.2,0,0.254588,-0.057495,0
25.2,0.3,0,0.248834,-0.052729,0
25.2,0.4,0,0.238072,-0.0474716,0
25.2,0.5,0,0.241203,-0.0462117,0
25.2,0.6,0,0.225165,-0.0411856,0
25.2,0.7,0,0.223094,-0.0387499,0
25.2,0.8,0,0.216385,-0.0353958,0
25.2,0.9,0,0.205054,-0.031222,0
25.2,1,0,0.206799,-0.0295907,0
25.2,1.1,0,0.191558,-0.0249916,0
25.2,1.2,0,0.18869,-0.0226801,0
25.2,1.3,0,0.182124,-0.0199305,0
25.2,1.4,0,0.171838,-0.0167301,0
25.2,1.5,0,0.172062,-0.015021,0
25.2,1.6,0,0.159485,-0.0121035,0
25.2,1.7,0,0.15624,-0.0101851,0
25.2,1.8,0,0.150626,-0.00836353,0
25.2,1.9,0,0.142584,-0.00660868,0
25.2,2,0,0.141418,-0.00488603,0
25.2,2.1,0,0.132727,-0.00398959,0
25.2,2.2,0,0.129537,-0.00260722,0
25.2,2.3,0,0.125351,-0.00179052,0
25.2,2.4,0,0.12008,-0.00150002,0
25.2,2.5,0,0.117888,7.57523e-05,0
25.2,2.6,0,0.113177,-0.000754601,0
25.2,2.7,0,0.110315,6.44157e-05,0
25.2,2.8,0,0.10754,5.99873e-05,0
25.2,2.9,0,0.104767,-0.000736785,0
25.2,3,0,0.10198,0.000524982,0
25.2,3.1,0,0.100393,-0.00135218,0
25.2,3.2,0,0.0979262,-0.00103523,0
25.2,3.3,0,0.0962262,-0.0015763,0
25.2,3.4,0,0.0952291,-0.00296163,0
25.2,3.5,0,0.09219,-0.00213241,0
25.2,3.6,0,0.0926086,-0.00439399,0
25.2,3.7,0,0.0904705,-0.00449465,0
25.2,3.8,0,0.0894665,-0.00534253,0
25.2,3.9,0,0.089558,-0.00693935,0
25.2,4,0,0.0864266,-0.00660034,0
25.2,4.1,0,0.0880304,-0.008842,0
25.2,4.2,0,0.086105,-0.00930374,0
25.2,4.3,0,0.0855343,-0.0103445,0
25.2,4.4,0,0.0862959,-0.0119755,0
25.2,4.5,0,0.0830838,-0.0121516,0
25.2,4.6,0,0.0854822,-0.0142338,0
25.2,4.7,0,0.0836769,-0.0150405,0
25.2,4.8,0,0.0834212,-0.0162542,0
25.2,4.9,0,0.0847103,-0.0177799,0
25.2,5,0,0.081454,-0.0180273,0
25.2,5.1,0,0.0812362,-0.019832,0
25.2,5.2,0,0.0811632,-0.021166,0
25.2,5.3,0,0.0811738,-0.0225245,0
25.2,5.4,0,0.0812773,-0.0239094,0
25.2,5.5,0,0.0814853,-0.0253167,0
25.2,5.6,0,0.0818122,-0.0267418,0
25.2,5.7,0,0.0822744,-0.0281795,0
25.2,5.8,0,0.0828912,-0.0296235,0
25.2,5.9,0,0.0836837,-0.0310663,0
25.2,6,0,0.0846758,-0.0324991,0
25.2,6.1,0,0.0858927,-0.033912,0
25.2,6.2,0,0.0873615,-0.0352939,0
25.2,6.3,0,0.0891098,-0.0366324,0
25.2,6.4,0,0.0911654,-0.0379147,0
25.2,6.5,0,0.0935553,-0.0391274,0
25.2,6.6,0,0.096305,-0.0402563,0
25.2,6.7,0,0.0994375,-0.0412862,0
25.2,6.8,0,0.102972,-0.0422034,0
25.2,6.9,0,0.106922,-0.043008,0
25.2,7,0,0.11336,-0.0440176,0
25.2,7.1,0,0.117305,-0.0437496,0
25.2,7.2,0,0.121734,-0.0442367,0
25.2,7.3,0,0.126949,-0.0450505,0
25.2,7.4,0,0.132509,-0.0447571,0
25.2,7.5,0,0.139073,-0.0449819,0
25.2,7.6,0,0.145859,-0.04505,0
25.2,7.7,0,0.151569,-0.0444414,0
25.2,7.8,0,0.159864,-0.0441722,0
25.2,7.9,0,0.167303,-0.0436168,0
25.2,8,0,0.173221,-0.0426924,0
25.2,8.1,0,0.183015,-0.041977,0
25.2,8.2,0,0.190141,-0.0409282,0
25.2,8.3,0,0.196215,-0.0397021,0
25.2,8.4,0,0.207085,-0.0386701,0
25.2,8.5,0,0.213055,-0.0372341,0
25.2,8.6,0,0.219446,-0.0357755,0
25.2,8.7,0,0.230583,-0.0345926,0
25.2,8.8,0,0.234796,-0.0328266,0
25.2,8.9,0,0.2416,-0.0312781,0
25.2,9,0,0.251815,-0.0300552,0
25.2,9.1,0,0.254353,-0.028007,0
25.2,9.2,0,0.261362,-0.026551,0
25.2,9.3,0,0.269437,-0.0252755,0
25.2,9.4,0,0.271129,-0.0230704,0
25.2,9.5,0,0.278046,-0.0218955,0
25.2,9.6,0,0.283836,-0.0205582,0
25.2,9.7,0,0.285176,-0.0183606,0
25.2,9.8,0,0.291374,-0.0175455,0
25.2,9.9,0,0.294986,-0.0160937,0
25.2,10,0,0.296026,-0.014011,0
25.2,10.1,0,0.301423,-0.0136623,0
25.2,10.2,0,0.303146,-0.0120157,0
25.2,10.3,0,0.303952,-0.0101434,0
25.2,10.4,0,0.308541,-0.0103384,0
25.2,10.5,0,0.30877,-0.00840216,0
25.2,10.6,0,0.30967,-0.00702792,0
25.2,10.7,0,0.313237,-0.00760674,0
25.2,10.8,0,0.312402,-0.00528293,0
25.2,10.9,0,0.313404,-0.0045447,0
25.2,11,0,0.315702,-0.0051167,0
25.2,11.1,0,0.314589,-0.00265028,0
25.2,11.2,0,0.315655,-0.00262996,0
25.2,11.3,0,0.316875,-0.00292418,0
25.2,11.4,0,0.315936,-0.000608953,0
25.2,11.5,0,0.31693,-0.00123022,0
25.2,11.6,0,0.317445,-0.00114206,0
25.2,11.7,0,0.316817,0.000841592,0
25.2,11.8,0,0.31766,-0.000278697,0
25.2,11.9,0,0.317776,0.000282196,0
25.2,12,0,0.317433,0.0019062,0
25.2,12.1,0,0.318166,0.000287614,0
25.2,12.2,0,0.318098,0.00138477,0
25.2,12.3,0,0.31799,0.00257641,0
25.2,12.4,0,0.318622,0.000608352,0
25.2,12.5,0,0.318466,0.00233912,0
25.2,12.6,0,0.318482,0.00278309,0
25.2,12.7,0,0.318886,0.000597071,0
25.3,0,0,0.260362,-0.0612531,0
25.3,0.1,0,0.252847,-0.0593679,0
25.3,0.2,0,0.251257,-0.0568743,0
25.3,0.3,0,0.245503,-0.0521083,0
25.3,0.4,0,0.237633,-0.0476585,0
25.3,0.5,0,0.237898,-0.0455623,0
25.3,0.6,0,0.224795,-0.0410879,0
25.3,0.7,0,0.219929,-0.0381495,0
25.3,0.8,0,0.21322,-0.0347954,0
25.3,0.9,0,0.204755,-0.0312079,0
25.3,1,0,0.203871,-0.029079,0
25.3,1.1,0,0.191293,-0.0249971,0
25.3,1.2,0,0.186086,-0.0223055,0
25.3,1.3,0,0.179519,-0.0195559,0
25.3,1.4,0,0.171678,-0.016777,0
25.3,1.5,0,0.169855,-0.0148126,0
25.3,1.6,0,0.159352,-0.0121589,0
25.3,1.7,0,0.154479,-0.0101548,0
25.3,1.8,0,0.148865,-0.00833319,0
25.3,1.9,0,0.14256,-0.00670238,0
25.3,2,0,0.140121,-0.00502848,0
25.3,2.1,0,0.132712,-0.00408031,0
25.3,2.2,0,0.128691,-0.00290187,0
25.3,2.3,0,0.124504,-0.00208516,0
25.3,2.4,0,0.12015,-0.0016104,0
25.3,2.5,0,0.117454,-0.000339097,0
25.3,2.6,0,0.113239,-0.000854607,0
25.3,2.7,0,0.110234,-0.000432775,0
25.3,2.8,0,0.107459,-0.000437204,0
25.3,2.9,0,0.104878,-0.000837963,0
25.3,3,0,0.102187,-1.62117e-05,0
25.3,3.1,0,0.100489,-0.00144251,0
25.3,3.2,0,0.0983554,-0.00158606,0
25.3,3.3,0,0.0966553,-0.00212713,0
25.3,3.4,0,0.0953492,-0.0030421,0
25.3,3.5,0,0.0927861,-0.00266531,0
25.3,3.6,0,0.0927157,-0.00446771,0
25.3,3.7,0,0.0911912,-0.00498986,0
25.3,3.8,0,0.0901872,-0.00583774,0
25.3,3.9,0,0.0896769,-0.00699989,0
25.3,4,0,0.087243,-0.00704528,0
25.3,4.1,0,0.088142,-0.00890037,0
25.3,4.2,0,0.0870005,-0.00969156,0
25.3,4.3,0,0.0864299,-0.0107323,0
25.3,4.4,0,0.0864181,-0.0120221,0
25.3,4.5,0,0.0840511,-0.0124802,0
25.3,4.6,0,0.0856024,-0.0142798,0
25.3,4.7,0,0.0847147,-0.0153107,0
25.3,4.8,0,0.084459,-0.0165244,0
25.3,4.9,0,0.0848487,-0.0177485,0
25.3,5,0,0.0825521,-0.0182428,0
25.3,5.1,0,0.0823728,-0.0200038,0
25.3,5.2,0,0.0823263,-0.0213031,0
25.3,5.3,0,0.0823615,-0.0226268,0
25.3,5.4,0,0.0824872,-0.0239775,0
25.3,5.5,0,0.0827141,-0.0253511,0
25.3,5.6,0,0.0830557,-0.0267432,0
25.3,5.7,0,0.0835277,-0.0281487,0
25.3,5.8,0,0.0841478,-0.0295614,0
25.3,5.9,0,0.0849365,-0.0309741,0
25.3,6,0,0.0859161,-0.0323781,0
25.3,6.1,0,0.087111,-0.0337637,0
25.3,6.2,0,0.0885469,-0.03512,0
25.3,6.3,0,0.0902506,-0.036435,0
25.3,6.4,0,0.0922492,-0.0376959,0
25.3,6.5,0,0.0945693,-0.0388894,0
25.3,6.6,0,0.0972361,-0.0400016,0
25.3,6.7,0,0.100273,-0.0410171,0
25.3,6.8,0,0.103699,-0.041922,0
25.3,6.9,0,0.107531,-0.0427181,0
25.3,7,0,0.113778,-0.0437283,0
25.3,7.1,0,0.11776,-0.0436059,0
25.3,7.2,0,0.121879,-0.0440188,0
25.3,7.3,0,0.127028,-0.0447945,0
25.3,7.4,0,0.132711,-0.0446484,0
25.3,7.5,0,0.138728,-0.0447824,0
25.3,7.6,0,0.145513,-0.0448505,0
25.3,7.7,0,0.151729,-0.0443512,0
25.3,7.8,0,0.159116,-0.0440228,0
25.3,7.9,0,0.166554,-0.0434673,0
25.3,8,0,0.173306,-0.0426146,0
25.3,8.1,0,0.181925,-0.0418607,0
25.3,8.2,0,0.18905,-0.0408119,0
25.3,8.3,0,0.196216,-0.0396414,0
25.3,8.4,0,0.205737,-0.038562,0
25.3,8.5,0,0.211708,-0.037126,0
25.3,8.6,0,0.219079,-0.0357171,0
25.3,8.7,0,0.229071,-0.0344653,0
25.3,8.8,0,0.233681,-0.03273,0
25.3,8.9,0,0.240615,-0.0311697,0
25.3,9,0,0.250227,-0.0298844,0
25.3,9.1,0,0.253708,-0.0279489,0
25.3,9.2,0,0.259825,-0.0263275,0
25.3,9.3,0,0.267851,-0.025044,0
25.3,9.4,0,0.270928,-0.0230823,0
25.3,9.5,0,0.276527,-0.0215926,0
25.3,9.6,0,0.282317,-0.0202553,0
25.3,9.7,0,0.284976,-0.0183835,0
25.3,9.8,0,0.289972,-0.0171662,0
25.3,9.9,0,0.293584,-0.0157144,0
25.3,10,0,0.295842,-0.0140412,0
25.3,10.1,0,0.300172,-0.013206,0
25.3,10.2,0,0.301895,-0.0115593,0
25.3,10.3,0,0.303796,-0.0101773,0
25.3,10.4,0,0.307458,-0.00980746,0
25.3,10.5,0,0.307721,-0.00789108,0
25.3,10.6,0,0.309287,-0.00685371,0
25.3,10.7,0,0.312326,-0.00700619,0
25.3,10.8,0,0.311832,-0.00494657,0
25.3,10.9,0,0.312848,-0.00408292,0
25.3,11,0,0.314957,-0.00445314,0
25.3,11.1,0,0.314389,-0.0025412,0
25.3,11.2,0,0.315063,-0.0019109,0
25.3,11.3,0,0.316283,-0.00220512,0
25.3,11.4,0,0.3159,-0.000636934,0
25.3,11.5,0,0.316474,-0.000463959,0
25.3,11.6,0,0.31699,-0.000375796,0
25.3,11.7,0,0.316801,0.000817646,0
25.3,11.8,0,0.317321,0.00052602,0
25.3,11.9,0,0.317437,0.00108691,0
25.3,12,0,0.317428,0.00188453,0
25.3,12.1,0,0.31792,0.00112414,0
25.3,12.2,0,0.317852,0.0022213,0
25.3,12.3,0,0.317974,0.00263323,0
25.3,12.4,0,0.31844,0.00146366,0
25.3,12.5,0,0.318308,0.003049,0
25.3,12.6,0,0.318392,0.00315287,0
25.3,12.7,0,0.318728,0.0014564,0
25.4,0,0,0.257051,-0.0606803,0
25.4,0.1,0,0.251855,-0.0585462,0
25.4,0.2,0,0.248978,-0.0561632,0
25.4,0.3,0,0.243616,-0.0518929,0
25.4,0.4,0,0.237512,-0.0479383,0
25.4,0.5,0,0.234593,-0.044913,0
25.4,0.6,0,0.224751,-0.0410515,0
25.4,0.7,0,0.218169,-0.0378029,0
25.4,0.8,0,0.211477,-0.0344837,0
25.4,0.9,0,0.204748,-0.0312491,0
25.4,1,0,0.200942,-0.0285673,0
25.4,1.1,0,0.191324,-0.0250602,0
25.4,1.2,0,0.184667,-0.0221278,0
25.4,1.3,0,0.178117,-0.0193836,0
25.4,1.4,0,0.171745,-0.0168522,0
25.4,1.5,0,0.167648,-0.0146043,0
25.4,1.6,0,0.159449,-0.0122437,0
25.4,1.7,0,0.153553,-0.0101763,0
25.4,1.8,0,0.147949,-0.00835624,0
25.4,1.9,0,0.142678,-0.00679067,0
25.4,2,0,0.138823,-0.00517093,0
25.4,2.1,0,0.13284,-0.00416528,0
25.4,2.2,0,0.128283,-0.00310216,0
25.4,2.3,0,0.124096,-0.00228166,0
25.4,2.4,0,0.120277,-0.00168695,0
25.4,2.5,0,0.117019,-0.000753946,0
25.4,2.6,0,0.113355,-0.000919631,0
25.4,2.7,0,0.110242,-0.000735491,0
25.4,2.8,0,0.107461,-0.000734188,0
25.4,2.9,0,0.10498,-0.00089025,0
25.4,3,0,0.102394,-0.000557406,0
25.4,3.1,0,0.100573,-0.00148274,0
25.4,3.2,0,0.0986292,-0.00190712,0
25.4,3.3,0,0.0969216,-0.00244367,0
25.4,3.4,0,0.0954164,-0.00307229,0
25.4,3.5,0,0.0933823,-0.0031982,0
25.4,3.6,0,0.0927685,-0.00449042,0
25.4,3.7,0,0.0916114,-0.00527245,0
25.4,3.8,0,0.0906022,-0.00611813,0
25.4,3.9,0,0.0897183,-0.00701773,0
25.4,4,0,0.0880594,-0.00749023,0
25.4,4.1,0,0.0881753,-0.00891578,0
25.4,4.2,0,0.0875081,-0.0099118,0
25.4,4.3,0,0.0869351,-0.0109524,0
25.4,4.4,0,0.0864463,-0.0120374,0
25.4,4.5,0,0.0850185,-0.0128089,0
25.4,4.6,0,0.0856285,-0.0142944,0
25.4,4.7,0,0.0852972,-0.0154659,0
25.4,4.8,0,0.085044,-0.0166466,0
25.4,4.9,0,0.0848804,-0.0176897,0
25.4,5,0,0.0836503,-0.0184584,0
25.4,5.1,0,0.0835093,-0.0201756,0
25.4,5.2,0,0.0834894,-0.0214403,0
25.4,5.3,0,0.0835493,-0.0227291,0
25.4,5.4,0,0.083697,-0.0240456,0
25.4,5.5,0,0.0839429,-0.0253856,0
25.4,5.6,0,0.0842993,-0.0267447,0
25.4,5.7,0,0.0847809,-0.0281179,0
25.4,5.8,0,0.0854045,-0.0294993,0
25.4,5.9,0,0.0861893,-0.0308818,0
25.4,6,0,0.0871565,-0.032257,0
25.4,6.1,0,0.0883293,-0.0336153,0
25.4,6.2,0,0.0897323,-0.0349461,0
25.4,6.3,0,0.0913915,-0.0362375,0
25.4,6.4,0,0.0933331,-0.037477,0
25.4,6.5,0,0.0955833,-0.0386514,0
25.4,6.6,0,0.0981672,-0.039747,0
25.4,6.7,0,0.101109,-0.040748,0
25.4,6.8,0,0.104427,-0.0416407,0
25.4,6.9,0,0.10814,-0.0424282,0
25.4,7,0,0.114195,-0.043439,0
25.4,7.1,0,0.118246,-0.0435842,0
25.4,7.2,0,0.122366,-0.0439971,0
25.4,7.3,0,0.127108,-0.0445385,0
25.4,7.4,0,0.132922,-0.0445515,0
25.4,7.5,0,0.138818,-0.0446631,0
25.4,7.6,0,0.145168,-0.0446511,0
25.4,7.7,0,0.151889,-0.0442611,0
25.4,7.8,0,0.15873,-0.043897,0
25.4,7.9,0,0.165926,-0.0433282,0
25.4,8,0,0.173391,-0.0425367,0
25.4,8.1,0,0.180855,-0.0417451,0
25.4,8.2,0,0.188534,-0.0407248,0
25.4,8.3,0,0.196217,-0.0395807,0
25.4,8.4,0,0.20439,-0.0384539,0
25.4,8.5,0,0.211514,-0.0370788,0
25.4,8.6,0,0.219001,-0.0356761,0
25.4,8.7,0,0.227558,-0.0343379,0
25.4,8.8,0,0.233541,-0.032709,0
25.4,8.9,0,0.240475,-0.0311487,0
25.4,9,0,0.248638,-0.0297137,0
25.4,9.1,0,0.253527,-0.0279459,0
25.4,9.2,0,0.259643,-0.0263246,0
25.4,9.3,0,0.266265,-0.0248125,0
25.4,9.4,0,0.270727,-0.0230942,0
25.4,9.5,0,0.275869,-0.0214954,0
25.4,9.6,0,0.280798,-0.0199524,0
25.4,9.7,0,0.284775,-0.0184065,0
25.4,9.8,0,0.288897,-0.0168963,0
25.4,9.9,0,0.292514,-0.0154464,0
25.4,10,0,0.295659,-0.0140713,0
25.4,10.1,0,0.298921,-0.0127496,0
25.4,10.2,0,0.301359,-0.0114233,0
25.4,10.3,0,0.30364,-0.0102112,0
25.4,10.4,0,0.306375,-0.00927653,0
25.4,10.5,0,0.307597,-0.00792587,0
25.4,10.6,0,0.309163,-0.0068885,0
25.4,10.7,0,0.311416,-0.00640565,0
25.4,10.8,0,0.31174,-0.00498008,0
25.4,10.9,0,0.312756,-0.00411643,0
25.4,11,0,0.314212,-0.00378957,0
25.4,11.1,0,0.314327,-0.00257226,0
25.4,11.2,0,0.314952,-0.00187287,0
25.4,11.3,0,0.315691,-0.00148606,0
25.4,11.4,0,0.315864,-0.000664915,0
25.4,11.5,0,0.316239,-0.000115721,0
25.4,11.6,0,0.316542,0.000376601,0
25.4,11.7,0,0.316785,0.0007937,0
25.4,11.8,0,0.317028,0.0012108,0
25.4,11.9,0,0.317232,0.0015618,0
25.4,12,0,0.317424,0.00186287,0
25.4,12.1,0,0.317674,0.00196068,0
25.4,12.2,0,0.317796,0.00239888,0
25.4,12.3,0,0.317971,0.00262572,0
25.4,12.4,0,0.318258,0.00231897,0
25.4,12.5,0,0.318275,0.00300818,0
25.4,12.6,0,0.318359,0.00311204,0
25.4,12.7,0,0.318569,0.00231574,0
25.5,0,0,0.25374,-0.0601075,0
25.5,0.1,0,0.250863,-0.0577245,0
25.5,0.2,0,0.247986,-0.0553415,0
25.5,0.3,0,0.243496,-0.0521727,0
25.5,0.4,0,0.237392,-0.0482182,0
25.5,0.5,0,0.231288,-0.0442637,0
25.5,0.6,0,0.224707,-0.0410151,0
25.5,0.7,0,0.218125,-0.0377665,0
25.5,0.8,0,0.21147,-0.0345249,0
25.5,0.9,0,0.204742,-0.0312903,0
25.5,1,0,0.198013,-0.0280556,0
25.5,1.1,0,0.191356,-0.0251232,0
25.5,1.2,0,0.184699,-0.0221908,0
25.5,1.3,0,0.178184,-0.0194589,0
25.5,1.4,0,0.171813,-0.0169274,0
25.5,1.5,0,0.165441,-0.014396,0
25.5,1.6,0,0.159546,-0.0123285,0
25.5,1.7,0,0.153651,-0.010261,0
25.5,1.8,0,0.148068,-0.00844452,0
25.5,1.9,0,0.142797,-0.00687895,0
25.5,2,0,0.137526,-0.00531338,0
25.5,2.1,0,0.132968,-0.00425025,0
25.5,2.2,0,0.128411,-0.00318713,0
25.5,2.3,0,0.124223,-0.00235821,0
25.5,2.4,0,0.120404,-0.0017635,0
25.5,2.5,0,0.116585,-0.00116879,0
25.5,2.6,0,0.113472,-0.000984654,0
25.5,2.7,0,0.110359,-0.000800514,0
25.5,2.8,0,0.107562,-0.000786476,0
25.5,2.9,0,0.105081,-0.000942538,0
25.5,3,0,0.1026,-0.0010986,0
25.5,3.1,0,0.100657,-0.00152298,0
25.5,3.2,0,0.0987132,-0.00194736,0
25.5,3.3,0,0.0969888,-0.00247386,0
25.5,3.4,0,0.0954836,-0.00310248,0
25.5,3.5,0,0.0939784,-0.0037311,0
25.5,3.6,0,0.0928213,-0.00451313,0
25.5,3.7,0,0.0916642,-0.00529515,0
25.5,3.8,0,0.0906436,-0.00613597,0
25.5,3.9,0,0.0897597,-0.00703557,0
25.5,4,0,0.0888759,-0.00793517,0
25.5,4.1,0,0.0882086,-0.00893119,0
25.5,4.2,0,0.0875414,-0.00992721,0
25.5,4.3,0,0.0869634,-0.0109677,0
25.5,4.4,0,0.0864746,-0.0120526,0
25.5,4.5,0,0.0859858,-0.0131375,0
25.5,4.6,0,0.0856545,-0.014309,0
25.5,4.7,0,0.0853232,-0.0154805,0
25.5,4.8,0,0.0850758,-0.0165877,0
25.5,4.9,0,0.0849121,-0.0176308,0
25.5,5,0,0.0847485,-0.0186739,0
25.5,5.1,0,0.0846458,-0.0203474,0
25.5,5.2,0,0.0846525,-0.0215774,0
25.5,5.3,0,0.0847371,-0.0228315,0
25.5,5.4,0,0.084907,-0.0241137,0
25.5,5.5,0,0.0851717,-0.02542,0
25.5,5.6,0,0.0855429,-0.0267461,0
25.5,5.7,0,0.0860341,-0.0280872,0
25.5,5.8,0,0.0866612,-0.0294373,0
25.5,5.9,0,0.0874421,-0.0307896,0
25.5,6,0,0.0883969,-0.0321359,0
25.5,6.1,0,0.0895476,-0.033467,0
25.5,6.2,0,0.0909177,-0.0347722,0
25.5,6.3,0,0.0925323,-0.03604,0
25.5,6.4,0,0.0944169,-0.0372581,0
25.5,6.5,0,0.0965973,-0.0384135,0
25.5,6.6,0,0.0990983,-0.0394923,0
25.5,6.7,0,0.101944,-0.0404789,0
25.5,6.8,0,0.105155,-0.0413593,0
25.5,6.9,0,0.108749,-0.0421384,0
25.5,7,0,0.114613,-0.0431497,0
25.5,7.1,0,0.118733,-0.0435626,0
25.5,7.2,0,0.122852,-0.0439755,0
25.5,7.3,0,0.127238,-0.0443432,0
25.5,7.4,0,0.133134,-0.0444547,0
25.5,7.5,0,0.139029,-0.0445662,0
25.5,7.6,0,0.145208,-0.0445351,0
25.5,7.7,0,0.152049,-0.0441709,0
25.5,7.8,0,0.15889,-0.0438068,0
25.5,7.9,0,0.166011,-0.0432503,0
25.5,8,0,0.173476,-0.0424588,0
25.5,8.1,0,0.18094,-0.0416672,0
25.5,8.2,0,0.188535,-0.0406641,0
25.5,8.3,0,0.196217,-0.03952,0
25.5,8.4,0,0.2039,-0.0383759,0
25.5,8.5,0,0.211436,-0.0370379,0
25.5,8.6,0,0.218924,-0.0356352,0
25.5,8.7,0,0.226411,-0.0342325,0
25.5,8.8,0,0.233401,-0.032688,0
25.5,8.9,0,0.240335,-0.0311276,0
25.5,9,0,0.247229,-0.0295643,0
25.5,9.1,0,0.253345,-0.0279429,0
25.5,9.2,0,0.259461,-0.0263216,0
25.5,9.3,0,0.265383,-0.0247048,0
25.5,9.4,0,0.270526,-0.023106,0
25.5,9.5,0,0.275668,-0.0215073,0
25.5,9.6,0,0.280454,-0.0199396,0
25.5,9.7,0,0.284575,-0.0184294,0
25.5,9.8,0,0.288697,-0.0169192,0
25.5,9.9,0,0.29233,-0.0154766,0
25.5,10,0,0.295475,-0.0141015,0
25.5,10.1,0,0.29862,-0.0127264,0
25.5,10.2,0,0.301203,-0.0114572,0
25.5,10.3,0,0.303483,-0.0102451,0
25.5,10.4,0,0.305763,-0.00903297,0
25.5,10.5,0,0.307472,-0.00796065,0
25.5,10.6,0,0.309039,-0.00692328,0
25.5,10.7,0,0.310605,-0.00588591,0
25.5,10.8,0,0.311648,-0.00501358,0
25.5,10.9,0,0.312664,-0.00414994,0
25.5,11,0,0.313641,-0.00330272,0
25.5,11.1,0,0.314266,-0.00260332,0
25.5,11.2,0,0.31489,-0.00190393,0
25.5,11.3,0,0.315452,-0.00124209,0
25.5,11.4,0,0.315828,-0.000692895,0
25.5,11.5,0,0.316203,-0.000143701,0
25.5,11.6,0,0.316526,0.000352655,0
25.5,11.7,0,0.316769,0.000769754,0
25.5,11.8,0,0.317013,0.00118685,0
25.5,11.9,0,0.317228,0.00154013,0
25.5,12,0,0.31742,0.0018412,0
25.5,12.1,0,0.317613,0.00214227,0
25.5,12.2,0,0.317793,0.00239137,0
25.5,12.3,0,0.317968,0.0026182,0
25.5,12.4,0,0.318144,0.00284504,0
25.5,12.5,0,0.318242,0.00296735,0
25.5,12.6,0,0.318326,0.00307121,0
25.5,12.7,0,0.31841,0.00317507,0
