x,y,z,U_0,U_1,U_2
0,0,0,2.99792,-0.00759746,0
0,0.1,0,2.99852,-0.00542676,0
0,0.2,0,2.99911,-0.00325605,0
0,0.3,0,2.9997,-0.00108535,0
0,0.4,0,3,0,0
0,0.5,0,3,0,0
0,0.6,0,3,0,0
0,0.7,0,3,-9.43481e-20,0
0,0.8,0,3,0,0
0,0.9,0,3,0,0
0,1,0,3,0,0
0,1.1,0,3,0,0
0,1.2,0,3,0,0
0,1.3,0,3,0,0
0,1.4,0,3,0,0
0,1.5,0,3,0,0
0,1.6,0,3,0,0
0,1.7,0,3,0,0
0,1.8,0,3,0,0
0,1.9,0,3,0,0
0,2,0,3,0,0
0,2.1,0,3,0,0
0,2.2,0,3,0,0
0,2.3,0,3,0,0
0,2.4,0,3,0,0
0,2.5,0,3,0,0
0,2.6,0,3,0,0
0,2.7,0,3,0,0
0,2.8,0,3,0,0
0,2.9,0,3,0,0
0,3,0,3,0,0
0,3.1,0,3,0,0
0,3.2,0,3,0,0
0,3.3,0,3,0,0
0,3.4,0,3,0,0
0,3.5,0,3,0,0
0,3.6,0,3,0,0
0,3.7,0,3,0,0
0,3.8,0,3,0,0
0,3.9,0,3,0,0
0,4,0,3,0,0
0,4.1,0,3,0,0
0,4.2,0,3,0,0
0,4.3,0,3,0,0
0,4.4,0,3,0,0
0,4.5,0,3,0,0
0,4.6,0,3,0,0
0,4.7,0,3,0,0
0,4.8,0,3,0,0
0,4.9,0,3,-1.84408e-19,0
0,5,0,3,0,0
0,5.1,0,3,0,0
0,5.2,0,3,0,0
0,5.3,0,3,0,0
0,5.4,0,3,0,0
0,5.5,0,3,0,0
0,5.6,0,3,-1.0226e-19,0
0,5.7,0,3,0,0
0,5.8,0,3,0,0
0,5.9,0,3,0,0
0,6,0,3,0,0
0,6.1,0,3,0,0
0,6.2,0,3,0,0
0,6.3,0,3,-1.26274e-20,0
0,6.4,0,3,0,0
0,6.5,0,3,0,0
0,6.6,0,3,0,0
0,6.7,0,3,0,0
0,6.8,0,3,0,0
0,6.9,0,3,0,0
0,7,0,3,0,0
0,7.1,0,3,0,0
0,7.2,0,3,1.03831e-19,0
0,7.3,0,3,1.17705e-19,0
0,7.4,0,3,1.31413e-19,0
0,7.5,0,3,0,0
0,7.6,0,3,1.58555e-19,0
0,7.7,0,3,0,0
0,7.8,0,3,1.85143e-19,0
0,7.9,0,3,0,0
0,8,0,3,0,0
0,8.1,0,3,0,0
0,8.2,0,3,0,0
0,8.3,0,3,0,0
0,8.4,0,3,0,0
0,8.5,0,3,0,0
0,8.6,0,3,0,0
0,8.7,0,3,0,0
0,8.8,0,3,0,0
0,8.9,0,3,0,0
0,9,0,3,0,0
0,9.1,0,3,0,0
0,9.2,0,3,0,0
0,9.3,0,3,0,0
0,9.4,0,3,0,0
0,9.5,0,3,0,0
0,9.6,0,3,0,0
0,9.7,0,3,0,0
0,9.8,0,3,0,0
0,9.9,0,3,0,0
0,10,0,3,0,0
0,10.1,0,3,0,0
0,10.2,0,3,0,0
0,10.3,0,3,0,0
0,10.4,0,3,0,0
0,10.5,0,3,0,0
0,10.6,0,3,0,0
0,10.7,0,3,0,0
0,10.8,0,3,0,0
0,10.9,0,3,0,0
0,11,0,3,0,0
0,11.1,0,3,0,0
0,11.2,0,3,0,0
0,11.3,0,3,0,0
0,11.4,0,3,0,0
0,11.5,0,3,0,0
0,11.6,0,3,0,0
0,11.7,0,3,0,0
0,11.8,0,3,0,0
0,11.9,0,3,0,0
0,12,0,3,0,0
0,12.1,0,3,0,0
0,12.2,0,3,0,0
0,12.3,0,3,0,0
0,12.4,0,3,0,0
0,12.5,0,2.99968,0.0010945,0
0,12.6,0,2.99878,0.00422166,0
0,12.7,0,2.99787,0.00734881,0
0.1,0,0,2.99745,-0.00650708,0
0.1,0.1,0,2.99773,-0.00830879,0
0.1,0.2,0,2.99832,-0.00613809,0
0.1,0.3,0,2.99892,-0.00396739,0
0.1,0.4,0,2.99769,-0.00277619,0
0.1,0.5,0,2.99769,-0.00277619,0
0.1,0.6,0,2.99769,-0.00277619,0
0.1,0.7,0,2.99976,-8.94539e-05,0
0.1,0.8,0,2.99753,-0.00280531,0
0.1,0.9,0,2.99753,-0.00280531,0
0.1,1,0,2.99753,-0.00280531,0
0.1,1.1,0,2.99961,-0.00294476,0
0.1,1.2,0,2.99961,-0.00294476,0
0.1,1.3,0,2.99961,-0.00294476,0
0.1,1.4,0,3.0002,-0.000321696,0
0.1,1.5,0,3.00141,-0.00334379,0
0.1,1.6,0,3.00141,-0.00334379,0
0.1,1.7,0,3.00141,-0.00334379,0
0.1,1.8,0,3.00083,-0.00297295,0
0.1,1.9,0,3.00083,-0.00297295,0
0.1,2,0,3.00083,-0.00297295,0
0.1,2.1,0,2.99927,-0.000197548,0
0.1,2.2,0,2.99878,-0.00240695,0
0.1,2.3,0,2.99878,-0.00240695,0
0.1,2.4,0,2.99878,-0.00240695,0
0.1,2.5,0,2.99789,-0.00175219,0
0.1,2.6,0,2.99789,-0.00175219,0
0.1,2.7,0,2.99789,-0.00175219,0
0.1,2.8,0,3.00001,-0.000487637,0
0.1,2.9,0,2.99997,-0.00207297,0
0.1,3,0,2.99997,-0.00207297,0
0.1,3.1,0,2.99997,-0.00207297,0
0.1,3.2,0,3.00141,-0.00206229,0
0.1,3.3,0,3.00141,-0.00206229,0
0.1,3.4,0,3.00141,-0.00206229,0
0.1,3.5,0,2.99945,-0.000269016,0
0.1,3.6,0,2.99976,-0.00144635,0
0.1,3.7,0,2.99976,-0.00144635,0
0.1,3.8,0,2.99976,-0.00144635,0
0.1,3.9,0,2.99924,-0.00103407,0
0.1,4,0,2.99924,-0.00103407,0
0.1,4.1,0,2.99924,-0.00103407,0
0.1,4.2,0,2.99991,-0.0002991,0
0.1,4.3,0,3.00019,-0.00132597,0
0.1,4.4,0,3.00019,-0.00132597,0
0.1,4.5,0,3.00019,-0.00132597,0
0.1,4.6,0,2.99996,-0.000826291,0
0.1,4.7,0,2.99996,-0.000826291,0
0.1,4.8,0,2.99996,-0.000826291,0
0.1,4.9,0,2.99971,-0.000174842,0
0.1,5,0,2.99979,-0.000767375,0
0.1,5.1,0,2.99979,-0.000767375,0
0.1,5.2,0,2.99979,-0.000767375,0
0.1,5.3,0,2.99994,-0.000488604,0
0.1,5.4,0,2.99994,-0.000488604,0
0.1,5.5,0,2.99994,-0.000488604,0
0.1,5.6,0,2.99974,-9.69556e-05,0
0.1,5.7,0,2.99986,-0.00034356,0
0.1,5.8,0,2.99986,-0.00034356,0
0.1,5.9,0,2.99986,-0.00034356,0
0.1,6,0,2.99991,-0.000103279,0
0.1,6.1,0,2.99991,-0.000103279,0
0.1,6.2,0,2.99991,-0.000103279,0
0.1,6.3,0,2.99974,-1.19723e-05,0
0.1,6.4,0,2.99987,6.83872e-05,0
0.1,6.5,0,2.99987,6.83872e-05,0
0.1,6.6,0,2.99987,6.83872e-05,0
0.1,6.7,0,2.99988,0.000288002,0
0.1,6.8,0,2.99988,0.000288002,0
0.1,6.9,0,2.99988,0.000288002,0
0.1,7,0,2.99974,6.57763e-05,0
0.1,7.1,0,2.99974,8.48035e-05,0
0.1,7.2,0,2.99974,9.8445e-05,0
0.1,7.3,0,2.99973,0.000111599,0
0.1,7.4,0,2.99973,0.000124596,0
0.1,7.5,0,2.99973,0.000137513,0
0.1,7.6,0,2.99973,0.00015033,0
0.1,7.7,0,2.99973,0.000162992,0
0.1,7.8,0,2.99973,0.000175539,0
0.1,7.9,0,2.99973,0.000188215,0
0.1,8,0,2.99973,0.000203061,0
0.1,8.1,0,2.9999,0.00102067,0
0.1,8.2,0,2.9999,0.00102067,0
0.1,8.3,0,2.99992,0.00117374,0
0.1,8.4,0,2.99992,0.00117374,0
0.1,8.5,0,2.99982,0.00127784,0
0.1,8.6,0,2.99982,0.00127784,0
0.1,8.7,0,2.99975,0.000475037,0
0.1,8.8,0,2.99986,0.00142312,0
0.1,8.9,0,2.99986,0.00142312,0
0.1,9,0,3.00002,0.00157671,0
0.1,9.1,0,3.00002,0.00157671,0
0.1,9.2,0,2.99984,0.00168888,0
0.1,9.3,0,2.99984,0.00168888,0
0.1,9.4,0,2.99979,0.000878474,0
0.1,9.5,0,2.99963,0.00179436,0
0.1,9.6,0,2.99963,0.00179436,0
0.1,9.7,0,2.99977,0.00195214,0
0.1,9.8,0,2.99977,0.00195214,0
0.1,9.9,0,2.99992,0.00177113,0
0.1,10,0,2.99997,0.00211173,0
0.1,10.1,0,2.99989,0.00141419,0
0.1,10.2,0,2.99989,0.00222619,0
0.1,10.3,0,2.99989,0.00222619,0
0.1,10.4,0,2.99963,0.00232118,0
0.1,10.5,0,2.99963,0.00232118,0
0.1,10.6,0,2.99959,0.00160315,0
0.1,10.7,0,2.99947,0.00243057,0
0.1,10.8,0,2.99952,0.00202453,0
0.1,10.9,0,2.99957,0.00256722,0
0.1,11,0,2.99957,0.00256722,0
0.1,11.1,0,2.99976,0.00272242,0
0.1,11.2,0,2.99976,0.00272242,0
0.1,11.3,0,2.99975,0.00131074,0
0.1,11.4,0,2.99979,0.00284773,0
0.1,11.5,0,2.99979,0.00284773,0
0.1,11.6,0,2.99963,0.00298726,0
0.1,11.7,0,2.99963,0.00298726,0
0.1,11.8,0,2.99934,0.00306768,0
0.1,11.9,0,2.99934,0.00306768,0
0.1,12,0,2.9996,0.000760301,0
0.1,12.1,0,2.99908,0.00324792,0
0.1,12.2,0,2.99908,0.00324792,0
0.1,12.3,0,2.99891,0.00333286,0
0.1,12.4,0,2.99891,0.00333286,0
0.1,12.5,0,2.99886,0.00394543,0
0.1,12.6,0,2.99795,0.00707258,0
0.1,12.7,0,2.99773,0.00644811,0
0.2,0,0,2.99697,-0.0054167,0
0.2,0.1,0,2.99694,-0.0111908,0
0.2,0.2,0,2.99753,-0.00902013,0
0.2,0.3,0,2.99823,-0.00490162,0
0.2,0.4,0,2.99646,-0.00367262,0
0.2,0.5,0,2.99538,-0.00555238,0
0.2,0.6,0,2.99538,-0.00555238,0
0.2,0.7,0,2.99953,-0.000178908,0
0.2,0.8,0,2.99507,-0.00561061,0
0.2,0.9,0,2.99507,-0.00561061,0
0.2,1,0,2.9968,-0.00397296,0
0.2,1.1,0,2.99962,-0.00416221,0
0.2,1.2,0,2.99921,-0.00588952,0
0.2,1.3,0,2.99921,-0.00588952,0
0.2,1.4,0,3.0004,-0.000643392,0
0.2,1.5,0,3.00283,-0.00668758,0
0.2,1.6,0,3.00283,-0.00668758,0
0.2,1.7,0,3.00172,-0.0046966,0
0.2,1.8,0,3.00093,-0.00419332,0
0.2,1.9,0,3.00166,-0.00594589,0
0.2,2,0,3.00166,-0.00594589,0
0.2,2.1,0,2.99855,-0.000395096,0
0.2,2.2,0,2.99755,-0.00481389,0
0.2,2.3,0,2.99755,-0.00481389,0
0.2,2.4,0,2.99801,-0.00346468,0
0.2,2.5,0,2.9968,-0.00257608,0
0.2,2.6,0,2.99578,-0.00350438,0
0.2,2.7,0,2.99578,-0.00350438,0
0.2,2.8,0,3.00002,-0.000975273,0
0.2,2.9,0,2.99994,-0.00414594,0
0.2,3,0,2.99994,-0.00414594,0
0.2,3.1,0,2.9999,-0.0031053,0
0.2,3.2,0,3.00185,-0.0030908,0
0.2,3.3,0,3.00282,-0.00412458,0
0.2,3.4,0,3.00282,-0.00412458,0
0.2,3.5,0,2.99891,-0.000538033,0
0.2,3.6,0,2.99952,-0.00289269,0
0.2,3.7,0,2.99952,-0.00289269,0
0.2,3.8,0,2.99944,-0.00213514,0
0.2,3.9,0,2.99874,-0.00157563,0
0.2,4,0,2.99849,-0.00206815,0
0.2,4.1,0,2.99849,-0.00206815,0
0.2,4.2,0,2.99982,-0.0005982,0
0.2,4.3,0,3.00037,-0.00265195,0
0.2,4.4,0,3.00037,-0.00265195,0
0.2,4.5,0,3.0001,-0.00193552,0
0.2,4.6,0,2.99979,-0.00125738,0
0.2,4.7,0,2.99991,-0.00165258,0
0.2,4.8,0,2.99991,-0.00165258,0
0.2,4.9,0,2.99943,-0.000349685,0
0.2,5,0,2.99957,-0.00153475,0
0.2,5.1,0,2.99957,-0.00153475,0
0.2,5.2,0,2.99955,-0.00113611,0
0.2,5.3,0,2.99976,-0.000757776,0
0.2,5.4,0,2.99988,-0.000977208,0
0.2,5.5,0,2.99988,-0.000977208,0
0.2,5.6,0,2.99948,-0.000193911,0
0.2,5.7,0,2.99973,-0.00068712,0
0.2,5.8,0,2.99973,-0.00068712,0
0.2,5.9,0,2.99965,-0.000504052,0
0.2,6,0,2.99971,-0.000177956,0
0.2,6.1,0,2.99981,-0.000206558,0
0.2,6.2,0,2.99981,-0.000206558,0
0.2,6.3,0,2.99948,-2.39447e-05,0
0.2,6.4,0,2.99975,0.000136774,0
0.2,6.5,0,2.99975,0.000136774,0
0.2,6.6,0,2.99966,0.000111048,0
0.2,6.7,0,2.99968,0.000409097,0
0.2,6.8,0,2.99977,0.000576004,0
0.2,6.9,0,2.99977,0.000576004,0
0.2,7,0,2.99948,0.000131553,0
0.2,7.1,0,2.99947,0.000169607,0
0.2,7.2,0,2.99947,0.00019689,0
0.2,7.3,0,2.99947,0.000223198,0
0.2,7.4,0,2.99947,0.000249192,0
0.2,7.5,0,2.99947,0.000275026,0
0.2,7.6,0,2.99946,0.00030066,0
0.2,7.7,0,2.99946,0.000325983,0
0.2,7.8,0,2.99946,0.000351078,0
0.2,7.9,0,2.99946,0.00037643,0
0.2,8,0,2.99945,0.000406122,0
0.2,8.1,0,2.9998,0.00204133,0
0.2,8.2,0,2.9997,0.00157629,0
0.2,8.3,0,2.99984,0.00234748,0
0.2,8.4,0,2.99984,0.00234748,0
0.2,8.5,0,2.99959,0.00174898,0
0.2,8.6,0,2.99964,0.00255568,0
0.2,8.7,0,2.99948,0.000746698,0
0.2,8.8,0,2.99972,0.00284624,0
0.2,8.9,0,2.99967,0.0024122,0
0.2,9,0,3.00003,0.00315341,0
0.2,9.1,0,3.00003,0.00315341,0
0.2,9.2,0,2.9996,0.00201788,0
0.2,9.3,0,2.99967,0.00337775,0
0.2,9.4,0,2.99956,0.00120703,0
0.2,9.5,0,2.99926,0.00358872,0
0.2,9.6,0,2.99927,0.00332395,0
0.2,9.7,0,2.99954,0.00390428,0
0.2,9.8,0,2.99954,0.00390428,0
0.2,9.9,0,2.99963,0.00210416,0
0.2,10,0,2.99995,0.00422345,0
0.2,10.1,0,2.99965,0.0017538,0
0.2,10.2,0,2.99979,0.00445238,0
0.2,10.3,0,2.99979,0.00445238,0
0.2,10.4,0,2.99925,0.00464236,0
0.2,10.5,0,2.99925,0.00464236,0
0.2,10.6,0,2.99937,0.00193164,0
0.2,10.7,0,2.99893,0.00486114,0
0.2,10.8,0,2.99925,0.00233467,0
0.2,10.9,0,2.99915,0.00513444,0
0.2,11,0,2.99915,0.00513444,0
0.2,11.1,0,2.99952,0.00500499,0
0.2,11.2,0,2.99953,0.00544484,0
0.2,11.3,0,2.99948,0.00157851,0
0.2,11.4,0,2.99958,0.00569545,0
0.2,11.5,0,2.99955,0.00311182,0
0.2,11.6,0,2.99926,0.00597453,0
0.2,11.7,0,2.99926,0.00597453,0
0.2,11.8,0,2.99884,0.00503528,0
0.2,11.9,0,2.99868,0.00613537,0
0.2,12,0,2.99932,0.000890406,0
0.2,12.1,0,2.99816,0.00649583,0
0.2,12.2,0,2.99863,0.00399076,0
0.2,12.3,0,2.99782,0.00666573,0
0.2,12.4,0,2.99782,0.00666573,0
0.2,12.5,0,2.99831,0.00510334,0
0.2,12.6,0,2.99713,0.00992351,0
0.2,12.7,0,2.99759,0.00554742,0
0.3,0,0,2.9965,-0.00432632,0
0.3,0.1,0,2.99624,-0.0129379,0
0.3,0.2,0,2.99675,-0.0119022,0
0.3,0.3,0,2.99761,-0.00475375,0
0.3,0.4,0,2.99584,-0.00352475,0
0.3,0.5,0,2.99307,-0.00832857,0
0.3,0.6,0,2.99366,-0.00756093,0
0.3,0.7,0,2.99929,-0.000268362,0
0.3,0.8,0,2.99324,-0.00763996,0
0.3,0.9,0,2.9926,-0.00841592,0
0.3,1,0,2.99703,-0.0042308,0
0.3,1.1,0,2.99985,-0.00442005,0
0.3,1.2,0,2.99882,-0.00883427,0
0.3,1.3,0,2.99899,-0.00808483,0
0.3,1.4,0,3.0006,-0.000965088,0
0.3,1.5,0,3.00389,-0.00916791,0
0.3,1.6,0,3.00424,-0.0100314,0
0.3,1.7,0,3.00141,-0.00494331,0
0.3,1.8,0,3.00062,-0.00444003,0
0.3,1.9,0,3.00249,-0.00891884,0
0.3,2,0,3.00204,-0.00812587,0
0.3,2.1,0,2.99782,-0.000592644,0
0.3,2.2,0,2.99647,-0.00658959,0
0.3,2.3,0,2.99633,-0.00722084,0
0.3,2.4,0,2.99749,-0.00377285,0
0.3,2.5,0,2.99628,-0.00288425,0
0.3,2.6,0,2.99367,-0.00525657,0
0.3,2.7,0,2.99428,-0.00489527,0
0.3,2.8,0,3.00003,-0.00146291,0
0.3,2.9,0,2.99992,-0.00576596,0
0.3,3,0,2.99991,-0.00621891,0
0.3,3.1,0,2.99982,-0.00355949,0
0.3,3.2,0,3.00177,-0.00354499,0
0.3,3.3,0,3.00423,-0.00618687,0
0.3,3.4,0,3.00367,-0.00567451,0
0.3,3.5,0,2.99836,-0.000807049,0
0.3,3.6,0,2.9992,-0.00400266,0
0.3,3.7,0,2.99929,-0.00433904,0
0.3,3.8,0,2.99907,-0.00240307,0
0.3,3.9,0,2.99837,-0.00184356,0
0.3,4,0,2.99773,-0.00310222,0
0.3,4.1,0,2.99792,-0.00289223,0
0.3,4.2,0,2.99973,-0.0008973,0
0.3,4.3,0,3.00048,-0.00368453,0
0.3,4.4,0,3.00056,-0.00397792,0
0.3,4.5,0,2.99986,-0.00214706,0
0.3,4.6,0,2.99955,-0.00146892,0
0.3,4.7,0,2.99987,-0.00247887,0
0.3,4.8,0,2.9998,-0.00229274,0
0.3,4.9,0,2.99914,-0.000524527,0
0.3,5,0,2.99934,-0.00213283,0
0.3,5.1,0,2.99936,-0.00230212,0
0.3,5.2,0,2.99931,-0.00128337,0
0.3,5.3,0,2.99952,-0.000905041,0
0.3,5.4,0,2.99982,-0.00146581,0
0.3,5.5,0,2.99976,-0.00135391,0
0.3,5.6,0,2.99922,-0.000290867,0
0.3,5.7,0,2.99955,-0.000960222,0
0.3,5.8,0,2.99959,-0.00103068,0
0.3,5.9,0,2.99939,-0.000562839,0
0.3,6,0,2.99945,-0.000236743,0
0.3,6.1,0,2.99972,-0.000309837,0
0.3,6.2,0,2.99967,-0.000283749,0
0.3,6.3,0,2.99922,-3.5917e-05,0
0.3,6.4,0,2.99958,0.000182202,0
0.3,6.5,0,2.99962,0.000205161,0
0.3,6.6,0,2.9994,0.000139416,0
0.3,6.7,0,2.99942,0.000437465,0
0.3,6.8,0,2.99965,0.000864006,0
0.3,6.9,0,2.99961,0.000800513,0
0.3,7,0,2.99921,0.000197329,0
0.3,7.1,0,2.99921,0.000254411,0
0.3,7.2,0,2.99921,0.000295335,0
0.3,7.3,0,2.9992,0.000334797,0
0.3,7.4,0,2.9992,0.000373788,0
0.3,7.5,0,2.9992,0.000412539,0
0.3,7.6,0,2.9992,0.00045099,0
0.3,7.7,0,2.99919,0.000488975,0
0.3,7.8,0,2.99919,0.000526617,0
0.3,7.9,0,2.99919,0.000564645,0
0.3,8,0,2.99918,0.000609183,0
0.3,8.1,0,2.9997,0.003062,0
0.3,8.2,0,2.99944,0.00180216,0
0.3,8.3,0,2.99969,0.00316829,0
0.3,8.4,0,2.99973,0.00336451,0
0.3,8.5,0,2.99934,0.00200209,0
0.3,8.6,0,2.99946,0.00383353,0
0.3,8.7,0,2.99922,0.00101836,0
0.3,8.8,0,2.99958,0.00426936,0
0.3,8.9,0,2.99939,0.00270199,0
0.3,9,0,2.99988,0.00399083,0
0.3,9.1,0,3.00005,0.00473012,0
0.3,9.2,0,2.99937,0.00233226,0
0.3,9.3,0,2.99951,0.00506663,0
0.3,9.4,0,2.99933,0.00153559,0
0.3,9.5,0,2.99889,0.00538307,0
0.3,9.6,0,2.99899,0.00365433,0
0.3,9.7,0,2.99927,0.00459696,0
0.3,9.8,0,2.99931,0.00585642,0
0.3,9.9,0,2.99934,0.00243719,0
0.3,10,0,2.99992,0.00633518,0
0.3,10.1,0,2.99942,0.00209341,0
0.3,10.2,0,2.99968,0.00667857,0
0.3,10.3,0,2.99959,0.00483137,0
0.3,10.4,0,2.99904,0.00502337,0
0.3,10.5,0,2.99888,0.00696354,0
0.3,10.6,0,2.99915,0.00226013,0
0.3,10.7,0,2.9984,0.00729171,0
0.3,10.8,0,2.99898,0.00264482,0
0.3,10.9,0,2.99872,0.00770166,0
0.3,11,0,2.99883,0.00593343,0
0.3,11.1,0,2.99923,0.00529531,0
0.3,11.2,0,2.99929,0.00816726,0
0.3,11.3,0,2.99921,0.00184629,0
0.3,11.4,0,2.99937,0.00854318,0
0.3,11.5,0,2.99931,0.00334814,0
0.3,11.6,0,2.99889,0.00896179,0
0.3,11.7,0,2.99896,0.00735786,0
0.3,11.8,0,2.9986,0.00523053,0
0.3,11.9,0,2.99802,0.00920305,0
0.3,12,0,2.99905,0.00102051,0
0.3,12.1,0,2.99724,0.00974375,0
0.3,12.2,0,2.99831,0.00405656,0
0.3,12.3,0,2.99687,0.00944249,0
0.3,12.4,0,2.99701,0.00874177,0
0.3,12.5,0,2.99796,0.00506075,0
0.3,12.6,0,2.9963,0.0127744,0
0.3,12.7,0,2.99745,0.00464672,0
0.4,0,0,2.99603,-0.00323594,0
0.4,0.1,0,2.99577,-0.0118475,0
0.4,0.2,0,2.99596,-0.0147842,0
0.4,0.3,0,2.99699,-0.00460587,0
0.4,0.4,0,2.99522,-0.00337687,0
0.4,0.5,0,2.99075,-0.0111048,0
0.4,0.6,0,2.99342,-0.00765038,0
0.4,0.7,0,2.99906,-0.000357816,0
0.4,0.8,0,2.993,-0.00772941,0
0.4,0.9,0,2.99013,-0.0112212,0
0.4,1,0,2.99727,-0.00448864,0
0.4,1.1,0,3.00008,-0.0046779,0
0.4,1.2,0,2.99843,-0.011779,0
0.4,1.3,0,2.99919,-0.00840652,0
0.4,1.4,0,3.00081,-0.00128678,0
0.4,1.5,0,3.00409,-0.00948961,0
0.4,1.6,0,3.00565,-0.0133752,0
0.4,1.7,0,3.00111,-0.00519003,0
0.4,1.8,0,3.00032,-0.00468674,0
0.4,1.9,0,3.00332,-0.0118918,0
0.4,2,0,3.00132,-0.00832342,0
0.4,2.1,0,2.9971,-0.000790192,0
0.4,2.2,0,2.99575,-0.00678713,0
0.4,2.3,0,2.99511,-0.00962779,0
0.4,2.4,0,2.99697,-0.00408102,0
0.4,2.5,0,2.99577,-0.00319242,0
0.4,2.6,0,2.99156,-0.00700876,0
0.4,2.7,0,2.99429,-0.0053829,0
0.4,2.8,0,3.00004,-0.00195055,0
0.4,2.9,0,2.99993,-0.0062536,0
0.4,3,0,2.99988,-0.00829188,0
0.4,3.1,0,2.99973,-0.00401368,0
0.4,3.2,0,3.00168,-0.00399918,0
0.4,3.3,0,3.00563,-0.00824916,0
0.4,3.4,0,3.00312,-0.00594352,0
0.4,3.5,0,2.99782,-0.00107607,0
0.4,3.6,0,2.99865,-0.00427167,0
0.4,3.7,0,2.99905,-0.00578538,0
0.4,3.8,0,2.9987,-0.002671,0
0.4,3.9,0,2.998,-0.00211149,0
0.4,4,0,2.99698,-0.00413629,0
0.4,4.1,0,2.99783,-0.00319133,0
0.4,4.2,0,2.99963,-0.0011964,0
0.4,4.3,0,3.00039,-0.00398363,0
0.4,4.4,0,3.00075,-0.00530389,0
0.4,4.5,0,2.99962,-0.0023586,0
0.4,4.6,0,2.99931,-0.00168046,0
0.4,4.7,0,2.99982,-0.00330516,0
0.4,4.8,0,2.99951,-0.00246759,0
0.4,4.9,0,2.99885,-0.000699369,0
0.4,5,0,2.99905,-0.00230767,0
0.4,5.1,0,2.99914,-0.0030695,0
0.4,5.2,0,2.99907,-0.00143064,0
0.4,5.3,0,2.99928,-0.00105231,0
0.4,5.4,0,2.99976,-0.00195442,0
0.4,5.5,0,2.9995,-0.00145087,0
0.4,5.6,0,2.99896,-0.000387822,0
0.4,5.7,0,2.99929,-0.00105718,0
0.4,5.8,0,2.99945,-0.00137424,0
0.4,5.9,0,2.99913,-0.000621626,0
0.4,6,0,2.99919,-0.000295531,0
0.4,6.1,0,2.99962,-0.000413116,0
0.4,6.2,0,2.99941,-0.000295722,0
0.4,6.3,0,2.99896,-4.78893e-05,0
0.4,6.4,0,2.99932,0.000170229,0
0.4,6.5,0,2.99949,0.000273549,0
0.4,6.6,0,2.99914,0.000167785,0
0.4,6.7,0,2.99916,0.000465834,0
0.4,6.8,0,2.99954,0.00115201,0
0.4,6.9,0,2.99935,0.00086629,0
0.4,7,0,2.99895,0.000263105,0
0.4,7.1,0,2.99895,0.000339214,0
0.4,7.2,0,2.99894,0.00039378,0
0.4,7.3,0,2.99894,0.000446397,0
0.4,7.4,0,2.99894,0.000498384,0
0.4,7.5,0,2.99893,0.000550052,0
0.4,7.6,0,2.99893,0.00060132,0
0.4,7.7,0,2.99893,0.000651966,0
0.4,7.8,0,2.99892,0.000702156,0
0.4,7.9,0,2.99892,0.000752859,0
0.4,8,0,2.99891,0.000812244,0
0.4,8.1,0,2.9996,0.00408266,0
0.4,8.2,0,2.99917,0.00202803,0
0.4,8.3,0,2.99943,0.00339416,0
0.4,8.4,0,2.99948,0.00361763,0
0.4,8.5,0,2.99909,0.0022552,0
0.4,8.6,0,2.99928,0.00511137,0
0.4,8.7,0,2.99895,0.00129002,0
0.4,8.8,0,2.99942,0.00550874,0
0.4,8.9,0,2.99911,0.00299178,0
0.4,9,0,2.9996,0.00428062,0
0.4,9.1,0,2.99982,0.00508478,0
0.4,9.2,0,2.99913,0.00264664,0
0.4,9.3,0,2.99934,0.0067555,0
0.4,9.4,0,2.9991,0.00186415,0
0.4,9.5,0,2.99857,0.00664725,0
0.4,9.6,0,2.9987,0.0039847,0
0.4,9.7,0,2.99898,0.00492733,0
0.4,9.8,0,2.99904,0.00656839,0
0.4,9.9,0,2.99905,0.00277023,0
0.4,10,0,2.99989,0.00844691,0
0.4,10.1,0,2.99918,0.00243302,0
0.4,10.2,0,2.9995,0.00784105,0
0.4,10.3,0,2.99938,0.0051702,0
0.4,10.4,0,2.99884,0.0053622,0
0.4,10.5,0,2.99859,0.00816118,0
0.4,10.6,0,2.99892,0.00258861,0
0.4,10.7,0,2.99787,0.00972227,0
0.4,10.8,0,2.99872,0.00295496,0
0.4,10.9,0,2.99841,0.00854006,0
0.4,11,0,2.99854,0.00622374,0
0.4,11.1,0,2.99895,0.00558562,0
0.4,11.2,0,2.99904,0.0100018,0
0.4,11.3,0,2.99894,0.00211407,0
0.4,11.4,0,2.99917,0.0113909,0
0.4,11.5,0,2.99907,0.00358445,0
0.4,11.6,0,2.99864,0.0092859,0
0.4,11.7,0,2.99873,0.0075531,0
0.4,11.8,0,2.99836,0.00542577,0
0.4,11.9,0,2.99742,0.011802,0
0.4,12,0,2.99877,0.00115062,0
0.4,12.1,0,2.99632,0.0129917,0
0.4,12.2,0,2.99799,0.00412236,0
0.4,12.3,0,2.99655,0.00950829,0
0.4,12.4,0,2.99665,0.00869918,0
0.4,12.5,0,2.9976,0.00501815,0
0.4,12.6,0,2.99548,0.0156254,0
0.4,12.7,0,2.99731,0.00374603,0
0.5,0,0,2.99555,-0.00214556,0
0.5,0.1,0,2.99529,-0.0107571,0
0.5,0.2,0,2.99532,-0.0148527,0
0.5,0.3,0,2.99637,-0.00445799,0
0.5,0.4,0,2.99459,-0.00322899,0
0.5,0.5,0,2.99001,-0.0111657,0
0.5,0.6,0,2.99319,-0.00773984,0
0.5,0.7,0,2.99882,-0.00044727,0
0.5,0.8,0,2.99276,-0.00781887,0
0.5,0.9,0,2.99017,-0.011661,0
0.5,1,0,2.9975,-0.00474648,0
0.5,1.1,0,3.00031,-0.00493574,0
0.5,1.2,0,2.99861,-0.0122288,0
0.5,1.3,0,2.99939,-0.00872822,0
0.5,1.4,0,3.00101,-0.00160848,0
0.5,1.5,0,3.00429,-0.00981131,0
0.5,1.6,0,3.00547,-0.0138431,0
0.5,1.7,0,3.0008,-0.00543674,0
0.5,1.8,0,3.00001,-0.00493346,0
0.5,1.9,0,3.00309,-0.0123332,0
0.5,2,0,3.00059,-0.00852097,0
0.5,2.1,0,2.99637,-0.000987739,0
0.5,2.2,0,2.99502,-0.00698468,0
0.5,2.3,0,2.99454,-0.0100859,0
0.5,2.4,0,2.99645,-0.00438919,0
0.5,2.5,0,2.99525,-0.00350059,0
0.5,2.6,0,2.99093,-0.00742007,0
0.5,2.7,0,2.9943,-0.00587054,0
0.5,2.8,0,3.00005,-0.00243818,0
0.5,2.9,0,2.99994,-0.00674123,0
0.5,3,0,2.9998,-0.0088617,0
0.5,3.1,0,2.99964,-0.00446787,0
0.5,3.2,0,3.00159,-0.00445337,0
0.5,3.3,0,3.00565,-0.00881822,0
0.5,3.4,0,3.00258,-0.00621254,0
0.5,3.5,0,2.99727,-0.00134508,0
0.5,3.6,0,2.99811,-0.00454069,0
0.5,3.7,0,2.99869,-0.00613749,0
0.5,3.8,0,2.99833,-0.00293893,0
0.5,3.9,0,2.99763,-0.00237942,0
0.5,4,0,2.99658,-0.00445895,0
0.5,4.1,0,2.99774,-0.00349043,0
0.5,4.2,0,2.99954,-0.0014955,0
0.5,4.3,0,3.0003,-0.00428273,0
0.5,4.4,0,3.00054,-0.00559503,0
0.5,4.5,0,2.99938,-0.00257014,0
0.5,4.6,0,2.99907,-0.001892,0
0.5,4.7,0,2.9996,-0.00356061,0
0.5,4.8,0,2.99922,-0.00264243,0
0.5,4.9,0,2.99857,-0.000874211,0
0.5,5,0,2.99876,-0.00248251,0
0.5,5.1,0,2.9989,-0.00326106,0
0.5,5.2,0,2.99883,-0.0015779,0
0.5,5.3,0,2.99904,-0.00119957,0
0.5,5.4,0,2.99953,-0.00212606,0
0.5,5.5,0,2.99924,-0.00154782,0
0.5,5.6,0,2.9987,-0.000484778,0
0.5,5.7,0,2.99903,-0.00115413,0
0.5,5.8,0,2.9992,-0.00145337,0
0.5,5.9,0,2.99887,-0.000680414,0
0.5,6,0,2.99893,-0.000354318,0
0.5,6.1,0,2.99937,-0.000475081,0
0.5,6.2,0,2.99915,-0.000307694,0
0.5,6.3,0,2.9987,-5.98616e-05,0
0.5,6.4,0,2.99906,0.000158257,0
0.5,6.5,0,2.99925,0.000304776,0
0.5,6.6,0,2.99888,0.000196153,0
0.5,6.7,0,2.9989,0.000494202,0
0.5,6.8,0,2.99929,0.00119892,0
0.5,6.9,0,2.99909,0.000932066,0
0.5,7,0,2.99869,0.000328881,0
0.5,7.1,0,2.99869,0.000424018,0
0.5,7.2,0,2.99868,0.000492225,0
0.5,7.3,0,2.99867,0.000557996,0
0.5,7.4,0,2.99867,0.00062298,0
0.5,7.5,0,2.99867,0.000687565,0
0.5,7.6,0,2.99866,0.00075165,0
0.5,7.7,0,2.99866,0.000814958,0
0.5,7.8,0,2.99865,0.000877695,0
0.5,7.9,0,2.99865,0.000941074,0
0.5,8,0,2.99864,0.0010153,0
0.5,8.1,0,2.99933,0.00432051,0
0.5,8.2,0,2.99891,0.0022539,0
0.5,8.3,0,2.99916,0.00362003,0
0.5,8.4,0,2.99924,0.00387074,0
0.5,8.5,0,2.99884,0.00250832,0
0.5,8.6,0,2.99904,0.00562922,0
0.5,8.7,0,2.99868,0.00156168,0
0.5,8.8,0,2.99915,0.0057804,0
0.5,8.9,0,2.99883,0.00328158,0
0.5,9,0,2.99933,0.00457041,0
0.5,9.1,0,2.99959,0.00539916,0
0.5,9.2,0,2.9989,0.00296102,0
0.5,9.3,0,2.99914,0.00769186,0
0.5,9.4,0,2.99886,0.00219271,0
0.5,9.5,0,2.99833,0.00697581,0
0.5,9.6,0,2.99842,0.00431507,0
0.5,9.7,0,2.9987,0.00525771,0
0.5,9.8,0,2.99875,0.00690142,0
0.5,9.9,0,2.99876,0.00310326,0
0.5,10,0,2.99975,0.00967159,0
0.5,10.1,0,2.99894,0.00277263,0
0.5,10.2,0,2.99926,0.00818066,0
0.5,10.3,0,2.99918,0.00550904,0
0.5,10.4,0,2.99864,0.00570104,0
0.5,10.5,0,2.99837,0.00848966,0
0.5,10.6,0,2.9987,0.0029171,0
0.5,10.7,0,2.99749,0.0110991,0
0.5,10.8,0,2.99845,0.0032651,0
0.5,10.9,0,2.99815,0.0088502,0
0.5,11,0,2.99825,0.00651405,0
0.5,11.1,0,2.99866,0.00587593,0
0.5,11.2,0,2.99877,0.0102696,0
0.5,11.3,0,2.99867,0.00238185,0
0.5,11.4,0,2.99892,0.0128114,0
0.5,11.5,0,2.99883,0.00382077,0
0.5,11.6,0,2.9984,0.00952222,0
0.5,11.7,0,2.99849,0.00774835,0
0.5,11.8,0,2.99813,0.00562101,0
0.5,11.9,0,2.99714,0.0119321,0
0.5,12,0,2.9985,0.00128072,0
0.5,12.1,0,2.99589,0.0138846,0
0.5,12.2,0,2.99767,0.00418816,0
0.5,12.3,0,2.99623,0.00957409,0
0.5,12.4,0,2.9963,0.00865659,0
0.5,12.5,0,2.99725,0.00497556,0
0.5,12.6,0,2.99531,0.0148843,0
0.5,12.7,0,2.99717,0.00284533,0
0.6,0,0,2.99508,-0.00105518,0
0.6,0.1,0,2.99482,-0.00966675,0
0.6,0.2,0,2.99488,-0.0124349,0
0.6,0.3,0,2.99574,-0.00431012,0
0.6,0.4,0,2.99397,-0.00308112,0
0.6,0.5,0,2.99057,-0.00948259,0
0.6,0.6,0,2.99295,-0.00782929,0
0.6,0.7,0,2.99859,-0.000536724,0
0.6,0.8,0,2.99253,-0.00790832,0
0.6,0.9,0,2.99168,-0.010367,0
0.6,1,0,2.99773,-0.00500432,0
0.6,1.1,0,3.00055,-0.00519358,0
0.6,1.2,0,2.99919,-0.0109877,0
0.6,1.3,0,2.99959,-0.00904992,0
0.6,1.4,0,3.00121,-0.00193018,0
0.6,1.5,0,3.0045,-0.010133,0
0.6,1.6,0,3.00447,-0.0123629,0
0.6,1.7,0,3.00049,-0.00568346,0
0.6,1.8,0,2.9997,-0.00518017,0
0.6,1.9,0,3.0019,-0.010994,0
0.6,2,0,2.99987,-0.00871851,0
0.6,2.1,0,2.99565,-0.00118529,0
0.6,2.2,0,2.9943,-0.00718223,0
0.6,2.3,0,2.9943,-0.00913153,0
0.6,2.4,0,2.99593,-0.00469737,0
0.6,2.5,0,2.99473,-0.00380877,0
0.6,2.6,0,2.99162,-0.00700564,0
0.6,2.7,0,2.99431,-0.00635818,0
0.6,2.8,0,3.00006,-0.00292582,0
0.6,2.9,0,2.99995,-0.00722887,0
0.6,3,0,2.99973,-0.00840998,0
0.6,3.1,0,2.99955,-0.00492206,0
0.6,3.2,0,3.0015,-0.00490756,0
0.6,3.3,0,3.00445,-0.00824768,0
0.6,3.4,0,3.00203,-0.00648156,0
0.6,3.5,0,2.99673,-0.0016141,0
0.6,3.6,0,2.99756,-0.00480971,0
0.6,3.7,0,2.99814,-0.00573266,0
0.6,3.8,0,2.99796,-0.00320687,0
0.6,3.9,0,2.99726,-0.00264735,0
0.6,4,0,2.99659,-0.0043069,0
0.6,4.1,0,2.99765,-0.00378953,0
0.6,4.2,0,2.99945,-0.0017946,0
0.6,4.3,0,3.00021,-0.00458183,0
0.6,4.4,0,3.00014,-0.00521979,0
0.6,4.5,0,2.99914,-0.00278168,0
0.6,4.6,0,2.99883,-0.00210354,0
0.6,4.7,0,2.99922,-0.0033999,0
0.6,4.8,0,2.99894,-0.00281727,0
0.6,4.9,0,2.99828,-0.00104905,0
0.6,5,0,2.99848,-0.00265736,0
0.6,5.1,0,2.99862,-0.00306973,0
0.6,5.2,0,2.99858,-0.00172517,0
0.6,5.3,0,2.99879,-0.00134684,0
0.6,5.4,0,2.99917,-0.00204953,0
0.6,5.5,0,2.99898,-0.00164478,0
0.6,5.6,0,2.99844,-0.000581733,0
0.6,5.7,0,2.99878,-0.00125109,0
0.6,5.8,0,2.99888,-0.00137124,0
0.6,5.9,0,2.99862,-0.000739201,0
0.6,6,0,2.99867,-0.000413105,0
0.6,6.1,0,2.99902,-0.000481693,0
0.6,6.2,0,2.99889,-0.000319666,0
0.6,6.3,0,2.99844,-7.1834e-05,0
0.6,6.4,0,2.9988,0.000146285,0
0.6,6.5,0,2.99891,0.000287224,0
0.6,6.6,0,2.99863,0.000224522,0
0.6,6.7,0,2.99864,0.000522571,0
0.6,6.8,0,2.99895,0.0011003,0
0.6,6.9,0,2.99882,0.000997842,0
0.6,7,0,2.99843,0.000394658,0
0.6,7.1,0,2.99842,0.000508821,0
0.6,7.2,0,2.99842,0.00059067,0
0.6,7.3,0,2.99841,0.000669595,0
0.6,7.4,0,2.9984,0.000747576,0
0.6,7.5,0,2.9984,0.000825078,0
0.6,7.6,0,2.99839,0.00090198,0
0.6,7.7,0,2.99839,0.000977949,0
0.6,7.8,0,2.99838,0.00105323,0
0.6,7.9,0,2.99838,0.00112929,0
0.6,8,0,2.99836,0.00121837,0
0.6,8.1,0,2.99897,0.00409236,0
0.6,8.2,0,2.99865,0.00247977,0
0.6,8.3,0,2.9989,0.0038459,0
0.6,8.4,0,2.99899,0.00412385,0
0.6,8.5,0,2.9986,0.00276143,0
0.6,8.6,0,2.99872,0.00513778,0
0.6,8.7,0,2.99842,0.00183334,0
0.6,8.8,0,2.99884,0.00566624,0
0.6,8.9,0,2.99856,0.00357137,0
0.6,9,0,2.99905,0.0048602,0
0.6,9.1,0,2.99935,0.00571354,0
0.6,9.2,0,2.99866,0.0032754,0
0.6,9.3,0,2.99884,0.00671904,0
0.6,9.4,0,2.99863,0.00252126,0
0.6,9.5,0,2.99811,0.0071019,0
0.6,9.6,0,2.99814,0.00464544,0
0.6,9.7,0,2.99841,0.00558808,0
0.6,9.8,0,2.99846,0.00723446,0
0.6,9.9,0,2.99847,0.00343629,0
0.6,10,0,2.99925,0.00823251,0
0.6,10.1,0,2.9987,0.00311225,0
0.6,10.2,0,2.99902,0.00852027,0
0.6,10.3,0,2.99898,0.00584787,0
0.6,10.4,0,2.99844,0.00603987,0
0.6,10.5,0,2.99814,0.00881815,0
0.6,10.6,0,2.99848,0.00324559,0
0.6,10.7,0,2.99753,0.00930713,0
0.6,10.8,0,2.99818,0.00357525,0
0.6,10.9,0,2.99788,0.00916035,0
0.6,11,0,2.99797,0.00680437,0
0.6,11.1,0,2.99837,0.00616625,0
0.6,11.2,0,2.9985,0.010201,0
0.6,11.3,0,2.9984,0.00264963,0
0.6,11.4,0,2.99862,0.0106067,0
0.6,11.5,0,2.99859,0.00405709,0
0.6,11.6,0,2.99816,0.00975853,0
0.6,11.7,0,2.99825,0.00794359,0
0.6,11.8,0,2.99789,0.00581625,0
0.6,11.9,0,2.99701,0.0110843,0
0.6,12,0,2.99823,0.00141083,0
0.6,12.1,0,2.99606,0.0116451,0
0.6,12.2,0,2.99735,0.00425396,0
0.6,12.3,0,2.99591,0.00963989,0
0.6,12.4,0,2.99595,0.00861399,0
0.6,12.5,0,2.99689,0.00493297,0
0.6,12.6,0,2.99543,0.0124137,0
0.6,12.7,0,2.99703,0.00194463,0
0.7,0,0,2.9946,3.52e-05,0
0.7,0.1,0,2.99438,-0.0079271,0
0.7,0.2,0,2.99457,-0.00831462,0
0.7,0.3,0,2.99512,-0.00416224,0
0.7,0.4,0,2.99335,-0.00293324,0
0.7,0.5,0,2.99203,-0.00664798,0
0.7,0.6,0,2.99308,-0.00729216,0
0.7,0.7,0,2.99835,-0.000626178,0
0.7,0.8,0,2.99287,-0.00745189,0
0.7,0.9,0,2.99414,-0.00790894,0
0.7,1,0,2.99796,-0.00526216,0
0.7,1.1,0,3.00078,-0.00545142,0
0.7,1.2,0,3.00001,-0.00862253,0
0.7,1.3,0,2.99993,-0.00879584,0
0.7,1.4,0,3.00141,-0.00225187,0
0.7,1.5,0,3.00433,-0.00979104,0
0.7,1.6,0,3.00295,-0.00958751,0
0.7,1.7,0,3.00019,-0.00593017,0
0.7,1.8,0,2.9994,-0.00542688,0
0.7,1.9,0,3.00004,-0.00846532,0
0.7,2,0,2.9989,-0.00833187,0
0.7,2.1,0,2.99492,-0.00138284,0
0.7,2.2,0,2.99372,-0.00693004,0
0.7,2.3,0,2.99428,-0.0072303,0
0.7,2.4,0,2.99541,-0.00500554,0
0.7,2.5,0,2.99421,-0.00411694,0
0.7,2.6,0,2.99322,-0.00604926,0
0.7,2.7,0,2.99466,-0.00653638,0
0.7,2.8,0,3.00007,-0.00341346,0
0.7,2.9,0,2.99995,-0.00736962,0
0.7,3,0,2.99969,-0.00727884,0
0.7,3.1,0,2.99946,-0.00537625,0
0.7,3.2,0,3.00142,-0.00536175,0
0.7,3.3,0,3.00241,-0.00690859,0
0.7,3.4,0,3.00116,-0.00640598,0
0.7,3.5,0,2.99618,-0.00188311,0
0.7,3.6,0,2.99699,-0.0048262,0
0.7,3.7,0,2.99747,-0.00482326,0
0.7,3.8,0,2.9976,-0.0034748,0
0.7,3.9,0,2.99689,-0.00291529,0
0.7,4,0,2.99689,-0.00383986,0
0.7,4.1,0,2.99764,-0.00392446,0
0.7,4.2,0,2.99936,-0.0020937,0
0.7,4.3,0,3.00003,-0.00464212,0
0.7,4.4,0,2.99962,-0.00440446,0
0.7,4.5,0,2.9989,-0.00299322,0
0.7,4.6,0,2.99859,-0.00231508,0
0.7,4.7,0,2.99874,-0.00295999,0
0.7,4.8,0,2.99861,-0.00286038,0
0.7,4.9,0,2.99799,-0.0012239,0
0.7,5,0,2.99818,-0.00269932,0
0.7,5.1,0,2.9983,-0.00262446,0
0.7,5.2,0,2.99834,-0.00187243,0
0.7,5.3,0,2.99855,-0.0014941,0
0.7,5.4,0,2.99873,-0.00180515,0
0.7,5.5,0,2.99868,-0.00166859,0
0.7,5.6,0,2.99818,-0.000678689,0
0.7,5.7,0,2.99849,-0.00128702,0
0.7,5.8,0,2.99849,-0.00118342,0
0.7,5.9,0,2.99836,-0.000797988,0
0.7,6,0,2.99842,-0.000471892,0
0.7,6.1,0,2.9986,-0.000449174,0
0.7,6.2,0,2.99859,-0.000322105,0
0.7,6.3,0,2.99817,-8.38063e-05,0
0.7,6.4,0,2.99851,0.000125737,0
0.7,6.5,0,2.99852,0.000235233,0
0.7,6.6,0,2.99837,0.00025289,0
0.7,6.7,0,2.99838,0.000550939,0
0.7,6.8,0,2.99854,0.000906447,0
0.7,6.9,0,2.99853,0.00100798,0
0.7,7,0,2.99817,0.000460434,0
0.7,7.1,0,2.99816,0.000593625,0
0.7,7.2,0,2.99815,0.000689115,0
0.7,7.3,0,2.99814,0.000781194,0
0.7,7.4,0,2.99814,0.000872172,0
0.7,7.5,0,2.99813,0.000962591,0
0.7,7.6,0,2.99812,0.00105231,0
0.7,7.7,0,2.99812,0.00114094,0
0.7,7.8,0,2.99811,0.00122877,0
0.7,7.9,0,2.9981,0.0013175,0
0.7,8,0,2.99809,0.00142143,0
0.7,8.1,0,2.99853,0.00350062,0
0.7,8.2,0,2.99838,0.00270564,0
0.7,8.3,0,2.99861,0.00395424,0
0.7,8.4,0,2.99868,0.00406436,0
0.7,8.5,0,2.99835,0.00301454,0
0.7,8.6,0,2.99838,0.00438471,0
0.7,8.7,0,2.99815,0.002105,0
0.7,8.8,0,2.99843,0.00480458,0
0.7,8.9,0,2.99828,0.00386116,0
0.7,9,0,2.99877,0.00515,0
0.7,9.1,0,2.99896,0.0053434,0
0.7,9.2,0,2.99843,0.00358978,0
0.7,9.3,0,2.99854,0.0056731,0
0.7,9.4,0,2.9984,0.00284982,0
0.7,9.5,0,2.99797,0.00596647,0
0.7,9.6,0,2.99785,0.00497582,0
0.7,9.7,0,2.99813,0.00591845,0
0.7,9.8,0,2.99813,0.00637704,0
0.7,9.9,0,2.99818,0.00376933,0
0.7,10,0,2.99875,0.00679343,0
0.7,10.1,0,2.99847,0.00345186,0
0.7,10.2,0,2.9987,0.007093,0
0.7,10.3,0,2.99878,0.00618671,0
0.7,10.4,0,2.99824,0.00637871,0
0.7,10.5,0,2.99808,0.00729083,0
0.7,10.6,0,2.99826,0.00357408,0
0.7,10.7,0,2.99757,0.00751519,0
0.7,10.8,0,2.99792,0.00388539,0
0.7,10.9,0,2.99772,0.00779914,0
0.7,11,0,2.99768,0.00709468,0
0.7,11.1,0,2.99808,0.00645656,0
0.7,11.2,0,2.99817,0.00803671,0
0.7,11.3,0,2.99813,0.0029174,0
0.7,11.4,0,2.99832,0.00826307,0
0.7,11.5,0,2.99835,0.0042934,0
0.7,11.6,0,2.99799,0.00850973,0
0.7,11.7,0,2.99801,0.00813883,0
0.7,11.8,0,2.99765,0.00601149,0
0.7,11.9,0,2.99716,0.008342,0
0.7,12,0,2.99795,0.00154093,0
0.7,12.1,0,2.99639,0.00859307,0
0.7,12.2,0,2.99704,0.00431976,0
0.7,12.3,0,2.99583,0.00859251,0
0.7,12.4,0,2.99569,0.00815433,0
0.7,12.5,0,2.99654,0.00489038,0
0.7,12.6,0,2.99576,0.00861951,0
0.7,12.7,0,2.99689,0.00104394,0
0.8,0,0,2.99413,0.00112558,0
0.8,0.1,0,2.99407,-0.00380681,0
0.8,0.2,0,2.99426,-0.00419433,0
0.8,0.3,0,2.9945,-0.00401436,0
0.8,0.4,0,2.99273,-0.00278536,0
0.8,0.5,0,2.99348,-0.00381337,0
0.8,0.6,0,2.99453,-0.00445755,0
0.8,0.7,0,2.99812,-0.000715632,0
0.8,0.8,0,2.99534,-0.00499388,0
0.8,0.9,0,2.99661,-0.00545093,0
0.8,1,0,2.9982,-0.00552001,0
0.8,1.1,0,3.00101,-0.00570926,0
0.8,1.2,0,3.00084,-0.00625731,0
0.8,1.3,0,3.00076,-0.00643062,0
0.8,1.4,0,3.00161,-0.00257357,0
0.8,1.5,0,3.00281,-0.00701566,0
0.8,1.6,0,3.00143,-0.00681213,0
0.8,1.7,0,2.99988,-0.00617688,0
0.8,1.8,0,2.99909,-0.0056736,0
0.8,1.9,0,2.99818,-0.00593663,0
0.8,2,0,2.99704,-0.00580318,0
0.8,2.1,0,2.9942,-0.00158038,0
0.8,2.2,0,2.9937,-0.00502881,0
0.8,2.3,0,2.99426,-0.00532907,0
0.8,2.4,0,2.99489,-0.00531371,0
0.8,2.5,0,2.99369,-0.00442511,0
0.8,2.6,0,2.99482,-0.00509288,0
0.8,2.7,0,2.99626,-0.00558,0
0.8,2.8,0,3.00008,-0.00390109,0
0.8,2.9,0,2.9999,-0.00623848,0
0.8,3,0,2.99964,-0.0061477,0
0.8,3.1,0,2.99938,-0.00583044,0
0.8,3.2,0,3.00133,-0.00581594,0
0.8,3.3,0,3.00036,-0.00556951,0
0.8,3.4,0,2.99912,-0.0050669,0
0.8,3.5,0,2.99563,-0.00215213,0
0.8,3.6,0,2.99631,-0.00391681,0
0.8,3.7,0,2.99679,-0.00391386,0
0.8,3.8,0,2.99723,-0.00374273,0
0.8,3.9,0,2.99652,-0.00318322,0
0.8,4,0,2.99718,-0.00337281,0
0.8,4.1,0,2.99794,-0.00345741,0
0.8,4.2,0,2.99927,-0.0023928,0
0.8,4.3,0,2.99951,-0.00382679,0
0.8,4.4,0,2.9991,-0.00358912,0
0.8,4.5,0,2.99866,-0.00320476,0
0.8,4.6,0,2.99835,-0.00252662,0
0.8,4.7,0,2.99825,-0.00252008,0
0.8,4.8,0,2.99813,-0.00242047,0
0.8,4.9,0,2.99771,-0.00139874,0
0.8,5,0,2.99787,-0.00225405,0
0.8,5.1,0,2.99799,-0.0021792,0
0.8,5.2,0,2.9981,-0.0020197,0
0.8,5.3,0,2.99831,-0.00164137,0
0.8,5.4,0,2.99829,-0.00156076,0
0.8,5.5,0,2.99824,-0.00142421,0
0.8,5.6,0,2.99792,-0.000775645,0
0.8,5.7,0,2.99811,-0.0010992,0
0.8,5.8,0,2.99811,-0.000995604,0
0.8,5.9,0,2.9981,-0.000856775,0
0.8,6,0,2.99816,-0.00053068,0
0.8,6.1,0,2.99817,-0.000416654,0
0.8,6.2,0,2.99817,-0.000289585,0
0.8,6.3,0,2.99791,-9.57786e-05,0
0.8,6.4,0,2.99812,7.37458e-05,0
0.8,6.5,0,2.99812,0.000183242,0
0.8,6.6,0,2.99811,0.000281259,0
0.8,6.7,0,2.99812,0.000579308,0
0.8,6.8,0,2.99813,0.00071259,0
0.8,6.9,0,2.99813,0.000814125,0
0.8,7,0,2.9979,0.00052621,0
0.8,7.1,0,2.9979,0.000678428,0
0.8,7.2,0,2.99789,0.00078756,0
0.8,7.3,0,2.99788,0.000892793,0
0.8,7.4,0,2.99787,0.000996768,0
0.8,7.5,0,2.99787,0.0011001,0
0.8,7.6,0,2.99786,0.00120264,0
0.8,7.7,0,2.99785,0.00130393,0
0.8,7.8,0,2.99784,0.00140431,0
0.8,7.9,0,2.99783,0.00150572,0
0.8,8,0,2.99782,0.00162449,0
0.8,8.1,0,2.9981,0.00290889,0
0.8,8.2,0,2.99812,0.00293151,0
0.8,8.3,0,2.99818,0.00325948,0
0.8,8.4,0,2.99825,0.00336961,0
0.8,8.5,0,2.9981,0.00326765,0
0.8,8.6,0,2.99805,0.00363164,0
0.8,8.7,0,2.99788,0.00237666,0
0.8,8.8,0,2.99803,0.00394291,0
0.8,8.9,0,2.99799,0.00401621,0
0.8,9,0,2.99826,0.00427147,0
0.8,9.1,0,2.99843,0.00437086,0
0.8,9.2,0,2.99819,0.00390416,0
0.8,9.3,0,2.99823,0.00462716,0
0.8,9.4,0,2.99816,0.00317838,0
0.8,9.5,0,2.99782,0.00483104,0
0.8,9.6,0,2.99761,0.00483838,0
0.8,9.7,0,2.9978,0.00507756,0
0.8,9.8,0,2.99778,0.00508831,0
0.8,9.9,0,2.99789,0.00410236,0
0.8,10,0,2.99825,0.00535435,0
0.8,10.1,0,2.99823,0.00379147,0
0.8,10.2,0,2.99837,0.00554525,0
0.8,10.3,0,2.99851,0.00554211,0
0.8,10.4,0,2.99811,0.0056788,0
0.8,10.5,0,2.99803,0.00563697,0
0.8,10.6,0,2.99803,0.00390256,0
0.8,10.7,0,2.99762,0.00572326,0
0.8,10.8,0,2.99765,0.00419554,0
0.8,10.9,0,2.99759,0.00583238,0
0.8,11,0,2.99751,0.00575222,0
0.8,11.1,0,2.99779,0.00596348,0
0.8,11.2,0,2.99785,0.00587238,0
0.8,11.3,0,2.99786,0.00318518,0
0.8,11.4,0,2.99802,0.00591943,0
0.8,11.5,0,2.99811,0.00452972,0
0.8,11.6,0,2.99788,0.00595403,0
0.8,11.7,0,2.99789,0.00578798,0
0.8,11.8,0,2.99746,0.00586298,0
0.8,11.9,0,2.99731,0.00559966,0
0.8,12,0,2.99768,0.00167104,0
0.8,12.1,0,2.99672,0.00554106,0
0.8,12.2,0,2.99672,0.00438556,0
0.8,12.3,0,2.99625,0.00528286,0
0.8,12.4,0,2.99611,0.00484468,0
0.8,12.5,0,2.99619,0.00484779,0
0.8,12.6,0,2.99609,0.0048253,0
0.8,12.7,0,2.99675,0.000143243,0
0.9,0,0,2.99365,0.00221596,0
0.9,0.1,0,2.99376,0.000313483,0
0.9,0.2,0,2.99395,-7.40389e-05,0
0.9,0.3,0,2.99414,-0.00046156,0
0.9,0.4,0,2.99388,-0.000334572,0
0.9,0.5,0,2.99493,-0.000978754,0
0.9,0.6,0,2.99599,-0.00162294,0
0.9,0.7,0,2.99788,-0.000805086,0
0.9,0.8,0,2.9978,-0.00253587,0
0.9,0.9,0,2.99907,-0.00299292,0
0.9,1,0,3.00034,-0.00344998,0
0.9,1.1,0,3.00175,-0.00371877,0
0.9,1.2,0,3.00167,-0.00389209,0
0.9,1.3,0,3.00158,-0.0040654,0
0.9,1.4,0,3.00181,-0.00289526,0
0.9,1.5,0,3.00129,-0.00424028,0
0.9,1.6,0,2.99992,-0.00403675,0
0.9,1.7,0,2.99854,-0.00383323,0
0.9,1.8,0,2.99745,-0.0035414,0
0.9,1.9,0,2.99631,-0.00340795,0
0.9,2,0,2.99518,-0.0032745,0
0.9,2.1,0,2.99347,-0.00177793,0
0.9,2.2,0,2.99368,-0.00312758,0
0.9,2.3,0,2.99424,-0.00342785,0
0.9,2.4,0,2.9948,-0.00372811,0
0.9,2.5,0,2.99499,-0.00364938,0
0.9,2.6,0,2.99642,-0.0041365,0
0.9,2.7,0,2.99786,-0.00462362,0
0.9,2.8,0,3.00009,-0.00438873,0
0.9,2.9,0,2.99986,-0.00510734,0
0.9,3,0,2.99959,-0.00501655,0
0.9,3.1,0,2.99932,-0.00492577,0
0.9,3.2,0,2.99956,-0.00473304,0
0.9,3.3,0,2.99832,-0.00423043,0
0.9,3.4,0,2.99708,-0.00372781,0
0.9,3.5,0,2.99509,-0.00242115,0
0.9,3.6,0,2.99563,-0.00300741,0
0.9,3.7,0,2.99611,-0.00300447,0
0.9,3.8,0,2.99659,-0.00300152,0
0.9,3.9,0,2.99672,-0.00282117,0
0.9,4,0,2.99748,-0.00290577,0
0.9,4.1,0,2.99823,-0.00299037,0
0.9,4.2,0,2.99918,-0.0026919,0
0.9,4.3,0,2.99899,-0.00301145,0
0.9,4.4,0,2.99858,-0.00277379,0
0.9,4.5,0,2.99818,-0.00253613,0
0.9,4.6,0,2.9979,-0.00217978,0
0.9,4.7,0,2.99777,-0.00208017,0
0.9,4.8,0,2.99765,-0.00198056,0
0.9,4.9,0,2.99742,-0.00157358,0
0.9,5,0,2.99756,-0.00180878,0
0.9,5.1,0,2.99768,-0.00173393,0
0.9,5.2,0,2.9978,-0.00165908,0
0.9,5.3,0,2.9979,-0.00145293,0
0.9,5.4,0,2.99785,-0.00131638,0
0.9,5.5,0,2.9978,-0.00117982,0
0.9,5.6,0,2.99766,-0.0008726,0
0.9,5.7,0,2.99773,-0.000911387,0
0.9,5.8,0,2.99773,-0.000807787,0
0.9,5.9,0,2.99774,-0.000704188,0
0.9,6,0,2.99776,-0.000511204,0
0.9,6.1,0,2.99775,-0.000384135,0
0.9,6.2,0,2.99774,-0.000257066,0
0.9,6.3,0,2.99765,-0.000107751,0
0.9,6.4,0,2.99772,2.17548e-05,0
0.9,6.5,0,2.99773,0.000131251,0
0.9,6.6,0,2.99773,0.000240748,0
0.9,6.7,0,2.99774,0.000417197,0
0.9,6.8,0,2.99773,0.000518732,0
0.9,6.9,0,2.99772,0.000620268,0
0.9,7,0,2.99764,0.000591987,0
0.9,7.1,0,2.99764,0.000763232,0
0.9,7.2,0,2.99762,0.000886005,0
0.9,7.3,0,2.99761,0.00100439,0
0.9,7.4,0,2.99761,0.00112136,0
0.9,7.5,0,2.9976,0.00123762,0
0.9,7.6,0,2.99759,0.00135297,0
0.9,7.7,0,2.99758,0.00146692,0
0.9,7.8,0,2.99757,0.00157985,0
0.9,7.9,0,2.99756,0.00169393,0
0.9,8,0,2.99755,0.00182755,0
0.9,8.1,0,2.99766,0.00231715,0
0.9,8.2,0,2.9977,0.00240936,0
0.9,8.3,0,2.99775,0.00256472,0
0.9,8.4,0,2.99782,0.00267485,0
0.9,8.5,0,2.99779,0.00280359,0
0.9,8.6,0,2.99771,0.00287857,0
0.9,8.7,0,2.99762,0.00264832,0
0.9,8.8,0,2.99763,0.00308124,0
0.9,8.9,0,2.99758,0.00315454,0
0.9,9,0,2.99773,0.00329893,0
0.9,9.1,0,2.99791,0.00339833,0
0.9,9.2,0,2.99792,0.00352391,0
0.9,9.3,0,2.99793,0.00358122,0
0.9,9.4,0,2.99793,0.00350694,0
0.9,9.5,0,2.99767,0.00369562,0
0.9,9.6,0,2.99746,0.00370295,0
0.9,9.7,0,2.99746,0.00378882,0
0.9,9.8,0,2.99744,0.00379958,0
0.9,9.9,0,2.99754,0.00388868,0
0.9,10,0,2.99775,0.00391527,0
0.9,10.1,0,2.99797,0.00394186,0
0.9,10.2,0,2.99803,0.00399751,0
0.9,10.3,0,2.99818,0.00399437,0
0.9,10.4,0,2.99806,0.00402494,0
0.9,10.5,0,2.99798,0.00398311,0
0.9,10.6,0,2.99784,0.00400547,0
0.9,10.7,0,2.99766,0.00393132,0
0.9,10.8,0,2.99748,0.00385716,0
0.9,10.9,0,2.99746,0.00386562,0
0.9,11,0,2.99738,0.00378545,0
0.9,11.1,0,2.99747,0.00379915,0
0.9,11.2,0,2.99753,0.00370805,0
0.9,11.3,0,2.99759,0.00345296,0
0.9,11.4,0,2.99771,0.0035758,0
0.9,11.5,0,2.99783,0.00344861,0
0.9,11.6,0,2.99777,0.00339832,0
0.9,11.7,0,2.99779,0.00323228,0
0.9,11.8,0,2.99761,0.00312064,0
0.9,11.9,0,2.99746,0.00285732,0
0.9,12,0,2.99741,0.00180114,0
0.9,12.1,0,2.99704,0.00248905,0
0.9,12.2,0,2.99686,0.00222909,0
0.9,12.3,0,2.99666,0.0019732,0
0.9,12.4,0,2.99652,0.00153502,0
0.9,12.5,0,2.99646,0.00137286,0
0.9,12.6,0,2.99642,0.00103108,0
0.9,12.7,0,2.99661,-0.000757452,0
1,0,0,2.99422,0.00338649,0
1,0.1,0,2.99338,0.00457655,0
1,0.2,0,2.99357,0.00418902,0
1,0.3,0,2.99376,0.0038015,0
1,0.4,0,2.99509,0.00245183,0
1,0.5,0,2.99614,0.00180765,0
1,0.6,0,2.99719,0.00116346,0
1,0.7,0,2.99842,-0.000317294,0
1,0.8,0,3.00043,-9.85911e-05,0
1,0.9,0,3.0017,-0.000555644,0
1,1,0,3.00297,-0.0010127,0
1,1.1,0,3.00292,-0.00143735,0
1,1.2,0,3.00283,-0.00161067,0
1,1.3,0,3.00275,-0.00178399,0
1,1.4,0,3.00179,-0.00243151,0
1,1.5,0,2.99992,-0.00151993,0
1,1.6,0,2.99854,-0.00131641,0
1,1.7,0,2.99716,-0.00111288,0
1,1.8,0,2.99536,-0.000931859,0
1,1.9,0,2.99422,-0.00079841,0
1,2,0,2.99308,-0.00066496,0
1,2.1,0,2.99353,-0.00144124,0
1,2.2,0,2.99326,-0.00114742,0
1,2.3,0,2.99382,-0.00144768,0
1,2.4,0,2.99438,-0.00174794,0
1,2.5,0,2.99666,-0.00270309,0
1,2.6,0,2.9981,-0.00319021,0
1,2.7,0,2.99953,-0.00367733,0
1,2.8,0,3.00027,-0.00423273,0
1,2.9,0,3.00036,-0.00417901,0
1,3,0,3.0001,-0.00408823,0
1,3.1,0,2.99983,-0.00399744,0
1,3.2,0,2.99733,-0.00334287,0
1,3.3,0,2.99608,-0.00284025,0
1,3.4,0,2.99484,-0.00233764,0
1,3.5,0,2.99481,-0.00230686,0
1,3.6,0,2.99452,-0.00196501,0
1,3.7,0,2.995,-0.00196207,0
1,3.8,0,2.99548,-0.00195912,0
1,3.9,0,2.99736,-0.00245488,0
1,4,0,2.99811,-0.00253948,0
1,4.1,0,2.99887,-0.00262408,0
1,4.2,0,2.99907,-0.00265298,0
1,4.3,0,2.99856,-0.0022141,0
1,4.4,0,2.99815,-0.00197644,0
1,4.5,0,2.99775,-0.00173877,0
1,4.6,0,2.99723,-0.00167103,0
1,4.7,0,2.9971,-0.00157142,0
1,4.8,0,2.99697,-0.00147181,0
1,4.9,0,2.9973,-0.00156578,0
1,5,0,2.99734,-0.00142324,0
1,5.1,0,2.99746,-0.00134838,0
1,5.2,0,2.99758,-0.00127353,0
1,5.3,0,2.99742,-0.00117156,0
1,5.4,0,2.99737,-0.001035,0
1,5.5,0,2.99732,-0.00089845,0
1,5.6,0,2.99752,-0.000868802,0
1,5.7,0,2.99736,-0.000748419,0
1,5.8,0,2.99737,-0.000644819,0
1,5.9,0,2.99737,-0.00054122,0
1,6,0,2.99732,-0.000462482,0
1,6.1,0,2.99731,-0.000335413,0
1,6.2,0,2.99731,-0.000208344,0
1,6.3,0,2.99751,-0.000111259,0
1,6.4,0,2.99734,-3.99648e-05,0
1,6.5,0,2.99734,6.95316e-05,0
1,6.6,0,2.99735,0.000179028,0
1,6.7,0,2.99733,0.000236001,0
1,6.8,0,2.99732,0.000337536,0
1,6.9,0,2.99731,0.000439072,0
1,7,0,2.99751,0.000580495,0
1,7.1,0,2.99751,0.000751663,0
1,7.2,0,2.9975,0.000872846,0
1,7.3,0,2.99749,0.000989884,0
1,7.4,0,2.99748,0.00110522,0
1,7.5,0,2.99747,0.00121958,0
1,7.6,0,2.99747,0.0013328,0
1,7.7,0,2.99746,0.00144441,0
1,7.8,0,2.99745,0.00155477,0
1,7.9,0,2.99744,0.0016657,0
1,8,0,2.99743,0.00179573,0
1,8.1,0,2.99722,0.00171968,0
1,8.2,0,2.99725,0.00181189,0
1,8.3,0,2.99732,0.00187127,0
1,8.4,0,2.99739,0.00198139,0
1,8.5,0,2.99749,0.00205791,0
1,8.6,0,2.99741,0.00213289,0
1,8.7,0,2.99744,0.00231142,0
1,8.8,0,2.99718,0.0022126,0
1,8.9,0,2.99714,0.0022859,0
1,9,0,2.99719,0.00232692,0
1,9.1,0,2.99736,0.00242632,0
1,9.2,0,2.99767,0.00248787,0
1,9.3,0,2.99768,0.00254518,0
1,9.4,0,2.99772,0.00264892,0
1,9.5,0,2.99752,0.00256266,0
1,9.6,0,2.99731,0.00257,0
1,9.7,0,2.99707,0.00249678,0
1,9.8,0,2.99705,0.00250753,0
1,9.9,0,2.99703,0.00244899,0
1,10,0,2.99724,0.00247558,0
1,10.1,0,2.99745,0.00250217,0
1,10.2,0,2.99773,0.00245772,0
1,10.3,0,2.99787,0.00245458,0
1,10.4,0,2.99804,0.0023727,0
1,10.5,0,2.99796,0.00233087,0
1,10.6,0,2.99788,0.00221992,0
1,10.7,0,2.9977,0.00214576,0
1,10.8,0,2.99752,0.00207161,0
1,10.9,0,2.99731,0.00189396,0
1,11,0,2.99723,0.0018138,0
1,11.1,0,2.99713,0.00164242,0
1,11.2,0,2.9972,0.00155132,0
1,11.3,0,2.99736,0.00149232,0
1,11.4,0,2.99741,0.0012335,0
1,11.5,0,2.99753,0.00110631,0
1,11.6,0,2.9977,0.0008509,0
1,11.7,0,2.99771,0.000684857,0
1,11.8,0,2.99776,0.000394083,0
1,11.9,0,2.99762,0.000130764,0
1,12,0,2.9977,0.000250848,0
1,12.1,0,2.99737,-0.000579571,0
1,12.2,0,2.99719,-0.000839529,0
1,12.3,0,2.99706,-0.00127576,0
1,12.4,0,2.99692,-0.00171394,0
1,12.5,0,2.99678,-0.0025059,0
1,12.6,0,2.99674,-0.00284767,0
1,12.7,0,2.99716,-0.00190282,0
1.1,0,0,2.99582,0.00463716,0
1.1,0.1,0,2.99293,0.00898238,0
1.1,0.2,0,2.99312,0.00859486,0
1.1,0.3,0,2.99362,0.00773296,0
1.1,0.4,0,2.99616,0.00495387,0
1.1,0.5,0,2.9971,0.00454583,0
1.1,0.6,0,2.99815,0.00390165,0
1.1,0.7,0,2.99973,0.000747744,0
1.1,0.8,0,3.00322,0.00231796,0
1.1,0.9,0,3.0045,0.0018609,0
1.1,1,0,3.00543,0.00122789,0
1.1,1.1,0,3.00426,0.000615581,0
1.1,1.2,0,3.00433,0.000586945,0
1.1,1.3,0,3.00424,0.000413627,0
1.1,1.4,0,3.00154,-0.0011823,0
1.1,1.5,0,2.99868,0.00114538,0
1.1,1.6,0,2.99731,0.00134891,0
1.1,1.7,0,2.9961,0.00133446,0
1.1,1.8,0,2.99336,0.00153697,0
1.1,1.9,0,2.9919,0.00189198,0
1.1,2,0,2.99076,0.00202543,0
1.1,2.1,0,2.99437,-0.000570322,0
1.1,2.2,0,2.99245,0.000911688,0
1.1,2.3,0,2.99301,0.000611425,0
1.1,2.4,0,2.99387,0.000117357,0
1.1,2.5,0,2.99834,-0.00180029,0
1.1,2.6,0,2.99984,-0.00225402,0
1.1,2.7,0,3.00128,-0.00274114,0
1.1,2.8,0,3.0006,-0.00343309,0
1.1,2.9,0,3.00142,-0.0034535,0
1.1,3,0,3.00116,-0.00336272,0
1.1,3.1,0,3.00066,-0.00325384,0
1.1,3.2,0,2.99516,-0.00198576,0
1.1,3.3,0,2.99365,-0.00139899,0
1.1,3.4,0,2.99241,-0.000896378,0
1.1,3.5,0,2.99479,-0.00180928,0
1.1,3.6,0,2.99296,-0.000789613,0
1.1,3.7,0,2.99344,-0.00078667,0
1.1,3.8,0,2.9942,-0.000914437,0
1.1,3.9,0,2.99825,-0.00219007,0
1.1,4,0,2.99909,-0.00227393,0
1.1,4.1,0,2.99984,-0.00235853,0
1.1,4.2,0,2.99896,-0.00227603,0
1.1,4.3,0,2.99821,-0.00143473,0
1.1,4.4,0,2.99781,-0.00119706,0
1.1,4.5,0,2.99743,-0.00102632,0
1.1,4.6,0,2.99647,-0.00113153,0
1.1,4.7,0,2.99624,-0.000993827,0
1.1,4.8,0,2.99611,-0.000894219,0
1.1,4.9,0,2.99736,-0.00137533,0
1.1,5,0,2.99722,-0.00109741,0
1.1,5.1,0,2.99734,-0.00102256,0
1.1,5.2,0,2.99748,-0.00096822,0
1.1,5.3,0,2.99698,-0.000872639,0
1.1,5.4,0,2.99686,-0.000716639,0
1.1,5.5,0,2.99681,-0.000580085,0
1.1,5.6,0,2.99748,-0.00076425,0
1.1,5.7,0,2.99702,-0.000610301,0
1.1,5.8,0,2.99702,-0.000506701,0
1.1,5.9,0,2.99707,-0.000413359,0
1.1,6,0,2.99694,-0.000397359,0
1.1,6.1,0,2.99687,-0.000270488,0
1.1,6.2,0,2.99686,-0.000143419,0
1.1,6.3,0,2.99749,-0.000106303,0
1.1,6.4,0,2.99696,-0.000111413,0
1.1,6.5,0,2.99696,-1.91651e-06,0
1.1,6.6,0,2.99702,0.000112272,0
1.1,6.7,0,2.99697,8.60277e-05,0
1.1,6.8,0,2.99691,0.000169002,0
1.1,6.9,0,2.9969,0.000270537,0
1.1,7,0,2.9975,0.000491735,0
1.1,7.1,0,2.99751,0.000643722,0
1.1,7.2,0,2.9975,0.000748083,0
1.1,7.3,0,2.9975,0.000849267,0
1.1,7.4,0,2.99749,0.000948334,0
1.1,7.5,0,2.99749,0.00104598,0
1.1,7.6,0,2.99749,0.00114215,0
1.1,7.7,0,2.99748,0.00123638,0
1.1,7.8,0,2.99748,0.00132906,0
1.1,7.9,0,2.99747,0.00142102,0
1.1,8,0,2.99746,0.00152903,0
1.1,8.1,0,2.99676,0.00111648,0
1.1,8.2,0,2.99683,0.00123362,0
1.1,8.3,0,2.9969,0.00117912,0
1.1,8.4,0,2.99696,0.00128924,0
1.1,8.5,0,2.9973,0.00142951,0
1.1,8.6,0,2.99714,0.0013946,0
1.1,8.7,0,2.99752,0.00192075,0
1.1,8.8,0,2.9967,0.00133699,0
1.1,8.9,0,2.99666,0.00141029,0
1.1,9,0,2.99664,0.00135542,0
1.1,9.1,0,2.99681,0.00145482,0
1.1,9.2,0,2.99759,0.00171951,0
1.1,9.3,0,2.99749,0.00151903,0
1.1,9.4,0,2.99785,0.00210763,0
1.1,9.5,0,2.99737,0.00143217,0
1.1,9.6,0,2.99716,0.00143951,0
1.1,9.7,0,2.99663,0.00120141,0
1.1,9.8,0,2.99661,0.00121217,0
1.1,9.9,0,2.99701,0.00156298,0
1.1,10,0,2.99672,0.0010353,0
1.1,10.1,0,2.99756,0.00172551,0
1.1,10.2,0,2.99746,0.000925887,0
1.1,10.3,0,2.9976,0.000922749,0
1.1,10.4,0,2.99804,0.000722077,0
1.1,10.5,0,2.99796,0.000680246,0
1.1,10.6,0,2.99816,0.0013212,0
1.1,10.7,0,2.99775,0.000366583,0
1.1,10.8,0,2.9978,0.000940668,0
1.1,10.9,0,2.99713,-8.25906e-05,0
1.1,11,0,2.99705,-0.000162753,0
1.1,11.1,0,2.99679,-0.000506708,0
1.1,11.2,0,2.99686,-0.000597811,0
1.1,11.3,0,2.99782,0.000526248,0
1.1,11.4,0,2.9971,-0.00110748,0
1.1,11.5,0,2.99762,-0.000597346,0
1.1,11.6,0,2.99765,-0.00168824,0
1.1,11.7,0,2.99766,-0.00185428,0
1.1,11.8,0,2.99793,-0.0023167,0
1.1,11.9,0,2.99779,-0.00258002,0
1.1,12,0,2.99851,-0.000919261,0
1.1,12.1,0,2.9977,-0.0036648,0
1.1,12.2,0,2.99771,-0.00339465,0
1.1,12.3,0,2.99745,-0.00446402,0
1.1,12.4,0,2.99731,-0.0049022,0
1.1,12.5,0,2.99716,-0.00624443,0
1.1,12.6,0,2.99705,-0.00681098,0
1.1,12.7,0,2.99839,-0.00329285,0
1.2,0,0,2.99743,0.00588783,0
1.2,0.1,0,2.99248,0.0133882,0
1.2,0.2,0,2.99267,0.0130007,0
1.2,0.3,0,2.9953,0.00881815,0
1.2,0.4,0,2.99784,0.00603907,0
1.2,0.5,0,2.99806,0.00728402,0
1.2,0.6,0,2.99912,0.00663984,0
1.2,0.7,0,3.00105,0.00181278,0
1.2,0.8,0,3.00602,0.00473451,0
1.2,0.9,0,3.00729,0.00427745,0
1.2,1,0,3.00583,0.00241273,0
1.2,1.1,0,3.00466,0.00180042,0
1.2,1.2,0,3.00582,0.00278456,0
1.2,1.3,0,3.00574,0.00261124,0
1.2,1.4,0,3.00128,6.69007e-05,0
1.2,1.5,0,2.99745,0.00381069,0
1.2,1.6,0,2.99607,0.00401422,0
1.2,1.7,0,2.99604,0.00247396,0
1.2,1.8,0,2.9933,0.00267648,0
1.2,1.9,0,2.98958,0.00458237,0
1.2,2,0,2.98844,0.00471581,0
1.2,2.1,0,2.99521,0.0003006,0
1.2,2.2,0,2.99164,0.00297079,0
1.2,2.3,0,2.9922,0.00267053,0
1.2,2.4,0,2.99511,0.000819822,0
1.2,2.5,0,2.99959,-0.00109782,0
1.2,2.6,0,3.00159,-0.00131783,0
1.2,2.7,0,3.00303,-0.00180495,0
1.2,2.8,0,3.00094,-0.00263345,0
1.2,2.9,0,3.00248,-0.00272799,0
1.2,3,0,3.00222,-0.0026372,0
1.2,3.1,0,3.0001,-0.00240165,0
1.2,3.2,0,2.9946,-0.00113357,0
1.2,3.3,0,2.99122,4.22683e-05,0
1.2,3.4,0,2.98998,0.000544883,0
1.2,3.5,0,2.99478,-0.00131169,0
1.2,3.6,0,2.9914,0.000385785,0
1.2,3.7,0,2.99188,0.000388729,0
1.2,3.8,0,2.99459,-0.000654011,0
1.2,3.9,0,2.99864,-0.00192964,0
1.2,4,0,3.00006,-0.00200839,0
1.2,4.1,0,3.00081,-0.00209299,0
1.2,4.2,0,2.99884,-0.00189909,0
1.2,4.3,0,2.99787,-0.000655356,0
1.2,4.4,0,2.99746,-0.000417692,0
1.2,4.5,0,2.99728,-0.0007154,0
1.2,4.6,0,2.99631,-0.000820607,0
1.2,4.7,0,2.99538,-0.000416233,0
1.2,4.8,0,2.99525,-0.000316626,0
1.2,4.9,0,2.99741,-0.00118488,0
1.2,5,0,2.9971,-0.000771591,0
1.2,5.1,0,2.99722,-0.000696738,0
1.2,5.2,0,2.99746,-0.000785978,0
1.2,5.3,0,2.99696,-0.000690397,0
1.2,5.4,0,2.99635,-0.000398275,0
1.2,5.5,0,2.9963,-0.000261721,0
1.2,5.6,0,2.99745,-0.000659698,0
1.2,5.7,0,2.99667,-0.000472182,0
1.2,5.8,0,2.99667,-0.000368583,0
1.2,5.9,0,2.99705,-0.000347045,0
1.2,6,0,2.99692,-0.000331045,0
1.2,6.1,0,2.99642,-0.000205563,0
1.2,6.2,0,2.99641,-7.84943e-05,0
1.2,6.3,0,2.99747,-0.000101347,0
1.2,6.4,0,2.99658,-0.000182861,0
1.2,6.5,0,2.99658,-7.33646e-05,0
1.2,6.6,0,2.99701,7.36665e-05,0
1.2,6.7,0,2.99696,4.74225e-05,0
1.2,6.8,0,2.9965,4.67538e-07,0
1.2,6.9,0,2.99649,0.000102003,0
1.2,7,0,2.99749,0.000402975,0
1.2,7.1,0,2.99751,0.000535782,0
1.2,7.2,0,2.99751,0.00062332,0
1.2,7.3,0,2.99751,0.000708651,0
1.2,7.4,0,2.99751,0.000791448,0
1.2,7.5,0,2.99751,0.000872392,0
1.2,7.6,0,2.99751,0.000951486,0
1.2,7.7,0,2.99751,0.00102835,0
1.2,7.8,0,2.99751,0.00110336,0
1.2,7.9,0,2.9975,0.00117633,0
1.2,8,0,2.99749,0.00126233,0
1.2,8.1,0,2.9963,0.000513271,0
1.2,8.2,0,2.99685,0.000923437,0
1.2,8.3,0,2.99647,0.000486966,0
1.2,8.4,0,2.99654,0.000597091,0
1.2,8.5,0,2.99732,0.00107382,0
1.2,8.6,0,2.99686,0.000656309,0
1.2,8.7,0,2.9976,0.00153008,0
1.2,8.8,0,2.99622,0.000461376,0
1.2,8.9,0,2.99666,0.00091709,0
1.2,9,0,2.99613,0.000423317,0
1.2,9.1,0,2.99625,0.000483323,0
1.2,9.2,0,2.99763,0.00122016,0
1.2,9.3,0,2.99729,0.000492878,0
1.2,9.4,0,2.99798,0.00156634,0
1.2,9.5,0,2.99722,0.000301682,0
1.2,9.6,0,2.99727,0.000682093,0
1.2,9.7,0,2.99638,0.000103217,0
1.2,9.8,0,2.99617,-8.3192e-05,0
1.2,9.9,0,2.99723,0.000924261,0
1.2,10,0,2.99619,-0.000404991,0
1.2,10.1,0,2.99774,0.00102784,0
1.2,10.2,0,2.99719,-0.000605946,0
1.2,10.3,0,2.99756,-0.000233604,0
1.2,10.4,0,2.99814,-0.000496199,0
1.2,10.5,0,2.99796,-0.000970379,0
1.2,10.6,0,2.99847,0.000527308,0
1.2,10.7,0,2.99779,-0.0014126,0
1.2,10.8,0,2.9982,9.89425e-05,0
1.2,10.9,0,2.99696,-0.00205914,0
1.2,11,0,2.99705,-0.0018423,0
1.2,11.1,0,2.99697,-0.00180724,0
1.2,11.2,0,2.99651,-0.00274694,0
1.2,11.3,0,2.99828,-0.000439827,0
1.2,11.4,0,2.99679,-0.00344846,0
1.2,11.5,0,2.99813,-0.00163597,0
1.2,11.6,0,2.9976,-0.00422737,0
1.2,11.7,0,2.99766,-0.00428628,0
1.2,11.8,0,2.99851,-0.00360559,0
1.2,11.9,0,2.99795,-0.00529079,0
1.2,12,0,2.99933,-0.00208937,0
1.2,12.1,0,2.99803,-0.00675003,0
1.2,12.2,0,2.99871,-0.00463433,0
1.2,12.3,0,2.99784,-0.00765228,0
1.2,12.4,0,2.9977,-0.00809046,0
1.2,12.5,0,2.99834,-0.0075667,0
1.2,12.6,0,2.99736,-0.0107743,0
1.2,12.7,0,2.99962,-0.00468288,0
1.3,0,0,2.99904,0.0071385,0
1.3,0.1,0,2.99365,0.015315,0
1.3,0.2,0,2.99222,0.0174065,0
1.3,0.3,0,2.99698,0.00990335,0
1.3,0.4,0,2.99952,0.00712426,0
1.3,0.5,0,2.99903,0.0100222,0
1.3,0.6,0,3.00035,0.00806341,0
1.3,0.7,0,3.00236,0.00287782,0
1.3,0.8,0,3.00765,0.00608915,0
1.3,0.9,0,3.01008,0.006694,0
1.3,1,0,3.00624,0.00359757,0
1.3,1.1,0,3.00507,0.00298526,0
1.3,1.2,0,3.00732,0.00498217,0
1.3,1.3,0,3.00586,0.00406368,0
1.3,1.4,0,3.00103,0.00131611,0
1.3,1.5,0,2.99699,0.00536335,0
1.3,1.6,0,2.99484,0.00667953,0
1.3,1.7,0,2.99598,0.00361346,0
1.3,1.8,0,2.99325,0.00381598,0
1.3,1.9,0,2.98726,0.00727275,0
1.3,2,0,2.9886,0.00597662,0
1.3,2.1,0,2.99605,0.00117152,0
1.3,2.2,0,2.99212,0.00409633,0
1.3,2.3,0,2.99139,0.00472963,0
1.3,2.4,0,2.99636,0.00152229,0
1.3,2.5,0,3.00084,-0.000395359,0
1.3,2.6,0,3.00334,-0.000381641,0
1.3,2.7,0,3.00367,-0.000976052,0
1.3,2.8,0,3.00128,-0.00183381,0
1.3,2.9,0,3.00298,-0.00194423,0
1.3,3,0,3.00328,-0.00191169,0
1.3,3.1,0,2.99954,-0.00154946,0
1.3,3.2,0,2.99404,-0.000281386,0
1.3,3.3,0,2.98879,0.00148353,0
1.3,3.4,0,2.98945,0.00124469,0
1.3,3.5,0,2.99476,-0.000814105,0
1.3,3.6,0,2.99106,0.00102862,0
1.3,3.7,0,2.99033,0.00156413,0
1.3,3.8,0,2.99497,-0.000393586,0
1.3,3.9,0,2.99903,-0.00166921,0
1.3,4,0,3.00103,-0.00174284,0
1.3,4.1,0,3.00093,-0.00173991,0
1.3,4.2,0,2.99872,-0.00152214,0
1.3,4.3,0,2.9977,-0.000192176,0
1.3,4.4,0,2.99712,0.00036168,0
1.3,4.5,0,2.99712,-0.000404476,0
1.3,4.6,0,2.99616,-0.000509684,0
1.3,4.7,0,2.99452,0.00016136,0
1.3,4.8,0,2.99511,-4.3216e-05,0
1.3,4.9,0,2.99746,-0.000994426,0
1.3,5,0,2.99712,-0.000552133,0
1.3,5.1,0,2.99711,-0.000370915,0
1.3,5.2,0,2.99744,-0.000603735,0
1.3,5.3,0,2.99694,-0.000508154,0
1.3,5.4,0,2.99583,-7.99101e-05,0
1.3,5.5,0,2.99616,-0.000111352,0
1.3,5.6,0,2.99742,-0.000555146,0
1.3,5.7,0,2.99657,-0.000360437,0
1.3,5.8,0,2.99633,-0.000230464,0
1.3,5.9,0,2.99703,-0.000280732,0
1.3,6,0,2.9969,-0.000264732,0
1.3,6.1,0,2.99597,-0.000140639,0
1.3,6.2,0,2.9963,-6.06878e-05,0
1.3,6.3,0,2.99744,-9.63907e-05,0
1.3,6.4,0,2.99648,-0.000194277,0
1.3,6.5,0,2.9962,-0.000144813,0
1.3,6.6,0,2.997,3.50612e-05,0
1.3,6.7,0,2.99695,8.81724e-06,0
1.3,6.8,0,2.99609,-0.000168067,0
1.3,6.9,0,2.9964,-3.8513e-06,0
1.3,7,0,2.99749,0.000314215,0
1.3,7.1,0,2.99751,0.000427841,0
1.3,7.2,0,2.99752,0.000498557,0
1.3,7.3,0,2.99752,0.000568035,0
1.3,7.4,0,2.99752,0.000634562,0
1.3,7.5,0,2.99753,0.000698799,0
1.3,7.6,0,2.99753,0.000760827,0
1.3,7.7,0,2.99753,0.000820324,0
1.3,7.8,0,2.99753,0.00087765,0
1.3,7.9,0,2.99753,0.00093165,0
1.3,8,0,2.99752,0.000995633,0
1.3,8.1,0,2.99585,-8.9935e-05,0
1.3,8.2,0,2.99687,0.000613253,0
1.3,8.3,0,2.99643,0.00012802,0
1.3,8.4,0,2.99641,0.00013044,0
1.3,8.5,0,2.99735,0.000718134,0
1.3,8.6,0,2.99659,-8.19824e-05,0
1.3,8.7,0,2.99768,0.00113941,0
1.3,8.8,0,2.99573,-0.000414237,0
1.3,8.9,0,2.99673,0.000474571,0
1.3,9,0,2.9962,-1.92019e-05,0
1.3,9.1,0,2.99598,-0.000267171,0
1.3,9.2,0,2.99767,0.0007208,0
1.3,9.3,0,2.99709,-0.000533273,0
1.3,9.4,0,2.99811,0.00102505,0
1.3,9.5,0,2.99707,-0.000828807,0
1.3,9.6,0,2.99749,9.95571e-05,0
1.3,9.7,0,2.9966,-0.000479319,0
1.3,9.8,0,2.99591,-0.00120392,0
1.3,9.9,0,2.99744,0.000285541,0
1.3,10,0,2.99567,-0.00184528,0
1.3,10.1,0,2.99791,0.000330183,0
1.3,10.2,0,2.99694,-0.00208453,0
1.3,10.3,0,2.99778,-0.000981101,0
1.3,10.4,0,2.99836,-0.0012437,0
1.3,10.5,0,2.99798,-0.00256632,0
1.3,10.6,0,2.99878,-0.000266586,0
1.3,10.7,0,2.99783,-0.00319177,0
1.3,10.8,0,2.99859,-0.000742782,0
1.3,10.9,0,2.99693,-0.00373388,0
1.3,11,0,2.99748,-0.00274505,0
1.3,11.1,0,2.99741,-0.00271,0
1.3,11.2,0,2.99617,-0.00489607,0
1.3,11.3,0,2.99874,-0.0014059,0
1.3,11.4,0,2.99649,-0.00578944,0
1.3,11.5,0,2.99865,-0.00267459,0
1.3,11.6,0,2.99781,-0.00606414,0
1.3,11.7,0,2.9983,-0.00538673,0
1.3,11.8,0,2.99916,-0.00470604,0
1.3,11.9,0,2.99812,-0.00800157,0
1.3,12,0,3.00014,-0.00325948,0
1.3,12.1,0,2.99836,-0.00983527,0
1.3,12.2,0,2.99971,-0.005874,0
1.3,12.3,0,2.99864,-0.00953457,0
1.3,12.4,0,2.99877,-0.00965094,0
1.3,12.5,0,2.99951,-0.00888896,0
1.3,12.6,0,2.99767,-0.0147376,0
1.3,12.7,0,3.00086,-0.00607291,0
1.4,0,0,3.00064,0.00838918,0
1.4,0.1,0,2.99525,0.0165657,0
1.4,0.2,0,2.99268,0.0203892,0
1.4,0.3,0,2.99866,0.0109885,0
1.4,0.4,0,3.0012,0.00820945,0
1.4,0.5,0,3.0003,0.012052,0
1.4,0.6,0,3.00167,0.00912845,0
1.4,0.7,0,3.00368,0.00394286,0
1.4,0.8,0,3.00897,0.00715419,0
1.4,0.9,0,3.01186,0.00858267,0
1.4,1,0,3.00665,0.00478241,0
1.4,1.1,0,3.00548,0.0041701,0
1.4,1.2,0,3.00835,0.00674574,0
1.4,1.3,0,3.00561,0.00531288,0
1.4,1.4,0,3.00078,0.00256531,0
1.4,1.5,0,2.99674,0.00661256,0
1.4,1.6,0,2.99411,0.00869092,0
1.4,1.7,0,2.99592,0.00475297,0
1.4,1.8,0,2.99319,0.00495548,0
1.4,1.9,0,2.98591,0.00929848,0
1.4,2,0,2.98944,0.00684754,0
1.4,2.1,0,2.99689,0.00204244,0
1.4,2.2,0,2.99296,0.00496725,0
1.4,2.3,0,2.99146,0.00620732,0
1.4,2.4,0,2.99761,0.00222475,0
1.4,2.5,0,3.00208,0.000307106,0
1.4,2.6,0,3.00487,0.000454382,0
1.4,2.7,0,3.004,-0.000176413,0
1.4,2.8,0,3.00161,-0.00103417,0
1.4,2.9,0,3.00331,-0.00114459,0
1.4,3,0,3.00364,-0.00113189,0
1.4,3.1,0,2.99898,-0.000697272,0
1.4,3.2,0,2.99348,0.000570802,0
1.4,3.3,0,2.98716,0.00267233,0
1.4,3.4,0,2.98943,0.00174227,0
1.4,3.5,0,2.99475,-0.000316519,0
1.4,3.6,0,2.99104,0.0015262,0
1.4,3.7,0,2.9896,0.00234739,0
1.4,3.8,0,2.99536,-0.000133161,0
1.4,3.9,0,2.99941,-0.00140879,0
1.4,4,0,3.00176,-0.00147949,0
1.4,4.1,0,3.00081,-0.00136297,0
1.4,4.2,0,2.9986,-0.0011452,0
1.4,4.3,0,2.99758,0.000184768,0
1.4,4.4,0,2.99686,0.000940289,0
1.4,4.5,0,2.99697,-9.35528e-05,0
1.4,4.6,0,2.996,-0.00019876,0
1.4,4.7,0,2.99396,0.000624666,0
1.4,4.8,0,2.99516,0.000147234,0
1.4,4.9,0,2.99752,-0.000803975,0
1.4,5,0,2.99717,-0.000361682,0
1.4,5.1,0,2.99703,-0.000106627,0
1.4,5.2,0,2.99742,-0.000421493,0
1.4,5.3,0,2.99692,-0.000325912,0
1.4,5.4,0,2.99553,0.000180116,0
1.4,5.5,0,2.99613,-6.79981e-06,0
1.4,5.6,0,2.99738,-0.000450594,0
1.4,5.7,0,2.99654,-0.000255886,0
1.4,5.8,0,2.99612,-0.000123119,0
1.4,5.9,0,2.99701,-0.000214418,0
1.4,6,0,2.99687,-0.000198418,0
1.4,6.1,0,2.99571,-7.51186e-05,0
1.4,6.2,0,2.99627,-5.57317e-05,0
1.4,6.3,0,2.99742,-9.14346e-05,0
1.4,6.4,0,2.99646,-0.000189321,0
1.4,6.5,0,2.99598,-0.000202185,0
1.4,6.6,0,2.99698,-3.54399e-06,0
1.4,6.7,0,2.99694,-2.9788e-05,0
1.4,6.8,0,2.99585,-0.000280917,0
1.4,6.9,0,2.99639,-9.26111e-05,0
1.4,7,0,2.99748,0.000225455,0
1.4,7.1,0,2.99751,0.0003199,0
1.4,7.2,0,2.99752,0.000373794,0
1.4,7.3,0,2.99753,0.000427419,0
1.4,7.4,0,2.99754,0.000477677,0
1.4,7.5,0,2.99754,0.000525207,0
1.4,7.6,0,2.99755,0.000570167,0
1.4,7.7,0,2.99755,0.000612296,0
1.4,7.8,0,2.99756,0.000651944,0
1.4,7.9,0,2.99756,0.000686967,0
1.4,8,0,2.99755,0.000728934,0
1.4,8.1,0,2.99561,-0.000539207,0
1.4,8.2,0,2.99688,0.000303069,0
1.4,8.3,0,2.99645,-0.000182164,0
1.4,8.4,0,2.99644,-0.000225249,0
1.4,8.5,0,2.99737,0.000362444,0
1.4,8.6,0,2.99641,-0.00073152,0
1.4,8.7,0,2.99776,0.000748744,0
1.4,8.8,0,2.99562,-0.000969994,0
1.4,8.9,0,2.9968,3.20514e-05,0
1.4,9,0,2.99626,-0.000461721,0
1.4,9.1,0,2.99601,-0.000766526,0
1.4,9.2,0,2.99771,0.000221445,0
1.4,9.3,0,2.99692,-0.00153363,0
1.4,9.4,0,2.99824,0.000483759,0
1.4,9.5,0,2.99717,-0.00145158,0
1.4,9.6,0,2.99772,-0.000482979,0
1.4,9.7,0,2.99682,-0.00106185,0
1.4,9.8,0,2.99612,-0.00184263,0
1.4,9.9,0,2.99765,-0.000353179,0
1.4,10,0,2.99515,-0.00328556,0
1.4,10.1,0,2.99809,-0.000367479,0
1.4,10.2,0,2.99712,-0.0027822,0
1.4,10.3,0,2.99799,-0.0017286,0
1.4,10.4,0,2.99857,-0.00199119,0
1.4,10.5,0,2.99829,-0.00336021,0
1.4,10.6,0,2.99908,-0.00106048,0
1.4,10.7,0,2.99787,-0.00497095,0
1.4,10.8,0,2.99898,-0.00158451,0
1.4,10.9,0,2.99732,-0.0045756,0
1.4,11,0,2.99791,-0.00364781,0
1.4,11.1,0,2.99784,-0.00361276,0
1.4,11.2,0,2.99652,-0.00602576,0
1.4,11.3,0,2.9992,-0.00237198,0
1.4,11.4,0,2.99622,-0.00805728,0
1.4,11.5,0,2.99916,-0.00371321,0
1.4,11.6,0,2.99832,-0.00710276,0
1.4,11.7,0,2.99894,-0.00648719,0
1.4,11.8,0,2.9998,-0.0058065,0
1.4,11.9,0,2.99871,-0.00969617,0
1.4,12,0,3.00096,-0.00442959,0
1.4,12.1,0,2.99881,-0.0124315,0
1.4,12.2,0,3.00072,-0.00711368,0
1.4,12.3,0,2.99964,-0.0107742,0
1.4,12.4,0,2.99995,-0.0109732,0
1.4,12.5,0,3.00068,-0.0102112,0
1.4,12.6,0,2.9984,-0.0175238,0
1.4,12.7,0,3.00209,-0.00746294,0
1.5,0,0,3.00225,0.00963985,0
1.5,0.1,0,2.99686,0.0178163,0
1.5,0.2,0,2.99451,0.0212491,0
1.5,0.3,0,3.00034,0.0120737,0
1.5,0.4,0,3.00288,0.00929465,0
1.5,0.5,0,3.002,0.0130177,0
1.5,0.6,0,3.00298,0.0101935,0
1.5,0.7,0,3.00499,0.00500789,0
1.5,0.8,0,3.01028,0.00821923,0
1.5,0.9,0,3.01216,0.00967098,0
1.5,1,0,3.00705,0.00596724,0
1.5,1.1,0,3.00588,0.00535493,0
1.5,1.2,0,3.00863,0.00786283,0
1.5,1.3,0,3.00536,0.00656209,0
1.5,1.4,0,3.00053,0.00381452,0
1.5,1.5,0,2.99649,0.00786176,0
1.5,1.6,0,2.99412,0.00972928,0
1.5,1.7,0,2.99586,0.00589247,0
1.5,1.8,0,2.99313,0.00609499,0
1.5,1.9,0,2.98607,0.010308,0
1.5,2,0,2.99028,0.00771847,0
1.5,2.1,0,2.99773,0.00291337,0
1.5,2.2,0,2.9938,0.00583817,0
1.5,2.3,0,2.99282,0.00682492,0
1.5,2.4,0,2.99886,0.00292722,0
1.5,2.5,0,3.00333,0.00100957,0
1.5,2.6,0,3.00602,0.00114709,0
1.5,2.7,0,3.00434,0.000623226,0
1.5,2.8,0,3.00195,-0.000234534,0
1.5,2.9,0,3.00365,-0.000344955,0
1.5,3,0,3.00303,-0.000274409,0
1.5,3.1,0,2.99842,0.000154916,0
1.5,3.2,0,2.99292,0.00142299,0
1.5,3.3,0,2.98677,0.00345711,0
1.5,3.4,0,2.98942,0.00223986,0
1.5,3.5,0,2.99473,0.000181067,0
1.5,3.6,0,2.99103,0.00202379,0
1.5,3.7,0,2.9901,0.0025594,0
1.5,3.8,0,2.99575,0.000127265,0
1.5,3.9,0,2.9998,-0.00114836,0
1.5,4,0,3.00207,-0.00121111,0
1.5,4.1,0,3.00069,-0.000986024,0
1.5,4.2,0,2.99848,-0.000768255,0
1.5,4.3,0,2.99746,0.000561713,0
1.5,4.4,0,2.99672,0.00122247,0
1.5,4.5,0,2.99682,0.000217371,0
1.5,4.6,0,2.99585,0.000112163,0
1.5,4.7,0,2.99387,0.000907937,0
1.5,4.8,0,2.99522,0.000337685,0
1.5,4.9,0,2.99757,-0.000613525,0
1.5,5,0,2.99723,-0.000171232,0
1.5,5.1,0,2.99702,6.59457e-05,0
1.5,5.2,0,2.99739,-0.000239251,0
1.5,5.3,0,2.99689,-0.00014367,0
1.5,5.4,0,2.99554,0.000347086,0
1.5,5.5,0,2.9961,9.77521e-05,0
1.5,5.6,0,2.99735,-0.000346042,0
1.5,5.7,0,2.9965,-0.000151334,0
1.5,5.8,0,2.99612,-5.92031e-05,0
1.5,5.9,0,2.99699,-0.000148104,0
1.5,6,0,2.99685,-0.000132104,0
1.5,6.1,0,2.99572,-1.30885e-05,0
1.5,6.2,0,2.99625,-5.07755e-05,0
1.5,6.3,0,2.9974,-8.64785e-05,0
1.5,6.4,0,2.99643,-0.000184365,0
1.5,6.5,0,2.996,-0.000235333,0
1.5,6.6,0,2.99697,-4.21492e-05,0
1.5,6.7,0,2.99693,-6.83932e-05,0
1.5,6.8,0,2.99586,-0.000313824,0
1.5,6.9,0,2.99638,-0.000181371,0
1.5,7,0,2.99747,0.000136696,0
1.5,7.1,0,2.99751,0.00021196,0
1.5,7.2,0,2.99753,0.000249031,0
1.5,7.3,0,2.99754,0.000286803,0
1.5,7.4,0,2.99755,0.000320791,0
1.5,7.5,0,2.99756,0.000351614,0
1.5,7.6,0,2.99757,0.000379508,0
1.5,7.7,0,2.99758,0.000404269,0
1.5,7.8,0,2.99759,0.000426238,0
1.5,7.9,0,2.99759,0.000442284,0
1.5,8,0,2.99759,0.000462236,0
1.5,8.1,0,2.99566,-0.000793436,0
1.5,8.2,0,2.9969,-7.11438e-06,0
1.5,8.3,0,2.99646,-0.000492348,0
1.5,8.4,0,2.99646,-0.000580938,0
1.5,8.5,0,2.99739,6.75502e-06,0
1.5,8.6,0,2.99656,-0.00102857,0
1.5,8.7,0,2.99784,0.000358073,0
1.5,8.8,0,2.9957,-0.00136066,0
1.5,8.9,0,2.99687,-0.000410468,0
1.5,9,0,2.99633,-0.00090424,0
1.5,9.1,0,2.99605,-0.00126588,0
1.5,9.2,0,2.99775,-0.00027791,0
1.5,9.3,0,2.99715,-0.00183955,0
1.5,9.4,0,2.99837,-5.75299e-05,0
1.5,9.5,0,2.9973,-0.00199287,0
1.5,9.6,0,2.99794,-0.00106551,0
1.5,9.7,0,2.99705,-0.00164439,0
1.5,9.8,0,2.99633,-0.00248135,0
1.5,9.9,0,2.99786,-0.000991898,0
1.5,10,0,2.9957,-0.00357366,0
1.5,10.1,0,2.99827,-0.00106514,0
1.5,10.2,0,2.9973,-0.00347986,0
1.5,10.3,0,2.9982,-0.0024761,0
1.5,10.4,0,2.99879,-0.00273869,0
1.5,10.5,0,2.99859,-0.00415411,0
1.5,10.6,0,2.99939,-0.00185438,0
1.5,10.7,0,2.99837,-0.00530324,0
1.5,10.8,0,2.99937,-0.00242623,0
1.5,10.9,0,2.99771,-0.00541733,0
1.5,11,0,2.99835,-0.00455057,0
1.5,11.1,0,2.99827,-0.00451552,0
1.5,11.2,0,2.99698,-0.00699184,0
1.5,11.3,0,2.99966,-0.00333805,0
1.5,11.4,0,2.99705,-0.00844145,0
1.5,11.5,0,2.99967,-0.00475183,0
1.5,11.6,0,2.99883,-0.00814138,0
1.5,11.7,0,2.99958,-0.00758764,0
1.5,11.8,0,3.00044,-0.00690695,0
1.5,11.9,0,2.99953,-0.0108663,0
1.5,12,0,3.00177,-0.0055997,0
1.5,12.1,0,2.99979,-0.0131501,0
1.5,12.2,0,3.00172,-0.00835335,0
1.5,12.3,0,3.00065,-0.0120139,0
1.5,12.4,0,3.00112,-0.0122955,0
1.5,12.5,0,3.00185,-0.0115335,0
1.5,12.6,0,2.99967,-0.0188014,0
1.5,12.7,0,3.00332,-0.00885297,0
1.6,0,0,3.00386,0.0108905,0
1.6,0.1,0,2.99846,0.019067,0
1.6,0.2,0,2.99825,0.0191791,0
1.6,0.3,0,3.00203,0.0131589,0
1.6,0.4,0,3.00456,0.0103798,0
1.6,0.5,0,3.00404,0.0124297,0
1.6,0.6,0,3.0043,0.0112585,0
1.6,0.7,0,3.00631,0.00607293,0
1.6,0.8,0,3.0116,0.00928427,0
1.6,0.9,0,3.01108,0.0095043,0
1.6,1,0,3.00746,0.00715208,0
1.6,1.1,0,3.00629,0.00653977,0
1.6,1.2,0,3.00729,0.00809926,0
1.6,1.3,0,3.00511,0.00781129,0
1.6,1.4,0,3.00028,0.00506372,0
1.6,1.5,0,2.99623,0.00911097,0
1.6,1.6,0,2.99505,0.00945267,0
1.6,1.7,0,2.99581,0.00703198,0
1.6,1.8,0,2.99307,0.00723449,0
1.6,1.9,0,2.98918,0.00962806,0
1.6,2,0,2.99113,0.00858939,0
1.6,2.1,0,2.99857,0.00378429,0
1.6,2.2,0,2.99465,0.00670909,0
1.6,2.3,0,2.99573,0.0063392,0
1.6,2.4,0,3.00011,0.00362968,0
1.6,2.5,0,3.00458,0.00171204,0
1.6,2.6,0,3.00586,0.00171301,0
1.6,2.7,0,3.00468,0.00142287,0
1.6,2.8,0,3.00229,0.000565105,0
1.6,2.9,0,3.00399,0.000454684,0
1.6,3,0,3.00175,0.000651906,0
1.6,3.1,0,2.99786,0.0010071,0
1.6,3.2,0,2.99236,0.00227518,0
1.6,3.3,0,2.98863,0.00336563,0
1.6,3.4,0,2.9894,0.00273744,0
1.6,3.5,0,2.99472,0.000678653,0
1.6,3.6,0,2.99101,0.00252137,0
1.6,3.7,0,2.99203,0.00214202,0
1.6,3.8,0,2.99614,0.00038769,0
1.6,3.9,0,3.00019,-0.000887939,0
1.6,4,0,3.00136,-0.000839284,0
1.6,4.1,0,3.00058,-0.00060908,0
1.6,4.2,0,2.99836,-0.00039131,0
1.6,4.3,0,2.99735,0.000938657,0
1.6,4.4,0,2.99679,0.00113096,0
1.6,4.5,0,2.99666,0.000528294,0
1.6,4.6,0,2.9957,0.000423087,0
1.6,4.7,0,2.99463,0.000831717,0
1.6,4.8,0,2.99527,0.000528135,0
1.6,4.9,0,2.99762,-0.000423075,0
1.6,5,0,2.99728,1.92182e-05,0
1.6,5.1,0,2.99717,0.000112815,0
1.6,5.2,0,2.99737,-5.70086e-05,0
1.6,5.3,0,2.99687,3.85726e-05,0
1.6,5.4,0,2.996,0.000315516,0
1.6,5.5,0,2.99606,0.000202304,0
1.6,5.6,0,2.99732,-0.00024149,0
1.6,5.7,0,2.99647,-4.67816e-05,0
1.6,5.8,0,2.99642,-2.64559e-05,0
1.6,5.9,0,2.99697,-8.17908e-05,0
1.6,6,0,2.99683,-6.57907e-05,0
1.6,6.1,0,2.99612,-6.74348e-06,0
1.6,6.2,0,2.99623,-4.58194e-05,0
1.6,6.3,0,2.99737,-8.15224e-05,0
1.6,6.4,0,2.99641,-0.000179409,0
1.6,6.5,0,2.99634,-0.000197534,0
1.6,6.6,0,2.99696,-8.07545e-05,0
1.6,6.7,0,2.99692,-0.000106998,0
1.6,6.8,0,2.99626,-0.000272655,0
1.6,6.9,0,2.99637,-0.000270131,0
1.6,7,0,2.99746,4.79358e-05,0
1.6,7.1,0,2.99752,0.000104019,0
1.6,7.2,0,2.99754,0.000124268,0
1.6,7.3,0,2.99755,0.000146186,0
1.6,7.4,0,2.99756,0.000163906,0
1.6,7.5,0,2.99758,0.000178021,0
1.6,7.6,0,2.99759,0.000188849,0
1.6,7.7,0,2.9976,0.000196241,0
1.6,7.8,0,2.99761,0.000200532,0
1.6,7.9,0,2.99762,0.000197601,0
1.6,8,0,2.99762,0.000195537,0
1.6,8.1,0,2.99617,-0.000767113,0
1.6,8.2,0,2.99692,-0.000317298,0
1.6,8.3,0,2.99648,-0.000802531,0
1.6,8.4,0,2.99648,-0.000936627,0
1.6,8.5,0,2.99742,-0.000348934,0
1.6,8.6,0,2.99694,-0.00103664,0
1.6,8.7,0,2.99792,-3.25967e-05,0
1.6,8.8,0,2.99625,-0.00138735,0
1.6,8.9,0,2.99694,-0.000852987,0
1.6,9,0,2.9964,-0.00134676,0
1.6,9.1,0,2.99611,-0.00174835,0
1.6,9.2,0,2.99779,-0.000777265,0
1.6,9.3,0,2.99751,-0.00185404,0
1.6,9.4,0,2.9985,-0.000598819,0
1.6,9.5,0,2.99766,-0.0021844,0
1.6,9.6,0,2.99816,-0.00164805,0
1.6,9.7,0,2.99727,-0.00222693,0
1.6,9.8,0,2.9967,-0.00295324,0
1.6,9.9,0,2.99807,-0.00163062,0
1.6,10,0,2.99661,-0.00346976,0
1.6,10.1,0,2.99845,-0.0017628,0
1.6,10.2,0,2.99769,-0.00383542,0
1.6,10.3,0,2.99842,-0.00322359,0
1.6,10.4,0,2.999,-0.00348619,0
1.6,10.5,0,2.99899,-0.00455409,0
1.6,10.6,0,2.99969,-0.00264827,0
1.6,10.7,0,2.99902,-0.00515968,0
1.6,10.8,0,2.99976,-0.00326796,0
1.6,10.9,0,2.99825,-0.00600774,0
1.6,11,0,2.99878,-0.00545333,0
1.6,11.1,0,2.99871,-0.00541827,0
1.6,11.2,0,2.99793,-0.00716235,0
1.6,11.3,0,3.00012,-0.00430413,0
1.6,11.4,0,2.99833,-0.00810517,0
1.6,11.5,0,3.00018,-0.00579045,0
1.6,11.6,0,2.99937,-0.00913409,0
1.6,11.7,0,3.00022,-0.00868809,0
1.6,11.8,0,3.00108,-0.0080074,0
1.6,11.9,0,3.00074,-0.010683,0
1.6,12,0,3.00259,-0.00676981,0
1.6,12.1,0,3.00128,-0.0124746,0
1.6,12.2,0,3.00272,-0.00959303,0
1.6,12.3,0,3.00165,-0.0132536,0
1.6,12.4,0,3.00229,-0.0136177,0
1.6,12.5,0,3.00302,-0.0128558,0
1.6,12.6,0,3.00176,-0.0175504,0
1.6,12.7,0,3.00456,-0.010243,0
1.7,0,0,3.00546,0.0121412,0
1.7,0.1,0,3.00159,0.0179458,0
1.7,0.2,0,3.00199,0.0171091,0
1.7,0.3,0,3.00371,0.0142441,0
1.7,0.4,0,3.00624,0.011465,0
1.7,0.5,0,3.00607,0.0118417,0
1.7,0.6,0,3.00613,0.0111428,0
1.7,0.7,0,3.00762,0.00713797,0
1.7,0.8,0,3.0112,0.00946951,0
1.7,0.9,0,3.01001,0.00933763,0
1.7,1,0,3.00787,0.00833692,0
1.7,1.1,0,3.0067,0.00772461,0
1.7,1.2,0,3.00595,0.00833569,0
1.7,1.3,0,3.00408,0.00833709,0
1.7,1.4,0,3.00003,0.00631293,0
1.7,1.5,0,2.99682,0.00927031,0
1.7,1.6,0,2.99597,0.00917607,0
1.7,1.7,0,2.99575,0.00817148,0
1.7,1.8,0,2.99301,0.008374,0
1.7,1.9,0,2.99228,0.00894809,0
1.7,2,0,2.99358,0.00835254,0
1.7,2.1,0,2.99941,0.00465521,0
1.7,2.2,0,2.99696,0.00661098,0
1.7,2.3,0,2.99863,0.00585348,0
1.7,2.4,0,3.00136,0.00433215,0
1.7,2.5,0,3.00583,0.0024145,0
1.7,2.6,0,3.0057,0.00227892,0
1.7,2.7,0,3.00466,0.00205556,0
1.7,2.8,0,3.00262,0.00136474,0
1.7,2.9,0,3.00316,0.00134481,0
1.7,3,0,3.00046,0.00157822,0
1.7,3.1,0,2.9973,0.00185929,0
1.7,3.2,0,2.99181,0.00312737,0
1.7,3.3,0,2.99049,0.00327414,0
1.7,3.4,0,2.99072,0.00281426,0
1.7,3.5,0,2.9947,0.00117624,0
1.7,3.6,0,2.99239,0.00236541,0
1.7,3.7,0,2.99396,0.00172463,0
1.7,3.8,0,2.99653,0.000648115,0
1.7,3.9,0,3.00058,-0.000627513,0
1.7,4,0,3.00066,-0.00046746,0
1.7,4.1,0,3.00004,-0.000235793,0
1.7,4.2,0,2.99825,-1.43659e-05,0
1.7,4.3,0,2.99736,0.000980995,0
1.7,4.4,0,2.99686,0.00103946,0
1.7,4.5,0,2.99651,0.000839217,0
1.7,4.6,0,2.99554,0.00073401,0
1.7,4.7,0,2.99539,0.000755497,0
1.7,4.8,0,2.99583,0.000528106,0
1.7,4.9,0,2.99768,-0.000232625,0
1.7,5,0,2.9974,0.000107111,0
1.7,5.1,0,2.99732,0.000159685,0
1.7,5.2,0,2.99735,0.000125234,0
1.7,5.3,0,2.99685,0.000220815,0
1.7,5.4,0,2.99646,0.000283946,0
1.7,5.5,0,2.99638,0.000209626,0
1.7,5.6,0,2.99729,-0.000136938,0
1.7,5.7,0,2.99667,6.4812e-06,0
1.7,5.8,0,2.99671,6.29124e-06,0
1.7,5.9,0,2.99695,-1.54772e-05,0
1.7,6,0,2.99681,5.22998e-07,0
1.7,6.1,0,2.99653,-3.98497e-07,0
1.7,6.2,0,2.99651,-3.98713e-05,0
1.7,6.3,0,2.99735,-7.65663e-05,0
1.7,6.4,0,2.99665,-0.000150994,0
1.7,6.5,0,2.99669,-0.000159735,0
1.7,6.6,0,2.99695,-0.00011936,0
1.7,6.7,0,2.9969,-0.000145604,0
1.7,6.8,0,2.99665,-0.000231486,0
1.7,6.9,0,2.99665,-0.000266084,0
1.7,7,0,2.99746,-4.08241e-05,0
1.7,7.1,0,2.99752,-3.92169e-06,0
1.7,7.2,0,2.99754,-4.94866e-07,0
1.7,7.3,0,2.99756,5.57013e-06,0
1.7,7.4,0,2.99758,7.02008e-06,0
1.7,7.5,0,2.9976,4.42847e-06,0
1.7,7.6,0,2.99761,-1.81042e-06,0
1.7,7.7,0,2.99762,-1.17862e-05,0
1.7,7.8,0,2.99764,-2.5174e-05,0
1.7,7.9,0,2.99765,-4.70817e-05,0
1.7,8,0,2.99765,-7.11618e-05,0
1.7,8.1,0,2.99667,-0.00074079,0
1.7,8.2,0,2.99693,-0.000627482,0
1.7,8.3,0,2.99678,-0.000901531,0
1.7,8.4,0,2.99687,-0.000975365,0
1.7,8.5,0,2.99744,-0.000704624,0
1.7,8.6,0,2.99732,-0.00104471,0
1.7,8.7,0,2.998,-0.000423267,0
1.7,8.8,0,2.99688,-0.00134493,0
1.7,8.9,0,2.997,-0.00129551,0
1.7,9,0,2.99672,-0.00158837,0
1.7,9.1,0,2.99677,-0.00171873,0
1.7,9.2,0,2.99783,-0.00127662,0
1.7,9.3,0,2.99788,-0.00186853,0
1.7,9.4,0,2.99863,-0.00114011,0
1.7,9.5,0,2.99817,-0.00217774,0
1.7,9.6,0,2.99839,-0.00223059,0
1.7,9.7,0,2.99764,-0.00266277,0
1.7,9.8,0,2.99757,-0.00287914,0
1.7,9.9,0,2.99829,-0.00226934,0
1.7,10,0,2.99753,-0.00336585,0
1.7,10.1,0,2.99863,-0.00246046,0
1.7,10.2,0,2.99836,-0.00374874,0
1.7,10.3,0,2.99864,-0.00395334,0
1.7,10.4,0,2.99922,-0.00421546,0
1.7,10.5,0,2.99951,-0.00444485,0
1.7,10.6,0,3,-0.00344217,0
1.7,10.7,0,2.99968,-0.00501613,0
1.7,10.8,0,3.00015,-0.00410968,0
1.7,10.9,0,2.99925,-0.00577567,0
1.7,11,0,2.99934,-0.00610256,0
1.7,11.1,0,2.99914,-0.00632103,0
1.7,11.2,0,2.99917,-0.00688206,0
1.7,11.3,0,3.00059,-0.00527021,0
1.7,11.4,0,2.99961,-0.00776889,0
1.7,11.5,0,3.00069,-0.00682907,0
1.7,11.6,0,3.00057,-0.00873402,0
1.7,11.7,0,3.0011,-0.00915003,0
1.7,11.8,0,3.00172,-0.00910786,0
1.7,11.9,0,3.00203,-0.0102428,0
1.7,12,0,3.0034,-0.00793992,0
1.7,12.1,0,3.00277,-0.0117992,0
1.7,12.2,0,3.00373,-0.0108327,0
1.7,12.3,0,3.0033,-0.0129449,0
1.7,12.4,0,3.00385,-0.0137169,0
1.7,12.5,0,3.0042,-0.014178,0
1.7,12.6,0,3.00386,-0.0162994,0
1.7,12.7,0,3.00579,-0.011633,0
1.8,0,0,3.00707,0.0133919,0
1.8,0.1,0,3.00533,0.0158758,0
1.8,0.2,0,3.00573,0.0150391,0
1.8,0.3,0,3.00612,0.0142025,0
1.8,0.4,0,3.00805,0.0119527,0
1.8,0.5,0,3.00811,0.0112538,0
1.8,0.6,0,3.00816,0.0105549,0
1.8,0.7,0,3.00894,0.00820301,0
1.8,0.8,0,3.01013,0.00930284,0
1.8,0.9,0,3.00894,0.00917096,0
1.8,1,0,3.00774,0.00903908,0
1.8,1.1,0,3.00648,0.00857073,0
1.8,1.2,0,3.00461,0.00857212,0
1.8,1.3,0,3.00274,0.00857352,0
1.8,1.4,0,2.99978,0.00756213,0
1.8,1.5,0,2.99775,0.0089937,0
1.8,1.6,0,2.99689,0.00889947,0
1.8,1.7,0,2.99604,0.00880523,0
1.8,1.8,0,2.99409,0.00886369,0
1.8,1.9,0,2.99539,0.00826813,0
1.8,2,0,2.99669,0.00767257,0
1.8,2.1,0,3.00025,0.00552613,0
1.8,2.2,0,2.99986,0.00612527,0
1.8,2.3,0,3.00153,0.00536776,0
1.8,2.4,0,3.0032,0.00461026,0
1.8,2.5,0,3.00658,0.0030682,0
1.8,2.6,0,3.00554,0.00284483,0
1.8,2.7,0,3.0045,0.00262147,0
1.8,2.8,0,3.00296,0.00216438,0
1.8,2.9,0,3.00188,0.00227112,0
1.8,3,0,2.99918,0.00250454,0
1.8,3.1,0,2.99648,0.00273795,0
1.8,3.2,0,2.99211,0.00364253,0
1.8,3.3,0,2.99235,0.00318265,0
1.8,3.4,0,2.99258,0.00272277,0
1.8,3.5,0,2.99469,0.00167382,0
1.8,3.6,0,2.99432,0.00194802,0
1.8,3.7,0,2.99589,0.00130724,0
1.8,3.8,0,2.99747,0.000666465,0
1.8,3.9,0,3.00058,-0.000327303,0
1.8,4,0,2.99996,-9.56354e-05,0
1.8,4.1,0,2.99934,0.000136032,0
1.8,4.2,0,2.99813,0.000362579,0
1.8,4.3,0,2.99744,0.000889491,0
1.8,4.4,0,2.99694,0.000947954,0
1.8,4.5,0,2.99644,0.00100642,0
1.8,4.6,0,2.99572,0.000906668,0
1.8,4.7,0,2.99615,0.000679277,0
1.8,4.8,0,2.99659,0.000451887,0
1.8,4.9,0,2.99773,-4.21743e-05,0
1.8,5,0,2.99755,0.00015398,0
1.8,5.1,0,2.99747,0.000206555,0
1.8,5.2,0,2.99739,0.000259129,0
1.8,5.3,0,2.997,0.000326696,0
1.8,5.4,0,2.99692,0.000252376,0
1.8,5.5,0,2.99684,0.000178056,0
1.8,5.6,0,2.99725,-3.23864e-05,0
1.8,5.7,0,2.99696,3.92284e-05,0
1.8,5.8,0,2.997,3.90384e-05,0
1.8,5.9,0,2.99704,3.88485e-05,0
1.8,6,0,2.99695,4.54193e-05,0
1.8,6.1,0,2.99693,5.94649e-06,0
1.8,6.2,0,2.99692,-3.35263e-05,0
1.8,6.3,0,2.99733,-7.16102e-05,0
1.8,6.4,0,2.997,-0.000113195,0
1.8,6.5,0,2.99703,-0.000121936,0
1.8,6.6,0,2.99707,-0.000130678,0
1.8,6.7,0,2.99704,-0.000155718,0
1.8,6.8,0,2.99704,-0.000190316,0
1.8,6.9,0,2.99705,-0.000224915,0
1.8,7,0,2.99745,-0.000129584,0
1.8,7.1,0,2.99752,-0.000111862,0
1.8,7.2,0,2.99755,-0.000125258,0
1.8,7.3,0,2.99757,-0.000135046,0
1.8,7.4,0,2.99759,-0.000149866,0
1.8,7.5,0,2.99761,-0.000169164,0
1.8,7.6,0,2.99763,-0.00019247,0
1.8,7.7,0,2.99765,-0.000219814,0
1.8,7.8,0,2.99767,-0.00025088,0
1.8,7.9,0,2.99768,-0.000291765,0
1.8,8,0,2.99768,-0.000337861,0
1.8,8.1,0,2.99718,-0.000714467,0
1.8,8.2,0,2.99715,-0.000798051,0
1.8,8.3,0,2.99724,-0.000875253,0
1.8,8.4,0,2.99734,-0.000949086,0
1.8,8.5,0,2.99754,-0.000986351,0
1.8,8.6,0,2.99769,-0.00105278,0
1.8,8.7,0,2.99808,-0.000813937,0
1.8,8.8,0,2.99751,-0.0013025,0
1.8,8.9,0,2.99742,-0.00143881,0
1.8,9,0,2.99739,-0.00155874,0
1.8,9.1,0,2.99744,-0.00168911,0
1.8,9.2,0,2.99787,-0.00177082,0
1.8,9.3,0,2.99824,-0.00188302,0
1.8,9.4,0,2.99876,-0.0016814,0
1.8,9.5,0,2.99867,-0.00217108,0
1.8,9.6,0,2.99884,-0.00233048,0
1.8,9.7,0,2.99851,-0.00258866,0
1.8,9.8,0,2.99844,-0.00280503,0
1.8,9.9,0,2.9985,-0.00290806,0
1.8,10,0,2.99844,-0.00326195,0
1.8,10.1,0,2.99881,-0.00315813,0
1.8,10.2,0,2.99902,-0.00366207,0
1.8,10.3,0,2.99931,-0.00386667,0
1.8,10.4,0,2.99974,-0.00410622,0
1.8,10.5,0,3.00003,-0.00433562,0
1.8,10.6,0,3.00031,-0.00423606,0
1.8,10.7,0,3.00033,-0.00487257,0
1.8,10.8,0,3.00054,-0.00495141,0
1.8,10.9,0,3.00025,-0.0055436,0
1.8,11,0,3.00034,-0.00587049,0
1.8,11.1,0,3.00023,-0.00625469,0
1.8,11.2,0,3.00041,-0.00660176,0
1.8,11.3,0,3.00105,-0.00623628,0
1.8,11.4,0,3.00089,-0.00743261,0
1.8,11.5,0,3.00121,-0.00785306,0
1.8,11.6,0,3.00177,-0.00833396,0
1.8,11.7,0,3.0023,-0.00874996,0
1.8,11.8,0,3.00276,-0.00925768,0
1.8,11.9,0,3.00332,-0.00980259,0
1.8,12,0,3.00422,-0.00911003,0
1.8,12.1,0,3.00426,-0.0111237,0
1.8,12.2,0,3.00483,-0.0116649,0
1.8,12.3,0,3.00509,-0.0123186,0
1.8,12.4,0,3.00564,-0.0130906,0
1.8,12.5,0,3.00575,-0.0144327,0
1.8,12.6,0,3.00596,-0.0150484,0
1.8,12.7,0,3.00702,-0.0130231,0
1.9,0,0,3.00868,0.0146425,0
1.9,0.1,0,3.00907,0.0138059,0
1.9,0.2,0,3.00947,0.0129692,0
1.9,0.3,0,3.00986,0.0121325,0
1.9,0.4,0,3.01009,0.0113647,0
1.9,0.5,0,3.01014,0.0106658,0
1.9,0.6,0,3.0102,0.00996693,0
1.9,0.7,0,3.01025,0.00926805,0
1.9,0.8,0,3.00906,0.00913616,0
1.9,0.9,0,3.00787,0.00900428,0
1.9,1,0,3.00667,0.0088724,0
1.9,1.1,0,3.00514,0.00880716,0
1.9,1.2,0,3.00327,0.00880855,0
1.9,1.3,0,3.0014,0.00880994,0
1.9,1.4,0,2.99953,0.00881134,0
1.9,1.5,0,2.99867,0.0087171,0
1.9,1.6,0,2.99782,0.00862286,0
1.9,1.7,0,2.99697,0.00852863,0
1.9,1.8,0,2.99719,0.00818373,0
1.9,1.9,0,2.99849,0.00758817,0
1.9,2,0,2.99979,0.00699261,0
1.9,2.1,0,3.00109,0.00639705,0
1.9,2.2,0,3.00276,0.00563955,0
1.9,2.3,0,3.00443,0.00488205,0
1.9,2.4,0,3.0061,0.00412455,0
1.9,2.5,0,3.00642,0.00363411,0
1.9,2.6,0,3.00538,0.00341075,0
1.9,2.7,0,3.00434,0.00318739,0
1.9,2.8,0,3.0033,0.00296402,0
1.9,2.9,0,3.0006,0.00319744,0
1.9,3,0,2.9979,0.00343085,0
1.9,3.1,0,2.9952,0.00366427,0
1.9,3.2,0,2.99397,0.00355104,0
1.9,3.3,0,2.9942,0.00309116,0
1.9,3.4,0,2.99444,0.00263129,0
1.9,3.5,0,2.99467,0.00217141,0
1.9,3.6,0,2.99625,0.00153063,0
1.9,3.7,0,2.99782,0.000889855,0
1.9,3.8,0,2.9994,0.000249077,0
1.9,3.9,0,2.99987,4.45218e-05,0
1.9,4,0,2.99925,0.000276189,0
1.9,4.1,0,2.99863,0.000507856,0
1.9,4.2,0,2.99801,0.000739523,0
1.9,4.3,0,2.99751,0.000797986,0
1.9,4.4,0,2.99701,0.000856449,0
1.9,4.5,0,2.99651,0.000914912,0
1.9,4.6,0,2.99648,0.000830448,0
1.9,4.7,0,2.99691,0.000603057,0
1.9,4.8,0,2.99735,0.000375667,0
1.9,4.9,0,2.99779,0.000148276,0
1.9,5,0,2.99771,0.00020085,0
1.9,5.1,0,2.99763,0.000253424,0
1.9,5.2,0,2.99754,0.000305998,0
1.9,5.3,0,2.99746,0.000295125,0
1.9,5.4,0,2.99738,0.000220805,0
1.9,5.5,0,2.9973,0.000146485,0
1.9,5.6,0,2.99722,7.21655e-05,0
1.9,5.7,0,2.99726,7.19755e-05,0
1.9,5.8,0,2.9973,7.17856e-05,0
1.9,5.9,0,2.99734,7.15956e-05,0
1.9,6,0,2.99735,5.17643e-05,0
1.9,6.1,0,2.99733,1.22915e-05,0
1.9,6.2,0,2.99732,-2.71813e-05,0
1.9,6.3,0,2.99731,-6.66541e-05,0
1.9,6.4,0,2.99734,-7.53956e-05,0
1.9,6.5,0,2.99737,-8.41372e-05,0
1.9,6.6,0,2.99741,-9.28787e-05,0
1.9,6.7,0,2.99743,-0.000114549,0
1.9,6.8,0,2.99743,-0.000149147,0
1.9,6.9,0,2.99744,-0.000183745,0
1.9,7,0,2.99744,-0.000218344,0
1.9,7.1,0,2.99752,-0.000219803,0
1.9,7.2,0,2.99756,-0.000250021,0
1.9,7.3,0,2.99758,-0.000275662,0
1.9,7.4,0,2.99761,-0.000306751,0
1.9,7.5,0,2.99763,-0.000342757,0
1.9,7.6,0,2.99765,-0.000383129,0
1.9,7.7,0,2.99767,-0.000427841,0
1.9,7.8,0,2.99769,-0.000476586,0
1.9,7.9,0,2.99771,-0.000536448,0
1.9,8,0,2.99771,-0.000604559,0
1.9,8.1,0,2.99768,-0.000688144,0
1.9,8.2,0,2.99766,-0.000771728,0
1.9,8.3,0,2.99771,-0.000848974,0
1.9,8.4,0,2.9978,-0.000922807,0
1.9,8.5,0,2.99792,-0.000994419,0
1.9,8.6,0,2.99807,-0.00106085,0
1.9,8.7,0,2.99822,-0.00112727,0
1.9,8.8,0,2.99815,-0.00126008,0
1.9,8.9,0,2.99805,-0.00139638,0
1.9,9,0,2.99805,-0.00152912,0
1.9,9.1,0,2.9981,-0.00165948,0
1.9,9.2,0,2.99823,-0.00178531,0
1.9,9.3,0,2.99861,-0.00189752,0
1.9,9.4,0,2.99898,-0.00200973,0
1.9,9.5,0,2.99917,-0.00216441,0
1.9,9.6,0,2.99934,-0.00232382,0
1.9,9.7,0,2.99938,-0.00251455,0
1.9,9.8,0,2.99932,-0.00273092,0
1.9,9.9,0,2.99928,-0.00294636,0
1.9,10,0,2.99935,-0.00315804,0
1.9,10.1,0,2.99943,-0.00336973,0
1.9,10.2,0,2.99969,-0.00357539,0
1.9,10.3,0,2.99997,-0.00377999,0
1.9,10.4,0,3.00026,-0.00399699,0
1.9,10.5,0,3.00055,-0.00422639,0
1.9,10.6,0,3.00082,-0.0044615,0
1.9,10.7,0,3.00098,-0.00472901,0
1.9,10.8,0,3.00115,-0.00499652,0
1.9,10.9,0,3.00125,-0.00531153,0
1.9,11,0,3.00134,-0.00563842,0
1.9,11.1,0,3.00147,-0.00597439,0
1.9,11.2,0,3.00165,-0.00632146,0
1.9,11.3,0,3.00184,-0.00667587,0
1.9,11.4,0,3.00217,-0.00709632,0
1.9,11.5,0,3.00249,-0.00751678,0
1.9,11.6,0,3.00297,-0.00793389,0
1.9,11.7,0,3.0035,-0.0083499,0
1.9,11.8,0,3.00405,-0.00881747,0
1.9,11.9,0,3.00461,-0.00936238,0
1.9,12,0,3.00517,-0.0099071,0
1.9,12.1,0,3.00574,-0.0104483,0
1.9,12.2,0,3.00632,-0.0109895,0
1.9,12.3,0,3.00688,-0.0116923,0
1.9,12.4,0,3.00742,-0.0124643,0
1.9,12.5,0,3.00785,-0.0131816,0
1.9,12.6,0,3.00805,-0.0137974,0
1.9,12.7,0,3.00826,-0.0144131,0
2,0,0,3.00894,0.00841518,0
2,0.1,0,3.01252,0.0123524,0
2,0.2,0,3.01291,0.0115157,0
2,0.3,0,3.01331,0.010679,0
2,0.4,0,3.01267,0.0100587,0
2,0.5,0,3.01272,0.00935984,0
2,0.6,0,3.01278,0.00866095,0
2,0.7,0,3.00973,0.00444942,0
2,0.8,0,3.00836,0.00926973,0
2,0.9,0,3.00717,0.00913784,0
2,1,0,3.00598,0.00900596,0
2,1.1,0,3.00392,0.00864515,0
2,1.2,0,3.00205,0.00864655,0
2,1.3,0,3.00018,0.00864794,0
2,1.4,0,2.99981,0.00455023,0
2,1.5,0,2.99872,0.0089094,0
2,1.6,0,2.99787,0.00881516,0
2,1.7,0,2.99702,0.00872092,0
2,1.8,0,2.99958,0.00740426,0
2,1.9,0,3.00088,0.0068087,0
2,2,0,3.00218,0.00621314,0
2,2.1,0,3.00158,0.00280751,0
2,2.2,0,3.00611,0.00537267,0
2,2.3,0,3.00778,0.00461516,0
2,2.4,0,3.00945,0.00385766,0
2,2.5,0,3.00781,0.00358762,0
2,2.6,0,3.00677,0.00336425,0
2,2.7,0,3.00573,0.00314089,0
2,2.8,0,3.0029,0.000518545,0
2,2.9,0,2.99898,0.00439959,0
2,3,0,2.99628,0.004633,0
2,3.1,0,2.99358,0.00486642,0
2,3.2,0,2.99399,0.00369456,0
2,3.3,0,2.99423,0.00323469,0
2,3.4,0,2.99446,0.00277481,0
2,3.5,0,2.99574,-3.10505e-05,0
2,3.6,0,2.99903,0.00101153,0
2,3.7,0,3.0006,0.00037075,0
2,3.8,0,3.00217,-0.000270028,0
2,3.9,0,2.99994,-0.00012479,0
2,4,0,2.99932,0.000106877,0
2,4.1,0,2.9987,0.000338544,0
2,4.2,0,2.99779,-0.000740801,0
2,4.3,0,2.99672,0.00137524,0
2,4.4,0,2.99622,0.00143371,0
2,4.5,0,2.99572,0.00149217,0
2,4.6,0,2.99741,0.000296097,0
2,4.7,0,2.99784,6.87059e-05,0
2,4.8,0,2.99828,-0.000158685,0
2,4.9,0,2.99785,-0.000893585,0
2,5,0,2.99807,0.000499562,0
2,5.1,0,2.99799,0.000552136,0
2,5.2,0,2.99791,0.00060471,0
2,5.3,0,2.99771,0.000105214,0
2,5.4,0,2.99763,3.08941e-05,0
2,5.5,0,2.99755,-4.34258e-05,0
2,5.6,0,2.99727,-0.000471483,0
2,5.7,0,2.99767,0.000208442,0
2,5.8,0,2.99771,0.000208252,0
2,5.9,0,2.99775,0.000208062,0
2,6,0,2.99767,-1.66644e-05,0
2,6.1,0,2.99766,-5.61372e-05,0
2,6.2,0,2.99764,-9.561e-05,0
2,6.3,0,2.99732,-8.86667e-05,0
2,6.4,0,2.99773,1.45329e-05,0
2,6.5,0,2.99776,5.7914e-06,0
2,6.6,0,2.9978,-2.95014e-06,0
2,6.7,0,2.9978,-0.000106457,0
2,6.8,0,2.99781,-0.000141055,0
2,6.9,0,2.99781,-0.000175653,0
2,7,0,2.99745,0.000240575,0
2,7.1,0,2.99753,0.000359267,0
2,7.2,0,2.99756,0.000402204,0
2,7.3,0,2.9976,0.000450938,0
2,7.4,0,2.99763,0.000494022,0
2,7.5,0,2.99765,0.000532107,0
2,7.6,0,2.99768,0.000565805,0
2,7.7,0,2.99771,0.000595262,0
2,7.8,0,2.99774,0.000621028,0
2,7.9,0,2.99777,0.000634812,0
2,8,0,2.99778,0.000665291,0
2,8.1,0,2.9982,-0.000634676,0
2,8.2,0,2.99817,-0.00071826,0
2,8.3,0,2.9981,-0.000854664,0
2,8.4,0,2.9982,-0.000928498,0
2,8.5,0,2.99834,-0.000974182,0
2,8.6,0,2.99849,-0.00104061,0
2,8.7,0,2.99837,0.000278916,0
2,8.8,0,2.99886,-0.00121139,0
2,8.9,0,2.99876,-0.00134769,0
2,9,0,2.99856,-0.0015087,0
2,9.1,0,2.99861,-0.00163906,0
2,9.2,0,2.99858,-0.00179958,0
2,9.3,0,2.99896,-0.00191179,0
2,9.4,0,2.99918,-0.000653095,0
2,9.5,0,2.99979,-0.00213462,0
2,9.6,0,2.99996,-0.00229402,0
2,9.7,0,3.00026,-0.00243539,0
2,9.8,0,3.00019,-0.00265176,0
2,9.9,0,2.99999,-0.00235572,0
2,10,0,3.00019,-0.00306151,0
2,10.1,0,3.00002,-0.00217925,0
2,10.2,0,3.00032,-0.00348486,0
2,10.3,0,3.00061,-0.00368946,0
2,10.4,0,3.00081,-0.00387935,0
2,10.5,0,3.0011,-0.00410875,0
2,10.6,0,3.00131,-0.00307975,0
2,10.7,0,3.00168,-0.004575,0
2,10.8,0,3.00174,-0.00420492,0
2,10.9,0,3.00225,-0.00506054,0
2,11,0,3.00234,-0.00538743,0
2,11.1,0,3.00267,-0.00570303,0
2,11.2,0,3.00285,-0.00605011,0
2,11.3,0,3.00251,-0.00417308,0
2,11.4,0,3.00341,-0.0067148,0
2,11.5,0,3.00374,-0.00713525,0
2,11.6,0,3.00411,-0.00758127,0
2,11.7,0,3.00464,-0.00799728,0
2,11.8,0,3.00538,-0.00826604,0
2,11.9,0,3.00594,-0.00881094,0
2,12,0,3.00569,-0.00595338,0
2,12.1,0,3.00718,-0.00988589,0
2,12.2,0,3.00775,-0.0104271,0
2,12.3,0,3.00873,-0.0108387,0
2,12.4,0,3.00928,-0.0116107,0
2,12.5,0,3.01005,-0.0122353,0
2,12.6,0,3.01025,-0.012851,0
2,12.7,0,3.00852,-0.00841404,0
2.1,0,0,3.00921,0.00218781,0
2.1,0.1,0,3.01596,0.0108989,0
2.1,0.2,0,3.01636,0.0100622,0
2.1,0.3,0,3.01447,0.00660084,0
2.1,0.4,0,3.01351,0.00603321,0
2.1,0.5,0,3.0153,0.00805385,0
2.1,0.6,0,3.01535,0.00735496,0
2.1,0.7,0,3.00921,-0.0003692,0
2.1,0.8,0,3.00767,0.00940329,0
2.1,0.9,0,3.00647,0.00927141,0
2.1,1,0,3.00553,0.00613671,0
2.1,1.1,0,3.00329,0.00567033,0
2.1,1.2,0,3.00083,0.00848454,0
2.1,1.3,0,2.99896,0.00848593,0
2.1,1.4,0,3.0001,0.000289119,0
2.1,1.5,0,2.99878,0.00910169,0
2.1,1.6,0,2.99792,0.00900746,0
2.1,1.7,0,2.99751,0.00618219,0
2.1,1.8,0,3.00091,0.00451847,0
2.1,1.9,0,3.00327,0.00602923,0
2.1,2,0,3.00457,0.00543368,0
2.1,2.1,0,3.00206,-0.000782041,0
2.1,2.2,0,3.00945,0.00510578,0
2.1,2.3,0,3.01112,0.00434828,0
2.1,2.4,0,3.01044,0.00187125,0
2.1,2.5,0,3.00811,0.00167992,0
2.1,2.6,0,3.00817,0.00331776,0
2.1,2.7,0,3.00713,0.0030944,0
2.1,2.8,0,3.0025,-0.00192693,0
2.1,2.9,0,2.99737,0.00560174,0
2.1,3,0,2.99467,0.00583515,0
2.1,3.1,0,2.99348,0.00377458,0
2.1,3.2,0,2.99448,0.00222465,0
2.1,3.3,0,2.99425,0.00337821,0
2.1,3.4,0,2.99449,0.00291834,0
2.1,3.5,0,2.9968,-0.00223351,0
2.1,3.6,0,3.0018,0.000492422,0
2.1,3.7,0,3.00338,-0.000148355,0
2.1,3.8,0,3.00314,-0.00153027,0
2.1,3.9,0,2.99994,-0.0012601,0
2.1,4,0,2.99939,-6.24354e-05,0
2.1,4.1,0,2.99877,0.000169232,0
2.1,4.2,0,2.99757,-0.00222113,0
2.1,4.3,0,2.99593,0.0019525,0
2.1,4.4,0,2.99543,0.00201096,0
2.1,4.5,0,2.99561,0.000805957,0
2.1,4.6,0,2.99791,-0.000787117,0
2.1,4.7,0,2.99877,-0.000465646,0
2.1,4.8,0,2.99921,-0.000693036,0
2.1,4.9,0,2.99791,-0.00193545,0
2.1,5,0,2.99843,0.000798273,0
2.1,5.1,0,2.99835,0.000850847,0
2.1,5.2,0,2.99803,0.000198842,0
2.1,5.3,0,2.99779,-0.000475162,0
2.1,5.4,0,2.99788,-0.000159017,0
2.1,5.5,0,2.9978,-0.000233337,0
2.1,5.6,0,2.99732,-0.00101513,0
2.1,5.7,0,2.99809,0.000344908,0
2.1,5.8,0,2.99813,0.000344718,0
2.1,5.9,0,2.9979,7.70086e-05,0
2.1,6,0,2.99779,-0.000220894,0
2.1,6.1,0,2.99798,-0.000124566,0
2.1,6.2,0,2.99797,-0.000164039,0
2.1,6.3,0,2.99734,-0.000110679,0
2.1,6.4,0,2.99812,0.000104462,0
2.1,6.5,0,2.99815,9.572e-05,0
2.1,6.6,0,2.99793,0.000184932,0
2.1,6.7,0,2.99793,5.21979e-05,0
2.1,6.8,0,2.99818,-0.000132963,0
2.1,6.9,0,2.99818,-0.000167561,0
2.1,7,0,2.99746,0.000699494,0
2.1,7.1,0,2.99753,0.000938336,0
2.1,7.2,0,2.99757,0.00105443,0
2.1,7.3,0,2.99761,0.00117754,0
2.1,7.4,0,2.99764,0.0012948,0
2.1,7.5,0,2.99768,0.00140697,0
2.1,7.6,0,2.99771,0.00151474,0
2.1,7.7,0,2.99775,0.00161836,0
2.1,7.8,0,2.99778,0.00171864,0
2.1,7.9,0,2.99782,0.00180607,0
2.1,8,0,2.99785,0.00193514,0
2.1,8.1,0,2.99872,-0.000581208,0
2.1,8.2,0,2.99844,0.000138343,0
2.1,8.3,0,2.99849,-0.000860355,0
2.1,8.4,0,2.99859,-0.000934188,0
2.1,8.5,0,2.99848,0.000282027,0
2.1,8.6,0,2.99891,-0.00102037,0
2.1,8.7,0,2.99844,0.00203621,0
2.1,8.8,0,2.99957,-0.0011627,0
2.1,8.9,0,2.99926,-0.00057314,0
2.1,9,0,2.99908,-0.00148828,0
2.1,9.1,0,2.99913,-0.00161864,0
2.1,9.2,0,2.99875,0.000294292,0
2.1,9.3,0,2.99931,-0.00192606,0
2.1,9.4,0,2.99929,0.00163379,0
2.1,9.5,0,3.0004,-0.00210483,0
2.1,9.6,0,3.00048,-0.00182229,0
2.1,9.7,0,3.00113,-0.00235624,0
2.1,9.8,0,3.00107,-0.00257261,0
2.1,9.9,0,3.00018,0.000321155,0
2.1,10,0,3.00103,-0.00296497,0
2.1,10.1,0,3.00024,0.000696507,0
2.1,10.2,0,3.00096,-0.00339432,0
2.1,10.3,0,3.00124,-0.00359892,0
2.1,10.4,0,3.00135,-0.00376171,0
2.1,10.5,0,3.00164,-0.00399111,0
2.1,10.6,0,3.00148,0.000193389,0
2.1,10.7,0,3.00237,-0.00442099,0
2.1,10.8,0,3.00192,-0.000721278,0
2.1,10.9,0,3.00324,-0.00480955,0
2.1,11,0,3.00334,-0.00513644,0
2.1,11.1,0,3.0037,-0.00481009,0
2.1,11.2,0,3.00405,-0.00577875,0
2.1,11.3,0,3.0028,-0.000230863,0
2.1,11.4,0,3.00465,-0.00633327,0
2.1,11.5,0,3.00406,-0.00296749,0
2.1,11.6,0,3.00525,-0.00722865,0
2.1,11.7,0,3.00578,-0.00764466,0
2.1,11.8,0,3.00632,-0.00621266,0
2.1,11.9,0,3.00728,-0.00825951,0
2.1,12,0,3.00597,-0.00114053,0
2.1,12.1,0,3.00861,-0.0093235,0
2.1,12.2,0,3.00828,-0.00626162,0
2.1,12.3,0,3.01059,-0.00998505,0
2.1,12.4,0,3.01113,-0.0107571,0
2.1,12.5,0,3.01111,-0.00855185,0
2.1,12.6,0,3.01244,-0.0119046,0
2.1,12.7,0,3.00878,-0.00241498,0
2.2,0,0,3.00948,-0.00403955,0
2.2,0.1,0,3.0185,0.00808149,0
2.2,0.2,0,3.01981,0.00860878,0
2.2,0.3,0,3.01436,0.00106447,0
2.2,0.4,0,3.0134,0.000496832,0
2.2,0.5,0,3.01788,0.00674786,0
2.2,0.6,0,3.01704,0.00504536,0
2.2,0.7,0,3.00869,-0.00518782,0
2.2,0.8,0,3.00702,0.00812194,0
2.2,0.9,0,3.00578,0.00940497,0
2.2,1,0,3.00523,0.00159921,0
2.2,1.1,0,3.00298,0.00113284,0
2.2,1.2,0,2.99961,0.00832253,0
2.2,1.3,0,2.99817,0.00715275,0
2.2,1.4,0,3.00039,-0.00397199,0
2.2,1.5,0,2.9989,0.00802159,0
2.2,1.6,0,2.99798,0.00919975,0
2.2,1.7,0,2.99825,0.00212621,0
2.2,1.8,0,3.00165,0.00046249,0
2.2,1.9,0,3.00566,0.00524977,0
2.2,2,0,3.00642,0.00385133,0
2.2,2.1,0,3.00254,-0.00437159,0
2.2,2.2,0,3.01198,0.00388956,0
2.2,2.3,0,3.01447,0.00408139,0
2.2,2.4,0,3.01013,-0.00107046,0
2.2,2.5,0,3.0078,-0.00126179,0
2.2,2.6,0,3.00956,0.00327127,0
2.2,2.7,0,3.00801,0.00236248,0
2.2,2.8,0,3.0021,-0.00437241,0
2.2,2.9,0,2.9961,0.00576171,0
2.2,3,0,2.99305,0.0070373,0
2.2,3.1,0,2.99423,0.00140831,0
2.2,3.2,0,2.99522,-0.000141628,0
2.2,3.3,0,2.99428,0.00352174,0
2.2,3.4,0,2.99481,0.00239158,0
2.2,3.5,0,2.99786,-0.00443597,0
2.2,3.6,0,3.00409,-0.000507642,0
2.2,3.7,0,3.00615,-0.000667461,0
2.2,3.8,0,3.0031,-0.00320225,0
2.2,3.9,0,2.9999,-0.00293208,0
2.2,4,0,2.99946,-0.000231748,0
2.2,4.1,0,2.99875,-0.000374655,0
2.2,4.2,0,2.99735,-0.00370145,0
2.2,4.3,0,2.99531,0.00194187,0
2.2,4.4,0,2.99464,0.00258822,0
2.2,4.5,0,2.99587,-0.000582181,0
2.2,4.6,0,2.99817,-0.00217526,0
2.2,4.7,0,2.9997,-0.000999997,0
2.2,4.8,0,2.99989,-0.00137239,0
2.2,4.9,0,2.99798,-0.00297731,0
2.2,5,0,2.9987,0.000713964,0
2.2,5.1,0,2.99871,0.00114956,0
2.2,5.2,0,2.99801,-0.000598459,0
2.2,5.3,0,2.99778,-0.00127246,0
2.2,5.4,0,2.99813,-0.000348928,0
2.2,5.5,0,2.99799,-0.000524316,0
2.2,5.6,0,2.99737,-0.00155878,0
2.2,5.7,0,2.9984,0.000287055,0
2.2,5.8,0,2.99854,0.000481184,0
2.2,5.9,0,2.99791,-0.000202666,0
2.2,6,0,2.9978,-0.000500569,0
2.2,6.1,0,2.99831,-0.000192995,0
2.2,6.2,0,2.9982,-0.000219206,0
2.2,6.3,0,2.99735,-0.000132692,0
2.2,6.4,0,2.9984,0.000162407,0
2.2,6.5,0,2.99854,0.000185649,0
2.2,6.6,0,2.99793,0.000427232,0
2.2,6.7,0,2.99793,0.000294498,0
2.2,6.8,0,2.99855,-0.000124871,0
2.2,6.9,0,2.99845,-3.06614e-05,0
2.2,7,0,2.99747,0.00115841,0
2.2,7.1,0,2.99754,0.00151741,0
2.2,7.2,0,2.99758,0.00170665,0
2.2,7.3,0,2.99762,0.00190414,0
2.2,7.4,0,2.99766,0.00209557,0
2.2,7.5,0,2.9977,0.00228184,0
2.2,7.6,0,2.99774,0.00246367,0
2.2,7.7,0,2.99778,0.00264147,0
2.2,7.8,0,2.99783,0.00281626,0
2.2,7.9,0,2.99787,0.00297733,0
2.2,8,0,2.99792,0.00320499,0
2.2,8.1,0,2.99923,-0.00052774,0
2.2,8.2,0,2.99854,0.00156444,0
2.2,8.3,0,2.99877,-0.000332932,0
2.2,8.4,0,2.99892,-0.000668228,0
2.2,8.5,0,2.99856,0.00187228,0
2.2,8.6,0,2.99933,-0.00100013,0
2.2,8.7,0,2.99851,0.00379351,0
2.2,8.8,0,3.00028,-0.00111402,0
2.2,8.9,0,2.99942,0.00137086,0
2.2,9,0,2.99939,-0.000362821,0
2.2,9.1,0,2.99964,-0.00159822,0
2.2,9.2,0,2.99891,0.00241084,0
2.2,9.3,0,2.99966,-0.00194034,0
2.2,9.4,0,2.99939,0.00392068,0
2.2,9.5,0,3.00102,-0.00207503,0
2.2,9.6,0,3.0006,0.000651179,0
2.2,9.7,0,3.00142,-0.000417666,0
2.2,9.8,0,3.00194,-0.00249345,0
2.2,9.9,0,3.00037,0.00299803,0
2.2,10,0,3.00187,-0.00286844,0
2.2,10.1,0,3.00045,0.00357226,0
2.2,10.2,0,3.00159,-0.00330378,0
2.2,10.3,0,3.00145,-0.000588463,0
2.2,10.4,0,3.00155,-0.00075068,0
2.2,10.5,0,3.00219,-0.00387347,0
2.2,10.6,0,3.00165,0.00346653,0
2.2,10.7,0,3.00306,-0.00426698,0
2.2,10.8,0,3.0021,0.00276237,0
2.2,10.9,0,3.00424,-0.00455855,0
2.2,11,0,3.00374,-0.00220045,0
2.2,11.1,0,3.00392,-0.0011017,0
2.2,11.2,0,3.00525,-0.00550739,0
2.2,11.3,0,3.00308,0.00371136,0
2.2,11.4,0,3.00589,-0.00595175,0
2.2,11.5,0,3.00437,0.00124098,0
2.2,11.6,0,3.00639,-0.00687603,0
2.2,11.7,0,3.00644,-0.00492491,0
2.2,11.8,0,3.00661,-0.00173948,0
2.2,11.9,0,3.00862,-0.00770808,0
2.2,12,0,3.00626,0.00367232,0
2.2,12.1,0,3.01004,-0.00876111,0
2.2,12.2,0,3.00855,-0.00112236,0
2.2,12.3,0,3.01217,-0.00840198,0
2.2,12.4,0,3.0124,-0.00812722,0
2.2,12.5,0,3.01137,-0.00292764,0
2.2,12.6,0,3.01464,-0.0109582,0
2.2,12.7,0,3.00904,0.00358408,0
2.3,0,0,3.00975,-0.0102669,0
2.3,0.1,0,3.01877,0.00185412,0
2.3,0.2,0,3.02325,0.00715531,0
2.3,0.3,0,3.01425,-0.00447191,0
2.3,0.4,0,3.01329,-0.00503954,0
2.3,0.5,0,3.02045,0.00544187,0
2.3,0.6,0,3.01652,0.000226739,0
2.3,0.7,0,3.00817,-0.0100064,0
2.3,0.8,0,3.0065,0.00330332,0
2.3,0.9,0,3.00508,0.00953853,0
2.3,1,0,3.00492,-0.00293828,0
2.3,1.1,0,3.00268,-0.00340465,0
2.3,1.2,0,2.99839,0.00816053,0
2.3,1.3,0,2.99846,0.00289164,0
2.3,1.4,0,3.00068,-0.0082331,0
2.3,1.5,0,2.99919,0.00376048,0
2.3,1.6,0,2.99803,0.00939205,0
2.3,1.7,0,2.99899,-0.00192977,0
2.3,1.8,0,3.00239,-0.00359349,0
2.3,1.9,0,3.00805,0.0044703,0
2.3,2,0,3.0069,0.000261782,0
2.3,2.1,0,3.00303,-0.00796113,0
2.3,2.2,0,3.01246,0.000300017,0
2.3,2.3,0,3.01781,0.00381451,0
2.3,2.4,0,3.00982,-0.00401217,0
2.3,2.5,0,3.00749,-0.0042035,0
2.3,2.6,0,3.01095,0.00322477,0
2.3,2.7,0,3.00761,-8.29979e-05,0
2.3,2.8,0,3.0017,-0.00681789,0
2.3,2.9,0,2.9957,0.00331623,0
2.3,3,0,2.99144,0.00823945,0
2.3,3.1,0,2.99497,-0.000957969,0
2.3,3.2,0,2.99596,-0.0025079,0
2.3,3.3,0,2.9943,0.00366526,0
2.3,3.4,0,2.99587,0.000189121,0
2.3,3.5,0,2.99893,-0.00663843,0
2.3,3.6,0,3.00515,-0.0027101,0
2.3,3.7,0,3.00893,-0.00118657,0
2.3,3.8,0,3.00307,-0.00487423,0
2.3,3.9,0,2.99987,-0.00460407,0
2.3,4,0,2.99952,-0.00040106,0
2.3,4.1,0,2.99853,-0.00185498,0
2.3,4.2,0,2.99713,-0.00518177,0
2.3,4.3,0,2.99509,0.00046155,0
2.3,4.4,0,2.99386,0.00316547,0
2.3,4.5,0,2.99613,-0.00197032,0
2.3,4.6,0,2.99843,-0.00356339,0
2.3,4.7,0,3.00063,-0.00153435,0
2.3,4.8,0,2.99996,-0.00241425,0
2.3,4.9,0,2.99804,-0.00401917,0
2.3,5,0,2.99877,-0.000327897,0
2.3,5.1,0,2.99907,0.00144827,0
2.3,5.2,0,2.998,-0.00139576,0
2.3,5.3,0,2.99776,-0.00206976,0
2.3,5.4,0,2.99838,-0.00053884,0
2.3,5.5,0,2.99805,-0.00106797,0
2.3,5.6,0,2.99743,-0.00210243,0
2.3,5.7,0,2.99845,-0.000256594,0
2.3,5.8,0,2.99896,0.00061765,0
2.3,5.9,0,2.99792,-0.000482341,0
2.3,6,0,2.99781,-0.000780244,0
2.3,6.1,0,2.99863,-0.000261423,0
2.3,6.2,0,2.99822,-0.000241218,0
2.3,6.3,0,2.99737,-0.000154704,0
2.3,6.4,0,2.99841,0.000140394,0
2.3,6.5,0,2.99893,0.000275577,0
2.3,6.6,0,2.99792,0.000669532,0
2.3,6.7,0,2.99792,0.000536798,0
2.3,6.8,0,2.99892,-0.000116779,0
2.3,6.9,0,2.99846,0.000428257,0
2.3,7,0,2.99748,0.00161733,0
2.3,7.1,0,2.99755,0.00209648,0
2.3,7.2,0,2.99759,0.00235888,0
2.3,7.3,0,2.99764,0.00263074,0
2.3,7.4,0,2.99768,0.00289634,0
2.3,7.5,0,2.99773,0.0031567,0
2.3,7.6,0,2.99778,0.00341261,0
2.3,7.7,0,2.99782,0.00366457,0
2.3,7.8,0,2.99787,0.00391387,0
2.3,7.9,0,2.99793,0.00414859,0
2.3,8,0,2.99799,0.00447484,0
2.3,8.1,0,2.99975,-0.000474272,0
2.3,8.2,0,2.99863,0.00299054,0
2.3,8.3,0,2.99887,0.00109317,0
2.3,8.4,0,2.999,0.000922026,0
2.3,8.5,0,2.99863,0.00346254,0
2.3,8.6,0,2.99975,-0.000979897,0
2.3,8.7,0,2.99858,0.00555081,0
2.3,8.8,0,3.00089,-0.000792678,0
2.3,8.9,0,2.99958,0.00331487,0
2.3,9,0,2.99954,0.00158118,0
2.3,9.1,0,2.99982,0.000451424,0
2.3,9.2,0,2.99907,0.00452738,0
2.3,9.3,0,3.00001,-0.00195461,0
2.3,9.4,0,2.99949,0.00620757,0
2.3,9.5,0,3.00145,-0.00122884,0
2.3,9.6,0,3.00072,0.00312465,0
2.3,9.7,0,3.00154,0.0020558,0
2.3,9.8,0,3.00229,-0.000424551,0
2.3,9.9,0,3.00055,0.0056749,0
2.3,10,0,3.00271,-0.0027719,0
2.3,10.1,0,3.00066,0.00644802,0
2.3,10.2,0,3.00199,-0.00164286,0
2.3,10.3,0,3.00164,0.00248547,0
2.3,10.4,0,3.00175,0.00232325,0
2.3,10.5,0,3.00252,-0.00197667,0
2.3,10.6,0,3.00181,0.00673966,0
2.3,10.7,0,3.00376,-0.00411297,0
2.3,10.8,0,3.00228,0.00624601,0
2.3,10.9,0,3.00461,-0.00183149,0
2.3,11,0,3.00396,0.00150794,0
2.3,11.1,0,3.00415,0.00260668,0
2.3,11.2,0,3.00612,-0.00390827,0
2.3,11.3,0,3.00337,0.00765357,0
2.3,11.4,0,3.00713,-0.00557022,0
2.3,11.5,0,3.00469,0.00544946,0
2.3,11.6,0,3.00673,-0.00279062,0
2.3,11.7,0,3.00673,-0.000451727,0
2.3,11.8,0,3.00691,0.00273371,0
2.3,11.9,0,3.00979,-0.00647663,0
2.3,12,0,3.00654,0.00848518,0
2.3,12.1,0,3.01147,-0.00819872,0
2.3,12.2,0,3.00883,0.00401689,0
2.3,12.3,0,3.01245,-0.00326273,0
2.3,12.4,0,3.01266,-0.00250301,0
2.3,12.5,0,3.01163,0.00269657,0
2.3,12.6,0,3.01684,-0.0100118,0
2.3,12.7,0,3.00931,0.00958314,0
2.4,0,0,3.01002,-0.0164943,0
2.4,0.1,0,3.01904,-0.00437324,0
2.4,0.2,0,3.0234,0.00191057,0
2.4,0.3,0,3.01413,-0.0100083,0
2.4,0.4,0,3.01318,-0.0105759,0
2.4,0.5,0,3.02053,0.00020767,0
2.4,0.6,0,3.016,-0.00459188,0
2.4,0.7,0,3.00765,-0.0148251,0
2.4,0.8,0,3.00598,-0.00151531,0
2.4,0.9,0,3.00475,0.00533468,0
2.4,1,0,3.00462,-0.00747577,0
2.4,1.1,0,3.00237,-0.00794214,0
2.4,1.2,0,2.99802,0.00393557,0
2.4,1.3,0,2.99875,-0.00136946,0
2.4,1.4,0,3.00097,-0.0124942,0
2.4,1.5,0,2.99947,-0.000500631,0
2.4,1.6,0,2.99872,0.00563952,0
2.4,1.7,0,2.99973,-0.00598574,0
2.4,1.8,0,3.00313,-0.00764946,0
2.4,1.9,0,3.00891,0.00064836,0
2.4,2,0,3.00739,-0.00332776,0
2.4,2.1,0,3.00351,-0.0115507,0
2.4,2.2,0,3.01295,-0.00328953,0
2.4,2.3,0,3.01776,0.00106386,0
2.4,2.4,0,3.00951,-0.00695388,0
2.4,2.5,0,3.00718,-0.00714521,0
2.4,2.6,0,3.01077,0.000489865,0
2.4,2.7,0,3.00721,-0.00252847,0
2.4,2.8,0,3.00131,-0.00926336,0
2.4,2.9,0,2.9953,0.000870754,0
2.4,3,0,2.99201,0.00612806,0
2.4,3.1,0,2.99571,-0.00332424,0
2.4,3.2,0,2.99671,-0.00487418,0
2.4,3.3,0,2.99499,0.00147826,0
2.4,3.4,0,2.99694,-0.00201334,0
2.4,3.5,0,2.99999,-0.00884089,0
2.4,3.6,0,3.00622,-0.00491256,0
2.4,3.7,0,3.00909,-0.0027762,0
2.4,3.8,0,3.00303,-0.00654621,0
2.4,3.9,0,2.99983,-0.00627605,0
2.4,4,0,2.99949,-0.00196571,0
2.4,4.1,0,2.99831,-0.0033353,0
2.4,4.2,0,2.99691,-0.0066621,0
2.4,4.3,0,2.99487,-0.00101877,0
2.4,4.4,0,2.99404,0.00191772,0
2.4,4.5,0,2.99639,-0.00335846,0
2.4,4.6,0,2.99869,-0.00495153,0
2.4,4.7,0,3.00094,-0.0028615,0
2.4,4.8,0,3.00002,-0.00345611,0
2.4,4.9,0,2.9981,-0.00506103,0
2.4,5,0,2.99883,-0.00136976,0
2.4,5.1,0,2.99908,0.000729256,0
2.4,5.2,0,2.99798,-0.00219306,0
2.4,5.3,0,2.99775,-0.00286706,0
2.4,5.4,0,2.99839,-0.00129276,0
2.4,5.5,0,2.9981,-0.00161161,0
2.4,5.6,0,2.99748,-0.00264608,0
2.4,5.7,0,2.9985,-0.000800243,0
2.4,5.8,0,2.99899,0.000367699,0
2.4,5.9,0,2.99792,-0.000762016,0
2.4,6,0,2.99781,-0.00105992,0
2.4,6.1,0,2.99866,-0.000526009,0
2.4,6.2,0,2.99823,-0.000263231,0
2.4,6.3,0,2.99738,-0.000176717,0
2.4,6.4,0,2.99843,0.000118382,0
2.4,6.5,0,2.99895,0.000506994,0
2.4,6.6,0,2.99792,0.000911832,0
2.4,6.7,0,2.99792,0.000779099,0
2.4,6.8,0,2.99894,0.000108793,0
2.4,6.9,0,2.99847,0.000887176,0
2.4,7,0,2.99748,0.00207625,0
2.4,7.1,0,2.99755,0.00267555,0
2.4,7.2,0,2.9976,0.0030111,0
2.4,7.3,0,2.99765,0.00335734,0
2.4,7.4,0,2.9977,0.00369712,0
2.4,7.5,0,2.99775,0.00403156,0
2.4,7.6,0,2.99781,0.00436154,0
2.4,7.7,0,2.99786,0.00468767,0
2.4,7.8,0,2.99792,0.00501149,0
2.4,7.9,0,2.99798,0.00531985,0
2.4,8,0,2.99806,0.00574469,0
2.4,8.1,0,2.99984,0.000743818,0
2.4,8.2,0,2.99873,0.00441664,0
2.4,8.3,0,2.99897,0.00251927,0
2.4,8.4,0,2.99907,0.00251228,0
2.4,8.5,0,2.9987,0.00505279,0
2.4,8.6,0,2.99991,0.000352374,0
2.4,8.7,0,2.99865,0.0073081,0
2.4,8.8,0,3.00096,0.000964619,0
2.4,8.9,0,2.99974,0.00525887,0
2.4,9,0,2.9997,0.00352519,0
2.4,9.1,0,2.99998,0.00256797,0
2.4,9.2,0,2.99924,0.00664392,0
2.4,9.3,0,3.00023,-0.000695901,0
2.4,9.4,0,2.99959,0.00849446,0
2.4,9.5,0,3.00155,0.00105805,0
2.4,9.6,0,3.00084,0.00559811,0
2.4,9.7,0,3.00166,0.00452927,0
2.4,9.8,0,3.00248,0.00225232,0
2.4,9.9,0,3.00074,0.00835177,0
2.4,10,0,3.00323,-0.00131538,0
2.4,10.1,0,3.00088,0.00932377,0
2.4,10.2,0,3.00221,0.0012329,0
2.4,10.3,0,3.00183,0.0055594,0
2.4,10.4,0,3.00194,0.00539719,0
2.4,10.5,0,3.00269,0.00129647,0
2.4,10.6,0,3.00198,0.0100128,0
2.4,10.7,0,3.00419,-0.00236804,0
2.4,10.8,0,3.00246,0.00972965,0
2.4,10.9,0,3.00479,0.00165215,0
2.4,11,0,3.00419,0.00521632,0
2.4,11.1,0,3.00438,0.00631506,0
2.4,11.2,0,3.0064,3.39448e-05,0
2.4,11.3,0,3.00366,0.0115958,0
2.4,11.4,0,3.00785,-0.00321895,0
2.4,11.5,0,3.005,0.00965793,0
2.4,11.6,0,3.00705,0.00141786,0
2.4,11.7,0,3.00702,0.00402145,0
2.4,11.8,0,3.0072,0.00720689,0
2.4,11.9,0,3.01007,-0.00166378,0
2.4,12,0,3.00683,0.013298,0
2.4,12.1,0,3.01204,-0.00442588,0
2.4,12.2,0,3.00911,0.00915615,0
2.4,12.3,0,3.01273,0.00187653,0
2.4,12.4,0,3.01292,0.0031212,0
2.4,12.5,0,3.0119,0.00832078,0
2.4,12.6,0,3.01718,-0.00422778,0
2.4,12.7,0,3.00957,0.0155822,0
2.5,0,0,3.01029,-0.0227216,0
2.5,0.1,0,3.01931,-0.0106006,0
2.5,0.2,0,3.02147,-0.00635374,0
2.5,0.3,0,3.01402,-0.0155447,0
2.5,0.4,0,3.01307,-0.0161123,0
2.5,0.5,0,3.01865,-0.00733592,0
2.5,0.6,0,3.01548,-0.00941051,0
2.5,0.7,0,3.00712,-0.0196437,0
2.5,0.8,0,3.00546,-0.00633393,0
2.5,0.9,0,3.00455,-0.00203263,0
2.5,1,0,3.00431,-0.0120133,0
2.5,1.1,0,3.00207,-0.0124796,0
2.5,1.2,0,2.99858,-0.00294427,0
2.5,1.3,0,2.99904,-0.00563057,0
2.5,1.4,0,3.00126,-0.0167553,0
2.5,1.5,0,2.99976,-0.00476174,0
2.5,1.6,0,2.99959,-0.000961259,0
2.5,1.7,0,3.00047,-0.0100417,0
2.5,1.8,0,3.00387,-0.0117054,0
2.5,1.9,0,3.00856,-0.00501338,0
2.5,2,0,3.00787,-0.00691731,0
2.5,2.1,0,3.00399,-0.0151402,0
2.5,2.2,0,3.01343,-0.00687908,0
2.5,2.3,0,3.01582,-0.00377651,0
2.5,2.4,0,3.0092,-0.00989558,0
2.5,2.5,0,3.00687,-0.0100869,0
2.5,2.6,0,3.00943,-0.00382269,0
2.5,2.7,0,3.00681,-0.00497395,0
2.5,2.8,0,3.00091,-0.0117088,0
2.5,2.9,0,2.9949,-0.00157472,0
2.5,3,0,2.99345,0.00167743,0
2.5,3.1,0,2.99646,-0.00569052,0
2.5,3.2,0,2.99745,-0.00724045,0
2.5,3.3,0,2.99633,-0.00222858,0
2.5,3.4,0,2.998,-0.0042158,0
2.5,3.5,0,3.00105,-0.0110434,0
2.5,3.6,0,3.00728,-0.00711502,0
2.5,3.7,0,3.00808,-0.0054101,0
2.5,3.8,0,3.00299,-0.00821819,0
2.5,3.9,0,2.99979,-0.00794803,0
2.5,4,0,2.99929,-0.00438684,0
2.5,4.1,0,2.99809,-0.00481563,0
2.5,4.2,0,2.99669,-0.00814242,0
2.5,4.3,0,2.99464,-0.0024991,0
2.5,4.4,0,2.99463,-0.000646177,0
2.5,4.5,0,2.99665,-0.00474659,0
2.5,4.6,0,2.99895,-0.00633967,0
2.5,4.7,0,3.00071,-0.00453964,0
2.5,4.8,0,3.00008,-0.00449797,0
2.5,4.9,0,2.99817,-0.00610289,0
2.5,5,0,2.9989,-0.00241162,0
2.5,5.1,0,2.9989,-0.000834086,0
2.5,5.2,0,2.99797,-0.00299036,0
2.5,5.3,0,2.99774,-0.00366437,0
2.5,5.4,0,2.99826,-0.00229219,0
2.5,5.5,0,2.99815,-0.00215526,0
2.5,5.6,0,2.99753,-0.00318973,0
2.5,5.7,0,2.99855,-0.00134389,0
2.5,5.8,0,2.99879,-0.000300613,0
2.5,5.9,0,2.99793,-0.00104169,0
2.5,6,0,2.99782,-0.00133959,0
2.5,6.1,0,2.99849,-0.000779161,0
2.5,6.2,0,2.99825,-0.000285243,0
2.5,6.3,0,2.9974,-0.00019873,0
2.5,6.4,0,2.99844,9.63692e-05,0
2.5,6.5,0,2.99873,0.000685328,0
2.5,6.6,0,2.99791,0.00115413,0
2.5,6.7,0,2.99791,0.0010214,0
2.5,6.8,0,2.99873,0.000608708,0
2.5,6.9,0,2.99847,0.00134609,0
2.5,7,0,2.99749,0.00253517,0
2.5,7.1,0,2.99756,0.00325461,0
2.5,7.2,0,2.99761,0.00366333,0
2.5,7.3,0,2.99766,0.00408394,0
2.5,7.4,0,2.99772,0.00449789,0
2.5,7.5,0,2.99778,0.00490643,0
2.5,7.6,0,2.99784,0.00531047,0
2.5,7.7,0,2.9979,0.00571078,0
2.5,7.8,0,2.99796,0.0061091,0
2.5,7.9,0,2.99804,0.00649111,0
2.5,8,0,2.99813,0.00701454,0
2.5,8.1,0,2.99968,0.00275839,0
2.5,8.2,0,2.99883,0.00584274,0
2.5,8.3,0,2.99906,0.00394537,0
2.5,8.4,0,2.99914,0.00410254,0
2.5,8.5,0,2.99877,0.00664305,0
2.5,8.6,0,2.99972,0.00327883,0
2.5,8.7,0,2.99872,0.0090654,0
2.5,8.8,0,3.00084,0.00336713,0
2.5,8.9,0,2.99989,0.00720288,0
2.5,9,0,2.99986,0.00546919,0
2.5,9.1,0,3.00014,0.00468451,0
2.5,9.2,0,2.9994,0.00876047,0
2.5,9.3,0,3.00015,0.00360846,0
2.5,9.4,0,2.9997,0.0107813,0
2.5,9.5,0,3.00158,0.00368289,0
2.5,9.6,0,3.00096,0.00807158,0
2.5,9.7,0,3.00178,0.00700274,0
2.5,9.8,0,3.00266,0.00492919,0
2.5,9.9,0,3.00093,0.0110286,0
2.5,10,0,3.0028,0.00414071,0
2.5,10.1,0,3.00109,0.0121995,0
2.5,10.2,0,3.00242,0.00410865,0
2.5,10.3,0,3.00203,0.00863334,0
2.5,10.4,0,3.00213,0.00847112,0
2.5,10.5,0,3.00286,0.0045696,0
2.5,10.6,0,3.00215,0.0132859,0
2.5,10.7,0,3.00384,0.00423473,0
2.5,10.8,0,3.00264,0.0132133,0
2.5,10.9,0,3.00497,0.0051358,0
2.5,11,0,3.00442,0.0089247,0
2.5,11.1,0,3.00461,0.0100234,0
2.5,11.2,0,3.00656,0.0044515,0
2.5,11.3,0,3.00394,0.015538,0
2.5,11.4,0,3.00726,0.00434666,0
2.5,11.5,0,3.00531,0.0138664,0
2.5,11.6,0,3.00736,0.00562633,0
2.5,11.7,0,3.00732,0.00849464,0
2.5,11.8,0,3.00749,0.0116801,0
2.5,11.9,0,3.01,0.00448413,0
2.5,12,0,3.00712,0.0181109,0
2.5,12.1,0,3.01147,0.00379528,0
2.5,12.2,0,3.00939,0.0142954,0
2.5,12.3,0,3.01301,0.00701579,0
2.5,12.4,0,3.01318,0.00874541,0
2.5,12.5,0,3.01216,0.013945,0
2.5,12.6,0,3.0164,0.00430925,0
2.5,12.7,0,3.00983,0.0215813,0
2.6,0,0,3.01056,-0.028949,0
2.6,0.1,0,3.01882,-0.0177029,0
2.6,0.2,0,3.01818,-0.016664,0
2.6,0.3,0,3.01391,-0.021081,0
2.6,0.4,0,3.01296,-0.0216487,0
2.6,0.5,0,3.01544,-0.0163849,0
2.6,0.6,0,3.01438,-0.0151356,0
2.6,0.7,0,3.0066,-0.0244623,0
2.6,0.8,0,3.00502,-0.0121535,0
2.6,0.9,0,3.00441,-0.0115223,0
2.6,1,0,3.00401,-0.0165508,0
2.6,1.1,0,3.00177,-0.0170171,0
2.6,1.2,0,2.99978,-0.0115809,0
2.6,1.3,0,2.99952,-0.0108293,0
2.6,1.4,0,3.00155,-0.0210164,0
2.6,1.5,0,3.0002,-0.00993319,0
2.6,1.6,0,3.00057,-0.00947064,0
2.6,1.7,0,3.00121,-0.0140977,0
2.6,1.8,0,3.00461,-0.0157614,0
2.6,1.9,0,3.00739,-0.0118794,0
2.6,2,0,3.008,-0.011209,0
2.6,2.1,0,3.00448,-0.0187298,0
2.6,2.2,0,3.01313,-0.0110418,0
2.6,2.3,0,3.01265,-0.0100409,0
2.6,2.4,0,3.00889,-0.0128373,0
2.6,2.5,0,3.00656,-0.0130286,0
2.6,2.6,0,3.00733,-0.00916338,0
2.6,2.7,0,3.00605,-0.00803983,0
2.6,2.8,0,3.00051,-0.0141543,0
2.6,2.9,0,2.99501,-0.00478486,0
2.6,3,0,2.99541,-0.00433647,0
2.6,3.1,0,2.9972,-0.0080568,0
2.6,3.2,0,2.99819,-0.00960673,0
2.6,3.3,0,2.99811,-0.00694084,0
2.6,3.4,0,2.99922,-0.00695608,0
2.6,3.5,0,3.00212,-0.0132458,0
2.6,3.6,0,3.00774,-0.00956453,0
2.6,3.7,0,3.00632,-0.00876543,0
2.6,3.8,0,3.00295,-0.00989017,0
2.6,3.9,0,2.99975,-0.00962001,0
2.6,4,0,2.99896,-0.00736983,0
2.6,4.1,0,2.99785,-0.00661795,0
2.6,4.2,0,2.99646,-0.00962275,0
2.6,4.3,0,2.99465,-0.00440058,0
2.6,4.4,0,2.99545,-0.00409189,0
2.6,4.5,0,2.99691,-0.00613473,0
2.6,4.6,0,2.99921,-0.00772781,0
2.6,4.7,0,3.0001,-0.00643529,0
2.6,4.8,0,3,-0.00572279,0
2.6,4.9,0,2.99823,-0.00714475,0
2.6,5,0,2.99888,-0.00368834,0
2.6,5.1,0,2.99858,-0.00297196,0
2.6,5.2,0,2.99795,-0.00378766,0
2.6,5.3,0,2.99772,-0.00446167,0
2.6,5.4,0,2.99805,-0.00344323,0
2.6,5.5,0,2.99814,-0.00282907,0
2.6,5.6,0,2.99758,-0.00373338,0
2.6,5.7,0,2.99852,-0.00197671,0
2.6,5.8,0,2.99843,-0.0012604,0
2.6,5.9,0,2.99794,-0.00132137,0
2.6,6,0,2.99782,-0.00161927,0
2.6,6.1,0,2.99819,-0.00101242,0
2.6,6.2,0,2.9982,-0.000352523,0
2.6,6.3,0,2.99741,-0.000220742,0
2.6,6.4,0,2.99837,0.000107008,0
2.6,6.5,0,2.99836,0.000815687,0
2.6,6.6,0,2.99791,0.00139643,0
2.6,6.7,0,2.99791,0.0012637,0
2.6,6.8,0,2.99836,0.00130183,0
2.6,6.9,0,2.9984,0.0018552,0
2.6,7,0,2.9975,0.00299409,0
2.6,7.1,0,2.99756,0.00383368,0
2.6,7.2,0,2.99762,0.00431555,0
2.6,7.3,0,2.99767,0.00481054,0
2.6,7.4,0,2.99774,0.00529866,0
2.6,7.5,0,2.9978,0.00578129,0
2.6,7.6,0,2.99787,0.00625941,0
2.6,7.7,0,2.99794,0.00673388,0
2.6,7.8,0,2.99801,0.00720671,0
2.6,7.9,0,2.99809,0.00766237,0
2.6,8,0,2.9982,0.00828439,0
2.6,8.1,0,2.99933,0.00540087,0
2.6,8.2,0,2.99892,0.00726884,0
2.6,8.3,0,2.99912,0.0055752,0
2.6,8.4,0,2.99912,0.00616498,0
2.6,8.5,0,2.99885,0.0082333,0
2.6,8.6,0,2.99945,0.00660615,0
2.6,8.7,0,2.9988,0.0108227,0
2.6,8.8,0,3.00036,0.00701974,0
2.6,8.9,0,3.00005,0.00914688,0
2.6,9,0,3.00002,0.0074132,0
2.6,9.1,0,3.00011,0.00782424,0
2.6,9.2,0,2.99956,0.010877,0
2.6,9.3,0,3.00007,0.00802617,0
2.6,9.4,0,2.9998,0.0130682,0
2.6,9.5,0,3.00119,0.00841345,0
2.6,9.6,0,3.00108,0.0105451,0
2.6,9.7,0,3.0019,0.00947621,0
2.6,9.8,0,3.0023,0.00936359,0
2.6,9.9,0,3.00111,0.0137055,0
2.6,10,0,3.00236,0.0095968,0
2.6,10.1,0,3.0013,0.0150753,0
2.6,10.2,0,3.00222,0.00977737,0
2.6,10.3,0,3.00222,0.0117073,0
2.6,10.4,0,3.00233,0.0115451,0
2.6,10.5,0,3.0027,0.0106103,0
2.6,10.6,0,3.00232,0.0165591,0
2.6,10.7,0,3.0035,0.0108375,0
2.6,10.8,0,3.00282,0.0166969,0
2.6,10.9,0,3.00459,0.0111573,0
2.6,11,0,3.00464,0.0126331,0
2.6,11.1,0,3.00483,0.0137318,0
2.6,11.2,0,3.00587,0.0118307,0
2.6,11.3,0,3.00423,0.0194802,0
2.6,11.4,0,3.00661,0.0121158,0
2.6,11.5,0,3.00563,0.0180749,0
2.6,11.6,0,3.00722,0.0120266,0
2.6,11.7,0,3.00761,0.0129678,0
2.6,11.8,0,3.00779,0.0161533,0
2.6,11.9,0,3.00925,0.0132187,0
2.6,12,0,3.0074,0.0229237,0
2.6,12.1,0,3.0106,0.013185,0
2.6,12.2,0,3.00966,0.0194347,0
2.6,12.3,0,3.01276,0.0137283,0
2.6,12.4,0,3.01324,0.0149167,0
2.6,12.5,0,3.01242,0.0195692,0
2.6,12.6,0,3.01472,0.0149861,0
2.6,12.7,0,3.01009,0.0275803,0
2.7,0,0,3.01083,-0.0351764,0
2.7,0.1,0,3.01553,-0.0280131,0
2.7,0.2,0,3.01489,-0.0269743,0
2.7,0.3,0,3.0138,-0.0266174,0
2.7,0.4,0,3.01284,-0.027185,0
2.7,0.5,0,3.01223,-0.0254339,0
2.7,0.6,0,3.01117,-0.0241846,0
2.7,0.7,0,3.00608,-0.0292809,0
2.7,0.8,0,3.00489,-0.0216432,0
2.7,0.9,0,3.00428,-0.021012,0
2.7,1,0,3.0037,-0.0210882,0
2.7,1.1,0,3.00146,-0.0215546,0
2.7,1.2,0,3.00099,-0.0202175,0
2.7,1.3,0,3.00073,-0.0194659,0
2.7,1.4,0,3.00184,-0.0252775,0
2.7,1.5,0,3.00118,-0.0184426,0
2.7,1.6,0,3.00154,-0.01798,0
2.7,1.7,0,3.00195,-0.0181537,0
2.7,1.8,0,3.00534,-0.0198174,0
2.7,1.9,0,3.00622,-0.0187455,0
2.7,2,0,3.00683,-0.018075,0
2.7,2.1,0,3.00496,-0.0223193,0
2.7,2.2,0,3.00996,-0.0173062,0
2.7,2.3,0,3.00948,-0.0163053,0
2.7,2.4,0,3.00858,-0.015779,0
2.7,2.5,0,3.00625,-0.0159703,0
2.7,2.6,0,3.00523,-0.0145041,0
2.7,2.7,0,3.00395,-0.0133805,0
2.7,2.8,0,3.00011,-0.0165998,0
2.7,2.9,0,2.99697,-0.0107988,0
2.7,3,0,2.99737,-0.0103504,0
2.7,3.1,0,2.99794,-0.0104231,0
2.7,3.2,0,2.99894,-0.011973,0
2.7,3.3,0,2.99989,-0.0116531,0
2.7,3.4,0,3.001,-0.0116683,0
2.7,3.5,0,3.00318,-0.0154483,0
2.7,3.6,0,3.00599,-0.0129199,0
2.7,3.7,0,3.00457,-0.0121208,0
2.7,3.8,0,3.00291,-0.0115622,0
2.7,3.9,0,2.99971,-0.011292,0
2.7,4,0,2.99864,-0.0103528,0
2.7,4.1,0,2.99752,-0.00960095,0
2.7,4.2,0,2.99624,-0.0111031,0
2.7,4.3,0,2.99548,-0.0078463,0
2.7,4.4,0,2.99628,-0.00753761,0
2.7,4.5,0,2.99717,-0.00752287,0
2.7,4.6,0,2.99947,-0.00911594,0
2.7,4.7,0,2.9995,-0.00833094,0
2.7,4.8,0,2.9994,-0.00761843,0
2.7,4.9,0,2.9983,-0.00818661,0
2.7,5,0,2.99857,-0.00582621,0
2.7,5.1,0,2.99827,-0.00510983,0
2.7,5.2,0,2.99794,-0.00458496,0
2.7,5.3,0,2.99771,-0.00525897,0
2.7,5.4,0,2.99783,-0.00459427,0
2.7,5.5,0,2.99793,-0.00398011,0
2.7,5.6,0,2.99763,-0.00427703,0
2.7,5.7,0,2.99816,-0.0029365,0
2.7,5.8,0,2.99808,-0.00222019,0
2.7,5.9,0,2.99794,-0.00160104,0
2.7,6,0,2.99783,-0.00189894,0
2.7,6.1,0,2.99788,-0.00124568,0
2.7,6.2,0,2.99789,-0.000585782,0
2.7,6.3,0,2.99743,-0.000242755,0
2.7,6.4,0,2.998,0.000237367,0
2.7,6.5,0,2.99798,0.000946046,0
2.7,6.6,0,2.99791,0.00163873,0
2.7,6.7,0,2.9979,0.001506,0
2.7,6.8,0,2.99799,0.00199496,0
2.7,6.9,0,2.99803,0.00254833,0
2.7,7,0,2.99751,0.00345301,0
2.7,7.1,0,2.99757,0.00441275,0
2.7,7.2,0,2.99762,0.00496778,0
2.7,7.3,0,2.99769,0.00553714,0
2.7,7.4,0,2.99776,0.00609944,0
2.7,7.5,0,2.99783,0.00665616,0
2.7,7.6,0,2.9979,0.00720834,0
2.7,7.7,0,2.99798,0.00775698,0
2.7,7.8,0,2.99805,0.00830433,0
2.7,7.9,0,2.99814,0.00883363,0
2.7,8,0,2.99827,0.00955424,0
2.7,8.1,0,2.99898,0.00804336,0
2.7,8.2,0,2.99902,0.00869494,0
2.7,8.3,0,2.99889,0.00859725,0
2.7,8.4,0,2.99889,0.00918702,0
2.7,8.5,0,2.99892,0.00982356,0
2.7,8.6,0,2.99917,0.00993346,0
2.7,8.7,0,2.99887,0.01258,0
2.7,8.8,0,2.99988,0.0106724,0
2.7,8.9,0,3.00013,0.0112908,0
2.7,9,0,2.99985,0.0112972,0
2.7,9.1,0,2.99992,0.0118644,0
2.7,9.2,0,2.99973,0.0129936,0
2.7,9.3,0,2.99998,0.0124439,0
2.7,9.4,0,2.9999,0.0153551,0
2.7,9.5,0,3.0008,0.013144,0
2.7,9.6,0,3.00104,0.0137389,0
2.7,9.7,0,3.00153,0.0138289,0
2.7,9.8,0,3.00173,0.0144348,0
2.7,9.9,0,3.0013,0.0163824,0
2.7,10,0,3.00192,0.0150529,0
2.7,10.1,0,3.00152,0.017951,0
2.7,10.2,0,3.00199,0.0156365,0
2.7,10.3,0,3.00219,0.0162331,0
2.7,10.4,0,3.00232,0.0162639,0
2.7,10.5,0,3.00251,0.0168398,0
2.7,10.6,0,3.00249,0.0198322,0
2.7,10.7,0,3.00315,0.0174403,0
2.7,10.8,0,3.003,0.0201806,0
2.7,10.9,0,3.004,0.0180983,0
2.7,11,0,3.00428,0.01868,0
2.7,11.1,0,3.00477,0.0186118,0
2.7,11.2,0,3.00518,0.01921,0
2.7,11.3,0,3.00452,0.0234225,0
2.7,11.4,0,3.00597,0.019885,0
2.7,11.5,0,3.00594,0.0222834,0
2.7,11.6,0,3.00669,0.0203556,0
2.7,11.7,0,3.00714,0.0210097,0
2.7,11.8,0,3.00796,0.0211251,0
2.7,11.9,0,3.00849,0.0219533,0
2.7,12,0,3.00769,0.0277366,0
2.7,12.1,0,3.00973,0.0225747,0
2.7,12.2,0,3.00994,0.0245739,0
2.7,12.3,0,3.01144,0.0236382,0
2.7,12.4,0,3.01193,0.0248266,0
2.7,12.5,0,3.01268,0.0251934,0
2.7,12.6,0,3.01305,0.025663,0
2.7,12.7,0,3.01036,0.0335794,0
2.8,0,0,3.0111,-0.0414037,0
2.8,0.1,0,3.01224,-0.0383234,0
2.8,0.2,0,3.0116,-0.0372845,0
2.8,0.3,0,3.01096,-0.0362457,0
2.8,0.4,0,3.01008,-0.0357322,0
2.8,0.5,0,3.00902,-0.0344829,0
2.8,0.6,0,3.00796,-0.0332337,0
2.8,0.7,0,3.00556,-0.0340996,0
2.8,0.8,0,3.00476,-0.0311328,0
2.8,0.9,0,3.00415,-0.0305017,0
2.8,1,0,3.00355,-0.0298705,0
2.8,1.1,0,3.00245,-0.0296056,0
2.8,1.2,0,3.00219,-0.0288541,0
2.8,1.3,0,3.00193,-0.0281025,0
2.8,1.4,0,3.00213,-0.0295386,0
2.8,1.5,0,3.00215,-0.026952,0
2.8,1.6,0,3.00252,-0.0264894,0
2.8,1.7,0,3.00289,-0.0260269,0
2.8,1.8,0,3.00445,-0.026282,0
2.8,1.9,0,3.00506,-0.0256115,0
2.8,2,0,3.00566,-0.0249411,0
2.8,2.1,0,3.00545,-0.0259089,0
2.8,2.2,0,3.00679,-0.0235705,0
2.8,2.3,0,3.00631,-0.0225696,0
2.8,2.4,0,3.00582,-0.0215687,0
2.8,2.5,0,3.00441,-0.0209683,0
2.8,2.6,0,3.00313,-0.0198448,0
2.8,2.7,0,3.00185,-0.0187212,0
2.8,2.8,0,2.99971,-0.0190453,0
2.8,2.9,0,2.99893,-0.0168127,0
2.8,3,0,2.99933,-0.0163643,0
2.8,3.1,0,2.99973,-0.0159159,0
2.8,3.2,0,3.00057,-0.0163501,0
2.8,3.3,0,3.00167,-0.0163654,0
2.8,3.4,0,3.00278,-0.0163806,0
2.8,3.5,0,3.00424,-0.0176507,0
2.8,3.6,0,3.00423,-0.0162752,0
2.8,3.7,0,3.00282,-0.0154761,0
2.8,3.8,0,3.00141,-0.014677,0
2.8,3.9,0,2.99943,-0.0140877,0
2.8,4,0,2.99831,-0.0133358,0
2.8,4.1,0,2.99719,-0.0125839,0
2.8,4.2,0,2.99602,-0.0125834,0
2.8,4.3,0,2.9963,-0.011292,0
2.8,4.4,0,2.99711,-0.0109833,0
2.8,4.5,0,2.99792,-0.0106746,0
2.8,4.6,0,2.99899,-0.0109391,0
2.8,4.7,0,2.99889,-0.0102266,0
2.8,4.8,0,2.99879,-0.00951408,0
2.8,4.9,0,2.99836,-0.00922847,0
2.8,5,0,2.99825,-0.00796408,0
2.8,5.1,0,2.99796,-0.00724771,0
2.8,5.2,0,2.99767,-0.00653133,0
2.8,5.3,0,2.99752,-0.00635947,0
2.8,5.4,0,2.99762,-0.00574531,0
2.8,5.5,0,2.99772,-0.00513114,0
2.8,5.6,0,2.99768,-0.00482067,0
2.8,5.7,0,2.9978,-0.00389629,0
2.8,5.8,0,2.99772,-0.00317998,0
2.8,5.9,0,2.99764,-0.00246367,0
2.8,6,0,2.99757,-0.00213883,0
2.8,6.1,0,2.99758,-0.00147894,0
2.8,6.2,0,2.99759,-0.000819041,0
2.8,6.3,0,2.99744,-0.000264767,0
2.8,6.4,0,2.99762,0.000367726,0
2.8,6.5,0,2.9976,0.0010764,0
2.8,6.6,0,2.99758,0.00178508,0
2.8,6.7,0,2.99759,0.00213472,0
2.8,6.8,0,2.99763,0.00268809,0
2.8,6.9,0,2.99767,0.00324145,0
2.8,7,0,2.99752,0.00391192,0
2.8,7.1,0,2.99758,0.00499182,0
2.8,7.2,0,2.99763,0.00562,0
2.8,7.3,0,2.9977,0.00626374,0
2.8,7.4,0,2.99778,0.00690021,0
2.8,7.5,0,2.99785,0.00753102,0
2.8,7.6,0,2.99793,0.00815727,0
2.8,7.7,0,2.99801,0.00878009,0
2.8,7.8,0,2.9981,0.00940194,0
2.8,7.9,0,2.9982,0.0100049,0
2.8,8,0,2.99834,0.0108241,0
2.8,8.1,0,2.99863,0.0106858,0
2.8,8.2,0,2.99871,0.0112339,0
2.8,8.3,0,2.99867,0.0116193,0
2.8,8.4,0,2.99867,0.0122091,0
2.8,8.5,0,2.99874,0.0126519,0
2.8,8.6,0,2.99889,0.0132608,0
2.8,8.7,0,2.99894,0.0143373,0
2.8,8.8,0,2.9994,0.014325,0
2.8,8.9,0,2.99965,0.0149434,0
2.8,9,0,2.99966,0.0153374,0
2.8,9.1,0,2.99973,0.0159045,0
2.8,9.2,0,2.99976,0.0162852,0
2.8,9.3,0,2.99989,0.0168616,0
2.8,9.4,0,3,0.017642,0
2.8,9.5,0,3.00041,0.0178746,0
2.8,9.6,0,3.00065,0.0184694,0
2.8,9.7,0,3.00096,0.0189001,0
2.8,9.8,0,3.00116,0.0195059,0
2.8,9.9,0,3.00129,0.0199167,0
2.8,10,0,3.00148,0.020509,0
2.8,10.1,0,3.00166,0.0211013,0
2.8,10.2,0,3.00176,0.0214957,0
2.8,10.3,0,3.00196,0.0220922,0
2.8,10.4,0,3.00214,0.0224933,0
2.8,10.5,0,3.00233,0.0230692,0
2.8,10.6,0,3.0026,0.0234596,0
2.8,10.7,0,3.00281,0.024043,0
2.8,10.8,0,3.00302,0.0246265,0
2.8,10.9,0,3.00341,0.0250394,0
2.8,11,0,3.00369,0.025621,0
2.8,11.1,0,3.00408,0.025991,0
2.8,11.2,0,3.0045,0.0265892,0
2.8,11.3,0,3.0048,0.0273647,0
2.8,11.4,0,3.00533,0.0276542,0
2.8,11.5,0,3.00577,0.0283101,0
2.8,11.6,0,3.00616,0.0286847,0
2.8,11.7,0,3.00661,0.0293387,0
2.8,11.8,0,3.0072,0.0298597,0
2.8,11.9,0,3.00773,0.0306879,0
2.8,12,0,3.00797,0.0325494,0
2.8,12.1,0,3.00886,0.0319644,0
2.8,12.2,0,3.0094,0.0327428,0
2.8,12.3,0,3.01013,0.0335481,0
2.8,12.4,0,3.01061,0.0347365,0
2.8,12.5,0,3.01118,0.0354403,0
2.8,12.6,0,3.01138,0.0363399,0
2.8,12.7,0,3.01062,0.0395784,0
2.9,0,0,3.00987,-0.0474219,0
2.9,0.1,0,3.00918,-0.0490164,0
2.9,0.2,0,3.00855,-0.0479776,0
2.9,0.3,0,3.00791,-0.0469387,0
2.9,0.4,0,3.00679,-0.044476,0
2.9,0.5,0,3.00573,-0.0432267,0
2.9,0.6,0,3.00467,-0.0419775,0
2.9,0.7,0,3.00464,-0.0393432,0
2.9,0.8,0,3.00454,-0.0407,0
2.9,0.9,0,3.00394,-0.0400688,0
2.9,1,0,3.00333,-0.0394376,0
2.9,1.1,0,3.00361,-0.0382091,0
2.9,1.2,0,3.00335,-0.0374575,0
2.9,1.3,0,3.00309,-0.0367059,0
2.9,1.4,0,3.00152,-0.0341824,0
2.9,1.5,0,3.00294,-0.035388,0
2.9,1.6,0,3.00331,-0.0349254,0
2.9,1.7,0,3.00368,-0.0344629,0
2.9,1.8,0,3.00339,-0.033298,0
2.9,1.9,0,3.00399,-0.0326275,0
2.9,2,0,3.0046,-0.0319571,0
2.9,2.1,0,3.00463,-0.0299104,0
2.9,2.2,0,3.00392,-0.0298067,0
2.9,2.3,0,3.00343,-0.0288058,0
2.9,2.4,0,3.00295,-0.0278049,0
2.9,2.5,0,3.0023,-0.0263824,0
2.9,2.6,0,3.00102,-0.0252588,0
2.9,2.7,0,2.99974,-0.0241353,0
2.9,2.8,0,2.99895,-0.0223252,0
2.9,2.9,0,3.00028,-0.0225044,0
2.9,3,0,3.00068,-0.0220561,0
2.9,3.1,0,3.00108,-0.0216077,0
2.9,3.2,0,3.00271,-0.0212137,0
2.9,3.3,0,3.00381,-0.0212289,0
2.9,3.4,0,3.00491,-0.0212442,0
2.9,3.5,0,3.00388,-0.0201955,0
2.9,3.6,0,3.00306,-0.0197792,0
2.9,3.7,0,3.00164,-0.0189801,0
2.9,3.8,0,3.00023,-0.0181811,0
2.9,3.9,0,2.99842,-0.0169046,0
2.9,4,0,2.9973,-0.0161527,0
2.9,4.1,0,2.99618,-0.0154008,0
2.9,4.2,0,2.99553,-0.0145012,0
2.9,4.3,0,2.99711,-0.0147406,0
2.9,4.4,0,2.99791,-0.0144319,0
2.9,4.5,0,2.99872,-0.0141232,0
2.9,4.6,0,2.99874,-0.0129807,0
2.9,4.7,0,2.99864,-0.0122682,0
2.9,4.8,0,2.99854,-0.0115557,0
2.9,4.9,0,2.99768,-0.0104776,0
2.9,5,0,2.99766,-0.00995743,0
2.9,5.1,0,2.99736,-0.00924105,0
2.9,5.2,0,2.99707,-0.00852467,0
2.9,5.3,0,2.99745,-0.00761738,0
2.9,5.4,0,2.99755,-0.00700322,0
2.9,5.5,0,2.99764,-0.00638905,0
2.9,5.6,0,2.99705,-0.00547842,0
2.9,5.7,0,2.99737,-0.00478684,0
2.9,5.8,0,2.99729,-0.00407053,0
2.9,5.9,0,2.9972,-0.00335422,0
2.9,6,0,2.99731,-0.00242055,0
2.9,6.1,0,2.99732,-0.00176065,0
2.9,6.2,0,2.99733,-0.00110075,0
2.9,6.3,0,2.99678,-0.000310602,0
2.9,6.4,0,2.99721,0.000528567,0
2.9,6.5,0,2.99719,0.00123725,0
2.9,6.6,0,2.99717,0.00194592,0
2.9,6.7,0,2.99723,0.00285459,0
2.9,6.8,0,2.99726,0.00340795,0
2.9,6.9,0,2.9973,0.00396132,0
2.9,7,0,2.99685,0.00443259,0
2.9,7.1,0,2.99691,0.00564977,0
2.9,7.2,0,2.99697,0.00636819,0
2.9,7.3,0,2.99704,0.00710184,0
2.9,7.4,0,2.99711,0.00782812,0
2.9,7.5,0,2.99719,0.00854902,0
2.9,7.6,0,2.99728,0.00926557,0
2.9,7.7,0,2.99737,0.00997876,0
2.9,7.8,0,2.99746,0.0106914,0
2.9,7.9,0,2.99756,0.0113856,0
2.9,8,0,2.99772,0.0123218,0
2.9,8.1,0,2.99828,0.0133117,0
2.9,8.2,0,2.99836,0.0138598,0
2.9,8.3,0,2.99847,0.0146476,0
2.9,8.4,0,2.99847,0.0152374,0
2.9,8.5,0,2.99841,0.0159682,0
2.9,8.6,0,2.99856,0.0165771,0
2.9,8.7,0,2.99845,0.0169288,0
2.9,8.8,0,2.99894,0.0179862,0
2.9,8.9,0,2.9992,0.0186047,0
2.9,9,0,2.99948,0.0193815,0
2.9,9.1,0,2.99955,0.0199487,0
2.9,9.2,0,2.99964,0.0206965,0
2.9,9.3,0,2.99977,0.0212729,0
2.9,9.4,0,2.9998,0.0217318,0
2.9,9.5,0,3.00002,0.0226069,0
2.9,9.6,0,3.00026,0.0232018,0
2.9,9.7,0,3.00039,0.0239667,0
2.9,9.8,0,3.0006,0.0245726,0
2.9,9.9,0,3.00085,0.0253806,0
2.9,10,0,3.00104,0.025973,0
2.9,10.1,0,3.00122,0.0265653,0
2.9,10.2,0,3.00153,0.0273459,0
2.9,10.3,0,3.00173,0.0279424,0
2.9,10.4,0,3.00196,0.0287368,0
2.9,10.5,0,3.00215,0.0293127,0
2.9,10.6,0,3.00224,0.0300464,0
2.9,10.7,0,3.00245,0.0306299,0
2.9,10.8,0,3.00266,0.0312134,0
2.9,10.9,0,3.00281,0.0319968,0
2.9,11,0,3.0031,0.0325784,0
2.9,11.1,0,3.00337,0.0333498,0
2.9,11.2,0,3.00378,0.033948,0
2.9,11.3,0,3.00418,0.034498,0
2.9,11.4,0,3.00471,0.0354295,0
2.9,11.5,0,3.00515,0.0360854,0
2.9,11.6,0,3.0056,0.0370079,0
2.9,11.7,0,3.00605,0.037662,0
2.9,11.8,0,3.00644,0.038557,0
2.9,11.9,0,3.00698,0.0393852,0
2.9,12,0,3.00713,0.0394361,0
2.9,12.1,0,3.00799,0.0414038,0
2.9,12.2,0,3.00853,0.0421821,0
2.9,12.3,0,3.00883,0.0433068,0
2.9,12.4,0,3.00931,0.0444952,0
2.9,12.5,0,3.00955,0.0463397,0
2.9,12.6,0,3.00976,0.0472393,0
2.9,12.7,0,3.00947,0.0455741,0
3,0,0,3.00714,-0.0532309,0
3,0.1,0,3.00636,-0.0600922,0
3,0.2,0,3.00573,-0.0590533,0
3,0.3,0,3.00517,-0.0572464,0
3,0.4,0,3.00357,-0.0525233,0
3,0.5,0,3.00236,-0.0516653,0
3,0.6,0,3.0013,-0.050416,0
3,0.7,0,3.00331,-0.045012,0
3,0.8,0,3.00424,-0.0503447,0
3,0.9,0,3.00363,-0.0497135,0
3,1,0,3.00291,-0.048472,0
3,1.1,0,3.00441,-0.0463226,0
3,1.2,0,3.00447,-0.0460278,0
3,1.3,0,3.00421,-0.0452763,0
3,1.4,0,3.00001,-0.0392087,0
3,1.5,0,3.00353,-0.0437507,0
3,1.6,0,3.0039,-0.0432881,0
3,1.7,0,3.00392,-0.042299,0
3,1.8,0,3.0023,-0.0401083,0
3,1.9,0,3.00303,-0.0397935,0
3,2,0,3.00364,-0.039123,0
3,2.1,0,3.00252,-0.034324,0
3,2.2,0,3.00134,-0.0360147,0
3,2.3,0,3.00086,-0.0350138,0
3,2.4,0,3.00049,-0.0337385,0
3,2.5,0,3.00023,-0.0316985,0
3,2.6,0,2.99891,-0.0307463,0
3,2.7,0,2.99763,-0.0296227,0
3,2.8,0,2.99781,-0.0264396,0
3,2.9,0,3.00101,-0.0278741,0
3,3,0,3.00141,-0.0274257,0
3,3.1,0,3.00155,-0.0267315,0
3,3.2,0,3.00469,-0.0260334,0
3,3.3,0,3.0063,-0.0262438,0
3,3.4,0,3.0074,-0.0262591,0
3,3.5,0,3.00211,-0.0230824,0
3,3.6,0,3.00245,-0.023432,0
3,3.7,0,3.00104,-0.0226329,0
3,3.8,0,2.9995,-0.02167,0
3,3.9,0,2.99676,-0.0195347,0
3,4,0,2.99561,-0.0188035,0
3,4.1,0,2.99449,-0.0180516,0
3,4.2,0,2.99478,-0.0168564,0
3,4.3,0,2.99789,-0.0181919,0
3,4.4,0,2.99869,-0.0178832,0
3,4.5,0,2.99922,-0.0173462,0
3,4.6,0,2.99866,-0.0151205,0
3,4.7,0,2.99875,-0.0144558,0
3,4.8,0,2.99865,-0.0137432,0
3,4.9,0,2.99626,-0.011934,0
3,5,0,2.99678,-0.0118062,0
3,5.1,0,2.99648,-0.0110899,0
3,5.2,0,2.99614,-0.0102803,0
3,5.3,0,2.99733,-0.00895816,0
3,5.4,0,2.99761,-0.008368,0
3,5.5,0,2.99771,-0.00775384,0
3,5.6,0,2.99573,-0.00625027,0
3,5.7,0,2.99687,-0.00560816,0
3,5.8,0,2.99678,-0.00489185,0
3,5.9,0,2.99658,-0.00412321,0
3,6,0,2.99693,-0.00276855,0
3,6.1,0,2.99709,-0.00209082,0
3,6.2,0,2.9971,-0.00143092,0
3,6.3,0,2.99545,-0.000380259,0
3,6.4,0,2.99678,0.00071989,0
3,6.5,0,2.99676,0.00142857,0
3,6.6,0,2.99661,0.00214819,0
3,6.7,0,2.99673,0.00353281,0
3,6.8,0,2.99691,0.00415456,0
3,6.9,0,2.99695,0.00470792,0
3,7,0,2.99551,0.00501501,0
3,7.1,0,2.99557,0.00638659,0
3,7.2,0,2.99562,0.00721235,0
3,7.3,0,2.99569,0.00805143,0
3,7.4,0,2.99577,0.00888316,0
3,7.5,0,2.99585,0.00971016,0
3,7.6,0,2.99594,0.0105332,0
3,7.7,0,2.99603,0.011353,0
3,7.8,0,2.99613,0.0121727,0
3,7.9,0,2.99623,0.0129756,0
3,8,0,2.99639,0.0140474,0
3,8.1,0,2.99794,0.0159209,0
3,8.2,0,2.99793,0.0164125,0
3,8.3,0,2.99828,0.0176823,0
3,8.4,0,2.99828,0.0182721,0
3,8.5,0,2.99778,0.018957,0
3,8.6,0,2.99818,0.0198824,0
3,8.7,0,2.99719,0.0193708,0
3,8.8,0,2.99852,0.0216561,0
3,8.9,0,2.99877,0.0222746,0
3,9,0,2.99932,0.0234298,0
3,9.1,0,2.99939,0.0239969,0
3,9.2,0,2.99894,0.0243799,0
3,9.3,0,2.99962,0.0256779,0
3,9.4,0,2.99855,0.0249095,0
3,9.5,0,2.99964,0.0273411,0
3,9.6,0,2.99988,0.027936,0
3,9.7,0,2.99984,0.0290288,0
3,9.8,0,3.00004,0.0296347,0
3,9.9,0,2.99978,0.0295762,0
3,10,0,3.00059,0.0314448,0
3,10.1,0,2.99994,0.0305845,0
3,10.2,0,3.00129,0.0331872,0
3,10.3,0,3.0015,0.0337837,0
3,10.4,0,3.00179,0.0349943,0
3,10.5,0,3.00198,0.0355702,0
3,10.6,0,3.00102,0.0345791,0
3,10.7,0,3.00208,0.0372008,0
3,10.8,0,3.00162,0.0363503,0
3,10.9,0,3.00221,0.0389706,0
3,11,0,3.00249,0.0395522,0
3,11.1,0,3.00263,0.0406881,0
3,11.2,0,3.00305,0.0412863,0
3,11.3,0,3.00265,0.0394004,0
3,11.4,0,3.00411,0.0432111,0
3,11.5,0,3.00404,0.0425594,0
3,11.6,0,3.00503,0.0453254,0
3,11.7,0,3.00547,0.0459795,0
3,11.8,0,3.00569,0.047217,0
3,11.9,0,3.00622,0.0480452,0
3,12,0,3.00518,0.0449323,0
3,12.1,0,3.00711,0.0508928,0
3,12.2,0,3.00727,0.0505757,0
3,12.3,0,3.00755,0.0529145,0
3,12.4,0,3.00803,0.0541029,0
3,12.5,0,3.00791,0.057014,0
3,12.6,0,3.00819,0.0583613,0
3,12.7,0,3.00692,0.0515665,0
3.1,0,0,3.00442,-0.05904,0
3.1,0.1,0,3.00354,-0.0711679,0
3.1,0.2,0,3.00291,-0.0701291,0
3.1,0.3,0,3.0029,-0.0629455,0
3.1,0.4,0,3.00131,-0.0582224,0
3.1,0.5,0,2.99899,-0.0601039,0
3.1,0.6,0,2.99793,-0.0588546,0
3.1,0.7,0,3.00198,-0.0506808,0
3.1,0.8,0,3.00394,-0.0599893,0
3.1,0.9,0,3.00333,-0.0593581,0
3.1,1,0,3.00178,-0.0538449,0
3.1,1.1,0,3.00328,-0.0516955,0
3.1,1.2,0,3.00559,-0.0545982,0
3.1,1.3,0,3.00533,-0.0538466,0
3.1,1.4,0,2.99851,-0.044235,0
3.1,1.5,0,3.00413,-0.0521134,0
3.1,1.6,0,3.00449,-0.0516508,0
3.1,1.7,0,3.00206,-0.0469754,0
3.1,1.8,0,3.00044,-0.0447848,0
3.1,1.9,0,3.00207,-0.0469594,0
3.1,2,0,3.00268,-0.046289,0
3.1,2.1,0,3.00042,-0.0387376,0
3.1,2.2,0,2.99877,-0.0422227,0
3.1,2.3,0,2.99829,-0.0412217,0
3.1,2.4,0,2.99868,-0.0380263,0
3.1,2.5,0,2.99842,-0.0359863,0
3.1,2.6,0,2.99679,-0.0362337,0
3.1,2.7,0,2.99551,-0.0351102,0
3.1,2.8,0,2.99668,-0.030554,0
3.1,2.9,0,3.00175,-0.0332438,0
3.1,3,0,3.00215,-0.0327954,0
3.1,3.1,0,3.00048,-0.0303802,0
3.1,3.2,0,3.00361,-0.0296822,0
3.1,3.3,0,3.00879,-0.0312587,0
3.1,3.4,0,3.00989,-0.0312739,0
3.1,3.5,0,3.00033,-0.0259694,0
3.1,3.6,0,3.00185,-0.0270847,0
3.1,3.7,0,3.00043,-0.0262856,0
3.1,3.8,0,2.99806,-0.0241759,0
3.1,3.9,0,2.99532,-0.0220406,0
3.1,4,0,2.99391,-0.0214543,0
3.1,4.1,0,2.99279,-0.0207024,0
3.1,4.2,0,2.99402,-0.0192117,0
3.1,4.3,0,2.99866,-0.0216433,0
3.1,4.4,0,2.99947,-0.0213346,0
3.1,4.5,0,2.99802,-0.0191994,0
3.1,4.6,0,2.99747,-0.0169736,0
3.1,4.7,0,2.99886,-0.0166433,0
3.1,4.8,0,2.99876,-0.0159308,0
3.1,4.9,0,2.99484,-0.0133904,0
3.1,5,0,2.99589,-0.0136551,0
3.1,5.1,0,2.9956,-0.0129387,0
3.1,5.2,0,2.99488,-0.0114771,0
3.1,5.3,0,2.99607,-0.0101549,0
3.1,5.4,0,2.99768,-0.00973278,0
3.1,5.5,0,2.99778,-0.00911862,0
3.1,5.6,0,2.99442,-0.00702212,0
3.1,5.7,0,2.99636,-0.00642947,0
3.1,5.8,0,2.99628,-0.00571316,0
3.1,5.9,0,2.99525,-0.00457822,0
3.1,6,0,2.99559,-0.00322357,0
3.1,6.1,0,2.99687,-0.00242099,0
3.1,6.2,0,2.99688,-0.00176109,0
3.1,6.3,0,2.99411,-0.000449917,0
3.1,6.4,0,2.99634,0.000911214,0
3.1,6.5,0,2.99632,0.00161989,0
3.1,6.6,0,2.99527,0.00241609,0
3.1,6.7,0,2.99539,0.00380071,0
3.1,6.8,0,2.99656,0.00490116,0
3.1,6.9,0,2.9966,0.00545453,0
3.1,7,0,2.99418,0.00559743,0
3.1,7.1,0,2.99423,0.00712341,0
3.1,7.2,0,2.99428,0.00805651,0
3.1,7.3,0,2.99435,0.00900103,0
3.1,7.4,0,2.99443,0.0099382,0
3.1,7.5,0,2.99451,0.0108713,0
3.1,7.6,0,2.9946,0.0118009,0
3.1,7.7,0,2.9947,0.0127273,0
3.1,7.8,0,2.9948,0.013654,0
3.1,7.9,0,2.99491,0.0145657,0
3.1,8,0,2.99506,0.0157729,0
3.1,8.1,0,2.99759,0.0185302,0
3.1,8.2,0,2.99663,0.0183577,0
3.1,8.3,0,2.99809,0.0207169,0
3.1,8.4,0,2.99809,0.0213067,0
3.1,8.5,0,2.99654,0.0211603,0
3.1,8.6,0,2.99779,0.0231876,0
3.1,8.7,0,2.99592,0.0218129,0
3.1,8.8,0,2.99809,0.025326,0
3.1,8.9,0,2.99757,0.0250715,0
3.1,9,0,2.99908,0.0273762,0
3.1,9.1,0,2.99924,0.0280452,0
3.1,9.2,0,2.99767,0.0273104,0
3.1,9.3,0,2.99947,0.0300829,0
3.1,9.4,0,2.9973,0.0280872,0
3.1,9.5,0,2.99925,0.0320753,0
3.1,9.6,0,2.99888,0.031767,0
3.1,9.7,0,2.99908,0.0336333,0
3.1,9.8,0,2.99948,0.0346968,0
3.1,9.9,0,2.99842,0.0332024,0
3.1,10,0,3.00015,0.0369167,0
3.1,10.1,0,2.99856,0.0344307,0
3.1,10.2,0,3.00105,0.0390284,0
3.1,10.3,0,3.00073,0.0387755,0
3.1,10.4,0,3.00106,0.0402031,0
3.1,10.5,0,3.00181,0.0418277,0
3.1,10.6,0,2.99971,0.0388691,0
3.1,10.7,0,3.00171,0.0437717,0
3.1,10.8,0,3.00028,0.0408476,0
3.1,10.9,0,3.00161,0.0459444,0
3.1,11,0,3.00167,0.045899,0
3.1,11.1,0,3.00143,0.0462348,0
3.1,11.2,0,3.00231,0.0486246,0
3.1,11.3,0,3.00111,0.0443029,0
3.1,11.4,0,3.00351,0.0509927,0
3.1,11.5,0,3.00241,0.0476688,0
3.1,11.6,0,3.00445,0.0536429,0
3.1,11.7,0,3.00481,0.0540728,0
3.1,11.8,0,3.00405,0.0529163,0
3.1,11.9,0,3.00547,0.0567052,0
3.1,12,0,3.00324,0.0504285,0
3.1,12.1,0,3.00623,0.0603819,0
3.1,12.2,0,3.00508,0.0562508,0
3.1,12.3,0,3.00627,0.0625222,0
3.1,12.4,0,3.00675,0.0637106,0
3.1,12.5,0,3.00545,0.0628762,0
3.1,12.6,0,3.00662,0.0694832,0
3.1,12.7,0,3.00437,0.0575589,0
3.2,0,0,3.00169,-0.064849,0
3.2,0.1,0,3.0008,-0.0781055,0
3.2,0.2,0,3.00009,-0.0812048,0
3.2,0.3,0,3.00063,-0.0686447,0
3.2,0.4,0,2.99904,-0.0639216,0
3.2,0.5,0,2.99562,-0.0685425,0
3.2,0.6,0,2.99617,-0.0651169,0
3.2,0.7,0,3.00066,-0.0563495,0
3.2,0.8,0,3.00283,-0.0665101,0
3.2,0.9,0,3.00303,-0.0690028,0
3.2,1,0,3.00065,-0.0592177,0
3.2,1.1,0,3.00215,-0.0570683,0
3.2,1.2,0,3.00671,-0.0631685,0
3.2,1.3,0,3.00439,-0.0596323,0
3.2,1.4,0,2.99701,-0.0492613,0
3.2,1.5,0,3.00307,-0.0578546,0
3.2,1.6,0,3.00509,-0.0600135,0
3.2,1.7,0,3.00021,-0.0516519,0
3.2,1.8,0,2.99858,-0.0494613,0
3.2,1.9,0,3.00111,-0.0541254,0
3.2,2,0,3.00082,-0.0512923,0
3.2,2.1,0,2.99831,-0.0431511,0
3.2,2.2,0,2.99656,-0.0470207,0
3.2,2.3,0,2.99572,-0.0474297,0
3.2,2.4,0,2.99687,-0.0423141,0
3.2,2.5,0,2.99661,-0.0402741,0
3.2,2.6,0,2.99468,-0.0417212,0
3.2,2.7,0,2.99417,-0.0395188,0
3.2,2.8,0,2.99554,-0.0346684,0
3.2,2.9,0,3.00102,-0.0376271,0
3.2,3,0,3.00288,-0.038165,0
3.2,3.1,0,2.99941,-0.034029,0
3.2,3.2,0,3.00254,-0.0333309,0
3.2,3.3,0,3.01127,-0.0362736,0
3.2,3.4,0,3.00903,-0.0346169,0
3.2,3.5,0,2.99856,-0.0288564,0
3.2,3.6,0,3.00032,-0.0301358,0
3.2,3.7,0,2.99983,-0.0299384,0
3.2,3.8,0,2.99662,-0.0266818,0
3.2,3.9,0,2.99387,-0.0245465,0
3.2,4,0,2.99222,-0.0241051,0
3.2,4.1,0,2.99184,-0.023121,0
3.2,4.2,0,2.99327,-0.0215669,0
3.2,4.3,0,2.99824,-0.0242334,0
3.2,4.4,0,3.00025,-0.0247859,0
3.2,4.5,0,2.99683,-0.0210525,0
3.2,4.6,0,2.99627,-0.0188268,0
3.2,4.7,0,2.99897,-0.0188309,0
3.2,4.8,0,2.99767,-0.0175439,0
3.2,4.9,0,2.99342,-0.0148468,0
3.2,5,0,2.99459,-0.0151955,0
3.2,5.1,0,2.99472,-0.0147875,0
3.2,5.2,0,2.99363,-0.0126738,0
3.2,5.3,0,2.99482,-0.0113516,0
3.2,5.4,0,2.99775,-0.0110976,0
3.2,5.5,0,2.99676,-0.0100175,0
3.2,5.6,0,2.9931,-0.00779397,0
3.2,5.7,0,2.99522,-0.00721192,0
3.2,5.8,0,2.99577,-0.00653447,0
3.2,5.9,0,2.99391,-0.00503324,0
3.2,6,0,2.99426,-0.00367858,0
3.2,6.1,0,2.99665,-0.00275115,0
3.2,6.2,0,2.99578,-0.00188657,0
3.2,6.3,0,2.99278,-0.000519574,0
3.2,6.4,0,2.9952,0.000897481,0
3.2,6.5,0,2.99589,0.00181122,0
3.2,6.6,0,2.99393,0.002684,0
3.2,6.7,0,2.99405,0.00406861,0
3.2,6.8,0,2.9962,0.00564776,0
3.2,6.9,0,2.99547,0.00607213,0
3.2,7,0,2.99284,0.00617985,0
3.2,7.1,0,2.99289,0.00786023,0
3.2,7.2,0,2.99294,0.00890066,0
3.2,7.3,0,2.99301,0.00995063,0
3.2,7.4,0,2.99309,0.0109932,0
3.2,7.5,0,2.99317,0.0120324,0
3.2,7.6,0,2.99327,0.0130686,0
3.2,7.7,0,2.99337,0.0141015,0
3.2,7.8,0,2.99347,0.0151353,0
3.2,7.9,0,2.99358,0.0161558,0
3.2,8,0,2.99374,0.0174985,0
3.2,8.1,0,2.99725,0.0211394,0
3.2,8.2,0,2.99533,0.020303,0
3.2,8.3,0,2.99693,0.0228012,0
3.2,8.4,0,2.99719,0.0237842,0
3.2,8.5,0,2.99529,0.0233636,0
3.2,8.6,0,2.99741,0.0264929,0
3.2,8.7,0,2.99466,0.0242549,0
3.2,8.8,0,2.99766,0.0289959,0
3.2,8.9,0,2.99626,0.0277527,0
3.2,9,0,2.99777,0.0300575,0
3.2,9.1,0,2.99856,0.0315702,0
3.2,9.2,0,2.99639,0.0302409,0
3.2,9.3,0,2.99932,0.0344879,0
3.2,9.4,0,2.99605,0.0312649,0
3.2,9.5,0,2.99887,0.0368094,0
3.2,9.6,0,2.99759,0.0351747,0
3.2,9.7,0,2.99779,0.037041,0
3.2,9.8,0,2.99871,0.0393771,0
3.2,9.9,0,2.99707,0.0368285,0
3.2,10,0,2.99971,0.0423886,0
3.2,10.1,0,2.99718,0.038277,0
3.2,10.2,0,3.00075,0.0447424,0
3.2,10.3,0,2.99937,0.0428422,0
3.2,10.4,0,2.9997,0.0442698,0
3.2,10.5,0,3.00157,0.0479597,0
3.2,10.6,0,2.99839,0.0431592,0
3.2,10.7,0,3.00134,0.0503427,0
3.2,10.8,0,2.99894,0.0453448,0
3.2,10.9,0,3.00081,0.0522595,0
3.2,11,0,3.00025,0.050606,0
3.2,11.1,0,3.00002,0.0509418,0
3.2,11.2,0,3.00157,0.0559629,0
3.2,11.3,0,2.99958,0.0492054,0
3.2,11.4,0,3.00291,0.0587743,0
3.2,11.5,0,3.00078,0.0527783,0
3.2,11.6,0,3.00338,0.0604588,0
3.2,11.7,0,3.00305,0.0593798,0
3.2,11.8,0,3.00229,0.0582232,0
3.2,11.9,0,3.00471,0.0653652,0
3.2,12,0,3.00129,0.0559246,0
3.2,12.1,0,3.00536,0.0698709,0
3.2,12.2,0,3.00289,0.061926,0
3.2,12.3,0,3.00438,0.0694942,0
3.2,12.4,0,3.00445,0.0700509,0
3.2,12.5,0,3.003,0.0687383,0
3.2,12.6,0,3.00505,0.0806052,0
3.2,12.7,0,3.00181,0.0635513,0
3.3,0,0,2.99897,-0.070658,0
3.3,0.1,0,2.99807,-0.0839145,0
3.3,0.2,0,2.9975,-0.0899763,0
3.3,0.3,0,2.99837,-0.0743438,0
3.3,0.4,0,2.99677,-0.0696207,0
3.3,0.5,0,2.99272,-0.075807,0
3.3,0.6,0,2.99484,-0.0707857,0
3.3,0.7,0,2.99933,-0.0620183,0
3.3,0.8,0,3.0015,-0.0721788,0
3.3,0.9,0,3.00237,-0.0768167,0
3.3,1,0,2.99951,-0.0645906,0
3.3,1.1,0,3.00101,-0.0624412,0
3.3,1.2,0,3.00687,-0.0703685,0
3.3,1.3,0,3.00289,-0.0646586,0
3.3,1.4,0,2.9955,-0.0542876,0
3.3,1.5,0,3.00157,-0.0628809,0
3.3,1.6,0,3.00463,-0.0667964,0
3.3,1.7,0,2.99835,-0.0563284,0
3.3,1.8,0,2.99673,-0.0541377,0
3.3,1.9,0,2.99976,-0.0602244,0
3.3,2,0,2.99871,-0.0557059,0
3.3,2.1,0,2.9962,-0.0475647,0
3.3,2.2,0,2.99446,-0.0514343,0
3.3,2.3,0,2.99347,-0.0528147,0
3.3,2.4,0,2.99506,-0.046602,0
3.3,2.5,0,2.9948,-0.0445619,0
3.3,2.6,0,2.9927,-0.0466945,0
3.3,2.7,0,2.99303,-0.0436332,0
3.3,2.8,0,2.99441,-0.0387828,0
3.3,2.9,0,2.99988,-0.0417416,0
3.3,3,0,3.00284,-0.0427972,0
3.3,3.1,0,2.99834,-0.0376777,0
3.3,3.2,0,3.00147,-0.0369796,0
3.3,3.3,0,3.01224,-0.040703,0
3.3,3.4,0,3.00725,-0.0375039,0
3.3,3.5,0,2.99678,-0.0317434,0
3.3,3.6,0,2.99855,-0.0330228,0
3.3,3.7,0,2.99887,-0.0330996,0
3.3,3.8,0,2.99518,-0.0291876,0
3.3,3.9,0,2.99243,-0.0270524,0
3.3,4,0,2.99063,-0.0266938,0
3.3,4.1,0,2.99108,-0.0254762,0
3.3,4.2,0,2.99251,-0.0239222,0
3.3,4.3,0,2.99748,-0.0265886,0
3.3,4.4,0,3.00018,-0.0275523,0
3.3,4.5,0,2.99564,-0.0229056,0
3.3,4.6,0,2.99508,-0.0206799,0
3.3,4.7,0,2.99852,-0.0208751,0
3.3,4.8,0,2.99625,-0.0190003,0
3.3,4.9,0,2.992,-0.0163031,0
3.3,5,0,2.99317,-0.0166519,0
3.3,5.1,0,2.99368,-0.0163568,0
3.3,5.2,0,2.99237,-0.0138705,0
3.3,5.3,0,2.99356,-0.0125483,0
3.3,5.4,0,2.99725,-0.0123903,0
3.3,5.5,0,2.99545,-0.0107894,0
3.3,5.6,0,2.99179,-0.00856582,0
3.3,5.7,0,2.9939,-0.00798377,0
3.3,5.8,0,2.99491,-0.0071988,0
3.3,5.9,0,2.99258,-0.00548825,0
3.3,6,0,2.99292,-0.0041336,0
3.3,6.1,0,2.99595,-0.00313483,0
3.3,6.2,0,2.99445,-0.00195623,0
3.3,6.3,0,2.99144,-0.000589231,0
3.3,6.4,0,2.99387,0.000827823,0
3.3,6.5,0,2.99507,0.00203536,0
3.3,6.6,0,2.99258,0.0029519,0
3.3,6.7,0,2.9927,0.00433652,0
3.3,6.8,0,2.99543,0.00618921,0
3.3,6.9,0,2.99413,0.00665455,0
3.3,7,0,2.9915,0.00676227,0
3.3,7.1,0,2.99155,0.00859705,0
3.3,7.2,0,2.9916,0.00974482,0
3.3,7.3,0,2.99167,0.0109002,0
3.3,7.4,0,2.99175,0.0120483,0
3.3,7.5,0,2.99183,0.0131936,0
3.3,7.6,0,2.99193,0.0143362,0
3.3,7.7,0,2.99203,0.0154758,0
3.3,7.8,0,2.99214,0.0166166,0
3.3,7.9,0,2.99225,0.0177459,0
3.3,8,0,2.99241,0.019224,0
3.3,8.1,0,2.99645,0.0233444,0
3.3,8.2,0,2.99403,0.0222482,0
3.3,8.3,0,2.99563,0.0247465,0
3.3,8.4,0,2.99595,0.0259875,0
3.3,8.5,0,2.99405,0.0255669,0
3.3,8.6,0,2.9968,0.0295778,0
3.3,8.7,0,2.99339,0.026697,0
3.3,8.8,0,2.99669,0.0318559,0
3.3,8.9,0,2.99494,0.030434,0
3.3,9,0,2.99646,0.0327387,0
3.3,9.1,0,2.99728,0.0345007,0
3.3,9.2,0,2.99512,0.0331714,0
3.3,9.3,0,2.99911,0.0388276,0
3.3,9.4,0,2.9948,0.0344426,0
3.3,9.5,0,2.99774,0.0402024,0
3.3,9.6,0,2.9963,0.0385824,0
3.3,9.7,0,2.9965,0.0404487,0
3.3,9.8,0,2.99736,0.0430032,0
3.3,9.9,0,2.99571,0.0404547,0
3.3,10,0,2.99927,0.0478604,0
3.3,10.1,0,2.9958,0.0421232,0
3.3,10.2,0,2.99937,0.0485886,0
3.3,10.3,0,2.99802,0.0469089,0
3.3,10.4,0,2.99835,0.0483365,0
3.3,10.5,0,3.00025,0.0522497,0
3.3,10.6,0,2.99707,0.0474492,0
3.3,10.7,0,3.00097,0.0569136,0
3.3,10.8,0,2.99761,0.0498421,0
3.3,10.9,0,2.99947,0.0567567,0
3.3,11,0,2.99884,0.055313,0
3.3,11.1,0,2.9986,0.0556488,0
3.3,11.2,0,3.00014,0.0612022,0
3.3,11.3,0,2.99805,0.0541078,0
3.3,11.4,0,3.00226,0.0664028,0
3.3,11.5,0,2.99915,0.0578877,0
3.3,11.6,0,3.00175,0.0655682,0
3.3,11.7,0,3.0013,0.0646867,0
3.3,11.8,0,3.00054,0.0635302,0
3.3,11.9,0,3.00317,0.0719384,0
3.3,12,0,2.99935,0.0614208,0
3.3,12.1,0,3.00421,0.0783405,0
3.3,12.2,0,3.00069,0.0676011,0
3.3,12.3,0,3.00218,0.0751693,0
3.3,12.4,0,3.00199,0.075913,0
3.3,12.5,0,3.00054,0.0746005,0
3.3,12.6,0,3.00303,0.0893806,0
3.3,12.7,0,2.99926,0.0695437,0
3.4,0,0,2.99624,-0.076467,0
3.4,0.1,0,2.99535,-0.0897236,0
3.4,0.2,0,2.99524,-0.0952993,0
3.4,0.3,0,2.9961,-0.080043,0
3.4,0.4,0,2.9945,-0.0753199,0
3.4,0.5,0,2.9906,-0.0813084,0
3.4,0.6,0,2.99351,-0.0764544,0
3.4,0.7,0,2.998,-0.067687,0
3.4,0.8,0,3.00018,-0.0778476,0
3.4,0.9,0,3.00116,-0.0819055,0
3.4,1,0,2.99838,-0.0699634,0
3.4,1.1,0,2.99988,-0.067814,0
3.4,1.2,0,3.00555,-0.0754882,0
3.4,1.3,0,3.00138,-0.069685,0
3.4,1.4,0,2.994,-0.0593139,0
3.4,1.5,0,3.00006,-0.0679072,0
3.4,1.6,0,3.00263,-0.0712345,0
3.4,1.7,0,2.99649,-0.0610049,0
3.4,1.8,0,2.99487,-0.0588142,0
3.4,1.9,0,2.99783,-0.0647043,0
3.4,2,0,2.9966,-0.0601195,0
3.4,2.1,0,2.99409,-0.0519783,0
3.4,2.2,0,2.99235,-0.0558479,0
3.4,2.3,0,2.99169,-0.0569744,0
3.4,2.4,0,2.99325,-0.0508898,0
3.4,2.5,0,2.99299,-0.0488497,0
3.4,2.6,0,2.99096,-0.0508842,0
3.4,2.7,0,2.9919,-0.0477476,0
3.4,2.8,0,2.99328,-0.0428972,0
3.4,2.9,0,2.99875,-0.045856,0
3.4,3,0,3.00164,-0.0463562,0
3.4,3.1,0,2.99726,-0.0413264,0
3.4,3.2,0,3.0004,-0.0406284,0
3.4,3.3,0,3.01086,-0.0441997,0
3.4,3.4,0,3.00548,-0.0403909,0
3.4,3.5,0,2.99501,-0.0346304,0
3.4,3.6,0,2.99677,-0.0359098,0
3.4,3.7,0,2.99734,-0.0355508,0
3.4,3.8,0,2.99374,-0.0316935,0
3.4,3.9,0,2.99099,-0.0295583,0
3.4,4,0,2.98926,-0.0291786,0
3.4,4.1,0,2.99033,-0.0278315,0
3.4,4.2,0,2.99176,-0.0262774,0
3.4,4.3,0,2.99673,-0.0289439,0
3.4,4.4,0,2.99888,-0.0293272,0
3.4,4.5,0,2.99444,-0.0247588,0
3.4,4.6,0,2.99389,-0.022533,0
3.4,4.7,0,2.99722,-0.022676,0
3.4,4.8,0,2.99483,-0.0204566,0
3.4,4.9,0,2.99058,-0.0177595,0
3.4,5,0,2.99175,-0.0181083,0
3.4,5.1,0,2.99238,-0.0175255,0
3.4,5.2,0,2.99111,-0.0150672,0
3.4,5.3,0,2.99231,-0.0137451,0
3.4,5.4,0,2.9959,-0.0135447,0
3.4,5.5,0,2.99413,-0.0115612,0
3.4,5.6,0,2.99047,-0.00933767,0
3.4,5.7,0,2.99259,-0.00875562,0
3.4,5.8,0,2.99352,-0.00765028,0
3.4,5.9,0,2.99124,-0.00594327,0
3.4,6,0,2.99159,-0.00458861,0
3.4,6.1,0,2.99453,-0.00357124,0
3.4,6.2,0,2.99312,-0.00202589,0
3.4,6.3,0,2.99011,-0.000658888,0
3.4,6.4,0,2.99253,0.000758166,0
3.4,6.5,0,2.99366,0.00228462,0
3.4,6.6,0,2.99124,0.00321981,0
3.4,6.7,0,2.99136,0.00460442,0
3.4,6.8,0,2.99401,0.00644539,0
3.4,6.9,0,2.99279,0.00723697,0
3.4,7,0,2.99016,0.00734469,0
3.4,7.1,0,2.9902,0.00933387,0
3.4,7.2,0,2.99025,0.010589,0
3.4,7.3,0,2.99032,0.0118498,0
3.4,7.4,0,2.9904,0.0131033,0
3.4,7.5,0,2.99049,0.0143547,0
3.4,7.6,0,2.99059,0.0156039,0
3.4,7.7,0,2.9907,0.01685,0
3.4,7.8,0,2.99081,0.0180978,0
3.4,7.9,0,2.99092,0.019336,0
3.4,8,0,2.99109,0.0209496,0
3.4,8.1,0,2.99509,0.0250417,0
3.4,8.2,0,2.99273,0.0241935,0
3.4,8.3,0,2.99433,0.0266917,0
3.4,8.4,0,2.9947,0.0281908,0
3.4,8.5,0,2.9928,0.0277703,0
3.4,8.6,0,2.99533,0.0317502,0
3.4,8.7,0,2.99213,0.029139,0
3.4,8.8,0,2.99542,0.034298,0
3.4,8.9,0,2.99363,0.0331152,0
3.4,9,0,2.99515,0.0354199,0
3.4,9.1,0,2.99601,0.0374312,0
3.4,9.2,0,2.99384,0.0361019,0
3.4,9.3,0,2.99736,0.0413465,0
3.4,9.4,0,2.99355,0.0376202,0
3.4,9.5,0,2.99649,0.04338,0
3.4,9.6,0,2.99501,0.0419901,0
3.4,9.7,0,2.99521,0.0438565,0
3.4,9.8,0,2.996,0.0466293,0
3.4,9.9,0,2.99436,0.0440808,0
3.4,10,0,2.99743,0.050751,0
3.4,10.1,0,2.99442,0.0459695,0
3.4,10.2,0,2.99798,0.0524349,0
3.4,10.3,0,2.99667,0.0509757,0
3.4,10.4,0,2.997,0.0524032,0
3.4,10.5,0,2.99893,0.0565398,0
3.4,10.6,0,2.99575,0.0517393,0
3.4,10.7,0,2.99916,0.0601976,0
3.4,10.8,0,2.99627,0.0543393,0
3.4,10.9,0,2.99814,0.061254,0
3.4,11,0,2.99742,0.06002,0
3.4,11.1,0,2.99719,0.0603558,0
3.4,11.2,0,2.99861,0.0661047,0
3.4,11.3,0,2.99651,0.0590103,0
3.4,11.4,0,3.00026,0.0701113,0
3.4,11.5,0,2.99752,0.0629972,0
3.4,11.6,0,3.00012,0.0706777,0
3.4,11.7,0,2.99954,0.0699936,0
3.4,11.8,0,2.99878,0.0688371,0
3.4,11.9,0,3.00123,0.0774345,0
3.4,12,0,2.9974,0.066917,0
3.4,12.1,0,3.00194,0.0829035,0
3.4,12.2,0,2.9985,0.0732763,0
3.4,12.3,0,2.99999,0.0808445,0
3.4,12.4,0,2.99954,0.0817752,0
3.4,12.5,0,2.99809,0.0804626,0
3.4,12.6,0,3.00044,0.0951492,0
3.4,12.7,0,2.9967,0.0755361,0
3.5,0,0,2.99352,-0.082276,0
3.5,0.1,0,2.99262,-0.0955326,0
3.5,0.2,0,2.99307,-0.0957317,0
3.5,0.3,0,2.99383,-0.0857422,0
3.5,0.4,0,2.99224,-0.0810191,0
3.5,0.5,0,2.99038,-0.0842377,0
3.5,0.6,0,2.99219,-0.0821232,0
3.5,0.7,0,2.99668,-0.0733558,0
3.5,0.8,0,2.99885,-0.0835163,0
3.5,0.9,0,2.99901,-0.0833025,0
3.5,1,0,2.99725,-0.0753362,0
3.5,1.1,0,2.99875,-0.0731868,0
3.5,1.2,0,3.00179,-0.077317,0
3.5,1.3,0,2.99988,-0.0747113,0
3.5,1.4,0,2.99249,-0.0643402,0
3.5,1.5,0,2.99856,-0.0729335,0
3.5,1.6,0,2.99867,-0.0725746,0
3.5,1.7,0,2.99464,-0.0656813,0
3.5,1.8,0,2.99302,-0.0634907,0
3.5,1.9,0,2.99482,-0.0666284,0
3.5,2,0,2.99449,-0.064533,0
3.5,2.1,0,2.99198,-0.0563918,0
3.5,2.2,0,2.99024,-0.0602614,0
3.5,2.3,0,2.99035,-0.0594678,0
3.5,2.4,0,2.99144,-0.0551776,0
3.5,2.5,0,2.99118,-0.0531375,0
3.5,2.6,0,2.99013,-0.053799,0
3.5,2.7,0,2.99077,-0.051862,0
3.5,2.8,0,2.99214,-0.0470116,0
3.5,2.9,0,2.99761,-0.0499704,0
3.5,3,0,2.99869,-0.0487497,0
3.5,3.1,0,2.99619,-0.0449752,0
3.5,3.2,0,2.99932,-0.0442771,0
3.5,3.3,0,3.00552,-0.0457206,0
3.5,3.4,0,3.0037,-0.0432779,0
3.5,3.5,0,2.99323,-0.0375174,0
3.5,3.6,0,2.995,-0.0387968,0
3.5,3.7,0,2.99473,-0.037291,0
3.5,3.8,0,2.99229,-0.0341994,0
3.5,3.9,0,2.98955,-0.0320641,0
3.5,4,0,2.98875,-0.0313889,0
3.5,4.1,0,2.98957,-0.0301867,0
3.5,4.2,0,2.991,-0.0286327,0
3.5,4.3,0,2.99597,-0.0312991,0
3.5,4.4,0,2.99615,-0.0300842,0
3.5,4.5,0,2.99325,-0.0266119,0
3.5,4.6,0,2.99269,-0.0243862,0
3.5,4.7,0,2.99449,-0.023798,0
3.5,4.8,0,2.99341,-0.021913,0
3.5,4.9,0,2.98916,-0.0192159,0
3.5,5,0,2.99033,-0.0195647,0
3.5,5.1,0,2.99059,-0.0183298,0
3.5,5.2,0,2.98986,-0.016264,0
3.5,5.3,0,2.99105,-0.0149418,0
3.5,5.4,0,2.99326,-0.0141485,0
3.5,5.5,0,2.99281,-0.0123331,0
3.5,5.6,0,2.98915,-0.0101095,0
3.5,5.7,0,2.99127,-0.00952747,0
3.5,5.8,0,2.99137,-0.00805584,0
3.5,5.9,0,2.9899,-0.00639829,0
3.5,6,0,2.99025,-0.00504363,0
3.5,6.1,0,2.99209,-0.00376574,0
3.5,6.2,0,2.99178,-0.00209554,0
3.5,6.3,0,2.98878,-0.000728546,0
3.5,6.4,0,2.9912,0.000688509,0
3.5,6.5,0,2.99142,0.00229155,0
3.5,6.6,0,2.9899,0.00348771,0
3.5,6.7,0,2.99002,0.00487233,0
3.5,6.8,0,2.99169,0.00654911,0
3.5,6.9,0,2.99146,0.00781939,0
3.5,7,0,2.98883,0.00792711,0
3.5,7.1,0,2.98886,0.0100707,0
3.5,7.2,0,2.98891,0.0114331,0
3.5,7.3,0,2.98898,0.0127994,0
3.5,7.4,0,2.98906,0.0141584,0
3.5,7.5,0,2.98915,0.0155159,0
3.5,7.6,0,2.98926,0.0168715,0
3.5,7.7,0,2.98937,0.0182243,0
3.5,7.8,0,2.98948,0.0195791,0
3.5,7.9,0,2.9896,0.0209261,0
3.5,8,0,2.98976,0.0226751,0
3.5,8.1,0,2.99281,0.0261033,0
3.5,8.2,0,2.99143,0.0261387,0
3.5,8.3,0,2.99303,0.028637,0
3.5,8.4,0,2.99346,0.0303941,0
3.5,8.5,0,2.99156,0.0299736,0
3.5,8.6,0,2.9932,0.0330903,0
3.5,8.7,0,2.99086,0.0315811,0
3.5,8.8,0,2.99341,0.0359091,0
3.5,8.9,0,2.99232,0.0357964,0
3.5,9,0,2.99383,0.0381012,0
3.5,9.1,0,2.99469,0.0403181,0
3.5,9.2,0,2.99257,0.0390324,0
3.5,9.3,0,2.99498,0.0430496,0
3.5,9.4,0,2.9923,0.0407979,0
3.5,9.5,0,2.99466,0.045711,0
3.5,9.6,0,2.99372,0.0453978,0
3.5,9.7,0,2.99392,0.0472642,0
3.5,9.8,0,2.99447,0.0498683,0
3.5,9.9,0,2.993,0.047707,0
3.5,10,0,2.99514,0.0527516,0
3.5,10.1,0,2.99304,0.0498157,0
3.5,10.2,0,2.99612,0.0555071,0
3.5,10.3,0,2.99532,0.0550424,0
3.5,10.4,0,2.99565,0.05647,0
3.5,10.5,0,2.9971,0.0598742,0
3.5,10.6,0,2.99444,0.0560293,0
3.5,10.7,0,2.99688,0.062414,0
3.5,10.8,0,2.99493,0.0588365,0
3.5,10.9,0,2.99661,0.0652207,0
3.5,11,0,2.99601,0.064727,0
3.5,11.1,0,2.99577,0.0650628,0
3.5,11.2,0,2.99665,0.0693276,0
3.5,11.3,0,2.99498,0.0639128,0
3.5,11.4,0,2.9977,0.0723416,0
3.5,11.5,0,2.99589,0.0681066,0
3.5,11.6,0,2.99845,0.0756911,0
3.5,11.7,0,2.99778,0.0753006,0
3.5,11.8,0,2.99702,0.074144,0
3.5,11.9,0,2.99844,0.0801127,0
3.5,12,0,2.99546,0.0724131,0
3.5,12.1,0,2.99868,0.0845857,0
3.5,12.2,0,2.99631,0.0789514,0
3.5,12.3,0,2.9978,0.0865196,0
3.5,12.4,0,2.99708,0.0876373,0
3.5,12.5,0,2.99564,0.0863248,0
3.5,12.6,0,2.997,0.0958818,0
3.5,12.7,0,2.99415,0.0815284,0
3.6,0,0,2.99079,-0.0880851,0
3.6,0.1,0,2.99029,-0.0975012,0
3.6,0.2,0,2.9909,-0.0961641,0
3.6,0.3,0,2.99156,-0.0914413,0
3.6,0.4,0,2.98997,-0.0867182,0
3.6,0.5,0,2.99015,-0.087167,0
3.6,0.6,0,2.99165,-0.0858352,0
3.6,0.7,0,2.99535,-0.0790246,0
3.6,0.8,0,2.99693,-0.0861338,0
3.6,0.9,0,2.99685,-0.0846994,0
3.6,1,0,2.99612,-0.0807091,0
3.6,1.1,0,2.99762,-0.0785597,0
3.6,1.2,0,2.99804,-0.0791458,0
3.6,1.3,0,2.99677,-0.0774537,0
3.6,1.4,0,2.99099,-0.0693665,0
3.6,1.5,0,2.9953,-0.0753268,0
3.6,1.6,0,2.99472,-0.0739147,0
3.6,1.7,0,2.99278,-0.0703578,0
3.6,1.8,0,2.99116,-0.0681672,0
3.6,1.9,0,2.99182,-0.0685525,0
3.6,2,0,2.99174,-0.0671684,0
3.6,2.1,0,2.98987,-0.0608054,0
3.6,2.2,0,2.98867,-0.0633035,0
3.6,2.3,0,2.989,-0.0619612,0
3.6,2.4,0,2.98963,-0.0594654,0
3.6,2.5,0,2.98937,-0.0574253,0
3.6,2.6,0,2.98929,-0.0567137,0
3.6,2.7,0,2.98985,-0.0551195,0
3.6,2.8,0,2.99101,-0.051126,0
3.6,2.9,0,2.99519,-0.0528555,0
3.6,3,0,2.99575,-0.0511432,0
3.6,3.1,0,2.99512,-0.0486239,0
3.6,3.2,0,2.99825,-0.0479259,0
3.6,3.3,0,3.00019,-0.0472414,0
3.6,3.4,0,2.99938,-0.045189,0
3.6,3.5,0,2.99145,-0.0404044,0
3.6,3.6,0,2.99262,-0.0408646,0
3.6,3.7,0,2.99211,-0.0390311,0
3.6,3.8,0,2.99085,-0.0367053,0
3.6,3.9,0,2.98811,-0.03457,0
3.6,4,0,2.98825,-0.0335993,0
3.6,4.1,0,2.989,-0.0324385,0
3.6,4.2,0,2.99025,-0.0309879,0
3.6,4.3,0,2.99381,-0.0325128,0
3.6,4.4,0,2.99342,-0.0308412,0
3.6,4.5,0,2.99206,-0.028465,0
3.6,4.6,0,2.9915,-0.0262393,0
3.6,4.7,0,2.99177,-0.0249199,0
3.6,4.8,0,2.99106,-0.0231305,0
3.6,4.9,0,2.98774,-0.0206723,0
3.6,5,0,2.98864,-0.0205553,0
3.6,5.1,0,2.98879,-0.0191341,0
3.6,5.2,0,2.9886,-0.0174607,0
3.6,5.3,0,2.9898,-0.0161385,0
3.6,5.4,0,2.99062,-0.0147523,0
3.6,5.5,0,2.99055,-0.0129849,0
3.6,5.6,0,2.98784,-0.0108814,0
3.6,5.7,0,2.98936,-0.0100377,0
3.6,5.8,0,2.98923,-0.00846139,0
3.6,5.9,0,2.98857,-0.0068533,0
3.6,6,0,2.98892,-0.00549864,0
3.6,6.1,0,2.98964,-0.00396025,0
3.6,6.2,0,2.98965,-0.00225438,0
3.6,6.3,0,2.98744,-0.000798203,0
3.6,6.4,0,2.98922,0.000673552,0
3.6,6.5,0,2.98918,0.00229847,0
3.6,6.6,0,2.98856,0.00375561,0
3.6,6.7,0,2.98868,0.00514023,0
3.6,6.8,0,2.98936,0.00665283,0
3.6,6.9,0,2.98941,0.00805988,0
3.6,7,0,2.98749,0.00850953,0
3.6,7.1,0,2.98752,0.0108075,0
3.6,7.2,0,2.98757,0.0122773,0
3.6,7.3,0,2.98764,0.013749,0
3.6,7.4,0,2.98772,0.0152134,0
3.6,7.5,0,2.98781,0.016677,0
3.6,7.6,0,2.98792,0.0181392,0
3.6,7.7,0,2.98803,0.0195985,0
3.6,7.8,0,2.98815,0.0210604,0
3.6,7.9,0,2.98827,0.0225162,0
3.6,8,0,2.98844,0.0244007,0
3.6,8.1,0,2.99053,0.0271649,0
3.6,8.2,0,2.99013,0.028084,0
3.6,8.3,0,2.99107,0.0300604,0
3.6,8.4,0,2.99129,0.0316935,0
3.6,8.5,0,2.99032,0.0321769,0
3.6,8.6,0,2.99108,0.0344304,0
3.6,8.7,0,2.9896,0.0340231,0
3.6,8.8,0,2.99126,0.0373625,0
3.6,8.9,0,2.99101,0.0384777,0
3.6,9,0,2.99205,0.0403068,0
3.6,9.1,0,2.99227,0.0418815,0
3.6,9.2,0,2.99129,0.0419629,0
3.6,9.3,0,2.99261,0.0447528,0
3.6,9.4,0,2.99105,0.0439756,0
3.6,9.5,0,2.99251,0.0475623,0
3.6,9.6,0,2.99243,0.0488055,0
3.6,9.7,0,2.99245,0.0503511,0
3.6,9.8,0,2.99239,0.05184,0
3.6,9.9,0,2.99165,0.0513331,0
3.6,10,0,2.99285,0.0547521,0
3.6,10.1,0,2.99166,0.053662,0
3.6,10.2,0,2.99362,0.0575788,0
3.6,10.3,0,2.99394,0.0590667,0
3.6,10.4,0,2.99427,0.0604948,0
3.6,10.5,0,2.9946,0.0619735,0
3.6,10.6,0,2.99312,0.0603193,0
3.6,10.7,0,2.9946,0.0646303,0
3.6,10.8,0,2.9936,0.0633338,0
3.6,10.9,0,2.99446,0.0674511,0
3.6,11,0,2.99443,0.0688807,0
3.6,11.1,0,2.99436,0.0697698,0
3.6,11.2,0,2.99444,0.0715988,0
3.6,11.3,0,2.99345,0.0688152,0
3.6,11.4,0,2.99514,0.0745719,0
3.6,11.5,0,2.99426,0.0732161,0
3.6,11.6,0,2.99564,0.07779,0
3.6,11.7,0,2.99558,0.0792424,0
3.6,11.8,0,2.99527,0.079451,0
3.6,11.9,0,2.99549,0.0822559,0
3.6,12,0,2.99351,0.0779093,0
3.6,12.1,0,2.99542,0.086268,0
3.6,12.2,0,2.99411,0.0846265,0
3.6,12.3,0,2.99463,0.0890868,0
3.6,12.4,0,2.99406,0.0910312,0
3.6,12.5,0,2.99318,0.0921869,0
3.6,12.6,0,2.99356,0.0966144,0
3.6,12.7,0,2.9916,0.0875208,0
3.7,0,0,2.98807,-0.0938941,0
3.7,0.1,0,2.98812,-0.0979336,0
3.7,0.2,0,2.98873,-0.0965966,0
3.7,0.3,0,2.98933,-0.0952595,0
3.7,0.4,0,2.98843,-0.0914282,0
3.7,0.5,0,2.98993,-0.0900964,0
3.7,0.6,0,2.99142,-0.0887645,0
3.7,0.7,0,2.99402,-0.0846933,0
3.7,0.8,0,2.99477,-0.0875307,0
3.7,0.9,0,2.9947,-0.0860964,0
3.7,1,0,2.99462,-0.084662,0
3.7,1.1,0,2.99555,-0.0826668,0
3.7,1.2,0,2.99428,-0.0809746,0
3.7,1.3,0,2.99301,-0.0792825,0
3.7,1.4,0,2.98949,-0.0743928,0
3.7,1.5,0,2.99135,-0.0766669,0
3.7,1.6,0,2.99076,-0.0752548,0
3.7,1.7,0,2.99018,-0.0738427,0
3.7,1.8,0,2.98889,-0.0718606,0
3.7,1.9,0,2.98882,-0.0704766,0
3.7,2,0,2.98874,-0.0690925,0
3.7,2.1,0,2.98777,-0.065219,0
3.7,2.2,0,2.98733,-0.0657969,0
3.7,2.3,0,2.98766,-0.0644546,0
3.7,2.4,0,2.98798,-0.0631123,0
3.7,2.5,0,2.98791,-0.0612227,0
3.7,2.6,0,2.98846,-0.0596285,0
3.7,2.7,0,2.98902,-0.0580343,0
3.7,2.8,0,2.98987,-0.0552404,0
3.7,2.9,0,2.99225,-0.055249,0
3.7,3,0,2.99281,-0.0535367,0
3.7,3.1,0,2.99338,-0.0518244,0
3.7,3.2,0,2.99566,-0.0508146,0
3.7,3.3,0,2.99485,-0.0487623,0
3.7,3.4,0,2.99404,-0.0467099,0
3.7,3.5,0,2.98968,-0.0432914,0
3.7,3.6,0,2.99001,-0.0426047,0
3.7,3.7,0,2.9895,-0.0407712,0
3.7,3.8,0,2.98899,-0.0389377,0
3.7,3.9,0,2.987,-0.0369704,0
3.7,4,0,2.98775,-0.0358096,0
3.7,4.1,0,2.98849,-0.0346489,0
3.7,4.2,0,2.98949,-0.0333432,0
3.7,4.3,0,2.99108,-0.0332698,0
3.7,4.4,0,2.9907,-0.0315983,0
3.7,4.5,0,2.99031,-0.0299267,0
3.7,4.6,0,2.98976,-0.0278313,0
3.7,4.7,0,2.98905,-0.0260419,0
3.7,4.8,0,2.98833,-0.0242525,0
3.7,4.9,0,2.98632,-0.0221287,0
3.7,5,0,2.98684,-0.0213596,0
3.7,5.1,0,2.987,-0.0199384,0
3.7,5.2,0,2.98716,-0.0185173,0
3.7,5.3,0,2.98805,-0.0171235,0
3.7,5.4,0,2.98798,-0.0153561,0
3.7,5.5,0,2.98791,-0.0135887,0
3.7,5.6,0,2.98652,-0.0116532,0
3.7,5.7,0,2.98722,-0.0104432,0
3.7,5.8,0,2.98708,-0.00886694,0
3.7,5.9,0,2.98695,-0.00729065,0
3.7,6,0,2.98718,-0.00586062,0
3.7,6.1,0,2.9872,-0.00415475,0
3.7,6.2,0,2.98721,-0.00244888,0
3.7,6.3,0,2.98611,-0.00086786,0
3.7,6.4,0,2.98697,0.000680476,0
3.7,6.5,0,2.98693,0.00230539,0
3.7,6.6,0,2.98689,0.00393031,0
3.7,6.7,0,2.98698,0.0053495,0
3.7,6.8,0,2.98704,0.00675655,0
3.7,6.9,0,2.98709,0.0081636,0
3.7,7,0,2.98615,0.00909195,0
3.7,7.1,0,2.98618,0.0115443,0
3.7,7.2,0,2.98623,0.0131214,0
3.7,7.3,0,2.9863,0.0146986,0
3.7,7.4,0,2.98638,0.0162685,0
3.7,7.5,0,2.98647,0.0178381,0
3.7,7.6,0,2.98658,0.0194069,0
3.7,7.7,0,2.9867,0.0209728,0
3.7,7.8,0,2.98682,0.0225417,0
3.7,7.9,0,2.98694,0.0241062,0
3.7,8,0,2.98711,0.0261262,0
3.7,8.1,0,2.98825,0.0282264,0
3.7,8.2,0,2.98843,0.0296626,0
3.7,8.3,0,2.98871,0.0311743,0
3.7,8.4,0,2.98894,0.0328074,0
3.7,8.5,0,2.98888,0.0341966,0
3.7,8.6,0,2.98895,0.0357705,0
3.7,8.7,0,2.98833,0.0364652,0
3.7,8.8,0,2.98911,0.0388159,0
3.7,8.9,0,2.98918,0.0404013,0
3.7,9,0,2.98962,0.0418702,0
3.7,9.1,0,2.98984,0.043445,0
3.7,9.2,0,2.99001,0.0448803,0
3.7,9.3,0,2.99024,0.046456,0
3.7,9.4,0,2.9898,0.0471533,0
3.7,9.5,0,2.99035,0.0494135,0
3.7,9.6,0,2.99043,0.0509382,0
3.7,9.7,0,2.99036,0.0523228,0
3.7,9.8,0,2.9903,0.0538118,0
3.7,9.9,0,2.99029,0.0549593,0
3.7,10,0,2.99055,0.0567526,0
3.7,10.1,0,2.99028,0.0575082,0
3.7,10.2,0,2.99112,0.0596505,0
3.7,10.3,0,2.99144,0.0611384,0
3.7,10.4,0,2.99177,0.0625941,0
3.7,10.5,0,2.9921,0.0640727,0
3.7,10.6,0,2.9918,0.0646094,0
3.7,10.7,0,2.99231,0.0668467,0
3.7,10.8,0,2.99226,0.067831,0
3.7,10.9,0,2.99231,0.0696816,0
3.7,11,0,2.99228,0.0711112,0
3.7,11.1,0,2.99229,0.0724815,0
3.7,11.2,0,2.99223,0.0738699,0
3.7,11.3,0,2.99191,0.0737177,0
3.7,11.4,0,2.99257,0.0768023,0
3.7,11.5,0,2.99262,0.0782949,0
3.7,11.6,0,2.99283,0.0798888,0
3.7,11.7,0,2.99277,0.0813413,0
3.7,11.8,0,2.99278,0.0828058,0
3.7,11.9,0,2.99255,0.084399,0
3.7,12,0,2.99157,0.0834054,0
3.7,12.1,0,2.99215,0.0879503,0
3.7,12.2,0,2.99169,0.0894521,0
3.7,12.3,0,2.99126,0.0910164,0
3.7,12.4,0,2.99069,0.0929608,0
3.7,12.5,0,2.99032,0.0959208,0
3.7,12.6,0,2.99012,0.0973469,0
3.7,12.7,0,2.98904,0.0935132,0
3.8,0,0,2.98534,-0.0997031,0
3.8,0.1,0,2.98595,-0.098366,0
3.8,0.2,0,2.98656,-0.097029,0
3.8,0.3,0,2.98716,-0.0956919,0
3.8,0.4,0,2.98821,-0.0943575,0
3.8,0.5,0,2.9897,-0.0930257,0
3.8,0.6,0,2.9912,-0.0916939,0
3.8,0.7,0,2.99269,-0.0903621,0
3.8,0.8,0,2.99262,-0.0889277,0
3.8,0.9,0,2.99254,-0.0874933,0
3.8,1,0,2.99246,-0.0860589,0
3.8,1.1,0,2.99179,-0.0844956,0
3.8,1.2,0,2.99052,-0.0828035,0
3.8,1.3,0,2.98925,-0.0811113,0
3.8,1.4,0,2.98798,-0.0794191,0
3.8,1.5,0,2.9874,-0.078007,0
3.8,1.6,0,2.98681,-0.0765949,0
3.8,1.7,0,2.98622,-0.0751828,0
3.8,1.8,0,2.98589,-0.0737847,0
3.8,1.9,0,2.98581,-0.0724007,0
3.8,2,0,2.98573,-0.0710166,0
3.8,2.1,0,2.98566,-0.0696326,0
3.8,2.2,0,2.98598,-0.0682903,0
3.8,2.3,0,2.98631,-0.066948,0
3.8,2.4,0,2.98664,-0.0656057,0
3.8,2.5,0,2.98708,-0.0641375,0
3.8,2.6,0,2.98763,-0.0625433,0
3.8,2.7,0,2.98818,-0.0609491,0
3.8,2.8,0,2.98874,-0.0593549,0
3.8,2.9,0,2.9893,-0.0576425,0
3.8,3,0,2.98987,-0.0559302,0
3.8,3.1,0,2.99044,-0.0542178,0
3.8,3.2,0,2.99032,-0.0523355,0
3.8,3.3,0,2.98951,-0.0502831,0
3.8,3.4,0,2.98871,-0.0482307,0
3.8,3.5,0,2.9879,-0.0461784,0
3.8,3.6,0,2.98739,-0.0443449,0
3.8,3.7,0,2.98689,-0.0425114,0
3.8,3.8,0,2.98638,-0.0406779,0
3.8,3.9,0,2.9865,-0.0391807,0
3.8,4,0,2.98724,-0.03802,0
3.8,4.1,0,2.98799,-0.0368592,0
3.8,4.2,0,2.98873,-0.0356984,0
3.8,4.3,0,2.98835,-0.0340269,0
3.8,4.4,0,2.98797,-0.0323553,0
3.8,4.5,0,2.98759,-0.0306837,0
3.8,4.6,0,2.98704,-0.0289533,0
3.8,4.7,0,2.98632,-0.0271639,0
3.8,4.8,0,2.98561,-0.0253745,0
3.8,4.9,0,2.9849,-0.0235851,0
3.8,5,0,2.98505,-0.0221639,0
3.8,5.1,0,2.98521,-0.0207427,0
3.8,5.2,0,2.98536,-0.0193216,0
3.8,5.3,0,2.98541,-0.0177273,0
3.8,5.4,0,2.98534,-0.0159599,0
3.8,5.5,0,2.98527,-0.0141925,0
3.8,5.6,0,2.98521,-0.0124251,0
3.8,5.7,0,2.98507,-0.0108488,0
3.8,5.8,0,2.98494,-0.00927249,0
3.8,5.9,0,2.9848,-0.0076962,0
3.8,6,0,2.98474,-0.00605513,0
3.8,6.1,0,2.98475,-0.00434926,0
3.8,6.2,0,2.98476,-0.00264339,0
3.8,6.3,0,2.98477,-0.000937518,0
3.8,6.4,0,2.98473,0.0006874,0
3.8,6.5,0,2.98469,0.00231232,0
3.8,6.6,0,2.98465,0.00393724,0
3.8,6.7,0,2.98466,0.00545322,0
3.8,6.8,0,2.98471,0.00686027,0
3.8,6.9,0,2.98476,0.00826732,0
3.8,7,0,2.98482,0.00967437,0
3.8,7.1,0,2.98484,0.0122812,0
3.8,7.2,0,2.98489,0.0139656,0
3.8,7.3,0,2.98495,0.0156482,0
3.8,7.4,0,2.98503,0.0173235,0
3.8,7.5,0,2.98513,0.0189993,0
3.8,7.6,0,2.98525,0.0206745,0
3.8,7.7,0,2.98536,0.0223471,0
3.8,7.8,0,2.98549,0.024023,0
3.8,7.9,0,2.98561,0.0256963,0
3.8,8,0,2.98578,0.0278518,0
3.8,8.1,0,2.98597,0.029288,0
3.8,8.2,0,2.98615,0.0307241,0
3.8,8.3,0,2.98636,0.0322883,0
3.8,8.4,0,2.98658,0.0339213,0
3.8,8.5,0,2.98676,0.0355366,0
3.8,8.6,0,2.98683,0.0371106,0
3.8,8.7,0,2.98689,0.0386845,0
3.8,8.8,0,2.98696,0.0402693,0
3.8,8.9,0,2.98703,0.0418547,0
3.8,9,0,2.98719,0.0434337,0
3.8,9.1,0,2.98741,0.0450085,0
3.8,9.2,0,2.98763,0.0465835,0
3.8,9.3,0,2.98786,0.0481592,0
3.8,9.4,0,2.9881,0.0497349,0
3.8,9.5,0,2.98819,0.0512647,0
3.8,9.6,0,2.98827,0.0527895,0
3.8,9.7,0,2.98827,0.0542945,0
3.8,9.8,0,2.98821,0.0557835,0
3.8,9.9,0,2.98818,0.0572711,0
3.8,10,0,2.98826,0.0587532,0
3.8,10.1,0,2.98834,0.0602353,0
3.8,10.2,0,2.98863,0.0617222,0
3.8,10.3,0,2.98895,0.0632101,0
3.8,10.4,0,2.98927,0.0646933,0
3.8,10.5,0,2.9896,0.0661719,0
3.8,10.6,0,2.9899,0.067642,0
3.8,10.7,0,2.99003,0.069063,0
3.8,10.8,0,2.99016,0.0704841,0
3.8,10.9,0,2.99016,0.071912,0
3.8,11,0,2.99013,0.0733416,0
3.8,11.1,0,2.99008,0.0747527,0
3.8,11.2,0,2.99002,0.0761411,0
3.8,11.3,0,2.98996,0.0775399,0
3.8,11.4,0,2.99001,0.0790326,0
3.8,11.5,0,2.99006,0.0805252,0
3.8,11.6,0,2.99002,0.0819877,0
3.8,11.7,0,2.98996,0.0834402,0
3.8,11.8,0,2.98983,0.0849489,0
3.8,11.9,0,2.9896,0.0865421,0
3.8,12,0,2.98935,0.0881307,0
3.8,12.1,0,2.98889,0.0896326,0
3.8,12.2,0,2.98843,0.0911344,0
3.8,12.3,0,2.98789,0.092946,0
3.8,12.4,0,2.98732,0.0948904,0
3.8,12.5,0,2.98688,0.0966534,0
3.8,12.6,0,2.98668,0.0980795,0
3.8,12.7,0,2.98649,0.0995056,0
3.9,0,0,2.98502,-0.0940339,0
3.9,0.1,0,2.98333,-0.0997837,0
3.9,0.2,0,2.98394,-0.0984466,0
3.9,0.3,0,2.98454,-0.0971096,0
3.9,0.4,0,2.98778,-0.0962978,0
3.9,0.5,0,2.98927,-0.094966,0
3.9,0.6,0,2.99077,-0.0936341,0
3.9,0.7,0,2.99135,-0.086206,0
3.9,0.8,0,2.99183,-0.0913893,0
3.9,0.9,0,2.99175,-0.0899549,0
3.9,1,0,2.99168,-0.0885205,0
3.9,1.1,0,2.98754,-0.0854498,0
3.9,1.2,0,2.98627,-0.0837576,0
3.9,1.3,0,2.985,-0.0820654,0
3.9,1.4,0,2.98637,-0.0762995,0
3.9,1.5,0,2.98343,-0.0800155,0
3.9,1.6,0,2.98284,-0.0786034,0
3.9,1.7,0,2.98225,-0.0771913,0
3.9,1.8,0,2.98252,-0.0750198,0
3.9,1.9,0,2.98244,-0.0736358,0
3.9,2,0,2.98237,-0.0722517,0
3.9,2.1,0,2.98499,-0.0676038,0
3.9,2.2,0,2.9847,-0.0714419,0
3.9,2.3,0,2.98503,-0.0700996,0
3.9,2.4,0,2.98536,-0.0687573,0
3.9,2.5,0,2.98601,-0.0665796,0
3.9,2.6,0,2.98657,-0.0649854,0
3.9,2.7,0,2.98712,-0.0633912,0
3.9,2.8,0,2.98649,-0.0577777,0
3.9,2.9,0,2.98659,-0.0605956,0
3.9,3,0,2.98715,-0.0588833,0
3.9,3.1,0,2.98772,-0.057171,0
3.9,3.2,0,2.98577,-0.0535473,0
3.9,3.3,0,2.98497,-0.0514949,0
3.9,3.4,0,2.98416,-0.0494425,0
3.9,3.5,0,2.98573,-0.0453348,0
3.9,3.6,0,2.98377,-0.0462328,0
3.9,3.7,0,2.98326,-0.0443993,0
3.9,3.8,0,2.98276,-0.0425658,0
3.9,3.9,0,2.98607,-0.0407476,0
3.9,4,0,2.98682,-0.0395868,0
3.9,4.1,0,2.98757,-0.0384261,0
3.9,4.2,0,2.9866,-0.0350247,0
3.9,4.3,0,2.98637,-0.0358038,0
3.9,4.4,0,2.98599,-0.0341322,0
3.9,4.5,0,2.98561,-0.0324606,0
3.9,4.6,0,2.98381,-0.0291422,0
3.9,4.7,0,2.9831,-0.0273528,0
3.9,4.8,0,2.98238,-0.0255634,0
3.9,4.9,0,2.98303,-0.0232121,0
3.9,5,0,2.98312,-0.0236299,0
3.9,5.1,0,2.98328,-0.0222088,0
3.9,5.2,0,2.98343,-0.0207876,0
3.9,5.3,0,2.98307,-0.0179245,0
3.9,5.4,0,2.983,-0.0161571,0
3.9,5.5,0,2.98293,-0.0143897,0
3.9,5.6,0,2.98313,-0.0122002,0
3.9,5.7,0,2.98268,-0.0115201,0
3.9,5.8,0,2.98254,-0.00994383,0
3.9,5.9,0,2.98241,-0.00836754,0
3.9,6,0,2.98243,-0.00607933,0
3.9,6.1,0,2.98244,-0.00437346,0
3.9,6.2,0,2.98246,-0.00266759,0
3.9,6.3,0,2.98273,-0.000906733,0
3.9,6.4,0,2.98239,0.000583672,0
3.9,6.5,0,2.98235,0.00220859,0
3.9,6.6,0,2.98231,0.00383351,0
3.9,6.7,0,2.98237,0.00582813,0
3.9,6.8,0,2.98242,0.00723518,0
3.9,6.9,0,2.98247,0.00864223,0
3.9,7,0,2.9828,0.00951444,0
3.9,7.1,0,2.98283,0.0120713,0
3.9,7.2,0,2.98288,0.0137198,0
3.9,7.3,0,2.98295,0.015365,0
3.9,7.4,0,2.98303,0.0170031,0
3.9,7.5,0,2.98313,0.018641,0
3.9,7.6,0,2.98324,0.0202779,0
3.9,7.7,0,2.98336,0.0219113,0
3.9,7.8,0,2.98348,0.0235468,0
3.9,7.9,0,2.98361,0.02518,0
3.9,8,0,2.98379,0.0272872,0
3.9,8.1,0,2.98364,0.0302024,0
3.9,8.2,0,2.98382,0.0316385,0
3.9,8.3,0,2.98402,0.0334519,0
3.9,8.4,0,2.98425,0.035085,0
3.9,8.5,0,2.98469,0.0368563,0
3.9,8.6,0,2.98476,0.0384302,0
3.9,8.7,0,2.98492,0.0382908,0
3.9,8.8,0,2.98476,0.0417375,0
3.9,8.9,0,2.98483,0.0433229,0
3.9,9,0,2.98475,0.0449876,0
3.9,9.1,0,2.98497,0.0465624,0
3.9,9.2,0,2.98527,0.0482957,0
3.9,9.3,0,2.9855,0.0498714,0
3.9,9.4,0,2.986,0.049728,0
3.9,9.5,0,2.9861,0.0531321,0
3.9,9.6,0,2.98618,0.0546568,0
3.9,9.7,0,2.98619,0.0562678,0
3.9,9.8,0,2.98613,0.0577568,0
3.9,9.9,0,2.98594,0.058617,0
3.9,10,0,2.98589,0.0607555,0
3.9,10.1,0,2.98625,0.060826,0
3.9,10.2,0,2.98609,0.0637893,0
3.9,10.3,0,2.98641,0.0652771,0
3.9,10.4,0,2.9868,0.0668017,0
3.9,10.5,0,2.98713,0.0682804,0
3.9,10.6,0,2.9879,0.0682292,0
3.9,10.7,0,2.98781,0.0712987,0
3.9,10.8,0,2.98806,0.0718796,0
3.9,10.9,0,2.98802,0.074119,0
3.9,11,0,2.98799,0.0755486,0
3.9,11.1,0,2.98787,0.0770678,0
3.9,11.2,0,2.98781,0.0784562,0
3.9,11.3,0,2.98808,0.0768402,0
3.9,11.4,0,2.98739,0.0811675,0
3.9,11.5,0,2.98744,0.0826601,0
3.9,11.6,0,2.98733,0.084202,0
3.9,11.7,0,2.98727,0.0856544,0
3.9,11.8,0,2.98685,0.086907,0
3.9,11.9,0,2.98662,0.0885002,0
3.9,12,0,2.98775,0.0855312,0
3.9,12.1,0,2.98578,0.091545,0
3.9,12.2,0,2.98531,0.0930468,0
3.9,12.3,0,2.98443,0.0944265,0
3.9,12.4,0,2.98386,0.0963709,0
3.9,12.5,0,2.98334,0.0980915,0
3.9,12.6,0,2.98315,0.0995176,0
3.9,12.7,0,2.9855,0.0940105,0
4,0,0,2.98469,-0.0883647,0
4,0.1,0,2.98071,-0.101201,0
4,0.2,0,2.98132,-0.0998642,0
4,0.3,0,2.98331,-0.0945146,0
4,0.4,0,2.98732,-0.0938895,0
4,0.5,0,2.98884,-0.0969062,0
4,0.6,0,2.99033,-0.0955744,0
4,0.7,0,2.99001,-0.0820499,0
4,0.8,0,2.99104,-0.0938509,0
4,0.9,0,2.99097,-0.0924165,0
4,1,0,2.99012,-0.0869624,0
4,1.1,0,2.98475,-0.0833533,0
4,1.2,0,2.98203,-0.0847117,0
4,1.3,0,2.98076,-0.0830196,0
4,1.4,0,2.98475,-0.0731798,0
4,1.5,0,2.97946,-0.0820239,0
4,1.6,0,2.97887,-0.0806118,0
4,1.7,0,2.9802,-0.0762329,0
4,1.8,0,2.98068,-0.0737852,0
4,1.9,0,2.97908,-0.0748708,0
4,2,0,2.979,-0.0734868,0
4,2.1,0,2.98433,-0.0655751,0
4,2.2,0,2.98342,-0.0745935,0
4,2.3,0,2.98375,-0.0732513,0
4,2.4,0,2.98411,-0.0687482,0
4,2.5,0,2.98485,-0.0663171,0
4,2.6,0,2.9855,-0.0674276,0
4,2.7,0,2.98605,-0.0658334,0
4,2.8,0,2.98424,-0.0562005,0
4,2.9,0,2.98387,-0.0635488,0
4,3,0,2.98444,-0.0618364,0
4,3.1,0,2.98499,-0.0574036,0
4,3.2,0,2.98239,-0.053158,0
4,3.3,0,2.98042,-0.0527066,0
4,3.4,0,2.97961,-0.0506543,0
4,3.5,0,2.98355,-0.0444912,0
4,3.6,0,2.98015,-0.0481207,0
4,3.7,0,2.97964,-0.0462872,0
4,3.8,0,2.9804,-0.0429086,0
4,3.9,0,2.98486,-0.0409757,0
4,4,0,2.9864,-0.0411537,0
4,4.1,0,2.98715,-0.0399929,0
4,4.2,0,2.98446,-0.034351,0
4,4.3,0,2.9844,-0.0375807,0
4,4.4,0,2.98401,-0.0359091,0
4,4.5,0,2.98342,-0.0327037,0
4,4.6,0,2.98117,-0.0288181,0
4,4.7,0,2.97987,-0.0275417,0
4,4.8,0,2.97915,-0.0257523,0
4,4.9,0,2.98116,-0.0228391,0
4,5,0,2.98119,-0.025096,0
4,5.1,0,2.98135,-0.0236748,0
4,5.2,0,2.98147,-0.021089,0
4,5.3,0,2.98095,-0.0177727,0
4,5.4,0,2.98066,-0.0163543,0
4,5.5,0,2.98059,-0.0145869,0
4,5.6,0,2.98105,-0.0119754,0
4,5.7,0,2.98028,-0.0121915,0
4,5.8,0,2.98015,-0.0106152,0
4,5.9,0,2.98027,-0.00852293,0
4,6,0,2.98032,-0.0060036,0
4,6.1,0,2.98014,-0.00439767,0
4,6.2,0,2.98015,-0.0026918,0
4,6.3,0,2.9807,-0.000875948,0
4,6.4,0,2.98005,0.000479944,0
4,6.5,0,2.98001,0.00210486,0
4,6.6,0,2.98019,0.00375239,0
4,6.7,0,2.98027,0.00591795,0
4,6.8,0,2.98013,0.00761008,0
4,6.9,0,2.98018,0.00901713,0
4,7,0,2.98078,0.00935451,0
4,7.1,0,2.98083,0.0118615,0
4,7.2,0,2.98088,0.013474,0
4,7.3,0,2.98095,0.0150818,0
4,7.4,0,2.98103,0.0166826,0
4,7.5,0,2.98113,0.0182828,0
4,7.6,0,2.98124,0.0198812,0
4,7.7,0,2.98135,0.0214756,0
4,7.8,0,2.98148,0.0230706,0
4,7.9,0,2.98162,0.0246636,0
4,8,0,2.9818,0.0267226,0
4,8.1,0,2.98132,0.0311168,0
4,8.2,0,2.98168,0.0316355,0
4,8.3,0,2.98169,0.0346156,0
4,8.4,0,2.98191,0.0362486,0
4,8.5,0,2.98266,0.0365482,0
4,8.6,0,2.98269,0.0397498,0
4,8.7,0,2.98298,0.0374632,0
4,8.8,0,2.98255,0.0432057,0
4,8.9,0,2.98273,0.0438728,0
4,9,0,2.98231,0.0465416,0
4,9.1,0,2.98253,0.0481163,0
4,9.2,0,2.98333,0.0472772,0
4,9.3,0,2.98313,0.0515837,0
4,9.4,0,2.98408,0.0485545,0
4,9.5,0,2.98401,0.0549994,0
4,9.6,0,2.98415,0.0559533,0
4,9.7,0,2.98411,0.0582411,0
4,9.8,0,2.98404,0.0597301,0
4,9.9,0,2.98425,0.0571911,0
4,10,0,2.98352,0.0627579,0
4,10.1,0,2.98459,0.0592423,0
4,10.2,0,2.98356,0.0658563,0
4,10.3,0,2.98388,0.0673441,0
4,10.4,0,2.98433,0.0689102,0
4,10.5,0,2.98466,0.0703888,0
4,10.6,0,2.98626,0.066277,0
4,10.7,0,2.98559,0.0735343,0
4,10.8,0,2.9865,0.0697274,0
4,10.9,0,2.98589,0.076326,0
4,11,0,2.98585,0.0777556,0
4,11.1,0,2.9858,0.0785338,0
4,11.2,0,2.9856,0.0807712,0
4,11.3,0,2.9867,0.0742169,0
4,11.4,0,2.98477,0.0833023,0
4,11.5,0,2.98607,0.0797672,0
4,11.6,0,2.98464,0.0864162,0
4,11.7,0,2.98457,0.0878686,0
4,11.8,0,2.98452,0.0868612,0
4,11.9,0,2.98364,0.0904584,0
4,12,0,2.98653,0.0817887,0
4,12.1,0,2.98266,0.0934574,0
4,12.2,0,2.98375,0.0901416,0
4,12.3,0,2.98097,0.095907,0
4,12.4,0,2.9804,0.0978514,0
4,12.5,0,2.98127,0.0958095,0
4,12.6,0,2.97962,0.100956,0
4,12.7,0,2.98451,0.0885155,0
4.1,0,0,2.98436,-0.0826955,0
4.1,0.1,0,2.97875,-0.100594,0
4.1,0.2,0,2.9787,-0.101282,0
4.1,0.3,0,2.98284,-0.0896904,0
4.1,0.4,0,2.98685,-0.0890653,0
4.1,0.5,0,2.9884,-0.0988465,0
4.1,0.6,0,2.98964,-0.0957729,0
4.1,0.7,0,2.98867,-0.0778939,0
4.1,0.8,0,2.9901,-0.0944217,0
4.1,0.9,0,2.99018,-0.0948781,0
4.1,1,0,2.98813,-0.0831712,0
4.1,1.1,0,2.98276,-0.0795621,0
4.1,1.2,0,2.97778,-0.0856658,0
4.1,1.3,0,2.97726,-0.0828097,0
4.1,1.4,0,2.98314,-0.0700602,0
4.1,1.5,0,2.97617,-0.0825672,0
4.1,1.6,0,2.97491,-0.0826203,0
4.1,1.7,0,2.97921,-0.0736262,0
4.1,1.8,0,2.97969,-0.0711785,0
4.1,1.9,0,2.97571,-0.0761059,0
4.1,2,0,2.97641,-0.0737893,0
4.1,2.1,0,2.98367,-0.0635464,0
4.1,2.2,0,2.98232,-0.0762651,0
4.1,2.3,0,2.98247,-0.0764029,0
4.1,2.4,0,2.98289,-0.066983,0
4.1,2.5,0,2.98362,-0.0645519,0
4.1,2.6,0,2.98444,-0.0698698,0
4.1,2.7,0,2.98465,-0.0671272,0
4.1,2.8,0,2.98199,-0.0546234,0
4.1,2.9,0,2.98128,-0.0652075,0
4.1,3,0,2.98172,-0.0647895,0
4.1,3.1,0,2.98225,-0.0561249,0
4.1,3.2,0,2.97965,-0.0518793,0
4.1,3.3,0,2.97587,-0.0539184,0
4.1,3.4,0,2.97574,-0.0512788,0
4.1,3.5,0,2.98138,-0.0436477,0
4.1,3.6,0,2.97694,-0.0492282,0
4.1,3.7,0,2.97602,-0.0481752,0
4.1,3.8,0,2.97875,-0.0423929,0
4.1,3.9,0,2.98321,-0.0404601,0
4.1,4,0,2.98598,-0.0427206,0
4.1,4.1,0,2.98624,-0.0409196,0
4.1,4.2,0,2.98232,-0.0336773,0
4.1,4.3,0,2.98237,-0.0386574,0
4.1,4.4,0,2.98204,-0.037686,0
4.1,4.5,0,2.98111,-0.0320946,0
4.1,4.6,0,2.97886,-0.028209,0
4.1,4.7,0,2.97664,-0.0277306,0
4.1,4.8,0,2.97631,-0.0257806,0
4.1,4.9,0,2.97929,-0.0224661,0
4.1,5,0,2.97928,-0.0260366,0
4.1,5.1,0,2.97942,-0.0251408,0
4.1,5.2,0,2.97948,-0.0207434,0
4.1,5.3,0,2.97897,-0.0174272,0
4.1,5.4,0,2.97832,-0.0165515,0
4.1,5.5,0,2.97833,-0.0146635,0
4.1,5.6,0,2.97897,-0.0117505,0
4.1,5.7,0,2.97798,-0.0126067,0
4.1,5.8,0,2.97776,-0.0112865,0
4.1,5.9,0,2.97826,-0.00839169,0
4.1,6,0,2.97832,-0.00587236,0
4.1,6.1,0,2.97783,-0.00442187,0
4.1,6.2,0,2.97792,-0.00270029,0
4.1,6.3,0,2.97866,-0.000845163,0
4.1,6.4,0,2.97779,0.000414648,0
4.1,6.5,0,2.97766,0.00200113,0
4.1,6.6,0,2.97819,0.00368384,0
4.1,6.7,0,2.97827,0.0058494,0
4.1,6.8,0,2.97784,0.00798499,0
4.1,6.9,0,2.97797,0.00923923,0
4.1,7,0,2.97876,0.00919459,0
4.1,7.1,0,2.97882,0.0116517,0
4.1,7.2,0,2.97888,0.0132281,0
4.1,7.3,0,2.97895,0.0147987,0
4.1,7.4,0,2.97903,0.0163622,0
4.1,7.5,0,2.97912,0.0179246,0
4.1,7.6,0,2.97923,0.0194846,0
4.1,7.7,0,2.97935,0.0210399,0
4.1,7.8,0,2.97948,0.0225944,0
4.1,7.9,0,2.97962,0.0241473,0
4.1,8,0,2.97981,0.026158,0
4.1,8.1,0,2.97899,0.0320312,0
4.1,8.2,0,2.97965,0.030982,0
4.1,8.3,0,2.97947,0.0351026,0
4.1,8.4,0,2.97963,0.0370869,0
4.1,8.5,0,2.98063,0.0358003,0
4.1,8.6,0,2.98063,0.0410694,0
4.1,8.7,0,2.98103,0.0366355,0
4.1,8.8,0,2.98034,0.0446739,0
4.1,8.9,0,2.98083,0.0429432,0
4.1,9,0,2.98018,0.0466688,0
4.1,9.1,0,2.98009,0.0496703,0
4.1,9.2,0,2.98139,0.0462292,0
4.1,9.3,0,2.98077,0.0532959,0
4.1,9.4,0,2.98216,0.047381,0
4.1,9.5,0,2.98192,0.0568668,0
4.1,9.6,0,2.98235,0.0546641,0
4.1,9.7,0,2.98225,0.0576808,0
4.1,9.8,0,2.98196,0.0617034,0
4.1,9.9,0,2.98257,0.0557652,0
4.1,10,0,2.98115,0.0647602,0
4.1,10.1,0,2.98292,0.0576585,0
4.1,10.2,0,2.98102,0.0679233,0
4.1,10.3,0,2.98218,0.0656612,0
4.1,10.4,0,2.98264,0.0672281,0
4.1,10.5,0,2.9822,0.0724973,0
4.1,10.6,0,2.98461,0.0643248,0
4.1,10.7,0,2.98337,0.0757699,0
4.1,10.8,0,2.98494,0.0675753,0
4.1,10.9,0,2.98375,0.0785329,0
4.1,11,0,2.98425,0.0764008,0
4.1,11.1,0,2.98434,0.0761545,0
4.1,11.2,0,2.98339,0.0830863,0
4.1,11.3,0,2.98531,0.0715936,0
4.1,11.4,0,2.98215,0.0854372,0
4.1,11.5,0,2.98472,0.0768203,0
4.1,11.6,0,2.98194,0.0886304,0
4.1,11.7,0,2.98268,0.0869297,0
4.1,11.8,0,2.98322,0.0835867,0
4.1,11.9,0,2.98066,0.0924165,0
4.1,12,0,2.98531,0.0780462,0
4.1,12.1,0,2.97954,0.0953699,0
4.1,12.2,0,2.9826,0.0859342,0
4.1,12.3,0,2.97791,0.0964194,0
4.1,12.4,0,2.97784,0.0969488,0
4.1,12.5,0,2.98022,0.0908897,0
4.1,12.6,0,2.97608,0.102394,0
4.1,12.7,0,2.98352,0.0830204,0
4.2,0,0,2.98404,-0.0770263,0
4.2,0.1,0,2.97842,-0.0949249,0
4.2,0.2,0,2.97608,-0.1027,0
4.2,0.3,0,2.98237,-0.0848662,0
4.2,0.4,0,2.98639,-0.0842411,0
4.2,0.5,0,2.98797,-0.100787,0
4.2,0.6,0,2.9883,-0.0916168,0
4.2,0.7,0,2.98733,-0.0737378,0
4.2,0.8,0,2.98876,-0.0902657,0
4.2,0.9,0,2.98939,-0.0973397,0
4.2,1,0,2.98615,-0.07938,0
4.2,1.1,0,2.98078,-0.0757709,0
4.2,1.2,0,2.97353,-0.08662,0
4.2,1.3,0,2.97565,-0.0796901,0
4.2,1.4,0,2.98152,-0.0669405,0
4.2,1.5,0,2.97455,-0.0794476,0
4.2,1.6,0,2.97094,-0.0846287,0
4.2,1.7,0,2.97822,-0.0710195,0
4.2,1.8,0,2.97871,-0.0685718,0
4.2,1.9,0,2.97234,-0.077341,0
4.2,2,0,2.97574,-0.0717606,0
4.2,2.1,0,2.983,-0.0615177,0
4.2,2.2,0,2.98166,-0.0742364,0
4.2,2.3,0,2.98119,-0.0795545,0
4.2,2.4,0,2.98167,-0.0652179,0
4.2,2.5,0,2.9824,-0.0627868,0
4.2,2.6,0,2.98337,-0.0723119,0
4.2,2.7,0,2.9824,-0.06555,0
4.2,2.8,0,2.97974,-0.0530462,0
4.2,2.9,0,2.97903,-0.0636304,0
4.2,3,0,2.979,-0.0677427,0
4.2,3.1,0,2.97951,-0.0548463,0
4.2,3.2,0,2.97691,-0.0506006,0
4.2,3.3,0,2.97132,-0.0551302,0
4.2,3.4,0,2.97357,-0.0504352,0
4.2,3.5,0,2.9792,-0.0428041,0
4.2,3.6,0,2.97477,-0.0483847,0
4.2,3.7,0,2.9724,-0.0500631,0
4.2,3.8,0,2.97709,-0.0418773,0
4.2,3.9,0,2.98155,-0.0399444,0
4.2,4,0,2.98556,-0.0442874,0
4.2,4.1,0,2.9841,-0.0402459,0
4.2,4.2,0,2.98018,-0.0330036,0
4.2,4.3,0,2.98023,-0.0379837,0
4.2,4.4,0,2.98006,-0.0394629,0
4.2,4.5,0,2.9788,-0.0314855,0
4.2,4.6,0,2.97655,-0.0275999,0
4.2,4.7,0,2.97341,-0.0279195,0
4.2,4.8,0,2.97445,-0.0254076,0
4.2,4.9,0,2.97742,-0.0220931,0
4.2,5,0,2.97741,-0.0256636,0
4.2,5.1,0,2.97749,-0.0266069,0
4.2,5.2,0,2.97749,-0.0203978,0
4.2,5.3,0,2.97698,-0.0170816,0
4.2,5.4,0,2.97598,-0.0167487,0
4.2,5.5,0,2.97625,-0.0144386,0
4.2,5.6,0,2.97689,-0.0115257,0
4.2,5.7,0,2.9759,-0.0123819,0
4.2,5.8,0,2.97536,-0.0119578,0
4.2,5.9,0,2.97626,-0.00826045,0
4.2,6,0,2.97632,-0.00574112,0
4.2,6.1,0,2.97553,-0.00444607,0
4.2,6.2,0,2.97588,-0.0026695,0
4.2,6.3,0,2.97662,-0.000814379,0
4.2,6.4,0,2.97575,0.000445433,0
4.2,6.5,0,2.97532,0.00189741,0
4.2,6.6,0,2.9762,0.00361528,0
4.2,6.7,0,2.97628,0.00578084,0
4.2,6.8,0,2.97555,0.0083599,0
4.2,6.9,0,2.97595,0.0090793,0
4.2,7,0,2.97674,0.00903466,0
4.2,7.1,0,2.97682,0.0114419,0
4.2,7.2,0,2.97687,0.0129823,0
4.2,7.3,0,2.97694,0.0145155,0
4.2,7.4,0,2.97702,0.0160418,0
4.2,7.5,0,2.97712,0.0175663,0
4.2,7.6,0,2.97723,0.0190879,0
4.2,7.7,0,2.97734,0.0206042,0
4.2,7.8,0,2.97748,0.0221182,0
4.2,7.9,0,2.97762,0.0236309,0
4.2,8,0,2.97782,0.0255934,0
4.2,8.1,0,2.97667,0.0329456,0
4.2,8.2,0,2.97763,0.0303285,0
4.2,8.3,0,2.97745,0.0344491,0
4.2,8.4,0,2.97761,0.036339,0
4.2,8.5,0,2.9786,0.0350524,0
4.2,8.6,0,2.97856,0.042389,0
4.2,8.7,0,2.97909,0.0358078,0
4.2,8.8,0,2.97817,0.0457757,0
4.2,8.9,0,2.97893,0.0420137,0
4.2,9,0,2.97827,0.0457393,0
4.2,9.1,0,2.97813,0.0487054,0
4.2,9.2,0,2.97945,0.0451813,0
4.2,9.3,0,2.9784,0.0550082,0
4.2,9.4,0,2.98024,0.0462075,0
4.2,9.5,0,2.9799,0.0576343,0
4.2,9.6,0,2.98056,0.0533748,0
4.2,9.7,0,2.98045,0.0563915,0
4.2,9.8,0,2.98018,0.0610731,0
4.2,9.9,0,2.98088,0.0543393,0
4.2,10,0,2.97878,0.0667626,0
4.2,10.1,0,2.98126,0.0560747,0
4.2,10.2,0,2.97898,0.0679319,0
4.2,10.3,0,2.9805,0.0638967,0
4.2,10.4,0,2.98096,0.0654636,0
4.2,10.5,0,2.98019,0.0723162,0
4.2,10.6,0,2.98296,0.0623725,0
4.2,10.7,0,2.98115,0.0780056,0
4.2,10.8,0,2.98338,0.0654232,0
4.2,10.9,0,2.98205,0.077401,0
4.2,11,0,2.98279,0.0740215,0
4.2,11.1,0,2.98289,0.0737751,0
4.2,11.2,0,2.98149,0.0836151,0
4.2,11.3,0,2.98393,0.0689703,0
4.2,11.4,0,2.97952,0.0875721,0
4.2,11.5,0,2.98337,0.0738734,0
4.2,11.6,0,2.98055,0.0858482,0
4.2,11.7,0,2.98139,0.0836552,0
4.2,11.8,0,2.98193,0.0803121,0
4.2,11.9,0,2.97796,0.093465,0
4.2,12,0,2.9841,0.0743036,0
4.2,12.1,0,2.97643,0.0972823,0
4.2,12.2,0,2.98146,0.0817268,0
4.2,12.3,0,2.97676,0.092212,0
4.2,12.4,0,2.97679,0.0920289,0
4.2,12.5,0,2.97917,0.0859698,0
4.2,12.6,0,2.97255,0.103832,0
4.2,12.7,0,2.98253,0.0775253,0
4.3,0,0,2.98371,-0.0713572,0
4.3,0.1,0,2.9781,-0.0892558,0
4.3,0.2,0,2.97546,-0.0983212,0
4.3,0.3,0,2.9819,-0.0800421,0
4.3,0.4,0,2.98592,-0.0794169,0
4.3,0.5,0,2.98751,-0.0964457,0
4.3,0.6,0,2.98696,-0.0874607,0
4.3,0.7,0,2.98599,-0.0695817,0
4.3,0.8,0,2.98742,-0.0861096,0
4.3,0.9,0,2.98749,-0.0939951,0
4.3,1,0,2.98416,-0.0755888,0
4.3,1.1,0,2.97879,-0.0719796,0
4.3,1.2,0,2.97139,-0.0831677,0
4.3,1.3,0,2.97403,-0.0765704,0
4.3,1.4,0,2.9799,-0.0638208,0
4.3,1.5,0,2.97293,-0.0763279,0
4.3,1.6,0,2.96974,-0.0823517,0
4.3,1.7,0,2.97723,-0.0684128,0
4.3,1.8,0,2.97772,-0.0659651,0
4.3,1.9,0,2.97119,-0.0750087,0
4.3,2,0,2.97508,-0.0697319,0
4.3,2.1,0,2.98234,-0.059489,0
4.3,2.2,0,2.98099,-0.0722076,0
4.3,2.3,0,2.97997,-0.0781405,0
4.3,2.4,0,2.98045,-0.0634527,0
4.3,2.5,0,2.98118,-0.0610216,0
4.3,2.6,0,2.98216,-0.0708473,0
4.3,2.7,0,2.98015,-0.0639729,0
4.3,2.8,0,2.97749,-0.051469,0
4.3,2.9,0,2.97678,-0.0620532,0
4.3,3,0,2.97626,-0.0667663,0
4.3,3.1,0,2.97678,-0.0535676,0
4.3,3.2,0,2.97417,-0.0493219,0
4.3,3.3,0,2.96846,-0.0540294,0
4.3,3.4,0,2.97139,-0.0495917,0
4.3,3.5,0,2.97702,-0.0419605,0
4.3,3.6,0,2.97259,-0.0475411,0
4.3,3.7,0,2.9706,-0.0497191,0
4.3,3.8,0,2.97544,-0.0413616,0
4.3,3.9,0,2.9799,-0.0394288,0
4.3,4,0,2.98399,-0.0439205,0
4.3,4.1,0,2.98196,-0.0395722,0
4.3,4.2,0,2.97804,-0.0323299,0
4.3,4.3,0,2.97809,-0.03731,0
4.3,4.4,0,2.97777,-0.0390243,0
4.3,4.5,0,2.97649,-0.0308765,0
4.3,4.6,0,2.97424,-0.0269908,0
4.3,4.7,0,2.97103,-0.0273674,0
4.3,4.8,0,2.97258,-0.0250346,0
4.3,4.9,0,2.97556,-0.0217201,0
4.3,5,0,2.97554,-0.0252906,0
4.3,5.1,0,2.9755,-0.0263907,0
4.3,5.2,0,2.97551,-0.0200523,0
4.3,5.3,0,2.97499,-0.016736,0
4.3,5.4,0,2.97397,-0.0164418,0
4.3,5.5,0,2.97417,-0.0142138,0
4.3,5.6,0,2.9748,-0.0113008,0
4.3,5.7,0,2.97382,-0.012157,0
4.3,5.8,0,2.97333,-0.0118839,0
4.3,5.9,0,2.97426,-0.0081292,0
4.3,6,0,2.97432,-0.00560988,0
4.3,6.1,0,2.9735,-0.00432593,0
4.3,6.2,0,2.97385,-0.00263872,0
4.3,6.3,0,2.97458,-0.000783594,0
4.3,6.4,0,2.97371,0.000476218,0
4.3,6.5,0,2.9733,0.00182634,0
4.3,6.6,0,2.9742,0.00354673,0
4.3,6.7,0,2.97428,0.00571229,0
4.3,6.8,0,2.97353,0.00832302,0
4.3,6.9,0,2.97393,0.00891938,0
4.3,7,0,2.97472,0.00887474,0
4.3,7.1,0,2.97481,0.0112321,0
4.3,7.2,0,2.97487,0.0127365,0
4.3,7.3,0,2.97494,0.0142323,0
4.3,7.4,0,2.97502,0.0157213,0
4.3,7.5,0,2.97511,0.0172081,0
4.3,7.6,0,2.97522,0.0186912,0
4.3,7.7,0,2.97534,0.0201685,0
4.3,7.8,0,2.97547,0.021642,0
4.3,7.9,0,2.97562,0.0231146,0
4.3,8,0,2.97582,0.0250289,0
4.3,8.1,0,2.97466,0.0324439,0
4.3,8.2,0,2.97561,0.029675,0
4.3,8.3,0,2.97543,0.0337956,0
4.3,8.4,0,2.97558,0.0355911,0
4.3,8.5,0,2.97657,0.0343045,0
4.3,8.6,0,2.97658,0.0420868,0
4.3,8.7,0,2.97714,0.0349802,0
4.3,8.8,0,2.97623,0.044948,0
4.3,8.9,0,2.97703,0.0410841,0
4.3,9,0,2.97637,0.0448097,0
4.3,9.1,0,2.9762,0.0476575,0
4.3,9.2,0,2.97752,0.0441334,0
4.3,9.3,0,2.97628,0.0551241,0
4.3,9.4,0,2.97832,0.045034,0
4.3,9.5,0,2.97798,0.0564608,0
4.3,9.6,0,2.97876,0.0520856,0
4.3,9.7,0,2.97866,0.0551023,0
4.3,9.8,0,2.9785,0.0596472,0
4.3,9.9,0,2.9792,0.0529135,0
4.3,10,0,2.97676,0.0669954,0
4.3,10.1,0,2.9796,0.0544909,0
4.3,10.2,0,2.97731,0.0663481,0
4.3,10.3,0,2.97882,0.0621322,0
4.3,10.4,0,2.97928,0.0636991,0
4.3,10.5,0,2.97854,0.070364,0
4.3,10.6,0,2.98132,0.0604203,0
4.3,10.7,0,2.97923,0.0781175,0
4.3,10.8,0,2.98182,0.0632711,0
4.3,10.9,0,2.98049,0.0752489,0
4.3,11,0,2.98133,0.0716421,0
4.3,11.1,0,2.98143,0.0713958,0
4.3,11.2,0,2.9801,0.0809918,0
4.3,11.3,0,2.98255,0.066347,0
4.3,11.4,0,2.97759,0.0870748,0
4.3,11.5,0,2.98202,0.0709265,0
4.3,11.6,0,2.9792,0.0829013,0
4.3,11.7,0,2.98009,0.0803807,0
4.3,11.8,0,2.98063,0.0770376,0
4.3,11.9,0,2.97674,0.0897225,0
4.3,12,0,2.98288,0.0705611,0
4.3,12.1,0,2.97474,0.0949235,0
4.3,12.2,0,2.98031,0.0775194,0
4.3,12.3,0,2.97562,0.0880046,0
4.3,12.4,0,2.97575,0.0871091,0
4.3,12.5,0,2.97812,0.0810499,0
4.3,12.6,0,2.97145,0.0986319,0
4.3,12.7,0,2.98154,0.0720303,0
4.4,0,0,2.98338,-0.065688,0
4.4,0.1,0,2.97777,-0.0835866,0
4.4,0.2,0,2.9763,-0.0894474,0
4.4,0.3,0,2.98144,-0.0752179,0
4.4,0.4,0,2.98545,-0.0745927,0
4.4,0.5,0,2.98652,-0.0881379,0
4.4,0.6,0,2.98562,-0.0833047,0
4.4,0.7,0,2.98465,-0.0654257,0
4.4,0.8,0,2.98608,-0.0819535,0
4.4,0.9,0,2.98519,-0.0864224,0
4.4,1,0,2.98218,-0.0717976,0
4.4,1.1,0,2.97681,-0.0681884,0
4.4,1.2,0,2.9709,-0.0770486,0
4.4,1.3,0,2.97241,-0.0734507,0
4.4,1.4,0,2.97829,-0.0607012,0
4.4,1.5,0,2.97132,-0.0732082,0
4.4,1.6,0,2.97009,-0.0768147,0
4.4,1.7,0,2.97624,-0.0658061,0
4.4,1.8,0,2.97673,-0.0633585,0
4.4,1.9,0,2.97174,-0.070537,0
4.4,2,0,2.97442,-0.0677032,0
4.4,2.1,0,2.98168,-0.0574603,0
4.4,2.2,0,2.98033,-0.0701789,0
4.4,2.3,0,2.9791,-0.0734152,0
4.4,2.4,0,2.97923,-0.0616875,0
4.4,2.5,0,2.97996,-0.0592565,0
4.4,2.6,0,2.98026,-0.0667854,0
4.4,2.7,0,2.9779,-0.0623957,0
4.4,2.8,0,2.97524,-0.0498919,0
4.4,2.9,0,2.97453,-0.060476,0
4.4,3,0,2.97379,-0.0628988,0
4.4,3.1,0,2.97404,-0.0522889,0
4.4,3.2,0,2.97144,-0.0480432,0
4.4,3.3,0,2.96707,-0.0515762,0
4.4,3.4,0,2.96921,-0.0487481,0
4.4,3.5,0,2.97485,-0.041117,0
4.4,3.6,0,2.97041,-0.0466975,0
4.4,3.7,0,2.96978,-0.0476426,0
4.4,3.8,0,2.97378,-0.040846,0
4.4,3.9,0,2.97825,-0.0389131,0
4.4,4,0,2.98136,-0.0421246,0
4.4,4.1,0,2.97982,-0.0388985,0
4.4,4.2,0,2.9759,-0.0316562,0
4.4,4.3,0,2.97595,-0.0366363,0
4.4,4.4,0,2.97537,-0.0370148,0
4.4,4.5,0,2.97418,-0.0302674,0
4.4,4.6,0,2.97193,-0.0263818,0
4.4,4.7,0,2.9695,-0.0264372,0
4.4,4.8,0,2.97071,-0.0246616,0
4.4,4.9,0,2.97369,-0.0213471,0
4.4,5,0,2.97368,-0.0249176,0
4.4,5.1,0,2.97355,-0.0249942,0
4.4,5.2,0,2.97352,-0.0197067,0
4.4,5.3,0,2.97301,-0.0163904,0
4.4,5.4,0,2.97213,-0.0158551,0
4.4,5.5,0,2.97209,-0.0139889,0
4.4,5.6,0,2.97272,-0.011076,0
4.4,5.7,0,2.97174,-0.0119322,0
4.4,5.8,0,2.97151,-0.0112406,0
4.4,5.9,0,2.97226,-0.00799796,0
4.4,6,0,2.97232,-0.00547863,0
4.4,6.1,0,2.97166,-0.00416327,0
4.4,6.2,0,2.97181,-0.00260793,0
4.4,6.3,0,2.97255,-0.000752809,0
4.4,6.4,0,2.97168,0.000507002,0
4.4,6.5,0,2.97148,0.00183465,0
4.4,6.6,0,2.97221,0.00347817,0
4.4,6.7,0,2.97228,0.00564373,0
4.4,6.8,0,2.97169,0.00794885,0
4.4,6.9,0,2.97191,0.00875945,0
4.4,7,0,2.97271,0.00871481,0
4.4,7.1,0,2.9728,0.0110223,0
4.4,7.2,0,2.97287,0.0124907,0
4.4,7.3,0,2.97294,0.0139491,0
4.4,7.4,0,2.97302,0.0154009,0
4.4,7.5,0,2.97311,0.0168498,0
4.4,7.6,0,2.97322,0.0182946,0
4.4,7.7,0,2.97334,0.0197328,0
4.4,7.8,0,2.97347,0.0211658,0
4.4,7.9,0,2.97362,0.0225983,0
4.4,8,0,2.97383,0.0244643,0
4.4,8.1,0,2.97284,0.0310287,0
4.4,8.2,0,2.97358,0.0290215,0
4.4,8.3,0,2.9734,0.0331421,0
4.4,8.4,0,2.97355,0.0348431,0
4.4,8.5,0,2.97455,0.0335565,0
4.4,8.6,0,2.97467,0.0397194,0
4.4,8.7,0,2.9752,0.0341525,0
4.4,8.8,0,2.97439,0.0433041,0
4.4,8.9,0,2.97512,0.0401546,0
4.4,9,0,2.97447,0.0438802,0
4.4,9.1,0,2.97426,0.0466096,0
4.4,9.2,0,2.97558,0.0430855,0
4.4,9.3,0,2.97477,0.0513372,0
4.4,9.4,0,2.9764,0.0438606,0
4.4,9.5,0,2.9761,0.0548508,0
4.4,9.6,0,2.97696,0.0507963,0
4.4,9.7,0,2.97686,0.053813,0
4.4,9.8,0,2.97681,0.0582213,0
4.4,9.9,0,2.97751,0.0514876,0
4.4,10,0,2.97578,0.0619834,0
4.4,10.1,0,2.97793,0.0529071,0
4.4,10.2,0,2.97565,0.0647644,0
4.4,10.3,0,2.97714,0.0603677,0
4.4,10.4,0,2.9776,0.0619346,0
4.4,10.5,0,2.9769,0.0684118,0
4.4,10.6,0,2.97967,0.0584681,0
4.4,10.7,0,2.97824,0.0717775,0
4.4,10.8,0,2.98026,0.061119,0
4.4,10.9,0,2.97893,0.0730968,0
4.4,11,0,2.97987,0.0692628,0
4.4,11.1,0,2.97997,0.0690164,0
4.4,11.2,0,2.97882,0.0777193,0
4.4,11.3,0,2.98117,0.0637238,0
4.4,11.4,0,2.97741,0.07964,0
4.4,11.5,0,2.98067,0.0679795,0
4.4,11.6,0,2.97785,0.0799544,0
4.4,11.7,0,2.9788,0.0771061,0
4.4,11.8,0,2.97934,0.0737631,0
4.4,11.9,0,2.9761,0.0841986,0
4.4,12,0,2.98166,0.0668186,0
4.4,12.1,0,2.97499,0.0866236,0
4.4,12.2,0,2.97916,0.073312,0
4.4,12.3,0,2.97447,0.0837972,0
4.4,12.4,0,2.9747,0.0821892,0
4.4,12.5,0,2.97707,0.07613,0
4.4,12.6,0,2.97181,0.0896873,0
4.4,12.7,0,2.98055,0.0665352,0
4.5,0,0,2.98305,-0.0600188,0
4.5,0.1,0,2.9779,-0.0765798,0
4.5,0.2,0,2.97813,-0.0775364,0
4.5,0.3,0,2.98097,-0.0703937,0
4.5,0.4,0,2.98498,-0.0697685,0
4.5,0.5,0,2.98515,-0.0772174,0
4.5,0.6,0,2.98427,-0.0776991,0
4.5,0.7,0,2.98331,-0.0612696,0
4.5,0.8,0,2.98448,-0.0764576,0
4.5,0.9,0,2.98265,-0.0760135,0
4.5,1,0,2.98019,-0.0680063,0
4.5,1.1,0,2.97482,-0.0643972,0
4.5,1.2,0,2.97155,-0.0691836,0
4.5,1.3,0,2.97128,-0.0693142,0
4.5,1.4,0,2.97667,-0.0575815,0
4.5,1.5,0,2.97034,-0.0690996,0
4.5,1.6,0,2.97145,-0.0690799,0
4.5,1.7,0,2.97525,-0.0631994,0
4.5,1.8,0,2.97574,-0.0607518,0
4.5,1.9,0,2.97345,-0.0646665,0
4.5,2,0,2.97426,-0.0648513,0
4.5,2.1,0,2.98101,-0.0554316,0
4.5,2.2,0,2.97968,-0.0670966,0
4.5,2.3,0,2.97849,-0.0664697,0
4.5,2.4,0,2.97801,-0.0599224,0
4.5,2.5,0,2.97874,-0.0574913,0
4.5,2.6,0,2.97785,-0.0610009,0
4.5,2.7,0,2.97562,-0.059917,0
4.5,2.8,0,2.97299,-0.0483147,0
4.5,2.9,0,2.97228,-0.0579921,0
4.5,3,0,2.97152,-0.0570899,0
4.5,3.1,0,2.9713,-0.0510102,0
4.5,3.2,0,2.9687,-0.0467645,0
4.5,3.3,0,2.96671,-0.0482422,0
4.5,3.4,0,2.96743,-0.0473709,0
4.5,3.5,0,2.97267,-0.0402734,0
4.5,3.6,0,2.96866,-0.0453389,0
4.5,3.7,0,2.96957,-0.0443955,0
4.5,3.8,0,2.97213,-0.0403303,0
4.5,3.9,0,2.97659,-0.0383975,0
4.5,4,0,2.97799,-0.0393683,0
4.5,4.1,0,2.97741,-0.0377785,0
4.5,4.2,0,2.97376,-0.0309824,0
4.5,4.3,0,2.97374,-0.0354513,0
4.5,4.4,0,2.9729,-0.0339552,0
4.5,4.5,0,2.97187,-0.0296583,0
4.5,4.6,0,2.96962,-0.0257727,0
4.5,4.7,0,2.96855,-0.0252663,0
4.5,4.8,0,2.96904,-0.0241177,0
4.5,4.9,0,2.97182,-0.0209741,0
4.5,5,0,2.9718,-0.0241564,0
4.5,5.1,0,2.97163,-0.0228096,0
4.5,5.2,0,2.97153,-0.0193611,0
4.5,5.3,0,2.97102,-0.0160448,0
4.5,5.4,0,2.9704,-0.0150874,0
4.5,5.5,0,2.97008,-0.0136478,0
4.5,5.6,0,2.97064,-0.0108511,0
4.5,5.7,0,2.96974,-0.0115354,0
4.5,5.8,0,2.96982,-0.0102131,0
4.5,5.9,0,2.97026,-0.00786672,0
4.5,6,0,2.97032,-0.00534739,0
4.5,6.1,0,2.96992,-0.00397704,0
4.5,6.2,0,2.96984,-0.00254384,0
4.5,6.3,0,2.97051,-0.000722024,0
4.5,6.4,0,2.96971,0.000545324,0
4.5,6.5,0,2.96979,0.00190061,0
4.5,6.6,0,2.97021,0.00340962,0
4.5,6.7,0,2.97029,0.00557518,0
4.5,6.8,0,2.96997,0.00734546,0
4.5,6.9,0,2.96996,0.0085045,0
4.5,7,0,2.97069,0.00855488,0
4.5,7.1,0,2.9708,0.0108125,0
4.5,7.2,0,2.97086,0.0122449,0
4.5,7.3,0,2.97094,0.0136659,0
4.5,7.4,0,2.97102,0.0150805,0
4.5,7.5,0,2.97111,0.0164916,0
4.5,7.6,0,2.97121,0.0178979,0
4.5,7.7,0,2.97133,0.0192971,0
4.5,7.8,0,2.97147,0.0206896,0
4.5,7.9,0,2.97162,0.0220819,0
4.5,8,0,2.97184,0.0238997,0
4.5,8.1,0,2.97114,0.0288961,0
4.5,8.2,0,2.97156,0.0283679,0
4.5,8.3,0,2.97142,0.0322445,0
4.5,8.4,0,2.97163,0.0334959,0
4.5,8.5,0,2.97252,0.0328086,0
4.5,8.6,0,2.97276,0.0368242,0
4.5,8.7,0,2.97325,0.0333248,0
4.5,8.8,0,2.97275,0.0400787,0
4.5,8.9,0,2.97322,0.039225,0
4.5,9,0,2.97256,0.0429506,0
4.5,9.1,0,2.97261,0.0442406,0
4.5,9.2,0,2.97364,0.0420375,0
4.5,9.3,0,2.97328,0.0474036,0
4.5,9.4,0,2.97448,0.0426871,0
4.5,9.5,0,2.97447,0.0505207,0
4.5,9.6,0,2.97517,0.0495071,0
4.5,9.7,0,2.97506,0.0525238,0
4.5,9.8,0,2.97534,0.0544006,0
4.5,9.9,0,2.97583,0.0500617,0
4.5,10,0,2.9748,0.0569714,0
4.5,10.1,0,2.97627,0.0513233,0
4.5,10.2,0,2.97479,0.0595936,0
4.5,10.3,0,2.97546,0.0586032,0
4.5,10.4,0,2.97592,0.0601702,0
4.5,10.5,0,2.97599,0.0628338,0
4.5,10.6,0,2.97802,0.0565159,0
4.5,10.7,0,2.97725,0.0654376,0
4.5,10.8,0,2.9787,0.0589669,0
4.5,10.9,0,2.97787,0.0675781,0
4.5,11,0,2.97842,0.0668834,0
4.5,11.1,0,2.97852,0.0666371,0
4.5,11.2,0,2.97819,0.0704016,0
4.5,11.3,0,2.97978,0.0611005,0
4.5,11.4,0,2.9773,0.0719349,0
4.5,11.5,0,2.97932,0.0650326,0
4.5,11.6,0,2.97724,0.0740879,0
4.5,11.7,0,2.9775,0.0738316,0
4.5,11.8,0,2.97804,0.0704885,0
4.5,11.9,0,2.97656,0.0752234,0
4.5,12,0,2.98044,0.0630761,0
4.5,12.1,0,2.97574,0.0767613,0
4.5,12.2,0,2.97802,0.0691047,0
4.5,12.3,0,2.97412,0.0774791,0
4.5,12.4,0,2.97395,0.0765432,0
4.5,12.5,0,2.97603,0.0712102,0
4.5,12.6,0,2.9733,0.0778343,0
4.5,12.7,0,2.97956,0.0610402,0
4.6,0,0,2.98273,-0.0543496,0
4.6,0.1,0,2.97973,-0.0646688,0
4.6,0.2,0,2.97995,-0.0656254,0
4.6,0.3,0,2.9805,-0.0655695,0
4.6,0.4,0,2.98452,-0.0649444,0
4.6,0.5,0,2.98377,-0.0662969,0
4.6,0.6,0,2.9829,-0.0667786,0
4.6,0.7,0,2.98197,-0.0571136,0
4.6,0.8,0,2.98194,-0.0660487,0
4.6,0.9,0,2.98011,-0.0656046,0
4.6,1,0,2.9782,-0.0642151,0
4.6,1.1,0,2.97284,-0.060606,0
4.6,1.2,0,2.97219,-0.0613186,0
4.6,1.3,0,2.97193,-0.0614492,0
4.6,1.4,0,2.97506,-0.0544618,0
4.6,1.5,0,2.9717,-0.0613648,0
4.6,1.6,0,2.97282,-0.0613451,0
4.6,1.7,0,2.97427,-0.0605927,0
4.6,1.8,0,2.97475,-0.0581451,0
4.6,1.9,0,2.97517,-0.0587961,0
4.6,2,0,2.97598,-0.0589808,0
4.6,2.1,0,2.98035,-0.0534029,0
4.6,2.2,0,2.97907,-0.0601511,0
4.6,2.3,0,2.97789,-0.0595242,0
4.6,2.4,0,2.97679,-0.0581572,0
4.6,2.5,0,2.97752,-0.0557261,0
4.6,2.6,0,2.97545,-0.0552164,0
4.6,2.7,0,2.97321,-0.0541325,0
4.6,2.8,0,2.97074,-0.0467376,0
4.6,2.9,0,2.97001,-0.0521831,0
4.6,3,0,2.96925,-0.0512809,0
4.6,3.1,0,2.96856,-0.0497315,0
4.6,3.2,0,2.96596,-0.0454859,0
4.6,3.3,0,2.96634,-0.0449082,0
4.6,3.4,0,2.96706,-0.0440368,0
4.6,3.5,0,2.9705,-0.0394298,0
4.6,3.6,0,2.96845,-0.0420918,0
4.6,3.7,0,2.96936,-0.0411483,0
4.6,3.8,0,2.97048,-0.0398147,0
4.6,3.9,0,2.97494,-0.0378818,0
4.6,4,0,2.97461,-0.0366121,0
4.6,4.1,0,2.97404,-0.0350223,0
4.6,4.2,0,2.97162,-0.0303087,0
4.6,4.3,0,2.97127,-0.0323916,0
4.6,4.4,0,2.97042,-0.0308955,0
4.6,4.5,0,2.96956,-0.0290492,0
4.6,4.6,0,2.96731,-0.0251636,0
4.6,4.7,0,2.9676,-0.0240953,0
4.6,4.8,0,2.96809,-0.0229467,0
4.6,4.9,0,2.96995,-0.0206011,0
4.6,5,0,2.96987,-0.0219718,0
4.6,5.1,0,2.9697,-0.020625,0
4.6,5.2,0,2.96954,-0.0190155,0
4.6,5.3,0,2.96903,-0.0156992,0
4.6,5.4,0,2.96868,-0.0143198,0
4.6,5.5,0,2.96835,-0.0128801,0
4.6,5.6,0,2.96856,-0.0106263,0
4.6,5.7,0,2.96805,-0.0105079,0
4.6,5.8,0,2.96814,-0.00918572,0
4.6,5.9,0,2.96826,-0.00773548,0
4.6,6,0,2.96832,-0.00521615,0
4.6,6.1,0,2.96819,-0.00379081,0
4.6,6.2,0,2.9681,-0.00235761,0
4.6,6.3,0,2.96847,-0.00069124,0
4.6,6.4,0,2.96802,0.000611283,0
4.6,6.5,0,2.9681,0.00196657,0
4.6,6.6,0,2.96822,0.00334106,0
4.6,6.7,0,2.96829,0.00550662,0
4.6,6.8,0,2.96824,0.00674207,0
4.6,6.9,0,2.96823,0.00790111,0
4.6,7,0,2.96867,0.00839496,0
4.6,7.1,0,2.96879,0.0106027,0
4.6,7.2,0,2.96886,0.011999,0
4.6,7.3,0,2.96894,0.0133827,0
4.6,7.4,0,2.96901,0.01476,0
4.6,7.5,0,2.9691,0.0161333,0
4.6,7.6,0,2.96921,0.0175013,0
4.6,7.7,0,2.96932,0.0188614,0
4.6,7.8,0,2.96946,0.0202134,0
4.6,7.9,0,2.96963,0.0215656,0
4.6,8,0,2.96985,0.0233351,0
4.6,8.1,0,2.96945,0.0267636,0
4.6,8.2,0,2.96954,0.0277144,0
4.6,8.3,0,2.9697,0.0296794,0
4.6,8.4,0,2.96991,0.0309308,0
4.6,8.5,0,2.97049,0.0320607,0
4.6,8.6,0,2.97086,0.033929,0
4.6,8.7,0,2.97131,0.0324972,0
4.6,8.8,0,2.97111,0.0368533,0
4.6,8.9,0,2.97135,0.0380268,0
4.6,9,0,2.97113,0.039613,0
4.6,9.1,0,2.97121,0.0407092,0
4.6,9.2,0,2.9717,0.0409896,0
4.6,9.3,0,2.97179,0.0434699,0
4.6,9.4,0,2.97256,0.0415136,0
4.6,9.5,0,2.97285,0.0461906,0
4.6,9.6,0,2.97342,0.0472474,0
4.6,9.7,0,2.97355,0.0487756,0
4.6,9.8,0,2.97394,0.0497122,0
4.6,9.9,0,2.97414,0.0486358,0
4.6,10,0,2.97382,0.0519593,0
4.6,10.1,0,2.9746,0.0497395,0
4.6,10.2,0,2.97398,0.0541783,0
4.6,10.3,0,2.97424,0.0549356,0
4.6,10.4,0,2.97467,0.0562889,0
4.6,10.5,0,2.97513,0.0570087,0
4.6,10.6,0,2.97638,0.0545637,0
4.6,10.7,0,2.97627,0.0590976,0
4.6,10.8,0,2.97714,0.0568148,0
4.6,10.9,0,2.97699,0.0608397,0
4.6,11,0,2.97738,0.0613507,0
4.6,11.1,0,2.97732,0.0626817,0
4.6,11.2,0,2.97756,0.063084,0
4.6,11.3,0,2.9784,0.0584772,0
4.6,11.4,0,2.97718,0.0642299,0
4.6,11.5,0,2.97797,0.0620857,0
4.6,11.6,0,2.97729,0.0656522,0
4.6,11.7,0,2.97745,0.0657803,0
4.6,11.8,0,2.97695,0.0665469,0
4.6,11.9,0,2.97703,0.0662482,0
4.6,12,0,2.97922,0.0593335,0
4.6,12.1,0,2.97649,0.0668989,0
4.6,12.2,0,2.97687,0.0648973,0
4.6,12.3,0,2.97538,0.0668714,0
4.6,12.4,0,2.97521,0.0659354,0
4.6,12.5,0,2.97498,0.0662903,0
4.6,12.6,0,2.9748,0.0659812,0
4.6,12.7,0,2.97857,0.0555451,0
4.7,0,0,2.9824,-0.0486804,0
4.7,0.1,0,2.98155,-0.0527578,0
4.7,0.2,0,2.98177,-0.0537144,0
4.7,0.3,0,2.982,-0.0546709,0
4.7,0.4,0,2.98327,-0.0548948,0
4.7,0.5,0,2.9824,-0.0553764,0
4.7,0.6,0,2.98152,-0.0558581,0
4.7,0.7,0,2.98063,-0.0529575,0
4.7,0.8,0,2.9794,-0.0556398,0
4.7,0.9,0,2.97757,-0.0551957,0
4.7,1,0,2.97574,-0.0547516,0
4.7,1.1,0,2.9731,-0.0533229,0
4.7,1.2,0,2.97284,-0.0534536,0
4.7,1.3,0,2.97257,-0.0535842,0
4.7,1.4,0,2.97344,-0.0513422,0
4.7,1.5,0,2.97306,-0.05363,0
4.7,1.6,0,2.97418,-0.0536103,0
4.7,1.7,0,2.97529,-0.0535905,0
4.7,1.8,0,2.97608,-0.0527409,0
4.7,1.9,0,2.97688,-0.0529256,0
4.7,2,0,2.97769,-0.0531103,0
4.7,2.1,0,2.97968,-0.0513742,0
4.7,2.2,0,2.97847,-0.0532056,0
4.7,2.3,0,2.97728,-0.0525787,0
4.7,2.4,0,2.97609,-0.0519518,0
4.7,2.5,0,2.97528,-0.0505159,0
4.7,2.6,0,2.97304,-0.0494319,0
4.7,2.7,0,2.9708,-0.048348,0
4.7,2.8,0,2.96849,-0.0451604,0
4.7,2.9,0,2.96774,-0.0463741,0
4.7,3,0,2.96698,-0.0454719,0
4.7,3.1,0,2.96623,-0.0445697,0
4.7,3.2,0,2.96526,-0.0424455,0
4.7,3.3,0,2.96598,-0.0415741,0
4.7,3.4,0,2.9667,-0.0407028,0
4.7,3.5,0,2.96832,-0.0385863,0
4.7,3.6,0,2.96825,-0.0388446,0
4.7,3.7,0,2.96915,-0.0379012,0
4.7,3.8,0,2.97006,-0.0369578,0
4.7,3.9,0,2.97181,-0.0354457,0
4.7,4,0,2.97124,-0.0338559,0
4.7,4.1,0,2.97067,-0.0322661,0
4.7,4.2,0,2.96948,-0.029635,0
4.7,4.3,0,2.9688,-0.0293319,0
4.7,4.4,0,2.96795,-0.0278358,0
4.7,4.5,0,2.96711,-0.0263396,0
4.7,4.6,0,2.96617,-0.0240729,0
4.7,4.7,0,2.96665,-0.0229243,0
4.7,4.8,0,2.96714,-0.0217757,0
4.7,4.9,0,2.96809,-0.0202281,0
4.7,5,0,2.96795,-0.0197871,0
4.7,5.1,0,2.96778,-0.0184404,0
4.7,5.2,0,2.96761,-0.0170936,0
4.7,5.3,0,2.96727,-0.0149919,0
4.7,5.4,0,2.96695,-0.0135522,0
4.7,5.5,0,2.96663,-0.0121125,0
4.7,5.6,0,2.96648,-0.0104015,0
4.7,5.7,0,2.96637,-0.00948052,0
4.7,5.8,0,2.96645,-0.0081583,0
4.7,5.9,0,2.96653,-0.00683608,0
4.7,6,0,2.96655,-0.00503777,0
4.7,6.1,0,2.96646,-0.00360458,0
4.7,6.2,0,2.96637,-0.00217138,0
4.7,6.3,0,2.96643,-0.000660455,0
4.7,6.4,0,2.96633,0.000677241,0
4.7,6.5,0,2.96641,0.00203252,0
4.7,6.6,0,2.96648,0.00338781,0
4.7,6.7,0,2.96653,0.00497964,0
4.7,6.8,0,2.96652,0.00613868,0
4.7,6.9,0,2.96651,0.00729772,0
4.7,7,0,2.96665,0.00823503,0
4.7,7.1,0,2.96679,0.0103929,0
4.7,7.2,0,2.96686,0.0117532,0
4.7,7.3,0,2.96693,0.0130996,0
4.7,7.4,0,2.96701,0.0144396,0
4.7,7.5,0,2.9671,0.0157751,0
4.7,7.6,0,2.9672,0.0171046,0
4.7,7.7,0,2.96732,0.0184257,0
4.7,7.8,0,2.96746,0.0197372,0
4.7,7.9,0,2.96763,0.0210492,0
4.7,8,0,2.96786,0.0227705,0
4.7,8.1,0,2.96776,0.0246311,0
4.7,8.2,0,2.96782,0.0257078,0
4.7,8.3,0,2.96799,0.0271143,0
4.7,8.4,0,2.96819,0.0283657,0
4.7,8.5,0,2.96855,0.0297822,0
4.7,8.6,0,2.96895,0.0310338,0
4.7,8.7,0,2.96936,0.0316695,0
4.7,8.8,0,2.96947,0.0336279,0
4.7,8.9,0,2.96971,0.0348014,0
4.7,9,0,2.96973,0.0360816,0
4.7,9.1,0,2.96981,0.0371778,0
4.7,9.2,0,2.97,0.0384681,0
4.7,9.3,0,2.9703,0.0395363,0
4.7,9.4,0,2.97065,0.0403401,0
4.7,9.5,0,2.97122,0.0418605,0
4.7,9.6,0,2.9718,0.0429173,0
4.7,9.7,0,2.97216,0.0440871,0
4.7,9.8,0,2.97254,0.0450238,0
4.7,9.9,0,2.97268,0.0461036,0
4.7,10,0,2.97284,0.0469473,0
4.7,10.1,0,2.97301,0.047791,0
4.7,10.2,0,2.97317,0.048763,0
4.7,10.3,0,2.97343,0.0495203,0
4.7,10.4,0,2.97382,0.0504638,0
4.7,10.5,0,2.97427,0.0511836,0
4.7,10.6,0,2.9748,0.0521447,0
4.7,10.7,0,2.97528,0.0527577,0
4.7,10.8,0,2.97576,0.0533707,0
4.7,10.9,0,2.97611,0.0541013,0
4.7,11,0,2.97649,0.0546123,0
4.7,11.1,0,2.97669,0.055364,0
4.7,11.2,0,2.97693,0.0557663,0
4.7,11.3,0,2.97702,0.0558539,0
4.7,11.4,0,2.97707,0.0565248,0
4.7,11.5,0,2.97725,0.0567091,0
4.7,11.6,0,2.97734,0.0572165,0
4.7,11.7,0,2.9775,0.0573446,0
4.7,11.8,0,2.97742,0.0575717,0
4.7,11.9,0,2.9775,0.057273,0
4.7,12,0,2.978,0.055591,0
4.7,12.1,0,2.97725,0.0570366,0
4.7,12.2,0,2.97708,0.0566592,0
4.7,12.3,0,2.97665,0.0562636,0
4.7,12.4,0,2.97648,0.0553277,0
4.7,12.5,0,2.97626,0.0550273,0
4.7,12.6,0,2.9763,0.0541282,0
4.7,12.7,0,2.97758,0.05005,0
4.8,0,0,2.98353,-0.0426058,0
4.8,0.1,0,2.98329,-0.0404944,0
4.8,0.2,0,2.98351,-0.041451,0
4.8,0.3,0,2.98374,-0.0424075,0
4.8,0.4,0,2.98239,-0.0445016,0
4.8,0.5,0,2.98151,-0.0449833,0
4.8,0.6,0,2.98064,-0.0454649,0
4.8,0.7,0,2.98064,-0.0481562,0
4.8,0.8,0,2.97673,-0.0450446,0
4.8,0.9,0,2.9749,-0.0446005,0
4.8,1,0,2.97307,-0.0441564,0
4.8,1.1,0,2.97331,-0.0454325,0
4.8,1.2,0,2.97305,-0.0455631,0
4.8,1.3,0,2.97278,-0.0456938,0
4.8,1.4,0,2.97347,-0.0476614,0
4.8,1.5,0,2.97436,-0.045976,0
4.8,1.6,0,2.97547,-0.0459563,0
4.8,1.7,0,2.97659,-0.0459366,0
4.8,1.8,0,2.97797,-0.0467142,0
4.8,1.9,0,2.97878,-0.0468989,0
4.8,2,0,2.97958,-0.0470837,0
4.8,2.1,0,2.97944,-0.048429,0
4.8,2.2,0,2.97842,-0.0467153,0
4.8,2.3,0,2.97723,-0.0460884,0
4.8,2.4,0,2.97604,-0.0454615,0
4.8,2.5,0,2.97271,-0.0444445,0
4.8,2.6,0,2.97047,-0.0433606,0
4.8,2.7,0,2.96823,-0.0422767,0
4.8,2.8,0,2.96746,-0.0427896,0
4.8,2.9,0,2.96509,-0.040785,0
4.8,3,0,2.96433,-0.0398828,0
4.8,3.1,0,2.96358,-0.0389806,0
4.8,3.2,0,2.96472,-0.0388802,0
4.8,3.3,0,2.96544,-0.0380089,0
4.8,3.4,0,2.96616,-0.0371375,0
4.8,3.5,0,2.96736,-0.0370729,0
4.8,3.6,0,2.96813,-0.0358553,0
4.8,3.7,0,2.96904,-0.0349119,0
4.8,3.8,0,2.96995,-0.0339685,0
4.8,3.9,0,2.96889,-0.0326698,0
4.8,4,0,2.96832,-0.03108,0
4.8,4.1,0,2.96775,-0.0294901,0
4.8,4.2,0,2.9679,-0.0284833,0
4.8,4.3,0,2.96598,-0.0262574,0
4.8,4.4,0,2.96513,-0.0247612,0
4.8,4.5,0,2.96429,-0.0232651,0
4.8,4.6,0,2.96507,-0.0227887,0
4.8,4.7,0,2.96556,-0.0216401,0
4.8,4.8,0,2.96605,-0.0204915,0
4.8,4.9,0,2.96679,-0.0195688,0
4.8,5,0,2.96641,-0.0177888,0
4.8,5.1,0,2.96624,-0.016442,0
4.8,5.2,0,2.96607,-0.0150952,0
4.8,5.3,0,2.96521,-0.0140722,0
4.8,5.4,0,2.96489,-0.0126325,0
4.8,5.5,0,2.96457,-0.0111929,0
4.8,5.6,0,2.96507,-0.01006,0
4.8,5.7,0,2.96486,-0.00856184,0
4.8,5.8,0,2.96494,-0.00723962,0
4.8,5.9,0,2.96502,-0.0059174,0
4.8,6,0,2.9647,-0.00478369,0
4.8,6.1,0,2.96461,-0.00335049,0
4.8,6.2,0,2.96452,-0.00191729,0
4.8,6.3,0,2.96502,-0.000623839,0
4.8,6.4,0,2.9647,0.000704054,0
4.8,6.5,0,2.96478,0.00205934,0
4.8,6.6,0,2.96485,0.00341462,0
4.8,6.7,0,2.96478,0.0044877,0
4.8,6.8,0,2.96477,0.00564674,0
4.8,6.9,0,2.96476,0.00680578,0
4.8,7,0,2.96526,0.00797634,0
4.8,7.1,0,2.96542,0.0100678,0
4.8,7.2,0,2.9655,0.0113745,0
4.8,7.3,0,2.96558,0.0126681,0
4.8,7.4,0,2.96567,0.0139558,0
4.8,7.5,0,2.96576,0.0152379,0
4.8,7.6,0,2.96587,0.0165132,0
4.8,7.7,0,2.966,0.0177797,0
4.8,7.8,0,2.96615,0.0190352,0
4.8,7.9,0,2.96632,0.0202899,0
4.8,8,0,2.96656,0.0219432,0
4.8,8.1,0,2.96609,0.0224556,0
4.8,8.2,0,2.96614,0.0235323,0
4.8,8.3,0,2.96621,0.024549,0
4.8,8.4,0,2.96642,0.0258004,0
4.8,8.5,0,2.96665,0.0268872,0
4.8,8.6,0,2.96705,0.0281388,0
4.8,8.7,0,2.96786,0.0297683,0
4.8,8.8,0,2.96786,0.0304216,0
4.8,8.9,0,2.9681,0.0315951,0
4.8,9,0,2.96834,0.0325502,0
4.8,9.1,0,2.96842,0.0336464,0
4.8,9.2,0,2.96845,0.0345414,0
4.8,9.3,0,2.96875,0.0356095,0
4.8,9.4,0,2.96919,0.0368407,0
4.8,9.5,0,2.96959,0.0375263,0
4.8,9.6,0,2.97016,0.0385831,0
4.8,9.7,0,2.97081,0.0394326,0
4.8,9.8,0,2.9712,0.0403692,0
4.8,9.9,0,2.9717,0.0410807,0
4.8,10,0,2.97186,0.0419244,0
4.8,10.1,0,2.97203,0.0427681,0
4.8,10.2,0,2.97234,0.0433799,0
4.8,10.3,0,2.9726,0.0441372,0
4.8,10.4,0,2.97293,0.0446157,0
4.8,10.5,0,2.97339,0.0453355,0
4.8,10.6,0,2.97383,0.0458541,0
4.8,10.7,0,2.97431,0.0464671,0
4.8,10.8,0,2.97479,0.0470801,0
4.8,10.9,0,2.97523,0.0473388,0
4.8,11,0,2.97561,0.0478498,0
4.8,11.1,0,2.97609,0.0480973,0
4.8,11.2,0,2.97633,0.0484996,0
4.8,11.3,0,2.97685,0.0489646,0
4.8,11.4,0,2.97694,0.0488226,0
4.8,11.5,0,2.97712,0.0490069,0
4.8,11.6,0,2.97741,0.0487918,0
4.8,11.7,0,2.97757,0.0489199,0
4.8,11.8,0,2.97788,0.0486911,0
4.8,11.9,0,2.97796,0.0483924,0
4.8,12,0,2.97853,0.0488724,0
4.8,12.1,0,2.97806,0.0470991,0
4.8,12.2,0,2.97789,0.0467217,0
4.8,12.3,0,2.97785,0.0458691,0
4.8,12.4,0,2.97768,0.0449332,0
4.8,12.5,0,2.97776,0.0429518,0
4.8,12.6,0,2.9778,0.0420527,0
4.8,12.7,0,2.97869,0.0440697,0
4.9,0,0,2.98612,-0.0361259,0
4.9,0.1,0,2.98495,-0.0278786,0
4.9,0.2,0,2.98517,-0.0288351,0
4.9,0.3,0,2.98544,-0.0307336,0
4.9,0.4,0,2.98233,-0.0351849,0
4.9,0.5,0,2.98111,-0.0351175,0
4.9,0.6,0,2.98024,-0.0355991,0
4.9,0.7,0,2.982,-0.0427098,0
4.9,0.8,0,2.97392,-0.0342631,0
4.9,0.9,0,2.97209,-0.033819,0
4.9,1,0,2.97089,-0.0342428,0
4.9,1.1,0,2.97334,-0.0379751,0
4.9,1.2,0,2.97281,-0.0376473,0
4.9,1.3,0,2.97255,-0.0377779,0
4.9,1.4,0,2.97514,-0.0434196,0
4.9,1.5,0,2.97559,-0.0384029,0
4.9,1.6,0,2.9767,-0.0383832,0
4.9,1.7,0,2.97781,-0.0388841,0
4.9,1.8,0,2.97992,-0.0408535,0
4.9,1.9,0,2.98085,-0.0407161,0
4.9,2,0,2.98166,-0.0409009,0
4.9,2.1,0,2.97961,-0.0445674,0
4.9,2.2,0,2.97892,-0.0406803,0
4.9,2.3,0,2.97773,-0.0400533,0
4.9,2.4,0,2.9764,-0.0397559,0
4.9,2.5,0,2.97028,-0.038462,0
4.9,2.6,0,2.96773,-0.0370025,0
4.9,2.7,0,2.96549,-0.0359185,0
4.9,2.8,0,2.96767,-0.0396251,0
4.9,2.9,0,2.96206,-0.0354158,0
4.9,3,0,2.9613,-0.0345136,0
4.9,3.1,0,2.9611,-0.034015,0
4.9,3.2,0,2.96425,-0.0352626,0
4.9,3.3,0,2.96475,-0.0342123,0
4.9,3.4,0,2.96547,-0.033341,0
4.9,3.5,0,2.96763,-0.0348897,0
4.9,3.6,0,2.96812,-0.0331239,0
4.9,3.7,0,2.96902,-0.0321804,0
4.9,3.8,0,2.96979,-0.0313373,0
4.9,3.9,0,2.96663,-0.0299836,0
4.9,4,0,2.96585,-0.0282843,0
4.9,4.1,0,2.96527,-0.0266945,0
4.9,4.2,0,2.96689,-0.0268535,0
4.9,4.3,0,2.96281,-0.023168,0
4.9,4.4,0,2.96196,-0.0216719,0
4.9,4.5,0,2.96151,-0.0204563,0
4.9,4.6,0,2.96395,-0.0214302,0
4.9,4.7,0,2.96433,-0.0202427,0
4.9,4.8,0,2.96481,-0.0190941,0
4.9,4.9,0,2.96607,-0.0186231,0
4.9,5,0,2.96525,-0.0159766,0
4.9,5.1,0,2.96508,-0.0146298,0
4.9,5.2,0,2.96496,-0.0134272,0
4.9,5.3,0,2.96305,-0.013039,0
4.9,5.4,0,2.96251,-0.0115609,0
4.9,5.5,0,2.96219,-0.0101212,0
4.9,5.6,0,2.96431,-0.00960195,0
4.9,5.7,0,2.96353,-0.00775189,0
4.9,5.8,0,2.96361,-0.00642967,0
4.9,5.9,0,2.96377,-0.00517851,0
4.9,6,0,2.9629,-0.0044631,0
4.9,6.1,0,2.96264,-0.00302856,0
4.9,6.2,0,2.96255,-0.00159536,0
4.9,6.3,0,2.96423,-0.000581391,0
4.9,6.4,0,2.96313,0.000691721,0
4.9,6.5,0,2.9632,0.002047,0
4.9,6.6,0,2.96339,0.00338378,0
4.9,6.7,0,2.96315,0.00414129,0
4.9,6.8,0,2.963,0.00526624,0
4.9,6.9,0,2.96299,0.00642528,0
4.9,7,0,2.96451,0.0076189,0
4.9,7.1,0,2.96469,0.00962744,0
4.9,7.2,0,2.96478,0.0108629,0
4.9,7.3,0,2.96488,0.0120884,0
4.9,7.4,0,2.96498,0.0133086,0
4.9,7.5,0,2.9651,0.0145218,0
4.9,7.6,0,2.96522,0.0157272,0
4.9,7.7,0,2.96536,0.0169234,0
4.9,7.8,0,2.96552,0.0181075,0
4.9,7.9,0,2.96571,0.0192875,0
4.9,8,0,2.96597,0.0208531,0
4.9,8.1,0,2.96443,0.0202372,0
4.9,8.2,0,2.96458,0.0213974,0
4.9,8.3,0,2.96439,0.0219834,0
4.9,8.4,0,2.9646,0.0232348,0
4.9,8.5,0,2.96516,0.0244141,0
4.9,8.6,0,2.96516,0.025244,0
4.9,8.7,0,2.96735,0.0281424,0
4.9,8.8,0,2.96629,0.0272344,0
4.9,8.9,0,2.96653,0.0284079,0
4.9,9,0,2.96695,0.0290188,0
4.9,9.1,0,2.96703,0.030115,0
4.9,9.2,0,2.9675,0.0315604,0
4.9,9.3,0,2.96714,0.0316897,0
4.9,9.4,0,2.96896,0.0346235,0
4.9,9.5,0,2.96795,0.033188,0
4.9,9.6,0,2.96852,0.0342447,0
4.9,9.7,0,2.96953,0.0348119,0
4.9,9.8,0,2.96991,0.0357485,0
4.9,9.9,0,2.97132,0.0376813,0
4.9,10,0,2.97088,0.0368907,0
4.9,10.1,0,2.97197,0.0396411,0
4.9,10.2,0,2.97149,0.038029,0
4.9,10.3,0,2.97175,0.0387864,0
4.9,10.4,0,2.97202,0.0387447,0
4.9,10.5,0,2.97247,0.0394645,0
4.9,10.6,0,2.97401,0.0421457,0
4.9,10.7,0,2.97337,0.0402258,0
4.9,10.8,0,2.9748,0.0426089,0
4.9,10.9,0,2.97435,0.0405521,0
4.9,11,0,2.97474,0.0410631,0
4.9,11.1,0,2.97553,0.0408816,0
4.9,11.2,0,2.97576,0.0412839,0
4.9,11.3,0,2.97763,0.0446735,0
4.9,11.4,0,2.97679,0.0411234,0
4.9,11.5,0,2.97757,0.0428111,0
4.9,11.6,0,2.9775,0.0403781,0
4.9,11.7,0,2.97767,0.0405062,0
4.9,11.8,0,2.97835,0.0399051,0
4.9,11.9,0,2.97842,0.0396064,0
4.9,12,0,2.98042,0.0435462,0
4.9,12.1,0,2.97894,0.0370865,0
4.9,12.2,0,2.97922,0.0379554,0
4.9,12.3,0,2.979,0.035688,0
4.9,12.4,0,2.97882,0.0347521,0
4.9,12.5,0,2.9794,0.0311802,0
4.9,12.6,0,2.97932,0.0297548,0
4.9,12.7,0,2.98192,0.0376041,0
5,0,0,2.98871,-0.029646,0
5,0.1,0,2.9866,-0.0152628,0
5,0.2,0,2.98683,-0.0162193,0
5,0.3,0,2.98743,-0.0247114,0
5,0.4,0,2.98432,-0.0291627,0
5,0.5,0,2.98072,-0.0252517,0
5,0.6,0,2.97984,-0.0257333,0
5,0.7,0,2.98335,-0.0372633,0
5,0.8,0,2.97111,-0.0234816,0
5,0.9,0,2.96928,-0.0230376,0
5,1,0,2.97253,-0.029536,0
5,1.1,0,2.97498,-0.0332683,0
5,1.2,0,2.97257,-0.0297314,0
5,1.3,0,2.97231,-0.029862,0
5,1.4,0,2.97682,-0.0391778,0
5,1.5,0,2.97681,-0.0308298,0
5,1.6,0,2.97793,-0.03081,0
5,1.7,0,2.97899,-0.0349556,0
5,1.8,0,2.9811,-0.036925,0
5,1.9,0,2.98293,-0.0345333,0
5,2,0,2.98373,-0.0347181,0
5,2.1,0,2.97979,-0.0407058,0
5,2.2,0,2.97942,-0.0346452,0
5,2.3,0,2.97823,-0.0340182,0
5,2.4,0,2.9759,-0.036027,0
5,2.5,0,2.96978,-0.0347331,0
5,2.6,0,2.96499,-0.0306443,0
5,2.7,0,2.96275,-0.0295604,0
5,2.8,0,2.96787,-0.0364606,0
5,2.9,0,2.95903,-0.0300466,0
5,3,0,2.95828,-0.0291444,0
5,3.1,0,2.96197,-0.031471,0
5,3.2,0,2.96512,-0.0327186,0
5,3.3,0,2.96405,-0.0304158,0
5,3.4,0,2.96477,-0.0295444,0
5,3.5,0,2.96789,-0.0327065,0
5,3.6,0,2.9681,-0.0303924,0
5,3.7,0,2.96901,-0.029449,0
5,3.8,0,2.96879,-0.0293079,0
5,3.9,0,2.96563,-0.0279542,0
5,4,0,2.96337,-0.0254887,0
5,4.1,0,2.9628,-0.0238989,0
5,4.2,0,2.96587,-0.0252237,0
5,4.3,0,2.95964,-0.0200787,0
5,4.4,0,2.95879,-0.0185826,0
5,4.5,0,2.96107,-0.0193307,0
5,4.6,0,2.96352,-0.0203046,0
5,4.7,0,2.96309,-0.0188453,0
5,4.8,0,2.96358,-0.0176967,0
5,4.9,0,2.96534,-0.0176774,0
5,5,0,2.96409,-0.0141644,0
5,5.1,0,2.96392,-0.0128176,0
5,5.2,0,2.9641,-0.0126247,0
5,5.3,0,2.96219,-0.0122364,0
5,5.4,0,2.96013,-0.0104893,0
5,5.5,0,2.95981,-0.00904958,0
5,5.6,0,2.96356,-0.00914389,0
5,5.7,0,2.9622,-0.00694195,0
5,5.8,0,2.96228,-0.00561972,0
5,5.9,0,2.96298,-0.00486598,0
5,6,0,2.96211,-0.00415057,0
5,6.1,0,2.96068,-0.00270662,0
5,6.2,0,2.96059,-0.00127342,0
5,6.3,0,2.96344,-0.000538944,0
5,6.4,0,2.96155,0.000679387,0
5,6.5,0,2.96162,0.00203467,0
5,6.6,0,2.96261,0.00324192,0
5,6.7,0,2.96237,0.00399943,0
5,6.8,0,2.96122,0.00488575,0
5,6.9,0,2.96122,0.00604479,0
5,7,0,2.96375,0.00726146,0
5,7.1,0,2.96395,0.0091871,0
5,7.2,0,2.96407,0.0103513,0
5,7.3,0,2.96418,0.0115088,0
5,7.4,0,2.9643,0.0126614,0
5,7.5,0,2.96443,0.0138056,0
5,7.6,0,2.96457,0.0149411,0
5,7.7,0,2.96472,0.0160672,0
5,7.8,0,2.9649,0.0171797,0
5,7.9,0,2.96509,0.0182851,0
5,8,0,2.96537,0.019763,0
5,8.1,0,2.96277,0.0180187,0
5,8.2,0,2.96406,0.0201605,0
5,8.3,0,2.96257,0.0194178,0
5,8.4,0,2.96277,0.0206692,0
5,8.5,0,2.96466,0.0229871,0
5,8.6,0,2.96326,0.0223492,0
5,8.7,0,2.96684,0.0265164,0
5,8.8,0,2.96472,0.0240472,0
5,8.9,0,2.966,0.0264335,0
5,9,0,2.96563,0.0256154,0
5,9.1,0,2.96564,0.0265837,0
5,9.2,0,2.96724,0.029559,0
5,9.3,0,2.96553,0.0277699,0
5,9.4,0,2.96874,0.0324063,0
5,9.5,0,2.9663,0.0288496,0
5,9.6,0,2.96785,0.0311943,0
5,9.7,0,2.96853,0.0307924,0
5,9.8,0,2.96862,0.0311278,0
5,9.9,0,2.97122,0.035011,0
5,10,0,2.9699,0.0318569,0
5,10.1,0,2.97202,0.0367411,0
5,10.2,0,2.97064,0.0326782,0
5,10.3,0,2.9714,0.0344952,0
5,10.4,0,2.97164,0.0341824,0
5,10.5,0,2.97156,0.0335935,0
5,10.6,0,2.97433,0.0387389,0
5,10.7,0,2.97242,0.0339845,0
5,10.8,0,2.97523,0.0389274,0
5,10.9,0,2.97347,0.0337655,0
5,11,0,2.97426,0.0350503,0
5,11.1,0,2.97573,0.0358628,0
5,11.2,0,2.9752,0.0340682,0
5,11.3,0,2.97841,0.0403823,0
5,11.4,0,2.97664,0.0334241,0
5,11.5,0,2.97864,0.0381842,0
5,11.6,0,2.9776,0.0319643,0
5,11.7,0,2.97786,0.0323497,0
5,11.8,0,2.97967,0.0344984,0
5,11.9,0,2.97889,0.0308204,0
5,12,0,2.98231,0.03822,0
5,12.1,0,2.97981,0.0270738,0
5,12.2,0,2.98166,0.0322817,0
5,12.3,0,2.98014,0.0255069,0
5,12.4,0,2.97997,0.024571,0
5,12.5,0,2.9824,0.0250667,0
5,12.6,0,2.98083,0.0174569,0
5,12.7,0,2.98515,0.0311384,0
5.1,0,0,2.99131,-0.0231662,0
5.1,0.1,0,2.98899,-0.00746805,0
5.1,0.2,0,2.98848,-0.00360351,0
5.1,0.3,0,2.98942,-0.0186891,0
5.1,0.4,0,2.9863,-0.0231404,0
5.1,0.5,0,2.98032,-0.0153859,0
5.1,0.6,0,2.98082,-0.0193399,0
5.1,0.7,0,2.98471,-0.0318169,0
5.1,0.8,0,2.97157,-0.016892,0
5.1,0.9,0,2.96647,-0.0122561,0
5.1,1,0,2.97416,-0.0248292,0
5.1,1.1,0,2.97661,-0.0285615,0
5.1,1.2,0,2.97234,-0.0218155,0
5.1,1.3,0,2.97357,-0.0248329,0
5.1,1.4,0,2.97849,-0.0349359,0
5.1,1.5,0,2.97839,-0.0258741,0
5.1,1.6,0,2.97915,-0.0232369,0
5.1,1.7,0,2.98017,-0.0310271,0
5.1,1.8,0,2.98228,-0.0329965,0
5.1,1.9,0,2.985,-0.0283505,0
5.1,2,0,2.98432,-0.0303591,0
5.1,2.1,0,2.97996,-0.0368442,0
5.1,2.2,0,2.97967,-0.0303178,0
5.1,2.3,0,2.97874,-0.0279831,0
5.1,2.4,0,2.9754,-0.0322981,0
5.1,2.5,0,2.96929,-0.0310043,0
5.1,2.6,0,2.96225,-0.0242862,0
5.1,2.7,0,2.96232,-0.0257116,0
5.1,2.8,0,2.96807,-0.0332962,0
5.1,2.9,0,2.95854,-0.0264097,0
5.1,3,0,2.95525,-0.0237752,0
5.1,3.1,0,2.96284,-0.028927,0
5.1,3.2,0,2.96599,-0.0301746,0
5.1,3.3,0,2.96336,-0.0266192,0
5.1,3.4,0,2.96483,-0.0270155,0
5.1,3.5,0,2.96816,-0.0305234,0
5.1,3.6,0,2.9683,-0.0280917,0
5.1,3.7,0,2.96899,-0.0267175,0
5.1,3.8,0,2.96779,-0.0272785,0
5.1,3.9,0,2.96463,-0.0259248,0
5.1,4,0,2.9609,-0.0226931,0
5.1,4.1,0,2.96148,-0.0220193,0
5.1,4.2,0,2.96486,-0.0235939,0
5.1,4.3,0,2.95816,-0.0181362,0
5.1,4.4,0,2.95562,-0.0154932,0
5.1,4.5,0,2.96063,-0.0182052,0
5.1,4.6,0,2.96308,-0.019179,0
5.1,4.7,0,2.96186,-0.0174479,0
5.1,4.8,0,2.96275,-0.0166542,0
5.1,4.9,0,2.96462,-0.0167317,0
5.1,5,0,2.96327,-0.0130331,0
5.1,5.1,0,2.96277,-0.0110055,0
5.1,5.2,0,2.96324,-0.0118221,0
5.1,5.3,0,2.96133,-0.0114338,0
5.1,5.4,0,2.95775,-0.00941761,0
5.1,5.5,0,2.95871,-0.00846004,0
5.1,5.6,0,2.96281,-0.00868584,0
5.1,5.7,0,2.96132,-0.00640848,0
5.1,5.8,0,2.96095,-0.00480978,0
5.1,5.9,0,2.96218,-0.00455346,0
5.1,6,0,2.96131,-0.00383805,0
5.1,6.1,0,2.95871,-0.00238469,0
5.1,6.2,0,2.95955,-0.00117109,0
5.1,6.3,0,2.96265,-0.000496497,0
5.1,6.4,0,2.96059,0.000710096,0
5.1,6.5,0,2.96005,0.00202234,0
5.1,6.6,0,2.96183,0.00310006,0
5.1,6.7,0,2.9616,0.00385757,0
5.1,6.8,0,2.95945,0.00450525,0
5.1,6.9,0,2.96024,0.0056824,0
5.1,7,0,2.963,0.00690401,0
5.1,7.1,0,2.96322,0.00874675,0
5.1,7.2,0,2.96335,0.00983972,0
5.1,7.3,0,2.96348,0.0109291,0
5.1,7.4,0,2.96362,0.0120142,0
5.1,7.5,0,2.96376,0.0130895,0
5.1,7.6,0,2.96391,0.014155,0
5.1,7.7,0,2.96408,0.0152109,0
5.1,7.8,0,2.96427,0.016252,0
5.1,7.9,0,2.96448,0.0172828,0
5.1,8,0,2.96478,0.0186728,0
5.1,8.1,0,2.96111,0.0158003,0
5.1,8.2,0,2.96354,0.0189237,0
5.1,8.3,0,2.96188,0.0180113,0
5.1,8.4,0,2.96184,0.0188667,0
5.1,8.5,0,2.96415,0.02156,0
5.1,8.6,0,2.96137,0.0194544,0
5.1,8.7,0,2.96633,0.0248905,0
5.1,8.8,0,2.96315,0.02086,0
5.1,8.9,0,2.9656,0.0246198,0
5.1,9,0,2.96524,0.0238017,0
5.1,9.1,0,2.96478,0.0237685,0
5.1,9.2,0,2.96698,0.0275576,0
5.1,9.3,0,2.96392,0.0238502,0
5.1,9.4,0,2.96851,0.0301891,0
5.1,9.5,0,2.96466,0.0245113,0
5.1,9.6,0,2.96764,0.0287474,0
5.1,9.7,0,2.96832,0.0283456,0
5.1,9.8,0,2.96765,0.0270258,0
5.1,9.9,0,2.97111,0.0323407,0
5.1,10,0,2.96892,0.0268232,0
5.1,10.1,0,2.97207,0.0338411,0
5.1,10.2,0,2.96985,0.0274838,0
5.1,10.3,0,2.9716,0.0313578,0
5.1,10.4,0,2.97183,0.031045,0
5.1,10.5,0,2.97073,0.0278798,0
5.1,10.6,0,2.97464,0.0353321,0
5.1,10.7,0,2.97148,0.0277433,0
5.1,10.8,0,2.97565,0.0352459,0
5.1,10.9,0,2.97294,0.0278047,0
5.1,11,0,2.97482,0.0310612,0
5.1,11.1,0,2.9763,0.0318737,0
5.1,11.2,0,2.97464,0.0268525,0
5.1,11.3,0,2.97919,0.0360911,0
5.1,11.4,0,2.97649,0.0257249,0
5.1,11.5,0,2.97972,0.0335572,0
5.1,11.6,0,2.97815,0.0253232,0
5.1,11.7,0,2.97929,0.0273909,0
5.1,11.8,0,2.9811,0.0295396,0
5.1,11.9,0,2.97935,0.0220344,0
5.1,12,0,2.9842,0.0328939,0
5.1,12.1,0,2.98069,0.0170612,0
5.1,12.2,0,2.9841,0.0266079,0
5.1,12.3,0,2.98215,0.0183467,0
5.1,12.4,0,2.98272,0.0179382,0
5.1,12.5,0,2.98539,0.0189532,0
5.1,12.6,0,2.98234,0.00515901,0
5.1,12.7,0,2.98838,0.0246728,0
5.2,0,0,2.9939,-0.0166862,0
5.2,0.1,0,2.99159,-0.00098815,0
5.2,0.2,0,2.99028,0.00618649,0
5.2,0.3,0,2.9914,-0.0126669,0
5.2,0.4,0,2.98829,-0.0171182,0
5.2,0.5,0,2.98094,-0.00716736,0
5.2,0.6,0,2.98218,-0.0138935,0
5.2,0.7,0,2.98606,-0.0263705,0
5.2,0.8,0,2.97293,-0.0114455,0
5.2,0.9,0,2.96556,-0.00407802,0
5.2,1,0,2.97579,-0.0201224,0
5.2,1.1,0,2.97824,-0.0238547,0
5.2,1.2,0,2.97291,-0.0152749,0
5.2,1.3,0,2.97525,-0.020591,0
5.2,1.4,0,2.98016,-0.0306941,0
5.2,1.5,0,2.98007,-0.0216322,0
5.2,1.6,0,2.98036,-0.0172257,0
5.2,1.7,0,2.98135,-0.0270986,0
5.2,1.8,0,2.98346,-0.029068,0
5.2,1.9,0,2.9867,-0.0231339,0
5.2,2,0,2.98449,-0.0264975,0
5.2,2.1,0,2.98014,-0.0329826,0
5.2,2.2,0,2.97984,-0.0264562,0
5.2,2.3,0,2.97881,-0.0229364,0
5.2,2.4,0,2.9749,-0.0285693,0
5.2,2.5,0,2.96879,-0.0272754,0
5.2,2.6,0,2.96047,-0.0190549,0
5.2,2.7,0,2.96252,-0.0225471,0
5.2,2.8,0,2.96828,-0.0301317,0
5.2,2.9,0,2.95875,-0.0232452,0
5.2,3,0,2.95389,-0.0196168,0
5.2,3.1,0,2.96371,-0.026383,0
5.2,3.2,0,2.96686,-0.0276306,0
5.2,3.3,0,2.96333,-0.0233595,0
5.2,3.4,0,2.9651,-0.0248324,0
5.2,3.5,0,2.96842,-0.0283402,0
5.2,3.6,0,2.96857,-0.0259085,0
5.2,3.7,0,2.96855,-0.0242869,0
5.2,3.8,0,2.96679,-0.0252491,0
5.2,3.9,0,2.96363,-0.0238955,0
5.2,4,0,2.95906,-0.0202258,0
5.2,4.1,0,2.96046,-0.0203895,0
5.2,4.2,0,2.96384,-0.0219641,0
5.2,4.3,0,2.95715,-0.0165064,0
5.2,4.4,0,2.95362,-0.0132455,0
5.2,4.5,0,2.96019,-0.0170796,0
5.2,4.6,0,2.96264,-0.0180534,0
5.2,4.7,0,2.96097,-0.016167,0
5.2,4.8,0,2.96203,-0.0157085,0
5.2,4.9,0,2.9639,-0.015786,0
5.2,5,0,2.96255,-0.0120874,0
5.2,5.1,0,2.96174,-0.00962599,0
5.2,5.2,0,2.96238,-0.0110195,0
5.2,5.3,0,2.96048,-0.0106312,0
5.2,5.4,0,2.95602,-0.00846127,0
5.2,5.5,0,2.95796,-0.00800199,0
5.2,5.6,0,2.96206,-0.00822778,0
5.2,5.7,0,2.96057,-0.00595043,0
5.2,5.8,0,2.95985,-0.00421301,0
5.2,5.9,0,2.96139,-0.00424093,0
5.2,6,0,2.96052,-0.00352552,0
5.2,6.1,0,2.95725,-0.00206679,0
5.2,6.2,0,2.95876,-0.00112864,0
5.2,6.3,0,2.96186,-0.000454049,0
5.2,6.4,0,2.9598,0.000752544,0
5.2,6.5,0,2.95881,0.00195449,0
5.2,6.6,0,2.96106,0.0029582,0
5.2,6.7,0,2.96082,0.00371571,0
5.2,6.8,0,2.9581,0.00422703,0
5.2,6.9,0,2.95949,0.00532496,0
5.2,7,0,2.96224,0.00654657,0
5.2,7.1,0,2.96249,0.00830641,0
5.2,7.2,0,2.96263,0.00932813,0
5.2,7.3,0,2.96278,0.0103494,0
5.2,7.4,0,2.96293,0.011367,0
5.2,7.5,0,2.96309,0.0123733,0
5.2,7.6,0,2.96326,0.0133689,0
5.2,7.7,0,2.96344,0.0143547,0
5.2,7.8,0,2.96365,0.0153242,0
5.2,7.9,0,2.96387,0.0162804,0
5.2,8,0,2.96418,0.0175827,0
5.2,8.1,0,2.95994,0.014098,0
5.2,8.2,0,2.96301,0.0176868,0
5.2,8.3,0,2.96135,0.0167745,0
5.2,8.4,0,2.96133,0.0174397,0
5.2,8.5,0,2.96365,0.020133,0
5.2,8.6,0,2.95983,0.0168836,0
5.2,8.7,0,2.96581,0.0232646,0
5.2,8.8,0,2.96228,0.0187025,0
5.2,8.9,0,2.9652,0.0228062,0
5.2,9,0,2.96484,0.021988,0
5.2,9.1,0,2.96452,0.021767,0
5.2,9.2,0,2.96673,0.0255561,0
5.2,9.3,0,2.96239,0.0200209,0
5.2,9.4,0,2.96829,0.0279719,0
5.2,9.5,0,2.96424,0.0220008,0
5.2,9.6,0,2.96743,0.0263006,0
5.2,9.7,0,2.96811,0.0258988,0
5.2,9.8,0,2.96755,0.0243555,0
5.2,9.9,0,2.97101,0.0296704,0
5.2,10,0,2.96794,0.0217894,0
5.2,10.1,0,2.97212,0.0309411,0
5.2,10.2,0,2.9699,0.0245838,0
5.2,10.3,0,2.97179,0.0282205,0
5.2,10.4,0,2.97203,0.0279077,0
5.2,10.5,0,2.97104,0.0244729,0
5.2,10.6,0,2.97495,0.0319253,0
5.2,10.7,0,2.97053,0.021502,0
5.2,10.8,0,2.97608,0.0315644,0
5.2,10.9,0,2.97337,0.0241232,0
5.2,11,0,2.97538,0.0270721,0
5.2,11.1,0,2.97686,0.0278845,0
5.2,11.2,0,2.97523,0.0221569,0
5.2,11.3,0,2.97997,0.0318,0
5.2,11.4,0,2.97638,0.018207,0
5.2,11.5,0,2.9808,0.0289303,0
5.2,11.6,0,2.97923,0.0206962,0
5.2,11.7,0,2.98073,0.0224321,0
5.2,11.8,0,2.98253,0.0245808,0
5.2,11.9,0,2.98075,0.0155304,0
5.2,12,0,2.98609,0.0275677,0
5.2,12.1,0,2.98182,0.00824511,0
5.2,12.2,0,2.98655,0.0209342,0
5.2,12.3,0,2.9846,0.0126729,0
5.2,12.4,0,2.98572,0.0118246,0
5.2,12.5,0,2.98838,0.0128397,0
5.2,12.6,0,2.98464,-0.00447093,0
5.2,12.7,0,2.99161,0.0182072,0
5.3,0,0,2.99649,-0.0102064,0
5.3,0.1,0,2.99418,0.00549175,0
5.3,0.2,0,2.99234,0.0117704,0
5.3,0.3,0,2.99339,-0.00664467,0
5.3,0.4,0,2.99027,-0.011096,0
5.3,0.5,0,2.98305,-0.00146079,0
5.3,0.6,0,2.98353,-0.00844701,0
5.3,0.7,0,2.98742,-0.020924,0
5.3,0.8,0,2.97428,-0.00599909,0
5.3,0.9,0,2.96749,0.000247705,0
5.3,1,0,2.97743,-0.0154156,0
5.3,1.1,0,2.97987,-0.0191479,0
5.3,1.2,0,2.97468,-0.0108306,0
5.3,1.3,0,2.97692,-0.0163492,0
5.3,1.4,0,2.98184,-0.0264523,0
5.3,1.5,0,2.98174,-0.0173904,0
5.3,1.6,0,2.98157,-0.0135352,0
5.3,1.7,0,2.98253,-0.0231701,0
5.3,1.8,0,2.98464,-0.0251395,0
5.3,1.9,0,2.98774,-0.0193712,0
5.3,2,0,2.98467,-0.0226359,0
5.3,2.1,0,2.98031,-0.029121,0
5.3,2.2,0,2.98001,-0.0225946,0
5.3,2.3,0,2.97828,-0.0193628,0
5.3,2.4,0,2.9744,-0.0248404,0
5.3,2.5,0,2.96828,-0.0235466,0
5.3,2.6,0,2.96018,-0.0155541,0
5.3,2.7,0,2.96273,-0.0193826,0
5.3,2.8,0,2.96848,-0.0269672,0
5.3,2.9,0,2.95895,-0.0200807,0
5.3,3,0,2.95499,-0.0172303,0
5.3,3.1,0,2.96458,-0.0238391,0
5.3,3.2,0,2.96773,-0.0250866,0
5.3,3.3,0,2.96427,-0.0209307,0
5.3,3.4,0,2.96536,-0.0226492,0
5.3,3.5,0,2.96869,-0.026157,0
5.3,3.6,0,2.96883,-0.0237253,0
5.3,3.7,0,2.96757,-0.0222967,0
5.3,3.8,0,2.96579,-0.0232198,0
5.3,3.9,0,2.96263,-0.0218661,0
5.3,4,0,2.95817,-0.0182797,0
5.3,4.1,0,2.95945,-0.0187597,0
5.3,4.2,0,2.96283,-0.0203344,0
5.3,4.3,0,2.95613,-0.0148766,0
5.3,4.4,0,2.95334,-0.0122242,0
5.3,4.5,0,2.95975,-0.015954,0
5.3,4.6,0,2.9622,-0.0169279,0
5.3,4.7,0,2.96057,-0.0150737,0
5.3,4.8,0,2.9613,-0.0147628,0
5.3,4.9,0,2.96318,-0.0148403,0
5.3,5,0,2.96183,-0.0111417,0
5.3,5.1,0,2.96091,-0.00888529,0
5.3,5.2,0,2.96152,-0.0102169,0
5.3,5.3,0,2.95962,-0.00982866,0
5.3,5.4,0,2.95528,-0.00770251,0
5.3,5.5,0,2.9572,-0.00754393,0
5.3,5.6,0,2.96131,-0.00776972,0
5.3,5.7,0,2.95982,-0.00549237,0
5.3,5.8,0,2.9591,-0.00392562,0
5.3,5.9,0,2.9606,-0.0039284,0
5.3,6,0,2.95973,-0.003213,0
5.3,6.1,0,2.95654,-0.00177422,0
5.3,6.2,0,2.95797,-0.00108619,0
5.3,6.3,0,2.96107,-0.000411602,0
5.3,6.4,0,2.95901,0.000794991,0
5.3,6.5,0,2.95809,0.00181654,0
5.3,6.6,0,2.96028,0.00281634,0
5.3,6.7,0,2.96004,0.00357385,0
5.3,6.8,0,2.9574,0.00408681,0
5.3,6.9,0,2.95873,0.00496752,0
5.3,7,0,2.96149,0.00618913,0
5.3,7.1,0,2.96176,0.00786606,0
5.3,7.2,0,2.96192,0.00881653,0
5.3,7.3,0,2.96208,0.00976969,0
5.3,7.4,0,2.96225,0.0107198,0
5.3,7.5,0,2.96242,0.0116572,0
5.3,7.6,0,2.96261,0.0125828,0
5.3,7.7,0,2.9628,0.0134984,0
5.3,7.8,0,2.96302,0.0143965,0
5.3,7.9,0,2.96326,0.015278,0
5.3,8,0,2.96359,0.0164926,0
5.3,8.1,0,2.9594,0.0130496,0
5.3,8.2,0,2.96249,0.01645,0
5.3,8.3,0,2.96083,0.0155376,0
5.3,8.4,0,2.96083,0.0160127,0
5.3,8.5,0,2.96315,0.018706,0
5.3,8.6,0,2.95965,0.0156168,0
5.3,8.7,0,2.9653,0.0216386,0
5.3,8.8,0,2.96176,0.0170766,0
5.3,8.9,0,2.96481,0.0209925,0
5.3,9,0,2.96444,0.0201743,0
5.3,9.1,0,2.96427,0.0197656,0
5.3,9.2,0,2.96647,0.0235547,0
5.3,9.3,0,2.96277,0.0186609,0
5.3,9.4,0,2.96806,0.0257547,0
5.3,9.5,0,2.96402,0.0197836,0
5.3,9.6,0,2.96721,0.0238538,0
5.3,9.7,0,2.96789,0.023452,0
5.3,9.8,0,2.96744,0.0216852,0
5.3,9.9,0,2.9709,0.0270002,0
5.3,10,0,2.9684,0.0201054,0
5.3,10.1,0,2.97217,0.0280411,0
5.3,10.2,0,2.96994,0.0216838,0
5.3,10.3,0,2.97199,0.0250832,0
5.3,10.4,0,2.97222,0.0247703,0
5.3,10.5,0,2.97136,0.0210661,0
5.3,10.6,0,2.97527,0.0285185,0
5.3,10.7,0,2.97155,0.0193342,0
5.3,10.8,0,2.97651,0.0278829,0
5.3,10.9,0,2.9738,0.0204417,0
5.3,11,0,2.97595,0.023083,0
5.3,11.1,0,2.97742,0.0238954,0
5.3,11.2,0,2.97601,0.0178658,0
5.3,11.3,0,2.98075,0.0275088,0
5.3,11.4,0,2.97771,0.0152885,0
5.3,11.5,0,2.98187,0.0243033,0
5.3,11.6,0,2.9803,0.0160692,0
5.3,11.7,0,2.98216,0.0174733,0
5.3,11.8,0,2.98397,0.019622,0
5.3,11.9,0,2.98264,0.0102042,0
5.3,12,0,2.98798,0.0222415,0
5.3,12.1,0,2.98409,0.00398057,0
5.3,12.2,0,2.98899,0.0152604,0
5.3,12.3,0,2.98704,0.0069992,0
5.3,12.4,0,2.98871,0.00571111,0
5.3,12.5,0,2.99138,0.00672612,0
5.3,12.6,0,2.98793,-0.0106734,0
5.3,12.7,0,2.99483,0.0117415,0
5.4,0,0,2.99908,-0.00372645,0
5.4,0.1,0,2.99677,0.0119717,0
5.4,0.2,0,2.99526,0.0116568,0
5.4,0.3,0,2.99538,-0.00062243,0
5.4,0.4,0,2.99226,-0.00507371,0
5.4,0.5,0,2.98679,0.000142112,0
5.4,0.6,0,2.98489,-0.00300056,0
5.4,0.7,0,2.98878,-0.0154776,0
5.4,0.8,0,2.97564,-0.000552641,0
5.4,0.9,0,2.97329,-0.000380539,0
5.4,1,0,2.97906,-0.0107088,0
5.4,1.1,0,2.98151,-0.0144411,0
5.4,1.2,0,2.97822,-0.00979782,0
5.4,1.3,0,2.97859,-0.0121074,0
5.4,1.4,0,2.98351,-0.0222104,0
5.4,1.5,0,2.98341,-0.0131486,0
5.4,1.6,0,2.9832,-0.012938,0
5.4,1.7,0,2.98371,-0.0192416,0
5.4,1.8,0,2.98582,-0.021211,0
5.4,1.9,0,2.98702,-0.0177639,0
5.4,2,0,2.98484,-0.0187742,0
5.4,2.1,0,2.98049,-0.0252594,0
5.4,2.2,0,2.98019,-0.018733,0
5.4,2.3,0,2.97746,-0.0178074,0
5.4,2.4,0,2.9739,-0.0211116,0
5.4,2.5,0,2.96779,-0.0198177,0
5.4,2.6,0,2.96262,-0.0150189,0
5.4,2.7,0,2.96293,-0.0162181,0
5.4,2.8,0,2.96868,-0.0238028,0
5.4,2.9,0,2.95915,-0.0169163,0
5.4,3,0,2.95909,-0.016891,0
5.4,3.1,0,2.96545,-0.0212951,0
5.4,3.2,0,2.96859,-0.0225426,0
5.4,3.3,0,2.9661,-0.0200001,0
5.4,3.4,0,2.96563,-0.020466,0
5.4,3.5,0,2.96895,-0.0239738,0
5.4,3.6,0,2.9691,-0.0215422,0
5.4,3.7,0,2.96685,-0.0208156,0
5.4,3.8,0,2.96479,-0.0211904,0
5.4,3.9,0,2.96163,-0.0198367,0
5.4,4,0,2.95862,-0.0174162,0
5.4,4.1,0,2.95843,-0.0171299,0
5.4,4.2,0,2.96181,-0.0187046,0
5.4,4.3,0,2.95512,-0.0132468,0
5.4,4.4,0,2.95505,-0.0125582,0
5.4,4.5,0,2.95931,-0.0148285,0
5.4,4.6,0,2.96176,-0.0158023,0
5.4,4.7,0,2.96064,-0.0143998,0
5.4,4.8,0,2.96058,-0.0138172,0
5.4,4.9,0,2.96245,-0.0138946,0
5.4,5,0,2.9611,-0.010196,0
5.4,5.1,0,2.96049,-0.00894918,0
5.4,5.2,0,2.96067,-0.00941431,0
5.4,5.3,0,2.95876,-0.00902607,0
5.4,5.4,0,2.95605,-0.00751351,0
5.4,5.5,0,2.95645,-0.00708588,0
5.4,5.6,0,2.96056,-0.00731167,0
5.4,5.7,0,2.95907,-0.00503432,0
5.4,5.8,0,2.95889,-0.00396498,0
5.4,5.9,0,2.95981,-0.00361588,0
5.4,6,0,2.95894,-0.00290047,0
5.4,6.1,0,2.95692,-0.00174118,0
5.4,6.2,0,2.95718,-0.00104374,0
5.4,6.3,0,2.96029,-0.000369155,0
5.4,6.4,0,2.95822,0.000837438,0
5.4,6.5,0,2.9581,0.00172946,0
5.4,6.6,0,2.9595,0.00267447,0
5.4,6.7,0,2.95926,0.00343199,0
5.4,6.8,0,2.95764,0.003968,0
5.4,6.9,0,2.95798,0.00461007,0
5.4,7,0,2.96073,0.00583168,0
5.4,7.1,0,2.96103,0.00742572,0
5.4,7.2,0,2.9612,0.00830494,0
5.4,7.3,0,2.96138,0.00919,0
5.4,7.4,0,2.96156,0.0100726,0
5.4,7.5,0,2.96175,0.0109411,0
5.4,7.6,0,2.96195,0.0117967,0
5.4,7.7,0,2.96217,0.0126422,0
5.4,7.8,0,2.96239,0.0134688,0
5.4,7.9,0,2.96264,0.0142757,0
5.4,8,0,2.963,0.0154025,0
5.4,8.1,0,2.95994,0.0129411,0
5.4,8.2,0,2.96197,0.0152131,0
5.4,8.3,0,2.96031,0.0143008,0
5.4,8.4,0,2.96033,0.0145857,0
5.4,8.5,0,2.96265,0.017279,0
5.4,8.6,0,2.96054,0.0154587,0
5.4,8.7,0,2.96479,0.0200127,0
5.4,8.8,0,2.96224,0.016605,0
5.4,8.9,0,2.96441,0.0191788,0
5.4,9,0,2.96405,0.0183607,0
5.4,9.1,0,2.96404,0.017819,0
5.4,9.2,0,2.96621,0.0215533,0
5.4,9.3,0,2.96389,0.0183621,0
5.4,9.4,0,2.96784,0.0235375,0
5.4,9.5,0,2.9647,0.0187737,0
5.4,9.6,0,2.967,0.021407,0
5.4,9.7,0,2.96768,0.0210052,0
5.4,9.8,0,2.96759,0.0195237,0
5.4,9.9,0,2.9708,0.0243299,0
5.4,10,0,2.96933,0.0195689,0
5.4,10.1,0,2.97221,0.0251411,0
5.4,10.2,0,2.97045,0.0197492,0
5.4,10.3,0,2.97219,0.0219458,0
5.4,10.4,0,2.97242,0.021633,0
5.4,10.5,0,2.97215,0.0188517,0
5.4,10.6,0,2.97558,0.0251117,0
5.4,10.7,0,2.97324,0.0184871,0
5.4,10.8,0,2.97694,0.0242014,0
5.4,10.9,0,2.97456,0.017415,0
5.4,11,0,2.97651,0.0190939,0
5.4,11.1,0,2.97799,0.0199063,0
5.4,11.2,0,2.97751,0.0156341,0
5.4,11.3,0,2.98153,0.0232177,0
5.4,11.4,0,2.97972,0.0140696,0
5.4,11.5,0,2.98295,0.0196763,0
5.4,11.6,0,2.98142,0.0115525,0
5.4,11.7,0,2.9836,0.0125145,0
5.4,11.8,0,2.9854,0.0146632,0
5.4,11.9,0,2.98535,0.0080945,0
5.4,12,0,2.98986,0.0169153,0
5.4,12.1,0,2.98755,0.00299328,0
5.4,12.2,0,2.99143,0.00958671,0
5.4,12.3,0,2.98948,0.00132546,0
5.4,12.4,0,2.9917,-0.000402418,0
5.4,12.5,0,2.99437,0.000612594,0
5.4,12.6,0,2.99264,-0.0109547,0
5.4,12.7,0,2.99806,0.00527589,0
5.5,0,0,3.00167,0.00275345,0
5.5,0.1,0,2.9996,0.0137418,0
5.5,0.2,0,2.99818,0.0115431,0
5.5,0.3,0,2.99736,0.00539981,0
5.5,0.4,0,2.99425,0.000948525,0
5.5,0.5,0,2.99053,0.00174501,0
5.5,0.6,0,2.98795,-0.000299506,0
5.5,0.7,0,2.99013,-0.0100311,0
5.5,0.8,0,2.98017,0.00055474,0
5.5,0.9,0,2.97909,-0.00100878,0
5.5,1,0,2.98069,-0.00600198,0
5.5,1.1,0,2.98314,-0.00973428,0
5.5,1.2,0,2.98176,-0.00876508,0
5.5,1.3,0,2.9816,-0.0101578,0
5.5,1.4,0,2.98518,-0.0179686,0
5.5,1.5,0,2.98505,-0.0115101,0
5.5,1.6,0,2.98483,-0.0123408,0
5.5,1.7,0,2.98489,-0.0153131,0
5.5,1.8,0,2.987,-0.0172825,0
5.5,1.9,0,2.9863,-0.0161566,0
5.5,2,0,2.98438,-0.0165229,0
5.5,2.1,0,2.98066,-0.0213978,0
5.5,2.2,0,2.97965,-0.0165187,0
5.5,2.3,0,2.97663,-0.0162521,0
5.5,2.4,0,2.9734,-0.0173827,0
5.5,2.5,0,2.96728,-0.0160889,0
5.5,2.6,0,2.96506,-0.0144838,0
5.5,2.7,0,2.96474,-0.0149317,0
5.5,2.8,0,2.96889,-0.0206383,0
5.5,2.9,0,2.96214,-0.0157698,0
5.5,3,0,2.96319,-0.0165518,0
5.5,3.1,0,2.96631,-0.0187511,0
5.5,3.2,0,2.96946,-0.0199987,0
5.5,3.3,0,2.96793,-0.0190695,0
5.5,3.4,0,2.96701,-0.0191775,0
5.5,3.5,0,2.96922,-0.0217906,0
5.5,3.6,0,2.96866,-0.0198605,0
5.5,3.7,0,2.96614,-0.0193345,0
5.5,3.8,0,2.96379,-0.019161,0
5.5,3.9,0,2.96063,-0.0178073,0
5.5,4,0,2.95908,-0.0165527,0
5.5,4.1,0,2.95847,-0.0160475,0
5.5,4.2,0,2.9608,-0.0170748,0
5.5,4.3,0,2.95605,-0.0130197,0
5.5,4.4,0,2.95677,-0.0128922,0
5.5,4.5,0,2.95888,-0.0137029,0
5.5,4.6,0,2.96132,-0.0146767,0
5.5,4.7,0,2.96071,-0.013726,0
5.5,4.8,0,2.96042,-0.0130656,0
5.5,4.9,0,2.96173,-0.0129489,0
5.5,5,0,2.9606,-0.00997143,0
5.5,5.1,0,2.96006,-0.00901306,0
5.5,5.2,0,2.95981,-0.00861172,0
5.5,5.3,0,2.9579,-0.00822348,0
5.5,5.4,0,2.95682,-0.00732452,0
5.5,5.5,0,2.95679,-0.00682001,0
5.5,5.6,0,2.9598,-0.00685361,0
5.5,5.7,0,2.9587,-0.00493156,0
5.5,5.8,0,2.95867,-0.00400435,0
5.5,5.9,0,2.95901,-0.00330335,0
5.5,6,0,2.95815,-0.00258794,0
5.5,6.1,0,2.95731,-0.00170815,0
5.5,6.2,0,2.95723,-0.00100802,0
5.5,6.3,0,2.9595,-0.000326707,0
5.5,6.4,0,2.95801,0.000787365,0
5.5,6.5,0,2.95811,0.00164238,0
5.5,6.6,0,2.95872,0.00253261,0
5.5,6.7,0,2.95849,0.00329012,0
5.5,6.8,0,2.95788,0.00384919,0
5.5,6.9,0,2.95793,0.00442308,0
5.5,7,0,2.95998,0.00547424,0
5.5,7.1,0,2.9603,0.00698537,0
5.5,7.2,0,2.96049,0.00779335,0
5.5,7.3,0,2.96068,0.00861031,0
5.5,7.4,0,2.96088,0.00942536,0
5.5,7.5,0,2.96109,0.0102249,0
5.5,7.6,0,2.9613,0.0110107,0
5.5,7.7,0,2.96153,0.0117859,0
5.5,7.8,0,2.96177,0.012541,0
5.5,7.9,0,2.96203,0.0132733,0
5.5,8,0,2.9624,0.0143124,0
5.5,8.1,0,2.96048,0.0128326,0
5.5,8.2,0,2.96145,0.0139763,0
5.5,8.3,0,2.96062,0.0137786,0
5.5,8.4,0,2.96091,0.0142613,0
5.5,8.5,0,2.96215,0.015852,0
5.5,8.6,0,2.96142,0.0153005,0
5.5,8.7,0,2.96427,0.0183867,0
5.5,8.8,0,2.9629,0.0163526,0
5.5,8.9,0,2.96402,0.0173651,0
5.5,9,0,2.96413,0.017198,0
5.5,9.1,0,2.96478,0.0175353,0
5.5,9.2,0,2.96595,0.0195519,0
5.5,9.3,0,2.96502,0.0180633,0
5.5,9.4,0,2.96761,0.0213204,0
5.5,9.5,0,2.96591,0.0184481,0
5.5,9.6,0,2.96679,0.0189602,0
5.5,9.7,0,2.96773,0.0189941,0
5.5,9.8,0,2.96856,0.0190273,0
5.5,9.9,0,2.97069,0.0216596,0
5.5,10,0,2.97025,0.0190323,0
5.5,10.1,0,2.97226,0.0222411,0
5.5,10.2,0,2.97155,0.0190627,0
5.5,10.3,0,2.9724,0.0188606,0
5.5,10.4,0,2.97264,0.0185481,0
5.5,10.5,0,2.97357,0.0181785,0
5.5,10.6,0,2.97589,0.0217048,0
5.5,10.7,0,2.97492,0.0176401,0
5.5,10.8,0,2.97737,0.0205199,0
5.5,10.9,0,2.97643,0.016531,0
5.5,11,0,2.97737,0.0157984,0
5.5,11.1,0,2.97855,0.0159172,0
5.5,11.2,0,2.97942,0.0145695,0
5.5,11.3,0,2.98231,0.0189265,0
5.5,11.4,0,2.98173,0.0128507,0
5.5,11.5,0,2.98403,0.0150494,0
5.5,11.6,0,2.98384,0.0103805,0
5.5,11.7,0,2.98545,0.00916706,0
5.5,11.8,0,2.98684,0.0097044,0
5.5,11.9,0,2.98821,0.00659551,0
5.5,12,0,2.99175,0.0115891,0
5.5,12.1,0,2.99101,0.00200599,0
5.5,12.2,0,2.99387,0.00391297,0
5.5,12.3,0,2.99346,-0.000973034,0
5.5,12.4,0,2.99551,-0.00368684,0
5.5,12.5,0,2.99736,-0.00550094,0
5.5,12.6,0,2.99735,-0.0112359,0
5.5,12.7,0,3.00129,-0.00118974,0
5.6,0,0,3.00426,0.00923335,0
5.6,0.1,0,3.00252,0.0136282,0
5.6,0.2,0,3.0011,0.0114294,0
5.6,0.3,0,2.99968,0.00923065,0
5.6,0.4,0,2.99686,0.00539243,0
5.6,0.5,0,2.99428,0.00334791,0
5.6,0.6,0,2.99169,0.00130339,0
5.6,0.7,0,2.99149,-0.00458467,0
5.6,0.8,0,2.98597,-7.35045e-05,0
5.6,0.9,0,2.98489,-0.00163703,0
5.6,1,0,2.98381,-0.00320055,0
5.6,1.1,0,2.98546,-0.00633965,0
5.6,1.2,0,2.9853,-0.00773233,0
5.6,1.3,0,2.98514,-0.00912502,0
5.6,1.4,0,2.98686,-0.0137268,0
5.6,1.5,0,2.98668,-0.0109129,0
5.6,1.6,0,2.98645,-0.0117436,0
5.6,1.7,0,2.98623,-0.0125744,0
5.6,1.8,0,2.9875,-0.014183,0
5.6,1.9,0,2.98558,-0.0145493,0
5.6,2,0,2.98366,-0.0149156,0
5.6,2.1,0,2.98084,-0.0175362,0
5.6,2.2,0,2.97882,-0.0149633,0
5.6,2.3,0,2.9758,-0.0146967,0
5.6,2.4,0,2.97278,-0.0144301,0
5.6,2.5,0,2.96784,-0.0135006,0
5.6,2.6,0,2.96751,-0.0139486,0
5.6,2.7,0,2.96718,-0.0143966,0
5.6,2.8,0,2.96909,-0.0174738,0
5.6,2.9,0,2.96624,-0.0154306,0
5.6,3,0,2.96729,-0.0162125,0
5.6,3.1,0,2.96834,-0.0169945,0
5.6,3.2,0,2.97067,-0.0180309,0
5.6,3.3,0,2.96975,-0.0181389,0
5.6,3.4,0,2.96884,-0.0182469,0
5.6,3.5,0,2.96948,-0.0196074,0
5.6,3.6,0,2.96794,-0.0183794,0
5.6,3.7,0,2.96542,-0.0178534,0
5.6,3.8,0,2.96289,-0.0173274,0
5.6,3.9,0,2.96015,-0.0161943,0
5.6,4,0,2.95954,-0.0156891,0
5.6,4.1,0,2.95892,-0.0151839,0
5.6,4.2,0,2.95978,-0.015445,0
5.6,4.3,0,2.95777,-0.0133537,0
5.6,4.4,0,2.95849,-0.0132261,0
5.6,4.5,0,2.95921,-0.0130986,0
5.6,4.6,0,2.96107,-0.0137125,0
5.6,4.7,0,2.96078,-0.0130521,0
5.6,4.8,0,2.9605,-0.0123918,0
5.6,4.9,0,2.96101,-0.0120033,0
5.6,5,0,2.96017,-0.0100353,0
5.6,5.1,0,2.95964,-0.00907695,0
5.6,5.2,0,2.95911,-0.00811859,0
5.6,5.3,0,2.95763,-0.00764003,0
5.6,5.4,0,2.95759,-0.00713552,0
5.6,5.5,0,2.95756,-0.00663101,0
5.6,5.6,0,2.95905,-0.00639556,0
5.6,5.7,0,2.95849,-0.00497092,0
5.6,5.8,0,2.95846,-0.00404371,0
5.6,5.9,0,2.95843,-0.0031165,0
5.6,6,0,2.95777,-0.00237523,0
5.6,6.1,0,2.95769,-0.00167511,0
5.6,6.2,0,2.95761,-0.000974979,0
5.6,6.3,0,2.95871,-0.00028426,0
5.6,6.4,0,2.95801,0.000700284,0
5.6,6.5,0,2.95812,0.0015553,0
5.6,6.6,0,2.95823,0.00241032,0
5.6,6.7,0,2.95807,0.0031565,0
5.6,6.8,0,2.95812,0.00373038,0
5.6,6.9,0,2.95818,0.00430427,0
5.6,7,0,2.95922,0.00511679,0
5.6,7.1,0,2.95956,0.00654503,0
5.6,7.2,0,2.95977,0.00728175,0
5.6,7.3,0,2.95998,0.00803062,0
5.6,7.4,0,2.9602,0.00877815,0
5.6,7.5,0,2.96042,0.00950878,0
5.6,7.6,0,2.96065,0.0102246,0
5.6,7.7,0,2.96089,0.0109297,0
5.6,7.8,0,2.96114,0.0116133,0
5.6,7.9,0,2.96142,0.0122709,0
5.6,8,0,2.96181,0.0132223,0
5.6,8.1,0,2.96102,0.0127241,0
5.6,8.2,0,2.96137,0.0132076,0
5.6,8.3,0,2.96142,0.0136803,0
5.6,8.4,0,2.96171,0.014163,0
5.6,8.5,0,2.96194,0.014695,0
5.6,8.6,0,2.9623,0.0151423,0
5.6,8.7,0,2.96376,0.0167608,0
5.6,8.8,0,2.96356,0.0161002,0
5.6,8.9,0,2.96427,0.0165148,0
5.6,9,0,2.96487,0.0169143,0
5.6,9.1,0,2.96551,0.0172516,0
5.6,9.2,0,2.96571,0.0175686,0
5.6,9.3,0,2.96615,0.0177644,0
5.6,9.4,0,2.96739,0.0191032,0
5.6,9.5,0,2.96711,0.0181224,0
5.6,9.6,0,2.96773,0.0182509,0
5.6,9.7,0,2.9687,0.0184977,0
5.6,9.8,0,2.96953,0.018531,0
5.6,9.9,0,2.97059,0.0189893,0
5.6,10,0,2.97118,0.0184958,0
5.6,10.1,0,2.97231,0.0193411,0
5.6,10.2,0,2.97264,0.0183762,0
5.6,10.3,0,2.9735,0.0181741,0
5.6,10.4,0,2.97406,0.0178749,0
5.6,10.5,0,2.975,0.0175053,0
5.6,10.6,0,2.97621,0.018298,0
5.6,10.7,0,2.97661,0.016793,0
5.6,10.8,0,2.9778,0.0168384,0
5.6,10.9,0,2.97831,0.015647,0
5.6,11,0,2.97924,0.0149145,0
5.6,11.1,0,2.98021,0.0143237,0
5.6,11.2,0,2.98133,0.013505,0
5.6,11.3,0,2.98309,0.0146353,0
5.6,11.4,0,2.98374,0.0116319,0
5.6,11.5,0,2.98511,0.0104587,0
5.6,11.6,0,2.98626,0.00920845,0
5.6,11.7,0,2.98786,0.00799502,0
5.6,11.8,0,2.98915,0.00688037,0
5.6,11.9,0,2.99107,0.00509652,0
5.6,12,0,2.99364,0.00626293,0
5.6,12.1,0,2.99446,0.0010187,0
5.6,12.2,0,2.99653,-0.000763653,0
5.6,12.3,0,2.99775,-0.00257917,0
5.6,12.4,0,2.9998,-0.00529298,0
5.6,12.5,0,3.00107,-0.0091947,0
5.6,12.6,0,3.00205,-0.0115172,0
5.6,12.7,0,3.00452,-0.00765537,0
5.7,0,0,3.00685,0.0157133,0
5.7,0.1,0,3.00544,0.0135145,0
5.7,0.2,0,3.00402,0.0113157,0
5.7,0.3,0,3.0026,0.00911697,0
5.7,0.4,0,3.0006,0.00699533,0
5.7,0.5,0,2.99802,0.00495081,0
5.7,0.6,0,2.99543,0.00290629,0
5.7,0.7,0,2.99284,0.000861775,0
5.7,0.8,0,2.99177,-0.000701749,0
5.7,0.9,0,2.99069,-0.00226527,0
5.7,1,0,2.98961,-0.0038288,0
5.7,1.1,0,2.989,-0.0053069,0
5.7,1.2,0,2.98884,-0.00669959,0
5.7,1.3,0,2.98869,-0.00809227,0
5.7,1.4,0,2.98853,-0.00948496,0
5.7,1.5,0,2.98831,-0.0103157,0
5.7,1.6,0,2.98808,-0.0111465,0
5.7,1.7,0,2.98786,-0.0119772,0
5.7,1.8,0,2.98678,-0.0125757,0
5.7,1.9,0,2.98486,-0.012942,0
5.7,2,0,2.98294,-0.0133083,0
5.7,2.1,0,2.98101,-0.0136746,0
5.7,2.2,0,2.97799,-0.013408,0
5.7,2.3,0,2.97497,-0.0131413,0
5.7,2.4,0,2.97195,-0.0128747,0
5.7,2.5,0,2.97028,-0.0129654,0
5.7,2.6,0,2.96995,-0.0134134,0
5.7,2.7,0,2.96962,-0.0138614,0
5.7,2.8,0,2.9693,-0.0143093,0
5.7,2.9,0,2.97034,-0.0150913,0
5.7,3,0,2.97139,-0.0158733,0
5.7,3.1,0,2.97244,-0.0166553,0
5.7,3.2,0,2.9725,-0.0171002,0
5.7,3.3,0,2.97158,-0.0172082,0
5.7,3.4,0,2.97066,-0.0173162,0
5.7,3.5,0,2.96975,-0.0174242,0
5.7,3.6,0,2.96722,-0.0168983,0
5.7,3.7,0,2.9647,-0.0163723,0
5.7,3.8,0,2.96218,-0.0158463,0
5.7,3.9,0,2.96061,-0.0153308,0
5.7,4,0,2.95999,-0.0148256,0
5.7,4.1,0,2.95938,-0.0143204,0
5.7,4.2,0,2.95877,-0.0138152,0
5.7,4.3,0,2.95949,-0.0136877,0
5.7,4.4,0,2.9602,-0.0135601,0
5.7,4.5,0,2.96092,-0.0134326,0
5.7,4.6,0,2.96114,-0.0130386,0
5.7,4.7,0,2.96085,-0.0123783,0
5.7,4.8,0,2.96057,-0.0117179,0
5.7,4.9,0,2.96028,-0.0110576,0
5.7,5,0,2.95975,-0.0100992,0
5.7,5.1,0,2.95922,-0.00914084,0
5.7,5.2,0,2.95868,-0.00818247,0
5.7,5.3,0,2.9584,-0.00745103,0
5.7,5.4,0,2.95837,-0.00694652,0
5.7,5.5,0,2.95833,-0.00644201,0
5.7,5.6,0,2.9583,-0.0059375,0
5.7,5.7,0,2.95827,-0.00501029,0
5.7,5.8,0,2.95824,-0.00408308,0
5.7,5.9,0,2.95821,-0.00315587,0
5.7,6,0,2.95816,-0.0023422,0
5.7,6.1,0,2.95808,-0.00164207,0
5.7,6.2,0,2.958,-0.00094194,0
5.7,6.3,0,2.95792,-0.000241813,0
5.7,6.4,0,2.95802,0.000613203,0
5.7,6.5,0,2.95813,0.00146822,0
5.7,6.6,0,2.95824,0.00232323,0
5.7,6.7,0,2.95832,0.00303769,0
5.7,6.8,0,2.95837,0.00361157,0
5.7,6.9,0,2.95842,0.00418546,0
5.7,7,0,2.95847,0.00475935,0
5.7,7.1,0,2.95883,0.00610468,0
5.7,7.2,0,2.95905,0.00677016,0
5.7,7.3,0,2.95928,0.00745093,0
5.7,7.4,0,2.95951,0.00813095,0
5.7,7.5,0,2.95975,0.00879264,0
5.7,7.6,0,2.96,0.00943848,0
5.7,7.7,0,2.96025,0.0100734,0
5.7,7.8,0,2.96052,0.0106855,0
5.7,7.9,0,2.9608,0.0112685,0
5.7,8,0,2.96121,0.0121322,0
5.7,8.1,0,2.96156,0.0126157,0
5.7,8.2,0,2.96191,0.0130991,0
5.7,8.3,0,2.96222,0.013582,0
5.7,8.4,0,2.96251,0.0140648,0
5.7,8.5,0,2.96283,0.0145369,0
5.7,8.6,0,2.96318,0.0149842,0
5.7,8.7,0,2.96353,0.0154315,0
5.7,8.8,0,2.96422,0.0158478,0
5.7,8.9,0,2.96494,0.0162624,0
5.7,9,0,2.9656,0.0166306,0
5.7,9.1,0,2.96625,0.0169679,0
5.7,9.2,0,2.96684,0.0172698,0
5.7,9.3,0,2.96727,0.0174656,0
5.7,9.4,0,2.96771,0.0176615,0
5.7,9.5,0,2.96832,0.0177967,0
5.7,9.6,0,2.96894,0.0179252,0
5.7,9.7,0,2.96967,0.0180014,0
5.7,9.8,0,2.9705,0.0180346,0
5.7,9.9,0,2.97132,0.0180442,0
5.7,10,0,2.9721,0.0179593,0
5.7,10.1,0,2.97289,0.0178743,0
5.7,10.2,0,2.97374,0.0176898,0
5.7,10.3,0,2.97459,0.0174876,0
5.7,10.4,0,2.97549,0.0172018,0
5.7,10.5,0,2.97642,0.0168322,0
5.7,10.6,0,2.97735,0.0164434,0
5.7,10.7,0,2.9783,0.015946,0
5.7,10.8,0,2.97924,0.0154486,0
5.7,10.9,0,2.98018,0.0147631,0
5.7,11,0,2.98111,0.0140305,0
5.7,11.1,0,2.98212,0.0132592,0
5.7,11.2,0,2.98323,0.0124404,0
5.7,11.3,0,2.98437,0.0115862,0
5.7,11.4,0,2.98575,0.010413,0
5.7,11.5,0,2.98712,0.00923978,0
5.7,11.6,0,2.98867,0.00803641,0
5.7,11.7,0,2.99028,0.00682298,0
5.7,11.8,0,2.99201,0.00538138,0
5.7,11.9,0,2.99392,0.00359753,0
5.7,12,0,2.99585,0.00181375,0
5.7,12.1,0,2.99792,3.1406e-05,0
5.7,12.2,0,2.99999,-0.00175094,0
5.7,12.3,0,3.00204,-0.00418531,0
5.7,12.4,0,3.00409,-0.00689912,0
5.7,12.5,0,3.00577,-0.00947597,0
5.7,12.6,0,3.00676,-0.0117985,0
5.7,12.7,0,3.00774,-0.014121,0
5.8,0,0,3.00916,0.00657997,0
5.8,0.1,0,3.0094,0.0150209,0
5.8,0.2,0,3.00799,0.0128222,0
5.8,0.3,0,3.00657,0.0106234,0
5.8,0.4,0,3.00416,0.00686443,0
5.8,0.5,0,3.00157,0.00481991,0
5.8,0.6,0,2.99899,0.0027754,0
5.8,0.7,0,2.995,-0.00653345,0
5.8,0.8,0,2.99664,4.93839e-05,0
5.8,0.9,0,2.99556,-0.00151414,0
5.8,1,0,2.99449,-0.00307766,0
5.8,1.1,0,2.99279,-0.00577942,0
5.8,1.2,0,2.99263,-0.0071721,0
5.8,1.3,0,2.99248,-0.00856479,0
5.8,1.4,0,2.98915,-0.0154301,0
5.8,1.5,0,2.98973,-0.00862732,0
5.8,1.6,0,2.98951,-0.00945807,0
5.8,1.7,0,2.98929,-0.0102888,0
5.8,1.8,0,2.98751,-0.0124019,0
5.8,1.9,0,2.98559,-0.0127682,0
5.8,2,0,2.98367,-0.0131344,0
5.8,2.1,0,2.98101,-0.0186674,0
5.8,2.2,0,2.97652,-0.0108855,0
5.8,2.3,0,2.9735,-0.0106189,0
5.8,2.4,0,2.97048,-0.0103523,0
5.8,2.5,0,2.97139,-0.0128708,0
5.8,2.6,0,2.97106,-0.0133188,0
5.8,2.7,0,2.97073,-0.0137667,0
5.8,2.8,0,2.97048,-0.018806,0
5.8,2.9,0,2.97477,-0.0140654,0
5.8,3,0,2.97582,-0.0148474,0
5.8,3.1,0,2.97686,-0.0156294,0
5.8,3.2,0,2.97545,-0.0173529,0
5.8,3.3,0,2.97453,-0.0174609,0
5.8,3.4,0,2.97361,-0.0175689,0
5.8,3.5,0,2.96924,-0.0203039,0
5.8,3.6,0,2.96656,-0.014701,0
5.8,3.7,0,2.96404,-0.0141751,0
5.8,3.8,0,2.96152,-0.0136491,0
5.8,3.9,0,2.9596,-0.015168,0
5.8,4,0,2.95899,-0.0146628,0
5.8,4.1,0,2.95837,-0.0141577,0
5.8,4.2,0,2.95933,-0.0163717,0
5.8,4.3,0,2.96169,-0.0130426,0
5.8,4.4,0,2.96241,-0.012915,0
5.8,4.5,0,2.96312,-0.0127875,0
5.8,4.6,0,2.96147,-0.0137364,0
5.8,4.7,0,2.96118,-0.013076,0
5.8,4.8,0,2.9609,-0.0124157,0
5.8,4.9,0,2.95959,-0.0126074,0
5.8,5,0,2.95925,-0.00901104,0
5.8,5.1,0,2.95872,-0.00805268,0
5.8,5.2,0,2.95819,-0.00709431,0
5.8,5.3,0,2.95888,-0.00807966,0
5.8,5.4,0,2.95885,-0.00757515,0
5.8,5.5,0,2.95881,-0.00707064,0
5.8,5.6,0,2.9578,-0.00676219,0
5.8,5.7,0,2.95835,-0.00454349,0
5.8,5.8,0,2.95832,-0.00361628,0
5.8,5.9,0,2.95829,-0.00268907,0
5.8,6,0,2.95829,-0.00264799,0
5.8,6.1,0,2.95821,-0.00194787,0
5.8,6.2,0,2.95813,-0.00124774,0
5.8,6.3,0,2.95731,-0.000285412,0
5.8,6.4,0,2.95815,0.000750832,0
5.8,6.5,0,2.95825,0.00160585,0
5.8,6.6,0,2.95836,0.00246086,0
5.8,6.7,0,2.95848,0.00290131,0
5.8,6.8,0,2.95854,0.0034752,0
5.8,6.9,0,2.95859,0.00404909,0
5.8,7,0,2.95783,0.00546608,0
5.8,7.1,0,2.95818,0.00699118,0
5.8,7.2,0,2.95839,0.00777547,0
5.8,7.3,0,2.95863,0.00857639,0
5.8,7.4,0,2.95887,0.00937453,0
5.8,7.5,0,2.95911,0.0101537,0
5.8,7.6,0,2.95937,0.0109168,0
5.8,7.7,0,2.95965,0.0116684,0
5.8,7.8,0,2.95993,0.0123979,0
5.8,7.9,0,2.96023,0.0130966,0
5.8,8,0,2.96066,0.0141015,0
5.8,8.1,0,2.96204,0.0125142,0
5.8,8.2,0,2.96239,0.0129976,0
5.8,8.3,0,2.9631,0.0134771,0
5.8,8.4,0,2.9634,0.0139598,0
5.8,8.5,0,2.96359,0.0144029,0
5.8,8.6,0,2.96395,0.0148502,0
5.8,8.7,0,2.96348,0.01758,0
5.8,8.8,0,2.96482,0.0155874,0
5.8,8.9,0,2.96553,0.016002,0
5.8,9,0,2.96644,0.0163931,0
5.8,9.1,0,2.96708,0.0167304,0
5.8,9.2,0,2.96796,0.0169947,0
5.8,9.3,0,2.9684,0.0171905,0
5.8,9.4,0,2.96816,0.0196253,0
5.8,9.5,0,2.96943,0.0174807,0
5.8,9.6,0,2.97005,0.0176092,0
5.8,9.7,0,2.97063,0.0175425,0
5.8,9.8,0,2.97146,0.0175758,0
5.8,9.9,0,2.97213,0.018391,0
5.8,10,0,2.97305,0.0174437,0
5.8,10.1,0,2.9736,0.0192276,0
5.8,10.2,0,2.97477,0.0170403,0
5.8,10.3,0,2.97563,0.0168382,0
5.8,10.4,0,2.97693,0.0165744,0
5.8,10.5,0,2.97786,0.0162048,0
5.8,10.6,0,2.97861,0.0178147,0
5.8,10.7,0,2.97996,0.0151164,0
5.8,10.8,0,2.98074,0.0157435,0
5.8,10.9,0,2.98208,0.013978,0
5.8,11,0,2.98301,0.0132454,0
5.8,11.1,0,2.98391,0.0121383,0
5.8,11.2,0,2.98502,0.0113196,0
5.8,11.3,0,2.98589,0.0145478,0
5.8,11.4,0,2.98774,0.00942566,0
5.8,11.5,0,2.98912,0.00825247,0
5.8,11.6,0,2.99098,0.0066527,0
5.8,11.7,0,2.99259,0.00543927,0
5.8,11.8,0,2.99482,0.00437627,0
5.8,11.9,0,2.99674,0.00259242,0
5.8,12,0,2.99791,0.00696139,0
5.8,12.1,0,3.00135,-0.0014505,0
5.8,12.2,0,3.00342,-0.00323285,0
5.8,12.3,0,3.00638,-0.00483601,0
5.8,12.4,0,3.00843,-0.00754981,0
5.8,12.5,0,3.01097,-0.0109063,0
5.8,12.6,0,3.01195,-0.0132288,0
5.8,12.7,0,3.0101,-0.00545453,0
5.9,0,0,3.01147,-0.00255332,0
5.9,0.1,0,3.01337,0.0165274,0
5.9,0.2,0,3.01195,0.0143286,0
5.9,0.3,0,3.00949,0.00583417,0
5.9,0.4,0,3.00693,0.00149041,0
5.9,0.5,0,3.00513,0.00468902,0
5.9,0.6,0,3.00255,0.0026445,0
5.9,0.7,0,2.99716,-0.0139287,0
5.9,0.8,0,3.00151,0.000800517,0
5.9,0.9,0,3.00043,-0.000763007,0
5.9,1,0,2.99708,-0.00711618,0
5.9,1.1,0,2.995,-0.010255,0
5.9,1.2,0,2.99642,-0.00764462,0
5.9,1.3,0,2.99627,-0.0090373,0
5.9,1.4,0,2.98977,-0.0213753,0
5.9,1.5,0,2.99116,-0.00693893,0
5.9,1.6,0,2.99094,-0.00776968,0
5.9,1.7,0,2.98986,-0.0132154,0
5.9,1.8,0,2.98784,-0.0158694,0
5.9,1.9,0,2.98632,-0.0125943,0
5.9,2,0,2.9844,-0.0129606,0
5.9,2.1,0,2.98101,-0.0236602,0
5.9,2.2,0,2.97505,-0.00836302,0
5.9,2.3,0,2.97203,-0.00809641,0
5.9,2.4,0,2.9705,-0.0125976,0
5.9,2.5,0,2.97232,-0.0159832,0
5.9,2.6,0,2.97216,-0.0132241,0
5.9,2.7,0,2.97183,-0.0136721,0
5.9,2.8,0,2.97166,-0.0233027,0
5.9,2.9,0,2.97919,-0.0130395,0
5.9,3,0,2.98024,-0.0138215,0
5.9,3.1,0,2.97856,-0.0175889,0
5.9,3.2,0,2.97663,-0.0197691,0
5.9,3.3,0,2.97748,-0.0177135,0
5.9,3.4,0,2.97657,-0.0178215,0
5.9,3.5,0,2.96874,-0.0231836,0
5.9,3.6,0,2.9659,-0.0125038,0
5.9,3.7,0,2.96338,-0.0119779,0
5.9,3.8,0,2.9614,-0.0145588,0
5.9,3.9,0,2.95936,-0.0168043,0
5.9,4,0,2.95798,-0.0145001,0
5.9,4.1,0,2.95736,-0.0139949,0
5.9,4.2,0,2.9599,-0.0189281,0
5.9,4.3,0,2.96389,-0.0123975,0
5.9,4.4,0,2.96461,-0.01227,0
5.9,4.5,0,2.9638,-0.0137916,0
5.9,4.6,0,2.96148,-0.01522,0
5.9,4.7,0,2.96151,-0.0137738,0
5.9,4.8,0,2.96122,-0.0131135,0
5.9,4.9,0,2.9589,-0.0141572,0
5.9,5,0,2.95876,-0.00792288,0
5.9,5.1,0,2.95822,-0.00696452,0
5.9,5.2,0,2.95774,-0.00754266,0
5.9,5.3,0,2.95878,-0.00914115,0
5.9,5.4,0,2.95932,-0.00820378,0
5.9,5.5,0,2.95929,-0.00769927,0
5.9,5.6,0,2.9573,-0.00758689,0
5.9,5.7,0,2.95842,-0.00407669,0
5.9,5.8,0,2.95839,-0.00314948,0
5.9,5.9,0,2.95789,-0.00282243,0
5.9,6,0,2.95792,-0.00305728,0
5.9,6.1,0,2.95834,-0.00225367,0
5.9,6.2,0,2.95826,-0.00155354,0
5.9,6.3,0,2.9567,-0.000329011,0
5.9,6.4,0,2.95827,0.00088846,0
5.9,6.5,0,2.95838,0.00174348,0
5.9,6.6,0,2.95796,0.0027375,0
5.9,6.7,0,2.9581,0.00308009,0
5.9,6.8,0,2.9587,0.00333883,0
5.9,6.9,0,2.95875,0.00391272,0
5.9,7,0,2.95718,0.00617282,0
5.9,7.1,0,2.95752,0.00787767,0
5.9,7.2,0,2.95774,0.00878078,0
5.9,7.3,0,2.95797,0.00970186,0
5.9,7.4,0,2.95822,0.0106181,0
5.9,7.5,0,2.95848,0.0115147,0
5.9,7.6,0,2.95875,0.012395,0
5.9,7.7,0,2.95904,0.0132634,0
5.9,7.8,0,2.95935,0.0141102,0
5.9,7.9,0,2.95966,0.0149247,0
5.9,8,0,2.9601,0.0160708,0
5.9,8.1,0,2.96252,0.0124127,0
5.9,8.2,0,2.9623,0.0142403,0
5.9,8.3,0,2.96399,0.0133722,0
5.9,8.4,0,2.96428,0.0138549,0
5.9,8.5,0,2.96349,0.0163222,0
5.9,8.6,0,2.96471,0.0147162,0
5.9,8.7,0,2.96322,0.0203066,0
5.9,8.8,0,2.96542,0.015327,0
5.9,8.9,0,2.9658,0.0169777,0
5.9,9,0,2.96727,0.0161556,0
5.9,9.1,0,2.96792,0.0164929,0
5.9,9.2,0,2.96779,0.0201711,0
5.9,9.3,0,2.96953,0.0169154,0
5.9,9.4,0,2.96815,0.0231084,0
5.9,9.5,0,2.97054,0.0171646,0
5.9,9.6,0,2.97098,0.0180256,0
5.9,9.7,0,2.9716,0.0170837,0
5.9,9.8,0,2.97242,0.0171169,0
5.9,9.9,0,2.97237,0.0223791,0
5.9,10,0,2.97401,0.0169281,0
5.9,10.1,0,2.97392,0.0234599,0
5.9,10.2,0,2.97581,0.0163908,0
5.9,10.3,0,2.97667,0.0161887,0
5.9,10.4,0,2.97837,0.0159471,0
5.9,10.5,0,2.97931,0.0155775,0
5.9,10.6,0,2.97923,0.0225765,0
5.9,10.7,0,2.98162,0.0142868,0
5.9,10.8,0,2.98158,0.0207861,0
5.9,10.9,0,2.98398,0.0131929,0
5.9,11,0,2.98491,0.0124604,0
5.9,11.1,0,2.98556,0.012188,0
5.9,11.2,0,2.9868,0.0101987,0
5.9,11.3,0,2.9871,0.0201891,0
5.9,11.4,0,2.98974,0.00843835,0
5.9,11.5,0,2.99049,0.0141746,0
5.9,11.6,0,2.99329,0.00526899,0
5.9,11.7,0,2.9949,0.00405556,0
5.9,11.8,0,2.99715,0.00618577,0
5.9,11.9,0,2.99955,0.0015873,0
5.9,12,0,2.99963,0.0137885,0
5.9,12.1,0,3.00477,-0.00293241,0
5.9,12.2,0,3.00569,0.00219905,0
5.9,12.3,0,3.01071,-0.0054867,0
5.9,12.4,0,3.01276,-0.00820051,0
5.9,12.5,0,3.01443,-0.00678705,0
5.9,12.6,0,3.01715,-0.0146591,0
5.9,12.7,0,3.01245,0.00321195,0
6,0,0,3.01377,-0.0116866,0
6,0.1,0,3.01686,0.0149939,0
6,0.2,0,3.01592,0.0158351,0
6,0.3,0,3.01182,-0.00245271,0
6,0.4,0,3.00927,-0.00679647,0
6,0.5,0,3.00869,0.00455813,0
6,0.6,0,3.0057,0.000438084,0
6,0.7,0,2.99931,-0.0213239,0
6,0.8,0,3.00561,-0.000775882,0
6,0.9,0,3.00531,-1.18741e-05,0
6,1,0,2.99842,-0.0138156,0
6,1.1,0,2.99634,-0.0169544,0
6,1.2,0,3.00021,-0.00811713,0
6,1.3,0,2.99915,-0.0110734,0
6,1.4,0,2.99039,-0.0273205,0
6,1.5,0,2.99236,-0.00743156,0
6,1.6,0,2.99237,-0.0060813,0
6,1.7,0,2.98996,-0.0187059,0
6,1.8,0,2.98794,-0.0213599,0
6,1.9,0,2.98705,-0.0124205,0
6,2,0,2.98492,-0.0142629,0
6,2.1,0,2.98101,-0.0286531,0
6,2.2,0,2.974,-0.00798779,0
6,2.3,0,2.97056,-0.00557394,0
6,2.4,0,2.97134,-0.0174917,0
6,2.5,0,2.97317,-0.0208773,0
6,2.6,0,2.97327,-0.0131295,0
6,2.7,0,2.97296,-0.0148893,0
6,2.8,0,2.97284,-0.0277994,0
6,2.9,0,2.98269,-0.0135915,0
6,3,0,2.98467,-0.0127956,0
6,3.1,0,2.97875,-0.0212071,0
6,3.2,0,2.97682,-0.0233872,0
6,3.3,0,2.98044,-0.0179662,0
6,3.4,0,2.97853,-0.0188248,0
6,3.5,0,2.96824,-0.0260633,0
6,3.6,0,2.96529,-0.0117571,0
6,3.7,0,2.96272,-0.00978063,0
6,3.8,0,2.96159,-0.0171946,0
6,3.9,0,2.95954,-0.0194402,0
6,4,0,2.95697,-0.0143374,0
6,4.1,0,2.9568,-0.0146091,0
6,4.2,0,2.96046,-0.0214846,0
6,4.3,0,2.96562,-0.0126672,0
6,4.4,0,2.96681,-0.0116249,0
6,4.5,0,2.96364,-0.0157118,0
6,4.6,0,2.96131,-0.0171403,0
6,4.7,0,2.96184,-0.0144716,0
6,4.8,0,2.96126,-0.0140547,0
6,4.9,0,2.95821,-0.015707,0
6,5,0,2.9582,-0.00758844,0
6,5.1,0,2.95773,-0.00587636,0
6,5.2,0,2.95732,-0.00884462,0
6,5.3,0,2.95836,-0.0104431,0
6,5.4,0,2.9598,-0.00883241,0
6,5.5,0,2.95949,-0.00838392,0
6,5.6,0,2.9568,-0.00841158,0
6,5.7,0,2.95833,-0.00397889,0
6,5.8,0,2.95847,-0.00268268,0
6,5.9,0,2.95723,-0.00328921,0
6,6,0,2.95726,-0.00352406,0
6,6.1,0,2.95848,-0.00255946,0
6,6.2,0,2.95818,-0.00178442,0
6,6.3,0,2.95609,-0.00037261,0
6,6.4,0,2.95818,0.000974309,0
6,6.5,0,2.9585,0.0018811,0
6,6.6,0,2.95728,0.00309135,0
6,6.7,0,2.95742,0.00343395,0
6,6.8,0,2.95887,0.00320246,0
6,6.9,0,2.95869,0.00401723,0
6,7,0,2.95654,0.00687955,0
6,7.1,0,2.95686,0.00876416,0
6,7.2,0,2.95708,0.0097861,0
6,7.3,0,2.95731,0.0108273,0
6,7.4,0,2.95757,0.0118617,0
6,7.5,0,2.95784,0.0128758,0
6,7.6,0,2.95813,0.0138733,0
6,7.7,0,2.95844,0.0148584,0
6,7.8,0,2.95876,0.0158226,0
6,7.9,0,2.95909,0.0167528,0
6,8,0,2.95955,0.0180401,0
6,8.1,0,2.96301,0.0123112,0
6,8.2,0,2.96182,0.0164362,0
6,8.3,0,2.96437,0.014124,0
6,8.4,0,2.96496,0.014189,0
6,8.5,0,2.96314,0.0187966,0
6,8.6,0,2.96548,0.0145822,0
6,8.7,0,2.96295,0.0230333,0
6,8.8,0,2.96601,0.0150667,0
6,8.9,0,2.96553,0.0199449,0
6,9,0,2.96748,0.0177591,0
6,9.1,0,2.96875,0.0162554,0
6,9.2,0,2.96761,0.0233847,0
6,9.3,0,2.97066,0.0166403,0
6,9.4,0,2.96815,0.0265915,0
6,9.5,0,2.97165,0.0168486,0
6,9.6,0,2.97111,0.0217597,0
6,9.7,0,2.97192,0.019881,0
6,9.8,0,2.97338,0.0166581,0
6,9.9,0,2.9726,0.0263673,0
6,10,0,2.97496,0.0164125,0
6,10.1,0,2.97425,0.0276921,0
6,10.2,0,2.97685,0.0157414,0
6,10.3,0,2.97712,0.0205707,0
6,10.4,0,2.97884,0.0203295,0
6,10.5,0,2.98075,0.0149501,0
6,10.6,0,2.97986,0.0273383,0
6,10.7,0,2.98328,0.0134572,0
6,10.8,0,2.98242,0.0258288,0
6,10.9,0,2.98588,0.0124079,0
6,11,0,2.98615,0.0164407,0
6,11.1,0,2.9866,0.0175391,0
6,11.2,0,2.98859,0.00907792,0
6,11.3,0,2.9883,0.0258304,0
6,11.4,0,2.99174,0.00745104,0
6,11.5,0,2.99185,0.0201711,0
6,11.6,0,2.9956,0.00388529,0
6,11.7,0,2.99677,0.00711127,0
6,11.8,0,2.9987,0.0125299,0
6,11.9,0,3.00236,0.000582184,0
6,12,0,3.00135,0.0206156,0
6,12.1,0,3.0082,-0.00441432,0
6,12.2,0,3.00765,0.00949955,0
6,12.3,0,3.01463,-0.004784,0
6,12.4,0,3.01631,-0.00560996,0
6,12.5,0,3.01666,0.00126729,0
6,12.6,0,3.02234,-0.0160894,0
6,12.7,0,3.0148,0.0118784,0
6.1,0,0,3.01608,-0.0208199,0
6.1,0.1,0,3.01917,0.00586066,0
6.1,0.2,0,3.01988,0.0173416,0
6.1,0.3,0,3.01415,-0.0107396,0
6.1,0.4,0,3.0116,-0.0150833,0
6.1,0.5,0,3.01225,0.00442723,0
6.1,0.6,0,3.00786,-0.00695714,0
6.1,0.7,0,3.00147,-0.0287191,0
6.1,0.8,0,3.00776,-0.00817111,0
6.1,0.9,0,3.01018,0.000739259,0
6.1,1,0,2.99976,-0.020515,0
6.1,1.1,0,2.99768,-0.0236538,0
6.1,1.2,0,3.00401,-0.00858964,0
6.1,1.3,0,2.99977,-0.0170186,0
6.1,1.4,0,2.99102,-0.0332656,0
6.1,1.5,0,2.99298,-0.0133767,0
6.1,1.6,0,2.99379,-0.00439291,0
6.1,1.7,0,2.99006,-0.0241965,0
6.1,1.8,0,2.98804,-0.0268504,0
6.1,1.9,0,2.98778,-0.0122466,0
6.1,2,0,2.98492,-0.0192558,0
6.1,2.1,0,2.98101,-0.0336459,0
6.1,2.2,0,2.974,-0.0129806,0
6.1,2.3,0,2.96909,-0.00305148,0
6.1,2.4,0,2.97219,-0.0223858,0
6.1,2.5,0,2.97401,-0.0257714,0
6.1,2.6,0,2.97437,-0.0130349,0
6.1,2.7,0,2.97414,-0.019386,0
6.1,2.8,0,2.97402,-0.0322961,0
6.1,2.9,0,2.98387,-0.0180882,0
6.1,3,0,2.98909,-0.0117697,0
6.1,3.1,0,2.97894,-0.0248252,0
6.1,3.2,0,2.97701,-0.0270054,0
6.1,3.3,0,2.98339,-0.0182188,0
6.1,3.4,0,2.97803,-0.0217045,0
6.1,3.5,0,2.96774,-0.028943,0
6.1,3.6,0,2.96479,-0.0146368,0
6.1,3.7,0,2.96206,-0.00758341,0
6.1,3.8,0,2.96177,-0.0198304,0
6.1,3.9,0,2.95973,-0.022076,0
6.1,4,0,2.95596,-0.0141746,0
6.1,4.1,0,2.95737,-0.0171656,0
6.1,4.2,0,2.96102,-0.024041,0
6.1,4.3,0,2.96619,-0.0152236,0
6.1,4.4,0,2.96901,-0.0109798,0
6.1,4.5,0,2.96347,-0.0176321,0
6.1,4.6,0,2.96114,-0.0190606,0
6.1,4.7,0,2.96217,-0.0151694,0
6.1,4.8,0,2.96057,-0.0156045,0
6.1,4.9,0,2.95752,-0.0172569,0
6.1,5,0,2.95751,-0.00913826,0
6.1,5.1,0,2.95723,-0.00478821,0
6.1,5.2,0,2.9569,-0.0101466,0
6.1,5.3,0,2.95794,-0.0117451,0
6.1,5.4,0,2.96028,-0.00946104,0
6.1,5.5,0,2.95899,-0.00920861,0
6.1,5.6,0,2.95631,-0.00923628,0
6.1,5.7,0,2.95784,-0.00480359,0
6.1,5.8,0,2.95855,-0.00221589,0
6.1,5.9,0,2.95657,-0.00375599,0
6.1,6,0,2.9566,-0.00399084,0
6.1,6.1,0,2.95861,-0.00286526,0
6.1,6.2,0,2.95757,-0.00182802,0
6.1,6.3,0,2.95548,-0.000416209,0
6.1,6.4,0,2.95757,0.00093071,0
6.1,6.5,0,2.95862,0.00201873,0
6.1,6.6,0,2.95659,0.00344521,0
6.1,6.7,0,2.95673,0.0037878,0
6.1,6.8,0,2.95904,0.00306609,0
6.1,6.9,0,2.95805,0.00472397,0
6.1,7,0,2.9559,0.00758628,0
6.1,7.1,0,2.95621,0.00965066,0
6.1,7.2,0,2.95642,0.0107914,0
6.1,7.3,0,2.95666,0.0119528,0
6.1,7.4,0,2.95692,0.0131053,0
6.1,7.5,0,2.95721,0.0142368,0
6.1,7.6,0,2.95751,0.0153516,0
6.1,7.7,0,2.95784,0.0164533,0
6.1,7.8,0,2.95818,0.017535,0
6.1,7.9,0,2.95853,0.0185809,0
6.1,8,0,2.959,0.0200094,0
6.1,8.1,0,2.96349,0.0122097,0
6.1,8.2,0,2.96134,0.0186321,0
6.1,8.3,0,2.96388,0.0163199,0
6.1,8.4,0,2.96462,0.0166633,0
6.1,8.5,0,2.9628,0.0212709,0
6.1,8.6,0,2.96625,0.0144482,0
6.1,8.7,0,2.96269,0.0257599,0
6.1,8.8,0,2.96648,0.0152829,0
6.1,8.9,0,2.96527,0.0229121,0
6.1,9,0,2.96721,0.0207263,0
6.1,9.1,0,2.9686,0.0193589,0
6.1,9.2,0,2.96742,0.0265983,0
6.1,9.3,0,2.97179,0.0163652,0
6.1,9.4,0,2.96814,0.0300746,0
6.1,9.5,0,2.97235,0.0179067,0
6.1,9.6,0,2.97125,0.0254938,0
6.1,9.7,0,2.97205,0.0236151,0
6.1,9.8,0,2.97379,0.0196054,0
6.1,9.9,0,2.97284,0.0303554,0
6.1,10,0,2.97591,0.015897,0
6.1,10.1,0,2.97458,0.0319244,0
6.1,10.2,0,2.97748,0.0178444,0
6.1,10.3,0,2.97756,0.025062,0
6.1,10.4,0,2.97928,0.0248209,0
6.1,10.5,0,2.98173,0.0173614,0
6.1,10.6,0,2.98048,0.0321001,0
6.1,10.7,0,2.98494,0.0126275,0
6.1,10.8,0,2.98325,0.0308715,0
6.1,10.9,0,2.98697,0.0160866,0
6.1,11,0,2.98719,0.0217918,0
6.1,11.1,0,2.98764,0.0228902,0
6.1,11.2,0,2.99016,0.010403,0
6.1,11.3,0,2.9895,0.0314717,0
6.1,11.4,0,2.99374,0.00646373,0
6.1,11.5,0,2.99321,0.0261676,0
6.1,11.6,0,2.997,0.00964621,0
6.1,11.7,0,2.99832,0.0134554,0
6.1,11.8,0,3.00024,0.0188741,0
6.1,11.9,0,3.005,0.000826894,0
6.1,12,0,3.00307,0.0274428,0
6.1,12.1,0,3.01163,-0.00589623,0
6.1,12.2,0,3.0096,0.0168,0
6.1,12.3,0,3.01659,0.0025165,0
6.1,12.4,0,3.01853,0.00244438,0
6.1,12.5,0,3.01889,0.00932164,0
6.1,12.6,0,3.02754,-0.0175197,0
6.1,12.7,0,3.01715,0.0205449,0
6.2,0,0,3.01838,-0.0299532,0
6.2,0.1,0,3.02147,-0.00327263,0
6.2,0.2,0,3.02233,0.00975421,0
6.2,0.3,0,3.01649,-0.0190265,0
6.2,0.4,0,3.01393,-0.0233702,0
6.2,0.5,0,3.01467,-0.00327708,0
6.2,0.6,0,3.01002,-0.0143524,0
6.2,0.7,0,3.00363,-0.0361144,0
6.2,0.8,0,3.00992,-0.0155663,0
6.2,0.9,0,3.01177,-0.00542799,0
6.2,1,0,3.0011,-0.0272145,0
6.2,1.1,0,2.99901,-0.0303533,0
6.2,1.2,0,3.00552,-0.0148443,0
6.2,1.3,0,3.0004,-0.0229638,0
6.2,1.4,0,2.99164,-0.0392108,0
6.2,1.5,0,2.9936,-0.0193219,0
6.2,1.6,0,2.99399,-0.00937064,0
6.2,1.7,0,2.99016,-0.029687,0
6.2,1.8,0,2.98814,-0.0323409,0
6.2,1.9,0,2.98793,-0.0173325,0
6.2,2,0,2.98492,-0.0242486,0
6.2,2.1,0,2.981,-0.0386388,0
6.2,2.2,0,2.974,-0.0179735,0
6.2,2.3,0,2.96977,-0.00741584,0
6.2,2.4,0,2.97303,-0.02728,0
6.2,2.5,0,2.97486,-0.0306656,0
6.2,2.6,0,2.97524,-0.0175727,0
6.2,2.7,0,2.97532,-0.0238827,0
6.2,2.8,0,2.9752,-0.0367928,0
6.2,2.9,0,2.98506,-0.0225849,0
6.2,3,0,2.98958,-0.0150561,0
6.2,3.1,0,2.97913,-0.0284434,0
6.2,3.2,0,2.97719,-0.0306235,0
6.2,3.3,0,2.98377,-0.0215966,0
6.2,3.4,0,2.97753,-0.0245842,0
6.2,3.5,0,2.96723,-0.0318227,0
6.2,3.6,0,2.96429,-0.0175165,0
6.2,3.7,0,2.96219,-0.00987399,0
6.2,3.8,0,2.96196,-0.0224662,0
6.2,3.9,0,2.95991,-0.0247118,0
6.2,4,0,2.95606,-0.0166106,0
6.2,4.1,0,2.95793,-0.019722,0
6.2,4.2,0,2.96159,-0.0265975,0
6.2,4.3,0,2.96675,-0.0177801,0
6.2,4.4,0,2.96901,-0.0127169,0
6.2,4.5,0,2.9633,-0.0195524,0
6.2,4.6,0,2.96098,-0.0209809,0
6.2,4.7,0,2.96203,-0.0170023,0
6.2,4.8,0,2.95988,-0.0171543,0
6.2,4.9,0,2.95682,-0.0188067,0
6.2,5,0,2.95682,-0.0106881,0
6.2,5.1,0,2.9568,-0.00591944,0
6.2,5.2,0,2.95647,-0.0114485,0
6.2,5.3,0,2.95751,-0.013047,0
6.2,5.4,0,2.95992,-0.0107149,0
6.2,5.5,0,2.95849,-0.0100333,0
6.2,5.6,0,2.95581,-0.010061,0
6.2,5.7,0,2.95734,-0.00562828,0
6.2,5.8,0,2.95794,-0.00261598,0
6.2,5.9,0,2.95591,-0.00422277,0
6.2,6,0,2.95594,-0.00445762,0
6.2,6.1,0,2.95801,-0.00332054,0
6.2,6.2,0,2.95696,-0.00187162,0
6.2,6.3,0,2.95486,-0.000459809,0
6.2,6.4,0,2.95696,0.000887111,0
6.2,6.5,0,2.958,0.00235715,0
6.2,6.6,0,2.95591,0.00379907,0
6.2,6.7,0,2.95605,0.00414166,0
6.2,6.8,0,2.95842,0.00338493,0
6.2,6.9,0,2.95741,0.0054307,0
6.2,7,0,2.95525,0.00829301,0
6.2,7.1,0,2.95555,0.0105372,0
6.2,7.2,0,2.95576,0.0117967,0
6.2,7.3,0,2.95601,0.0130783,0
6.2,7.4,0,2.95628,0.0143488,0
6.2,7.5,0,2.95657,0.0155979,0
6.2,7.6,0,2.95689,0.0168299,0
6.2,7.7,0,2.95724,0.0180483,0
6.2,7.8,0,2.95759,0.0192473,0
6.2,7.9,0,2.95796,0.020409,0
6.2,8,0,2.95844,0.0219787,0
6.2,8.1,0,2.96298,0.0140909,0
6.2,8.2,0,2.96085,0.0208281,0
6.2,8.3,0,2.9634,0.0185158,0
6.2,8.4,0,2.96427,0.0191377,0
6.2,8.5,0,2.96245,0.0237452,0
6.2,8.6,0,2.96624,0.0164749,0
6.2,8.7,0,2.96243,0.0284866,0
6.2,8.8,0,2.96621,0.0180096,0
6.2,8.9,0,2.965,0.0258793,0
6.2,9,0,2.96694,0.0236935,0
6.2,9.1,0,2.96841,0.0225725,0
6.2,9.2,0,2.96723,0.0298119,0
6.2,9.3,0,2.97229,0.0181691,0
6.2,9.4,0,2.96813,0.0335577,0
6.2,9.5,0,2.97234,0.0213897,0
6.2,9.6,0,2.97138,0.0292279,0
6.2,9.7,0,2.97218,0.0273492,0
6.2,9.8,0,2.97403,0.0235935,0
6.2,9.9,0,2.97307,0.0343435,0
6.2,10,0,2.97653,0.0177189,0
6.2,10.1,0,2.9749,0.0361567,0
6.2,10.2,0,2.97781,0.0220767,0
6.2,10.3,0,2.97801,0.0295534,0
6.2,10.4,0,2.97972,0.0293122,0
6.2,10.5,0,2.98235,0.0221231,0
6.2,10.6,0,2.9811,0.0368619,0
6.2,10.7,0,2.98611,0.0146355,0
6.2,10.8,0,2.98409,0.0359142,0
6.2,10.9,0,2.9878,0.0211293,0
6.2,11,0,2.98823,0.0271429,0
6.2,11.1,0,2.98869,0.0282413,0
6.2,11.2,0,2.99137,0.0160443,0
6.2,11.3,0,2.9907,0.037113,0
6.2,11.4,0,2.9953,0.00914331,0
6.2,11.5,0,2.99458,0.032164,0
6.2,11.6,0,2.99836,0.0156427,0
6.2,11.7,0,2.99987,0.0197996,0
6.2,11.8,0,3.00179,0.0252182,0
6.2,11.9,0,3.00672,0.00765402,0
6.2,12,0,3.00479,0.0342699,0
6.2,12.1,0,3.01377,-0.00110216,0
6.2,12.2,0,3.01156,0.0241005,0
6.2,12.3,0,3.01855,0.009817,0
6.2,12.4,0,3.02076,0.0104987,0
6.2,12.5,0,3.02112,0.017376,0
6.2,12.6,0,3.03001,-0.00928289,0
6.2,12.7,0,3.0195,0.0292114,0
6.3,0,0,3.02069,-0.0390865,0
6.3,0.1,0,3.02378,-0.0124059,0
6.3,0.2,0,3.02372,-0.00461252,0
6.3,0.3,0,3.01882,-0.0273133,0
6.3,0.4,0,3.01627,-0.0316571,0
6.3,0.5,0,3.0162,-0.015715,0
6.3,0.6,0,3.01217,-0.0217476,0
6.3,0.7,0,3.00578,-0.0435096,0
6.3,0.8,0,3.01208,-0.0229616,0
6.3,0.9,0,3.01155,-0.0167825,0
6.3,1,0,3.00243,-0.0339139,0
6.3,1.1,0,3.00035,-0.0370527,0
6.3,1.2,0,3.00504,-0.024671,0
6.3,1.3,0,3.00102,-0.0289089,0
6.3,1.4,0,2.99226,-0.045156,0
6.3,1.5,0,2.99422,-0.0252671,0
6.3,1.6,0,2.99363,-0.0192232,0
6.3,1.7,0,2.99026,-0.0351775,0
6.3,1.8,0,2.98824,-0.0378314,0
6.3,1.9,0,2.98761,-0.0257754,0
6.3,2,0,2.98491,-0.0292415,0
6.3,2.1,0,2.981,-0.0436316,0
6.3,2.2,0,2.97399,-0.0229663,0
6.3,2.3,0,2.97145,-0.0166044,0
6.3,2.4,0,2.97388,-0.0321741,0
6.3,2.5,0,2.9757,-0.0355597,0
6.3,2.6,0,2.97612,-0.0250904,0
6.3,2.7,0,2.97651,-0.0283793,0
6.3,2.8,0,2.97638,-0.0412895,0
6.3,2.9,0,2.98624,-0.0270816,0
6.3,3,0,2.98792,-0.0218301,0
6.3,3.1,0,2.97932,-0.0320615,0
6.3,3.2,0,2.97738,-0.0342417,0
6.3,3.3,0,2.98199,-0.0267159,0
6.3,3.4,0,2.97702,-0.0274638,0
6.3,3.5,0,2.96673,-0.0347024,0
6.3,3.6,0,2.96378,-0.0203962,0
6.3,3.7,0,2.96246,-0.0154109,0
6.3,3.8,0,2.96214,-0.025102,0
6.3,3.9,0,2.9601,-0.0273476,0
6.3,4,0,2.95714,-0.0208002,0
6.3,4.1,0,2.9585,-0.0222785,0
6.3,4.2,0,2.96215,-0.0291539,0
6.3,4.3,0,2.96731,-0.0203365,0
6.3,4.4,0,2.96791,-0.0164666,0
6.3,4.5,0,2.96314,-0.0214727,0
6.3,4.6,0,2.96081,-0.0229011,0
6.3,4.7,0,2.96129,-0.0194095,0
6.3,4.8,0,2.95919,-0.0187042,0
6.3,4.9,0,2.95613,-0.0203565,0
6.3,5,0,2.95613,-0.0122379,0
6.3,5.1,0,2.95627,-0.00872882,0
6.3,5.2,0,2.95605,-0.0127505,0
6.3,5.3,0,2.95709,-0.014349,0
6.3,5.4,0,2.95894,-0.0121289,0
6.3,5.5,0,2.95799,-0.010858,0
6.3,5.6,0,2.95531,-0.0108857,0
6.3,5.7,0,2.95684,-0.00645297,0
6.3,5.8,0,2.95695,-0.00382076,0
6.3,5.9,0,2.95526,-0.00468955,0
6.3,6,0,2.95528,-0.0049244,0
6.3,6.1,0,2.95692,-0.0036375,0
6.3,6.2,0,2.95635,-0.00191522,0
6.3,6.3,0,2.95425,-0.000503408,0
6.3,6.4,0,2.95635,0.000843512,0
6.3,6.5,0,2.95689,0.00260744,0
6.3,6.6,0,2.95522,0.00415293,0
6.3,6.7,0,2.95536,0.00449552,0
6.3,6.8,0,2.95727,0.00422056,0
6.3,6.9,0,2.95676,0.00613743,0
6.3,7,0,2.95461,0.00899975,0
6.3,7.1,0,2.95489,0.0114236,0
6.3,7.2,0,2.9551,0.012802,0
6.3,7.3,0,2.95535,0.0142037,0
6.3,7.4,0,2.95563,0.0155924,0
6.3,7.5,0,2.95594,0.0169589,0
6.3,7.6,0,2.95627,0.0183081,0
6.3,7.7,0,2.95663,0.0196433,0
6.3,7.8,0,2.95701,0.0209597,0
6.3,7.9,0,2.95739,0.022237,0
6.3,8,0,2.95789,0.023948,0
6.3,8.1,0,2.9619,0.0173066,0
6.3,8.2,0,2.96037,0.023024,0
6.3,8.3,0,2.96291,0.0207117,0
6.3,8.4,0,2.96393,0.021612,0
6.3,8.5,0,2.96211,0.0262196,0
6.3,8.6,0,2.96515,0.021144,0
6.3,8.7,0,2.96217,0.0312133,0
6.3,8.8,0,2.96566,0.021835,0
6.3,8.9,0,2.96473,0.0288465,0
6.3,9,0,2.96668,0.0266607,0
6.3,9.1,0,2.96823,0.0257861,0
6.3,9.2,0,2.96705,0.0330255,0
6.3,9.3,0,2.97103,0.0249553,0
6.3,9.4,0,2.96812,0.0370407,0
6.3,9.5,0,2.9722,0.025433,0
6.3,9.6,0,2.97151,0.0329619,0
6.3,9.7,0,2.97231,0.0310833,0
6.3,9.8,0,2.97426,0.0275816,0
6.3,9.9,0,2.97331,0.0383316,0
6.3,10,0,2.97614,0.0264549,0
6.3,10.1,0,2.97523,0.040389,0
6.3,10.2,0,2.97814,0.0263089,0
6.3,10.3,0,2.97845,0.0340447,0
6.3,10.4,0,2.98017,0.0338036,0
6.3,10.5,0,2.98298,0.0268849,0
6.3,10.6,0,2.98173,0.0416236,0
6.3,10.7,0,2.98591,0.0252696,0
6.3,10.8,0,2.98492,0.0409568,0
6.3,10.9,0,2.98864,0.026172,0
6.3,11,0,2.98927,0.032494,0
6.3,11.1,0,2.98973,0.0335925,0
6.3,11.2,0,2.99247,0.0225806,0
6.3,11.3,0,2.9919,0.0427542,0
6.3,11.4,0,2.9959,0.0213969,0
6.3,11.5,0,2.99594,0.0381605,0
6.3,11.6,0,2.99972,0.0216391,0
6.3,11.7,0,3.00142,0.0261437,0
6.3,11.8,0,3.00334,0.0315624,0
6.3,11.9,0,3.008,0.016983,0
6.3,12,0,3.0065,0.041097,0
6.3,12.1,0,3.01439,0.012265,0
6.3,12.2,0,3.01352,0.031401,0
6.3,12.3,0,3.02051,0.0171175,0
6.3,12.4,0,3.02299,0.0185531,0
6.3,12.5,0,3.02335,0.0254303,0
6.3,12.6,0,3.03075,0.00452952,0
6.3,12.7,0,3.02185,0.0378778,0
6.4,0,0,3.023,-0.0482197,0
6.4,0.1,0,3.02573,-0.0236378,0
6.4,0.2,0,3.02439,-0.0235391,0
6.4,0.3,0,3.02116,-0.0356002,0
6.4,0.4,0,3.0186,-0.039944,0
6.4,0.5,0,3.01714,-0.0312662,0
6.4,0.6,0,3.01407,-0.0308905,0
6.4,0.7,0,3.00794,-0.0509048,0
6.4,0.8,0,3.01348,-0.0319533,0
6.4,0.9,0,3.01017,-0.0316283,0
6.4,1,0,3.00377,-0.0406133,0
6.4,1.1,0,3.00169,-0.0437521,0
6.4,1.2,0,3.00321,-0.036843,0
6.4,1.3,0,3.00111,-0.0361884,0
6.4,1.4,0,2.99288,-0.0511011,0
6.4,1.5,0,2.99456,-0.0327506,0
6.4,1.6,0,2.99292,-0.0323472,0
6.4,1.7,0,2.99036,-0.040668,0
6.4,1.8,0,2.98834,-0.043322,0
6.4,1.9,0,2.98698,-0.0364326,0
6.4,2,0,2.98478,-0.0354481,0
6.4,2.1,0,2.981,-0.0486244,0
6.4,2.2,0,2.97449,-0.0295484,0
6.4,2.3,0,2.97377,-0.0290138,0
6.4,2.4,0,2.97472,-0.0370682,0
6.4,2.5,0,2.97654,-0.0404538,0
6.4,2.6,0,2.97704,-0.0345758,0
6.4,2.7,0,2.97763,-0.033945,0
6.4,2.8,0,2.97757,-0.0457861,0
6.4,2.9,0,2.98651,-0.0325734,0
6.4,3,0,2.98486,-0.0309708,0
6.4,3.1,0,2.97951,-0.0356797,0
6.4,3.2,0,2.97757,-0.0378598,0
6.4,3.3,0,2.97872,-0.0329611,0
6.4,3.4,0,2.97593,-0.0310647,0
6.4,3.5,0,2.96623,-0.0375821,0
6.4,3.6,0,2.96346,-0.0243116,0
6.4,3.7,0,2.9628,-0.0231236,0
6.4,3.8,0,2.96232,-0.0277378,0
6.4,3.9,0,2.96028,-0.0299834,0
6.4,4,0,2.9589,-0.0261552,0
6.4,4.1,0,2.95932,-0.0254346,0
6.4,4.2,0,2.96272,-0.0317104,0
6.4,4.3,0,2.96737,-0.0234427,0
6.4,4.4,0,2.96611,-0.0215884,0
6.4,4.5,0,2.96297,-0.0233929,0
6.4,4.6,0,2.96064,-0.0248214,0
6.4,4.7,0,2.9601,-0.0221818,0
6.4,4.8,0,2.95839,-0.0205159,0
6.4,4.9,0,2.95544,-0.0219064,0
6.4,5,0,2.95545,-0.0142999,0
6.4,5.1,0,2.95565,-0.0126688,0
6.4,5.2,0,2.95563,-0.0140524,0
6.4,5.3,0,2.95667,-0.0156509,0
6.4,5.4,0,2.95754,-0.0136269,0
6.4,5.5,0,2.9573,-0.011827,0
6.4,5.6,0,2.95481,-0.0117104,0
6.4,5.7,0,2.95618,-0.00747772,0
6.4,5.8,0,2.95572,-0.00557903,0
6.4,5.9,0,2.9546,-0.00515633,0
6.4,6,0,2.95462,-0.00539118,0
6.4,6.1,0,2.95552,-0.00384208,0
6.4,6.2,0,2.95557,-0.00199332,0
6.4,6.3,0,2.95364,-0.000547007,0
6.4,6.4,0,2.95557,0.000846247,0
6.4,6.5,0,2.95547,0.00278007,0
6.4,6.6,0,2.95453,0.00450678,0
6.4,6.7,0,2.95467,0.00484938,0
6.4,6.8,0,2.95577,0.00541752,0
6.4,6.9,0,2.95594,0.00694921,0
6.4,7,0,2.95397,0.00970648,0
6.4,7.1,0,2.95423,0.0123101,0
6.4,7.2,0,2.95444,0.0138073,0
6.4,7.3,0,2.9547,0.0153292,0
6.4,7.4,0,2.95498,0.016836,0
6.4,7.5,0,2.9553,0.01832,0
6.4,7.6,0,2.95565,0.0197864,0
6.4,7.7,0,2.95603,0.0212382,0
6.4,7.8,0,2.95642,0.0226721,0
6.4,7.9,0,2.95682,0.0240651,0
6.4,8,0,2.95733,0.0259173,0
6.4,8.1,0,2.96038,0.0215733,0
6.4,8.2,0,2.95988,0.0252199,0
6.4,8.3,0,2.96227,0.0232369,0
6.4,8.4,0,2.96313,0.0248451,0
6.4,8.5,0,2.96176,0.0286939,0
6.4,8.6,0,2.96378,0.0264789,0
6.4,8.7,0,2.96191,0.0339399,0
6.4,8.8,0,2.96453,0.0277892,0
6.4,8.9,0,2.96447,0.0318137,0
6.4,9,0,2.96641,0.0296279,0
6.4,9.1,0,2.96745,0.0307043,0
6.4,9.2,0,2.96686,0.0362391,0
6.4,9.3,0,2.96971,0.0319271,0
6.4,9.4,0,2.96811,0.0405238,0
6.4,9.5,0,2.97121,0.0329662,0
6.4,9.6,0,2.97165,0.036696,0
6.4,9.7,0,2.97245,0.0348174,0
6.4,9.8,0,2.97389,0.0346475,0
6.4,9.9,0,2.97355,0.0423197,0
6.4,10,0,2.97576,0.0351909,0
6.4,10.1,0,2.97556,0.0446213,0
6.4,10.2,0,2.97791,0.0353539,0
6.4,10.3,0,2.97889,0.0385361,0
6.4,10.4,0,2.98061,0.0382949,0
6.4,10.5,0,2.98267,0.0364387,0
6.4,10.6,0,2.98235,0.0463854,0
6.4,10.7,0,2.98571,0.0359036,0
6.4,10.8,0,2.98576,0.0459995,0
6.4,10.9,0,2.98884,0.0357189,0
6.4,11,0,2.99032,0.0378451,0
6.4,11.1,0,2.99077,0.0389436,0
6.4,11.2,0,2.99292,0.0346938,0
6.4,11.3,0,2.9931,0.0483955,0
6.4,11.4,0,2.99646,0.0340219,0
6.4,11.5,0,2.9973,0.0441569,0
6.4,11.6,0,3.00068,0.0317461,0
6.4,11.7,0,3.00296,0.0324879,0
6.4,11.8,0,3.00489,0.0379066,0
6.4,11.9,0,3.00846,0.0311594,0
6.4,12,0,3.00822,0.0479241,0
6.4,12.1,0,3.01464,0.0278746,0
6.4,12.2,0,3.01548,0.0387015,0
6.4,12.3,0,3.02177,0.0272888,0
6.4,12.4,0,3.02492,0.0276225,0
6.4,12.5,0,3.02558,0.0334847,0
6.4,12.6,0,3.03014,0.0226806,0
6.4,12.7,0,3.0242,0.0465443,0
6.5,0,0,3.0253,-0.057353,0
6.5,0.1,0,3.02641,-0.0425644,0
6.5,0.2,0,3.02507,-0.0424658,0
6.5,0.3,0,3.02349,-0.0438871,0
6.5,0.4,0,3.02093,-0.0482309,0
6.5,0.5,0,3.01807,-0.0468174,0
6.5,0.6,0,3.015,-0.0464418,0
6.5,0.7,0,3.0101,-0.0583001,0
6.5,0.8,0,3.0121,-0.0467991,0
6.5,0.9,0,3.0088,-0.0464741,0
6.5,1,0,3.00511,-0.0473128,0
6.5,1.1,0,3.00302,-0.0504516,0
6.5,1.2,0,3.00138,-0.0490151,0
6.5,1.3,0,2.99928,-0.0483605,0
6.5,1.4,0,2.9935,-0.0570463,0
6.5,1.5,0,2.99385,-0.0458746,0
6.5,1.6,0,2.99222,-0.0454713,0
6.5,1.7,0,2.99046,-0.0461585,0
6.5,1.8,0,2.98844,-0.0488125,0
6.5,1.9,0,2.98635,-0.0470898,0
6.5,2,0,2.98414,-0.0461053,0
6.5,2.1,0,2.981,-0.0536173,0
6.5,2.2,0,2.9768,-0.0419578,0
6.5,2.3,0,2.97608,-0.0414233,0
6.5,2.4,0,2.97557,-0.0419623,0
6.5,2.5,0,2.97739,-0.0453479,0
6.5,2.6,0,2.97796,-0.0440612,0
6.5,2.7,0,2.97855,-0.0434305,0
6.5,2.8,0,2.97875,-0.0502828,0
6.5,2.9,0,2.98346,-0.0417141,0
6.5,3,0,2.98181,-0.0401115,0
6.5,3.1,0,2.9797,-0.0392978,0
6.5,3.2,0,2.97776,-0.041478,0
6.5,3.3,0,2.97546,-0.0392063,0
6.5,3.4,0,2.97267,-0.0373099,0
6.5,3.5,0,2.96573,-0.0404618,0
6.5,3.6,0,2.9638,-0.0320243,0
6.5,3.7,0,2.96315,-0.0308363,0
6.5,3.8,0,2.96251,-0.0303736,0
6.5,3.9,0,2.96047,-0.0326192,0
6.5,4,0,2.96066,-0.0315101,0
6.5,4.1,0,2.96107,-0.0307896,0
6.5,4.2,0,2.96328,-0.0342668,0
6.5,4.3,0,2.96557,-0.0285645,0
6.5,4.4,0,2.9643,-0.0267102,0
6.5,4.5,0,2.9628,-0.0253132,0
6.5,4.6,0,2.96048,-0.0267417,0
6.5,4.7,0,2.95891,-0.0249541,0
6.5,4.8,0,2.9572,-0.0232883,0
6.5,4.9,0,2.95475,-0.0234562,0
6.5,5,0,2.95484,-0.0182399,0
6.5,5.1,0,2.95504,-0.0166087,0
6.5,5.2,0,2.95521,-0.0153544,0
6.5,5.3,0,2.95625,-0.0169529,0
6.5,5.4,0,2.95615,-0.0151249,0
6.5,5.5,0,2.9559,-0.013325,0
6.5,5.6,0,2.95431,-0.0125351,0
6.5,5.7,0,2.95495,-0.00923599,0
6.5,5.8,0,2.95448,-0.0073373,0
6.5,5.9,0,2.95394,-0.00562311,0
6.5,6,0,2.95396,-0.00585796,0
6.5,6.1,0,2.95412,-0.00404666,0
6.5,6.2,0,2.95417,-0.0021979,0
6.5,6.3,0,2.95303,-0.000590606,0
6.5,6.4,0,2.95415,0.00101888,0
6.5,6.5,0,2.95405,0.0029527,0
6.5,6.6,0,2.95385,0.00486064,0
6.5,6.7,0,2.95399,0.00520323,0
6.5,6.8,0,2.95427,0.00661448,0
6.5,6.9,0,2.95444,0.00814618,0
6.5,7,0,2.95332,0.0104132,0
6.5,7.1,0,2.95358,0.0131966,0
6.5,7.2,0,2.95379,0.0148127,0
6.5,7.3,0,2.95404,0.0164547,0
6.5,7.4,0,2.95434,0.0180796,0
6.5,7.5,0,2.95467,0.019681,0
6.5,7.6,0,2.95503,0.0212647,0
6.5,7.7,0,2.95543,0.0228332,0
6.5,7.8,0,2.95584,0.0243844,0
6.5,7.9,0,2.95625,0.0258932,0
6.5,8,0,2.95678,0.0278865,0
6.5,8.1,0,2.95886,0.02584,0
6.5,8.2,0,2.9594,0.0274158,0
6.5,8.3,0,2.96056,0.028012,0
6.5,8.4,0,2.96142,0.0296203,0
6.5,8.5,0,2.96142,0.0311682,0
6.5,8.6,0,2.9624,0.0318139,0
6.5,8.7,0,2.96165,0.0366666,0
6.5,8.8,0,2.96341,0.0337435,0
6.5,8.9,0,2.9641,0.0351304,0
6.5,9,0,2.9652,0.0357892,0
6.5,9.1,0,2.96617,0.0371225,0
6.5,9.2,0,2.96668,0.0394527,0
6.5,9.3,0,2.96839,0.0388989,0
6.5,9.4,0,2.9681,0.0440069,0
6.5,9.5,0,2.97023,0.0404994,0
6.5,9.6,0,2.97142,0.0416426,0
6.5,9.7,0,2.97206,0.0417684,0
6.5,9.8,0,2.9733,0.0428285,0
6.5,9.9,0,2.97378,0.0463078,0
6.5,10,0,2.97537,0.0439269,0
6.5,10.1,0,2.97588,0.0488536,0
6.5,10.2,0,2.97764,0.044727,0
6.5,10.3,0,2.97897,0.0455722,0
6.5,10.4,0,2.98063,0.0455955,0
6.5,10.5,0,2.98229,0.0463192,0
6.5,10.6,0,2.98298,0.0511472,0
6.5,10.7,0,2.98551,0.0465377,0
6.5,10.8,0,2.98659,0.0510422,0
6.5,10.9,0,2.98882,0.0468977,0
6.5,11,0,2.99059,0.0474121,0
6.5,11.1,0,2.99163,0.0464528,0
6.5,11.2,0,2.99338,0.0468071,0
6.5,11.3,0,2.9943,0.0540368,0
6.5,11.4,0,2.99703,0.046647,0
6.5,11.5,0,2.99866,0.0501534,0
6.5,11.6,0,3.00128,0.0454705,0
6.5,11.7,0,3.00364,0.0456626,0
6.5,11.8,0,3.00631,0.0451673,0
6.5,11.9,0,3.00891,0.0453358,0
6.5,12,0,3.00994,0.0547513,0
6.5,12.1,0,3.01489,0.0434841,0
6.5,12.2,0,3.01743,0.046002,0
6.5,12.3,0,3.02163,0.0432943,0
6.5,12.4,0,3.02478,0.043628,0
6.5,12.5,0,3.02781,0.041539,0
6.5,12.6,0,3.02952,0.0408318,0
6.5,12.7,0,3.02655,0.0552108,0
6.6,0,0,3.02761,-0.0664863,0
6.6,0.1,0,3.02708,-0.061491,0
6.6,0.2,0,3.02574,-0.0613924,0
6.6,0.3,0,3.0244,-0.0612937,0
6.6,0.4,0,3.02207,-0.0627443,0
6.6,0.5,0,3.019,-0.0623686,0
6.6,0.6,0,3.01593,-0.061993,0
6.6,0.7,0,3.01225,-0.0656953,0
6.6,0.8,0,3.01072,-0.0616449,0
6.6,0.9,0,3.00742,-0.0613199,0
6.6,1,0,3.00412,-0.0609948,0
6.6,1.1,0,3.00164,-0.0618418,0
6.6,1.2,0,2.99955,-0.0611872,0
6.6,1.3,0,2.99745,-0.0605326,0
6.6,1.4,0,2.99412,-0.0629914,0
6.6,1.5,0,2.99315,-0.0589987,0
6.6,1.6,0,2.99151,-0.0585954,0
6.6,1.7,0,2.98987,-0.0581921,0
6.6,1.8,0,2.98792,-0.0587316,0
6.6,1.9,0,2.98572,-0.057747,0
6.6,2,0,2.98351,-0.0567625,0
6.6,2.1,0,2.981,-0.0586101,0
6.6,2.2,0,2.97912,-0.0543672,0
6.6,2.3,0,2.97839,-0.0538327,0
6.6,2.4,0,2.97767,-0.0532981,0
6.6,2.5,0,2.9783,-0.0541774,0
6.6,2.6,0,2.97889,-0.0535467,0
6.6,2.7,0,2.97947,-0.0529159,0
6.6,2.8,0,2.97993,-0.0547795,0
6.6,2.9,0,2.9804,-0.0508549,0
6.6,3,0,2.97875,-0.0492522,0
6.6,3.1,0,2.97711,-0.0476496,0
6.6,3.2,0,2.97499,-0.0473479,0
6.6,3.3,0,2.9722,-0.0454515,0
6.6,3.4,0,2.9694,-0.0435551,0
6.6,3.5,0,2.96523,-0.0433415,0
6.6,3.6,0,2.96415,-0.039737,0
6.6,3.7,0,2.96349,-0.0385491,0
6.6,3.8,0,2.96283,-0.0373611,0
6.6,3.9,0,2.962,-0.0375857,0
6.6,4,0,2.96242,-0.0368651,0
6.6,4.1,0,2.96283,-0.0361446,0
6.6,4.2,0,2.96385,-0.0368233,0
6.6,4.3,0,2.96376,-0.0336863,0
6.6,4.4,0,2.9625,-0.031832,0
6.6,4.5,0,2.96123,-0.0299776,0
6.6,4.6,0,2.95944,-0.0293923,0
6.6,4.7,0,2.95773,-0.0277264,0
6.6,4.8,0,2.95602,-0.0260606,0
6.6,4.9,0,2.95406,-0.025006,0
6.6,5,0,2.95422,-0.0221798,0
6.6,5.1,0,2.95442,-0.0205486,0
6.6,5.2,0,2.95462,-0.0189175,0
6.6,5.3,0,2.95499,-0.0184229,0
6.6,5.4,0,2.95475,-0.016623,0
6.6,5.5,0,2.9545,-0.014823,0
6.6,5.6,0,2.95381,-0.0133597,0
6.6,5.7,0,2.95371,-0.0109943,0
6.6,5.8,0,2.95325,-0.00909557,0
6.6,5.9,0,2.95278,-0.00719688,0
6.6,6,0,2.95266,-0.0061,0
6.6,6.1,0,2.95271,-0.00425124,0
6.6,6.2,0,2.95277,-0.00240248,0
6.6,6.3,0,2.95242,-0.000634205,0
6.6,6.4,0,2.95273,0.00119151,0
6.6,6.5,0,2.95263,0.00312533,0
6.6,6.6,0,2.95253,0.00505916,0
6.6,6.7,0,2.95261,0.00627975,0
6.6,6.8,0,2.95277,0.00781145,0
6.6,6.9,0,2.95294,0.00934314,0
6.6,7,0,2.95268,0.0111199,0
6.6,7.1,0,2.95292,0.0140831,0
6.6,7.2,0,2.95313,0.015818,0
6.6,7.3,0,2.95338,0.0175801,0
6.6,7.4,0,2.95369,0.0193232,0
6.6,7.5,0,2.95403,0.0210421,0
6.6,7.6,0,2.95441,0.022743,0
6.6,7.7,0,2.95482,0.0244282,0
6.6,7.8,0,2.95525,0.0260968,0
6.6,7.9,0,2.95568,0.0277213,0
6.6,8,0,2.95623,0.0298558,0
6.6,8.1,0,2.95734,0.0301067,0
6.6,8.2,0,2.95797,0.0315062,0
6.6,8.3,0,2.95884,0.0327872,0
6.6,8.4,0,2.9597,0.0343954,0
6.6,8.5,0,2.96034,0.0356815,0
6.6,8.6,0,2.96103,0.0371489,0
6.6,8.7,0,2.96139,0.0393932,0
6.6,8.8,0,2.96228,0.0396977,0
6.6,8.9,0,2.96298,0.0410847,0
6.6,9,0,2.96391,0.0422075,0
6.6,9.1,0,2.96488,0.0435408,0
6.6,9.2,0,2.96591,0.0445854,0
6.6,9.3,0,2.96707,0.0458707,0
6.6,9.4,0,2.96809,0.04749,0
6.6,9.5,0,2.96924,0.0480327,0
6.6,9.6,0,2.97044,0.0491758,0
6.6,9.7,0,2.97146,0.0499495,0
6.6,9.8,0,2.9727,0.0510096,0
6.6,9.9,0,2.97382,0.0517607,0
6.6,10,0,2.97498,0.0526628,0
6.6,10.1,0,2.97613,0.053565,0
6.6,10.2,0,2.97737,0.0541001,0
6.6,10.3,0,2.9787,0.0549453,0
6.6,10.4,0,2.98025,0.055476,0
6.6,10.5,0,2.98192,0.0561997,0
6.6,10.6,0,2.98351,0.0565337,0
6.6,10.7,0,2.98531,0.0571718,0
6.6,10.8,0,2.98711,0.0578099,0
6.6,10.9,0,2.9888,0.0580766,0
6.6,11,0,2.99056,0.0585909,0
6.6,11.1,0,2.99209,0.058566,0
6.6,11.2,0,2.99384,0.0589203,0
6.6,11.3,0,2.99551,0.0596781,0
6.6,11.4,0,2.99759,0.0592721,0
6.6,11.5,0,2.99962,0.0595347,0
6.6,11.6,0,3.00188,0.0591948,0
6.6,11.7,0,3.00424,0.059387,0
6.6,11.8,0,3.00676,0.0593436,0
6.6,11.9,0,3.00937,0.0595122,0
6.6,12,0,3.01166,0.0615784,0
6.6,12.1,0,3.01514,0.0590936,0
6.6,12.2,0,3.01817,0.0592249,0
6.6,12.3,0,3.02149,0.0592999,0
6.6,12.4,0,3.02463,0.0596336,0
6.6,12.5,0,3.02743,0.0588309,0
6.6,12.6,0,3.02891,0.0589829,0
6.6,12.7,0,3.0289,0.0638773,0
6.7,0,0,3.02734,-0.0789674,0
6.7,0.1,0,3.02825,-0.080454,0
6.7,0.2,0,3.02691,-0.0803553,0
6.7,0.3,0,3.02557,-0.0802567,0
6.7,0.4,0,3.02314,-0.0783612,0
6.7,0.5,0,3.02008,-0.0779856,0
6.7,0.6,0,3.01701,-0.0776099,0
6.7,0.7,0,3.01193,-0.0761032,0
6.7,0.8,0,3.00929,-0.0764064,0
6.7,0.9,0,3.00598,-0.0760813,0
6.7,1,0,3.00268,-0.0757562,0
6.7,1.1,0,2.99942,-0.0742197,0
6.7,1.2,0,2.99733,-0.0735651,0
6.7,1.3,0,2.99523,-0.0729105,0
6.7,1.4,0,2.9936,-0.0719397,0
6.7,1.5,0,2.99266,-0.0718244,0
6.7,1.6,0,2.99102,-0.0714211,0
6.7,1.7,0,2.98939,-0.0710177,0
6.7,1.8,0,2.98728,-0.0699013,0
6.7,1.9,0,2.98507,-0.0689167,0
6.7,2,0,2.98287,-0.0679322,0
6.7,2.1,0,2.98023,-0.0662498,0
6.7,2.2,0,2.98089,-0.0660984,0
6.7,2.3,0,2.98017,-0.0655638,0
6.7,2.4,0,2.97945,-0.0650292,0
6.7,2.5,0,2.97927,-0.0643766,0
6.7,2.6,0,2.97986,-0.0637458,0
6.7,2.7,0,2.98045,-0.0631151,0
6.7,2.8,0,2.97885,-0.0611421,0
6.7,2.9,0,2.97812,-0.0596399,0
6.7,3,0,2.97647,-0.0580373,0
6.7,3.1,0,2.97482,-0.0564346,0
6.7,3.2,0,2.97138,-0.054057,0
6.7,3.3,0,2.96859,-0.0521606,0
6.7,3.4,0,2.96579,-0.0502642,0
6.7,3.5,0,2.96372,-0.0482645,0
6.7,3.6,0,2.96405,-0.0467248,0
6.7,3.7,0,2.96339,-0.0455369,0
6.7,3.8,0,2.96273,-0.0443489,0
6.7,3.9,0,2.9638,-0.0434934,0
6.7,4,0,2.96422,-0.0427728,0
6.7,4.1,0,2.96463,-0.0420523,0
6.7,4.2,0,2.96258,-0.0405356,0
6.7,4.3,0,2.96254,-0.0386731,0
6.7,4.4,0,2.96127,-0.0368188,0
6.7,4.5,0,2.96001,-0.0349644,0
6.7,4.6,0,2.95784,-0.0322302,0
6.7,4.7,0,2.95613,-0.0305643,0
6.7,4.8,0,2.95442,-0.0288985,0
6.7,4.9,0,2.95246,-0.0274255,0
6.7,5,0,2.95331,-0.0260414,0
6.7,5.1,0,2.95351,-0.0244102,0
6.7,5.2,0,2.95371,-0.0227791,0
6.7,5.3,0,2.95405,-0.0200615,0
6.7,5.4,0,2.95381,-0.0182615,0
6.7,5.5,0,2.95356,-0.0164616,0
6.7,5.6,0,2.95203,-0.0145877,0
6.7,5.7,0,2.95211,-0.0126484,0
6.7,5.8,0,2.95164,-0.0107497,0
6.7,5.9,0,2.95118,-0.00885101,0
6.7,6,0,2.95144,-0.00639033,0
6.7,6.1,0,2.9515,-0.00454157,0
6.7,6.2,0,2.95155,-0.00269281,0
6.7,6.3,0,2.95059,-0.000739011,0
6.7,6.4,0,2.95118,0.00141855,0
6.7,6.5,0,2.95108,0.00335237,0
6.7,6.6,0,2.95098,0.0052862,0
6.7,6.7,0,2.95114,0.00757046,0
6.7,6.8,0,2.95131,0.00910215,0
6.7,6.9,0,2.95147,0.0106338,0
6.7,7,0,2.95087,0.0120713,0
6.7,7.1,0,2.95112,0.0152856,0
6.7,7.2,0,2.95134,0.0171933,0
6.7,7.3,0,2.95161,0.0191269,0
6.7,7.4,0,2.95193,0.02104,0
6.7,7.5,0,2.95229,0.02293,0
6.7,7.6,0,2.95269,0.0248025,0
6.7,7.7,0,2.95312,0.0266592,0
6.7,7.8,0,2.95357,0.0285003,0
6.7,7.9,0,2.95403,0.0302987,0
6.7,8,0,2.95462,0.0326529,0
6.7,8.1,0,2.95573,0.0343215,0
6.7,8.2,0,2.95636,0.035721,0
6.7,8.3,0,2.95716,0.0375627,0
6.7,8.4,0,2.95802,0.0391709,0
6.7,8.5,0,2.95898,0.0410511,0
6.7,8.6,0,2.95967,0.0425184,0
6.7,8.7,0,2.96,0.0439273,0
6.7,8.8,0,2.96114,0.0456372,0
6.7,8.9,0,2.96183,0.0470242,0
6.7,9,0,2.96257,0.0486537,0
6.7,9.1,0,2.96354,0.049987,0
6.7,9.2,0,2.96459,0.0515411,0
6.7,9.3,0,2.96575,0.0528264,0
6.7,9.4,0,2.9668,0.0541083,0
6.7,9.5,0,2.96824,0.0556171,0
6.7,9.6,0,2.96944,0.0567603,0
6.7,9.7,0,2.97087,0.0580998,0
6.7,9.8,0,2.97211,0.05916,0
6.7,9.9,0,2.97346,0.0605664,0
6.7,10,0,2.97461,0.0614685,0
6.7,10.1,0,2.97576,0.0623707,0
6.7,10.2,0,2.97705,0.0634176,0
6.7,10.3,0,2.97837,0.0642627,0
6.7,10.4,0,2.97985,0.0654421,0
6.7,10.5,0,2.98152,0.0661659,0
6.7,10.6,0,2.9833,0.0671033,0
6.7,10.7,0,2.9851,0.0677414,0
6.7,10.8,0,2.9869,0.0683795,0
6.7,10.9,0,2.98879,0.0693506,0
6.7,11,0,2.99056,0.0698649,0
6.7,11.1,0,2.99253,0.0706238,0
6.7,11.2,0,2.99428,0.070978,0
6.7,11.3,0,2.99586,0.0716076,0
6.7,11.4,0,2.99811,0.0719753,0
6.7,11.5,0,3.00013,0.0722379,0
6.7,11.6,0,3.00245,0.0728584,0
6.7,11.7,0,3.0048,0.0730505,0
6.7,11.8,0,3.00719,0.0735866,0
6.7,11.9,0,3.00979,0.0737552,0
6.7,12,0,3.01161,0.0739951,0
6.7,12.1,0,3.01531,0.0746458,0
6.7,12.2,0,3.01835,0.0747771,0
6.7,12.3,0,3.02139,0.0753127,0
6.7,12.4,0,3.02454,0.0756464,0
6.7,12.5,0,3.02718,0.0770196,0
6.7,12.6,0,3.02866,0.0771716,0
6.7,12.7,0,3.02855,0.0761754,0
6.8,0,0,3.02449,-0.0947964,0
6.8,0.1,0,3.02991,-0.0994533,0
6.8,0.2,0,3.02857,-0.0993546,0
6.8,0.3,0,3.02659,-0.0986349,0
6.8,0.4,0,3.02378,-0.0938966,0
6.8,0.5,0,3.02129,-0.0936682,0
6.8,0.6,0,3.01822,-0.0932926,0
6.8,0.7,0,3.00912,-0.0895239,0
6.8,0.8,0,3.0078,-0.0910834,0
6.8,0.9,0,3.0045,-0.0907583,0
6.8,1,0,3.00107,-0.0901388,0
6.8,1.1,0,2.99686,-0.0868079,0
6.8,1.2,0,2.99472,-0.0861488,0
6.8,1.3,0,2.99262,-0.0854941,0
6.8,1.4,0,2.99194,-0.0838911,0
6.8,1.5,0,2.99239,-0.0843517,0
6.8,1.6,0,2.99075,-0.0839484,0
6.8,1.7,0,2.98892,-0.0833367,0
6.8,1.8,0,2.98648,-0.0814959,0
6.8,1.9,0,2.98442,-0.0805989,0
6.8,2,0,2.98222,-0.0796144,0
6.8,2.1,0,2.9787,-0.0765365,0
6.8,2.2,0,2.98214,-0.0771512,0
6.8,2.3,0,2.98141,-0.0766166,0
6.8,2.4,0,2.98023,-0.0758394,0
6.8,2.5,0,2.97987,-0.0750668,0
6.8,2.6,0,2.98089,-0.0746587,0
6.8,2.7,0,2.98147,-0.074028,0
6.8,2.8,0,2.9755,-0.0693705,0
6.8,2.9,0,2.9766,-0.0680693,0
6.8,3,0,2.97495,-0.0664666,0
6.8,3.1,0,2.973,-0.064723,0
6.8,3.2,0,2.96747,-0.0612684,0
6.8,3.3,0,2.96463,-0.0593336,0
6.8,3.4,0,2.96183,-0.0574372,0
6.8,3.5,0,2.9612,-0.0552308,0
6.8,3.6,0,2.96351,-0.0529878,0
6.8,3.7,0,2.96285,-0.0517998,0
6.8,3.8,0,2.96199,-0.0505917,0
6.8,3.9,0,2.96511,-0.0499054,0
6.8,4,0,2.96606,-0.0492332,0
6.8,4.1,0,2.96648,-0.0485126,0
6.8,4.2,0,2.9595,-0.0454037,0
6.8,4.3,0,2.96188,-0.0435249,0
6.8,4.4,0,2.96062,-0.0416706,0
6.8,4.5,0,2.95899,-0.0396877,0
6.8,4.6,0,2.95566,-0.0352834,0
6.8,4.7,0,2.95412,-0.0334678,0
6.8,4.8,0,2.95241,-0.0318019,0
6.8,4.9,0,2.94997,-0.0307148,0
6.8,5,0,2.95211,-0.0298247,0
6.8,5.1,0,2.95231,-0.0281935,0
6.8,5.2,0,2.95227,-0.0263864,0
6.8,5.3,0,2.95322,-0.0219509,0
6.8,5.4,0,2.95332,-0.0200406,0
6.8,5.5,0,2.95308,-0.0182406,0
6.8,5.6,0,2.94897,-0.0162189,0
6.8,5.7,0,2.95012,-0.0141984,0
6.8,5.8,0,2.94966,-0.0122997,0
6.8,5.9,0,2.94905,-0.0103225,0
6.8,6,0,2.95013,-0.00685559,0
6.8,6.1,0,2.95046,-0.00491765,0
6.8,6.2,0,2.95051,-0.00306888,0
6.8,6.3,0,2.94755,-0.000905024,0
6.8,6.4,0,2.9495,0.00169999,0
6.8,6.5,0,2.94941,0.00363382,0
6.8,6.6,0,2.94912,0.00560264,0
6.8,6.7,0,2.94948,0.00883234,0
6.8,6.8,0,2.94987,0.0104866,0
6.8,6.9,0,2.95004,0.0120183,0
6.8,7,0,2.9479,0.0132673,0
6.8,7.1,0,2.94818,0.016804,0
6.8,7.2,0,2.94842,0.0189385,0
6.8,7.3,0,2.94871,0.021095,0
6.8,7.4,0,2.94906,0.0232302,0
6.8,7.5,0,2.94944,0.0253447,0
6.8,7.6,0,2.94986,0.0274433,0
6.8,7.7,0,2.95032,0.0295262,0
6.8,7.8,0,2.9508,0.0315949,0
6.8,7.9,0,2.95129,0.0336255,0
6.8,8,0,2.95195,0.0362776,0
6.8,8.1,0,2.95405,0.0384843,0
6.8,8.2,0,2.95459,0.0398773,0
6.8,8.3,0,2.9555,0.0423384,0
6.8,8.4,0,2.95636,0.0439466,0
6.8,8.5,0,2.95726,0.0462327,0
6.8,8.6,0,2.95833,0.0479225,0
6.8,8.7,0,2.95747,0.0491348,0
6.8,8.8,0,2.95999,0.0515621,0
6.8,8.9,0,2.96068,0.0529491,0
6.8,9,0,2.96118,0.0551278,0
6.8,9.1,0,2.96215,0.0564611,0
6.8,9.2,0,2.96275,0.0581908,0
6.8,9.3,0,2.96443,0.0597661,0
6.8,9.4,0,2.96441,0.0610119,0
6.8,9.5,0,2.96723,0.0632527,0
6.8,9.6,0,2.96842,0.0643959,0
6.8,9.7,0,2.97028,0.0662196,0
6.8,9.8,0,2.97153,0.0672797,0
6.8,9.9,0,2.97181,0.0688806,0
6.8,10,0,2.97426,0.070344,0
6.8,10.1,0,2.97386,0.0710541,0
6.8,10.2,0,2.97666,0.0726794,0
6.8,10.3,0,2.97798,0.0735245,0
6.8,10.4,0,2.97943,0.075494,0
6.8,10.5,0,2.9811,0.0762177,0
6.8,10.6,0,2.98145,0.0770069,0
6.8,10.7,0,2.98488,0.0782465,0
6.8,10.8,0,2.98542,0.0788248,0
6.8,10.9,0,2.9888,0.0807196,0
6.8,11,0,2.99057,0.081234,0
6.8,11.1,0,2.99296,0.082626,0
6.8,11.2,0,2.99471,0.0829802,0
6.8,11.3,0,2.99396,0.0832913,0
6.8,11.4,0,2.99857,0.0847567,0
6.8,11.5,0,2.99944,0.0848102,0
6.8,11.6,0,3.00299,0.0864612,0
6.8,11.7,0,3.00534,0.0866533,0
6.8,11.8,0,3.00758,0.0878962,0
6.8,11.9,0,3.01019,0.0880648,0
6.8,12,0,3.0095,0.0877462,0
6.8,12.1,0,3.0154,0.0901406,0
6.8,12.2,0,3.01772,0.0899598,0
6.8,12.3,0,3.02135,0.0913329,0
6.8,12.4,0,3.0245,0.0916666,0
6.8,12.5,0,3.02705,0.0949925,0
6.8,12.6,0,3.02877,0.095398,0
6.8,12.7,0,3.02549,0.0921051,0
6.9,0,0,3.02164,-0.110625,0
6.9,0.1,0,3.03158,-0.118453,0
6.9,0.2,0,3.03023,-0.118354,0
6.9,0.3,0,3.02375,-0.113287,0
6.9,0.4,0,3.02094,-0.108548,0
6.9,0.5,0,3.02251,-0.109351,0
6.9,0.6,0,3.01944,-0.108975,0
6.9,0.7,0,3.00631,-0.102945,0
6.9,0.8,0,3.00631,-0.10576,0
6.9,0.9,0,3.00301,-0.105435,0
6.9,1,0,2.99875,-0.102754,0
6.9,1.1,0,2.99453,-0.0994235,0
6.9,1.2,0,2.99211,-0.0987324,0
6.9,1.3,0,2.99001,-0.0980778,0
6.9,1.4,0,2.99028,-0.0958425,0
6.9,1.5,0,2.99212,-0.096879,0
6.9,1.6,0,2.99048,-0.0964757,0
6.9,1.7,0,2.98727,-0.0944057,0
6.9,1.8,0,2.98484,-0.0925649,0
6.9,1.9,0,2.98377,-0.0922812,0
6.9,2,0,2.98157,-0.0912966,0
6.9,2.1,0,2.97718,-0.0868232,0
6.9,2.2,0,2.98338,-0.088204,0
6.9,2.3,0,2.98265,-0.0876695,0
6.9,2.4,0,2.97828,-0.0851932,0
6.9,2.5,0,2.97792,-0.0844207,0
6.9,2.6,0,2.98191,-0.0855717,0
6.9,2.7,0,2.9825,-0.0849409,0
6.9,2.8,0,2.97215,-0.077599,0
6.9,2.9,0,2.97508,-0.0764986,0
6.9,3,0,2.97344,-0.074896,0
6.9,3.1,0,2.96935,-0.0721651,0
6.9,3.2,0,2.96382,-0.0687105,0
6.9,3.3,0,2.96067,-0.0665066,0
6.9,3.4,0,2.95788,-0.0646102,0
6.9,3.5,0,2.95868,-0.0621971,0
6.9,3.6,0,2.96297,-0.0592507,0
6.9,3.7,0,2.96231,-0.0580627,0
6.9,3.8,0,2.96004,-0.0567135,0
6.9,3.9,0,2.96316,-0.0560272,0
6.9,4,0,2.96791,-0.0556936,0
6.9,4.1,0,2.96833,-0.054973,0
6.9,4.2,0,2.95641,-0.0502719,0
6.9,4.3,0,2.96123,-0.0483767,0
6.9,4.4,0,2.95996,-0.0465224,0
6.9,4.5,0,2.95577,-0.0436395,0
6.9,4.6,0,2.95245,-0.0392353,0
6.9,4.7,0,2.95211,-0.0363712,0
6.9,4.8,0,2.9504,-0.0347054,0
6.9,4.9,0,2.94747,-0.034004,0
6.9,5,0,2.95091,-0.0336079,0
6.9,5.1,0,2.95111,-0.0319768,0
6.9,5.2,0,2.94937,-0.0289381,0
6.9,5.3,0,2.95032,-0.0245026,0
6.9,5.4,0,2.95283,-0.0218197,0
6.9,5.5,0,2.95259,-0.0200197,0
6.9,5.6,0,2.94591,-0.01785,0
6.9,5.7,0,2.94814,-0.0157484,0
6.9,5.8,0,2.94768,-0.0138497,0
6.9,5.9,0,2.94605,-0.0113229,0
6.9,6,0,2.94713,-0.00785598,0
6.9,6.1,0,2.94943,-0.00529372,0
6.9,6.2,0,2.94948,-0.00344496,0
6.9,6.3,0,2.9445,-0.00107104,0
6.9,6.4,0,2.94783,0.00198144,0
6.9,6.5,0,2.94773,0.00391527,0
6.9,6.6,0,2.94611,0.00612905,0
6.9,6.7,0,2.94647,0.00935874,0
6.9,6.8,0,2.94843,0.0118711,0
6.9,6.9,0,2.9486,0.0134028,0
6.9,7,0,2.94493,0.0144633,0
6.9,7.1,0,2.94525,0.0183224,0
6.9,7.2,0,2.9455,0.0206838,0
6.9,7.3,0,2.94582,0.0230631,0
6.9,7.4,0,2.94618,0.0254204,0
6.9,7.5,0,2.94659,0.0277594,0
6.9,7.6,0,2.94703,0.030084,0
6.9,7.7,0,2.94751,0.0323933,0
6.9,7.8,0,2.94802,0.0346896,0
6.9,7.9,0,2.94855,0.0369522,0
6.9,8,0,2.94928,0.0399024,0
6.9,8.1,0,2.95236,0.0426472,0
6.9,8.2,0,2.95192,0.0439636,0
6.9,8.3,0,2.95383,0.0471141,0
6.9,8.4,0,2.95469,0.0487224,0
6.9,8.5,0,2.95457,0.0508625,0
6.9,8.6,0,2.95699,0.0533266,0
6.9,8.7,0,2.95494,0.0543423,0
6.9,8.8,0,2.95883,0.057487,0
6.9,8.9,0,2.95841,0.0587534,0
6.9,9,0,2.95972,0.0615508,0
6.9,9.1,0,2.96076,0.0629353,0
6.9,9.2,0,2.96036,0.0645378,0
6.9,9.3,0,2.96312,0.0667058,0
6.9,9.4,0,2.96201,0.0679156,0
6.9,9.5,0,2.96621,0.0708884,0
6.9,9.6,0,2.96651,0.0719232,0
6.9,9.7,0,2.96921,0.0741614,0
6.9,9.8,0,2.97094,0.0753994,0
6.9,9.9,0,2.96959,0.0769444,0
6.9,10,0,2.97391,0.0792194,0
6.9,10.1,0,2.97177,0.0797147,0
6.9,10.2,0,2.97627,0.0819412,0
6.9,10.3,0,2.9768,0.0827745,0
6.9,10.4,0,2.97824,0.0851558,0
6.9,10.5,0,2.98068,0.0862695,0
6.9,10.6,0,2.9794,0.0868388,0
6.9,10.7,0,2.98466,0.0887516,0
6.9,10.8,0,2.98338,0.0892435,0
6.9,10.9,0,2.98882,0.0920887,0
6.9,11,0,2.99004,0.0925156,0
6.9,11.1,0,2.99175,0.0939819,0
6.9,11.2,0,2.99514,0.0949824,0
6.9,11.3,0,2.99207,0.094975,0
6.9,11.4,0,2.99903,0.0975381,0
6.9,11.5,0,2.99755,0.0971644,0
6.9,11.6,0,3.00352,0.100064,0
6.9,11.7,0,3.0057,0.100212,0
6.9,11.8,0,3.00591,0.101063,0
6.9,11.9,0,3.01058,0.102374,0
6.9,12,0,3.00739,0.101497,0
6.9,12.1,0,3.0155,0.105635,0
6.9,12.2,0,3.0153,0.104368,0
6.9,12.3,0,3.0213,0.107353,0
6.9,12.4,0,3.02445,0.107687,0
6.9,12.5,0,3.02423,0.110241,0
6.9,12.6,0,3.02889,0.113624,0
6.9,12.7,0,3.02244,0.108035,0
7,0,0,3.01879,-0.126454,0
7,0.1,0,3.02969,-0.134961,0
7,0.2,0,3.0319,-0.137353,0
7,0.3,0,3.02091,-0.127938,0
7,0.4,0,3.0181,-0.1232,0
7,0.5,0,3.02373,-0.125034,0
7,0.6,0,3.0175,-0.122881,0
7,0.7,0,3.0035,-0.116365,0
7,0.8,0,3.00378,-0.11945,0
7,0.9,0,3.00152,-0.120112,0
7,1,0,2.99642,-0.11537,0
7,1.1,0,2.9922,-0.112039,0
7,1.2,0,2.9895,-0.111316,0
7,1.3,0,2.98815,-0.110165,0
7,1.4,0,2.98862,-0.107794,0
7,1.5,0,2.99076,-0.108954,0
7,1.6,0,2.99021,-0.109003,0
7,1.7,0,2.98563,-0.105475,0
7,1.8,0,2.9832,-0.103634,0
7,1.9,0,2.98312,-0.103963,0
7,2,0,2.98023,-0.101882,0
7,2.1,0,2.97565,-0.0971098,0
7,2.2,0,2.98244,-0.0986549,0
7,2.3,0,2.9839,-0.0987223,0
7,2.4,0,2.97633,-0.0945471,0
7,2.5,0,2.97597,-0.0937745,0
7,2.6,0,2.98294,-0.0964846,0
7,2.7,0,2.98009,-0.0937446,0
7,2.8,0,2.9688,-0.0858274,0
7,2.9,0,2.97213,-0.0847701,0
7,3,0,2.97192,-0.0833253,0
7,3.1,0,2.96571,-0.0796072,0
7,3.2,0,2.96017,-0.0761526,0
7,3.3,0,2.95672,-0.0736796,0
7,3.4,0,2.95505,-0.0716208,0
7,3.5,0,2.95616,-0.0691633,0
7,3.6,0,2.96087,-0.0660663,0
7,3.7,0,2.96177,-0.0643257,0
7,3.8,0,2.95809,-0.0628352,0
7,3.9,0,2.96121,-0.062149,0
7,4,0,2.96976,-0.062154,0
7,4.1,0,2.9663,-0.0601824,0
7,4.2,0,2.95332,-0.05514,0
7,4.3,0,2.95866,-0.0532413,0
7,4.4,0,2.95931,-0.0513742,0
7,4.5,0,2.95256,-0.0475914,0
7,4.6,0,2.94924,-0.0431871,0
7,4.7,0,2.95011,-0.0392747,0
7,4.8,0,2.94801,-0.0379119,0
7,4.9,0,2.94497,-0.0372933,0
7,5,0,2.94869,-0.037003,0
7,5.1,0,2.9499,-0.03576,0
7,5.2,0,2.94647,-0.0314898,0
7,5.3,0,2.94742,-0.0270542,0
7,5.4,0,2.95235,-0.0235987,0
7,5.5,0,2.95008,-0.0216826,0
7,5.6,0,2.94285,-0.0194812,0
7,5.7,0,2.94531,-0.0173621,0
7,5.8,0,2.94569,-0.0153996,0
7,5.9,0,2.94305,-0.0123232,0
7,6,0,2.94413,-0.00885636,0
7,6.1,0,2.94839,-0.0056698,0
7,6.2,0,2.94686,-0.00365599,0
7,6.3,0,2.94145,-0.00123705,0
7,6.4,0,2.94507,0.00191131,0
7,6.5,0,2.94605,0.00419672,0
7,6.6,0,2.9431,0.00665546,0
7,6.7,0,2.94346,0.00988515,0
7,6.8,0,2.94699,0.0132555,0
7,6.9,0,2.94596,0.0146391,0
7,7,0,2.94196,0.0156593,0
7,7.1,0,2.94231,0.0198408,0
7,7.2,0,2.94259,0.0224291,0
7,7.3,0,2.94292,0.0250311,0
7,7.4,0,2.94331,0.0276106,0
7,7.5,0,2.94373,0.0301741,0
7,7.6,0,2.9442,0.0327248,0
7,7.7,0,2.94471,0.0352603,0
7,7.8,0,2.94525,0.0377842,0
7,7.9,0,2.94581,0.040279,0
7,8,0,2.94662,0.0435271,0
7,8.1,0,2.95067,0.04681,0
7,8.2,0,2.94924,0.0480499,0
7,8.3,0,2.95129,0.0512884,0
7,8.4,0,2.95235,0.0534003,0
7,8.5,0,2.95189,0.0554922,0
7,8.6,0,2.95564,0.0587307,0
7,8.7,0,2.9524,0.0595498,0
7,8.8,0,2.95767,0.0634119,0
7,8.9,0,2.956,0.0645416,0
7,9,0,2.9573,0.0673391,0
7,9.1,0,2.9589,0.0693499,0
7,9.2,0,2.95797,0.0708848,0
7,9.3,0,2.96181,0.0736455,0
7,9.4,0,2.95962,0.0748192,0
7,9.5,0,2.9652,0.078524,0
7,9.6,0,2.96418,0.0793998,0
7,9.7,0,2.96688,0.0816379,0
7,9.8,0,2.96992,0.0835043,0
7,9.9,0,2.96737,0.0850082,0
7,10,0,2.97356,0.0880949,0
7,10.1,0,2.96968,0.0883753,0
7,10.2,0,2.97577,0.0911647,0
7,10.3,0,2.97476,0.0920116,0
7,10.4,0,2.97619,0.0943929,0
7,10.5,0,2.98015,0.0963074,0
7,10.6,0,2.97735,0.0966708,0
7,10.7,0,2.98443,0.0992567,0
7,10.8,0,2.98134,0.0996622,0
7,10.9,0,2.98828,0.103205,0
7,11,0,2.98806,0.103569,0
7,11.1,0,2.98977,0.105035,0
7,11.2,0,2.99557,0.106985,0
7,11.3,0,2.99018,0.106659,0
7,11.4,0,2.99949,0.11032,0
7,11.5,0,2.99565,0.109519,0
7,11.6,0,3.00292,0.113082,0
7,11.7,0,3.00376,0.113227,0
7,11.8,0,3.00397,0.114077,0
7,11.9,0,3.01097,0.116684,0
7,12,0,3.00528,0.115248,0
7,12.1,0,3.01559,0.12113,0
7,12.2,0,3.01288,0.118777,0
7,12.3,0,3.01967,0.122293,0
7,12.4,0,3.02198,0.123034,0
7,12.5,0,3.0214,0.12549,0
7,12.6,0,3.029,0.131851,0
7,12.7,0,3.01938,0.123965,0
7.1,0,0,3.01594,-0.142283,0
7.1,0.1,0,3.02684,-0.15079,0
7.1,0.2,0,3.03163,-0.154489,0
7.1,0.3,0,3.01807,-0.14259,0
7.1,0.4,0,3.01526,-0.137852,0
7.1,0.5,0,3.0232,-0.140274,0
7.1,0.6,0,3.01469,-0.136301,0
7.1,0.7,0,3.00069,-0.129786,0
7.1,0.8,0,3.00097,-0.132871,0
7.1,0.9,0,2.99967,-0.133906,0
7.1,1,0,2.99409,-0.127985,0
7.1,1.1,0,2.98988,-0.124655,0
7.1,1.2,0,2.98702,-0.123913,0
7.1,1.3,0,2.98649,-0.122116,0
7.1,1.4,0,2.98696,-0.119745,0
7.1,1.5,0,2.9891,-0.120905,0
7.1,1.6,0,2.98935,-0.120905,0
7.1,1.7,0,2.98399,-0.116544,0
7.1,1.8,0,2.98155,-0.114703,0
7.1,1.9,0,2.98205,-0.115383,0
7.1,2,0,2.9787,-0.112169,0
7.1,2.1,0,2.97412,-0.107396,0
7.1,2.2,0,2.98092,-0.108942,0
7.1,2.3,0,2.98377,-0.109047,0
7.1,2.4,0,2.97438,-0.103901,0
7.1,2.5,0,2.97402,-0.103128,0
7.1,2.6,0,2.98269,-0.106729,0
7.1,2.7,0,2.97674,-0.101973,0
7.1,2.8,0,2.96545,-0.0940559,0
7.1,2.9,0,2.96878,-0.0929986,0
7.1,3,0,2.96949,-0.0913316,0
7.1,3.1,0,2.96206,-0.0870493,0
7.1,3.2,0,2.95652,-0.0835947,0
7.1,3.3,0,2.95289,-0.080968,0
7.1,3.4,0,2.95253,-0.0785871,0
7.1,3.5,0,2.95364,-0.0761296,0
7.1,3.6,0,2.95836,-0.0730325,0
7.1,3.7,0,2.96063,-0.0705281,0
7.1,3.8,0,2.95614,-0.068957,0
7.1,3.9,0,2.95926,-0.0682707,0
7.1,4,0,2.96998,-0.0684692,0
7.1,4.1,0,2.96321,-0.0650505,0
7.1,4.2,0,2.95024,-0.0600082,0
7.1,4.3,0,2.95558,-0.0581095,0
7.1,4.4,0,2.95756,-0.0558403,0
7.1,4.5,0,2.94935,-0.0515433,0
7.1,4.6,0,2.94602,-0.047139,0
7.1,4.7,0,2.94758,-0.0426274,0
7.1,4.8,0,2.94552,-0.0412012,0
7.1,4.9,0,2.94248,-0.0405825,0
7.1,5,0,2.94619,-0.0402923,0
7.1,5.1,0,2.94797,-0.0390155,0
7.1,5.2,0,2.94357,-0.0340414,0
7.1,5.3,0,2.94452,-0.0296059,0
7.1,5.4,0,2.95083,-0.0257089,0
7.1,5.5,0,2.94702,-0.0233138,0
7.1,5.6,0,2.93979,-0.0211124,0
7.1,5.7,0,2.94225,-0.0189933,0
7.1,5.8,0,2.94327,-0.0167141,0
7.1,5.9,0,2.94006,-0.0133236,0
7.1,6,0,2.94114,-0.00985675,0
7.1,6.1,0,2.94651,-0.00631344,0
7.1,6.2,0,2.94381,-0.003822,0
7.1,6.3,0,2.9384,-0.00140306,0
7.1,6.4,0,2.94202,0.0017453,0
7.1,6.5,0,2.9438,0.00458315,0
7.1,6.6,0,2.94009,0.00718187,0
7.1,6.7,0,2.94045,0.0104116,0
7.1,6.8,0,2.94488,0.0142722,0
7.1,6.9,0,2.94298,0.0158351,0
7.1,7,0,2.93898,0.0168553,0
7.1,7.1,0,2.93937,0.0213592,0
7.1,7.2,0,2.93967,0.0241744,0
7.1,7.3,0,2.94003,0.0269992,0
7.1,7.4,0,2.94044,0.0298008,0
7.1,7.5,0,2.94088,0.0325888,0
7.1,7.6,0,2.94137,0.0353656,0
7.1,7.7,0,2.94191,0.0381273,0
7.1,7.8,0,2.94247,0.0408789,0
7.1,7.9,0,2.94308,0.0436057,0
7.1,8,0,2.94395,0.0471519,0
7.1,8.1,0,2.94853,0.0507267,0
7.1,8.2,0,2.94657,0.0521362,0
7.1,8.3,0,2.94862,0.0553747,0
7.1,8.4,0,2.94967,0.05803,0
7.1,8.5,0,2.94921,0.0601219,0
7.1,8.6,0,2.954,0.0640846,0
7.1,8.7,0,2.94987,0.0647574,0
7.1,8.8,0,2.95561,0.0688636,0
7.1,8.9,0,2.95358,0.0703298,0
7.1,9,0,2.95489,0.0731273,0
7.1,9.1,0,2.95651,0.0756969,0
7.1,9.2,0,2.95558,0.0772318,0
7.1,9.3,0,2.96044,0.0805833,0
7.1,9.4,0,2.95723,0.0817229,0
7.1,9.5,0,2.963,0.0855289,0
7.1,9.6,0,2.96185,0.0868763,0
7.1,9.7,0,2.96455,0.0891145,0
7.1,9.8,0,2.96769,0.0915681,0
7.1,9.9,0,2.96514,0.093072,0
7.1,10,0,2.97321,0.0969703,0
7.1,10.1,0,2.96759,0.0970359,0
7.1,10.2,0,2.97368,0.0998253,0
7.1,10.3,0,2.97272,0.101249,0
7.1,10.4,0,2.97415,0.10363,0
7.1,10.5,0,2.9781,0.106139,0
7.1,10.6,0,2.9753,0.106503,0
7.1,10.7,0,2.98421,0.109762,0
7.1,10.8,0,2.97931,0.110081,0
7.1,10.9,0,2.98625,0.113624,0
7.1,11,0,2.98608,0.114622,0
7.1,11.1,0,2.9878,0.116088,0
7.1,11.2,0,2.994,0.118712,0
7.1,11.3,0,2.98829,0.118342,0
7.1,11.4,0,2.99983,0.123043,0
7.1,11.5,0,2.99376,0.121873,0
7.1,11.6,0,3.00103,0.125437,0
7.1,11.7,0,3.00182,0.126242,0
7.1,11.8,0,3.00203,0.127092,0
7.1,11.9,0,3.00972,0.130625,0
7.1,12,0,3.00317,0.129,0
7.1,12.1,0,3.01512,0.13618,0
7.1,12.2,0,3.01047,0.133185,0
7.1,12.3,0,3.01725,0.136702,0
7.1,12.4,0,3.01916,0.138282,0
7.1,12.5,0,3.01858,0.140738,0
7.1,12.6,0,3.02767,0.149026,0
7.1,12.7,0,3.01633,0.139894,0
7.2,0,0,3.01309,-0.158112,0
7.2,0.1,0,3.02399,-0.166619,0
7.2,0.2,0,3.02847,-0.168915,0
7.2,0.3,0,3.01523,-0.157242,0
7.2,0.4,0,3.01242,-0.152503,0
7.2,0.5,0,3.02008,-0.154765,0
7.2,0.6,0,3.01188,-0.149722,0
7.2,0.7,0,2.99788,-0.143207,0
7.2,0.8,0,2.99816,-0.146292,0
7.2,0.9,0,2.99725,-0.146432,0
7.2,1,0,2.99177,-0.140601,0
7.2,1.1,0,2.98755,-0.13727,0
7.2,1.2,0,2.98476,-0.136484,0
7.2,1.3,0,2.98483,-0.134067,0
7.2,1.4,0,2.98531,-0.131697,0
7.2,1.5,0,2.98744,-0.132857,0
7.2,1.6,0,2.98761,-0.131933,0
7.2,1.7,0,2.98234,-0.127613,0
7.2,1.8,0,2.97991,-0.125772,0
7.2,1.9,0,2.98034,-0.126352,0
7.2,2,0,2.97718,-0.122456,0
7.2,2.1,0,2.97259,-0.117683,0
7.2,2.2,0,2.97939,-0.119228,0
7.2,2.3,0,2.98162,-0.118346,0
7.2,2.4,0,2.97243,-0.113255,0
7.2,2.5,0,2.97207,-0.112482,0
7.2,2.6,0,2.98043,-0.115891,0
7.2,2.7,0,2.97339,-0.110201,0
7.2,2.8,0,2.9621,-0.102284,0
7.2,2.9,0,2.96543,-0.101227,0
7.2,3,0,2.96571,-0.0987593,0
7.2,3.1,0,2.95841,-0.0944914,0
7.2,3.2,0,2.95287,-0.0910368,0
7.2,3.3,0,2.94934,-0.0883953,0
7.2,3.4,0,2.95002,-0.0855534,0
7.2,3.5,0,2.95113,-0.0830959,0
7.2,3.6,0,2.95584,-0.0799988,0
7.2,3.7,0,2.95854,-0.0767001,0
7.2,3.8,0,2.9542,-0.0750788,0
7.2,3.9,0,2.95731,-0.0743925,0
7.2,4,0,2.96768,-0.0744773,0
7.2,4.1,0,2.96012,-0.0699187,0
7.2,4.2,0,2.94715,-0.0648763,0
7.2,4.3,0,2.95249,-0.0629776,0
7.2,4.4,0,2.95417,-0.0597933,0
7.2,4.5,0,2.94614,-0.0554952,0
7.2,4.6,0,2.94281,-0.0510909,0
7.2,4.7,0,2.94434,-0.0466069,0
7.2,4.8,0,2.94302,-0.0444904,0
7.2,4.9,0,2.93998,-0.0438718,0
7.2,5,0,2.94369,-0.0435815,0
7.2,5.1,0,2.94498,-0.0415319,0
7.2,5.2,0,2.94067,-0.0365931,0
7.2,5.3,0,2.94162,-0.0321576,0
7.2,5.4,0,2.94774,-0.02825,0
7.2,5.5,0,2.94396,-0.0249449,0
7.2,5.6,0,2.93673,-0.0227436,0
7.2,5.7,0,2.93919,-0.0206245,0
7.2,5.8,0,2.9402,-0.0177203,0
7.2,5.9,0,2.93706,-0.014324,0
7.2,6,0,2.93814,-0.0108571,0
7.2,6.1,0,2.94337,-0.00729882,0
7.2,6.2,0,2.94076,-0.00398801,0
7.2,6.3,0,2.93535,-0.00156907,0
7.2,6.4,0,2.93898,0.00157929,0
7.2,6.5,0,2.9407,0.0050776,0
7.2,6.6,0,2.93708,0.00770828,0
7.2,6.7,0,2.93744,0.010938,0
7.2,6.8,0,2.94177,0.0147852,0
7.2,6.9,0,2.94001,0.0170311,0
7.2,7,0,2.93601,0.0180513,0
7.2,7.1,0,2.93643,0.0228776,0
7.2,7.2,0,2.93675,0.0259197,0
7.2,7.3,0,2.93713,0.0289673,0
7.2,7.4,0,2.93756,0.0319909,0
7.2,7.5,0,2.93803,0.0350035,0
7.2,7.6,0,2.93855,0.0380064,0
7.2,7.7,0,2.9391,0.0409944,0
7.2,7.8,0,2.9397,0.0439736,0
7.2,7.9,0,2.94034,0.0469325,0
7.2,8,0,2.94129,0.0507766,0
7.2,8.1,0,2.94583,0.0543482,0
7.2,8.2,0,2.9439,0.0562224,0
7.2,8.3,0,2.94594,0.059461,0
7.2,8.4,0,2.94699,0.0626597,0
7.2,8.5,0,2.94653,0.0647516,0
7.2,8.6,0,2.95114,0.0691027,0
7.2,8.7,0,2.94734,0.0699649,0
7.2,8.8,0,2.95307,0.0740712,0
7.2,8.9,0,2.95117,0.0761181,0
7.2,9,0,2.95248,0.0789156,0
7.2,9.1,0,2.95412,0.0820439,0
7.2,9.2,0,2.95318,0.0835788,0
7.2,9.3,0,2.95756,0.0872221,0
7.2,9.4,0,2.95483,0.0886266,0
7.2,9.5,0,2.9606,0.0924325,0
7.2,9.6,0,2.95951,0.0943529,0
7.2,9.7,0,2.96221,0.096591,0
7.2,9.8,0,2.96547,0.0996319,0
7.2,9.9,0,2.96292,0.101136,0
7.2,10,0,2.97016,0.105136,0
7.2,10.1,0,2.9655,0.105696,0
7.2,10.2,0,2.97159,0.108486,0
7.2,10.3,0,2.97067,0.110486,0
7.2,10.4,0,2.97211,0.112867,0
7.2,10.5,0,2.97606,0.115971,0
7.2,10.6,0,2.97325,0.116335,0
7.2,10.7,0,2.98126,0.119638,0
7.2,10.8,0,2.97727,0.1205,0
7.2,10.9,0,2.98421,0.124042,0
7.2,11,0,2.98411,0.125675,0
7.2,11.1,0,2.98582,0.127141,0
7.2,11.2,0,2.9921,0.130396,0
7.2,11.3,0,2.9864,0.130026,0
7.2,11.4,0,2.99688,0.134535,0
7.2,11.5,0,2.99187,0.134227,0
7.2,11.6,0,2.99914,0.137791,0
7.2,11.7,0,2.99988,0.139257,0
7.2,11.8,0,3.00009,0.140107,0
7.2,11.9,0,3.0076,0.144376,0
7.2,12,0,3.00106,0.142751,0
7.2,12.1,0,3.0124,0.149665,0
7.2,12.2,0,3.00805,0.147594,0
7.2,12.3,0,3.01483,0.15111,0
7.2,12.4,0,3.01634,0.153531,0
7.2,12.5,0,3.01576,0.155987,0
7.2,12.6,0,3.02449,0.164829,0
7.2,12.7,0,3.01327,0.155824,0
7.3,0,0,3.01024,-0.173941,0
7.3,0.1,0,3.02114,-0.182448,0
7.3,0.2,0,3.02111,-0.180396,0
7.3,0.3,0,3.01239,-0.171893,0
7.3,0.4,0,3.00958,-0.167155,0
7.3,0.5,0,3.01321,-0.167154,0
7.3,0.6,0,3.00907,-0.163143,0
7.3,0.7,0,2.99508,-0.156627,0
7.3,0.8,0,2.99536,-0.159712,0
7.3,0.9,0,2.9936,-0.157791,0
7.3,1,0,2.98944,-0.153216,0
7.3,1.1,0,2.98522,-0.149886,0
7.3,1.2,0,2.98338,-0.148467,0
7.3,1.3,0,2.98317,-0.146019,0
7.3,1.4,0,2.98365,-0.143648,0
7.3,1.5,0,2.98578,-0.144808,0
7.3,1.6,0,2.98457,-0.142426,0
7.3,1.7,0,2.9807,-0.138682,0
7.3,1.8,0,2.97826,-0.136841,0
7.3,1.9,0,2.97782,-0.136026,0
7.3,2,0,2.97565,-0.132742,0
7.3,2.1,0,2.97107,-0.12797,0
7.3,2.2,0,2.97786,-0.129515,0
7.3,2.3,0,2.9769,-0.126934,0
7.3,2.4,0,2.97048,-0.122609,0
7.3,2.5,0,2.97012,-0.121836,0
7.3,2.6,0,2.9741,-0.122561,0
7.3,2.7,0,2.97004,-0.11843,0
7.3,2.8,0,2.95875,-0.110513,0
7.3,2.9,0,2.96208,-0.109455,0
7.3,3,0,2.96023,-0.106001,0
7.3,3.1,0,2.95476,-0.101933,0
7.3,3.2,0,2.94923,-0.0984789,0
7.3,3.3,0,2.94714,-0.0956307,0
7.3,3.4,0,2.9475,-0.0925197,0
7.3,3.5,0,2.94861,-0.0900622,0
7.3,3.6,0,2.95332,-0.0869651,0
7.3,3.7,0,2.95461,-0.0835252,0
7.3,3.8,0,2.95225,-0.0812006,0
7.3,3.9,0,2.95536,-0.0805143,0
7.3,4,0,2.9608,-0.0790068,0
7.3,4.1,0,2.95704,-0.0747868,0
7.3,4.2,0,2.94406,-0.0697445,0
7.3,4.3,0,2.9494,-0.0678458,0
7.3,4.4,0,2.94853,-0.0637615,0
7.3,4.5,0,2.94293,-0.059447,0
7.3,4.6,0,2.9396,-0.0550427,0
7.3,4.7,0,2.94064,-0.0509445,0
7.3,4.8,0,2.94052,-0.0477797,0
7.3,4.9,0,2.93748,-0.047161,0
7.3,5,0,2.9412,-0.0468708,0
7.3,5.1,0,2.94079,-0.0435895,0
7.3,5.2,0,2.93777,-0.0391448,0
7.3,5.3,0,2.93872,-0.0347093,0
7.3,5.4,0,2.94227,-0.0306538,0
7.3,5.5,0,2.9409,-0.0265761,0
7.3,5.6,0,2.93367,-0.0243747,0
7.3,5.7,0,2.93613,-0.0222557,0
7.3,5.8,0,2.93613,-0.0188019,0
7.3,5.9,0,2.93406,-0.0153244,0
7.3,6,0,2.93514,-0.0118575,0
7.3,6.1,0,2.93836,-0.00808914,0
7.3,6.2,0,2.93772,-0.00415403,0
7.3,6.3,0,2.9323,-0.00173509,0
7.3,6.4,0,2.93593,0.00141328,0
7.3,6.5,0,2.93632,0.00515654,0
7.3,6.6,0,2.93407,0.00823469,0
7.3,6.7,0,2.93443,0.0114644,0
7.3,6.8,0,2.93722,0.0151231,0
7.3,6.9,0,2.93704,0.0182271,0
7.3,7,0,2.93304,0.0192473,0
7.3,7.1,0,2.93349,0.024396,0
7.3,7.2,0,2.93384,0.0276649,0
7.3,7.3,0,2.93424,0.0309354,0
7.3,7.4,0,2.93469,0.0341811,0
7.3,7.5,0,2.93518,0.0374182,0
7.3,7.6,0,2.93572,0.0406471,0
7.3,7.7,0,2.9363,0.0438614,0
7.3,7.8,0,2.93692,0.0470682,0
7.3,7.9,0,2.9376,0.0502592,0
7.3,8,0,2.93862,0.0544014,0
7.3,8.1,0,2.94218,0.0578964,0
7.3,8.2,0,2.94122,0.0603087,0
7.3,8.3,0,2.94327,0.0635472,0
7.3,8.4,0,2.94431,0.0672895,0
7.3,8.5,0,2.94385,0.0693814,0
7.3,8.6,0,2.94726,0.0735358,0
7.3,8.7,0,2.9448,0.0751724,0
7.3,8.8,0,2.94948,0.0791638,0
7.3,8.9,0,2.94876,0.0819063,0
7.3,9,0,2.95006,0.0847038,0
7.3,9.1,0,2.95169,0.088369,0
7.3,9.2,0,2.95079,0.0899258,0
7.3,9.3,0,2.95409,0.0935331,0
7.3,9.4,0,2.95244,0.0955302,0
7.3,9.5,0,2.95737,0.0992346,0
7.3,9.6,0,2.95718,0.101829,0
7.3,9.7,0,2.95988,0.104068,0
7.3,9.8,0,2.96284,0.107545,0
7.3,9.9,0,2.9607,0.1092,0
7.3,10,0,2.9662,0.112985,0
7.3,10.1,0,2.96341,0.114357,0
7.3,10.2,0,2.96877,0.117136,0
7.3,10.3,0,2.96863,0.119723,0
7.3,10.4,0,2.97006,0.122104,0
7.3,10.5,0,2.9733,0.125448,0
7.3,10.6,0,2.97121,0.126167,0
7.3,10.7,0,2.97739,0.129383,0
7.3,10.8,0,2.97523,0.130918,0
7.3,10.9,0,2.9817,0.134387,0
7.3,11,0,2.98213,0.136728,0
7.3,11.1,0,2.98384,0.138194,0
7.3,11.2,0,2.98868,0.141474,0
7.3,11.3,0,2.98451,0.14171,0
7.3,11.4,0,2.99264,0.145792,0
7.3,11.5,0,2.98997,0.146581,0
7.3,11.6,0,2.99716,0.150126,0
7.3,11.7,0,2.99794,0.152272,0
7.3,11.8,0,2.99815,0.153122,0
7.3,11.9,0,3.00353,0.157039,0
7.3,12,0,2.99895,0.156502,0
7.3,12.1,0,3.00777,0.16233,0
7.3,12.2,0,3.00563,0.162002,0
7.3,12.3,0,3.01242,0.165519,0
7.3,12.4,0,3.01351,0.16878,0
7.3,12.5,0,3.01293,0.171235,0
7.3,12.6,0,3.01849,0.177781,0
7.3,12.7,0,3.01022,0.171754,0
7.4,0,0,3.00739,-0.18977,0
7.4,0.1,0,3.01508,-0.195171,0
7.4,0.2,0,3.01376,-0.191877,0
7.4,0.3,0,3.00955,-0.186545,0
7.4,0.4,0,3.00674,-0.181807,0
7.4,0.5,0,3.00634,-0.179544,0
7.4,0.6,0,3.00336,-0.175827,0
7.4,0.7,0,2.99227,-0.170048,0
7.4,0.8,0,2.99195,-0.171661,0
7.4,0.9,0,2.98995,-0.16915,0
7.4,1,0,2.98711,-0.165832,0
7.4,1.1,0,2.98289,-0.162501,0
7.4,1.2,0,2.982,-0.16045,0
7.4,1.3,0,2.98171,-0.157993,0
7.4,1.4,0,2.98199,-0.155599,0
7.4,1.5,0,2.98314,-0.155718,0
7.4,1.6,0,2.98154,-0.152919,0
7.4,1.7,0,2.97905,-0.149751,0
7.4,1.8,0,2.97662,-0.14791,0
7.4,1.9,0,2.9753,-0.145699,0
7.4,2,0,2.97341,-0.142591,0
7.4,2.1,0,2.96954,-0.138256,0
7.4,2.2,0,2.97405,-0.138588,0
7.4,2.3,0,2.97218,-0.135522,0
7.4,2.4,0,2.96853,-0.131963,0
7.4,2.5,0,2.96817,-0.13119,0
7.4,2.6,0,2.96778,-0.12923,0
7.4,2.7,0,2.96457,-0.125545,0
7.4,2.8,0,2.9554,-0.118741,0
7.4,2.9,0,2.95721,-0.116979,0
7.4,3,0,2.95475,-0.113242,0
7.4,3.1,0,2.95111,-0.109376,0
7.4,3.2,0,2.94558,-0.105921,0
7.4,3.3,0,2.94493,-0.102866,0
7.4,3.4,0,2.9452,-0.0996782,0
7.4,3.5,0,2.94609,-0.0970285,0
7.4,3.6,0,2.9498,-0.0938306,0
7.4,3.7,0,2.95068,-0.0903504,0
7.4,3.8,0,2.9503,-0.0873224,0
7.4,3.9,0,2.95342,-0.0866361,0
7.4,4,0,2.95391,-0.0835364,0
7.4,4.1,0,2.95124,-0.0794131,0
7.4,4.2,0,2.94098,-0.0746126,0
7.4,4.3,0,2.94449,-0.0720711,0
7.4,4.4,0,2.94288,-0.0677298,0
7.4,4.5,0,2.93971,-0.0633989,0
7.4,4.6,0,2.93639,-0.0589946,0
7.4,4.7,0,2.93693,-0.0552822,0
7.4,4.8,0,2.93717,-0.0518178,0
7.4,4.9,0,2.93499,-0.0504502,0
7.4,5,0,2.93749,-0.0492803,0
7.4,5.1,0,2.93659,-0.0456472,0
7.4,5.2,0,2.93487,-0.0416965,0
7.4,5.3,0,2.93582,-0.0372609,0
7.4,5.4,0,2.9368,-0.0330576,0
7.4,5.5,0,2.93612,-0.0287592,0
7.4,5.6,0,2.93061,-0.0260059,0
7.4,5.7,0,2.93235,-0.0234943,0
7.4,5.8,0,2.93205,-0.0198834,0
7.4,5.9,0,2.93106,-0.0163248,0
7.4,6,0,2.93214,-0.0128579,0
7.4,6.1,0,2.93335,-0.00887946,0
7.4,6.2,0,2.93327,-0.00476597,0
7.4,6.3,0,2.92926,-0.0019011,0
7.4,6.4,0,2.93193,0.00142224,0
7.4,6.5,0,2.93194,0.00523549,0
7.4,6.6,0,2.93106,0.0087611,0
7.4,6.7,0,2.93142,0.0119908,0
7.4,6.8,0,2.93268,0.0154611,0
7.4,6.9,0,2.93294,0.0188102,0
7.4,7,0,2.93007,0.0204433,0
7.4,7.1,0,2.93055,0.0259144,0
7.4,7.2,0,2.93092,0.0294102,0
7.4,7.3,0,2.93134,0.0329035,0
7.4,7.4,0,2.93182,0.0363713,0
7.4,7.5,0,2.93233,0.0398329,0
7.4,7.6,0,2.93289,0.0432879,0
7.4,7.7,0,2.9335,0.0467284,0
7.4,7.8,0,2.93415,0.0501629,0
7.4,7.9,0,2.93486,0.053586,0
7.4,8,0,2.93596,0.0580261,0
7.4,8.1,0,2.93852,0.0614446,0
7.4,8.2,0,2.93855,0.064395,0
7.4,8.3,0,2.93995,0.0675419,0
7.4,8.4,0,2.94078,0.0713471,0
7.4,8.5,0,2.94117,0.0740111,0
7.4,8.6,0,2.94339,0.077969,0
7.4,8.7,0,2.94227,0.0803799,0
7.4,8.8,0,2.94569,0.0842347,0
7.4,8.9,0,2.94634,0.0876946,0
7.4,9,0,2.94722,0.090438,0
7.4,9.1,0,2.94828,0.0940301,0
7.4,9.2,0,2.9484,0.0962728,0
7.4,9.3,0,2.95062,0.0998441,0
7.4,9.4,0,2.95005,0.102434,0
7.4,9.5,0,2.95366,0.105979,0
7.4,9.6,0,2.95485,0.109306,0
7.4,9.7,0,2.95718,0.111532,0
7.4,9.8,0,2.95887,0.114966,0
7.4,9.9,0,2.95848,0.117263,0
7.4,10,0,2.96224,0.120834,0
7.4,10.1,0,2.96132,0.123018,0
7.4,10.2,0,2.96503,0.125772,0
7.4,10.3,0,2.96655,0.128947,0
7.4,10.4,0,2.96799,0.131337,0
7.4,10.5,0,2.96963,0.134465,0
7.4,10.6,0,2.96916,0.135999,0
7.4,10.7,0,2.97353,0.139129,0
7.4,10.8,0,2.97319,0.141337,0
7.4,10.9,0,2.97768,0.14449,0
7.4,11,0,2.9797,0.147568,0
7.4,11.1,0,2.98187,0.149247,0
7.4,11.2,0,2.98438,0.152208,0
7.4,11.3,0,2.98261,0.153393,0
7.4,11.4,0,2.98839,0.157048,0
7.4,11.5,0,2.98808,0.158935,0
7.4,11.6,0,2.99279,0.161892,0
7.4,11.7,0,2.99496,0.164755,0
7.4,11.8,0,2.99621,0.166137,0
7.4,11.9,0,2.99909,0.169496,0
7.4,12,0,2.99683,0.170253,0
7.4,12.1,0,3.00315,0.174995,0
7.4,12.2,0,3.00322,0.176411,0
7.4,12.3,0,3.00769,0.179287,0
7.4,12.4,0,3.0092,0.183017,0
7.4,12.5,0,3.01011,0.186484,0
7.4,12.6,0,3.0125,0.190733,0
7.4,12.7,0,3.00716,0.187684,0
7.5,0,0,3.00454,-0.205599,0
7.5,0.1,0,3.00773,-0.206653,0
7.5,0.2,0,3.00641,-0.203359,0
7.5,0.3,0,3.00509,-0.200065,0
7.5,0.4,0,3.00246,-0.195651,0
7.5,0.5,0,2.99948,-0.191934,0
7.5,0.6,0,2.9965,-0.188217,0
7.5,0.7,0,2.98946,-0.183469,0
7.5,0.8,0,2.9883,-0.18302,0
7.5,0.9,0,2.98631,-0.180509,0
7.5,1,0,2.98431,-0.177999,0
7.5,1.1,0,2.98091,-0.174891,0
7.5,1.2,0,2.98062,-0.172434,0
7.5,1.3,0,2.98033,-0.169976,0
7.5,1.4,0,2.98033,-0.167551,0
7.5,1.5,0,2.9801,-0.166211,0
7.5,1.6,0,2.97851,-0.163412,0
7.5,1.7,0,2.97691,-0.160614,0
7.5,1.8,0,2.97466,-0.158481,0
7.5,1.9,0,2.97278,-0.155372,0
7.5,2,0,2.97089,-0.152264,0
7.5,2.1,0,2.96801,-0.148543,0
7.5,2.2,0,2.96933,-0.147176,0
7.5,2.3,0,2.96746,-0.144109,0
7.5,2.4,0,2.96559,-0.141043,0
7.5,2.5,0,2.96466,-0.139585,0
7.5,2.6,0,2.96145,-0.1359,0
7.5,2.7,0,2.95824,-0.132214,0
7.5,2.8,0,2.95206,-0.12697,0
7.5,2.9,0,2.95173,-0.12422,0
7.5,3,0,2.94927,-0.120483,0
7.5,3.1,0,2.94681,-0.116746,0
7.5,3.2,0,2.94244,-0.113289,0
7.5,3.3,0,2.94272,-0.110101,0
7.5,3.4,0,2.94299,-0.106914,0
7.5,3.5,0,2.94357,-0.103995,0
7.5,3.6,0,2.94587,-0.100656,0
7.5,3.7,0,2.94676,-0.0971755,0
7.5,3.8,0,2.94764,-0.0936953,0
7.5,3.9,0,2.94971,-0.0921892,0
7.5,4,0,2.94703,-0.0880659,0
7.5,4.1,0,2.94436,-0.0839427,0
7.5,4.2,0,2.93789,-0.0794808,0
7.5,4.3,0,2.93884,-0.0760394,0
7.5,4.4,0,2.93724,-0.071698,0
7.5,4.5,0,2.93563,-0.0673566,0
7.5,4.6,0,2.933,-0.0630843,0
7.5,4.7,0,2.93323,-0.0596199,0
7.5,4.8,0,2.93346,-0.0561555,0
7.5,4.9,0,2.93249,-0.0537395,0
7.5,5,0,2.93329,-0.0513379,0
7.5,5.1,0,2.9324,-0.0477048,0
7.5,5.2,0,2.93151,-0.0440717,0
7.5,5.3,0,2.932,-0.0397598,0
7.5,5.4,0,2.93132,-0.0354614,0
7.5,5.5,0,2.93064,-0.0311629,0
7.5,5.6,0,2.92755,-0.0276371,0
7.5,5.7,0,2.92827,-0.0245759,0
7.5,5.8,0,2.92798,-0.020965,0
7.5,5.9,0,2.92768,-0.0173542,0
7.5,6,0,2.92843,-0.0137833,0
7.5,6.1,0,2.92834,-0.00966978,0
7.5,6.2,0,2.92826,-0.00555629,0
7.5,6.3,0,2.92621,-0.00206711,0
7.5,6.4,0,2.92755,0.00150118,0
7.5,6.5,0,2.92756,0.00531444,0
7.5,6.6,0,2.92756,0.0091277,0
7.5,6.7,0,2.92787,0.0124499,0
7.5,6.8,0,2.92813,0.015799,0
7.5,6.9,0,2.9284,0.0191482,0
7.5,7,0,2.92709,0.0216393,0
7.5,7.1,0,2.92761,0.0274328,0
7.5,7.2,0,2.928,0.0311555,0
7.5,7.3,0,2.92845,0.0348715,0
7.5,7.4,0,2.92894,0.0385615,0
7.5,7.5,0,2.92948,0.0422476,0
7.5,7.6,0,2.93006,0.0459287,0
7.5,7.7,0,2.93069,0.0495955,0
7.5,7.8,0,2.93137,0.0532575,0
7.5,7.9,0,2.93213,0.0569127,0
7.5,8,0,2.93329,0.0616509,0
7.5,8.1,0,2.93487,0.0649927,0
7.5,8.2,0,2.93547,0.068258,0
7.5,8.3,0,2.93626,0.0714821,0
7.5,8.4,0,2.93709,0.0752873,0
7.5,8.5,0,2.93824,0.078599,0
7.5,8.6,0,2.93952,0.0824022,0
7.5,8.7,0,2.93974,0.0855875,0
7.5,8.8,0,2.9419,0.0893056,0
7.5,8.9,0,2.94308,0.0930402,0
7.5,9,0,2.94381,0.0960991,0
7.5,9.1,0,2.94486,0.0996913,0
7.5,9.2,0,2.946,0.102619,0
7.5,9.3,0,2.94715,0.106155,0
7.5,9.4,0,2.94765,0.109338,0
7.5,9.5,0,2.94995,0.112724,0
7.5,9.6,0,2.95138,0.116183,0
7.5,9.7,0,2.95322,0.118952,0
7.5,9.8,0,2.9549,0.122386,0
7.5,9.9,0,2.95625,0.125327,0
7.5,10,0,2.95827,0.128683,0
7.5,10.1,0,2.95922,0.131678,0
7.5,10.2,0,2.96129,0.134407,0
7.5,10.3,0,2.96281,0.137583,0
7.5,10.4,0,2.96432,0.140354,0
7.5,10.5,0,2.96596,0.143482,0
7.5,10.6,0,2.96711,0.14583,0
7.5,10.7,0,2.96966,0.148874,0
7.5,10.8,0,2.97115,0.151756,0
7.5,10.9,0,2.97365,0.154592,0
7.5,11,0,2.97567,0.157671,0
7.5,11.1,0,2.97799,0.160039,0
7.5,11.2,0,2.98009,0.162943,0
7.5,11.3,0,2.98072,0.165077,0
7.5,11.4,0,2.98414,0.168305,0
7.5,11.5,0,2.98616,0.171278,0
7.5,11.6,0,2.98842,0.173658,0
7.5,11.7,0,2.99059,0.176521,0
7.5,11.8,0,2.99272,0.178807,0
7.5,11.9,0,2.99464,0.181952,0
7.5,12,0,2.99472,0.184004,0
7.5,12.1,0,2.99853,0.18766,0
7.5,12.2,0,3.00033,0.190448,0
7.5,12.3,0,3.0025,0.192924,0
7.5,12.4,0,3.004,0.196653,0
7.5,12.5,0,3.00597,0.20078,0
7.5,12.6,0,3.00651,0.203685,0
7.5,12.7,0,3.00411,0.203613,0
7.6,0,0,3.00169,-0.221428,0
7.6,0.1,0,3.00037,-0.218134,0
7.6,0.2,0,2.99906,-0.21484,0
7.6,0.3,0,2.99774,-0.211546,0
7.6,0.4,0,2.99559,-0.208041,0
7.6,0.5,0,2.99261,-0.204324,0
7.6,0.6,0,2.98963,-0.200607,0
7.6,0.7,0,2.98665,-0.19689,0
7.6,0.8,0,2.98466,-0.194379,0
7.6,0.9,0,2.98266,-0.191869,0
7.6,1,0,2.98067,-0.189358,0
7.6,1.1,0,2.97953,-0.186874,0
7.6,1.2,0,2.97924,-0.184417,0
7.6,1.3,0,2.97895,-0.18196,0
7.6,1.4,0,2.97867,-0.179502,0
7.6,1.5,0,2.97707,-0.176704,0
7.6,1.6,0,2.97548,-0.173906,0
7.6,1.7,0,2.97388,-0.171107,0
7.6,1.8,0,2.97214,-0.168154,0
7.6,1.9,0,2.97026,-0.165046,0
7.6,2,0,2.96837,-0.161938,0
7.6,2.1,0,2.96648,-0.15883,0
7.6,2.2,0,2.96461,-0.155763,0
7.6,2.3,0,2.96274,-0.152697,0
7.6,2.4,0,2.96087,-0.14963,0
7.6,2.5,0,2.95833,-0.146255,0
7.6,2.6,0,2.95512,-0.142569,0
7.6,2.7,0,2.95192,-0.138884,0
7.6,2.8,0,2.94871,-0.135198,0
7.6,2.9,0,2.94625,-0.131461,0
7.6,3,0,2.94379,-0.127724,0
7.6,3.1,0,2.94133,-0.123987,0
7.6,3.2,0,2.94023,-0.120525,0
7.6,3.3,0,2.94051,-0.117337,0
7.6,3.4,0,2.94078,-0.114149,0
7.6,3.5,0,2.94105,-0.110961,0
7.6,3.6,0,2.94194,-0.107481,0
7.6,3.7,0,2.94283,-0.104001,0
7.6,3.8,0,2.94372,-0.10052,0
7.6,3.9,0,2.94282,-0.0967188,0
7.6,4,0,2.94015,-0.0925955,0
7.6,4.1,0,2.93748,-0.0884722,0
7.6,4.2,0,2.9348,-0.084349,0
7.6,4.3,0,2.9332,-0.0800076,0
7.6,4.4,0,2.93159,-0.0756662,0
7.6,4.5,0,2.92999,-0.0713248,0
7.6,4.6,0,2.9293,-0.0674219,0
7.6,4.7,0,2.92953,-0.0639575,0
7.6,4.8,0,2.92976,-0.0604931,0
7.6,4.9,0,2.92999,-0.0570287,0
7.6,5,0,2.9291,-0.0533956,0
7.6,5.1,0,2.92821,-0.0497625,0
7.6,5.2,0,2.92731,-0.0461293,0
7.6,5.3,0,2.92653,-0.0421636,0
7.6,5.4,0,2.92585,-0.0378651,0
7.6,5.5,0,2.92517,-0.0335667,0
7.6,5.6,0,2.92449,-0.0292683,0
7.6,5.7,0,2.9242,-0.0256574,0
7.6,5.8,0,2.9239,-0.0220466,0
7.6,5.9,0,2.92361,-0.0184357,0
7.6,6,0,2.92342,-0.0145736,0
7.6,6.1,0,2.92333,-0.0104601,0
7.6,6.2,0,2.92325,-0.00634661,0
7.6,6.3,0,2.92316,-0.00223312,0
7.6,6.4,0,2.92317,0.00158013,0
7.6,6.5,0,2.92318,0.00539339,0
7.6,6.6,0,2.92318,0.00920665,0
7.6,6.7,0,2.92332,0.0127878,0
7.6,6.8,0,2.92359,0.016137,0
7.6,6.9,0,2.92385,0.0194861,0
7.6,7,0,2.92412,0.0228353,0
7.6,7.1,0,2.92467,0.0289512,0
7.6,7.2,0,2.92509,0.0329008,0
7.6,7.3,0,2.92555,0.0368396,0
7.6,7.4,0,2.92607,0.0407516,0
7.6,7.5,0,2.92663,0.0446623,0
7.6,7.6,0,2.92724,0.0485695,0
7.6,7.7,0,2.92789,0.0524625,0
7.6,7.8,0,2.9286,0.0563522,0
7.6,7.9,0,2.92939,0.0602395,0
7.6,8,0,2.93063,0.0652757,0
7.6,8.1,0,2.93122,0.0685409,0
7.6,8.2,0,2.93182,0.0718062,0
7.6,8.3,0,2.93257,0.0754224,0
7.6,8.4,0,2.9334,0.0792276,0
7.6,8.5,0,2.93436,0.0830322,0
7.6,8.6,0,2.93565,0.0868353,0
7.6,8.7,0,2.93693,0.0906385,0
7.6,8.8,0,2.93812,0.0943765,0
7.6,8.9,0,2.93929,0.098111,0
7.6,9,0,2.94039,0.10176,0
7.6,9.1,0,2.94145,0.105352,0
7.6,9.2,0,2.94252,0.10893,0
7.6,9.3,0,2.94367,0.112466,0
7.6,9.4,0,2.94482,0.116002,0
7.6,9.5,0,2.94623,0.119468,0
7.6,9.6,0,2.94767,0.122927,0
7.6,9.7,0,2.94925,0.126373,0
7.6,9.8,0,2.95094,0.129807,0
7.6,9.9,0,2.95262,0.133217,0
7.6,10,0,2.95431,0.136532,0
7.6,10.1,0,2.956,0.139847,0
7.6,10.2,0,2.95754,0.143043,0
7.6,10.3,0,2.95906,0.146219,0
7.6,10.4,0,2.96065,0.149371,0
7.6,10.5,0,2.96229,0.152499,0
7.6,10.6,0,2.96396,0.15561,0
7.6,10.7,0,2.9658,0.15862,0
7.6,10.8,0,2.96764,0.16163,0
7.6,10.9,0,2.96962,0.164695,0
7.6,11,0,2.97164,0.167774,0
7.6,11.1,0,2.9737,0.170773,0
7.6,11.2,0,2.97579,0.173677,0
7.6,11.3,0,2.97788,0.176588,0
7.6,11.4,0,2.9799,0.179561,0
7.6,11.5,0,2.98191,0.182534,0
7.6,11.6,0,2.98404,0.185425,0
7.6,11.7,0,2.98621,0.188288,0
7.6,11.8,0,2.98828,0.191263,0
7.6,11.9,0,2.99019,0.194408,0
7.6,12,0,2.99211,0.197536,0
7.6,12.1,0,2.99391,0.200324,0
7.6,12.2,0,2.99571,0.203113,0
7.6,12.3,0,2.9973,0.206561,0
7.6,12.4,0,2.99881,0.21029,0
7.6,12.5,0,2.99998,0.213732,0
7.6,12.6,0,3.00051,0.216637,0
7.6,12.7,0,3.00105,0.219543,0
7.7,0,0,2.99701,-0.224798,0
7.7,0.1,0,2.99399,-0.232043,0
7.7,0.2,0,2.99268,-0.228749,0
7.7,0.3,0,2.99136,-0.225455,0
7.7,0.4,0,2.98899,-0.218315,0
7.7,0.5,0,2.986,-0.214598,0
7.7,0.6,0,2.98302,-0.210881,0
7.7,0.7,0,2.98333,-0.20133,0
7.7,0.8,0,2.98002,-0.206965,0
7.7,0.9,0,2.97803,-0.204454,0
7.7,1,0,2.97604,-0.201944,0
7.7,1.1,0,2.97787,-0.197592,0
7.7,1.2,0,2.97759,-0.195134,0
7.7,1.3,0,2.9773,-0.192677,0
7.7,1.4,0,2.97509,-0.183713,0
7.7,1.5,0,2.97528,-0.188714,0
7.7,1.6,0,2.97368,-0.185916,0
7.7,1.7,0,2.97209,-0.183117,0
7.7,1.8,0,2.9686,-0.176539,0
7.7,1.9,0,2.96671,-0.173431,0
7.7,2,0,2.96482,-0.170322,0
7.7,2.1,0,2.96177,-0.162178,0
7.7,2.2,0,2.9609,-0.165609,0
7.7,2.3,0,2.95903,-0.162543,0
7.7,2.4,0,2.95716,-0.159476,0
7.7,2.5,0,2.95198,-0.152122,0
7.7,2.6,0,2.94877,-0.148437,0
7.7,2.7,0,2.94556,-0.144751,0
7.7,2.8,0,2.94458,-0.138135,0
7.7,2.9,0,2.94024,-0.139542,0
7.7,3,0,2.93778,-0.135805,0
7.7,3.1,0,2.93532,-0.132068,0
7.7,3.2,0,2.93654,-0.126515,0
7.7,3.3,0,2.93681,-0.123328,0
7.7,3.4,0,2.93708,-0.12014,0
7.7,3.5,0,2.93682,-0.113696,0
7.7,3.6,0,2.93905,-0.115766,0
7.7,3.7,0,2.93994,-0.112286,0
7.7,3.8,0,2.94083,-0.108806,0
7.7,3.9,0,2.93753,-0.100262,0
7.7,4,0,2.93486,-0.0961389,0
7.7,4.1,0,2.93218,-0.0920157,0
7.7,4.2,0,2.92933,-0.0861784,0
7.7,4.3,0,2.92518,-0.0851226,0
7.7,4.4,0,2.92358,-0.0807812,0
7.7,4.5,0,2.92197,-0.0764399,0
7.7,4.6,0,2.92662,-0.0699666,0
7.7,4.7,0,2.92685,-0.0665022,0
7.7,4.8,0,2.92708,-0.0630378,0
7.7,4.9,0,2.92527,-0.0584027,0
7.7,5,0,2.92472,-0.0573706,0
7.7,5.1,0,2.92382,-0.0537375,0
7.7,5.2,0,2.92293,-0.0501043,0
7.7,5.3,0,2.92109,-0.0431402,0
7.7,5.4,0,2.92041,-0.0388418,0
7.7,5.5,0,2.91973,-0.0345434,0
7.7,5.6,0,2.91954,-0.030021,0
7.7,5.7,0,2.91981,-0.0276595,0
7.7,5.8,0,2.91951,-0.0240487,0
7.7,5.9,0,2.91922,-0.0204378,0
7.7,6,0,2.91857,-0.0148138,0
7.7,6.1,0,2.91848,-0.0107003,0
7.7,6.2,0,2.9184,-0.00658682,0
7.7,6.3,0,2.91819,-0.00225466,0
7.7,6.4,0,2.91856,0.00133019,0
7.7,6.5,0,2.91856,0.00514345,0
7.7,6.6,0,2.91857,0.0089567,0
7.7,6.7,0,2.91882,0.0137967,0
7.7,6.8,0,2.91908,0.0171458,0
7.7,6.9,0,2.91935,0.020495,0
7.7,7,0,2.91912,0.0234237,0
7.7,7.1,0,2.91966,0.0297069,0
7.7,7.2,0,2.92007,0.0337405,0
7.7,7.3,0,2.92052,0.0377588,0
7.7,7.4,0,2.92103,0.0417528,0
7.7,7.5,0,2.92158,0.0457451,0
7.7,7.6,0,2.92218,0.0497326,0
7.7,7.7,0,2.92283,0.0537055,0
7.7,7.8,0,2.92353,0.0576732,0
7.7,7.9,0,2.92432,0.0616401,0
7.7,8,0,2.92557,0.0667978,0
7.7,8.1,0,2.92762,0.0717926,0
7.7,8.2,0,2.92822,0.0750579,0
7.7,8.3,0,2.9287,0.079392,0
7.7,8.4,0,2.92953,0.0831972,0
7.7,8.5,0,2.93044,0.087437,0
7.7,8.6,0,2.93172,0.0912402,0
7.7,8.7,0,2.93207,0.0931892,0
7.7,8.8,0,2.93443,0.0995096,0
7.7,8.9,0,2.93561,0.103244,0
7.7,9,0,2.93693,0.10743,0
7.7,9.1,0,2.93799,0.111022,0
7.7,9.2,0,2.93905,0.115261,0
7.7,9.3,0,2.9402,0.118797,0
7.7,9.4,0,2.94061,0.120173,0
7.7,9.5,0,2.94238,0.126231,0
7.7,9.6,0,2.94382,0.12969,0
7.7,9.7,0,2.9453,0.133788,0
7.7,9.8,0,2.94699,0.137222,0
7.7,9.9,0,2.94852,0.140213,0
7.7,10,0,2.95033,0.144446,0
7.7,10.1,0,2.95182,0.145965,0
7.7,10.2,0,2.9539,0.151683,0
7.7,10.3,0,2.95542,0.154859,0
7.7,10.4,0,2.95682,0.158408,0
7.7,10.5,0,2.95846,0.161536,0
7.7,10.6,0,2.96001,0.163048,0
7.7,10.7,0,2.962,0.168405,0
7.7,10.8,0,2.96378,0.170316,0
7.7,10.9,0,2.96544,0.174724,0
7.7,11,0,2.96746,0.177803,0
7.7,11.1,0,2.96951,0.181667,0
7.7,11.2,0,2.97161,0.184571,0
7.7,11.3,0,2.97375,0.183689,0
7.7,11.4,0,2.97557,0.190624,0
7.7,11.5,0,2.97759,0.193597,0
7.7,11.6,0,2.97967,0.197439,0
7.7,11.7,0,2.98184,0.200302,0
7.7,11.8,0,2.98396,0.203332,0
7.7,11.9,0,2.98587,0.206477,0
7.7,12,0,2.98802,0.2039,0
7.7,12.1,0,2.98922,0.213553,0
7.7,12.2,0,2.99102,0.216342,0
7.7,12.3,0,2.99232,0.219168,0
7.7,12.4,0,2.99383,0.222897,0
7.7,12.5,0,2.99425,0.228121,0
7.7,12.6,0,2.99478,0.231027,0
7.7,12.7,0,2.99698,0.22353,0
7.8,0,0,2.99234,-0.228168,0
7.8,0.1,0,2.98761,-0.245951,0
7.8,0.2,0,2.98629,-0.242657,0
7.8,0.3,0,2.98633,-0.232925,0
7.8,0.4,0,2.98387,-0.224488,0
7.8,0.5,0,2.9794,-0.224872,0
7.8,0.6,0,2.97642,-0.221155,0
7.8,0.7,0,2.98,-0.20577,0
7.8,0.8,0,2.97539,-0.21955,0
7.8,0.9,0,2.9734,-0.21704,0
7.8,1,0,2.97261,-0.209331,0
7.8,1.1,0,2.97551,-0.204312,0
7.8,1.2,0,2.97594,-0.205852,0
7.8,1.3,0,2.97565,-0.203395,0
7.8,1.4,0,2.97152,-0.187923,0
7.8,1.5,0,2.97348,-0.200724,0
7.8,1.6,0,2.97189,-0.197926,0
7.8,1.7,0,2.96865,-0.189742,0
7.8,1.8,0,2.96454,-0.181868,0
7.8,1.9,0,2.96317,-0.181815,0
7.8,2,0,2.96128,-0.178707,0
7.8,2.1,0,2.95706,-0.165526,0
7.8,2.2,0,2.95719,-0.175455,0
7.8,2.3,0,2.95532,-0.172388,0
7.8,2.4,0,2.95275,-0.164885,0
7.8,2.5,0,2.94662,-0.15611,0
7.8,2.6,0,2.94242,-0.154304,0
7.8,2.7,0,2.93921,-0.150618,0
7.8,2.8,0,2.94044,-0.141072,0
7.8,2.9,0,2.93423,-0.147624,0
7.8,3,0,2.93177,-0.143887,0
7.8,3.1,0,2.93097,-0.136904,0
7.8,3.2,0,2.93301,-0.130604,0
7.8,3.3,0,2.93311,-0.129318,0
7.8,3.4,0,2.93339,-0.12613,0
7.8,3.5,0,2.93258,-0.116431,0
7.8,3.6,0,2.93616,-0.124051,0
7.8,3.7,0,2.93705,-0.120571,0
7.8,3.8,0,2.9361,-0.113143,0
7.8,3.9,0,2.93195,-0.102906,0
7.8,4,0,2.92956,-0.0996824,0
7.8,4.1,0,2.92689,-0.0955591,0
7.8,4.2,0,2.92386,-0.0880079,0
7.8,4.3,0,2.91716,-0.0902377,0
7.8,4.4,0,2.91556,-0.0858963,0
7.8,4.5,0,2.91608,-0.0795961,0
7.8,4.6,0,2.92263,-0.0722048,0
7.8,4.7,0,2.92417,-0.0690468,0
7.8,4.8,0,2.9244,-0.0655824,0
7.8,4.9,0,2.92054,-0.0597766,0
7.8,5,0,2.92033,-0.0613456,0
7.8,5.1,0,2.91944,-0.0577125,0
7.8,5.2,0,2.91807,-0.0521242,0
7.8,5.3,0,2.91585,-0.0440892,0
7.8,5.4,0,2.91496,-0.0398184,0
7.8,5.5,0,2.91429,-0.03552,0
7.8,5.6,0,2.91459,-0.0307737,0
7.8,5.7,0,2.91541,-0.0296616,0
7.8,5.8,0,2.91512,-0.0260507,0
7.8,5.9,0,2.91453,-0.021349,0
7.8,6,0,2.91372,-0.0150957,0
7.8,6.1,0,2.91363,-0.0109405,0
7.8,6.2,0,2.91355,-0.00682702,0
7.8,6.3,0,2.91321,-0.00227619,0
7.8,6.4,0,2.91395,0.00108024,0
7.8,6.5,0,2.91395,0.0048935,0
7.8,6.6,0,2.91378,0.00909255,0
7.8,6.7,0,2.91406,0.0143821,0
7.8,6.8,0,2.91458,0.0181546,0
7.8,6.9,0,2.91485,0.0215038,0
7.8,7,0,2.91411,0.0240122,0
7.8,7.1,0,2.91465,0.0304626,0
7.8,7.2,0,2.91505,0.0345802,0
7.8,7.3,0,2.9155,0.0386779,0
7.8,7.4,0,2.91599,0.0427539,0
7.8,7.5,0,2.91653,0.0468279,0
7.8,7.6,0,2.91712,0.0508957,0
7.8,7.7,0,2.91776,0.0549485,0
7.8,7.8,0,2.91847,0.0589941,0
7.8,7.9,0,2.91925,0.0630407,0
7.8,8,0,2.92051,0.06832,0
7.8,8.1,0,2.92403,0.0750443,0
7.8,8.2,0,2.92378,0.0774108,0
7.8,8.3,0,2.92483,0.0833615,0
7.8,8.4,0,2.92566,0.0871667,0
7.8,8.5,0,2.92564,0.0898687,0
7.8,8.6,0,2.9278,0.095645,0
7.8,8.7,0,2.92696,0.0952701,0
7.8,8.8,0,2.93075,0.104643,0
7.8,8.9,0,2.93141,0.107282,0
7.8,9,0,2.93347,0.113099,0
7.8,9.1,0,2.93453,0.116691,0
7.8,9.2,0,2.93422,0.117802,0
7.8,9.3,0,2.93673,0.125128,0
7.8,9.4,0,2.9359,0.12288,0
7.8,9.5,0,2.93853,0.132994,0
7.8,9.6,0,2.93982,0.135758,0
7.8,9.7,0,2.94135,0.141203,0
7.8,9.8,0,2.94304,0.144637,0
7.8,9.9,0,2.9439,0.143332,0
7.8,10,0,2.94635,0.15236,0
7.8,10.1,0,2.94732,0.149319,0
7.8,10.2,0,2.95026,0.160323,0
7.8,10.3,0,2.95178,0.163498,0
7.8,10.4,0,2.95299,0.167444,0
7.8,10.5,0,2.95463,0.170573,0
7.8,10.6,0,2.95583,0.16687,0
7.8,10.7,0,2.9582,0.178189,0
7.8,10.8,0,2.9597,0.174366,0
7.8,10.9,0,2.96126,0.184754,0
7.8,11,0,2.96328,0.187833,0
7.8,11.1,0,2.96536,0.191355,0
7.8,11.2,0,2.96743,0.195465,0
7.8,11.3,0,2.96975,0.188103,0
7.8,11.4,0,2.97125,0.201687,0
7.8,11.5,0,2.97362,0.198193,0
7.8,11.6,0,2.9753,0.209454,0
7.8,11.7,0,2.97746,0.212316,0
7.8,11.8,0,2.97977,0.212549,0
7.8,11.9,0,2.98155,0.218545,0
7.8,12,0,2.98409,0.208526,0
7.8,12.1,0,2.98452,0.226783,0
7.8,12.2,0,2.98694,0.222761,0
7.8,12.3,0,2.98734,0.231775,0
7.8,12.4,0,2.98884,0.235505,0
7.8,12.5,0,2.98954,0.236595,0
7.8,12.6,0,2.98906,0.245416,0
7.8,12.7,0,2.99292,0.227517,0
7.9,0,0,2.98766,-0.231537,0
7.9,0.1,0,2.98171,-0.256849,0
7.9,0.2,0,2.97991,-0.256566,0
7.9,0.3,0,2.98205,-0.23682,0
7.9,0.4,0,2.97959,-0.228382,0
7.9,0.5,0,2.97279,-0.235146,0
7.9,0.6,0,2.97075,-0.229762,0
7.9,0.7,0,2.97667,-0.210211,0
7.9,0.8,0,2.97113,-0.229809,0
7.9,0.9,0,2.96877,-0.229625,0
7.9,1,0,2.96985,-0.21383,0
7.9,1.1,0,2.97275,-0.208811,0
7.9,1.2,0,2.97428,-0.21657,0
7.9,1.3,0,2.97345,-0.212253,0
7.9,1.4,0,2.96794,-0.192133,0
7.9,1.5,0,2.97118,-0.210506,0
7.9,1.6,0,2.97009,-0.209936,0
7.9,1.7,0,2.9643,-0.193374,0
7.9,1.8,0,2.96018,-0.185501,0
7.9,1.9,0,2.95962,-0.1902,0
7.9,2,0,2.9574,-0.185653,0
7.9,2.1,0,2.95234,-0.168874,0
7.9,2.2,0,2.9532,-0.183444,0
7.9,2.3,0,2.95161,-0.182234,0
7.9,2.4,0,2.94795,-0.167828,0
7.9,2.5,0,2.94182,-0.159053,0
7.9,2.6,0,2.93607,-0.160171,0
7.9,2.7,0,2.93349,-0.155649,0
7.9,2.8,0,2.93631,-0.144008,0
7.9,2.9,0,2.92876,-0.154235,0
7.9,3,0,2.92577,-0.151968,0
7.9,3.1,0,2.92754,-0.139936,0
7.9,3.2,0,2.92958,-0.133636,0
7.9,3.3,0,2.92941,-0.135309,0
7.9,3.4,0,2.92953,-0.131191,0
7.9,3.5,0,2.92835,-0.119165,0
7.9,3.6,0,2.93289,-0.13075,0
7.9,3.7,0,2.93416,-0.128856,0
7.9,3.8,0,2.93036,-0.115286,0
7.9,3.9,0,2.92621,-0.105049,0
7.9,4,0,2.92426,-0.103226,0
7.9,4.1,0,2.92154,-0.0986128,0
7.9,4.2,0,2.91839,-0.0898374,0
7.9,4.3,0,2.90987,-0.094414,0
7.9,4.4,0,2.90754,-0.0910113,0
7.9,4.5,0,2.91136,-0.081664,0
7.9,4.6,0,2.91792,-0.0742727,0
7.9,4.7,0,2.92149,-0.0715915,0
7.9,4.8,0,2.92113,-0.0677926,0
7.9,4.9,0,2.91582,-0.0611505,0
7.9,5,0,2.91585,-0.0645774,0
7.9,5.1,0,2.91506,-0.0616875,0
7.9,5.2,0,2.91295,-0.0530578,0
7.9,5.3,0,2.91073,-0.0450228,0
7.9,5.4,0,2.90952,-0.0407951,0
7.9,5.5,0,2.90898,-0.0364327,0
7.9,5.6,0,2.90964,-0.0315264,0
7.9,5.7,0,2.91086,-0.0313067,0
7.9,5.8,0,2.91073,-0.0280528,0
7.9,5.9,0,2.90968,-0.021654,0
7.9,6,0,2.90887,-0.0154008,0
7.9,6.1,0,2.90879,-0.0111807,0
7.9,6.2,0,2.90866,-0.00700475,0
7.9,6.3,0,2.90824,-0.00229772,0
7.9,6.4,0,2.90923,0.00089556,0
7.9,6.5,0,2.90934,0.00464356,0
7.9,6.6,0,2.90888,0.00944272,0
7.9,6.7,0,2.90917,0.0147322,0
7.9,6.8,0,2.91008,0.0191635,0
7.9,6.9,0,2.9102,0.0223925,0
7.9,7,0,2.90911,0.0246006,0
7.9,7.1,0,2.90964,0.0312182,0
7.9,7.2,0,2.91003,0.0354199,0
7.9,7.3,0,2.91047,0.0395971,0
7.9,7.4,0,2.91095,0.043755,0
7.9,7.5,0,2.91149,0.0479107,0
7.9,7.6,0,2.91207,0.0520589,0
7.9,7.7,0,2.9127,0.0561915,0
7.9,7.8,0,2.9134,0.0603151,0
7.9,7.9,0,2.91418,0.0644413,0
7.9,8,0,2.91545,0.0698422,0
7.9,8.1,0,2.92043,0.0782961,0
7.9,8.2,0,2.91875,0.0791265,0
7.9,8.3,0,2.92053,0.0864919,0
7.9,8.4,0,2.9216,0.0907838,0
7.9,8.5,0,2.92061,0.091767,0
7.9,8.6,0,2.92387,0.10005,0
7.9,8.7,0,2.92186,0.0973511,0
7.9,8.8,0,2.92707,0.109776,0
7.9,8.9,0,2.92637,0.109555,0
7.9,9,0,2.9291,0.116817,0
7.9,9.1,0,2.93106,0.12236,0
7.9,9.2,0,2.92937,0.120302,0
7.9,9.3,0,2.93325,0.131458,0
7.9,9.4,0,2.93119,0.125587,0
7.9,9.5,0,2.93468,0.139756,0
7.9,9.6,0,2.93517,0.138678,0
7.9,9.7,0,2.93685,0.145127,0
7.9,9.8,0,2.93909,0.152052,0
7.9,9.9,0,2.93928,0.146452,0
7.9,10,0,2.94238,0.160274,0
7.9,10.1,0,2.94283,0.152672,0
7.9,10.2,0,2.94661,0.168962,0
7.9,10.3,0,2.94748,0.167197,0
7.9,10.4,0,2.94868,0.171151,0
7.9,10.5,0,2.9508,0.179609,0
7.9,10.6,0,2.95165,0.170693,0
7.9,10.7,0,2.9544,0.187974,0
7.9,10.8,0,2.95562,0.178416,0
7.9,10.9,0,2.95709,0.194784,0
7.9,11,0,2.95921,0.193353,0
7.9,11.1,0,2.96132,0.195579,0
7.9,11.2,0,2.96325,0.206359,0
7.9,11.3,0,2.96576,0.192516,0
7.9,11.4,0,2.96693,0.212749,0
7.9,11.5,0,2.96965,0.20272,0
7.9,11.6,0,2.97092,0.221468,0
7.9,11.7,0,2.97331,0.220085,0
7.9,11.8,0,2.97578,0.217172,0
7.9,11.9,0,2.97723,0.230614,0
7.9,12,0,2.98015,0.213151,0
7.9,12.1,0,2.97983,0.240012,0
7.9,12.2,0,2.98303,0.227338,0
7.9,12.3,0,2.98254,0.243015,0
7.9,12.4,0,2.98423,0.245011,0
7.9,12.5,0,2.98555,0.240873,0
7.9,12.6,0,2.98333,0.259806,0
7.9,12.7,0,2.98885,0.231504,0
8,0,0,2.98299,-0.234907,0
8,0.1,0,2.97704,-0.260218,0
8,0.2,0,2.97353,-0.270474,0
8,0.3,0,2.97777,-0.240714,0
8,0.4,0,2.97531,-0.232276,0
8,0.5,0,2.96618,-0.245421,0
8,0.6,0,2.96742,-0.234203,0
8,0.7,0,2.97335,-0.214651,0
8,0.8,0,2.96781,-0.234249,0
8,0.9,0,2.96414,-0.242211,0
8,1,0,2.96709,-0.21833,0
8,1.1,0,2.96999,-0.21331,0
8,1.2,0,2.97263,-0.227287,0
8,1.3,0,2.96987,-0.216463,0
8,1.4,0,2.96436,-0.196344,0
8,1.5,0,2.9676,-0.214716,0
8,1.6,0,2.9683,-0.221946,0
8,1.7,0,2.95995,-0.197007,0
8,1.8,0,2.95583,-0.189134,0
8,1.9,0,2.95608,-0.198585,0
8,2,0,2.95269,-0.189001,0
8,2.1,0,2.94763,-0.172223,0
8,2.2,0,2.94848,-0.186792,0
8,2.3,0,2.9479,-0.19208,0
8,2.4,0,2.94315,-0.170771,0
8,2.5,0,2.93702,-0.161996,0
8,2.6,0,2.92972,-0.166039,0
8,2.7,0,2.92936,-0.158585,0
8,2.8,0,2.93218,-0.146945,0
8,2.9,0,2.92463,-0.157172,0
8,3,0,2.91976,-0.160049,0
8,3.1,0,2.92412,-0.142968,0
8,3.2,0,2.92616,-0.136668,0
8,3.3,0,2.92572,-0.1413,0
8,3.4,0,2.9253,-0.133926,0
8,3.5,0,2.92411,-0.1219,0
8,3.6,0,2.92865,-0.133485,0
8,3.7,0,2.93127,-0.137141,0
8,3.8,0,2.92462,-0.11743,0
8,3.9,0,2.92047,-0.107193,0
8,4,0,2.91897,-0.106769,0
8,4.1,0,2.91607,-0.100442,0
8,4.2,0,2.91292,-0.0916669,0
8,4.3,0,2.9044,-0.0962435,0
8,4.4,0,2.89952,-0.0961264,0
8,4.5,0,2.90665,-0.0837319,0
8,4.6,0,2.91321,-0.0763407,0
8,4.7,0,2.9188,-0.0741361,0
8,4.8,0,2.91641,-0.0691665,0
8,4.9,0,2.91109,-0.0625244,0
8,5,0,2.91113,-0.0659514,0
8,5.1,0,2.91067,-0.0656625,0
8,5.2,0,2.90783,-0.0539915,0
8,5.3,0,2.90561,-0.0459565,0
8,5.4,0,2.90408,-0.0417717,0
8,5.5,0,2.90403,-0.0371854,0
8,5.6,0,2.90469,-0.0322792,0
8,5.7,0,2.90591,-0.0320594,0
8,5.8,0,2.90634,-0.0300548,0
8,5.9,0,2.90483,-0.0219591,0
8,6,0,2.90402,-0.0157058,0
8,6.1,0,2.90394,-0.0114209,0
8,6.2,0,2.90369,-0.00702628,0
8,6.3,0,2.90327,-0.00231926,0
8,6.4,0,2.90426,0.000874027,0
8,6.5,0,2.90473,0.00439361,0
8,6.6,0,2.90399,0.00979289,0
8,6.7,0,2.90427,0.0150824,0
8,6.8,0,2.90557,0.0201723,0
8,6.9,0,2.90519,0.022981,0
8,7,0,2.9041,0.0251891,0
8,7.1,0,2.90463,0.0319739,0
8,7.2,0,2.90501,0.0362597,0
8,7.3,0,2.90544,0.0405162,0
8,7.4,0,2.90592,0.0447561,0
8,7.5,0,2.90644,0.0489935,0
8,7.6,0,2.90701,0.053222,0
8,7.7,0,2.90764,0.0574345,0
8,7.8,0,2.90833,0.0616361,0
8,7.9,0,2.90912,0.0658419,0
8,8,0,2.91039,0.0713644,0
8,8.1,0,2.91683,0.0815478,0
8,8.2,0,2.91372,0.0808421,0
8,8.3,0,2.9155,0.0882075,0
8,8.4,0,2.91657,0.0926821,0
8,8.5,0,2.91557,0.0936653,0
8,8.6,0,2.91994,0.104455,0
8,8.7,0,2.91675,0.099432,0
8,8.8,0,2.92316,0.114422,0
8,8.9,0,2.92133,0.111829,0
8,9,0,2.92406,0.119091,0
8,9.1,0,2.92626,0.124962,0
8,9.2,0,2.92451,0.122803,0
8,9.3,0,2.92978,0.137789,0
8,9.4,0,2.92648,0.128294,0
8,9.5,0,2.93051,0.145052,0
8,9.6,0,2.93052,0.141598,0
8,9.7,0,2.9322,0.148047,0
8,9.8,0,2.93462,0.156176,0
8,9.9,0,2.93466,0.149571,0
8,10,0,2.9384,0.168187,0
8,10.1,0,2.93833,0.156025,0
8,10.2,0,2.94249,0.174621,0
8,10.3,0,2.94317,0.170788,0
8,10.4,0,2.94437,0.174742,0
8,10.5,0,2.94677,0.185706,0
8,10.6,0,2.94747,0.174515,0
8,10.7,0,2.9506,0.197758,0
8,10.8,0,2.95154,0.182466,0
8,10.9,0,2.95298,0.200233,0
8,11,0,2.95517,0.197577,0
8,11.1,0,2.95728,0.199802,0
8,11.2,0,2.95913,0.214909,0
8,11.3,0,2.96176,0.19693,0
8,11.4,0,2.96261,0.223812,0
8,11.5,0,2.96567,0.207247,0
8,11.6,0,2.96694,0.226234,0
8,11.7,0,2.96933,0.224708,0
8,11.8,0,2.97179,0.221795,0
8,11.9,0,2.97297,0.241495,0
8,12,0,2.97622,0.217776,0
8,12.1,0,2.97514,0.253241,0
8,12.2,0,2.97913,0.231916,0
8,12.3,0,2.97863,0.247593,0
8,12.4,0,2.98024,0.249289,0
8,12.5,0,2.98156,0.245152,0
8,12.6,0,2.9776,0.274195,0
8,12.7,0,2.98478,0.235491,0
8.1,0,0,2.97831,-0.238277,0
8.1,0.1,0,2.97236,-0.263588,0
8.1,0.2,0,2.9691,-0.275084,0
8.1,0.3,0,2.97348,-0.244608,0
8.1,0.4,0,2.97103,-0.23617,0
8.1,0.5,0,2.96173,-0.249771,0
8.1,0.6,0,2.9641,-0.238643,0
8.1,0.7,0,2.97002,-0.219092,0
8.1,0.8,0,2.96448,-0.23869,0
8.1,0.9,0,2.96124,-0.247288,0
8.1,1,0,2.96433,-0.222829,0
8.1,1.1,0,2.96723,-0.21781,0
8.1,1.2,0,2.96995,-0.232231,0
8.1,1.3,0,2.9663,-0.220674,0
8.1,1.4,0,2.96079,-0.200554,0
8.1,1.5,0,2.96403,-0.218926,0
8.1,1.6,0,2.96413,-0.226177,0
8.1,1.7,0,2.9556,-0.20064,0
8.1,1.8,0,2.95148,-0.192766,0
8.1,1.9,0,2.95179,-0.202557,0
8.1,2,0,2.94798,-0.192349,0
8.1,2.1,0,2.94291,-0.175571,0
8.1,2.2,0,2.94377,-0.190141,0
8.1,2.3,0,2.94318,-0.195516,0
8.1,2.4,0,2.93835,-0.173714,0
8.1,2.5,0,2.93222,-0.164939,0
8.1,2.6,0,2.9248,-0.169191,0
8.1,2.7,0,2.92523,-0.161522,0
8.1,2.8,0,2.92805,-0.149882,0
8.1,2.9,0,2.9205,-0.160108,0
8.1,3,0,2.91615,-0.163442,0
8.1,3.1,0,2.92069,-0.146,0
8.1,3.2,0,2.92273,-0.1397,0
8.1,3.3,0,2.92227,-0.144543,0
8.1,3.4,0,2.92106,-0.136661,0
8.1,3.5,0,2.91988,-0.124635,0
8.1,3.6,0,2.92442,-0.13622,0
8.1,3.7,0,2.92573,-0.139723,0
8.1,3.8,0,2.91888,-0.119574,0
8.1,3.9,0,2.91473,-0.109337,0
8.1,4,0,2.91326,-0.109013,0
8.1,4.1,0,2.9106,-0.102272,0
8.1,4.2,0,2.90745,-0.0934964,0
8.1,4.3,0,2.89893,-0.098073,0
8.1,4.4,0,2.89457,-0.098412,0
8.1,4.5,0,2.90194,-0.0857999,0
8.1,4.6,0,2.90849,-0.0784086,0
8.1,4.7,0,2.91424,-0.0762381,0
8.1,4.8,0,2.91168,-0.0705404,0
8.1,4.9,0,2.90637,-0.0638984,0
8.1,5,0,2.9064,-0.0673253,0
8.1,5.1,0,2.90561,-0.0668133,0
8.1,5.2,0,2.90271,-0.0549251,0
8.1,5.3,0,2.90049,-0.0468901,0
8.1,5.4,0,2.89894,-0.0427084,0
8.1,5.5,0,2.89908,-0.0379381,0
8.1,5.6,0,2.89974,-0.0330319,0
8.1,5.7,0,2.90096,-0.0328121,0
8.1,5.8,0,2.90152,-0.0304811,0
8.1,5.9,0,2.89998,-0.0222642,0
8.1,6,0,2.89916,-0.0160109,0
8.1,6.1,0,2.89909,-0.0117214,0
8.1,6.2,0,2.89872,-0.00704782,0
8.1,6.3,0,2.8983,-0.00234079,0
8.1,6.4,0,2.89928,0.000852493,0
8.1,6.5,0,2.89986,0.00470092,0
8.1,6.6,0,2.8991,0.0101431,0
8.1,6.7,0,2.89938,0.0154326,0
8.1,6.8,0,2.90071,0.0205695,0
8.1,6.9,0,2.90019,0.0235694,0
8.1,7,0,2.8991,0.0257775,0
8.1,7.1,0,2.89962,0.0327296,0
8.1,7.2,0,2.89999,0.0370994,0
8.1,7.3,0,2.90041,0.0414353,0
8.1,7.4,0,2.90088,0.0457573,0
8.1,7.5,0,2.90139,0.0500763,0
8.1,7.6,0,2.90195,0.0543852,0
8.1,7.7,0,2.90258,0.0586774,0
8.1,7.8,0,2.90327,0.0629571,0
8.1,7.9,0,2.90405,0.0672425,0
8.1,8,0,2.90533,0.0728865,0
8.1,8.1,0,2.91184,0.0831436,0
8.1,8.2,0,2.90869,0.0825577,0
8.1,8.3,0,2.91047,0.0899231,0
8.1,8.4,0,2.91153,0.0945804,0
8.1,8.5,0,2.91054,0.0955636,0
8.1,8.6,0,2.91513,0.107104,0
8.1,8.7,0,2.91165,0.101513,0
8.1,8.8,0,2.91806,0.116503,0
8.1,8.9,0,2.91628,0.114102,0
8.1,9,0,2.91902,0.121364,0
8.1,9.1,0,2.92141,0.127462,0
8.1,9.2,0,2.91966,0.125303,0
8.1,9.3,0,2.92562,0.142115,0
8.1,9.4,0,2.92177,0.131,0
8.1,9.5,0,2.9258,0.147759,0
8.1,9.6,0,2.92586,0.144519,0
8.1,9.7,0,2.92754,0.150968,0
8.1,9.8,0,2.93,0.159296,0
8.1,9.9,0,2.93004,0.15269,0
8.1,10,0,2.93414,0.173786,0
8.1,10.1,0,2.93384,0.159379,0
8.1,10.2,0,2.93799,0.177975,0
8.1,10.3,0,2.93886,0.174378,0
8.1,10.4,0,2.94006,0.178333,0
8.1,10.5,0,2.94259,0.189529,0
8.1,10.6,0,2.94329,0.178338,0
8.1,10.7,0,2.94662,0.204596,0
8.1,10.8,0,2.94746,0.186516,0
8.1,10.9,0,2.9489,0.204283,0
8.1,11,0,2.95113,0.2018,0
8.1,11.1,0,2.95324,0.204026,0
8.1,11.2,0,2.95513,0.219322,0
8.1,11.3,0,2.95776,0.201343,0
8.1,11.4,0,2.95847,0.231196,0
8.1,11.5,0,2.9617,0.211774,0
8.1,11.6,0,2.96297,0.230761,0
8.1,11.7,0,2.96534,0.229331,0
8.1,11.8,0,2.96781,0.226418,0
8.1,11.9,0,2.96904,0.24612,0
8.1,12,0,2.97229,0.222402,0
8.1,12.1,0,2.97102,0.259971,0
8.1,12.2,0,2.97522,0.236494,0
8.1,12.3,0,2.97472,0.252171,0
8.1,12.4,0,2.97626,0.253568,0
8.1,12.5,0,2.97757,0.249431,0
8.1,12.6,0,2.97346,0.278625,0
8.1,12.7,0,2.98072,0.239478,0
8.2,0,0,2.97364,-0.241647,0
8.2,0.1,0,2.96769,-0.266958,0
8.2,0.2,0,2.96579,-0.272956,0
8.2,0.3,0,2.9692,-0.248502,0
8.2,0.4,0,2.96675,-0.240065,0
8.2,0.5,0,2.95933,-0.250331,0
8.2,0.6,0,2.96077,-0.243084,0
8.2,0.7,0,2.9667,-0.223532,0
8.2,0.8,0,2.96116,-0.24313,0
8.2,0.9,0,2.95923,-0.247133,0
8.2,1,0,2.96157,-0.227328,0
8.2,1.1,0,2.96447,-0.222309,0
8.2,1.2,0,2.96609,-0.233011,0
8.2,1.3,0,2.96272,-0.224884,0
8.2,1.4,0,2.95721,-0.204764,0
8.2,1.5,0,2.96045,-0.223137,0
8.2,1.6,0,2.95876,-0.225352,0
8.2,1.7,0,2.95125,-0.204272,0
8.2,1.8,0,2.94713,-0.196399,0
8.2,1.9,0,2.94677,-0.203311,0
8.2,2,0,2.94326,-0.195698,0
8.2,2.1,0,2.9382,-0.178919,0
8.2,2.2,0,2.93906,-0.193489,0
8.2,2.3,0,2.93781,-0.194747,0
8.2,2.4,0,2.93354,-0.176658,0
8.2,2.5,0,2.92742,-0.167882,0
8.2,2.6,0,2.92127,-0.170459,0
8.2,2.7,0,2.9211,-0.164459,0
8.2,2.8,0,2.92392,-0.152818,0
8.2,2.9,0,2.91637,-0.163045,0
8.2,3,0,2.91379,-0.163534,0
8.2,3.1,0,2.91726,-0.149032,0
8.2,3.2,0,2.9193,-0.142732,0
8.2,3.3,0,2.91853,-0.145715,0
8.2,3.4,0,2.91683,-0.139395,0
8.2,3.5,0,2.91564,-0.12737,0
8.2,3.6,0,2.92018,-0.138955,0
8.2,3.7,0,2.91922,-0.138695,0
8.2,3.8,0,2.91314,-0.121717,0
8.2,3.9,0,2.90899,-0.11148,0
8.2,4,0,2.90742,-0.110177,0
8.2,4.1,0,2.90513,-0.104101,0
8.2,4.2,0,2.90198,-0.0953259,0
8.2,4.3,0,2.89346,-0.0999025,0
8.2,4.4,0,2.89132,-0.0986024,0
8.2,4.5,0,2.89723,-0.0878678,0
8.2,4.6,0,2.90378,-0.0804765,0
8.2,4.7,0,2.90836,-0.0776371,0
8.2,4.8,0,2.90696,-0.0719144,0
8.2,4.9,0,2.90164,-0.0652723,0
8.2,5,0,2.90168,-0.0686992,0
8.2,5.1,0,2.90029,-0.0662607,0
8.2,5.2,0,2.89759,-0.0558587,0
8.2,5.3,0,2.89536,-0.0478238,0
8.2,5.4,0,2.8941,-0.0435141,0
8.2,5.5,0,2.89413,-0.0386908,0
8.2,5.6,0,2.89479,-0.0337846,0
8.2,5.7,0,2.89601,-0.0335648,0
8.2,5.8,0,2.89635,-0.0300723,0
8.2,5.9,0,2.89512,-0.0225693,0
8.2,6,0,2.89431,-0.016316,0
8.2,6.1,0,2.89416,-0.0119015,0
8.2,6.2,0,2.89375,-0.00706935,0
8.2,6.3,0,2.89332,-0.00236232,0
8.2,6.4,0,2.89431,0.00083096,0
8.2,6.5,0,2.89476,0.00518161,0
8.2,6.6,0,2.8942,0.0104932,0
8.2,6.7,0,2.89449,0.0157828,0
8.2,6.8,0,2.89552,0.0206795,0
8.2,6.9,0,2.89518,0.0241579,0
8.2,7,0,2.89409,0.026366,0
8.2,7.1,0,2.89461,0.0334853,0
8.2,7.2,0,2.89498,0.0379391,0
8.2,7.3,0,2.89539,0.0423545,0
8.2,7.4,0,2.89584,0.0467584,0
8.2,7.5,0,2.89634,0.0511591,0
8.2,7.6,0,2.8969,0.0555483,0
8.2,7.7,0,2.89751,0.0599204,0
8.2,7.8,0,2.8982,0.0642781,0
8.2,7.9,0,2.89898,0.0686431,0
8.2,8,0,2.90027,0.0744087,0
8.2,8.1,0,2.906,0.0838323,0
8.2,8.2,0,2.90366,0.0842733,0
8.2,8.3,0,2.90544,0.0916388,0
8.2,8.4,0,2.9065,0.0964787,0
8.2,8.5,0,2.9055,0.097462,0
8.2,8.6,0,2.9092,0.107319,0
8.2,8.7,0,2.90654,0.103594,0
8.2,8.8,0,2.91249,0.11761,0
8.2,8.9,0,2.91124,0.116375,0
8.2,9,0,2.91398,0.123637,0
8.2,9.1,0,2.91656,0.129962,0
8.2,9.2,0,2.91481,0.127803,0
8.2,9.3,0,2.91961,0.141195,0
8.2,9.4,0,2.91706,0.133707,0
8.2,9.5,0,2.92098,0.149934,0
8.2,9.6,0,2.92121,0.147439,0
8.2,9.7,0,2.92289,0.153888,0
8.2,9.8,0,2.92538,0.162415,0
8.2,9.9,0,2.92542,0.155809,0
8.2,10,0,2.929,0.172345,0
8.2,10.1,0,2.92934,0.162732,0
8.2,10.2,0,2.9335,0.181328,0
8.2,10.3,0,2.93455,0.177969,0
8.2,10.4,0,2.93575,0.181924,0
8.2,10.5,0,2.93841,0.193351,0
8.2,10.6,0,2.93911,0.18216,0
8.2,10.7,0,2.94216,0.202683,0
8.2,10.8,0,2.94338,0.190566,0
8.2,10.9,0,2.94482,0.208333,0
8.2,11,0,2.9471,0.206024,0
8.2,11.1,0,2.9492,0.208249,0
8.2,11.2,0,2.95116,0.222813,0
8.2,11.3,0,2.95377,0.205756,0
8.2,11.4,0,2.9548,0.229422,0
8.2,11.5,0,2.95773,0.216301,0
8.2,11.6,0,2.959,0.235288,0
8.2,11.7,0,2.96135,0.233953,0
8.2,11.8,0,2.96382,0.23104,0
8.2,11.9,0,2.96522,0.248211,0
8.2,12,0,2.96836,0.227027,0
8.2,12.1,0,2.96767,0.258154,0
8.2,12.2,0,2.97131,0.241071,0
8.2,12.3,0,2.97081,0.256748,0
8.2,12.4,0,2.97227,0.257846,0
8.2,12.5,0,2.97359,0.253709,0
8.2,12.6,0,2.97034,0.277126,0
8.2,12.7,0,2.97665,0.243465,0
8.3,0,0,2.96896,-0.245017,0
8.3,0.1,0,2.96346,-0.268182,0
8.3,0.2,0,2.96322,-0.266311,0
8.3,0.3,0,2.96492,-0.252397,0
8.3,0.4,0,2.96247,-0.243959,0
8.3,0.5,0,2.95833,-0.248392,0
8.3,0.6,0,2.95794,-0.246157,0
8.3,0.7,0,2.96337,-0.227973,0
8.3,0.8,0,2.95824,-0.245838,0
8.3,0.9,0,2.95778,-0.243487,0
8.3,1,0,2.95881,-0.231828,0
8.3,1.1,0,2.96171,-0.226808,0
8.3,1.2,0,2.96141,-0.231004,0
8.3,1.3,0,2.95891,-0.227762,0
8.3,1.4,0,2.95364,-0.208974,0
8.3,1.5,0,2.95633,-0.225552,0
8.3,1.6,0,2.95263,-0.221185,0
8.3,1.7,0,2.9469,-0.207905,0
8.3,1.8,0,2.94278,-0.200032,0
8.3,1.9,0,2.94125,-0.201907,0
8.3,2,0,2.93838,-0.198027,0
8.3,2.1,0,2.93349,-0.182267,0
8.3,2.2,0,2.93411,-0.195358,0
8.3,2.3,0,2.932,-0.191192,0
8.3,2.4,0,2.92874,-0.179601,0
8.3,2.5,0,2.92262,-0.170826,0
8.3,2.6,0,2.91869,-0.170472,0
8.3,2.7,0,2.9173,-0.166769,0
8.3,2.8,0,2.91979,-0.155755,0
8.3,2.9,0,2.91279,-0.1649,0
8.3,3,0,2.91224,-0.161421,0
8.3,3.1,0,2.91383,-0.152064,0
8.3,3.2,0,2.91587,-0.145764,0
8.3,3.3,0,2.91457,-0.145491,0
8.3,3.4,0,2.91265,-0.141496,0
8.3,3.5,0,2.91141,-0.130105,0
8.3,3.6,0,2.91533,-0.140373,0
8.3,3.7,0,2.91214,-0.135289,0
8.3,3.8,0,2.9074,-0.123861,0
8.3,3.9,0,2.90325,-0.113624,0
8.3,4,0,2.9015,-0.110607,0
8.3,4.1,0,2.89956,-0.105631,0
8.3,4.2,0,2.8965,-0.0971554,0
8.3,4.3,0,2.8887,-0.101079,0
8.3,4.4,0,2.88915,-0.0973848,0
8.3,4.5,0,2.89251,-0.0899358,0
8.3,4.6,0,2.89907,-0.0825445,0
8.3,4.7,0,2.9016,-0.0785343,0
8.3,4.8,0,2.9018,-0.0731861,0
8.3,4.9,0,2.89691,-0.0666462,0
8.3,5,0,2.89679,-0.0694214,0
8.3,5.1,0,2.89482,-0.0645932,0
8.3,5.2,0,2.89247,-0.0567924,0
8.3,5.3,0,2.89024,-0.0487574,0
8.3,5.4,0,2.88947,-0.0442238,0
8.3,5.5,0,2.88925,-0.0394343,0
8.3,5.6,0,2.88984,-0.0345373,0
8.3,5.7,0,2.89097,-0.0339539,0
8.3,5.8,0,2.89094,-0.029128,0
8.3,5.9,0,2.89027,-0.0228743,0
8.3,6,0,2.88946,-0.0166211,0
8.3,6.1,0,2.88919,-0.0119879,0
8.3,6.2,0,2.88877,-0.00710478,0
8.3,6.3,0,2.88835,-0.00238386,0
8.3,6.4,0,2.88928,0.000938023,0
8.3,6.5,0,2.8895,0.00576019,0
8.3,6.6,0,2.88931,0.0108434,0
8.3,6.7,0,2.88959,0.0161329,0
8.3,6.8,0,2.89013,0.0206093,0
8.3,6.9,0,2.89009,0.0246052,0
8.3,7,0,2.88908,0.0269544,0
8.3,7.1,0,2.8896,0.034241,0
8.3,7.2,0,2.88996,0.0387788,0
8.3,7.3,0,2.89036,0.0432736,0
8.3,7.4,0,2.8908,0.0477595,0
8.3,7.5,0,2.89129,0.0522419,0
8.3,7.6,0,2.89184,0.0567114,0
8.3,7.7,0,2.89245,0.0611634,0
8.3,7.8,0,2.89313,0.0655991,0
8.3,7.9,0,2.89391,0.0700437,0
8.3,8,0,2.89522,0.0759309,0
8.3,8.1,0,2.89951,0.0838184,0
8.3,8.2,0,2.89863,0.085989,0
8.3,8.3,0,2.90026,0.09309,0
8.3,8.4,0,2.90108,0.0976337,0
8.3,8.5,0,2.90047,0.0993603,0
8.3,8.6,0,2.90299,0.106893,0
8.3,8.7,0,2.90144,0.105675,0
8.3,8.8,0,2.90602,0.116831,0
8.3,8.9,0,2.9062,0.118649,0
8.3,9,0,2.90894,0.125911,0
8.3,9.1,0,2.91087,0.130656,0
8.3,9.2,0,2.90996,0.130304,0
8.3,9.3,0,2.91352,0.140071,0
8.3,9.4,0,2.91235,0.136414,0
8.3,9.5,0,2.91547,0.148798,0
8.3,9.6,0,2.91655,0.150359,0
8.3,9.7,0,2.91824,0.156808,0
8.3,9.8,0,2.92025,0.162235,0
8.3,9.9,0,2.9208,0.158928,0
8.3,10,0,2.92387,0.170903,0
8.3,10.1,0,2.92484,0.166085,0
8.3,10.2,0,2.92838,0.179955,0
8.3,10.3,0,2.93024,0.18156,0
8.3,10.4,0,2.93144,0.185515,0
8.3,10.5,0,2.93378,0.192076,0
8.3,10.6,0,2.93493,0.185983,0
8.3,10.7,0,2.9377,0.200771,0
8.3,10.8,0,2.9393,0.194615,0
8.3,10.9,0,2.94084,0.208121,0
8.3,11,0,2.94306,0.210248,0
8.3,11.1,0,2.94516,0.212473,0
8.3,11.2,0,2.9473,0.220556,0
8.3,11.3,0,2.94977,0.21017,0
8.3,11.4,0,2.95116,0.227299,0
8.3,11.5,0,2.95376,0.220828,0
8.3,11.6,0,2.95523,0.235883,0
8.3,11.7,0,2.95737,0.238576,0
8.3,11.8,0,2.95983,0.235663,0
8.3,11.9,0,2.96162,0.245391,0
8.3,12,0,2.96442,0.231652,0
8.3,12.1,0,2.96452,0.254128,0
8.3,12.2,0,2.9674,0.245649,0
8.3,12.3,0,2.96723,0.258579,0
8.3,12.4,0,2.96842,0.2611,0
8.3,12.5,0,2.9696,0.257988,0
8.3,12.6,0,2.96802,0.271002,0
8.3,12.7,0,2.97259,0.247452,0
8.4,0,0,2.96429,-0.248386,0
8.4,0.1,0,2.96089,-0.261537,0
8.4,0.2,0,2.96064,-0.259667,0
8.4,0.3,0,2.96064,-0.256291,0
8.4,0.4,0,2.95819,-0.247853,0
8.4,0.5,0,2.95733,-0.246452,0
8.4,0.6,0,2.95695,-0.244218,0
8.4,0.7,0,2.96005,-0.232413,0
8.4,0.8,0,2.95678,-0.242192,0
8.4,0.9,0,2.95632,-0.239841,0
8.4,1,0,2.95605,-0.236327,0
8.4,1.1,0,2.95895,-0.231308,0
8.4,1.2,0,2.95673,-0.228996,0
8.4,1.3,0,2.95422,-0.225754,0
8.4,1.4,0,2.95006,-0.213185,0
8.4,1.5,0,2.9502,-0.221385,0
8.4,1.6,0,2.9465,-0.217018,0
8.4,1.7,0,2.94255,-0.211538,0
8.4,1.8,0,2.93843,-0.203664,0
8.4,1.9,0,2.93573,-0.200504,0
8.4,2,0,2.93286,-0.196624,0
8.4,2.1,0,2.92877,-0.185616,0
8.4,2.2,0,2.9283,-0.191804,0
8.4,2.3,0,2.92619,-0.187638,0
8.4,2.4,0,2.92394,-0.182544,0
8.4,2.5,0,2.91782,-0.173769,0
8.4,2.6,0,2.91611,-0.170484,0
8.4,2.7,0,2.91472,-0.166781,0
8.4,2.8,0,2.91566,-0.158692,0
8.4,2.9,0,2.91124,-0.162787,0
8.4,3,0,2.91069,-0.159309,0
8.4,3.1,0,2.9104,-0.155096,0
8.4,3.2,0,2.91244,-0.148796,0
8.4,3.3,0,2.9106,-0.145267,0
8.4,3.4,0,2.90868,-0.141272,0
8.4,3.5,0,2.90717,-0.132839,0
8.4,3.6,0,2.90825,-0.136967,0
8.4,3.7,0,2.90505,-0.131882,0
8.4,3.8,0,2.90166,-0.126004,0
8.4,3.9,0,2.89751,-0.115768,0
8.4,4,0,2.89559,-0.111037,0
8.4,4.1,0,2.89364,-0.106061,0
8.4,4.2,0,2.89103,-0.0989849,0
8.4,4.3,0,2.88653,-0.0998614,0
8.4,4.4,0,2.88698,-0.0961672,0
8.4,4.5,0,2.8878,-0.0920037,0
8.4,4.6,0,2.89436,-0.0846124,0
8.4,4.7,0,2.89484,-0.0794315,0
8.4,4.8,0,2.89504,-0.0740834,0
8.4,4.9,0,2.89219,-0.0680201,0
8.4,5,0,2.89133,-0.067754,0
8.4,5.1,0,2.88936,-0.0629258,0
8.4,5.2,0,2.88735,-0.057726,0
8.4,5.3,0,2.88512,-0.049691,0
8.4,5.4,0,2.88484,-0.0449335,0
8.4,5.5,0,2.88462,-0.0401441,0
8.4,5.6,0,2.88489,-0.0352901,0
8.4,5.7,0,2.88555,-0.0330097,0
8.4,5.8,0,2.88553,-0.0281838,0
8.4,5.9,0,2.88542,-0.0231794,0
8.4,6,0,2.88461,-0.0169262,0
8.4,6.1,0,2.88421,-0.0120743,0
8.4,6.2,0,2.8838,-0.00719119,0
8.4,6.3,0,2.88338,-0.00240539,0
8.4,6.4,0,2.88402,0.0015166,0
8.4,6.5,0,2.88424,0.00633877,0
8.4,6.6,0,2.88441,0.0111936,0
8.4,6.7,0,2.8847,0.0164831,0
8.4,6.8,0,2.88473,0.0205391,0
8.4,6.9,0,2.8847,0.024535,0
8.4,7,0,2.88408,0.0275429,0
8.4,7.1,0,2.88459,0.0349966,0
8.4,7.2,0,2.88494,0.0396186,0
8.4,7.3,0,2.88533,0.0441928,0
8.4,7.4,0,2.88576,0.0487606,0
8.4,7.5,0,2.88625,0.0533247,0
8.4,7.6,0,2.88679,0.0578746,0
8.4,7.7,0,2.88739,0.0624064,0
8.4,7.8,0,2.88807,0.0669201,0
8.4,7.9,0,2.88884,0.0714443,0
8.4,8,0,2.89016,0.0774531,0
8.4,8.1,0,2.89302,0.0838045,0
8.4,8.2,0,2.8936,0.0877046,0
8.4,8.3,0,2.89406,0.0927344,0
8.4,8.4,0,2.89488,0.0972781,0
8.4,8.5,0,2.89544,0.101259,0
8.4,8.6,0,2.89677,0.106468,0
8.4,8.7,0,2.89634,0.107756,0
8.4,8.8,0,2.89956,0.116053,0
8.4,8.9,0,2.90099,0.120565,0
8.4,9,0,2.90261,0.125251,0
8.4,9.1,0,2.90444,0.12976,0
8.4,9.2,0,2.90511,0.132804,0
8.4,9.3,0,2.90743,0.138948,0
8.4,9.4,0,2.90764,0.139121,0
8.4,9.5,0,2.90996,0.147663,0
8.4,9.6,0,2.91163,0.151985,0
8.4,9.7,0,2.9131,0.156621,0
8.4,9.8,0,2.91492,0.160859,0
8.4,9.9,0,2.91619,0.162047,0
8.4,10,0,2.91873,0.169462,0
8.4,10.1,0,2.92035,0.169439,0
8.4,10.2,0,2.92322,0.178259,0
8.4,10.3,0,2.92548,0.182395,0
8.4,10.4,0,2.92695,0.186388,0
8.4,10.5,0,2.92912,0.190452,0
8.4,10.6,0,2.93075,0.189805,0
8.4,10.7,0,2.93324,0.198859,0
8.4,10.8,0,2.93522,0.198665,0
8.4,10.9,0,2.9369,0.206364,0
8.4,11,0,2.93909,0.210145,0
8.4,11.1,0,2.94118,0.214628,0
8.4,11.2,0,2.94345,0.218299,0
8.4,11.3,0,2.94578,0.214583,0
8.4,11.4,0,2.94751,0.225177,0
8.4,11.5,0,2.94979,0.225355,0
8.4,11.6,0,2.95165,0.233018,0
8.4,11.7,0,2.95375,0.236269,0
8.4,11.8,0,2.95589,0.239415,0
8.4,11.9,0,2.95803,0.24257,0
8.4,12,0,2.96049,0.236278,0
8.4,12.1,0,2.96138,0.250102,0
8.4,12.2,0,2.96349,0.250227,0
8.4,12.3,0,2.96432,0.254828,0
8.4,12.4,0,2.9655,0.257349,0
8.4,12.5,0,2.96561,0.262266,0
8.4,12.6,0,2.96569,0.264878,0
8.4,12.7,0,2.96852,0.251439,0
8.5,0,0,2.95961,-0.251756,0
8.5,0.1,0,2.95832,-0.254893,0
8.5,0.2,0,2.95807,-0.253023,0
8.5,0.3,0,2.95782,-0.251152,0
8.5,0.4,0,2.95672,-0.246747,0
8.5,0.5,0,2.95633,-0.244513,0
8.5,0.6,0,2.95595,-0.242278,0
8.5,0.7,0,2.95672,-0.236854,0
8.5,0.8,0,2.95533,-0.238546,0
8.5,0.9,0,2.95487,-0.236195,0
8.5,1,0,2.95441,-0.233845,0
8.5,1.1,0,2.95455,-0.230229,0
8.5,1.2,0,2.95204,-0.226988,0
8.5,1.3,0,2.94954,-0.223746,0
8.5,1.4,0,2.94649,-0.217395,0
8.5,1.5,0,2.94407,-0.217217,0
8.5,1.6,0,2.94037,-0.212851,0
8.5,1.7,0,2.93667,-0.208485,0
8.5,1.8,0,2.93308,-0.20298,0
8.5,1.9,0,2.93021,-0.1991,0
8.5,2,0,2.92733,-0.19522,0
8.5,2.1,0,2.92406,-0.188964,0
8.5,2.2,0,2.9225,-0.188249,0
8.5,2.3,0,2.92039,-0.184084,0
8.5,2.4,0,2.91828,-0.179918,0
8.5,2.5,0,2.91492,-0.1742,0
8.5,2.6,0,2.91353,-0.170497,0
8.5,2.7,0,2.91214,-0.166794,0
8.5,2.8,0,2.91153,-0.161629,0
8.5,2.9,0,2.90968,-0.160675,0
8.5,3,0,2.90913,-0.157197,0
8.5,3.1,0,2.90858,-0.153718,0
8.5,3.2,0,2.90855,-0.149037,0
8.5,3.3,0,2.90664,-0.145043,0
8.5,3.4,0,2.90472,-0.141048,0
8.5,3.5,0,2.90294,-0.135574,0
8.5,3.6,0,2.90116,-0.13356,0
8.5,3.7,0,2.89797,-0.128475,0
8.5,3.8,0,2.89477,-0.123391,0
8.5,3.9,0,2.89161,-0.116442,0
8.5,4,0,2.88967,-0.111466,0
8.5,4.1,0,2.88773,-0.10649,0
8.5,4.2,0,2.88556,-0.100814,0
8.5,4.3,0,2.88436,-0.0986438,0
8.5,4.4,0,2.88482,-0.0949496,0
8.5,4.5,0,2.88527,-0.0912555,0
8.5,4.6,0,2.88789,-0.0856769,0
8.5,4.7,0,2.88809,-0.0803287,0
8.5,4.8,0,2.88828,-0.0749806,0
8.5,4.9,0,2.88746,-0.0693941,0
8.5,5,0,2.88586,-0.0660865,0
8.5,5.1,0,2.8839,-0.0612584,0
8.5,5.2,0,2.88193,-0.0564302,0
8.5,5.3,0,2.88042,-0.0504327,0
8.5,5.4,0,2.88021,-0.0456433,0
8.5,5.5,0,2.87999,-0.0408538,0
8.5,5.6,0,2.87994,-0.0360428,0
8.5,5.7,0,2.88014,-0.0320654,0
8.5,5.8,0,2.88012,-0.0272395,0
8.5,5.9,0,2.88009,-0.0224136,0
8.5,6,0,2.87965,-0.0170438,0
8.5,6.1,0,2.87924,-0.0121607,0
8.5,6.2,0,2.87882,-0.00727759,0
8.5,6.3,0,2.8784,-0.00242692,0
8.5,6.4,0,2.87877,0.00209518,0
8.5,6.5,0,2.87899,0.00691735,0
8.5,6.6,0,2.87921,0.0117395,0
8.5,6.7,0,2.87937,0.0164729,0
8.5,6.8,0,2.87934,0.0204689,0
8.5,6.9,0,2.8793,0.0244648,0
8.5,7,0,2.87907,0.0281313,0
8.5,7.1,0,2.87958,0.0357523,0
8.5,7.2,0,2.87992,0.0404583,0
8.5,7.3,0,2.8803,0.0451119,0
8.5,7.4,0,2.88072,0.0497618,0
8.5,7.5,0,2.8812,0.0544075,0
8.5,7.6,0,2.88173,0.0590377,0
8.5,7.7,0,2.88233,0.0636494,0
8.5,7.8,0,2.883,0.0682411,0
8.5,7.9,0,2.88378,0.0728449,0
8.5,8,0,2.8851,0.0789752,0
8.5,8.1,0,2.88652,0.0837906,0
8.5,8.2,0,2.88723,0.0878379,0
8.5,8.3,0,2.88786,0.0923787,0
8.5,8.4,0,2.88868,0.0969225,0
8.5,8.5,0,2.88956,0.101501,0
8.5,8.6,0,2.89056,0.106042,0
8.5,8.7,0,2.89123,0.109837,0
8.5,8.8,0,2.8931,0.115274,0
8.5,8.9,0,2.89453,0.119786,0
8.5,9,0,2.89618,0.124355,0
8.5,9.1,0,2.89801,0.128865,0
8.5,9.2,0,2.89963,0.133453,0
8.5,9.3,0,2.90135,0.137824,0
8.5,9.4,0,2.90293,0.141827,0
8.5,9.5,0,2.90445,0.146527,0
8.5,9.6,0,2.90612,0.150849,0
8.5,9.7,0,2.90778,0.155246,0
8.5,9.8,0,2.9096,0.159484,0
8.5,9.9,0,2.91141,0.16376,0
8.5,10,0,2.9136,0.168021,0
8.5,10.1,0,2.91578,0.172282,0
8.5,10.2,0,2.91805,0.176564,0
8.5,10.3,0,2.92032,0.1807,0
8.5,10.4,0,2.92229,0.184764,0
8.5,10.5,0,2.92446,0.188829,0
8.5,10.6,0,2.92655,0.193018,0
8.5,10.7,0,2.92878,0.196947,0
8.5,10.8,0,2.93102,0.200876,0
8.5,10.9,0,2.93296,0.204608,0
8.5,11,0,2.93515,0.208389,0
8.5,11.1,0,2.93733,0.212371,0
8.5,11.2,0,2.93959,0.216042,0
8.5,11.3,0,2.94178,0.218997,0
8.5,11.4,0,2.94386,0.223054,0
8.5,11.5,0,2.94598,0.226486,0
8.5,11.6,0,2.94806,0.230154,0
8.5,11.7,0,2.95017,0.233405,0
8.5,11.8,0,2.95229,0.236595,0
8.5,11.9,0,2.95443,0.23975,0
8.5,12,0,2.95656,0.240903,0
8.5,12.1,0,2.95823,0.246076,0
8.5,12.2,0,2.96013,0.248672,0
8.5,12.3,0,2.96141,0.251078,0
8.5,12.4,0,2.96259,0.253598,0
8.5,12.5,0,2.96314,0.257028,0
8.5,12.6,0,2.96336,0.258754,0
8.5,12.7,0,2.96445,0.255426,0
8.6,0,0,2.95763,-0.25025,0
8.6,0.1,0,2.95583,-0.248937,0
8.6,0.2,0,2.95559,-0.247067,0
8.6,0.3,0,2.95534,-0.245197,0
8.6,0.4,0,2.95568,-0.244253,0
8.6,0.5,0,2.9553,-0.242018,0
8.6,0.6,0,2.95491,-0.239784,0
8.6,0.7,0,2.95446,-0.236963,0
8.6,0.8,0,2.95394,-0.235498,0
8.6,0.9,0,2.95348,-0.233147,0
8.6,1,0,2.95302,-0.230796,0
8.6,1.1,0,2.95055,-0.227952,0
8.6,1.2,0,2.94805,-0.22471,0
8.6,1.3,0,2.94554,-0.221469,0
8.6,1.4,0,2.94282,-0.217768,0
8.6,1.5,0,2.93769,-0.213734,0
8.6,1.6,0,2.93399,-0.209368,0
8.6,1.7,0,2.93029,-0.205001,0
8.6,1.8,0,2.9275,-0.200713,0
8.6,1.9,0,2.92463,-0.196833,0
8.6,2,0,2.92176,-0.192953,0
8.6,2.1,0,2.92008,-0.189606,0
8.6,2.2,0,2.91647,-0.185663,0
8.6,2.3,0,2.91436,-0.181498,0
8.6,2.4,0,2.91225,-0.177332,0
8.6,2.5,0,2.9123,-0.173074,0
8.6,2.6,0,2.91091,-0.169371,0
8.6,2.7,0,2.90952,-0.165668,0
8.6,2.8,0,2.90798,-0.162411,0
8.6,2.9,0,2.90787,-0.159618,0
8.6,3,0,2.90731,-0.15614,0
8.6,3.1,0,2.90676,-0.152662,0
8.6,3.2,0,2.90536,-0.147948,0
8.6,3.3,0,2.90344,-0.143953,0
8.6,3.4,0,2.90152,-0.139959,0
8.6,3.5,0,2.8985,-0.136091,0
8.6,3.6,0,2.89378,-0.131421,0
8.6,3.7,0,2.89058,-0.126336,0
8.6,3.8,0,2.88738,-0.121251,0
8.6,3.9,0,2.88553,-0.115565,0
8.6,4,0,2.88359,-0.110589,0
8.6,4.1,0,2.88165,-0.105613,0
8.6,4.2,0,2.8813,-0.10142,0
8.6,4.3,0,2.88148,-0.0982612,0
8.6,4.4,0,2.88193,-0.0945671,0
8.6,4.5,0,2.88238,-0.0908729,0
8.6,4.6,0,2.88195,-0.0863484,0
8.6,4.7,0,2.88215,-0.0810003,0
8.6,4.8,0,2.88234,-0.0756521,0
8.6,4.9,0,2.88243,-0.0698571,0
8.6,5,0,2.88038,-0.0644532,0
8.6,5.1,0,2.87842,-0.059625,0
8.6,5.2,0,2.87645,-0.0547968,0
8.6,5.3,0,2.87517,-0.0510941,0
8.6,5.4,0,2.87495,-0.0463046,0
8.6,5.5,0,2.87474,-0.0415151,0
8.6,5.6,0,2.87516,-0.0364041,0
8.6,5.7,0,2.87529,-0.0311829,0
8.6,5.8,0,2.87526,-0.026357,0
8.6,5.9,0,2.87524,-0.0215311,0
8.6,6,0,2.87426,-0.0170895,0
8.6,6.1,0,2.87385,-0.0122064,0
8.6,6.2,0,2.87343,-0.0073233,0
8.6,6.3,0,2.8736,-0.00248422,0
8.6,6.4,0,2.87369,0.00265552,0
8.6,6.5,0,2.87391,0.00747768,0
8.6,6.6,0,2.87413,0.0122998,0
8.6,6.7,0,2.87389,0.0167254,0
8.6,6.8,0,2.87386,0.0207213,0
8.6,6.9,0,2.87382,0.0247172,0
8.6,7,0,2.87432,0.0283052,0
8.6,7.1,0,2.87486,0.036014,0
8.6,7.2,0,2.87522,0.0407508,0
8.6,7.3,0,2.87562,0.0454375,0
8.6,7.4,0,2.87605,0.0501233,0
8.6,7.5,0,2.87655,0.0548043,0
8.6,7.6,0,2.87709,0.0594687,0
8.6,7.7,0,2.8777,0.0641149,0
8.6,7.8,0,2.87839,0.0687397,0
8.6,7.9,0,2.87917,0.073375,0
8.6,8,0,2.88048,0.0795604,0
8.6,8.1,0,2.88005,0.0835972,0
8.6,8.2,0,2.88076,0.0876445,0
8.6,8.3,0,2.88162,0.0920798,0
8.6,8.4,0,2.88244,0.0966236,0
8.6,8.5,0,2.88335,0.101019,0
8.6,8.6,0,2.88435,0.10556,0
8.6,8.7,0,2.88608,0.110108,0
8.6,8.8,0,2.88653,0.114558,0
8.6,8.9,0,2.88796,0.119071,0
8.6,9,0,2.88976,0.123397,0
8.6,9.1,0,2.89159,0.127906,0
8.6,9.2,0,2.89356,0.132427,0
8.6,9.3,0,2.89527,0.136797,0
8.6,9.4,0,2.89721,0.141176,0
8.6,9.5,0,2.89893,0.145306,0
8.6,9.6,0,2.9006,0.149629,0
8.6,9.7,0,2.90242,0.153976,0
8.6,9.8,0,2.90424,0.158214,0
8.6,9.9,0,2.90622,0.162207,0
8.6,10,0,2.9084,0.166468,0
8.6,10.1,0,2.91059,0.170729,0
8.6,10.2,0,2.91293,0.175011,0
8.6,10.3,0,2.91519,0.179147,0
8.6,10.4,0,2.91762,0.183016,0
8.6,10.5,0,2.91979,0.187081,0
8.6,10.6,0,2.92208,0.191264,0
8.6,10.7,0,2.92432,0.195193,0
8.6,10.8,0,2.92656,0.199122,0
8.6,10.9,0,2.92904,0.20273,0
8.6,11,0,2.93122,0.206511,0
8.6,11.1,0,2.93343,0.210263,0
8.6,11.2,0,2.9357,0.213934,0
8.6,11.3,0,2.93823,0.217363,0
8.6,11.4,0,2.94029,0.220842,0
8.6,11.5,0,2.94241,0.224274,0
8.6,11.6,0,2.94441,0.227424,0
8.6,11.7,0,2.94651,0.230675,0
8.6,11.8,0,2.94876,0.233664,0
8.6,11.9,0,2.9509,0.236819,0
8.6,12,0,2.9536,0.239471,0
8.6,12.1,0,2.95507,0.242299,0
8.6,12.2,0,2.95697,0.244895,0
8.6,12.3,0,2.95868,0.247096,0
8.6,12.4,0,2.95986,0.249617,0
8.6,12.5,0,2.96087,0.251331,0
8.6,12.6,0,2.96109,0.253058,0
8.6,12.7,0,2.96256,0.254146,0
8.7,0,0,2.95835,-0.243868,0
8.7,0.1,0,2.95344,-0.243671,0
8.7,0.2,0,2.95319,-0.241801,0
8.7,0.3,0,2.95331,-0.239952,0
8.7,0.4,0,2.95477,-0.240908,0
8.7,0.5,0,2.95422,-0.238969,0
8.7,0.6,0,2.95383,-0.236734,0
8.7,0.7,0,2.95326,-0.23274,0
8.7,0.8,0,2.95262,-0.233047,0
8.7,0.9,0,2.95216,-0.230697,0
8.7,1,0,2.9515,-0.228144,0
8.7,1.1,0,2.94732,-0.225217,0
8.7,1.2,0,2.94474,-0.222163,0
8.7,1.3,0,2.94223,-0.218922,0
8.7,1.4,0,2.93907,-0.214303,0
8.7,1.5,0,2.93107,-0.210934,0
8.7,1.6,0,2.92737,-0.206568,0
8.7,1.7,0,2.9241,-0.202213,0
8.7,1.8,0,2.92215,-0.197642,0
8.7,1.9,0,2.91899,-0.193703,0
8.7,2,0,2.91612,-0.189823,0
8.7,2.1,0,2.91683,-0.187542,0
8.7,2.2,0,2.91022,-0.184045,0
8.7,2.3,0,2.90811,-0.17988,0
8.7,2.4,0,2.90649,-0.175728,0
8.7,2.5,0,2.9096,-0.170915,0
8.7,2.6,0,2.90824,-0.167106,0
8.7,2.7,0,2.90685,-0.163403,0
8.7,2.8,0,2.90502,-0.16104,0
8.7,2.9,0,2.90578,-0.159617,0
8.7,3,0,2.90523,-0.156139,0
8.7,3.1,0,2.90441,-0.152433,0
8.7,3.2,0,2.90271,-0.146044,0
8.7,3.3,0,2.90101,-0.141998,0
8.7,3.4,0,2.8991,-0.138003,0
8.7,3.5,0,2.89387,-0.13439,0
8.7,3.6,0,2.8861,-0.130548,0
8.7,3.7,0,2.8829,-0.125464,0
8.7,3.8,0,2.88019,-0.120344,0
8.7,3.9,0,2.87958,-0.113532,0
8.7,4,0,2.87735,-0.108404,0
8.7,4.1,0,2.8754,-0.103428,0
8.7,4.2,0,2.87824,-0.100803,0
8.7,4.3,0,2.87787,-0.0987137,0
8.7,4.4,0,2.87832,-0.0950195,0
8.7,4.5,0,2.87868,-0.0911744,0
8.7,4.6,0,2.87694,-0.0866443,0
8.7,4.7,0,2.87702,-0.0814461,0
8.7,4.8,0,2.87722,-0.076098,0
8.7,4.9,0,2.87709,-0.0694093,0
8.7,5,0,2.87488,-0.062854,0
8.7,5.1,0,2.87291,-0.0580258,0
8.7,5.2,0,2.87111,-0.0533792,0
8.7,5.3,0,2.86949,-0.0515726,0
8.7,5.4,0,2.86907,-0.0469176,0
8.7,5.5,0,2.86885,-0.0421281,0
8.7,5.6,0,2.87056,-0.0363739,0
8.7,5.7,0,2.871,-0.0303622,0
8.7,5.8,0,2.87097,-0.0255363,0
8.7,5.9,0,2.87088,-0.0208105,0
8.7,6,0,2.86861,-0.0170767,0
8.7,6.1,0,2.86804,-0.0122114,0
8.7,6.2,0,2.86763,-0.0073283,0
8.7,6.3,0,2.86897,-0.00257728,0
8.7,6.4,0,2.8688,0.0031976,0
8.7,6.5,0,2.86902,0.00801977,0
8.7,6.6,0,2.86927,0.0127494,0
8.7,6.7,0,2.86846,0.0172033,0
8.7,6.8,0,2.86829,0.0212964,0
8.7,6.9,0,2.86826,0.0252923,0
8.7,7,0,2.86981,0.0280643,0
8.7,7.1,0,2.87042,0.0357817,0
8.7,7.2,0,2.87083,0.0404962,0
8.7,7.3,0,2.87127,0.0451694,0
8.7,7.4,0,2.87175,0.0498454,0
8.7,7.5,0,2.87229,0.054515,0
8.7,7.6,0,2.87287,0.0591677,0
8.7,7.7,0,2.87352,0.0638029,0
8.7,7.8,0,2.87423,0.0684159,0
8.7,7.9,0,2.87503,0.0730345,0
8.7,8,0,2.87629,0.0792086,0
8.7,8.1,0,2.87359,0.0832243,0
8.7,8.2,0,2.8745,0.0872686,0
8.7,8.3,0,2.87533,0.0918375,0
8.7,8.4,0,2.87615,0.0963813,0
8.7,8.5,0,2.87781,0.100507,0
8.7,8.6,0,2.87814,0.105023,0
8.7,8.7,0,2.88231,0.109592,0
8.7,8.8,0,2.87985,0.113906,0
8.7,8.9,0,2.88128,0.118419,0
8.7,9,0,2.88336,0.122376,0
8.7,9.1,0,2.88518,0.126886,0
8.7,9.2,0,2.88859,0.131592,0
8.7,9.3,0,2.88922,0.135867,0
8.7,9.4,0,2.89343,0.140338,0
8.7,9.5,0,2.89341,0.144001,0
8.7,9.6,0,2.89508,0.148323,0
8.7,9.7,0,2.89702,0.152813,0
8.7,9.8,0,2.89885,0.157051,0
8.7,9.9,0,2.90207,0.160921,0
8.7,10,0,2.90316,0.164803,0
8.7,10.1,0,2.90675,0.169369,0
8.7,10.2,0,2.90783,0.1736,0
8.7,10.3,0,2.9101,0.177736,0
8.7,10.4,0,2.91293,0.181143,0
8.7,10.5,0,2.91511,0.185208,0
8.7,10.6,0,2.9184,0.189468,0
8.7,10.7,0,2.91985,0.193598,0
8.7,10.8,0,2.92281,0.197183,0
8.7,10.9,0,2.92513,0.20073,0
8.7,11,0,2.92731,0.204511,0
8.7,11.1,0,2.9295,0.208304,0
8.7,11.2,0,2.93177,0.211975,0
8.7,11.3,0,2.93529,0.214572,0
8.7,11.4,0,2.9368,0.21854,0
8.7,11.5,0,2.93937,0.221524,0
8.7,11.6,0,2.94068,0.224828,0
8.7,11.7,0,2.94279,0.228079,0
8.7,11.8,0,2.9453,0.230622,0
8.7,11.9,0,2.94743,0.233778,0
8.7,12,0,2.95187,0.235161,0
8.7,12.1,0,2.9519,0.238772,0
8.7,12.2,0,2.9544,0.240981,0
8.7,12.3,0,2.95613,0.242884,0
8.7,12.4,0,2.95732,0.245405,0
8.7,12.5,0,2.95883,0.24602,0
8.7,12.6,0,2.95887,0.247788,0
8.7,12.7,0,2.96285,0.247602,0
8.8,0,0,2.95907,-0.237486,0
8.8,0.1,0,2.95105,-0.238405,0
8.8,0.2,0,2.9508,-0.236535,0
8.8,0.3,0,2.95343,-0.234835,0
8.8,0.4,0,2.9549,-0.235792,0
8.8,0.5,0,2.95314,-0.23592,0
8.8,0.6,0,2.95275,-0.233685,0
8.8,0.7,0,2.95205,-0.228518,0
8.8,0.8,0,2.9513,-0.230597,0
8.8,0.9,0,2.95084,-0.228246,0
8.8,1,0,2.94878,-0.224278,0
8.8,1.1,0,2.94459,-0.221351,0
8.8,1.2,0,2.94142,-0.219617,0
8.8,1.3,0,2.93892,-0.216375,0
8.8,1.4,0,2.93532,-0.210838,0
8.8,1.5,0,2.92444,-0.208135,0
8.8,1.6,0,2.92075,-0.203769,0
8.8,1.7,0,2.92048,-0.199494,0
8.8,1.8,0,2.91853,-0.194923,0
8.8,1.9,0,2.91335,-0.190574,0
8.8,2,0,2.91048,-0.186694,0
8.8,2.1,0,2.91357,-0.185478,0
8.8,2.2,0,2.90397,-0.182428,0
8.8,2.3,0,2.90186,-0.178262,0
8.8,2.4,0,2.90365,-0.174205,0
8.8,2.5,0,2.90676,-0.169393,0
8.8,2.6,0,2.90557,-0.164841,0
8.8,2.7,0,2.90419,-0.161138,0
8.8,2.8,0,2.90205,-0.159669,0
8.8,2.9,0,2.9037,-0.159617,0
8.8,3,0,2.90314,-0.156138,0
8.8,3.1,0,2.90043,-0.150836,0
8.8,3.2,0,2.89873,-0.144447,0
8.8,3.3,0,2.89859,-0.140043,0
8.8,3.4,0,2.89667,-0.136048,0
8.8,3.5,0,2.88924,-0.132689,0
8.8,3.6,0,2.87841,-0.129676,0
8.8,3.7,0,2.87522,-0.124591,0
8.8,3.8,0,2.87596,-0.119226,0
8.8,3.9,0,2.87534,-0.112415,0
8.8,4,0,2.8711,-0.106219,0
8.8,4.1,0,2.86916,-0.101243,0
8.8,4.2,0,2.87518,-0.100185,0
8.8,4.3,0,2.87426,-0.0991662,0
8.8,4.4,0,2.87472,-0.095472,0
8.8,4.5,0,2.87437,-0.0905702,0
8.8,4.6,0,2.87263,-0.0860401,0
8.8,4.7,0,2.87189,-0.081892,0
8.8,4.8,0,2.87209,-0.0765439,0
8.8,4.9,0,2.87174,-0.0689615,0
8.8,5,0,2.86938,-0.0612548,0
8.8,5.1,0,2.86741,-0.0564266,0
8.8,5.2,0,2.86671,-0.053051,0
8.8,5.3,0,2.86509,-0.0512444,0
8.8,5.4,0,2.86318,-0.0475306,0
8.8,5.5,0,2.86297,-0.0427411,0
8.8,5.6,0,2.86595,-0.0363437,0
8.8,5.7,0,2.8667,-0.0295415,0
8.8,5.8,0,2.86668,-0.0247156,0
8.8,5.9,0,2.86615,-0.0206906,0
8.8,6,0,2.86388,-0.0169567,0
8.8,6.1,0,2.86224,-0.0122164,0
8.8,6.2,0,2.86182,-0.00733331,0
8.8,6.3,0,2.86434,-0.00267035,0
8.8,6.4,0,2.8639,0.00373969,0
8.8,6.5,0,2.86412,0.00856185,0
8.8,6.6,0,2.86462,0.0126438,0
8.8,6.7,0,2.86381,0.0170977,0
8.8,6.8,0,2.86272,0.0218715,0
8.8,6.9,0,2.86269,0.0258674,0
8.8,7,0,2.8653,0.0278235,0
8.8,7.1,0,2.86598,0.0355495,0
8.8,7.2,0,2.86644,0.0402416,0
8.8,7.3,0,2.86693,0.0449013,0
8.8,7.4,0,2.86745,0.0495674,0
8.8,7.5,0,2.86803,0.0542257,0
8.8,7.6,0,2.86865,0.0588666,0
8.8,7.7,0,2.86933,0.063491,0
8.8,7.8,0,2.87007,0.0680922,0
8.8,7.9,0,2.87088,0.0726939,0
8.8,8,0,2.87211,0.0788567,0
8.8,8.1,0,2.86713,0.0828514,0
8.8,8.2,0,2.87041,0.0868607,0
8.8,8.3,0,2.86904,0.0915953,0
8.8,8.4,0,2.86986,0.0961391,0
8.8,8.5,0,2.87395,0.100058,0
8.8,8.6,0,2.87193,0.104485,0
8.8,8.7,0,2.87855,0.109076,0
8.8,8.8,0,2.87317,0.113254,0
8.8,8.9,0,2.87717,0.117793,0
8.8,9,0,2.87714,0.121385,0
8.8,9.1,0,2.87877,0.125865,0
8.8,9.2,0,2.88476,0.130858,0
8.8,9.3,0,2.88316,0.134938,0
8.8,9.4,0,2.88965,0.1395,0
8.8,9.5,0,2.8879,0.142695,0
8.8,9.6,0,2.89081,0.147254,0
8.8,9.7,0,2.8921,0.151706,0
8.8,9.8,0,2.89345,0.155887,0
8.8,9.9,0,2.89842,0.159805,0
8.8,10,0,2.89792,0.163139,0
8.8,10.1,0,2.90307,0.168046,0
8.8,10.2,0,2.90274,0.17219,0
8.8,10.3,0,2.90569,0.176262,0
8.8,10.4,0,2.90874,0.179428,0
8.8,10.5,0,2.91042,0.183335,0
8.8,10.6,0,2.91481,0.187647,0
8.8,10.7,0,2.91539,0.192002,0
8.8,10.8,0,2.91937,0.195092,0
8.8,10.9,0,2.92122,0.19873,0
8.8,11,0,2.92361,0.202391,0
8.8,11.1,0,2.92608,0.206022,0
8.8,11.2,0,2.92784,0.210016,0
8.8,11.3,0,2.93236,0.21178,0
8.8,11.4,0,2.9333,0.216238,0
8.8,11.5,0,2.93681,0.218307,0
8.8,11.6,0,2.93695,0.222232,0
8.8,11.7,0,2.93917,0.225401,0
8.8,11.8,0,2.94295,0.227001,0
8.8,11.9,0,2.94396,0.230736,0
8.8,12,0,2.95014,0.230852,0
8.8,12.1,0,2.94874,0.235244,0
8.8,12.2,0,2.95334,0.236109,0
8.8,12.3,0,2.95359,0.238672,0
8.8,12.4,0,2.95478,0.241193,0
8.8,12.5,0,2.95861,0.24027,0
8.8,12.6,0,2.95666,0.242518,0
8.8,12.7,0,2.96314,0.241056,0
8.9,0,0,2.95979,-0.231104,0
8.9,0.1,0,2.9511,-0.232262,0
8.9,0.2,0,2.94841,-0.231268,0
8.9,0.3,0,2.95355,-0.229719,0
8.9,0.4,0,2.95502,-0.230675,0
8.9,0.5,0,2.95206,-0.23287,0
8.9,0.6,0,2.95158,-0.229714,0
8.9,0.7,0,2.95085,-0.224295,0
8.9,0.8,0,2.95007,-0.226754,0
8.9,0.9,0,2.94952,-0.225795,0
8.9,1,0,2.94605,-0.220413,0
8.9,1.1,0,2.94187,-0.217486,0
8.9,1.2,0,2.93811,-0.21707,0
8.9,1.3,0,2.93527,-0.213107,0
8.9,1.4,0,2.93157,-0.207373,0
8.9,1.5,0,2.92008,-0.204813,0
8.9,1.6,0,2.91412,-0.200969,0
8.9,1.7,0,2.91687,-0.196775,0
8.9,1.8,0,2.91492,-0.192204,0
8.9,1.9,0,2.90772,-0.187444,0
8.9,2,0,2.90672,-0.184401,0
8.9,2.1,0,2.91032,-0.183414,0
8.9,2.2,0,2.90007,-0.180459,0
8.9,2.3,0,2.89561,-0.176644,0
8.9,2.4,0,2.9008,-0.172683,0
8.9,2.5,0,2.90392,-0.16787,0
8.9,2.6,0,2.90291,-0.162577,0
8.9,2.7,0,2.90129,-0.159576,0
8.9,2.8,0,2.89909,-0.158298,0
8.9,2.9,0,2.90092,-0.158539,0
8.9,3,0,2.90106,-0.156137,0
8.9,3.1,0,2.89645,-0.149239,0
8.9,3.2,0,2.89476,-0.14285,0
8.9,3.3,0,2.89616,-0.138088,0
8.9,3.4,0,2.89251,-0.134293,0
8.9,3.5,0,2.8846,-0.130988,0
8.9,3.6,0,2.87313,-0.128153,0
8.9,3.7,0,2.86753,-0.123719,0
8.9,3.8,0,2.87173,-0.118109,0
8.9,3.9,0,2.87111,-0.111297,0
8.9,4,0,2.86486,-0.104034,0
8.9,4.1,0,2.86542,-0.10029,0
8.9,4.2,0,2.87212,-0.099568,0
8.9,4.3,0,2.87109,-0.098778,0
8.9,4.4,0,2.87111,-0.0959245,0
8.9,4.5,0,2.87007,-0.0899661,0
8.9,4.6,0,2.86833,-0.085436,0
8.9,4.7,0,2.86677,-0.0823379,0
8.9,4.8,0,2.86679,-0.0762876,0
8.9,4.9,0,2.8664,-0.0685137,0
8.9,5,0,2.864,-0.0605602,0
8.9,5.1,0,2.86191,-0.0548274,0
8.9,5.2,0,2.86231,-0.0527228,0
8.9,5.3,0,2.8607,-0.0509162,0
8.9,5.4,0,2.8573,-0.0481435,0
8.9,5.5,0,2.85809,-0.0428487,0
8.9,5.6,0,2.86134,-0.0363136,0
8.9,5.7,0,2.86216,-0.0293419,0
8.9,5.8,0,2.86238,-0.0238949,0
8.9,5.9,0,2.86141,-0.0205706,0
8.9,6,0,2.85914,-0.0168367,0
8.9,6.1,0,2.85643,-0.0122214,0
8.9,6.2,0,2.85694,-0.0074075,0
8.9,6.3,0,2.85971,-0.00276341,0
8.9,6.4,0,2.85921,0.00378273,0
8.9,6.5,0,2.85923,0.00910394,0
8.9,6.6,0,2.85997,0.0125383,0
8.9,6.7,0,2.85916,0.0169921,0
8.9,6.8,0,2.85716,0.0224466,0
8.9,6.9,0,2.85795,0.0258015,0
8.9,7,0,2.86079,0.0275827,0
8.9,7.1,0,2.86155,0.0353172,0
8.9,7.2,0,2.86205,0.039987,0
8.9,7.3,0,2.86258,0.0446332,0
8.9,7.4,0,2.86315,0.0492894,0
8.9,7.5,0,2.86377,0.0539364,0
8.9,7.6,0,2.86443,0.0585656,0
8.9,7.7,0,2.86514,0.0631791,0
8.9,7.8,0,2.86591,0.0677684,0
8.9,7.9,0,2.86674,0.0723534,0
8.9,8,0,2.86792,0.0785049,0
8.9,8.1,0,2.86068,0.0824785,0
8.9,8.2,0,2.86632,0.0864527,0
8.9,8.3,0,2.86467,0.0912085,0
8.9,8.4,0,2.8652,0.0957586,0
8.9,8.5,0,2.87008,0.0996099,0
8.9,8.6,0,2.86572,0.103947,0
8.9,8.7,0,2.87478,0.10856,0
8.9,8.8,0,2.86649,0.112602,0
8.9,8.9,0,2.87339,0.117172,0
8.9,9,0,2.87337,0.120763,0
8.9,9.1,0,2.87357,0.124978,0
8.9,9.2,0,2.88093,0.130123,0
8.9,9.3,0,2.8771,0.134008,0
8.9,9.4,0,2.88587,0.138663,0
8.9,9.5,0,2.88238,0.141389,0
8.9,9.6,0,2.88711,0.146297,0
8.9,9.7,0,2.8884,0.150749,0
8.9,9.8,0,2.88852,0.154736,0
8.9,9.9,0,2.89477,0.158689,0
8.9,10,0,2.89267,0.161474,0
8.9,10.1,0,2.8994,0.166723,0
8.9,10.2,0,2.89774,0.170785,0
8.9,10.3,0,2.90202,0.174718,0
8.9,10.4,0,2.90507,0.177884,0
8.9,10.5,0,2.90581,0.181466,0
8.9,10.6,0,2.91122,0.185826,0
8.9,10.7,0,2.91092,0.190407,0
8.9,10.8,0,2.91594,0.193,0
8.9,10.9,0,2.91744,0.196706,0
8.9,11,0,2.92042,0.199958,0
8.9,11.1,0,2.9229,0.203589,0
8.9,11.2,0,2.92392,0.208057,0
8.9,11.3,0,2.92942,0.208989,0
8.9,11.4,0,2.9298,0.213936,0
8.9,11.5,0,2.93424,0.21509,0
8.9,11.6,0,2.93377,0.219346,0
8.9,11.7,0,2.93697,0.221703,0
8.9,11.8,0,2.94074,0.223303,0
8.9,11.9,0,2.94049,0.227694,0
8.9,12,0,2.94841,0.226542,0
8.9,12.1,0,2.94557,0.231716,0
8.9,12.2,0,2.95227,0.231238,0
8.9,12.3,0,2.95204,0.234018,0
8.9,12.4,0,2.95426,0.235639,0
8.9,12.5,0,2.95839,0.234519,0
8.9,12.6,0,2.95444,0.237248,0
8.9,12.7,0,2.96342,0.234511,0
9,0,0,2.96051,-0.224722,0
9,0.1,0,2.95182,-0.22588,0
9,0.2,0,2.94709,-0.226066,0
9,0.3,0,2.95367,-0.224602,0
9,0.4,0,2.95514,-0.225558,0
9,0.5,0,2.9515,-0.228935,0
9,0.6,0,2.95037,-0.225492,0
9,0.7,0,2.94964,-0.220073,0
9,0.8,0,2.94887,-0.222532,0
9,0.9,0,2.9476,-0.222739,0
9,1,0,2.94332,-0.216548,0
9,1.1,0,2.93914,-0.213621,0
9,1.2,0,2.93505,-0.213958,0
9,1.3,0,2.93152,-0.209642,0
9,1.4,0,2.92782,-0.203908,0
9,1.5,0,2.91633,-0.201348,0
9,1.6,0,2.90879,-0.198204,0
9,1.7,0,2.91325,-0.194055,0
9,1.8,0,2.9113,-0.189484,0
9,1.9,0,2.90294,-0.18449,0
9,2,0,2.90347,-0.182337,0
9,2.1,0,2.90707,-0.18135,0
9,2.2,0,2.89682,-0.178395,0
9,2.3,0,2.89082,-0.175067,0
9,2.4,0,2.89796,-0.17116,0
9,2.5,0,2.90108,-0.166348,0
9,2.6,0,2.90017,-0.16063,0
9,2.7,0,2.89832,-0.158205,0
9,2.8,0,2.89613,-0.156927,0
9,2.9,0,2.89796,-0.157168,0
9,3,0,2.89816,-0.155453,0
9,3.1,0,2.89248,-0.147642,0
9,3.2,0,2.89078,-0.141253,0
9,3.3,0,2.89307,-0.136286,0
9,3.4,0,2.88788,-0.132592,0
9,3.5,0,2.87997,-0.129288,0
9,3.6,0,2.86849,-0.126452,0
9,3.7,0,2.86133,-0.122742,0
9,3.8,0,2.8675,-0.116991,0
9,3.9,0,2.86688,-0.11018,0
9,4,0,2.85948,-0.102307,0
9,4.1,0,2.86236,-0.0996721,0
9,4.2,0,2.86906,-0.0989505,0
9,4.3,0,2.86803,-0.0981605,0
9,4.4,0,2.86721,-0.0959241,0
9,4.5,0,2.86576,-0.0893619,0
9,4.6,0,2.86402,-0.0848318,0
9,4.7,0,2.86199,-0.0823338,0
9,4.8,0,2.86145,-0.0758398,0
9,4.9,0,2.86106,-0.0680659,0
9,5,0,2.85866,-0.0601124,0
9,5.1,0,2.85689,-0.0537729,0
9,5.2,0,2.85791,-0.0523946,0
9,5.3,0,2.8563,-0.0505881,0
9,5.4,0,2.85205,-0.0483532,0
9,5.5,0,2.85348,-0.0428186,0
9,5.6,0,2.85674,-0.0362834,0
9,5.7,0,2.85756,-0.0293118,0
9,5.8,0,2.8579,-0.0233745,0
9,5.9,0,2.85668,-0.0204507,0
9,6,0,2.85441,-0.0167168,0
9,6.1,0,2.85108,-0.0121729,0
9,6.2,0,2.85231,-0.00750056,0
9,6.3,0,2.85508,-0.00285647,0
9,6.4,0,2.85458,0.00368966,0
9,6.5,0,2.85443,0.00936845,0
9,6.6,0,2.85532,0.0124327,0
9,6.7,0,2.85451,0.0168865,0
9,6.8,0,2.85198,0.02273,0
9,6.9,0,2.85345,0.0255606,0
9,7,0,2.85628,0.0273419,0
9,7.1,0,2.85711,0.0350849,0
9,7.2,0,2.85766,0.0397324,0
9,7.3,0,2.85824,0.0443651,0
9,7.4,0,2.85885,0.0490115,0
9,7.5,0,2.85951,0.0536471,0
9,7.6,0,2.86021,0.0582645,0
9,7.7,0,2.86096,0.0628671,0
9,7.8,0,2.86176,0.0674447,0
9,7.9,0,2.86259,0.0720129,0
9,8,0,2.86374,0.0781531,0
9,8.1,0,2.85526,0.0821152,0
9,8.2,0,2.86223,0.0860448,0
9,8.3,0,2.86058,0.0908006,0
9,8.4,0,2.86133,0.0953102,0
9,8.5,0,2.86622,0.0991615,0
9,8.6,0,2.86013,0.103415,0
9,8.7,0,2.87101,0.108044,0
9,8.8,0,2.86173,0.11204,0
9,8.9,0,2.86962,0.11655,0
9,9,0,2.8696,0.120141,0
9,9.1,0,2.86974,0.124243,0
9,9.2,0,2.8771,0.129388,0
9,9.3,0,2.87116,0.133083,0
9,9.4,0,2.88209,0.137825,0
9,9.5,0,2.87836,0.140486,0
9,9.6,0,2.88341,0.14534,0
9,9.7,0,2.8847,0.149792,0
9,9.8,0,2.88487,0.15362,0
9,9.9,0,2.89112,0.157573,0
9,10,0,2.88743,0.15981,0
9,10.1,0,2.89572,0.165399,0
9,10.2,0,2.89406,0.169461,0
9,10.3,0,2.89836,0.173174,0
9,10.4,0,2.9014,0.17634,0
9,10.5,0,2.90222,0.179645,0
9,10.6,0,2.90763,0.184006,0
9,10.7,0,2.90645,0.188812,0
9,10.8,0,2.9125,0.190909,0
9,10.9,0,2.914,0.194614,0
9,11,0,2.91724,0.197525,0
9,11.1,0,2.91972,0.201156,0
9,11.2,0,2.92084,0.205381,0
9,11.3,0,2.92649,0.206198,0
9,11.4,0,2.92634,0.211608,0
9,11.5,0,2.93168,0.211873,0
9,11.6,0,2.93121,0.216129,0
9,11.7,0,2.93477,0.218005,0
9,11.8,0,2.93854,0.219605,0
9,11.9,0,2.93817,0.223816,0
9,12,0,2.94668,0.222233,0
9,12.1,0,2.94277,0.227989,0
9,12.2,0,2.95121,0.226366,0
9,12.3,0,2.95097,0.229146,0
9,12.4,0,2.95404,0.229888,0
9,12.5,0,2.95817,0.228769,0
9,12.6,0,2.95337,0.231395,0
9,12.7,0,2.96371,0.227967,0
9.1,0,0,2.96122,-0.21834,0
9.1,0.1,0,2.95253,-0.219498,0
9.1,0.2,0,2.94744,-0.22087,0
9.1,0.3,0,2.95379,-0.219485,0
9.1,0.4,0,2.95526,-0.220442,0
9.1,0.5,0,2.95161,-0.223735,0
9.1,0.6,0,2.94917,-0.221269,0
9.1,0.7,0,2.94844,-0.215851,0
9.1,0.8,0,2.94767,-0.218309,0
9.1,0.9,0,2.94488,-0.218747,0
9.1,1,0,2.94059,-0.212682,0
9.1,1.1,0,2.93641,-0.209755,0
9.1,1.2,0,2.93229,-0.210027,0
9.1,1.3,0,2.92777,-0.206177,0
9.1,1.4,0,2.92407,-0.200443,0
9.1,1.5,0,2.91258,-0.197883,0
9.1,1.6,0,2.90538,-0.195437,0
9.1,1.7,0,2.90963,-0.191336,0
9.1,1.8,0,2.90769,-0.186765,0
9.1,1.9,0,2.8995,-0.181847,0
9.1,2,0,2.90022,-0.180273,0
9.1,2.1,0,2.90382,-0.179286,0
9.1,2.2,0,2.89357,-0.176331,0
9.1,2.3,0,2.88819,-0.173513,0
9.1,2.4,0,2.89512,-0.169638,0
9.1,2.5,0,2.89824,-0.164825,0
9.1,2.6,0,2.8973,-0.159171,0
9.1,2.7,0,2.89536,-0.156834,0
9.1,2.8,0,2.89316,-0.155556,0
9.1,2.9,0,2.89499,-0.155797,0
9.1,3,0,2.89412,-0.153758,0
9.1,3.1,0,2.8885,-0.146045,0
9.1,3.2,0,2.8868,-0.139656,0
9.1,3.3,0,2.88894,-0.134707,0
9.1,3.4,0,2.88325,-0.130891,0
9.1,3.5,0,2.87534,-0.127587,0
9.1,3.6,0,2.86386,-0.124751,0
9.1,3.7,0,2.85731,-0.121565,0
9.1,3.8,0,2.86326,-0.115874,0
9.1,3.9,0,2.86265,-0.109062,0
9.1,4,0,2.85547,-0.101301,0
9.1,4.1,0,2.8593,-0.0990546,0
9.1,4.2,0,2.866,-0.098333,0
9.1,4.3,0,2.86497,-0.097543,0
9.1,4.4,0,2.86294,-0.0952435,0
9.1,4.5,0,2.86145,-0.0887578,0
9.1,4.6,0,2.85972,-0.0842276,0
9.1,4.7,0,2.85767,-0.0816658,0
9.1,4.8,0,2.85611,-0.0753919,0
9.1,4.9,0,2.85571,-0.0676181,0
9.1,5,0,2.85332,-0.0596646,0
9.1,5.1,0,2.8525,-0.0535269,0
9.1,5.2,0,2.85351,-0.0520664,0
9.1,5.3,0,2.8519,-0.0502599,0
9.1,5.4,0,2.84774,-0.047979,0
9.1,5.5,0,2.84888,-0.0427884,0
9.1,5.6,0,2.85213,-0.0362533,0
9.1,5.7,0,2.85295,-0.0292816,0
9.1,5.8,0,2.85314,-0.023311,0
9.1,5.9,0,2.85195,-0.0203307,0
9.1,6,0,2.84967,-0.0165968,0
9.1,6.1,0,2.84643,-0.0120592,0
9.1,6.2,0,2.84768,-0.00759363,0
9.1,6.3,0,2.85045,-0.00294953,0
9.1,6.4,0,2.84995,0.0035966,0
9.1,6.5,0,2.8498,0.00921751,0
9.1,6.6,0,2.85067,0.0123271,0
9.1,6.7,0,2.84986,0.016781,0
9.1,6.8,0,2.84741,0.0225662,0
9.1,6.9,0,2.84894,0.0253198,0
9.1,7,0,2.85177,0.0271011,0
9.1,7.1,0,2.85268,0.0348526,0
9.1,7.2,0,2.85327,0.0394778,0
9.1,7.3,0,2.8539,0.0440971,0
9.1,7.4,0,2.85455,0.0487335,0
9.1,7.5,0,2.85525,0.0533578,0
9.1,7.6,0,2.85599,0.0579634,0
9.1,7.7,0,2.85677,0.0625552,0
9.1,7.8,0,2.8576,0.0671209,0
9.1,7.9,0,2.85845,0.0716724,0
9.1,8,0,2.85955,0.0778012,0
9.1,8.1,0,2.85118,0.0817619,0
9.1,8.2,0,2.85814,0.0856369,0
9.1,8.3,0,2.85649,0.0903927,0
9.1,8.4,0,2.85747,0.0948618,0
9.1,8.5,0,2.86235,0.098713,0
9.1,8.6,0,2.85694,0.102921,0
9.1,8.7,0,2.86725,0.107528,0
9.1,8.8,0,2.85796,0.111524,0
9.1,8.9,0,2.86584,0.115928,0
9.1,9,0,2.86582,0.11952,0
9.1,9.1,0,2.86591,0.123508,0
9.1,9.2,0,2.87327,0.128654,0
9.1,9.3,0,2.86838,0.132332,0
9.1,9.4,0,2.87831,0.136987,0
9.1,9.5,0,2.87458,0.139648,0
9.1,9.6,0,2.87972,0.144383,0
9.1,9.7,0,2.88101,0.148835,0
9.1,9.8,0,2.88122,0.152504,0
9.1,9.9,0,2.88747,0.156456,0
9.1,10,0,2.88455,0.158791,0
9.1,10.1,0,2.89205,0.164076,0
9.1,10.2,0,2.89039,0.168138,0
9.1,10.3,0,2.89469,0.17163,0
9.1,10.4,0,2.89774,0.174796,0
9.1,10.5,0,2.89863,0.177824,0
9.1,10.6,0,2.90403,0.182185,0
9.1,10.7,0,2.9034,0.186703,0
9.1,10.8,0,2.90907,0.188817,0
9.1,10.9,0,2.91057,0.192523,0
9.1,11,0,2.91406,0.195092,0
9.1,11.1,0,2.91653,0.198723,0
9.1,11.2,0,2.91791,0.20259,0
9.1,11.3,0,2.92355,0.203406,0
9.1,11.4,0,2.92382,0.208408,0
9.1,11.5,0,2.92912,0.208655,0
9.1,11.6,0,2.92864,0.212911,0
9.1,11.7,0,2.93257,0.214307,0
9.1,11.8,0,2.93634,0.215907,0
9.1,11.9,0,2.93644,0.219507,0
9.1,12,0,2.94495,0.217923,0
9.1,12.1,0,2.94156,0.22335,0
9.1,12.2,0,2.95014,0.221494,0
9.1,12.3,0,2.94991,0.224274,0
9.1,12.4,0,2.95382,0.224137,0
9.1,12.5,0,2.95795,0.223018,0
9.1,12.6,0,2.95374,0.22483,0
9.1,12.7,0,2.964,0.221422,0
9.2,0,0,2.96194,-0.211958,0
9.2,0.1,0,2.95325,-0.213116,0
9.2,0.2,0,2.95067,-0.214638,0
9.2,0.3,0,2.95392,-0.214369,0
9.2,0.4,0,2.95539,-0.215325,0
9.2,0.5,0,2.95161,-0.217445,0
9.2,0.6,0,2.94796,-0.217047,0
9.2,0.7,0,2.94723,-0.211628,0
9.2,0.8,0,2.94646,-0.214087,0
9.2,0.9,0,2.94227,-0.213109,0
9.2,1,0,2.93786,-0.208817,0
9.2,1.1,0,2.93368,-0.20589,0
9.2,1.2,0,2.92913,-0.205244,0
9.2,1.3,0,2.92402,-0.202712,0
9.2,1.4,0,2.92032,-0.196978,0
9.2,1.5,0,2.90883,-0.194418,0
9.2,1.6,0,2.90463,-0.192052,0
9.2,1.7,0,2.90602,-0.188617,0
9.2,1.8,0,2.90407,-0.184046,0
9.2,1.9,0,2.89827,-0.180194,0
9.2,2,0,2.89696,-0.178209,0
9.2,2.1,0,2.90057,-0.177222,0
9.2,2.2,0,2.89032,-0.174267,0
9.2,2.3,0,2.88835,-0.171544,0
9.2,2.4,0,2.89228,-0.168115,0
9.2,2.5,0,2.89539,-0.163303,0
9.2,2.6,0,2.89416,-0.158543,0
9.2,2.7,0,2.8924,-0.155463,0
9.2,2.8,0,2.8902,-0.154185,0
9.2,2.9,0,2.89203,-0.154426,0
9.2,3,0,2.88927,-0.150791,0
9.2,3.1,0,2.88452,-0.144448,0
9.2,3.2,0,2.88283,-0.138059,0
9.2,3.3,0,2.88275,-0.133365,0
9.2,3.4,0,2.87861,-0.12919,0
9.2,3.5,0,2.87071,-0.125886,0
9.2,3.6,0,2.85923,-0.12305,0
9.2,3.7,0,2.85613,-0.119619,0
9.2,3.8,0,2.85903,-0.114756,0
9.2,3.9,0,2.85841,-0.107945,0
9.2,4,0,2.85442,-0.101751,0
9.2,4.1,0,2.85624,-0.0984372,0
9.2,4.2,0,2.86294,-0.0977155,0
9.2,4.3,0,2.86191,-0.0969255,0
9.2,4.4,0,2.85918,-0.0935694,0
9.2,4.5,0,2.85715,-0.0881536,0
9.2,4.6,0,2.85541,-0.0836235,0
9.2,4.7,0,2.85315,-0.0801679,0
9.2,4.8,0,2.85076,-0.0749441,0
9.2,4.9,0,2.85037,-0.0671703,0
9.2,5,0,2.84798,-0.0592168,0
9.2,5.1,0,2.84826,-0.0543502,0
9.2,5.2,0,2.84911,-0.0517382,0
9.2,5.3,0,2.8475,-0.0499317,0
9.2,5.4,0,2.84462,-0.0470077,0
9.2,5.5,0,2.84427,-0.0427583,0
9.2,5.6,0,2.84752,-0.0362231,0
9.2,5.7,0,2.84834,-0.0292515,0
9.2,5.8,0,2.8481,-0.0239816,0
9.2,5.9,0,2.84721,-0.0202108,0
9.2,6,0,2.84494,-0.0164769,0
9.2,6.1,0,2.84288,-0.0120273,0
9.2,6.2,0,2.84305,-0.00768669,0
9.2,6.3,0,2.84582,-0.0030426,0
9.2,6.4,0,2.84532,0.00350354,0
9.2,6.5,0,2.84542,0.00847679,0
9.2,6.6,0,2.84602,0.0122215,0
9.2,6.7,0,2.84521,0.0166754,0
9.2,6.8,0,2.84382,0.0216447,0
9.2,6.9,0,2.84443,0.025079,0
9.2,7,0,2.84727,0.0268603,0
9.2,7.1,0,2.84824,0.0346203,0
9.2,7.2,0,2.84888,0.0392232,0
9.2,7.3,0,2.84955,0.043829,0
9.2,7.4,0,2.85025,0.0484555,0
9.2,7.5,0,2.85099,0.0530685,0
9.2,7.6,0,2.85177,0.0576624,0
9.2,7.7,0,2.85259,0.0622432,0
9.2,7.8,0,2.85344,0.0667971,0
9.2,7.9,0,2.85431,0.0713319,0
9.2,8,0,2.85537,0.0774494,0
9.2,8.1,0,2.84936,0.081375,0
9.2,8.2,0,2.85405,0.085229,0
9.2,8.3,0,2.8524,0.0899848,0
9.2,8.4,0,2.8536,0.0944133,0
9.2,8.5,0,2.85849,0.0982646,0
9.2,8.6,0,2.85552,0.102494,0
9.2,8.7,0,2.86348,0.107012,0
9.2,8.8,0,2.85664,0.111033,0
9.2,8.9,0,2.86207,0.115306,0
9.2,9,0,2.86205,0.118898,0
9.2,9.1,0,2.86216,0.122786,0
9.2,9.2,0,2.86943,0.127919,0
9.2,9.3,0,2.86683,0.13169,0
9.2,9.4,0,2.87453,0.136149,0
9.2,9.5,0,2.87196,0.139033,0
9.2,9.6,0,2.87602,0.143426,0
9.2,9.7,0,2.87731,0.147877,0
9.2,9.8,0,2.87796,0.151436,0
9.2,9.9,0,2.88381,0.15534,0
9.2,10,0,2.88247,0.158016,0
9.2,10.1,0,2.88837,0.162753,0
9.2,10.2,0,2.88733,0.166756,0
9.2,10.3,0,2.89102,0.170085,0
9.2,10.4,0,2.89407,0.173251,0
9.2,10.5,0,2.89548,0.176147,0
9.2,10.6,0,2.90044,0.180365,0
9.2,10.7,0,2.90084,0.184386,0
9.2,10.8,0,2.90563,0.186726,0
9.2,10.9,0,2.9073,0.19033,0
9.2,11,0,2.91087,0.192659,0
9.2,11.1,0,2.91335,0.19629,0
9.2,11.2,0,2.91545,0.199495,0
9.2,11.3,0,2.92062,0.200615,0
9.2,11.4,0,2.92182,0.204701,0
9.2,11.5,0,2.92655,0.205438,0
9.2,11.6,0,2.92613,0.209659,0
9.2,11.7,0,2.93037,0.210609,0
9.2,11.8,0,2.93414,0.212209,0
9.2,11.9,0,2.93578,0.214646,0
9.2,12,0,2.94322,0.213614,0
9.2,12.1,0,2.94193,0.217697,0
9.2,12.2,0,2.94908,0.216622,0
9.2,12.3,0,2.94884,0.219402,0
9.2,12.4,0,2.9536,0.218387,0
9.2,12.5,0,2.95773,0.217267,0
9.2,12.6,0,2.95603,0.217804,0
9.2,12.7,0,2.96428,0.214877,0
9.3,0,0,2.96266,-0.205576,0
9.3,0.1,0,2.95577,-0.206841,0
9.3,0.2,0,2.9539,-0.208405,0
9.3,0.3,0,2.95404,-0.209252,0
9.3,0.4,0,2.95551,-0.210209,0
9.3,0.5,0,2.9516,-0.211155,0
9.3,0.6,0,2.94762,-0.211348,0
9.3,0.7,0,2.94603,-0.207406,0
9.3,0.8,0,2.94425,-0.208854,0
9.3,0.9,0,2.93966,-0.207472,0
9.3,1,0,2.93514,-0.204951,0
9.3,1.1,0,2.93095,-0.202024,0
9.3,1.2,0,2.92596,-0.20046,0
9.3,1.3,0,2.92068,-0.198305,0
9.3,1.4,0,2.91657,-0.193514,0
9.3,1.5,0,2.90722,-0.19101,0
9.3,1.6,0,2.90389,-0.188668,0
9.3,1.7,0,2.9024,-0.185898,0
9.3,1.8,0,2.90045,-0.181327,0
9.3,1.9,0,2.89704,-0.17854,0
9.3,2,0,2.89516,-0.176439,0
9.3,2.1,0,2.89732,-0.175158,0
9.3,2.2,0,2.8895,-0.172271,0
9.3,2.3,0,2.8885,-0.169575,0
9.3,2.4,0,2.88943,-0.166593,0
9.3,2.5,0,2.89255,-0.161781,0
9.3,2.6,0,2.89103,-0.157914,0
9.3,2.7,0,2.88931,-0.154622,0
9.3,2.8,0,2.88724,-0.152814,0
9.3,2.9,0,2.88772,-0.151915,0
9.3,3,0,2.88441,-0.147824,0
9.3,3.1,0,2.88055,-0.142851,0
9.3,3.2,0,2.87885,-0.136463,0
9.3,3.3,0,2.87657,-0.132022,0
9.3,3.4,0,2.87287,-0.127745,0
9.3,3.5,0,2.86607,-0.124185,0
9.3,3.6,0,2.85706,-0.121174,0
9.3,3.7,0,2.85495,-0.117673,0
9.3,3.8,0,2.8548,-0.113639,0
9.3,3.9,0,2.85418,-0.106827,0
9.3,4,0,2.85338,-0.102201,0
9.3,4.1,0,2.85462,-0.098582,0
9.3,4.2,0,2.85988,-0.097098,0
9.3,4.3,0,2.85835,-0.0955533,0
9.3,4.4,0,2.85542,-0.0918953,0
9.3,4.5,0,2.85284,-0.0875494,0
9.3,4.6,0,2.8511,-0.0830193,0
9.3,4.7,0,2.84862,-0.0786701,0
9.3,4.8,0,2.84601,-0.0737463,0
9.3,4.9,0,2.84503,-0.0667225,0
9.3,5,0,2.84342,-0.0596769,0
9.3,5.1,0,2.84401,-0.0551734,0
9.3,5.2,0,2.84471,-0.0514101,0
9.3,5.3,0,2.8431,-0.0496035,0
9.3,5.4,0,2.8415,-0.0460364,0
9.3,5.5,0,2.84072,-0.0420558,0
9.3,5.6,0,2.84292,-0.0361929,0
9.3,5.7,0,2.84342,-0.0297218,0
9.3,5.8,0,2.84305,-0.0246522,0
9.3,5.9,0,2.84248,-0.0200908,0
9.3,6,0,2.84021,-0.0163569,0
9.3,6.1,0,2.83932,-0.0119954,0
9.3,6.2,0,2.83918,-0.00769049,0
9.3,6.3,0,2.84119,-0.00313566,0
9.3,6.4,0,2.84087,0.00294786,0
9.3,6.5,0,2.84103,0.00773607,0
9.3,6.6,0,2.84137,0.012116,0
9.3,6.7,0,2.84056,0.0165698,0
9.3,6.8,0,2.84022,0.0207232,0
9.3,6.9,0,2.84057,0.024352,0
9.3,7,0,2.84276,0.0266195,0
9.3,7.1,0,2.84381,0.0343881,0
9.3,7.2,0,2.84449,0.0389686,0
9.3,7.3,0,2.84521,0.0435609,0
9.3,7.4,0,2.84595,0.0481776,0
9.3,7.5,0,2.84673,0.0527792,0
9.3,7.6,0,2.84755,0.0573613,0
9.3,7.7,0,2.8484,0.0619313,0
9.3,7.8,0,2.84928,0.0664734,0
9.3,7.9,0,2.85016,0.0709914,0
9.3,8,0,2.85118,0.0770975,0
9.3,8.1,0,2.84754,0.0809882,0
9.3,8.2,0,2.84996,0.0848211,0
9.3,8.3,0,2.84983,0.0894474,0
9.3,8.4,0,2.85156,0.0938274,0
9.3,8.5,0,2.85462,0.0978162,0
9.3,8.6,0,2.8541,0.102067,0
9.3,8.7,0,2.85971,0.106496,0
9.3,8.8,0,2.85578,0.110547,0
9.3,8.9,0,2.85829,0.114685,0
9.3,9,0,2.85937,0.118398,0
9.3,9.1,0,2.86096,0.122451,0
9.3,9.2,0,2.8656,0.127184,0
9.3,9.3,0,2.86527,0.131047,0
9.3,9.4,0,2.87075,0.135311,0
9.3,9.5,0,2.87,0.138544,0
9.3,9.6,0,2.87232,0.142469,0
9.3,9.7,0,2.87401,0.146931,0
9.3,9.8,0,2.87601,0.150526,0
9.3,9.9,0,2.88016,0.154224,0
9.3,10,0,2.88038,0.157241,0
9.3,10.1,0,2.88469,0.161429,0
9.3,10.2,0,2.88508,0.1653,0
9.3,10.3,0,2.88739,0.168543,0
9.3,10.4,0,2.89043,0.171708,0
9.3,10.5,0,2.89291,0.174656,0
9.3,10.6,0,2.89685,0.178544,0
9.3,10.7,0,2.89828,0.182069,0
9.3,10.8,0,2.9022,0.184634,0
9.3,10.9,0,2.90459,0.187805,0
9.3,11,0,2.90779,0.190205,0
9.3,11.1,0,2.91016,0.193857,0
9.3,11.2,0,2.91326,0.19623,0
9.3,11.3,0,2.91768,0.197823,0
9.3,11.4,0,2.91981,0.200994,0
9.3,11.5,0,2.92399,0.202221,0
9.3,11.6,0,2.92509,0.205339,0
9.3,11.7,0,2.92866,0.206647,0
9.3,11.8,0,2.93194,0.208511,0
9.3,11.9,0,2.93532,0.20968,0
9.3,12,0,2.94149,0.209304,0
9.3,12.1,0,2.9423,0.212043,0
9.3,12.2,0,2.94801,0.21175,0
9.3,12.3,0,2.94971,0.213254,0
9.3,12.4,0,2.95431,0.212222,0
9.3,12.5,0,2.95751,0.211517,0
9.3,12.6,0,2.95831,0.210778,0
9.3,12.7,0,2.96457,0.208331,0
9.4,0,0,2.96338,-0.199194,0
9.4,0.1,0,2.959,-0.200609,0
9.4,0.2,0,2.95714,-0.202173,0
9.4,0.3,0,2.95527,-0.203737,0
9.4,0.4,0,2.95558,-0.204673,0
9.4,0.5,0,2.9516,-0.204866,0
9.4,0.6,0,2.94761,-0.205058,0
9.4,0.7,0,2.94482,-0.203183,0
9.4,0.8,0,2.94164,-0.203217,0
9.4,0.9,0,2.93704,-0.201835,0
9.4,1,0,2.93245,-0.200453,0
9.4,1.1,0,2.92807,-0.197831,0
9.4,1.2,0,2.92279,-0.195677,0
9.4,1.3,0,2.91751,-0.193522,0
9.4,1.4,0,2.91282,-0.190049,0
9.4,1.5,0,2.90648,-0.187626,0
9.4,1.6,0,2.90315,-0.185283,0
9.4,1.7,0,2.89981,-0.182941,0
9.4,1.8,0,2.89769,-0.178988,0
9.4,1.9,0,2.89581,-0.176886,0
9.4,2,0,2.89393,-0.174785,0
9.4,2.1,0,2.89407,-0.173094,0
9.4,2.2,0,2.88966,-0.170303,0
9.4,2.3,0,2.88866,-0.167607,0
9.4,2.4,0,2.88766,-0.164911,0
9.4,2.5,0,2.8896,-0.160577,0
9.4,2.6,0,2.88789,-0.157285,0
9.4,2.7,0,2.88617,-0.153993,0
9.4,2.8,0,2.88427,-0.151443,0
9.4,2.9,0,2.88286,-0.148948,0
9.4,3,0,2.87956,-0.144857,0
9.4,3.1,0,2.87626,-0.140765,0
9.4,3.2,0,2.87408,-0.134957,0
9.4,3.3,0,2.87039,-0.13068,0
9.4,3.4,0,2.86669,-0.126403,0
9.4,3.5,0,2.86144,-0.122484,0
9.4,3.6,0,2.85588,-0.119228,0
9.4,3.7,0,2.85377,-0.115727,0
9.4,3.8,0,2.85165,-0.112225,0
9.4,3.9,0,2.85108,-0.106269,0
9.4,4,0,2.85233,-0.102651,0
9.4,4.1,0,2.85357,-0.0990319,0
9.4,4.2,0,2.85682,-0.0964805,0
9.4,4.3,0,2.85459,-0.0938792,0
9.4,4.4,0,2.85166,-0.0902211,0
9.4,4.5,0,2.84873,-0.0865631,0
9.4,4.6,0,2.84672,-0.082096,0
9.4,4.7,0,2.8441,-0.0771722,0
9.4,4.8,0,2.84148,-0.0722485,0
9.4,4.9,0,2.83968,-0.0662747,0
9.4,5,0,2.83918,-0.0605001,0
9.4,5.1,0,2.83977,-0.0559966,0
9.4,5.2,0,2.84037,-0.0514931,0
9.4,5.3,0,2.83916,-0.0490456,0
9.4,5.4,0,2.83838,-0.0450651,0
9.4,5.5,0,2.8376,-0.0410845,0
9.4,5.6,0,2.83831,-0.0361628,0
9.4,5.7,0,2.83838,-0.0303924,0
9.4,5.8,0,2.838,-0.0253228,0
9.4,5.9,0,2.83763,-0.0202532,0
9.4,6,0,2.83589,-0.0162684,0
9.4,6.1,0,2.83576,-0.0119635,0
9.4,6.2,0,2.83562,-0.00765859,0
9.4,6.3,0,2.83656,-0.00322872,0
9.4,6.4,0,2.83648,0.00220714,0
9.4,6.5,0,2.83665,0.00699535,0
9.4,6.6,0,2.83682,0.0117836,0
9.4,6.7,0,2.83628,0.0161729,0
9.4,6.8,0,2.83663,0.0198017,0
9.4,6.9,0,2.83698,0.0234305,0
9.4,7,0,2.83825,0.0263786,0
9.4,7.1,0,2.83937,0.0341558,0
9.4,7.2,0,2.8401,0.0387139,0
9.4,7.3,0,2.84086,0.0432928,0
9.4,7.4,0,2.84165,0.0478996,0
9.4,7.5,0,2.84247,0.0524899,0
9.4,7.6,0,2.84333,0.0570602,0
9.4,7.7,0,2.84421,0.0616194,0
9.4,7.8,0,2.84513,0.0661496,0
9.4,7.9,0,2.84602,0.0706509,0
9.4,8,0,2.847,0.0767457,0
9.4,8.1,0,2.84572,0.0806013,0
9.4,8.2,0,2.84682,0.0844219,0
9.4,8.3,0,2.84817,0.0888333,0
9.4,8.4,0,2.84989,0.0932134,0
9.4,8.5,0,2.85128,0.0973724,0
9.4,8.6,0,2.85268,0.101641,0
9.4,8.7,0,2.85595,0.10598,0
9.4,8.8,0,2.85492,0.110062,0
9.4,8.9,0,2.85632,0.114147,0
9.4,9,0,2.85817,0.118062,0
9.4,9.1,0,2.85977,0.122115,0
9.4,9.2,0,2.8618,0.12645,0
9.4,9.3,0,2.86372,0.130404,0
9.4,9.4,0,2.86697,0.134473,0
9.4,9.5,0,2.86804,0.138055,0
9.4,9.6,0,2.87005,0.141895,0
9.4,9.7,0,2.87205,0.146021,0
9.4,9.8,0,2.87406,0.149616,0
9.4,9.9,0,2.87651,0.153108,0
9.4,10,0,2.8783,0.156466,0
9.4,10.1,0,2.88102,0.160106,0
9.4,10.2,0,2.88283,0.163843,0
9.4,10.3,0,2.88514,0.167086,0
9.4,10.4,0,2.88785,0.170217,0
9.4,10.5,0,2.89033,0.173164,0
9.4,10.6,0,2.89326,0.176723,0
9.4,10.7,0,2.89573,0.179752,0
9.4,10.8,0,2.89876,0.182543,0
9.4,10.9,0,2.90188,0.185281,0
9.4,11,0,2.90508,0.18768,0
9.4,11.1,0,2.90779,0.190742,0
9.4,11.2,0,2.91107,0.192964,0
9.4,11.3,0,2.91475,0.195032,0
9.4,11.4,0,2.91781,0.197288,0
9.4,11.5,0,2.92143,0.198998,0
9.4,11.6,0,2.92405,0.20102,0
9.4,11.7,0,2.92762,0.202327,0
9.4,11.8,0,2.93081,0.204031,0
9.4,11.9,0,2.93485,0.204714,0
9.4,12,0,2.93977,0.204995,0
9.4,12.1,0,2.94267,0.20639,0
9.4,12.2,0,2.94726,0.206712,0
9.4,12.3,0,2.95097,0.206844,0
9.4,12.4,0,2.95557,0.205812,0
9.4,12.5,0,2.95833,0.205237,0
9.4,12.6,0,2.9606,0.203752,0
9.4,12.7,0,2.96486,0.201786,0
9.5,0,0,2.96409,-0.192812,0
9.5,0.1,0,2.96223,-0.194376,0
9.5,0.2,0,2.96037,-0.195941,0
9.5,0.3,0,2.9585,-0.197505,0
9.5,0.4,0,2.95558,-0.198383,0
9.5,0.5,0,2.95159,-0.198576,0
9.5,0.6,0,2.94761,-0.198768,0
9.5,0.7,0,2.94362,-0.198961,0
9.5,0.8,0,2.93903,-0.197579,0
9.5,0.9,0,2.93443,-0.196198,0
9.5,1,0,2.92984,-0.194816,0
9.5,1.1,0,2.9249,-0.193048,0
9.5,1.2,0,2.91962,-0.190893,0
9.5,1.3,0,2.91435,-0.188738,0
9.5,1.4,0,2.90907,-0.186584,0
9.5,1.5,0,2.90574,-0.184241,0
9.5,1.6,0,2.9024,-0.181899,0
9.5,1.7,0,2.89907,-0.179556,0
9.5,1.8,0,2.89646,-0.177334,0
9.5,1.9,0,2.89458,-0.175233,0
9.5,2,0,2.8927,-0.173131,0
9.5,2.1,0,2.89082,-0.17103,0
9.5,2.2,0,2.88982,-0.168334,0
9.5,2.3,0,2.88882,-0.165638,0
9.5,2.4,0,2.88782,-0.162942,0
9.5,2.5,0,2.88646,-0.159948,0
9.5,2.6,0,2.88475,-0.156656,0
9.5,2.7,0,2.88303,-0.153364,0
9.5,2.8,0,2.88131,-0.150072,0
9.5,2.9,0,2.87801,-0.145981,0
9.5,3,0,2.8747,-0.14189,0
9.5,3.1,0,2.8714,-0.137798,0
9.5,3.2,0,2.8679,-0.133614,0
9.5,3.3,0,2.8642,-0.129337,0
9.5,3.4,0,2.86051,-0.12506,0
9.5,3.5,0,2.85681,-0.120783,0
9.5,3.6,0,2.8547,-0.117282,0
9.5,3.7,0,2.85258,-0.11378,0
9.5,3.8,0,2.85047,-0.110279,0
9.5,3.9,0,2.85004,-0.106719,0
9.5,4,0,2.85128,-0.1031,0
9.5,4.1,0,2.85252,-0.0994817,0
9.5,4.2,0,2.85376,-0.0958631,0
9.5,4.3,0,2.85083,-0.092205,0
9.5,4.4,0,2.8479,-0.088547,0
9.5,4.5,0,2.84497,-0.084889,0
9.5,4.6,0,2.8422,-0.0805981,0
9.5,4.7,0,2.83958,-0.0756744,0
9.5,4.8,0,2.83696,-0.0707506,0
9.5,4.9,0,2.83434,-0.0658268,0
9.5,5,0,2.83494,-0.0613233,0
9.5,5.1,0,2.83553,-0.0568198,0
9.5,5.2,0,2.83613,-0.0523163,0
9.5,5.3,0,2.83604,-0.0480743,0
9.5,5.4,0,2.83526,-0.0440937,0
9.5,5.5,0,2.83448,-0.0401132,0
9.5,5.6,0,2.8337,-0.0361326,0
9.5,5.7,0,2.83333,-0.031063,0
9.5,5.8,0,2.83296,-0.0259934,0
9.5,5.9,0,2.83259,-0.0209238,0
9.5,6,0,2.83233,-0.0162365,0
9.5,6.1,0,2.8322,-0.0119316,0
9.5,6.2,0,2.83206,-0.00762669,0
9.5,6.3,0,2.83193,-0.00332178,0
9.5,6.4,0,2.8321,0.00146642,0
9.5,6.5,0,2.83226,0.00625463,0
9.5,6.6,0,2.83243,0.0110428,0
9.5,6.7,0,2.83269,0.0152514,0
9.5,6.8,0,2.83304,0.0188802,0
9.5,6.9,0,2.83339,0.022509,0
9.5,7,0,2.83374,0.0261378,0
9.5,7.1,0,2.83494,0.0339235,0
9.5,7.2,0,2.83571,0.0384593,0
9.5,7.3,0,2.83652,0.0430247,0
9.5,7.4,0,2.83735,0.0476217,0
9.5,7.5,0,2.83821,0.0522006,0
9.5,7.6,0,2.83911,0.0567592,0
9.5,7.7,0,2.84003,0.0613074,0
9.5,7.8,0,2.84097,0.0658259,0
9.5,7.9,0,2.84187,0.0703104,0
9.5,8,0,2.84281,0.0763939,0
9.5,8.1,0,2.84391,0.0802144,0
9.5,8.2,0,2.845,0.084035,0
9.5,8.3,0,2.8465,0.0882192,0
9.5,8.4,0,2.84823,0.0925993,0
9.5,8.5,0,2.84986,0.0969457,0
9.5,8.6,0,2.85126,0.101214,0
9.5,8.7,0,2.85266,0.105482,0
9.5,8.8,0,2.85406,0.109576,0
9.5,8.9,0,2.85546,0.113661,0
9.5,9,0,2.85697,0.117727,0
9.5,9.1,0,2.85857,0.12178,0
9.5,9.2,0,2.86024,0.125808,0
9.5,9.3,0,2.86217,0.129761,0
9.5,9.4,0,2.86409,0.133714,0
9.5,9.5,0,2.86609,0.137566,0
9.5,9.6,0,2.86809,0.141406,0
9.5,9.7,0,2.8701,0.145111,0
9.5,9.8,0,2.87211,0.148706,0
9.5,9.9,0,2.87413,0.152268,0
9.5,10,0,2.87622,0.155691,0
9.5,10.1,0,2.87831,0.159115,0
9.5,10.2,0,2.88058,0.162386,0
9.5,10.3,0,2.88289,0.16563,0
9.5,10.4,0,2.88528,0.168725,0
9.5,10.5,0,2.88776,0.171672,0
9.5,10.6,0,2.8903,0.174602,0
9.5,10.7,0,2.89317,0.177436,0
9.5,10.8,0,2.89604,0.180269,0
9.5,10.9,0,2.89917,0.182756,0
9.5,11,0,2.90237,0.185156,0
9.5,11.1,0,2.9056,0.187476,0
9.5,11.2,0,2.90888,0.189699,0
9.5,11.3,0,2.91219,0.19187,0
9.5,11.4,0,2.91581,0.193581,0
9.5,11.5,0,2.91943,0.195292,0
9.5,11.6,0,2.92301,0.1967,0
9.5,11.7,0,2.92658,0.198008,0
9.5,11.8,0,2.93034,0.199065,0
9.5,11.9,0,2.93439,0.199748,0
9.5,12,0,2.93846,0.200414,0
9.5,12.1,0,2.94304,0.200736,0
9.5,12.2,0,2.94763,0.201059,0
9.5,12.3,0,2.95223,0.200433,0
9.5,12.4,0,2.95683,0.199402,0
9.5,12.5,0,2.96062,0.198211,0
9.5,12.6,0,2.96288,0.196726,0
9.5,12.7,0,2.96515,0.195242,0
9.6,0,0,2.96695,-0.194728,0
9.6,0.1,0,2.96684,-0.186991,0
9.6,0.2,0,2.96497,-0.188556,0
9.6,0.3,0,2.96311,-0.19012,0
9.6,0.4,0,2.95577,-0.194257,0
9.6,0.5,0,2.95178,-0.19445,0
9.6,0.6,0,2.94779,-0.194642,0
9.6,0.7,0,2.94364,-0.201056,0
9.6,0.8,0,2.93667,-0.190939,0
9.6,0.9,0,2.93208,-0.189557,0
9.6,1,0,2.92748,-0.188175,0
9.6,1.1,0,2.92198,-0.189837,0
9.6,1.2,0,2.9167,-0.187682,0
9.6,1.3,0,2.91143,-0.185528,0
9.6,1.4,0,2.90858,-0.189395,0
9.6,1.5,0,2.90331,-0.179422,0
9.6,1.6,0,2.89998,-0.17708,0
9.6,1.7,0,2.89665,-0.174737,0
9.6,1.8,0,2.89584,-0.176938,0
9.6,1.9,0,2.89396,-0.174836,0
9.6,2,0,2.89207,-0.172735,0
9.6,2.1,0,2.88939,-0.174101,0
9.6,2.2,0,2.88872,-0.165547,0
9.6,2.3,0,2.88772,-0.162851,0
9.6,2.4,0,2.88672,-0.160155,0
9.6,2.5,0,2.88511,-0.160578,0
9.6,2.6,0,2.88339,-0.157286,0
9.6,2.7,0,2.88168,-0.153994,0
9.6,2.8,0,2.87708,-0.1526,0
9.6,2.9,0,2.87253,-0.142345,0
9.6,3,0,2.86923,-0.138253,0
9.6,3.1,0,2.86593,-0.134162,0
9.6,3.2,0,2.86263,-0.133077,0
9.6,3.3,0,2.85893,-0.1288,0
9.6,3.4,0,2.85523,-0.124524,0
9.6,3.5,0,2.85396,-0.123445,0
9.6,3.6,0,2.85143,-0.113958,0
9.6,3.7,0,2.84932,-0.110457,0
9.6,3.8,0,2.84721,-0.106956,0
9.6,3.9,0,2.8486,-0.108633,0
9.6,4,0,2.84984,-0.105014,0
9.6,4.1,0,2.85108,-0.101395,0
9.6,4.2,0,2.84971,-0.0977797,0
9.6,4.3,0,2.85053,-0.089096,0
9.6,4.4,0,2.8476,-0.085438,0
9.6,4.5,0,2.84467,-0.08178,0
9.6,4.6,0,2.83398,-0.0814678,0
9.6,4.7,0,2.83136,-0.0765441,0
9.6,4.8,0,2.82874,-0.0716203,0
9.6,4.9,0,2.83048,-0.0673208,0
9.6,5,0,2.83202,-0.0594693,0
9.6,5.1,0,2.83262,-0.0549658,0
9.6,5.2,0,2.83321,-0.0504623,0
9.6,5.3,0,2.8326,-0.0493948,0
9.6,5.4,0,2.83182,-0.0454143,0
9.6,5.5,0,2.83105,-0.0414337,0
9.6,5.6,0,2.82944,-0.036679,0
9.6,5.7,0,2.8283,-0.0302442,0
9.6,5.8,0,2.82793,-0.0251746,0
9.6,5.9,0,2.82755,-0.020105,0
9.6,6,0,2.82858,-0.0171306,0
9.6,6.1,0,2.82845,-0.0128257,0
9.6,6.2,0,2.82831,-0.00852074,0
9.6,6.3,0,2.82761,-0.00328589,0
9.6,6.4,0,2.82768,0.00129554,0
9.6,6.5,0,2.82785,0.00608375,0
9.6,6.6,0,2.82801,0.010872,0
9.6,6.7,0,2.829,0.0146143,0
9.6,6.8,0,2.82935,0.0182431,0
9.6,6.9,0,2.8297,0.0218719,0
9.6,7,0,2.82917,0.0268439,0
9.6,7.1,0,2.83025,0.0347399,0
9.6,7.2,0,2.83096,0.0393672,0
9.6,7.3,0,2.83172,0.0440247,0
9.6,7.4,0,2.83251,0.0487053,0
9.6,7.5,0,2.83336,0.0533647,0
9.6,7.6,0,2.83424,0.0580032,0
9.6,7.7,0,2.83516,0.0626298,0
9.6,7.8,0,2.83612,0.0672265,0
9.6,7.9,0,2.83705,0.0717847,0
9.6,8,0,2.83803,0.0779586,0
9.6,8.1,0,2.84176,0.0795756,0
9.6,8.2,0,2.84286,0.0833962,0
9.6,8.3,0,2.84485,0.0875803,0
9.6,8.4,0,2.84658,0.0919604,0
9.6,8.5,0,2.84859,0.0965992,0
9.6,8.6,0,2.84998,0.100867,0
9.6,8.7,0,2.84876,0.106974,0
9.6,8.8,0,2.85305,0.109101,0
9.6,8.9,0,2.85445,0.113186,0
9.6,9,0,2.85583,0.117397,0
9.6,9.1,0,2.85742,0.12145,0
9.6,9.2,0,2.85847,0.125209,0
9.6,9.3,0,2.86039,0.129162,0
9.6,9.4,0,2.86104,0.134853,0
9.6,9.5,0,2.8643,0.137089,0
9.6,9.6,0,2.86631,0.140929,0
9.6,9.7,0,2.86797,0.14431,0
9.6,9.8,0,2.86998,0.147905,0
9.6,9.9,0,2.87192,0.152094,0
9.6,10,0,2.87427,0.154892,0
9.6,10.1,0,2.876,0.159627,0
9.6,10.2,0,2.87809,0.161042,0
9.6,10.3,0,2.8804,0.164286,0
9.6,10.4,0,2.88286,0.167267,0
9.6,10.5,0,2.88534,0.170214,0
9.6,10.6,0,2.88774,0.174229,0
9.6,10.7,0,2.89026,0.175141,0
9.6,10.8,0,2.89336,0.178901,0
9.6,10.9,0,2.89664,0.180424,0
9.6,11,0,2.89984,0.182823,0
9.6,11.1,0,2.90319,0.184106,0
9.6,11.2,0,2.90647,0.186329,0
9.6,11.3,0,2.91088,0.191965,0
9.6,11.4,0,2.91386,0.190232,0
9.6,11.5,0,2.91748,0.191943,0
9.6,11.6,0,2.92196,0.192222,0
9.6,11.7,0,2.92552,0.193529,0
9.6,11.8,0,2.92967,0.194567,0
9.6,11.9,0,2.93371,0.19525,0
9.6,12,0,2.93926,0.200955,0
9.6,12.1,0,2.94337,0.194794,0
9.6,12.2,0,2.94795,0.195116,0
9.6,12.3,0,2.95353,0.194982,0
9.6,12.4,0,2.95813,0.19395,0
9.6,12.5,0,2.96402,0.190451,0
9.6,12.6,0,2.96629,0.188966,0
9.6,12.7,0,2.96857,0.197315,0
9.7,0,0,2.9698,-0.196644,0
9.7,0.1,0,2.97144,-0.179606,0
9.7,0.2,0,2.96958,-0.181171,0
9.7,0.3,0,2.96577,-0.188758,0
9.7,0.4,0,2.95685,-0.194059,0
9.7,0.5,0,2.95196,-0.190323,0
9.7,0.6,0,2.94798,-0.190516,0
9.7,0.7,0,2.94366,-0.203151,0
9.7,0.8,0,2.93431,-0.184298,0
9.7,0.9,0,2.92972,-0.182916,0
9.7,1,0,2.92626,-0.187366,0
9.7,1.1,0,2.92056,-0.190253,0
9.7,1.2,0,2.91378,-0.184472,0
9.7,1.3,0,2.90851,-0.182317,0
9.7,1.4,0,2.90808,-0.192206,0
9.7,1.5,0,2.90089,-0.174603,0
9.7,1.6,0,2.89756,-0.172261,0
9.7,1.7,0,2.89535,-0.175104,0
9.7,1.8,0,2.89518,-0.178884,0
9.7,1.9,0,2.89333,-0.174439,0
9.7,2,0,2.89145,-0.172338,0
9.7,2.1,0,2.88797,-0.177171,0
9.7,2.2,0,2.88762,-0.162759,0
9.7,2.3,0,2.88662,-0.160063,0
9.7,2.4,0,2.88444,-0.161039,0
9.7,2.5,0,2.88274,-0.162682,0
9.7,2.6,0,2.88204,-0.157915,0
9.7,2.7,0,2.88033,-0.154623,0
9.7,2.8,0,2.87285,-0.155128,0
9.7,2.9,0,2.86706,-0.138708,0
9.7,3,0,2.86375,-0.134617,0
9.7,3.1,0,2.8613,-0.134483,0
9.7,3.2,0,2.85808,-0.134506,0
9.7,3.3,0,2.85366,-0.128264,0
9.7,3.4,0,2.84996,-0.123987,0
9.7,3.5,0,2.85112,-0.126107,0
9.7,3.6,0,2.84817,-0.110635,0
9.7,3.7,0,2.84606,-0.107133,0
9.7,3.8,0,2.84433,-0.107411,0
9.7,3.9,0,2.84637,-0.110959,0
9.7,4,0,2.8484,-0.106928,0
9.7,4.1,0,2.84964,-0.103309,0
9.7,4.2,0,2.84566,-0.0996963,0
9.7,4.3,0,2.85024,-0.085987,0
9.7,4.4,0,2.84731,-0.0823289,0
9.7,4.5,0,2.84201,-0.0812683,0
9.7,4.6,0,2.82849,-0.0823772,0
9.7,4.7,0,2.82314,-0.0774138,0
9.7,4.8,0,2.82052,-0.07249,0
9.7,4.9,0,2.82663,-0.0688148,0
9.7,5,0,2.8291,-0.0576153,0
9.7,5.1,0,2.8297,-0.0531118,0
9.7,5.2,0,2.82967,-0.0504768,0
9.7,5.3,0,2.82887,-0.0505431,0
9.7,5.4,0,2.82839,-0.0467348,0
9.7,5.5,0,2.82761,-0.0427543,0
9.7,5.6,0,2.82519,-0.0372253,0
9.7,5.7,0,2.82327,-0.0294254,0
9.7,5.8,0,2.82289,-0.0243558,0
9.7,5.9,0,2.8229,-0.0200847,0
9.7,6,0,2.82439,-0.017722,0
9.7,6.1,0,2.8247,-0.0137197,0
9.7,6.2,0,2.82457,-0.00941479,0
9.7,6.3,0,2.82328,-0.00325,0
9.7,6.4,0,2.82326,0.00112465,0
9.7,6.5,0,2.82343,0.00591286,0
9.7,6.6,0,2.82352,0.0110308,0
9.7,6.7,0,2.82477,0.0146067,0
9.7,6.8,0,2.82566,0.0176061,0
9.7,6.9,0,2.82601,0.0212349,0
9.7,7,0,2.82461,0.0275499,0
9.7,7.1,0,2.82556,0.0355564,0
9.7,7.2,0,2.82621,0.0402751,0
9.7,7.3,0,2.82691,0.0450248,0
9.7,7.4,0,2.82768,0.049789,0
9.7,7.5,0,2.8285,0.0545288,0
9.7,7.6,0,2.82937,0.0592472,0
9.7,7.7,0,2.8303,0.0639522,0
9.7,7.8,0,2.83127,0.0686272,0
9.7,7.9,0,2.83222,0.0732589,0
9.7,8,0,2.83326,0.0795234,0
9.7,8.1,0,2.83962,0.0789368,0
9.7,8.2,0,2.83921,0.0841008,0
9.7,8.3,0,2.8432,0.0869414,0
9.7,8.4,0,2.84492,0.0913215,0
9.7,8.5,0,2.84459,0.0979528,0
9.7,8.6,0,2.84871,0.100521,0
9.7,8.7,0,2.8442,0.108932,0
9.7,8.8,0,2.85203,0.108626,0
9.7,8.9,0,2.85218,0.113706,0
9.7,9,0,2.85469,0.117067,0
9.7,9.1,0,2.85628,0.121119,0
9.7,9.2,0,2.85439,0.127399,0
9.7,9.3,0,2.85862,0.128563,0
9.7,9.4,0,2.85711,0.137172,0
9.7,9.5,0,2.86252,0.136612,0
9.7,9.6,0,2.86419,0.140969,0
9.7,9.7,0,2.86585,0.143509,0
9.7,9.8,0,2.86785,0.147104,0
9.7,9.9,0,2.86865,0.154563,0
9.7,10,0,2.87232,0.154094,0
9.7,10.1,0,2.87316,0.162158,0
9.7,10.2,0,2.8756,0.159698,0
9.7,10.3,0,2.87791,0.162942,0
9.7,10.4,0,2.88044,0.165809,0
9.7,10.5,0,2.88292,0.168756,0
9.7,10.6,0,2.88571,0.176817,0
9.7,10.7,0,2.88736,0.172847,0
9.7,10.8,0,2.89167,0.181446,0
9.7,10.9,0,2.89411,0.178091,0
9.7,11,0,2.89731,0.180491,0
9.7,11.1,0,2.90098,0.181801,0
9.7,11.2,0,2.90406,0.182958,0
9.7,11.3,0,2.91002,0.194396,0
9.7,11.4,0,2.9119,0.186884,0
9.7,11.5,0,2.91708,0.194255,0
9.7,11.6,0,2.9209,0.187744,0
9.7,11.7,0,2.92447,0.189051,0
9.7,11.8,0,2.92935,0.192669,0
9.7,11.9,0,2.93303,0.190752,0
9.7,12,0,2.94018,0.203138,0
9.7,12.1,0,2.94369,0.188851,0
9.7,12.2,0,2.9493,0.195543,0
9.7,12.3,0,2.95483,0.18953,0
9.7,12.4,0,2.95943,0.188499,0
9.7,12.5,0,2.96702,0.188484,0
9.7,12.6,0,2.96969,0.181205,0
9.7,12.7,0,2.97199,0.199387,0
9.8,0,0,2.97266,-0.19856,0
9.8,0.1,0,2.97555,-0.174879,0
9.8,0.2,0,2.97418,-0.173786,0
9.8,0.3,0,2.96735,-0.190743,0
9.8,0.4,0,2.95843,-0.196044,0
9.8,0.5,0,2.95215,-0.186197,0
9.8,0.6,0,2.94812,-0.188167,0
9.8,0.7,0,2.94368,-0.205246,0
9.8,0.8,0,2.93264,-0.180153,0
9.8,0.9,0,2.92736,-0.176276,0
9.8,1,0,2.92568,-0.189797,0
9.8,1.1,0,2.91997,-0.192684,0
9.8,1.2,0,2.91086,-0.181261,0
9.8,1.3,0,2.90628,-0.180827,0
9.8,1.4,0,2.90759,-0.195017,0
9.8,1.5,0,2.89902,-0.171964,0
9.8,1.6,0,2.89514,-0.167442,0
9.8,1.7,0,2.89468,-0.178351,0
9.8,1.8,0,2.89451,-0.182131,0
9.8,1.9,0,2.89271,-0.174043,0
9.8,2,0,2.8906,-0.172932,0
9.8,2.1,0,2.88655,-0.180242,0
9.8,2.2,0,2.88642,-0.161646,0
9.8,2.3,0,2.88552,-0.157276,0
9.8,2.4,0,2.8815,-0.163962,0
9.8,2.5,0,2.8798,-0.165605,0
9.8,2.6,0,2.88069,-0.158545,0
9.8,2.7,0,2.87815,-0.155795,0
9.8,2.8,0,2.86862,-0.157655,0
9.8,2.9,0,2.86194,-0.136833,0
9.8,3,0,2.85828,-0.130981,0
9.8,3.1,0,2.85715,-0.137003,0
9.8,3.2,0,2.85393,-0.137026,0
9.8,3.3,0,2.84839,-0.127727,0
9.8,3.4,0,2.84538,-0.124364,0
9.8,3.5,0,2.84827,-0.128769,0
9.8,3.6,0,2.84502,-0.109021,0
9.8,3.7,0,2.84279,-0.10381,0
9.8,3.8,0,2.84167,-0.109966,0
9.8,3.9,0,2.84371,-0.113514,0
9.8,4,0,2.84696,-0.108842,0
9.8,4.1,0,2.84745,-0.105224,0
9.8,4.2,0,2.84161,-0.101613,0
9.8,4.3,0,2.84887,-0.0843138,0
9.8,4.4,0,2.84701,-0.0792199,0
9.8,4.5,0,2.83803,-0.0821997,0
9.8,4.6,0,2.82451,-0.0833085,0
9.8,4.7,0,2.81493,-0.0782835,0
9.8,4.8,0,2.81355,-0.0735381,0
9.8,4.9,0,2.82277,-0.0703088,0
9.8,5,0,2.82592,-0.0567179,0
9.8,5.1,0,2.82678,-0.0512578,0
9.8,5.2,0,2.82578,-0.0515294,0
9.8,5.3,0,2.82498,-0.0515957,0
9.8,5.4,0,2.82495,-0.0480554,0
9.8,5.5,0,2.82394,-0.0438536,0
9.8,5.6,0,2.82093,-0.0377717,0
9.8,5.7,0,2.81846,-0.0289966,0
9.8,5.8,0,2.81786,-0.0235369,0
9.8,5.9,0,2.81847,-0.0205081,0
9.8,6,0,2.81995,-0.0181454,0
9.8,6.1,0,2.82095,-0.0146137,0
9.8,6.2,0,2.82065,-0.0100431,0
9.8,6.3,0,2.81896,-0.00321411,0
9.8,6.4,0,2.81887,0.00101285,0
9.8,6.5,0,2.81901,0.00574197,0
9.8,6.6,0,2.81899,0.0113729,0
9.8,6.7,0,2.82024,0.0149488,0
9.8,6.8,0,2.82197,0.016969,0
9.8,6.9,0,2.82207,0.0209816,0
9.8,7,0,2.82004,0.028256,0
9.8,7.1,0,2.82087,0.0363728,0
9.8,7.2,0,2.82146,0.0411829,0
9.8,7.3,0,2.82211,0.0460248,0
9.8,7.4,0,2.82284,0.0508727,0
9.8,7.5,0,2.82364,0.0556929,0
9.8,7.6,0,2.82451,0.0604913,0
9.8,7.7,0,2.82544,0.0652745,0
9.8,7.8,0,2.82642,0.0700279,0
9.8,7.9,0,2.82739,0.0747332,0
9.8,8,0,2.82848,0.0810881,0
9.8,8.1,0,2.83748,0.078298,0
9.8,8.2,0,2.8345,0.0857579,0
9.8,8.3,0,2.84041,0.0871575,0
9.8,8.4,0,2.84275,0.0910999,0
9.8,8.5,0,2.83986,0.0997658,0
9.8,8.6,0,2.84744,0.100174,0
9.8,8.7,0,2.83965,0.110889,0
9.8,8.8,0,2.85102,0.108151,0
9.8,8.9,0,2.8479,0.115827,0
9.8,9,0,2.85174,0.118145,0
9.8,9.1,0,2.85514,0.120789,0
9.8,9.2,0,2.85028,0.12962,0
9.8,9.3,0,2.85685,0.127964,0
9.8,9.4,0,2.85319,0.13949,0
9.8,9.5,0,2.86074,0.136135,0
9.8,9.6,0,2.86054,0.143348,0
9.8,9.7,0,2.86254,0.145178,0
9.8,9.8,0,2.86572,0.146303,0
9.8,9.9,0,2.86538,0.157032,0
9.8,10,0,2.87037,0.153295,0
9.8,10.1,0,2.87031,0.164689,0
9.8,10.2,0,2.87311,0.158354,0
9.8,10.3,0,2.87547,0.165428,0
9.8,10.4,0,2.878,0.168292,0
9.8,10.5,0,2.8805,0.167298,0
9.8,10.6,0,2.88369,0.179405,0
9.8,10.7,0,2.88445,0.170552,0
9.8,10.8,0,2.88998,0.18399,0
9.8,10.9,0,2.89158,0.175759,0
9.8,11,0,2.89574,0.18193,0
9.8,11.1,0,2.89969,0.184325,0
9.8,11.2,0,2.90165,0.179588,0
9.8,11.3,0,2.90916,0.196828,0
9.8,11.4,0,2.90995,0.183535,0
9.8,11.5,0,2.91671,0.196629,0
9.8,11.6,0,2.91984,0.183266,0
9.8,11.7,0,2.92417,0.188463,0
9.8,11.8,0,2.92963,0.194961,0
9.8,11.9,0,2.93236,0.186253,0
9.8,12,0,2.9411,0.205322,0
9.8,12.1,0,2.94401,0.182909,0
9.8,12.2,0,2.95094,0.197692,0
9.8,12.3,0,2.95618,0.185373,0
9.8,12.4,0,2.96126,0.185874,0
9.8,12.5,0,2.96974,0.190625,0
9.8,12.6,0,2.9731,0.173445,0
9.8,12.7,0,2.97542,0.201461,0
9.9,0,0,2.97551,-0.200476,0
9.9,0.1,0,2.9784,-0.176795,0
9.9,0.2,0,2.97879,-0.166401,0
9.9,0.3,0,2.96894,-0.192728,0
9.9,0.4,0,2.96001,-0.198029,0
9.9,0.5,0,2.95234,-0.182071,0
9.9,0.6,0,2.94814,-0.190262,0
9.9,0.7,0,2.94369,-0.20734,0
9.9,0.8,0,2.93266,-0.182248,0
9.9,0.9,0,2.92501,-0.169635,0
9.9,1,0,2.92509,-0.192228,0
9.9,1.1,0,2.91939,-0.195115,0
9.9,1.2,0,2.90794,-0.178051,0
9.9,1.3,0,2.90578,-0.183638,0
9.9,1.4,0,2.9071,-0.197828,0
9.9,1.5,0,2.89853,-0.174775,0
9.9,1.6,0,2.89271,-0.162623,0
9.9,1.7,0,2.89401,-0.181599,0
9.9,1.8,0,2.89385,-0.185379,0
9.9,1.9,0,2.89209,-0.173646,0
9.9,2,0,2.88918,-0.176002,0
9.9,2.1,0,2.88513,-0.183312,0
9.9,2.2,0,2.885,-0.164716,0
9.9,2.3,0,2.88442,-0.154489,0
9.9,2.4,0,2.87856,-0.166885,0
9.9,2.5,0,2.87686,-0.168528,0
9.9,2.6,0,2.87934,-0.159174,0
9.9,2.7,0,2.87392,-0.158323,0
9.9,2.8,0,2.86439,-0.160183,0
9.9,2.9,0,2.8577,-0.139361,0
9.9,3,0,2.8528,-0.127344,0
9.9,3.1,0,2.853,-0.139523,0
9.9,3.2,0,2.84978,-0.139545,0
9.9,3.3,0,2.84312,-0.127191,0
9.9,3.4,0,2.84254,-0.127026,0
9.9,3.5,0,2.84542,-0.13143,0
9.9,3.6,0,2.84218,-0.111683,0
9.9,3.7,0,2.83953,-0.100486,0
9.9,3.8,0,2.839,-0.112521,0
9.9,3.9,0,2.84104,-0.116069,0
9.9,4,0,2.84552,-0.110755,0
9.9,4.1,0,2.84341,-0.10714,0
9.9,4.2,0,2.83757,-0.10353,0
9.9,4.3,0,2.84482,-0.0862305,0
9.9,4.4,0,2.84672,-0.0761109,0
9.9,4.5,0,2.83405,-0.083131,0
9.9,4.6,0,2.82053,-0.0842399,0
9.9,4.7,0,2.80671,-0.0791532,0
9.9,4.8,0,2.8097,-0.0750321,0
9.9,4.9,0,2.81891,-0.0718027,0
9.9,5,0,2.82206,-0.0582119,0
9.9,5.1,0,2.82387,-0.0494038,0
9.9,5.2,0,2.82189,-0.052582,0
9.9,5.3,0,2.82109,-0.0526483,0
9.9,5.4,0,2.82152,-0.0493759,0
9.9,5.5,0,2.81968,-0.0444,0
9.9,5.6,0,2.81667,-0.0383181,0
9.9,5.7,0,2.8142,-0.029543,0
9.9,5.8,0,2.81283,-0.0227181,0
9.9,5.9,0,2.81403,-0.0209315,0
9.9,6,0,2.81552,-0.0185688,0
9.9,6.1,0,2.8172,-0.0155078,0
9.9,6.2,0,2.81633,-0.0100072,0
9.9,6.3,0,2.81464,-0.00317821,0
9.9,6.4,0,2.81454,0.00104874,0
9.9,6.5,0,2.81459,0.00557109,0
9.9,6.6,0,2.81445,0.011715,0
9.9,6.7,0,2.8157,0.0152909,0
9.9,6.8,0,2.81828,0.016332,0
9.9,6.9,0,2.8175,0.0216876,0
9.9,7,0,2.81548,0.028962,0
9.9,7.1,0,2.81618,0.0371893,0
9.9,7.2,0,2.8167,0.0420908,0
9.9,7.3,0,2.81731,0.0470248,0
9.9,7.4,0,2.818,0.0519564,0
9.9,7.5,0,2.81878,0.056857,0
9.9,7.6,0,2.81964,0.0617353,0
9.9,7.7,0,2.82058,0.0665969,0
9.9,7.8,0,2.82157,0.0714286,0
9.9,7.9,0,2.82257,0.0762075,0
9.9,8,0,2.8237,0.0826529,0
9.9,8.1,0,2.83534,0.0776591,0
9.9,8.2,0,2.82979,0.0874151,0
9.9,8.3,0,2.8357,0.0888147,0
9.9,8.4,0,2.83802,0.092913,0
9.9,8.5,0,2.83513,0.101579,0
9.9,8.6,0,2.84617,0.0998278,0
9.9,8.7,0,2.83509,0.112847,0
9.9,8.8,0,2.84945,0.108064,0
9.9,8.9,0,2.84362,0.117949,0
9.9,9,0,2.84746,0.120266,0
9.9,9.1,0,2.85112,0.122928,0
9.9,9.2,0,2.84617,0.13184,0
9.9,9.3,0,2.85508,0.127365,0
9.9,9.4,0,2.84927,0.141809,0
9.9,9.5,0,2.85818,0.13667,0
9.9,9.6,0,2.85689,0.145727,0
9.9,9.7,0,2.85888,0.147557,0
9.9,9.8,0,2.86272,0.148007,0
9.9,9.9,0,2.86211,0.159501,0
9.9,10,0,2.86842,0.152496,0
9.9,10.1,0,2.86746,0.16722,0
9.9,10.2,0,2.87042,0.159195,0
9.9,10.3,0,2.87303,0.167997,0
9.9,10.4,0,2.87556,0.170862,0
9.9,10.5,0,2.8783,0.168121,0
9.9,10.6,0,2.88166,0.181993,0
9.9,10.7,0,2.88155,0.168258,0
9.9,10.8,0,2.88829,0.186534,0
9.9,10.9,0,2.8897,0.177162,0
9.9,11,0,2.89444,0.184453,0
9.9,11.1,0,2.89839,0.186848,0
9.9,11.2,0,2.8998,0.178316,0
9.9,11.3,0,2.90829,0.199259,0
9.9,11.4,0,2.90799,0.180186,0
9.9,11.5,0,2.91633,0.199002,0
9.9,11.6,0,2.91944,0.18542,0
9.9,11.7,0,2.92445,0.190754,0
9.9,11.8,0,2.9299,0.197253,0
9.9,11.9,0,2.93193,0.182821,0
9.9,12,0,2.94201,0.207505,0
9.9,12.1,0,2.94433,0.176966,0
9.9,12.2,0,2.95257,0.199841,0
9.9,12.3,0,2.95782,0.187521,0
9.9,12.4,0,2.96397,0.188015,0
9.9,12.5,0,2.97245,0.192765,0
9.9,12.6,0,2.9765,0.165684,0
9.9,12.7,0,2.97884,0.203534,0
10,0,0,2.97837,-0.202393,0
10,0.1,0,2.98126,-0.178711,0
10,0.2,0,2.98059,-0.167716,0
10,0.3,0,2.97052,-0.194713,0
10,0.4,0,2.9616,-0.200014,0
10,0.5,0,2.95382,-0.183619,0
10,0.6,0,2.94815,-0.192357,0
10,0.7,0,2.94371,-0.209435,0
10,0.8,0,2.93267,-0.184343,0
10,0.9,0,2.9243,-0.171418,0
10,1,0,2.9245,-0.19466,0
10,1.1,0,2.9188,-0.197546,0
10,1.2,0,2.90719,-0.180079,0
10,1.3,0,2.90529,-0.186449,0
10,1.4,0,2.90661,-0.200639,0
10,1.5,0,2.89803,-0.177586,0
10,1.6,0,2.89192,-0.165294,0
10,1.7,0,2.89334,-0.184847,0
10,1.8,0,2.89318,-0.188626,0
10,1.9,0,2.89142,-0.176633,0
10,2,0,2.88776,-0.179073,0
10,2.1,0,2.88371,-0.186383,0
10,2.2,0,2.88358,-0.167787,0
10,2.3,0,2.88161,-0.157004,0
10,2.4,0,2.87562,-0.169808,0
10,2.5,0,2.87393,-0.171451,0
10,2.6,0,2.87652,-0.161933,0
10,2.7,0,2.86969,-0.16085,0
10,2.8,0,2.86015,-0.162711,0
10,2.9,0,2.85347,-0.141888,0
10,3,0,2.84856,-0.129425,0
10,3.1,0,2.84885,-0.142043,0
10,3.2,0,2.84562,-0.142065,0
10,3.3,0,2.83889,-0.129492,0
10,3.4,0,2.83969,-0.129688,0
10,3.5,0,2.84258,-0.134092,0
10,3.6,0,2.83933,-0.114345,0
10,3.7,0,2.83682,-0.102621,0
10,3.8,0,2.83634,-0.115077,0
10,3.9,0,2.83838,-0.118624,0
10,4,0,2.84294,-0.113265,0
10,4.1,0,2.83936,-0.109057,0
10,4.2,0,2.83352,-0.105446,0
10,4.3,0,2.84078,-0.0881471,0
10,4.4,0,2.843,-0.0767536,0
10,4.5,0,2.83007,-0.0840624,0
10,4.6,0,2.81655,-0.0851712,0
10,4.7,0,2.80243,-0.0800802,0
10,4.8,0,2.80584,-0.0765261,0
10,4.9,0,2.81506,-0.0732967,0
10,5,0,2.8182,-0.0597058,0
10,5.1,0,2.82005,-0.0502488,0
10,5.2,0,2.818,-0.0536346,0
10,5.3,0,2.8172,-0.0537009,0
10,5.4,0,2.81766,-0.0504477,0
10,5.5,0,2.81543,-0.0449463,0
10,5.6,0,2.81241,-0.0388644,0
10,5.7,0,2.80994,-0.0300893,0
10,5.8,0,2.80835,-0.0230528,0
10,5.9,0,2.80959,-0.0213549,0
10,6,0,2.81108,-0.0189922,0
10,6.1,0,2.81282,-0.0159648,0
10,6.2,0,2.81201,-0.00997135,0
10,6.3,0,2.81032,-0.00314232,0
10,6.4,0,2.81022,0.00108463,0
10,6.5,0,2.81006,0.00587653,0
10,6.6,0,2.80992,0.0120571,0
10,6.7,0,2.81117,0.0156329,0
10,6.8,0,2.81381,0.0166041,0
10,6.9,0,2.81294,0.0223937,0
10,7,0,2.81091,0.0296681,0
10,7.1,0,2.8115,0.0380057,0
10,7.2,0,2.81195,0.0429987,0
10,7.3,0,2.81251,0.0480248,0
10,7.4,0,2.81316,0.0530401,0
10,7.5,0,2.81392,0.0580212,0
10,7.6,0,2.81478,0.0629794,0
10,7.7,0,2.81571,0.0679193,0
10,7.8,0,2.81672,0.0728292,0
10,7.9,0,2.81774,0.0776818,0
10,8,0,2.81892,0.0842176,0
10,8.1,0,2.83067,0.0791301,0
10,8.2,0,2.82508,0.0890723,0
10,8.3,0,2.83098,0.0904718,0
10,8.4,0,2.83329,0.0947261,0
10,8.5,0,2.8304,0.103392,0
10,8.6,0,2.84242,0.101222,0
10,8.7,0,2.83053,0.114804,0
10,8.8,0,2.84489,0.110022,0
10,8.9,0,2.83934,0.12007,0
10,9,0,2.84318,0.122388,0
10,9.1,0,2.84702,0.125149,0
10,9.2,0,2.84206,0.134061,0
10,9.3,0,2.85212,0.12838,0
10,9.4,0,2.84535,0.144127,0
10,9.5,0,2.85426,0.138988,0
10,9.6,0,2.85323,0.148107,0
10,9.7,0,2.85523,0.149936,0
10,9.8,0,2.85945,0.150476,0
10,9.9,0,2.85883,0.16197,0
10,10,0,2.86595,0.153353,0
10,10.1,0,2.86461,0.169751,0
10,10.2,0,2.86757,0.161726,0
10,10.3,0,2.87059,0.170566,0
10,10.4,0,2.87313,0.173431,0
10,10.5,0,2.87628,0.170709,0
10,10.6,0,2.87963,0.184581,0
10,10.7,0,2.87913,0.168398,0
10,10.8,0,2.8866,0.189078,0
10,10.9,0,2.88801,0.179706,0
10,11,0,2.89314,0.186976,0
10,11.1,0,2.89709,0.189371,0
10,11.2,0,2.89893,0.180748,0
10,11.3,0,2.90743,0.20169,0
10,11.4,0,2.90664,0.180035,0
10,11.5,0,2.91595,0.201375,0
10,11.6,0,2.91906,0.187794,0
10,11.7,0,2.92472,0.193046,0
10,11.8,0,2.93018,0.199545,0
10,11.9,0,2.93285,0.185004,0
10,12,0,2.94293,0.209689,0
10,12.1,0,2.9451,0.177162,0
10,12.2,0,2.95421,0.201989,0
10,12.3,0,2.95945,0.18967,0
10,12.4,0,2.96668,0.190156,0
10,12.5,0,2.97516,0.194906,0
10,12.6,0,2.97993,0.167339,0
10,12.7,0,2.98226,0.205606,0
10.1,0,0,2.98122,-0.204309,0
10.1,0.1,0,2.98411,-0.180627,0
10.1,0.2,0,2.98117,-0.175016,0
10.1,0.3,0,2.9721,-0.196698,0
10.1,0.4,0,2.96318,-0.201999,0
10.1,0.5,0,2.95531,-0.189159,0
10.1,0.6,0,2.94817,-0.194451,0
10.1,0.7,0,2.94373,-0.21153,0
10.1,0.8,0,2.93269,-0.186438,0
10.1,0.9,0,2.92507,-0.178841,0
10.1,1,0,2.92392,-0.197091,0
10.1,1.1,0,2.91821,-0.199977,0
10.1,1.2,0,2.90799,-0.185951,0
10.1,1.3,0,2.9048,-0.18926,0
10.1,1.4,0,2.90611,-0.203451,0
10.1,1.5,0,2.89754,-0.180398,0
10.1,1.6,0,2.89235,-0.172902,0
10.1,1.7,0,2.89267,-0.188094,0
10.1,1.8,0,2.89251,-0.191874,0
10.1,1.9,0,2.8903,-0.181862,0
10.1,2,0,2.88633,-0.182144,0
10.1,2.1,0,2.88228,-0.189453,0
10.1,2.2,0,2.88216,-0.170857,0
10.1,2.3,0,2.87849,-0.163274,0
10.1,2.4,0,2.87268,-0.172731,0
10.1,2.5,0,2.87099,-0.174374,0
10.1,2.6,0,2.87193,-0.165941,0
10.1,2.7,0,2.86546,-0.163378,0
10.1,2.8,0,2.85592,-0.165238,0
10.1,2.9,0,2.84924,-0.144416,0
10.1,3,0,2.84512,-0.135467,0
10.1,3.1,0,2.8447,-0.144563,0
10.1,3.2,0,2.84147,-0.144585,0
10.1,3.3,0,2.83612,-0.13384,0
10.1,3.4,0,2.83685,-0.13235,0
10.1,3.5,0,2.83973,-0.136754,0
10.1,3.6,0,2.83649,-0.117006,0
10.1,3.7,0,2.8344,-0.108597,0
10.1,3.8,0,2.83367,-0.117632,0
10.1,3.9,0,2.83571,-0.12118,0
10.1,4,0,2.83879,-0.115822,0
10.1,4.1,0,2.83531,-0.110974,0
10.1,4.2,0,2.82947,-0.107363,0
10.1,4.3,0,2.83673,-0.0900638,0
10.1,4.4,0,2.83688,-0.0805568,0
10.1,4.5,0,2.82609,-0.0849937,0
10.1,4.6,0,2.81257,-0.0861026,0
10.1,4.7,0,2.80094,-0.0813683,0
10.1,4.8,0,2.80198,-0.07802,0
10.1,4.9,0,2.8112,-0.0747907,0
10.1,5,0,2.81435,-0.0611998,0
10.1,5.1,0,2.81562,-0.0532145,0
10.1,5.2,0,2.81411,-0.0546872,0
10.1,5.3,0,2.81331,-0.0547535,0
10.1,5.4,0,2.8133,-0.0510579,0
10.1,5.5,0,2.81117,-0.0454927,0
10.1,5.6,0,2.80816,-0.0394108,0
10.1,5.7,0,2.80568,-0.0306357,0
10.1,5.8,0,2.80435,-0.0242563,0
10.1,5.9,0,2.80515,-0.0217782,0
10.1,6,0,2.80664,-0.0194156,0
10.1,6.1,0,2.80805,-0.0158568,0
10.1,6.2,0,2.80769,-0.00993546,0
10.1,6.3,0,2.80599,-0.00310643,0
10.1,6.4,0,2.8059,0.00112052,0
10.1,6.5,0,2.80558,0.00633677,0
10.1,6.6,0,2.80539,0.0123992,0
10.1,6.7,0,2.80663,0.015975,0
10.1,6.8,0,2.80877,0.0177137,0
10.1,6.9,0,2.80837,0.0230997,0
10.1,7,0,2.80635,0.0303741,0
10.1,7.1,0,2.80681,0.0388222,0
10.1,7.2,0,2.8072,0.0439065,0
10.1,7.3,0,2.8077,0.0490249,0
10.1,7.4,0,2.80833,0.0541238,0
10.1,7.5,0,2.80906,0.0591853,0
10.1,7.6,0,2.80991,0.0642234,0
10.1,7.7,0,2.81085,0.0692417,0
10.1,7.8,0,2.81187,0.0742299,0
10.1,7.9,0,2.81291,0.079156,0
10.1,8,0,2.81414,0.0857823,0
10.1,8.1,0,2.8245,0.0819405,0
10.1,8.2,0,2.82037,0.0907295,0
10.1,8.3,0,2.82627,0.092129,0
10.1,8.4,0,2.82856,0.0965391,0
10.1,8.5,0,2.82567,0.105205,0
10.1,8.6,0,2.83528,0.104787,0
10.1,8.7,0,2.82597,0.116762,0
10.1,8.8,0,2.83922,0.112864,0
10.1,8.9,0,2.83506,0.122192,0
10.1,9,0,2.8389,0.12451,0
10.1,9.1,0,2.84291,0.12737,0
10.1,9.2,0,2.83796,0.136282,0
10.1,9.3,0,2.84599,0.133368,0
10.1,9.4,0,2.84143,0.146446,0
10.1,9.5,0,2.85008,0.141701,0
10.1,9.6,0,2.84958,0.150486,0
10.1,9.7,0,2.85158,0.152316,0
10.1,9.8,0,2.85617,0.152944,0
10.1,9.9,0,2.85556,0.164439,0
10.1,10,0,2.86178,0.159151,0
10.1,10.1,0,2.86177,0.172282,0
10.1,10.2,0,2.86472,0.164257,0
10.1,10.3,0,2.86815,0.173135,0
10.1,10.4,0,2.87069,0.176,0
10.1,10.5,0,2.87425,0.173297,0
10.1,10.6,0,2.87761,0.187169,0
10.1,10.7,0,2.87832,0.175825,0
10.1,10.8,0,2.88491,0.191622,0
10.1,10.9,0,2.88632,0.18225,0
10.1,11,0,2.89185,0.1895,0
10.1,11.1,0,2.89579,0.191895,0
10.1,11.2,0,2.89822,0.183994,0
10.1,11.3,0,2.90657,0.204121,0
10.1,11.4,0,2.90727,0.187884,0
10.1,11.5,0,2.91557,0.203748,0
10.1,11.6,0,2.91868,0.190167,0
10.1,11.7,0,2.925,0.195338,0
10.1,11.8,0,2.93046,0.201837,0
10.1,11.9,0,2.93409,0.189499,0
10.1,12,0,2.94385,0.211872,0
10.1,12.1,0,2.947,0.18537,0
10.1,12.2,0,2.95584,0.204138,0
10.1,12.3,0,2.96109,0.191818,0
10.1,12.4,0,2.9694,0.192297,0
10.1,12.5,0,2.97787,0.197047,0
10.1,12.6,0,2.98297,0.174784,0
10.1,12.7,0,2.98569,0.20768,0
10.2,0,0,2.98408,-0.206225,0
10.2,0.1,0,2.98632,-0.184551,0
10.2,0.2,0,2.981,-0.186302,0
10.2,0.3,0,2.97369,-0.198683,0
10.2,0.4,0,2.96476,-0.203984,0
10.2,0.5,0,2.95672,-0.197365,0
10.2,0.6,0,2.94849,-0.197856,0
10.2,0.7,0,2.94375,-0.213625,0
10.2,0.8,0,2.93309,-0.190477,0
10.2,0.9,0,2.92685,-0.190007,0
10.2,1,0,2.92333,-0.199522,0
10.2,1.1,0,2.91763,-0.202409,0
10.2,1.2,0,2.90983,-0.194404,0
10.2,1.3,0,2.90481,-0.193281,0
10.2,1.4,0,2.90562,-0.206262,0
10.2,1.5,0,2.89742,-0.184937,0
10.2,1.6,0,2.89361,-0.183779,0
10.2,1.7,0,2.892,-0.191342,0
10.2,1.8,0,2.89184,-0.195121,0
10.2,1.9,0,2.88883,-0.188577,0
10.2,2,0,2.8849,-0.185995,0
10.2,2.1,0,2.88086,-0.192524,0
10.2,2.2,0,2.88034,-0.175151,0
10.2,2.3,0,2.87523,-0.172055,0
10.2,2.4,0,2.86974,-0.175654,0
10.2,2.5,0,2.86805,-0.177297,0
10.2,2.6,0,2.86611,-0.170762,0
10.2,2.7,0,2.86089,-0.166397,0
10.2,2.8,0,2.85169,-0.167766,0
10.2,2.9,0,2.8453,-0.148263,0
10.2,3,0,2.84221,-0.14415,0
10.2,3.1,0,2.84054,-0.147082,0
10.2,3.2,0,2.83732,-0.147105,0
10.2,3.3,0,2.8344,-0.139558,0
10.2,3.4,0,2.83424,-0.135666,0
10.2,3.5,0,2.83689,-0.139416,0
10.2,3.6,0,2.83377,-0.120928,0
10.2,3.7,0,2.83215,-0.117137,0
10.2,3.8,0,2.83101,-0.120187,0
10.2,3.9,0,2.83305,-0.123735,0
10.2,4,0,2.83352,-0.11838,0
10.2,4.1,0,2.831,-0.113028,0
10.2,4.2,0,2.82542,-0.10928,0
10.2,4.3,0,2.83189,-0.0928462,0
10.2,4.4,0,2.82915,-0.0865138,0
10.2,4.5,0,2.82211,-0.0859251,0
10.2,4.6,0,2.80859,-0.0870339,0
10.2,4.7,0,2.80132,-0.0829239,0
10.2,4.8,0,2.79903,-0.0795272,0
10.2,4.9,0,2.80734,-0.0762847,0
10.2,5,0,2.81028,-0.0633166,0
10.2,5.1,0,2.81079,-0.0576151,0
10.2,5.2,0,2.81022,-0.0557399,0
10.2,5.3,0,2.80942,-0.0558061,0
10.2,5.4,0,2.80859,-0.0513363,0
10.2,5.5,0,2.80681,-0.0459816,0
10.2,5.6,0,2.8039,-0.0399571,0
10.2,5.7,0,2.80155,-0.0314482,0
10.2,5.8,0,2.80069,-0.0260448,0
10.2,5.9,0,2.80071,-0.0222016,0
10.2,6,0,2.8022,-0.019839,0
10.2,6.1,0,2.80304,-0.0153502,0
10.2,6.2,0,2.80322,-0.00979871,0
10.2,6.3,0,2.80167,-0.00307054,0
10.2,6.4,0,2.80155,0.00126634,0
10.2,6.5,0,2.80115,0.00688563,0
10.2,6.6,0,2.80085,0.0127412,0
10.2,6.7,0,2.8021,0.0163171,0
10.2,6.8,0,2.80336,0.0193989,0
10.2,6.9,0,2.80363,0.0240156,0
10.2,7,0,2.80178,0.0310801,0
10.2,7.1,0,2.80212,0.0396386,0
10.2,7.2,0,2.80244,0.0448144,0
10.2,7.3,0,2.8029,0.0500249,0
10.2,7.4,0,2.80349,0.0552075,0
10.2,7.5,0,2.8042,0.0603494,0
10.2,7.6,0,2.80504,0.0654674,0
10.2,7.7,0,2.80599,0.070564,0
10.2,7.8,0,2.80702,0.0756306,0
10.2,7.9,0,2.80809,0.0806303,0
10.2,8,0,2.80937,0.0873471,0
10.2,8.1,0,2.81715,0.0858013,0
10.2,8.2,0,2.81565,0.0923867,0
10.2,8.3,0,2.82117,0.0940992,0
10.2,8.4,0,2.82282,0.0991094,0
10.2,8.5,0,2.82094,0.107018,0
10.2,8.6,0,2.82727,0.108905,0
10.2,8.7,0,2.82142,0.11872,0
10.2,8.8,0,2.83139,0.117418,0
10.2,8.9,0,2.83078,0.124314,0
10.2,9,0,2.83462,0.126631,0
10.2,9.1,0,2.83713,0.130894,0
10.2,9.2,0,2.83385,0.138502,0
10.2,9.3,0,2.83973,0.138506,0
10.2,9.4,0,2.83751,0.148764,0
10.2,9.5,0,2.84429,0.146876,0
10.2,9.6,0,2.84593,0.152865,0
10.2,9.7,0,2.84793,0.154695,0
10.2,9.8,0,2.85178,0.157748,0
10.2,9.9,0,2.85229,0.166908,0
10.2,10,0,2.85761,0.16495,0
10.2,10.1,0,2.85892,0.174812,0
10.2,10.2,0,2.86192,0.170451,0
10.2,10.3,0,2.86571,0.175704,0
10.2,10.4,0,2.86825,0.178569,0
10.2,10.5,0,2.87221,0.179655,0
10.2,10.6,0,2.87558,0.189757,0
10.2,10.7,0,2.87751,0.183251,0
10.2,10.8,0,2.88322,0.194167,0
10.2,10.9,0,2.88553,0.188358,0
10.2,11,0,2.89055,0.192023,0
10.2,11.1,0,2.8945,0.194418,0
10.2,11.2,0,2.89847,0.192319,0
10.2,11.3,0,2.9057,0.206553,0
10.2,11.4,0,2.90799,0.196037,0
10.2,11.5,0,2.9152,0.206121,0
10.2,11.6,0,2.91901,0.196141,0
10.2,11.7,0,2.92527,0.19763,0
10.2,11.8,0,2.93073,0.204129,0
10.2,11.9,0,2.93597,0.198473,0
10.2,12,0,2.94477,0.214055,0
10.2,12.1,0,2.94923,0.195645,0
10.2,12.2,0,2.95748,0.206286,0
10.2,12.3,0,2.96319,0.196471,0
10.2,12.4,0,2.97215,0.195408,0
10.2,12.5,0,2.98059,0.199188,0
10.2,12.6,0,2.9857,0.186758,0
10.2,12.7,0,2.98911,0.209753,0
10.3,0,0,2.98693,-0.208141,0
10.3,0.1,0,2.98615,-0.195837,0
10.3,0.2,0,2.98083,-0.197588,0
10.3,0.3,0,2.97527,-0.200668,0
10.3,0.4,0,2.96634,-0.205969,0
10.3,0.5,0,2.95814,-0.205571,0
10.3,0.6,0,2.9499,-0.206062,0
10.3,0.7,0,2.94377,-0.21572,0
10.3,0.8,0,2.93488,-0.201643,0
10.3,0.9,0,2.92864,-0.201174,0
10.3,1,0,2.92275,-0.201953,0
10.3,1.1,0,2.91704,-0.20484,0
10.3,1.2,0,2.91167,-0.202856,0
10.3,1.3,0,2.90665,-0.201733,0
10.3,1.4,0,2.90513,-0.209073,0
10.3,1.5,0,2.89868,-0.195815,0
10.3,1.6,0,2.89487,-0.194657,0
10.3,1.7,0,2.89133,-0.194589,0
10.3,1.8,0,2.89117,-0.198369,0
10.3,1.9,0,2.88736,-0.195292,0
10.3,2,0,2.88343,-0.19271,0
10.3,2.1,0,2.87944,-0.195594,0
10.3,2.2,0,2.87708,-0.183932,0
10.3,2.3,0,2.87197,-0.180836,0
10.3,2.4,0,2.86681,-0.178577,0
10.3,2.5,0,2.86511,-0.18022,0
10.3,2.6,0,2.86029,-0.175584,0
10.3,2.7,0,2.85507,-0.171218,0
10.3,2.8,0,2.84746,-0.170294,0
10.3,2.9,0,2.84239,-0.156947,0
10.3,3,0,2.8393,-0.152834,0
10.3,3.1,0,2.83639,-0.149602,0
10.3,3.2,0,2.83317,-0.149625,0
10.3,3.3,0,2.83267,-0.145276,0
10.3,3.4,0,2.83252,-0.141385,0
10.3,3.5,0,2.83404,-0.142077,0
10.3,3.6,0,2.83152,-0.129469,0
10.3,3.7,0,2.8299,-0.125678,0
10.3,3.8,0,2.82835,-0.122742,0
10.3,3.9,0,2.83039,-0.12629,0
10.3,4,0,2.82824,-0.120938,0
10.3,4.1,0,2.82573,-0.115586,0
10.3,4.2,0,2.82137,-0.111196,0
10.3,4.3,0,2.82416,-0.0988032,0
10.3,4.4,0,2.82141,-0.0924708,0
10.3,4.5,0,2.81813,-0.0868564,0
10.3,4.6,0,2.80461,-0.0879653,0
10.3,4.7,0,2.8017,-0.0844795,0
10.3,4.8,0,2.79941,-0.0810828,0
10.3,4.9,0,2.80349,-0.0777786,0
10.3,5,0,2.80545,-0.0677172,0
10.3,5.1,0,2.80596,-0.0620157,0
10.3,5.2,0,2.80633,-0.0567925,0
10.3,5.3,0,2.80553,-0.0568587,0
10.3,5.4,0,2.80387,-0.0516147,0
10.3,5.5,0,2.8021,-0.0462601,0
10.3,5.6,0,2.79964,-0.0405035,0
10.3,5.7,0,2.79789,-0.0332368,0
10.3,5.8,0,2.79703,-0.0278334,0
10.3,5.9,0,2.79628,-0.022625,0
10.3,6,0,2.79777,-0.0202623,0
10.3,6.1,0,2.79803,-0.0148437,0
10.3,6.2,0,2.79821,-0.00929216,0
10.3,6.3,0,2.79735,-0.00303465,0
10.3,6.4,0,2.79712,0.0018152,0
10.3,6.5,0,2.79671,0.00743449,0
10.3,6.6,0,2.79632,0.0130833,0
10.3,6.7,0,2.79757,0.0166592,0
10.3,6.8,0,2.79796,0.021084,0
10.3,6.9,0,2.79822,0.0257008,0
10.3,7,0,2.79722,0.0317862,0
10.3,7.1,0,2.79743,0.040455,0
10.3,7.2,0,2.79769,0.0457223,0
10.3,7.3,0,2.7981,0.0510249,0
10.3,7.4,0,2.79865,0.0562912,0
10.3,7.5,0,2.79935,0.0615135,0
10.3,7.6,0,2.80018,0.0667115,0
10.3,7.7,0,2.80113,0.0718864,0
10.3,7.8,0,2.80217,0.0770313,0
10.3,7.9,0,2.80326,0.0821046,0
10.3,8,0,2.80459,0.0889118,0
10.3,8.1,0,2.8098,0.0896621,0
10.3,8.2,0,2.81094,0.0940438,0
10.3,8.3,0,2.81338,0.0982083,0
10.3,8.4,0,2.81503,0.103219,0
10.3,8.5,0,2.81621,0.108831,0
10.3,8.6,0,2.81925,0.113022,0
10.3,8.7,0,2.81686,0.120677,0
10.3,8.8,0,2.82356,0.121972,0
10.3,8.9,0,2.82609,0.12672,0
10.3,9,0,2.8276,0.131114,0
10.3,9.1,0,2.82989,0.135567,0
10.3,9.2,0,2.82974,0.140723,0
10.3,9.3,0,2.83347,0.143644,0
10.3,9.4,0,2.83358,0.151082,0
10.3,9.5,0,2.8385,0.152051,0
10.3,9.6,0,2.8416,0.156137,0
10.3,9.7,0,2.84345,0.15944,0
10.3,9.8,0,2.84698,0.163397,0
10.3,9.9,0,2.84901,0.169376,0
10.3,10,0,2.85344,0.170749,0
10.3,10.1,0,2.85607,0.177343,0
10.3,10.2,0,2.85913,0.176895,0
10.3,10.3,0,2.86309,0.180293,0
10.3,10.4,0,2.86602,0.183247,0
10.3,10.5,0,2.87016,0.18627,0
10.3,10.6,0,2.87355,0.192345,0
10.3,10.7,0,2.87669,0.190678,0
10.3,10.8,0,2.88153,0.196711,0
10.3,10.9,0,2.88507,0.195758,0
10.3,11,0,2.88986,0.198074,0
10.3,11.1,0,2.89369,0.198793,0
10.3,11.2,0,2.89872,0.200644,0
10.3,11.3,0,2.90484,0.208984,0
10.3,11.4,0,2.9087,0.20419,0
10.3,11.5,0,2.91482,0.208495,0
10.3,11.6,0,2.91997,0.205284,0
10.3,11.7,0,2.92618,0.206263,0
10.3,11.8,0,2.93119,0.207203,0
10.3,11.9,0,2.93784,0.207447,0
10.3,12,0,2.94569,0.216239,0
10.3,12.1,0,2.95146,0.205919,0
10.3,12.2,0,2.95911,0.208435,0
10.3,12.3,0,2.96624,0.206212,0
10.3,12.4,0,2.9752,0.205149,0
10.3,12.5,0,2.9833,0.201329,0
10.3,12.6,0,2.98844,0.198733,0
10.3,12.7,0,2.99253,0.211826,0
10.4,0,0,2.98979,-0.210057,0
10.4,0.1,0,2.98598,-0.207123,0
10.4,0.2,0,2.98067,-0.208874,0
10.4,0.3,0,2.97535,-0.210625,0
10.4,0.4,0,2.96778,-0.213286,0
10.4,0.5,0,2.95955,-0.213777,0
10.4,0.6,0,2.95132,-0.214268,0
10.4,0.7,0,2.94379,-0.217815,0
10.4,0.8,0,2.93667,-0.21281,0
10.4,0.9,0,2.93043,-0.21234,0
10.4,1,0,2.92419,-0.211871,0
10.4,1.1,0,2.91854,-0.212432,0
10.4,1.2,0,2.91351,-0.211309,0
10.4,1.3,0,2.90849,-0.210186,0
10.4,1.4,0,2.90463,-0.211884,0
10.4,1.5,0,2.89994,-0.206693,0
10.4,1.6,0,2.89613,-0.205535,0
10.4,1.7,0,2.89232,-0.204377,0
10.4,1.8,0,2.88981,-0.204588,0
10.4,1.9,0,2.88589,-0.202007,0
10.4,2,0,2.88197,-0.199425,0
10.4,2.1,0,2.87802,-0.198665,0
10.4,2.2,0,2.87382,-0.192714,0
10.4,2.3,0,2.86871,-0.189617,0
10.4,2.4,0,2.86359,-0.186521,0
10.4,2.5,0,2.8597,-0.18477,0
10.4,2.6,0,2.85448,-0.180405,0
10.4,2.7,0,2.84925,-0.17604,0
10.4,2.8,0,2.84323,-0.172821,0
10.4,2.9,0,2.83948,-0.165631,0
10.4,3,0,2.8364,-0.161518,0
10.4,3.1,0,2.83331,-0.157406,0
10.4,3.2,0,2.8311,-0.154886,0
10.4,3.3,0,2.83094,-0.150995,0
10.4,3.4,0,2.83079,-0.147103,0
10.4,3.5,0,2.8312,-0.144739,0
10.4,3.6,0,2.82928,-0.138009,0
10.4,3.7,0,2.82766,-0.134218,0
10.4,3.8,0,2.82604,-0.130428,0
10.4,3.9,0,2.82549,-0.128847,0
10.4,4,0,2.82297,-0.123496,0
10.4,4.1,0,2.82045,-0.118144,0
10.4,4.2,0,2.81732,-0.113113,0
10.4,4.3,0,2.81642,-0.10476,0
10.4,4.4,0,2.81368,-0.0984279,0
10.4,4.5,0,2.81094,-0.0920955,0
10.4,4.6,0,2.80437,-0.0894317,0
10.4,4.7,0,2.80208,-0.0860351,0
10.4,4.8,0,2.7998,-0.0826384,0
10.4,4.9,0,2.79963,-0.0792726,0
10.4,5,0,2.80062,-0.0721178,0
10.4,5.1,0,2.80112,-0.0664163,0
10.4,5.2,0,2.80163,-0.0607147,0
10.4,5.3,0,2.80093,-0.0572477,0
10.4,5.4,0,2.79916,-0.0518931,0
10.4,5.5,0,2.79738,-0.0465385,0
10.4,5.6,0,2.79538,-0.0410498,0
10.4,5.7,0,2.79422,-0.0350253,0
10.4,5.8,0,2.79336,-0.0296219,0
10.4,5.9,0,2.7925,-0.0242185,0
10.4,6,0,2.79284,-0.0198886,0
10.4,6.1,0,2.79301,-0.0143371,0
10.4,6.2,0,2.79319,-0.0087856,0
10.4,6.3,0,2.79303,-0.00299875,0
10.4,6.4,0,2.79268,0.00236406,0
10.4,6.5,0,2.79227,0.00798335,0
10.4,6.6,0,2.79187,0.0136026,0
10.4,6.7,0,2.79228,0.0181525,0
10.4,6.8,0,2.79255,0.0227692,0
10.4,6.9,0,2.79281,0.0273859,0
10.4,7,0,2.79265,0.0324922,0
10.4,7.1,0,2.79274,0.0412715,0
10.4,7.2,0,2.79294,0.0466301,0
10.4,7.3,0,2.79329,0.0520249,0
10.4,7.4,0,2.79381,0.0573749,0
10.4,7.5,0,2.79449,0.0626776,0
10.4,7.6,0,2.79531,0.0679555,0
10.4,7.7,0,2.79626,0.0732088,0
10.4,7.8,0,2.79732,0.0784319,0
10.4,7.9,0,2.79843,0.0835789,0
10.4,8,0,2.79981,0.0904766,0
10.4,8.1,0,2.80246,0.0935228,0
10.4,8.2,0,2.80382,0.097717,0
10.4,8.3,0,2.80559,0.102317,0
10.4,8.4,0,2.80724,0.107328,0
10.4,8.5,0,2.80914,0.112287,0
10.4,8.6,0,2.81123,0.117139,0
10.4,8.7,0,2.8123,0.122635,0
10.4,8.8,0,2.81574,0.126526,0
10.4,8.9,0,2.81826,0.131274,0
10.4,9,0,2.82035,0.135786,0
10.4,9.1,0,2.82264,0.140239,0
10.4,9.2,0,2.82453,0.144433,0
10.4,9.3,0,2.82721,0.148782,0
10.4,9.4,0,2.82966,0.153401,0
10.4,9.5,0,2.83271,0.157225,0
10.4,9.6,0,2.83581,0.161311,0
10.4,9.7,0,2.83865,0.165089,0
10.4,9.8,0,2.84219,0.169047,0
10.4,9.9,0,2.84546,0.172873,0
10.4,10,0,2.84927,0.176547,0
10.4,10.1,0,2.85308,0.180222,0
10.4,10.2,0,2.85633,0.183339,0
10.4,10.3,0,2.86029,0.186737,0
10.4,10.4,0,2.86397,0.189862,0
10.4,10.5,0,2.86812,0.192885,0
10.4,10.6,0,2.87166,0.195448,0
10.4,10.7,0,2.87588,0.198104,0
10.4,10.8,0,2.88011,0.200761,0
10.4,10.9,0,2.88461,0.203158,0
10.4,11,0,2.8894,0.205474,0
10.4,11.1,0,2.89394,0.207118,0
10.4,11.2,0,2.89897,0.208968,0
10.4,11.3,0,2.90398,0.211415,0
10.4,11.4,0,2.90941,0.212343,0
10.4,11.5,0,2.915,0.213819,0
10.4,11.6,0,2.92093,0.214427,0
10.4,11.7,0,2.92714,0.215406,0
10.4,11.8,0,2.93306,0.216176,0
10.4,11.9,0,2.93971,0.216421,0
10.4,12,0,2.94661,0.218422,0
10.4,12.1,0,2.95369,0.216194,0
10.4,12.2,0,2.96117,0.216376,0
10.4,12.3,0,2.96928,0.215953,0
10.4,12.4,0,2.97825,0.21489,0
10.4,12.5,0,2.98603,0.212466,0
10.4,12.6,0,2.99117,0.210707,0
10.4,12.7,0,2.99596,0.213898,0
10.5,0,0,2.99146,-0.219482,0
10.5,0.1,0,2.98777,-0.217764,0
10.5,0.2,0,2.98246,-0.219515,0
10.5,0.3,0,2.97714,-0.221266,0
10.5,0.4,0,2.96831,-0.222602,0
10.5,0.5,0,2.96008,-0.223093,0
10.5,0.6,0,2.95185,-0.223584,0
10.5,0.7,0,2.94368,-0.226343,0
10.5,0.8,0,2.9386,-0.22322,0
10.5,0.9,0,2.93237,-0.222751,0
10.5,1,0,2.92613,-0.222282,0
10.5,1.1,0,2.91978,-0.221882,0
10.5,1.2,0,2.91476,-0.220759,0
10.5,1.3,0,2.90974,-0.219636,0
10.5,1.4,0,2.90346,-0.219766,0
10.5,1.5,0,2.90135,-0.216587,0
10.5,1.6,0,2.89754,-0.215429,0
10.5,1.7,0,2.89373,-0.214271,0
10.5,1.8,0,2.88824,-0.212812,0
10.5,1.9,0,2.88431,-0.21023,0
10.5,2,0,2.88039,-0.207648,0
10.5,2.1,0,2.87524,-0.205474,0
10.5,2.2,0,2.87111,-0.200176,0
10.5,2.3,0,2.86599,-0.197079,0
10.5,2.4,0,2.86088,-0.193983,0
10.5,2.5,0,2.85338,-0.191378,0
10.5,2.6,0,2.84815,-0.187013,0
10.5,2.7,0,2.84292,-0.182647,0
10.5,2.8,0,2.83904,-0.178791,0
10.5,2.9,0,2.83629,-0.172435,0
10.5,3,0,2.83321,-0.168322,0
10.5,3.1,0,2.83012,-0.16421,0
10.5,3.2,0,2.82857,-0.162403,0
10.5,3.3,0,2.82842,-0.158511,0
10.5,3.4,0,2.82827,-0.154619,0
10.5,3.5,0,2.82735,-0.150059,0
10.5,3.6,0,2.82837,-0.144714,0
10.5,3.7,0,2.82675,-0.140923,0
10.5,3.8,0,2.82513,-0.137133,0
10.5,3.9,0,2.81921,-0.133816,0
10.5,4,0,2.81669,-0.128464,0
10.5,4.1,0,2.81417,-0.123113,0
10.5,4.2,0,2.81144,-0.117026,0
10.5,4.3,0,2.80978,-0.108668,0
10.5,4.4,0,2.80704,-0.102336,0
10.5,4.5,0,2.8043,-0.0960032,0
10.5,4.6,0,2.80349,-0.091955,0
10.5,4.7,0,2.8012,-0.0885584,0
10.5,4.8,0,2.79892,-0.0851617,0
10.5,4.9,0,2.79509,-0.0820102,0
10.5,5,0,2.79602,-0.0763998,0
10.5,5.1,0,2.79652,-0.0706983,0
10.5,5.2,0,2.79703,-0.0649968,0
10.5,5.3,0,2.79683,-0.0575169,0
10.5,5.4,0,2.79505,-0.0521623,0
10.5,5.5,0,2.79328,-0.0468076,0
10.5,5.6,0,2.79008,-0.0422959,0
10.5,5.7,0,2.78961,-0.0368411,0
10.5,5.8,0,2.78875,-0.0314377,0
10.5,5.9,0,2.78789,-0.0260343,0
10.5,6,0,2.78839,-0.0194094,0
10.5,6.1,0,2.78857,-0.0138579,0
10.5,6.2,0,2.78874,-0.00830639,0
10.5,6.3,0,2.78753,-0.0031256,0
10.5,6.4,0,2.7879,0.00291529,0
10.5,6.5,0,2.78749,0.00853458,0
10.5,6.6,0,2.78709,0.0141539,0
10.5,6.7,0,2.78697,0.0202047,0
10.5,6.8,0,2.78724,0.0248214,0
10.5,6.9,0,2.7875,0.0294381,0
10.5,7,0,2.78723,0.0334516,0
10.5,7.1,0,2.78736,0.0424585,0
10.5,7.2,0,2.78759,0.0480019,0
10.5,7.3,0,2.78798,0.0535776,0
10.5,7.4,0,2.78853,0.0591028,0
10.5,7.5,0,2.78923,0.0645814,0
10.5,7.6,0,2.79009,0.0700357,0
10.5,7.7,0,2.79108,0.0754641,0
10.5,7.8,0,2.79217,0.0808626,0
10.5,7.9,0,2.79333,0.0861861,0
10.5,8,0,2.79484,0.0932972,0
10.5,8.1,0,2.79495,0.0972795,0
10.5,8.2,0,2.79631,0.101474,0
10.5,8.3,0,2.79789,0.106329,0
10.5,8.4,0,2.79954,0.111339,0
10.5,8.5,0,2.80092,0.11654,0
10.5,8.6,0,2.80301,0.121393,0
10.5,8.7,0,2.80618,0.126703,0
10.5,8.8,0,2.80801,0.13097,0
10.5,8.9,0,2.81053,0.135717,0
10.5,9,0,2.81307,0.140642,0
10.5,9.1,0,2.81536,0.145095,0
10.5,9.2,0,2.81822,0.149413,0
10.5,9.3,0,2.82089,0.153762,0
10.5,9.4,0,2.82377,0.158404,0
10.5,9.5,0,2.82687,0.162623,0
10.5,9.6,0,2.82997,0.166709,0
10.5,9.7,0,2.83379,0.170548,0
10.5,9.8,0,2.83733,0.174505,0
10.5,9.9,0,2.84129,0.178932,0
10.5,10,0,2.8451,0.182607,0
10.5,10.1,0,2.84891,0.186282,0
10.5,10.2,0,2.85351,0.18959,0
10.5,10.3,0,2.85747,0.192988,0
10.5,10.4,0,2.86191,0.196762,0
10.5,10.5,0,2.86606,0.199785,0
10.5,10.6,0,2.87084,0.20268,0
10.5,10.7,0,2.87506,0.205336,0
10.5,10.8,0,2.87929,0.207993,0
10.5,10.9,0,2.88401,0.210837,0
10.5,11,0,2.8888,0.213153,0
10.5,11.1,0,2.89426,0.215279,0
10.5,11.2,0,2.89929,0.217129,0
10.5,11.3,0,2.90406,0.219661,0
10.5,11.4,0,2.90991,0.220753,0
10.5,11.5,0,2.9155,0.222229,0
10.5,11.6,0,2.92194,0.223437,0
10.5,11.7,0,2.92815,0.224416,0
10.5,11.8,0,2.93477,0.225465,0
10.5,11.9,0,2.94142,0.22571,0
10.5,12,0,2.94739,0.227473,0
10.5,12.1,0,2.95588,0.226169,0
10.5,12.2,0,2.96336,0.22635,0
10.5,12.3,0,2.972,0.226301,0
10.5,12.4,0,2.98097,0.225238,0
10.5,12.5,0,2.99003,0.224005,0
10.5,12.6,0,2.99517,0.222246,0
10.5,12.7,0,2.99772,0.223473,0
10.6,0,0,2.99195,-0.236417,0
10.6,0.1,0,2.99152,-0.22776,0
10.6,0.2,0,2.98621,-0.229511,0
10.6,0.3,0,2.9804,-0.232114,0
10.6,0.4,0,2.96805,-0.233818,0
10.6,0.5,0,2.95973,-0.233518,0
10.6,0.6,0,2.9515,-0.234009,0
10.6,0.7,0,2.94346,-0.241305,0
10.6,0.8,0,2.94069,-0.232875,0
10.6,0.9,0,2.93445,-0.232406,0
10.6,1,0,2.92779,-0.232546,0
10.6,1.1,0,2.92021,-0.232824,0
10.6,1.2,0,2.91541,-0.231205,0
10.6,1.3,0,2.91039,-0.230082,0
10.6,1.4,0,2.9016,-0.232718,0
10.6,1.5,0,2.90291,-0.225497,0
10.6,1.6,0,2.8991,-0.224339,0
10.6,1.7,0,2.8946,-0.223567,0
10.6,1.8,0,2.88633,-0.222812,0
10.6,1.9,0,2.88263,-0.219961,0
10.6,2,0,2.8787,-0.21738,0
10.6,2.1,0,2.8711,-0.216022,0
10.6,2.2,0,2.86894,-0.206319,0
10.6,2.3,0,2.86383,-0.203223,0
10.6,2.4,0,2.85836,-0.200643,0
10.6,2.5,0,2.84686,-0.199967,0
10.6,2.6,0,2.84132,-0.195407,0
10.6,2.7,0,2.83609,-0.191042,0
10.6,2.8,0,2.83489,-0.188202,0
10.6,2.9,0,2.83282,-0.177359,0
10.6,3,0,2.82974,-0.173247,0
10.6,3.1,0,2.82661,-0.169712,0
10.6,3.2,0,2.82519,-0.171668,0
10.6,3.3,0,2.8251,-0.167826,0
10.6,3.4,0,2.82494,-0.163934,0
10.6,3.5,0,2.82251,-0.158035,0
10.6,3.6,0,2.8288,-0.149584,0
10.6,3.7,0,2.82718,-0.145793,0
10.6,3.8,0,2.82458,-0.142236,0
10.6,3.9,0,2.81204,-0.14107,0
10.6,4,0,2.8094,-0.135844,0
10.6,4.1,0,2.80689,-0.130492,0
10.6,4.2,0,2.80371,-0.122934,0
10.6,4.3,0,2.80423,-0.110526,0
10.6,4.4,0,2.80149,-0.104194,0
10.6,4.5,0,2.79875,-0.0983337,0
10.6,4.6,0,2.80087,-0.0956849,0
10.6,4.7,0,2.79907,-0.0920494,0
10.6,4.8,0,2.79678,-0.0886527,0
10.6,4.9,0,2.78988,-0.0859914,0
10.6,5,0,2.79165,-0.0805633,0
10.6,5.1,0,2.79216,-0.0748618,0
10.6,5.2,0,2.79227,-0.0690116,0
10.6,5.3,0,2.79282,-0.0581858,0
10.6,5.4,0,2.79156,-0.0524221,0
10.6,5.5,0,2.78978,-0.0470675,0
10.6,5.6,0,2.78374,-0.0442416,0
10.6,5.7,0,2.78406,-0.0386841,0
10.6,5.8,0,2.7832,-0.0332807,0
10.6,5.9,0,2.78221,-0.0278052,0
10.6,6,0,2.78414,-0.0192132,0
10.6,6.1,0,2.78468,-0.013406,0
10.6,6.2,0,2.78486,-0.00785453,0
10.6,6.3,0,2.78086,-0.00341518,0
10.6,6.4,0,2.78277,0.0034689,0
10.6,6.5,0,2.78236,0.00908819,0
10.6,6.6,0,2.78177,0.0146869,0
10.6,6.7,0,2.78159,0.0223368,0
10.6,6.8,0,2.78203,0.0272405,0
10.6,6.9,0,2.78229,0.0318573,0
10.6,7,0,2.78095,0.0346644,0
10.6,7.1,0,2.7813,0.0440161,0
10.6,7.2,0,2.78165,0.0498374,0
10.6,7.3,0,2.78215,0.0556829,0
10.6,7.4,0,2.78279,0.0614749,0
10.6,7.5,0,2.78358,0.0672248,0
10.6,7.6,0,2.78451,0.072952,0
10.6,7.7,0,2.78557,0.0786523,0
10.6,7.8,0,2.78673,0.0843232,0
10.6,7.9,0,2.78796,0.0899262,0
10.6,8,0,2.78966,0.0973738,0
10.6,8.1,0,2.78728,0.100932,0
10.6,8.2,0,2.78887,0.105213,0
10.6,8.3,0,2.79028,0.110242,0
10.6,8.4,0,2.79193,0.115253,0
10.6,8.5,0,2.7935,0.121194,0
10.6,8.6,0,2.7946,0.125784,0
10.6,8.7,0,2.80136,0.13263,0
10.6,8.8,0,2.80037,0.135302,0
10.6,8.9,0,2.8029,0.14005,0
10.6,9,0,2.80574,0.145682,0
10.6,9.1,0,2.80803,0.150135,0
10.6,9.2,0,2.81275,0.155419,0
10.6,9.3,0,2.81452,0.158584,0
10.6,9.4,0,2.81942,0.166282,0
10.6,9.5,0,2.82099,0.168243,0
10.6,9.6,0,2.82408,0.172329,0
10.6,9.7,0,2.82887,0.175815,0
10.6,9.8,0,2.83241,0.179772,0
10.6,9.9,0,2.83707,0.187154,0
10.6,10,0,2.84092,0.188927,0
10.6,10.1,0,2.84475,0.195587,0
10.6,10.2,0,2.85065,0.195649,0
10.6,10.3,0,2.85461,0.199047,0
10.6,10.4,0,2.85984,0.203947,0
10.6,10.5,0,2.86398,0.20697,0
10.6,10.6,0,2.8675,0.213133,0
10.6,10.7,0,2.87424,0.212374,0
10.6,10.8,0,2.87678,0.218076,0
10.6,10.9,0,2.88328,0.218795,0
10.6,11,0,2.88807,0.22111,0
10.6,11.1,0,2.89466,0.223276,0
10.6,11.2,0,2.89969,0.225127,0
10.6,11.3,0,2.90157,0.232335,0
10.6,11.4,0,2.91021,0.229419,0
10.6,11.5,0,2.9146,0.23316,0
10.6,11.6,0,2.92301,0.232313,0
10.6,11.7,0,2.92922,0.233292,0
10.6,11.8,0,2.93632,0.23507,0
10.6,11.9,0,2.94296,0.235314,0
10.6,12,0,2.94614,0.242135,0
10.6,12.1,0,2.95803,0.235844,0
10.6,12.2,0,2.96461,0.237658,0
10.6,12.3,0,2.9744,0.237257,0
10.6,12.4,0,2.98336,0.236194,0
10.6,12.5,0,2.99482,0.235552,0
10.6,12.6,0,3.00044,0.23335,0
10.6,12.7,0,2.99781,0.240549,0
10.7,0,0,2.99243,-0.253351,0
10.7,0.1,0,2.99527,-0.237755,0
10.7,0.2,0,2.98996,-0.239506,0
10.7,0.3,0,2.9807,-0.248076,0
10.7,0.4,0,2.96836,-0.24978,0
10.7,0.5,0,2.95937,-0.243943,0
10.7,0.6,0,2.95114,-0.244434,0
10.7,0.7,0,2.94324,-0.256267,0
10.7,0.8,0,2.94277,-0.24253,0
10.7,0.9,0,2.93654,-0.242061,0
10.7,1,0,2.92685,-0.246464,0
10.7,1.1,0,2.91928,-0.246742,0
10.7,1.2,0,2.91606,-0.241651,0
10.7,1.3,0,2.91104,-0.240528,0
10.7,1.4,0,2.89975,-0.24567,0
10.7,1.5,0,2.90447,-0.234407,0
10.7,1.6,0,2.90066,-0.233249,0
10.7,1.7,0,2.89133,-0.235183,0
10.7,1.8,0,2.88306,-0.234428,0
10.7,1.9,0,2.88094,-0.229693,0
10.7,2,0,2.87702,-0.227111,0
10.7,2.1,0,2.86696,-0.226569,0
10.7,2.2,0,2.86678,-0.212462,0
10.7,2.3,0,2.86166,-0.209366,0
10.7,2.4,0,2.85371,-0.210403,0
10.7,2.5,0,2.84221,-0.209727,0
10.7,2.6,0,2.83449,-0.203801,0
10.7,2.7,0,2.82926,-0.199436,0
10.7,2.8,0,2.83074,-0.197613,0
10.7,2.9,0,2.82935,-0.182284,0
10.7,3,0,2.82627,-0.178172,0
10.7,3.1,0,2.8229,-0.178681,0
10.7,3.2,0,2.82148,-0.180637,0
10.7,3.3,0,2.82177,-0.177141,0
10.7,3.4,0,2.82162,-0.173249,0
10.7,3.5,0,2.81767,-0.166012,0
10.7,3.6,0,2.82923,-0.154453,0
10.7,3.7,0,2.82761,-0.150663,0
10.7,3.8,0,2.81817,-0.148739,0
10.7,3.9,0,2.80563,-0.147573,0
10.7,4,0,2.80212,-0.143223,0
10.7,4.1,0,2.7996,-0.137871,0
10.7,4.2,0,2.79599,-0.128843,0
10.7,4.3,0,2.79868,-0.112385,0
10.7,4.4,0,2.79594,-0.106052,0
10.7,4.5,0,2.79328,-0.103497,0
10.7,4.6,0,2.7954,-0.100848,0
10.7,4.7,0,2.79693,-0.0955404,0
10.7,4.8,0,2.79464,-0.0921438,0
10.7,4.9,0,2.78466,-0.0899726,0
10.7,5,0,2.78728,-0.0847268,0
10.7,5.1,0,2.78779,-0.0790253,0
10.7,5.2,0,2.78519,-0.0721346,0
10.7,5.3,0,2.78574,-0.0613087,0
10.7,5.4,0,2.78806,-0.052682,0
10.7,5.5,0,2.78629,-0.0473274,0
10.7,5.6,0,2.7774,-0.0461873,0
10.7,5.7,0,2.7785,-0.0405272,0
10.7,5.8,0,2.77764,-0.0351238,0
10.7,5.9,0,2.77579,-0.029143,0
10.7,6,0,2.77771,-0.0205511,0
10.7,6.1,0,2.78079,-0.0129542,0
10.7,6.2,0,2.78097,-0.00740266,0
10.7,6.3,0,2.77419,-0.00370476,0
10.7,6.4,0,2.77764,0.00402251,0
10.7,6.5,0,2.77723,0.0096418,0
10.7,6.6,0,2.7753,0.0150968,0
10.7,6.7,0,2.77513,0.0227466,0
10.7,6.8,0,2.77682,0.0296597,0
10.7,6.9,0,2.77708,0.0342764,0
10.7,7,0,2.77467,0.0358772,0
10.7,7.1,0,2.77523,0.0455737,0
10.7,7.2,0,2.77571,0.051673,0
10.7,7.3,0,2.77632,0.0577882,0
10.7,7.4,0,2.77706,0.063847,0
10.7,7.5,0,2.77793,0.0698682,0
10.7,7.6,0,2.77894,0.0758684,0
10.7,7.7,0,2.78006,0.0818404,0
10.7,7.8,0,2.78128,0.0877838,0
10.7,7.9,0,2.78259,0.0936664,0
10.7,8,0,2.78449,0.10145,0
10.7,8.1,0,2.77961,0.104585,0
10.7,8.2,0,2.78389,0.109879,0
10.7,8.3,0,2.78267,0.114156,0
10.7,8.4,0,2.78432,0.119166,0
10.7,8.5,0,2.78858,0.126497,0
10.7,8.6,0,2.78618,0.130174,0
10.7,8.7,0,2.79654,0.138557,0
10.7,8.8,0,2.79274,0.139635,0
10.7,8.9,0,2.79781,0.146364,0
10.7,9,0,2.79861,0.150836,0
10.7,9.1,0,2.80071,0.155175,0
10.7,9.2,0,2.80823,0.162658,0
10.7,9.3,0,2.80815,0.163406,0
10.7,9.4,0,2.81507,0.17416,0
10.7,9.5,0,2.8151,0.173863,0
10.7,9.6,0,2.81931,0.179899,0
10.7,9.7,0,2.82413,0.181972,0
10.7,9.8,0,2.82749,0.18504,0
10.7,9.9,0,2.83284,0.196224,0
10.7,10,0,2.83673,0.195248,0
10.7,10.1,0,2.8406,0.205248,0
10.7,10.2,0,2.84779,0.201708,0
10.7,10.3,0,2.85123,0.207104,0
10.7,10.4,0,2.85687,0.21259,0
10.7,10.5,0,2.86191,0.214155,0
10.7,10.6,0,2.86386,0.223993,0
10.7,10.7,0,2.87342,0.219412,0
10.7,10.8,0,2.87352,0.229517,0
10.7,10.9,0,2.88255,0.226752,0
10.7,11,0,2.88673,0.230204,0
10.7,11.1,0,2.89278,0.234043,0
10.7,11.2,0,2.90009,0.233124,0
10.7,11.3,0,2.89908,0.245009,0
10.7,11.4,0,2.9105,0.238085,0
10.7,11.5,0,2.91246,0.246454,0
10.7,11.6,0,2.92408,0.241189,0
10.7,11.7,0,2.93008,0.242547,0
10.7,11.8,0,2.93497,0.248518,0
10.7,11.9,0,2.9445,0.244919,0
10.7,12,0,2.94488,0.256798,0
10.7,12.1,0,2.96018,0.24552,0
10.7,12.2,0,2.96362,0.253016,0
10.7,12.3,0,2.9768,0.248213,0
10.7,12.4,0,2.98576,0.24715,0
10.7,12.5,0,2.99442,0.251858,0
10.7,12.6,0,3.00571,0.244454,0
10.7,12.7,0,2.9979,0.257624,0
10.8,0,0,2.99292,-0.270286,0
10.8,0.1,0,2.99646,-0.253203,0
10.8,0.2,0,2.9937,-0.249502,0
10.8,0.3,0,2.981,-0.264038,0
10.8,0.4,0,2.96866,-0.265742,0
10.8,0.5,0,2.95902,-0.254368,0
10.8,0.6,0,2.95089,-0.258423,0
10.8,0.7,0,2.94301,-0.271229,0
10.8,0.8,0,2.94305,-0.256355,0
10.8,0.9,0,2.93862,-0.251716,0
10.8,1,0,2.92592,-0.260382,0
10.8,1.1,0,2.91834,-0.260659,0
10.8,1.2,0,2.91671,-0.252097,0
10.8,1.3,0,2.90972,-0.252943,0
10.8,1.4,0,2.89789,-0.258622,0
10.8,1.5,0,2.90335,-0.246493,0
10.8,1.6,0,2.90222,-0.242159,0
10.8,1.7,0,2.88806,-0.246798,0
10.8,1.8,0,2.87979,-0.246043,0
10.8,1.9,0,2.87926,-0.239425,0
10.8,2,0,2.87341,-0.237484,0
10.8,2.1,0,2.86283,-0.237117,0
10.8,2.2,0,2.86306,-0.222066,0
10.8,2.3,0,2.8595,-0.215509,0
10.8,2.4,0,2.84907,-0.220163,0
10.8,2.5,0,2.83756,-0.219487,0
10.8,2.6,0,2.82766,-0.212195,0
10.8,2.7,0,2.82454,-0.208629,0
10.8,2.8,0,2.8266,-0.207024,0
10.8,2.9,0,2.82535,-0.190734,0
10.8,3,0,2.8228,-0.183096,0
10.8,3.1,0,2.81918,-0.18765,0
10.8,3.2,0,2.81776,-0.189606,0
10.8,3.3,0,2.81845,-0.186455,0
10.8,3.4,0,2.8171,-0.181512,0
10.8,3.5,0,2.81283,-0.173989,0
10.8,3.6,0,2.82552,-0.161764,0
10.8,3.7,0,2.82804,-0.155532,0
10.8,3.8,0,2.81176,-0.155242,0
10.8,3.9,0,2.79922,-0.154076,0
10.8,4,0,2.79483,-0.150602,0
10.8,4.1,0,2.79197,-0.144095,0
10.8,4.2,0,2.78827,-0.134752,0
10.8,4.3,0,2.79142,-0.117426,0
10.8,4.4,0,2.79038,-0.107911,0
10.8,4.5,0,2.7878,-0.10866,0
10.8,4.6,0,2.78992,-0.106011,0
10.8,4.7,0,2.79479,-0.0990314,0
10.8,4.8,0,2.79009,-0.0960199,0
10.8,4.9,0,2.77945,-0.0939539,0
10.8,5,0,2.78225,-0.0887471,0
10.8,5.1,0,2.78342,-0.0831888,0
10.8,5.2,0,2.77811,-0.0752575,0
10.8,5.3,0,2.77866,-0.0644316,0
10.8,5.4,0,2.78456,-0.0529419,0
10.8,5.5,0,2.78055,-0.0489118,0
10.8,5.6,0,2.77106,-0.048133,0
10.8,5.7,0,2.77233,-0.0424509,0
10.8,5.8,0,2.77209,-0.0369668,0
10.8,5.9,0,2.76936,-0.0304808,0
10.8,6,0,2.77129,-0.0218889,0
10.8,6.1,0,2.7769,-0.0125023,0
10.8,6.2,0,2.7749,-0.00753336,0
10.8,6.3,0,2.76753,-0.00399434,0
10.8,6.4,0,2.7713,0.00391361,0
10.8,6.5,0,2.7721,0.0101954,0
10.8,6.6,0,2.76884,0.0155066,0
10.8,6.7,0,2.76867,0.0231564,0
10.8,6.8,0,2.77161,0.0320789,0
10.8,6.9,0,2.77104,0.0357477,0
10.8,7,0,2.76839,0.03709,0
10.8,7.1,0,2.76917,0.0471314,0
10.8,7.2,0,2.76977,0.0535085,0
10.8,7.3,0,2.77049,0.0598935,0
10.8,7.4,0,2.77133,0.0662191,0
10.8,7.5,0,2.77229,0.0725116,0
10.8,7.6,0,2.77336,0.0787847,0
10.8,7.7,0,2.77455,0.0850286,0
10.8,7.8,0,2.77583,0.0912444,0
10.8,7.9,0,2.77721,0.0974065,0
10.8,8,0,2.77932,0.105527,0
10.8,8.1,0,2.77195,0.108237,0
10.8,8.2,0,2.7789,0.114546,0
10.8,8.3,0,2.77735,0.118727,0
10.8,8.4,0,2.77852,0.124012,0
10.8,8.5,0,2.78366,0.131801,0
10.8,8.6,0,2.77776,0.134565,0
10.8,8.7,0,2.79172,0.144483,0
10.8,8.8,0,2.7851,0.143967,0
10.8,8.9,0,2.79306,0.15294,0
10.8,9,0,2.79386,0.157413,0
10.8,9.1,0,2.7947,0.161244,0
10.8,9.2,0,2.80371,0.169898,0
10.8,9.3,0,2.80178,0.168228,0
10.8,9.4,0,2.81073,0.182038,0
10.8,9.5,0,2.80921,0.179484,0
10.8,9.6,0,2.81505,0.188382,0
10.8,9.7,0,2.81988,0.190455,0
10.8,9.8,0,2.82275,0.191318,0
10.8,9.9,0,2.8286,0.205293,0
10.8,10,0,2.83255,0.201568,0
10.8,10.1,0,2.83645,0.214909,0
10.8,10.2,0,2.84485,0.207997,0
10.8,10.3,0,2.84728,0.217336,0
10.8,10.4,0,2.85292,0.222822,0
10.8,10.5,0,2.85974,0.221575,0
10.8,10.6,0,2.86021,0.234853,0
10.8,10.7,0,2.87259,0.226449,0
10.8,10.8,0,2.87025,0.240958,0
10.8,10.9,0,2.88115,0.235636,0
10.8,11,0,2.88378,0.24227,0
10.8,11.1,0,2.88983,0.246109,0
10.8,11.2,0,2.90049,0.241121,0
10.8,11.3,0,2.89659,0.257683,0
10.8,11.4,0,2.91079,0.246751,0
10.8,11.5,0,2.91033,0.259749,0
10.8,11.6,0,2.92365,0.252134,0
10.8,11.7,0,2.92836,0.256505,0
10.8,11.8,0,2.93325,0.262476,0
10.8,11.9,0,2.94605,0.254523,0
10.8,12,0,2.94362,0.27146,0
10.8,12.1,0,2.96233,0.255195,0
10.8,12.2,0,2.96264,0.268374,0
10.8,12.3,0,2.97693,0.262119,0
10.8,12.4,0,2.98572,0.262773,0
10.8,12.5,0,2.99402,0.268164,0
10.8,12.6,0,3.01099,0.255558,0
10.8,12.7,0,2.998,0.2747,0
10.9,0,0,2.99341,-0.287221,0
10.9,0.1,0,2.99695,-0.270138,0
10.9,0.2,0,2.99598,-0.262055,0
10.9,0.3,0,2.98131,-0.28,0
10.9,0.4,0,2.96896,-0.281704,0
10.9,0.5,0,2.95895,-0.267166,0
10.9,0.6,0,2.95067,-0.273385,0
10.9,0.7,0,2.94279,-0.28619,0
10.9,0.8,0,2.94282,-0.271317,0
10.9,0.9,0,2.93942,-0.263198,0
10.9,1,0,2.92499,-0.2743,0
10.9,1.1,0,2.91741,-0.274577,0
10.9,1.2,0,2.91668,-0.264031,0
10.9,1.3,0,2.90786,-0.265895,0
10.9,1.4,0,2.89604,-0.271575,0
10.9,1.5,0,2.90149,-0.259445,0
10.9,1.6,0,2.90171,-0.252228,0
10.9,1.7,0,2.88479,-0.258414,0
10.9,1.8,0,2.87652,-0.257659,0
10.9,1.9,0,2.87689,-0.249964,0
10.9,2,0,2.86927,-0.248032,0
10.9,2.1,0,2.85869,-0.247664,0
10.9,2.2,0,2.85893,-0.232613,0
10.9,2.3,0,2.85627,-0.223202,0
10.9,2.4,0,2.84442,-0.229923,0
10.9,2.5,0,2.83292,-0.229247,0
10.9,2.6,0,2.82176,-0.221175,0
10.9,2.7,0,2.82039,-0.21804,0
10.9,2.8,0,2.82245,-0.216435,0
10.9,2.9,0,2.8212,-0.200145,0
10.9,3,0,2.81922,-0.189754,0
10.9,3.1,0,2.81546,-0.196618,0
10.9,3.2,0,2.81404,-0.198574,0
10.9,3.3,0,2.81496,-0.195622,0
10.9,3.4,0,2.81226,-0.189489,0
10.9,3.5,0,2.80799,-0.181966,0
10.9,3.6,0,2.82068,-0.169741,0
10.9,3.7,0,2.82554,-0.161102,0
10.9,3.8,0,2.80534,-0.161745,0
10.9,3.9,0,2.7928,-0.160579,0
10.9,4,0,2.78792,-0.157606,0
10.9,4.1,0,2.78424,-0.150004,0
10.9,4.2,0,2.78054,-0.140661,0
10.9,4.3,0,2.7837,-0.123335,0
10.9,4.4,0,2.78486,-0.111186,0
10.9,4.5,0,2.78232,-0.113823,0
10.9,4.6,0,2.78444,-0.111175,0
10.9,4.7,0,2.79122,-0.103239,0
10.9,4.8,0,2.78487,-0.100001,0
10.9,4.9,0,2.77423,-0.0979351,0
10.9,5,0,2.77703,-0.0927283,0
10.9,5.1,0,2.77789,-0.0869064,0
10.9,5.2,0,2.77102,-0.0783804,0
10.9,5.3,0,2.77157,-0.0675545,0
10.9,5.4,0,2.77953,-0.0544288,0
10.9,5.5,0,2.77421,-0.0508575,0
10.9,5.6,0,2.76472,-0.0500787,0
10.9,5.7,0,2.76599,-0.0443966,0
10.9,5.8,0,2.76616,-0.0385933,0
10.9,5.9,0,2.76294,-0.0318186,0
10.9,6,0,2.76486,-0.0232267,0
10.9,6.1,0,2.77193,-0.0128175,0
10.9,6.2,0,2.76823,-0.00782294,0
10.9,6.3,0,2.76086,-0.00428392,0
10.9,6.4,0,2.76463,0.00362403,0
10.9,6.5,0,2.7664,0.0106874,0
10.9,6.6,0,2.76238,0.0159164,0
10.9,6.7,0,2.7622,0.0235662,0
10.9,6.8,0,2.76587,0.0336369,0
10.9,6.9,0,2.76476,0.0369605,0
10.9,7,0,2.76211,0.0383028,0
10.9,7.1,0,2.7631,0.048689,0
10.9,7.2,0,2.76383,0.0553441,0
10.9,7.3,0,2.76466,0.0619988,0
10.9,7.4,0,2.7656,0.0685912,0
10.9,7.5,0,2.76664,0.075155,0
10.9,7.6,0,2.76778,0.0817011,0
10.9,7.7,0,2.76904,0.0882168,0
10.9,7.8,0,2.77039,0.094705,0
10.9,7.9,0,2.77184,0.101147,0
10.9,8,0,2.77415,0.109604,0
10.9,8.1,0,2.76542,0.112084,0
10.9,8.2,0,2.77391,0.119213,0
10.9,8.3,0,2.77237,0.123393,0
10.9,8.4,0,2.77359,0.129316,0
10.9,8.5,0,2.77874,0.137105,0
10.9,8.6,0,2.77026,0.139348,0
10.9,8.7,0,2.7869,0.15041,0
10.9,8.8,0,2.77933,0.149351,0
10.9,8.9,0,2.78831,0.159517,0
10.9,9,0,2.78911,0.163989,0
10.9,9.1,0,2.79018,0.168484,0
10.9,9.2,0,2.79919,0.177138,0
10.9,9.3,0,2.79551,0.173213,0
10.9,9.4,0,2.80638,0.189917,0
10.9,9.5,0,2.80466,0.18705,0
10.9,9.6,0,2.8108,0.196866,0
10.9,9.7,0,2.81563,0.198938,0
10.9,9.8,0,2.81851,0.200388,0
10.9,9.9,0,2.82437,0.214363,0
10.9,10,0,2.82837,0.207889,0
10.9,10.1,0,2.8323,0.22457,0
10.9,10.2,0,2.8407,0.217658,0
10.9,10.3,0,2.84334,0.227568,0
10.9,10.4,0,2.84898,0.233054,0
10.9,10.5,0,2.8561,0.232435,0
10.9,10.6,0,2.85657,0.245713,0
10.9,10.7,0,2.87177,0.233487,0
10.9,10.8,0,2.86699,0.2524,0
10.9,10.9,0,2.87789,0.247077,0
10.9,11,0,2.88083,0.254335,0
10.9,11.1,0,2.88688,0.258175,0
10.9,11.2,0,2.8984,0.253149,0
10.9,11.3,0,2.8941,0.270357,0
10.9,11.4,0,2.91093,0.25563,0
10.9,11.5,0,2.90819,0.273043,0
10.9,11.6,0,2.92151,0.265428,0
10.9,11.7,0,2.92664,0.270463,0
10.9,11.8,0,2.93153,0.276434,0
10.9,11.9,0,2.94574,0.267463,0
10.9,12,0,2.94237,0.286123,0
10.9,12.1,0,2.96361,0.266144,0
10.9,12.2,0,2.96165,0.283732,0
10.9,12.3,0,2.97594,0.277477,0
10.9,12.4,0,2.98532,0.279079,0
10.9,12.5,0,2.99362,0.28447,0
10.9,12.6,0,3.01389,0.269394,0
10.9,12.7,0,2.99809,0.291776,0
11,0,0,2.9939,-0.304155,0
11,0.1,0,2.99743,-0.287072,0
11,0.2,0,2.99605,-0.278512,0
11,0.3,0,2.98161,-0.295962,0
11,0.4,0,2.96927,-0.297665,0
11,0.5,0,2.95926,-0.283452,0
11,0.6,0,2.95044,-0.288347,0
11,0.7,0,2.94257,-0.301152,0
11,0.8,0,2.9426,-0.286279,0
11,0.9,0,2.93832,-0.277495,0
11,1,0,2.92405,-0.288218,0
11,1.1,0,2.91648,-0.288495,0
11,1.2,0,2.91557,-0.278128,0
11,1.3,0,2.90601,-0.278848,0
11,1.4,0,2.89418,-0.284527,0
11,1.5,0,2.89964,-0.272397,0
11,1.6,0,2.89819,-0.264133,0
11,1.7,0,2.88152,-0.270029,0
11,1.8,0,2.87324,-0.269274,0
11,1.9,0,2.87345,-0.261638,0
11,2,0,2.86513,-0.258579,0
11,2.1,0,2.85455,-0.258212,0
11,2.2,0,2.85479,-0.243161,0
11,2.3,0,2.85148,-0.233277,0
11,2.4,0,2.83977,-0.239683,0
11,2.5,0,2.82827,-0.239007,0
11,2.6,0,2.81731,-0.231008,0
11,2.7,0,2.81624,-0.227451,0
11,2.8,0,2.8183,-0.225846,0
11,2.9,0,2.81705,-0.209556,0
11,3,0,2.81545,-0.199043,0
11,3.1,0,2.81174,-0.205587,0
11,3.2,0,2.81032,-0.207543,0
11,3.3,0,2.81113,-0.204495,0
11,3.4,0,2.80742,-0.197466,0
11,3.5,0,2.80315,-0.189943,0
11,3.6,0,2.81584,-0.177718,0
11,3.7,0,2.81875,-0.167827,0
11,3.8,0,2.79893,-0.168248,0
11,3.9,0,2.78639,-0.167082,0
11,4,0,2.78147,-0.164004,0
11,4.1,0,2.77652,-0.155913,0
11,4.2,0,2.77282,-0.14657,0
11,4.3,0,2.77597,-0.129243,0
11,4.4,0,2.77923,-0.116638,0
11,4.5,0,2.77684,-0.118987,0
11,4.6,0,2.77896,-0.116338,0
11,4.7,0,2.78552,-0.108437,0
11,4.8,0,2.77966,-0.103982,0
11,4.9,0,2.76902,-0.101916,0
11,5,0,2.77182,-0.0967096,0
11,5.1,0,2.77074,-0.0900163,0
11,5.2,0,2.76394,-0.0815033,0
11,5.3,0,2.76449,-0.0706774,0
11,5.4,0,2.77225,-0.0576721,0
11,5.5,0,2.76787,-0.0528032,0
11,5.6,0,2.75838,-0.0520244,0
11,5.7,0,2.75965,-0.0463423,0
11,5.8,0,2.75968,-0.0399384,0
11,5.9,0,2.75651,-0.0331565,0
11,6,0,2.75844,-0.0245645,0
11,6.1,0,2.76531,-0.0142082,0
11,6.2,0,2.76156,-0.00811252,0
11,6.3,0,2.75419,-0.0045735,0
11,6.4,0,2.75796,0.00333445,0
11,6.5,0,2.75983,0.011037,0
11,6.6,0,2.75592,0.0163262,0
11,6.7,0,2.75574,0.0239761,0
11,6.8,0,2.75933,0.0339605,0
11,6.9,0,2.75848,0.0381733,0
11,7,0,2.75583,0.0395155,0
11,7.1,0,2.75704,0.0502466,0
11,7.2,0,2.75789,0.0571797,0
11,7.3,0,2.75884,0.0641041,0
11,7.4,0,2.75986,0.0709633,0
11,7.5,0,2.76099,0.0777984,0
11,7.6,0,2.76221,0.0846174,0
11,7.7,0,2.76352,0.091405,0
11,7.8,0,2.76494,0.0981656,0
11,7.9,0,2.76646,0.104887,0
11,8,0,2.76898,0.11368,0
11,8.1,0,2.76036,0.116204,0
11,8.2,0,2.76893,0.123879,0
11,8.3,0,2.76738,0.12806,0
11,8.4,0,2.76867,0.13462,0
11,8.5,0,2.77382,0.142409,0
11,8.6,0,2.76629,0.145498,0
11,8.7,0,2.78208,0.156337,0
11,8.8,0,2.77451,0.155278,0
11,8.9,0,2.78356,0.166093,0
11,9,0,2.78436,0.170566,0
11,9.1,0,2.78566,0.175724,0
11,9.2,0,2.79468,0.184378,0
11,9.3,0,2.79199,0.182172,0
11,9.4,0,2.80204,0.197795,0
11,9.5,0,2.80031,0.194928,0
11,9.6,0,2.80655,0.205349,0
11,9.7,0,2.81137,0.207422,0
11,9.8,0,2.81428,0.209458,0
11,9.9,0,2.82013,0.223433,0
11,10,0,2.82418,0.218836,0
11,10.1,0,2.82815,0.234231,0
11,10.2,0,2.83655,0.227319,0
11,10.3,0,2.83939,0.2378,0
11,10.4,0,2.84503,0.243286,0
11,10.5,0,2.85246,0.243295,0
11,10.6,0,2.85293,0.256572,0
11,10.7,0,2.86697,0.246635,0
11,10.8,0,2.86373,0.263841,0
11,10.9,0,2.87463,0.258519,0
11,11,0,2.87788,0.266401,0
11,11.1,0,2.88392,0.27024,0
11,11.2,0,2.8959,0.265823,0
11,11.3,0,2.8916,0.283032,0
11,11.4,0,2.90735,0.270372,0
11,11.5,0,2.90605,0.286338,0
11,11.6,0,2.91938,0.278723,0
11,11.7,0,2.92491,0.284421,0
11,11.8,0,2.9298,0.290392,0
11,11.9,0,2.94449,0.282126,0
11,12,0,2.94111,0.300785,0
11,12.1,0,2.96159,0.282197,0
11,12.2,0,2.96066,0.29909,0
11,12.3,0,2.97496,0.292835,0
11,12.4,0,2.98492,0.295385,0
11,12.5,0,2.99322,0.300776,0
11,12.6,0,3.01374,0.286691,0
11,12.7,0,2.99818,0.308852,0
11.1,0,0,2.99439,-0.32109,0
11.1,0.1,0,2.99792,-0.304007,0
11.1,0.2,0,2.99309,-0.301413,0
11.1,0.3,0,2.98191,-0.311924,0
11.1,0.4,0,2.96957,-0.313627,0
11.1,0.5,0,2.95969,-0.303951,0
11.1,0.6,0,2.95022,-0.303309,0
11.1,0.7,0,2.94234,-0.316114,0
11.1,0.8,0,2.94237,-0.301241,0
11.1,0.9,0,2.93508,-0.29672,0
11.1,1,0,2.92312,-0.302135,0
11.1,1.1,0,2.91555,-0.302413,0
11.1,1.2,0,2.91213,-0.294552,0
11.1,1.3,0,2.90415,-0.2918,0
11.1,1.4,0,2.89233,-0.297479,0
11.1,1.5,0,2.89778,-0.28535,0
11.1,1.6,0,2.89151,-0.27979,0
11.1,1.7,0,2.87825,-0.281645,0
11.1,1.8,0,2.86997,-0.28089,0
11.1,1.9,0,2.86773,-0.274069,0
11.1,2,0,2.86099,-0.269127,0
11.1,2.1,0,2.85041,-0.268759,0
11.1,2.2,0,2.85065,-0.253708,0
11.1,2.3,0,2.84486,-0.247441,0
11.1,2.4,0,2.83513,-0.249443,0
11.1,2.5,0,2.82362,-0.248767,0
11.1,2.6,0,2.81534,-0.241784,0
11.1,2.7,0,2.81209,-0.236862,0
11.1,2.8,0,2.81415,-0.235257,0
11.1,2.9,0,2.81291,-0.218967,0
11.1,3,0,2.81106,-0.212498,0
11.1,3.1,0,2.80802,-0.214556,0
11.1,3.2,0,2.8066,-0.216512,0
11.1,3.3,0,2.8059,-0.212126,0
11.1,3.4,0,2.80258,-0.205443,0
11.1,3.5,0,2.79831,-0.197919,0
11.1,3.6,0,2.81099,-0.185695,0
11.1,3.7,0,2.80706,-0.177437,0
11.1,3.8,0,2.79252,-0.17475,0
11.1,3.9,0,2.77998,-0.173585,0
11.1,4,0,2.77462,-0.169036,0
11.1,4.1,0,2.7688,-0.161821,0
11.1,4.2,0,2.76509,-0.152479,0
11.1,4.3,0,2.76825,-0.135152,0
11.1,4.4,0,2.77158,-0.125852,0
11.1,4.5,0,2.77136,-0.12415,0
11.1,4.6,0,2.77348,-0.121501,0
11.1,4.7,0,2.77697,-0.114091,0
11.1,4.8,0,2.77444,-0.107964,0
11.1,4.9,0,2.7638,-0.105898,0
11.1,5,0,2.7666,-0.100691,0
11.1,5.1,0,2.76281,-0.0929569,0
11.1,5.2,0,2.75686,-0.0846262,0
11.1,5.3,0,2.75741,-0.0738004,0
11.1,5.4,0,2.76232,-0.0624809,0
11.1,5.5,0,2.76153,-0.0547489,0
11.1,5.6,0,2.75203,-0.0539701,0
11.1,5.7,0,2.75331,-0.048288,0
11.1,5.8,0,2.75247,-0.041379,0
11.1,5.9,0,2.75009,-0.0344943,0
11.1,6,0,2.75201,-0.0259024,0
11.1,6.1,0,2.7561,-0.0162875,0
11.1,6.2,0,2.75489,-0.0084021,0
11.1,6.3,0,2.74752,-0.00486307,0
11.1,6.4,0,2.75129,0.00304487,0
11.1,6.5,0,2.75183,0.0106036,0
11.1,6.6,0,2.74946,0.016736,0
11.1,6.7,0,2.74928,0.0243859,0
11.1,6.8,0,2.7518,0.033164,0
11.1,6.9,0,2.7522,0.0393861,0
11.1,7,0,2.74956,0.0407283,0
11.1,7.1,0,2.75097,0.0518042,0
11.1,7.2,0,2.75195,0.0590152,0
11.1,7.3,0,2.75301,0.0662093,0
11.1,7.4,0,2.75413,0.0733354,0
11.1,7.5,0,2.75534,0.0804418,0
11.1,7.6,0,2.75663,0.0875337,0
11.1,7.7,0,2.75801,0.0945932,0
11.1,7.8,0,2.75949,0.101626,0
11.1,7.9,0,2.76109,0.108627,0
11.1,8,0,2.76381,0.117757,0
11.1,8.1,0,2.75788,0.121294,0
11.1,8.2,0,2.76394,0.128546,0
11.1,8.3,0,2.76239,0.132727,0
11.1,8.4,0,2.76375,0.139924,0
11.1,8.5,0,2.7689,0.147713,0
11.1,8.6,0,2.76497,0.152338,0
11.1,8.7,0,2.77726,0.162263,0
11.1,8.8,0,2.77211,0.16309,0
11.1,8.9,0,2.77881,0.17267,0
11.1,9,0,2.77961,0.177142,0
11.1,9.1,0,2.78122,0.183013,0
11.1,9.2,0,2.79016,0.191618,0
11.1,9.3,0,2.7895,0.192468,0
11.1,9.4,0,2.79769,0.205673,0
11.1,9.5,0,2.79701,0.204634,0
11.1,9.6,0,2.80229,0.213832,0
11.1,9.7,0,2.80712,0.215905,0
11.1,9.8,0,2.8102,0.21928,0
11.1,9.9,0,2.8159,0.232503,0
11.1,10,0,2.81998,0.231247,0
11.1,10.1,0,2.824,0.243892,0
11.1,10.2,0,2.83192,0.2388,0
11.1,10.3,0,2.83544,0.248032,0
11.1,10.4,0,2.84108,0.253518,0
11.1,10.5,0,2.848,0.255483,0
11.1,10.6,0,2.84929,0.267432,0
11.1,10.7,0,2.86088,0.261899,0
11.1,10.8,0,2.86046,0.275282,0
11.1,10.9,0,2.87084,0.270921,0
11.1,11,0,2.87492,0.278467,0
11.1,11.1,0,2.88097,0.282306,0
11.1,11.2,0,2.89127,0.281094,0
11.1,11.3,0,2.88911,0.295706,0
11.1,11.4,0,2.90243,0.287675,0
11.1,11.5,0,2.90392,0.299632,0
11.1,11.6,0,2.91715,0.29218,0
11.1,11.7,0,2.92319,0.298379,0
11.1,11.8,0,2.92808,0.30435,0
11.1,11.9,0,2.94049,0.300447,0
11.1,12,0,2.93986,0.315448,0
11.1,12.1,0,2.9572,0.302542,0
11.1,12.2,0,2.95968,0.314448,0
11.1,12.3,0,2.97397,0.308193,0
11.1,12.4,0,2.98452,0.311691,0
11.1,12.5,0,2.99282,0.317082,0
11.1,12.6,0,3.00816,0.308969,0
11.1,12.7,0,2.99828,0.325928,0
11.2,0,0,2.99487,-0.338024,0
11.2,0.1,0,2.99595,-0.325203,0
11.2,0.2,0,2.99013,-0.324314,0
11.2,0.3,0,2.98221,-0.327885,0
11.2,0.4,0,2.96987,-0.329589,0
11.2,0.5,0,2.96013,-0.324449,0
11.2,0.6,0,2.95047,-0.322226,0
11.2,0.7,0,2.94212,-0.331076,0
11.2,0.8,0,2.94,-0.319247,0
11.2,0.9,0,2.93183,-0.315945,0
11.2,1,0,2.92219,-0.316053,0
11.2,1.1,0,2.91461,-0.316331,0
11.2,1.2,0,2.9087,-0.310976,0
11.2,1.3,0,2.90117,-0.307232,0
11.2,1.4,0,2.89047,-0.310431,0
11.2,1.5,0,2.89248,-0.300234,0
11.2,1.6,0,2.88482,-0.295448,0
11.2,1.7,0,2.87498,-0.29326,0
11.2,1.8,0,2.8667,-0.292505,0
11.2,1.9,0,2.862,-0.2865,0
11.2,2,0,2.85573,-0.28102,0
11.2,2.1,0,2.84628,-0.279307,0
11.2,2.2,0,2.84474,-0.266839,0
11.2,2.3,0,2.83825,-0.261605,0
11.2,2.4,0,2.83048,-0.259203,0
11.2,2.5,0,2.81898,-0.258527,0
11.2,2.6,0,2.81338,-0.252561,0
11.2,2.7,0,2.80951,-0.247249,0
11.2,2.8,0,2.81,-0.244668,0
11.2,2.9,0,2.80858,-0.231267,0
11.2,3,0,2.80666,-0.225954,0
11.2,3.1,0,2.8043,-0.223524,0
11.2,3.2,0,2.80288,-0.22548,0
11.2,3.3,0,2.80066,-0.219756,0
11.2,3.4,0,2.79746,-0.213172,0
11.2,3.5,0,2.79347,-0.205896,0
11.2,3.6,0,2.80127,-0.194838,0
11.2,3.7,0,2.79538,-0.187047,0
11.2,3.8,0,2.7861,-0.181253,0
11.2,3.9,0,2.77356,-0.180088,0
11.2,4,0,2.76777,-0.174069,0
11.2,4.1,0,2.7617,-0.167104,0
11.2,4.2,0,2.75737,-0.158388,0
11.2,4.3,0,2.76058,-0.143422,0
11.2,4.4,0,2.76393,-0.135066,0
11.2,4.5,0,2.76588,-0.129313,0
11.2,4.6,0,2.768,-0.126664,0
11.2,4.7,0,2.76841,-0.119744,0
11.2,4.8,0,2.76684,-0.113139,0
11.2,4.9,0,2.75859,-0.109879,0
11.2,5,0,2.75945,-0.103929,0
11.2,5.1,0,2.75489,-0.0958975,0
11.2,5.2,0,2.74978,-0.0877491,0
11.2,5.3,0,2.75033,-0.0769233,0
11.2,5.4,0,2.75239,-0.0672896,0
11.2,5.5,0,2.75263,-0.0587397,0
11.2,5.6,0,2.74569,-0.0559158,0
11.2,5.7,0,2.74634,-0.0498728,0
11.2,5.8,0,2.74526,-0.0428195,0
11.2,5.9,0,2.74366,-0.0358321,0
11.2,6,0,2.74558,-0.0272402,0
11.2,6.1,0,2.74689,-0.0183668,0
11.2,6.2,0,2.74641,-0.00997003,0
11.2,6.3,0,2.74085,-0.00515265,0
11.2,6.4,0,2.74367,0.00265259,0
11.2,6.5,0,2.74383,0.0101703,0
11.2,6.6,0,2.743,0.0171459,0
11.2,6.7,0,2.74282,0.0247957,0
11.2,6.8,0,2.74427,0.0323674,0
11.2,6.9,0,2.74503,0.0391636,0
11.2,7,0,2.74328,0.0419411,0
11.2,7.1,0,2.74491,0.0533618,0
11.2,7.2,0,2.74601,0.0608508,0
11.2,7.3,0,2.74718,0.0683146,0
11.2,7.4,0,2.7484,0.0757075,0
11.2,7.5,0,2.74969,0.0830852,0
11.2,7.6,0,2.75105,0.0904501,0
11.2,7.7,0,2.7525,0.0977814,0
11.2,7.8,0,2.75405,0.105087,0
11.2,7.9,0,2.75572,0.112367,0
11.2,8,0,2.75864,0.121833,0
11.2,8.1,0,2.75539,0.126385,0
11.2,8.2,0,2.75895,0.133213,0
11.2,8.3,0,2.75909,0.138266,0
11.2,8.4,0,2.76101,0.145852,0
11.2,8.5,0,2.76398,0.153017,0
11.2,8.6,0,2.76365,0.159178,0
11.2,8.7,0,2.77244,0.16819,0
11.2,8.8,0,2.77017,0.171261,0
11.2,8.9,0,2.77406,0.179246,0
11.2,9,0,2.77606,0.184655,0
11.2,9.1,0,2.77928,0.191789,0
11.2,9.2,0,2.78564,0.198857,0
11.2,9.3,0,2.78701,0.202764,0
11.2,9.4,0,2.79335,0.213552,0
11.2,9.5,0,2.79429,0.215375,0
11.2,9.6,0,2.79804,0.222316,0
11.2,9.7,0,2.80302,0.225238,0
11.2,9.8,0,2.80663,0.231566,0
11.2,9.9,0,2.81166,0.241573,0
11.2,10,0,2.81577,0.243657,0
11.2,10.1,0,2.81985,0.253553,0
11.2,10.2,0,2.82668,0.252634,0
11.2,10.3,0,2.83147,0.25834,0
11.2,10.4,0,2.8371,0.263829,0
11.2,10.5,0,2.84248,0.26939,0
11.2,10.6,0,2.84565,0.278292,0
11.2,10.7,0,2.8548,0.277162,0
11.2,10.8,0,2.8572,0.286723,0
11.2,10.9,0,2.86536,0.286471,0
11.2,11,0,2.87141,0.291311,0
11.2,11.1,0,2.87802,0.294372,0
11.2,11.2,0,2.88543,0.297836,0
11.2,11.3,0,2.88662,0.30838,0
11.2,11.4,0,2.89751,0.304978,0
11.2,11.5,0,2.90178,0.312927,0
11.2,11.6,0,2.91222,0.310556,0
11.2,11.7,0,2.9201,0.314217,0
11.2,11.8,0,2.92636,0.318308,0
11.2,11.9,0,2.93596,0.319464,0
11.2,12,0,2.9386,0.33011,0
11.2,12.1,0,2.9528,0.322887,0
11.2,12.2,0,2.95869,0.329806,0
11.2,12.3,0,2.97066,0.32799,0
11.2,12.4,0,2.98199,0.33076,0
11.2,12.5,0,2.99242,0.333388,0
11.2,12.6,0,3.00258,0.331247,0
11.2,12.7,0,2.99837,0.343003,0
11.3,0,0,2.99536,-0.354959,0
11.3,0.1,0,2.99299,-0.348104,0
11.3,0.2,0,2.98717,-0.347215,0
11.3,0.3,0,2.98135,-0.346326,0
11.3,0.4,0,2.97022,-0.347171,0
11.3,0.5,0,2.96056,-0.344948,0
11.3,0.6,0,2.9509,-0.342724,0
11.3,0.7,0,2.9419,-0.346038,0
11.3,0.8,0,2.93675,-0.338472,0
11.3,0.9,0,2.92859,-0.335169,0
11.3,1,0,2.92043,-0.331867,0
11.3,1.1,0,2.91278,-0.331144,0
11.3,1.2,0,2.90526,-0.3274,0
11.3,1.3,0,2.89773,-0.323656,0
11.3,1.4,0,2.88862,-0.323384,0
11.3,1.5,0,2.88579,-0.315892,0
11.3,1.6,0,2.87814,-0.311106,0
11.3,1.7,0,2.87049,-0.306319,0
11.3,1.8,0,2.86256,-0.304412,0
11.3,1.9,0,2.85628,-0.298932,0
11.3,2,0,2.85,-0.293451,0
11.3,2.1,0,2.84214,-0.289854,0
11.3,2.2,0,2.83812,-0.281004,0
11.3,2.3,0,2.83163,-0.27577,0
11.3,2.4,0,2.82513,-0.270535,0
11.3,2.5,0,2.81529,-0.26865,0
11.3,2.6,0,2.81142,-0.263338,0
11.3,2.7,0,2.80754,-0.258026,0
11.3,2.8,0,2.80586,-0.254079,0
11.3,2.9,0,2.80418,-0.244722,0
11.3,3,0,2.80226,-0.239409,0
11.3,3.1,0,2.80034,-0.234095,0
11.3,3.2,0,2.79862,-0.233971,0
11.3,3.3,0,2.79542,-0.227387,0
11.3,3.4,0,2.79222,-0.220803,0
11.3,3.5,0,2.78863,-0.213873,0
11.3,3.6,0,2.78958,-0.204448,0
11.3,3.7,0,2.7837,-0.196657,0
11.3,3.8,0,2.77781,-0.188866,0
11.3,3.9,0,2.767,-0.186066,0
11.3,4,0,2.76092,-0.179101,0
11.3,4.1,0,2.75485,-0.172137,0
11.3,4.2,0,2.74965,-0.164296,0
11.3,4.3,0,2.75292,-0.152635,0
11.3,4.4,0,2.75628,-0.144279,0
11.3,4.5,0,2.75963,-0.135923,0
11.3,4.6,0,2.76142,-0.132003,0
11.3,4.7,0,2.75985,-0.125398,0
11.3,4.8,0,2.75828,-0.118793,0
11.3,4.9,0,2.75337,-0.11386,0
11.3,5,0,2.75152,-0.106869,0
11.3,5.1,0,2.74696,-0.0988381,0
11.3,5.2,0,2.74239,-0.0908069,0
11.3,5.3,0,2.74223,-0.0806483,0
11.3,5.4,0,2.74246,-0.0720983,0
11.3,5.5,0,2.7427,-0.0635484,0
11.3,5.6,0,2.73935,-0.0578615,0
11.3,5.7,0,2.73913,-0.0513133,0
11.3,5.8,0,2.73804,-0.04426,0
11.3,5.9,0,2.73696,-0.0372066,0
11.3,6,0,2.73817,-0.0288428,0
11.3,6.1,0,2.73768,-0.0204461,0
11.3,6.2,0,2.7372,-0.0120493,0
11.3,6.3,0,2.73418,-0.00544223,0
11.3,6.4,0,2.73567,0.00221922,0
11.3,6.5,0,2.73583,0.00973688,0
11.3,6.6,0,2.73599,0.0172545,0
11.3,6.7,0,2.73598,0.0247747,0
11.3,6.8,0,2.73674,0.0315708,0
11.3,6.9,0,2.73749,0.038367,0
11.3,7,0,2.737,0.0431539,0
11.3,7.1,0,2.73884,0.0549195,0
11.3,7.2,0,2.74007,0.0626863,0
11.3,7.3,0,2.74135,0.0704199,0
11.3,7.4,0,2.74267,0.0780796,0
11.3,7.5,0,2.74404,0.0857286,0
11.3,7.6,0,2.74548,0.0933664,0
11.3,7.7,0,2.74699,0.10097,0
11.3,7.8,0,2.7486,0.108547,0
11.3,7.9,0,2.75034,0.116107,0
11.3,8,0,2.75347,0.12591,0
11.3,8.1,0,2.7529,0.131476,0
11.3,8.2,0,2.755,0.138055,0
11.3,8.3,0,2.75679,0.144323,0
11.3,8.4,0,2.75871,0.151909,0
11.3,8.5,0,2.75982,0.158648,0
11.3,8.6,0,2.76233,0.166018,0
11.3,8.7,0,2.76762,0.174117,0
11.3,8.8,0,2.76824,0.179432,0
11.3,8.9,0,2.77105,0.186806,0
11.3,9,0,2.77411,0.193431,0
11.3,9.1,0,2.77733,0.200566,0
11.3,9.2,0,2.78114,0.20613,0
11.3,9.3,0,2.78452,0.21306,0
11.3,9.4,0,2.789,0.22143,0
11.3,9.5,0,2.79158,0.226116,0
11.3,9.6,0,2.79505,0.232649,0
11.3,9.7,0,2.79945,0.237524,0
11.3,9.8,0,2.80306,0.243852,0
11.3,9.9,0,2.80743,0.250642,0
11.3,10,0,2.81157,0.256067,0
11.3,10.1,0,2.81569,0.263214,0
11.3,10.2,0,2.82144,0.266468,0
11.3,10.3,0,2.82623,0.272174,0
11.3,10.4,0,2.83159,0.277735,0
11.3,10.5,0,2.83697,0.283297,0
11.3,10.6,0,2.84201,0.289152,0
11.3,10.7,0,2.84872,0.292426,0
11.3,10.8,0,2.85394,0.298165,0
11.3,10.9,0,2.85987,0.30202,0
11.3,11,0,2.86592,0.30686,0
11.3,11.1,0,2.87271,0.310269,0
11.3,11.2,0,2.87959,0.314579,0
11.3,11.3,0,2.88413,0.321054,0
11.3,11.4,0,2.89259,0.32228,0
11.3,11.5,0,2.89961,0.326264,0
11.3,11.6,0,2.90729,0.328932,0
11.3,11.7,0,2.91517,0.332593,0
11.3,11.8,0,2.9229,0.335387,0
11.3,11.9,0,2.93144,0.33848,0
11.3,12,0,2.93735,0.344773,0
11.3,12.1,0,2.94841,0.343232,0
11.3,12.2,0,2.95698,0.346225,0
11.3,12.3,0,2.96688,0.348698,0
11.3,12.4,0,2.97821,0.351468,0
11.3,12.5,0,2.98987,0.352172,0
11.3,12.6,0,2.997,0.353525,0
11.3,12.7,0,2.99846,0.360079,0
11.4,0,0,2.99585,-0.371894,0
11.4,0.1,0,2.99003,-0.371004,0
11.4,0.2,0,2.98421,-0.370115,0
11.4,0.3,0,2.97839,-0.369226,0
11.4,0.4,0,2.97065,-0.36767,0
11.4,0.5,0,2.96099,-0.365447,0
11.4,0.6,0,2.95133,-0.363223,0
11.4,0.7,0,2.94167,-0.361,0
11.4,0.8,0,2.93351,-0.357697,0
11.4,0.9,0,2.92535,-0.354394,0
11.4,1,0,2.91719,-0.351091,0
11.4,1.1,0,2.90935,-0.347568,0
11.4,1.2,0,2.90182,-0.343824,0
11.4,1.3,0,2.89429,-0.34008,0
11.4,1.4,0,2.88676,-0.336336,0
11.4,1.5,0,2.87911,-0.33155,0
11.4,1.6,0,2.87146,-0.326763,0
11.4,1.7,0,2.8638,-0.321977,0
11.4,1.8,0,2.85684,-0.316844,0
11.4,1.9,0,2.85056,-0.311363,0
11.4,2,0,2.84428,-0.305883,0
11.4,2.1,0,2.838,-0.300402,0
11.4,2.2,0,2.83151,-0.295168,0
11.4,2.3,0,2.82501,-0.289934,0
11.4,2.4,0,2.81851,-0.2847,0
11.4,2.5,0,2.81333,-0.279427,0
11.4,2.6,0,2.80945,-0.274115,0
11.4,2.7,0,2.80558,-0.268803,0
11.4,2.8,0,2.80171,-0.263491,0
11.4,2.9,0,2.79979,-0.258177,0
11.4,3,0,2.79787,-0.252864,0
11.4,3.1,0,2.79595,-0.247551,0
11.4,3.2,0,2.79339,-0.241602,0
11.4,3.3,0,2.79019,-0.235018,0
11.4,3.4,0,2.78699,-0.228434,0
11.4,3.5,0,2.78379,-0.22185,0
11.4,3.6,0,2.7779,-0.214059,0
11.4,3.7,0,2.77201,-0.206267,0
11.4,3.8,0,2.76613,-0.198476,0
11.4,3.9,0,2.76015,-0.191099,0
11.4,4,0,2.75407,-0.184134,0
11.4,4.1,0,2.748,-0.17717,0
11.4,4.2,0,2.74192,-0.170205,0
11.4,4.3,0,2.74527,-0.161849,0
11.4,4.4,0,2.74863,-0.153493,0
11.4,4.5,0,2.75198,-0.145137,0
11.4,4.6,0,2.75287,-0.137656,0
11.4,4.7,0,2.7513,-0.131051,0
11.4,4.8,0,2.74973,-0.124446,0
11.4,4.9,0,2.74815,-0.117841,0
11.4,5,0,2.74359,-0.10981,0
11.4,5.1,0,2.73903,-0.101779,0
11.4,5.2,0,2.73446,-0.0937476,0
11.4,5.3,0,2.7323,-0.085457,0
11.4,5.4,0,2.73254,-0.0769071,0
11.4,5.5,0,2.73277,-0.0683571,0
11.4,5.6,0,2.73301,-0.0598072,0
11.4,5.7,0,2.73192,-0.0527538,0
11.4,5.8,0,2.73083,-0.0457005,0
11.4,5.9,0,2.72974,-0.0386471,0
11.4,6,0,2.72896,-0.0309221,0
11.4,6.1,0,2.72848,-0.0225253,0
11.4,6.2,0,2.72799,-0.0141286,0
11.4,6.3,0,2.72751,-0.00573181,0
11.4,6.4,0,2.72767,0.00178585,0
11.4,6.5,0,2.72783,0.00930351,0
11.4,6.6,0,2.72799,0.0168212,0
11.4,6.7,0,2.72845,0.0239781,0
11.4,6.8,0,2.7292,0.0307743,0
11.4,6.9,0,2.72996,0.0375705,0
11.4,7,0,2.73072,0.0443666,0
11.4,7.1,0,2.73278,0.0564771,0
11.4,7.2,0,2.73414,0.0645219,0
11.4,7.3,0,2.73552,0.0725252,0
11.4,7.4,0,2.73694,0.0804517,0
11.4,7.5,0,2.73839,0.088372,0
11.4,7.6,0,2.7399,0.0962828,0
11.4,7.7,0,2.74148,0.104158,0
11.4,7.8,0,2.74315,0.112008,0
11.4,7.9,0,2.74497,0.119847,0
11.4,8,0,2.7483,0.129987,0
11.4,8.1,0,2.75041,0.136566,0
11.4,8.2,0,2.75251,0.143146,0
11.4,8.3,0,2.75449,0.15038,0
11.4,8.4,0,2.75641,0.157967,0
11.4,8.5,0,2.7585,0.165488,0
11.4,8.6,0,2.761,0.172858,0
11.4,8.7,0,2.76351,0.180228,0
11.4,8.8,0,2.7663,0.187602,0
11.4,8.9,0,2.76911,0.194977,0
11.4,9,0,2.77217,0.202208,0
11.4,9.1,0,2.77539,0.209342,0
11.4,9.2,0,2.77865,0.216426,0
11.4,9.3,0,2.78203,0.223356,0
11.4,9.4,0,2.7854,0.230286,0
11.4,9.5,0,2.78886,0.236858,0
11.4,9.6,0,2.79233,0.24339,0
11.4,9.7,0,2.79588,0.24981,0
11.4,9.8,0,2.7995,0.256138,0
11.4,9.9,0,2.80322,0.262413,0
11.4,10,0,2.80736,0.268478,0
11.4,10.1,0,2.81151,0.274543,0
11.4,10.2,0,2.8162,0.280302,0
11.4,10.3,0,2.82099,0.286008,0
11.4,10.4,0,2.82607,0.291642,0
11.4,10.5,0,2.83145,0.297204,0
11.4,10.6,0,2.83689,0.302682,0
11.4,10.7,0,2.84264,0.307689,0
11.4,10.8,0,2.8484,0.312696,0
11.4,10.9,0,2.85439,0.31757,0
11.4,11,0,2.86044,0.32241,0
11.4,11.1,0,2.86687,0.327011,0
11.4,11.2,0,2.87375,0.331322,0
11.4,11.3,0,2.88066,0.335599,0
11.4,11.4,0,2.88767,0.339583,0
11.4,11.5,0,2.89469,0.343567,0
11.4,11.6,0,2.90236,0.347309,0
11.4,11.7,0,2.91024,0.35097,0
11.4,11.8,0,2.91838,0.354404,0
11.4,11.9,0,2.92692,0.357496,0
11.4,12,0,2.93546,0.360584,0
11.4,12.1,0,2.94402,0.363577,0
11.4,12.2,0,2.95259,0.36657,0
11.4,12.3,0,2.96309,0.369407,0
11.4,12.4,0,2.97442,0.372176,0
11.4,12.5,0,2.98428,0.37445,0
11.4,12.6,0,2.99142,0.375802,0
11.4,12.7,0,2.99855,0.377155,0
11.5,0,0,2.99242,-0.392878,0
11.5,0.1,0,2.99136,-0.39456,0
11.5,0.2,0,2.98554,-0.393671,0
11.5,0.3,0,2.97972,-0.392782,0
11.5,0.4,0,2.96963,-0.388497,0
11.5,0.5,0,2.95997,-0.386273,0
11.5,0.6,0,2.95031,-0.38405,0
11.5,0.7,0,2.9362,-0.378649,0
11.5,0.8,0,2.93062,-0.377389,0
11.5,0.9,0,2.92246,-0.374086,0
11.5,1,0,2.9143,-0.370783,0
11.5,1.1,0,2.90509,-0.36385,0
11.5,1.2,0,2.89756,-0.360106,0
11.5,1.3,0,2.89003,-0.356362,0
11.5,1.4,0,2.87993,-0.351087,0
11.5,1.5,0,2.87333,-0.348117,0
11.5,1.6,0,2.86568,-0.343331,0
11.5,1.7,0,2.85803,-0.338545,0
11.5,1.8,0,2.84919,-0.328877,0
11.5,1.9,0,2.84291,-0.323396,0
11.5,2,0,2.83663,-0.317916,0
11.5,2.1,0,2.83159,-0.313056,0
11.5,2.2,0,2.82697,-0.309549,0
11.5,2.3,0,2.82048,-0.304315,0
11.5,2.4,0,2.81398,-0.299081,0
11.5,2.5,0,2.80734,-0.290044,0
11.5,2.6,0,2.80347,-0.284732,0
11.5,2.7,0,2.7996,-0.27942,0
11.5,2.8,0,2.79531,-0.273844,0
11.5,2.9,0,2.79797,-0.271793,0
11.5,3,0,2.79605,-0.266479,0
11.5,3.1,0,2.79413,-0.261166,0
11.5,3.2,0,2.78651,-0.250009,0
11.5,3.3,0,2.78331,-0.243425,0
11.5,3.4,0,2.78011,-0.236841,0
11.5,3.5,0,2.77422,-0.229131,0
11.5,3.6,0,2.76984,-0.223782,0
11.5,3.7,0,2.76395,-0.215991,0
11.5,3.8,0,2.75806,-0.2082,0
11.5,3.9,0,2.74981,-0.195409,0
11.5,4,0,2.74374,-0.188444,0
11.5,4.1,0,2.73767,-0.18148,0
11.5,4.2,0,2.7344,-0.176391,0
11.5,4.3,0,2.73416,-0.172811,0
11.5,4.4,0,2.73751,-0.164454,0
11.5,4.5,0,2.74086,-0.156098,0
11.5,4.6,0,2.7514,-0.140271,0
11.5,4.7,0,2.74983,-0.133666,0
11.5,4.8,0,2.74826,-0.127061,0
11.5,4.9,0,2.7387,-0.121316,0
11.5,5,0,2.73078,-0.11684,0
11.5,5.1,0,2.72621,-0.108809,0
11.5,5.2,0,2.72165,-0.100777,0
11.5,5.3,0,2.72372,-0.0865588,0
11.5,5.4,0,2.72396,-0.0780089,0
11.5,5.5,0,2.7242,-0.0694589,0
11.5,5.6,0,2.72375,-0.0621601,0
11.5,5.7,0,2.72434,-0.0567985,0
11.5,5.8,0,2.72325,-0.0497451,0
11.5,5.9,0,2.72216,-0.0426918,0
11.5,6,0,2.71968,-0.0313871,0
11.5,6.1,0,2.71919,-0.0229903,0
11.5,6.2,0,2.71871,-0.0145935,0
11.5,6.3,0,2.71809,-0.00599526,0
11.5,6.4,0,2.71927,0.000385944,0
11.5,6.5,0,2.71943,0.00790361,0
11.5,6.6,0,2.71959,0.0154213,0
11.5,6.7,0,2.72087,0.0246797,0
11.5,6.8,0,2.72163,0.0314759,0
11.5,6.9,0,2.72239,0.0382721,0
11.5,7,0,2.72083,0.0459577,0
11.5,7.1,0,2.72268,0.0585896,0
11.5,7.2,0,2.72393,0.0668852,0
11.5,7.3,0,2.72523,0.0751303,0
11.5,7.4,0,2.72658,0.0833099,0
11.5,7.5,0,2.72799,0.0914872,0
11.5,7.6,0,2.72947,0.0996546,0
11.5,7.7,0,2.73105,0.107788,0
11.5,7.8,0,2.73272,0.115897,0
11.5,7.9,0,2.73454,0.124003,0
11.5,8,0,2.73787,0.134488,0
11.5,8.1,0,2.74789,0.141053,0
11.5,8.2,0,2.75,0.147633,0
11.5,8.3,0,2.75232,0.156543,0
11.5,8.4,0,2.75423,0.164129,0
11.5,8.5,0,2.75677,0.172329,0
11.5,8.6,0,2.75927,0.179699,0
11.5,8.7,0,2.75503,0.186773,0
11.5,8.8,0,2.76463,0.19577,0
11.5,8.9,0,2.76743,0.203144,0
11.5,9,0,2.76976,0.211106,0
11.5,9.1,0,2.77298,0.218241,0
11.5,9.2,0,2.77654,0.226701,0
11.5,9.3,0,2.77992,0.233631,0
11.5,9.4,0,2.77899,0.239533,0
11.5,9.5,0,2.78572,0.247817,0
11.5,9.6,0,2.78919,0.254349,0
11.5,9.7,0,2.79267,0.261979,0
11.5,9.8,0,2.79629,0.268307,0
11.5,9.9,0,2.79775,0.2746,0
11.5,10,0,2.80254,0.281135,0
11.5,10.1,0,2.80554,0.286561,0
11.5,10.2,0,2.81127,0.294067,0
11.5,10.3,0,2.81605,0.299773,0
11.5,10.4,0,2.81996,0.30569,0
11.5,10.5,0,2.82534,0.311252,0
11.5,10.6,0,2.83071,0.317032,0
11.5,10.7,0,2.83697,0.323086,0
11.5,10.8,0,2.84256,0.32776,0
11.5,10.9,0,2.84835,0.333068,0
11.5,11,0,2.8544,0.337908,0
11.5,11.1,0,2.86117,0.344067,0
11.5,11.2,0,2.86806,0.348377,0
11.5,11.3,0,2.87514,0.351778,0
11.5,11.4,0,2.88255,0.356735,0
11.5,11.5,0,2.88957,0.360718,0
11.5,11.6,0,2.8972,0.365996,0
11.5,11.7,0,2.90509,0.369657,0
11.5,11.8,0,2.91376,0.37339,0
11.5,11.9,0,2.92229,0.376483,0
11.5,12,0,2.93082,0.379403,0
11.5,12.1,0,2.93972,0.384001,0
11.5,12.2,0,2.94829,0.386994,0
11.5,12.3,0,2.95785,0.390147,0
11.5,12.4,0,2.96918,0.392916,0
11.5,12.5,0,2.98223,0.397397,0
11.5,12.6,0,2.98937,0.398749,0
11.5,12.7,0,2.99437,0.398198,0
11.6,0,0,2.98899,-0.413863,0
11.6,0.1,0,2.99269,-0.418116,0
11.6,0.2,0,2.98687,-0.417227,0
11.6,0.3,0,2.97753,-0.41382,0
11.6,0.4,0,2.9666,-0.40856,0
11.6,0.5,0,2.95895,-0.4071,0
11.6,0.6,0,2.94929,-0.404877,0
11.6,0.7,0,2.93073,-0.396299,0
11.6,0.8,0,2.92773,-0.397081,0
11.6,0.9,0,2.91957,-0.393778,0
11.6,1,0,2.90943,-0.388161,0
11.6,1.1,0,2.89973,-0.380009,0
11.6,1.2,0,2.89331,-0.376388,0
11.6,1.3,0,2.88578,-0.372644,0
11.6,1.4,0,2.8731,-0.365839,0
11.6,1.5,0,2.86756,-0.364685,0
11.6,1.6,0,2.85991,-0.359899,0
11.6,1.7,0,2.8515,-0.353037,0
11.6,1.8,0,2.842,-0.34175,0
11.6,1.9,0,2.83527,-0.335429,0
11.6,2,0,2.82899,-0.329949,0
11.6,2.1,0,2.82518,-0.32571,0
11.6,2.2,0,2.82244,-0.32393,0
11.6,2.3,0,2.81594,-0.318696,0
11.6,2.4,0,2.80858,-0.311581,0
11.6,2.5,0,2.80142,-0.3012,0
11.6,2.6,0,2.79749,-0.29535,0
11.6,2.7,0,2.79362,-0.290038,0
11.6,2.8,0,2.7889,-0.284197,0
11.6,2.9,0,2.79615,-0.285408,0
11.6,3,0,2.79423,-0.280095,0
11.6,3.1,0,2.78827,-0.271586,0
11.6,3.2,0,2.77884,-0.258569,0
11.6,3.3,0,2.77644,-0.251832,0
11.6,3.4,0,2.77324,-0.245248,0
11.6,3.5,0,2.76466,-0.236412,0
11.6,3.6,0,2.76177,-0.233505,0
11.6,3.7,0,2.75588,-0.225714,0
11.6,3.8,0,2.74983,-0.215764,0
11.6,3.9,0,2.74077,-0.20104,0
11.6,4,0,2.73341,-0.192755,0
11.6,4.1,0,2.72733,-0.18579,0
11.6,4.2,0,2.72689,-0.182576,0
11.6,4.3,0,2.72304,-0.183772,0
11.6,4.4,0,2.72639,-0.175416,0
11.6,4.5,0,2.73083,-0.163763,0
11.6,4.6,0,2.74482,-0.144955,0
11.6,4.7,0,2.74836,-0.136281,0
11.6,4.8,0,2.74679,-0.129676,0
11.6,4.9,0,2.72925,-0.12479,0
11.6,5,0,2.71796,-0.12387,0
11.6,5.1,0,2.7134,-0.115838,0
11.6,5.2,0,2.71093,-0.105399,0
11.6,5.3,0,2.71451,-0.0890635,0
11.6,5.4,0,2.71538,-0.0791107,0
11.6,5.5,0,2.71562,-0.0705607,0
11.6,5.6,0,2.71449,-0.064513,0
11.6,5.7,0,2.71675,-0.0608432,0
11.6,5.8,0,2.71566,-0.0537898,0
11.6,5.9,0,2.71354,-0.0448427,0
11.6,6,0,2.71045,-0.0322595,0
11.6,6.1,0,2.70991,-0.0234553,0
11.6,6.2,0,2.70943,-0.0150585,0
11.6,6.3,0,2.70866,-0.00625871,0
11.6,6.4,0,2.71087,-0.00101396,0
11.6,6.5,0,2.71103,0.0065037,0
11.6,6.6,0,2.71058,0.0154933,0
11.6,6.7,0,2.71216,0.0255023,0
11.6,6.8,0,2.71406,0.0321775,0
11.6,6.9,0,2.71482,0.0389737,0
11.6,7,0,2.71094,0.0475488,0
11.6,7.1,0,2.71259,0.060702,0
11.6,7.2,0,2.71373,0.0692485,0
11.6,7.3,0,2.71493,0.0777354,0
11.6,7.4,0,2.71622,0.0861681,0
11.6,7.5,0,2.71759,0.0946024,0
11.6,7.6,0,2.71905,0.103026,0
11.6,7.7,0,2.72061,0.111418,0
11.6,7.8,0,2.72228,0.119786,0
11.6,7.9,0,2.72411,0.128158,0
11.6,8,0,2.72744,0.138989,0
11.6,8.1,0,2.74538,0.14554,0
11.6,8.2,0,2.74277,0.152493,0
11.6,8.3,0,2.75014,0.162706,0
11.6,8.4,0,2.75205,0.170292,0
11.6,8.5,0,2.74822,0.178332,0
11.6,8.6,0,2.75754,0.18654,0
11.6,8.7,0,2.74485,0.193243,0
11.6,8.8,0,2.76295,0.203937,0
11.6,8.9,0,2.76254,0.210903,0
11.6,9,0,2.76735,0.220005,0
11.6,9.1,0,2.77057,0.22714,0
11.6,9.2,0,2.76685,0.234549,0
11.6,9.3,0,2.77781,0.243906,0
11.6,9.4,0,2.76965,0.248083,0
11.6,9.5,0,2.78258,0.258776,0
11.6,9.6,0,2.78503,0.265023,0
11.6,9.7,0,2.78946,0.274147,0
11.6,9.8,0,2.79307,0.280476,0
11.6,9.9,0,2.78955,0.284799,0
11.6,10,0,2.79771,0.293793,0
11.6,10.1,0,2.79782,0.297596,0
11.6,10.2,0,2.80633,0.307831,0
11.6,10.3,0,2.81112,0.313537,0
11.6,10.4,0,2.81385,0.319738,0
11.6,10.5,0,2.81923,0.3253,0
11.6,10.6,0,2.82374,0.329767,0
11.6,10.7,0,2.8313,0.338483,0
11.6,10.8,0,2.83604,0.34142,0
11.6,10.9,0,2.8423,0.348567,0
11.6,11,0,2.84835,0.353407,0
11.6,11.1,0,2.85539,0.360667,0
11.6,11.2,0,2.86236,0.365432,0
11.6,11.3,0,2.86935,0.367296,0
11.6,11.4,0,2.87743,0.373886,0
11.6,11.5,0,2.88422,0.377175,0
11.6,11.6,0,2.89205,0.384683,0
11.6,11.7,0,2.89993,0.388344,0
11.6,11.8,0,2.90895,0.391775,0
11.6,11.9,0,2.91767,0.39547,0
11.6,12,0,2.92611,0.397816,0
11.6,12.1,0,2.93541,0.404425,0
11.6,12.2,0,2.94371,0.406495,0
11.6,12.3,0,2.95261,0.410887,0
11.6,12.4,0,2.96395,0.413657,0
11.6,12.5,0,2.97877,0.418777,0
11.6,12.6,0,2.98732,0.421696,0
11.6,12.7,0,2.99018,0.419241,0
11.7,0,0,2.98555,-0.434848,0
11.7,0.1,0,2.99266,-0.440937,0
11.7,0.2,0,2.9882,-0.440783,0
11.7,0.3,0,2.97337,-0.433459,0
11.7,0.4,0,2.96244,-0.428199,0
11.7,0.5,0,2.95793,-0.427927,0
11.7,0.6,0,2.94699,-0.424796,0
11.7,0.7,0,2.92526,-0.413949,0
11.7,0.8,0,2.9241,-0.41619,0
11.7,0.9,0,2.91668,-0.41347,0
11.7,1,0,2.90347,-0.404253,0
11.7,1.1,0,2.89377,-0.396101,0
11.7,1.2,0,2.88905,-0.39267,0
11.7,1.3,0,2.88079,-0.388488,0
11.7,1.4,0,2.86626,-0.38059,0
11.7,1.5,0,2.86148,-0.380733,0
11.7,1.6,0,2.85413,-0.376466,0
11.7,1.7,0,2.84456,-0.366378,0
11.7,1.8,0,2.83505,-0.35509,0
11.7,1.9,0,2.82762,-0.347462,0
11.7,2,0,2.82169,-0.342159,0
11.7,2.1,0,2.81876,-0.338364,0
11.7,2.2,0,2.81737,-0.337817,0
11.7,2.3,0,2.81141,-0.333077,0
11.7,2.4,0,2.80269,-0.323036,0
11.7,2.5,0,2.79554,-0.312656,0
11.7,2.6,0,2.79151,-0.305967,0
11.7,2.7,0,2.78751,-0.30058,0
11.7,2.8,0,2.7825,-0.29455,0
11.7,2.9,0,2.79303,-0.298091,0
11.7,3,0,2.79242,-0.29371,0
11.7,3.1,0,2.78015,-0.280231,0
11.7,3.2,0,2.77073,-0.267214,0
11.7,3.3,0,2.76956,-0.260239,0
11.7,3.4,0,2.76559,-0.253333,0
11.7,3.5,0,2.75509,-0.243694,0
11.7,3.6,0,2.75328,-0.242531,0
11.7,3.7,0,2.74782,-0.235437,0
11.7,3.8,0,2.7415,-0.222129,0
11.7,3.9,0,2.73244,-0.207405,0
11.7,4,0,2.72308,-0.197065,0
11.7,4.1,0,2.71781,-0.190636,0
11.7,4.2,0,2.71937,-0.188762,0
11.7,4.3,0,2.71296,-0.193369,0
11.7,4.4,0,2.71528,-0.186377,0
11.7,4.5,0,2.7214,-0.169597,0
11.7,4.6,0,2.73539,-0.150789,0
11.7,4.7,0,2.7469,-0.138897,0
11.7,4.8,0,2.74305,-0.132537,0
11.7,4.9,0,2.7198,-0.128265,0
11.7,5,0,2.70611,-0.129883,0
11.7,5.1,0,2.70058,-0.122868,0
11.7,5.2,0,2.70137,-0.108683,0
11.7,5.3,0,2.70495,-0.0923475,0
11.7,5.4,0,2.7068,-0.0802125,0
11.7,5.5,0,2.70684,-0.07202,0
11.7,5.6,0,2.70523,-0.0668659,0
11.7,5.7,0,2.70869,-0.0644045,0
11.7,5.8,0,2.70808,-0.0578345,0
11.7,5.9,0,2.70435,-0.0459414,0
11.7,6,0,2.70126,-0.0333582,0
11.7,6.1,0,2.70063,-0.0239203,0
11.7,6.2,0,2.70011,-0.0154659,0
11.7,6.3,0,2.69924,-0.00652216,0
11.7,6.4,0,2.70218,-0.00208917,0
11.7,6.5,0,2.70263,0.0051038,0
11.7,6.6,0,2.70123,0.0163831,0
11.7,6.7,0,2.70281,0.0263921,0
11.7,6.8,0,2.70648,0.0328791,0
11.7,6.9,0,2.70658,0.0399294,0
11.7,7,0,2.70105,0.0491399,0
11.7,7.1,0,2.7025,0.0628145,0
11.7,7.2,0,2.70352,0.0716119,0
11.7,7.3,0,2.70464,0.0803404,0
11.7,7.4,0,2.70586,0.0890263,0
11.7,7.5,0,2.70718,0.0977176,0
11.7,7.6,0,2.70862,0.106398,0
11.7,7.7,0,2.71017,0.115048,0
11.7,7.8,0,2.71185,0.123675,0
11.7,7.9,0,2.71368,0.132313,0
11.7,8,0,2.71702,0.14349,0
11.7,8.1,0,2.74286,0.150027,0
11.7,8.2,0,2.73221,0.157618,0
11.7,8.3,0,2.74484,0.168483,0
11.7,8.4,0,2.74848,0.17639,0
11.7,8.5,0,2.73783,0.184109,0
11.7,8.6,0,2.75581,0.193381,0
11.7,8.7,0,2.73466,0.199712,0
11.7,8.8,0,2.76127,0.212104,0
11.7,8.9,0,2.75247,0.218005,0
11.7,9,0,2.76054,0.227872,0
11.7,9.1,0,2.76816,0.236038,0
11.7,9.2,0,2.75708,0.242371,0
11.7,9.3,0,2.7757,0.254181,0
11.7,9.4,0,2.76032,0.256633,0
11.7,9.5,0,2.77944,0.269735,0
11.7,9.6,0,2.77627,0.274403,0
11.7,9.7,0,2.78194,0.284151,0
11.7,9.8,0,2.78986,0.292644,0
11.7,9.9,0,2.78136,0.294997,0
11.7,10,0,2.79289,0.306451,0
11.7,10.1,0,2.7901,0.308631,0
11.7,10.2,0,2.80139,0.321595,0
11.7,10.3,0,2.80388,0.325469,0
11.7,10.4,0,2.80658,0.331676,0
11.7,10.5,0,2.81311,0.339348,0
11.7,10.6,0,2.81678,0.342503,0
11.7,10.7,0,2.82563,0.353879,0
11.7,10.8,0,2.82952,0.355079,0
11.7,10.9,0,2.83626,0.364065,0
11.7,11,0,2.84223,0.368163,0
11.7,11.1,0,2.84923,0.375209,0
11.7,11.2,0,2.85666,0.382488,0
11.7,11.3,0,2.86356,0.382814,0
11.7,11.4,0,2.8723,0.391038,0
11.7,11.5,0,2.87888,0.393625,0
11.7,11.6,0,2.8869,0.40337,0
11.7,11.7,0,2.89481,0.4063,0
11.7,11.8,0,2.90385,0.409189,0
11.7,11.9,0,2.91304,0.414457,0
11.7,12,0,2.92139,0.416228,0
11.7,12.1,0,2.93111,0.424848,0
11.7,12.2,0,2.93906,0.425746,0
11.7,12.3,0,2.94748,0.431374,0
11.7,12.4,0,2.95899,0.434221,0
11.7,12.5,0,2.97429,0.439045,0
11.7,12.6,0,2.98527,0.444643,0
11.7,12.7,0,2.98599,0.440284,0
11.8,0,0,2.98212,-0.455833,0
11.8,0.1,0,2.98923,-0.461922,0
11.8,0.2,0,2.98953,-0.464339,0
11.8,0.3,0,2.96922,-0.453098,0
11.8,0.4,0,2.95828,-0.447838,0
11.8,0.5,0,2.9569,-0.448754,0
11.8,0.6,0,2.94152,-0.442445,0
11.8,0.7,0,2.91979,-0.431598,0
11.8,0.8,0,2.91863,-0.433839,0
11.8,0.9,0,2.91379,-0.433162,0
11.8,1,0,2.8975,-0.420344,0
11.8,1.1,0,2.8878,-0.412193,0
11.8,1.2,0,2.88479,-0.408952,0
11.8,1.3,0,2.87395,-0.40324,0
11.8,1.4,0,2.85943,-0.395342,0
11.8,1.5,0,2.85465,-0.395485,0
11.8,1.6,0,2.84836,-0.393034,0
11.8,1.7,0,2.83761,-0.379718,0
11.8,1.8,0,2.82811,-0.36843,0
11.8,1.9,0,2.81997,-0.359495,0
11.8,2,0,2.81528,-0.354813,0
11.8,2.1,0,2.81235,-0.351019,0
11.8,2.2,0,2.81095,-0.350472,0
11.8,2.3,0,2.80688,-0.347458,0
11.8,2.4,0,2.7968,-0.334492,0
11.8,2.5,0,2.78965,-0.324111,0
11.8,2.6,0,2.78552,-0.316585,0
11.8,2.7,0,2.78111,-0.310933,0
11.8,2.8,0,2.7761,-0.304903,0
11.8,2.9,0,2.78663,-0.308444,0
11.8,3,0,2.7906,-0.307325,0
11.8,3.1,0,2.77204,-0.288876,0
11.8,3.2,0,2.76262,-0.275858,0
11.8,3.3,0,2.76269,-0.268646,0
11.8,3.4,0,2.75603,-0.260614,0
11.8,3.5,0,2.74553,-0.250975,0
11.8,3.6,0,2.74371,-0.249812,0
11.8,3.7,0,2.73976,-0.245161,0
11.8,3.8,0,2.73316,-0.228495,0
11.8,3.9,0,2.72411,-0.213771,0
11.8,4,0,2.71275,-0.201375,0
11.8,4.1,0,2.71029,-0.196822,0
11.8,4.2,0,2.71185,-0.194947,0
11.8,4.3,0,2.70544,-0.199554,0
11.8,4.4,0,2.70416,-0.197339,0
11.8,4.5,0,2.71197,-0.17543,0
11.8,4.6,0,2.72596,-0.156622,0
11.8,4.7,0,2.74543,-0.141512,0
11.8,4.8,0,2.7336,-0.136012,0
11.8,4.9,0,2.71035,-0.131739,0
11.8,5,0,2.69666,-0.133358,0
11.8,5.1,0,2.68777,-0.129898,0
11.8,5.2,0,2.69181,-0.111967,0
11.8,5.3,0,2.6954,-0.0956315,0
11.8,5.4,0,2.69822,-0.0813143,0
11.8,5.5,0,2.69758,-0.0743729,0
11.8,5.6,0,2.69597,-0.0692188,0
11.8,5.7,0,2.69943,-0.0667574,0
11.8,5.8,0,2.7005,-0.0618792,0
11.8,5.9,0,2.69516,-0.0470402,0
11.8,6,0,2.69207,-0.034457,0
11.8,6.1,0,2.69135,-0.0243853,0
11.8,6.2,0,2.69069,-0.0157294,0
11.8,6.3,0,2.68982,-0.0067856,0
11.8,6.4,0,2.69275,-0.00235261,0
11.8,6.5,0,2.69423,0.00370389,0
11.8,6.6,0,2.69188,0.017273,0
11.8,6.7,0,2.69346,0.0272819,0
11.8,6.8,0,2.69891,0.0335807,0
11.8,6.9,0,2.69669,0.0415205,0
11.8,7,0,2.69116,0.050731,0
11.8,7.1,0,2.6924,0.064927,0
11.8,7.2,0,2.69332,0.0739752,0
11.8,7.3,0,2.69434,0.0829455,0
11.8,7.4,0,2.6955,0.0918845,0
11.8,7.5,0,2.69678,0.100833,0
11.8,7.6,0,2.69819,0.10977,0
11.8,7.7,0,2.69974,0.118678,0
11.8,7.8,0,2.70141,0.127565,0
11.8,7.9,0,2.70325,0.136468,0
11.8,8,0,2.70659,0.147991,0
11.8,8.1,0,2.74035,0.154513,0
11.8,8.2,0,2.72164,0.162743,0
11.8,8.3,0,2.73427,0.173608,0
11.8,8.4,0,2.73809,0.182166,0
11.8,8.5,0,2.72744,0.189886,0
11.8,8.6,0,2.75407,0.200222,0
11.8,8.7,0,2.72448,0.206182,0
11.8,8.8,0,2.75824,0.22,0
11.8,8.9,0,2.7424,0.225107,0
11.8,9,0,2.75047,0.234973,0
11.8,9.1,0,2.75863,0.243895,0
11.8,9.2,0,2.74732,0.250193,0
11.8,9.3,0,2.77359,0.264456,0
11.8,9.4,0,2.75098,0.265184,0
11.8,9.5,0,2.77405,0.279823,0
11.8,9.6,0,2.7675,0.283783,0
11.8,9.7,0,2.77317,0.293531,0
11.8,9.8,0,2.78284,0.303304,0
11.8,9.9,0,2.77316,0.305196,0
11.8,10,0,2.78806,0.319108,0
11.8,10.1,0,2.78237,0.319666,0
11.8,10.2,0,2.79488,0.33382,0
11.8,10.3,0,2.79659,0.337361,0
11.8,10.4,0,2.79929,0.343568,0
11.8,10.5,0,2.80652,0.352656,0
11.8,10.6,0,2.80982,0.355238,0
11.8,10.7,0,2.81996,0.369276,0
11.8,10.8,0,2.823,0.368739,0
11.8,10.9,0,2.82985,0.378155,0
11.8,11,0,2.83608,0.382705,0
11.8,11.1,0,2.84308,0.389751,0
11.8,11.2,0,2.85093,0.398987,0
11.8,11.3,0,2.85777,0.398333,0
11.8,11.4,0,2.86718,0.40819,0
11.8,11.5,0,2.87353,0.410074,0
11.8,11.6,0,2.88156,0.419891,0
11.8,11.7,0,2.88971,0.423714,0
11.8,11.8,0,2.89875,0.426604,0
11.8,11.9,0,2.9084,0.433352,0
11.8,12,0,2.91668,0.434641,0
11.8,12.1,0,2.92681,0.445272,0
11.8,12.2,0,2.93441,0.444997,0
11.8,12.3,0,2.94282,0.450625,0
11.8,12.4,0,2.95452,0.454489,0
11.8,12.5,0,2.96982,0.459313,0
11.8,12.6,0,2.98322,0.46759,0
11.8,12.7,0,2.9818,0.461327,0
11.9,0,0,2.97869,-0.476818,0
11.9,0.1,0,2.98579,-0.482907,0
11.9,0.2,0,2.98576,-0.484258,0
11.9,0.3,0,2.96506,-0.472737,0
11.9,0.4,0,2.95413,-0.467477,0
11.9,0.5,0,2.95297,-0.468478,0
11.9,0.6,0,2.93605,-0.460095,0
11.9,0.7,0,2.91431,-0.449248,0
11.9,0.8,0,2.91316,-0.451489,0
11.9,0.9,0,2.90804,-0.449511,0
11.9,1,0,2.89153,-0.436436,0
11.9,1.1,0,2.88184,-0.428284,0
11.9,1.2,0,2.87895,-0.425057,0
11.9,1.3,0,2.86712,-0.417992,0
11.9,1.4,0,2.8526,-0.410094,0
11.9,1.5,0,2.84782,-0.410237,0
11.9,1.6,0,2.8415,-0.406604,0
11.9,1.7,0,2.83067,-0.393058,0
11.9,1.8,0,2.82116,-0.38177,0
11.9,1.9,0,2.81298,-0.372742,0
11.9,2,0,2.80887,-0.367468,0
11.9,2.1,0,2.80593,-0.363673,0
11.9,2.2,0,2.80454,-0.363126,0
11.9,2.3,0,2.80109,-0.359122,0
11.9,2.4,0,2.79092,-0.345947,0
11.9,2.5,0,2.78377,-0.335566,0
11.9,2.6,0,2.77963,-0.32798,0
11.9,2.7,0,2.77471,-0.321286,0
11.9,2.8,0,2.7697,-0.315256,0
11.9,2.9,0,2.78022,-0.318797,0
11.9,3,0,2.78294,-0.316325,0
11.9,3.1,0,2.76393,-0.29752,0
11.9,3.2,0,2.7545,-0.284503,0
11.9,3.3,0,2.75466,-0.277274,0
11.9,3.4,0,2.74646,-0.267896,0
11.9,3.5,0,2.73596,-0.258256,0
11.9,3.6,0,2.73415,-0.257093,0
11.9,3.7,0,2.73144,-0.251766,0
11.9,3.8,0,2.72483,-0.23486,0
11.9,3.9,0,2.71578,-0.220136,0
11.9,4,0,2.70427,-0.207594,0
11.9,4.1,0,2.70277,-0.203007,0
11.9,4.2,0,2.70433,-0.201132,0
11.9,4.3,0,2.69792,-0.20574,0
11.9,4.4,0,2.69462,-0.203539,0
11.9,4.5,0,2.70255,-0.181264,0
11.9,4.6,0,2.71653,-0.162456,0
11.9,4.7,0,2.73657,-0.147115,0
11.9,4.8,0,2.72414,-0.139486,0
11.9,4.9,0,2.7009,-0.135213,0
11.9,5,0,2.68721,-0.136832,0
11.9,5.1,0,2.67798,-0.133449,0
11.9,5.2,0,2.68225,-0.115251,0
11.9,5.3,0,2.68584,-0.0989155,0
11.9,5.4,0,2.68874,-0.0844425,0
11.9,5.5,0,2.68832,-0.0767258,0
11.9,5.6,0,2.68671,-0.0715717,0
11.9,5.7,0,2.69017,-0.0691103,0
11.9,5.8,0,2.69142,-0.0631883,0
11.9,5.9,0,2.68596,-0.0481389,0
11.9,6,0,2.68288,-0.0355557,0
11.9,6.1,0,2.68215,-0.0254387,0
11.9,6.2,0,2.68126,-0.0159928,0
11.9,6.3,0,2.68039,-0.00704905,0
11.9,6.4,0,2.68333,-0.00261606,0
11.9,6.5,0,2.68495,0.00443015,0
11.9,6.6,0,2.68253,0.0181628,0
11.9,6.7,0,2.68411,0.0281717,0
11.9,6.8,0,2.68969,0.034457,0
11.9,6.9,0,2.6868,0.0431116,0
11.9,7,0,2.68127,0.0523221,0
11.9,7.1,0,2.68231,0.0670395,0
11.9,7.2,0,2.68311,0.0763385,0
11.9,7.3,0,2.68405,0.0855505,0
11.9,7.4,0,2.68513,0.0947427,0
11.9,7.5,0,2.68638,0.103948,0
11.9,7.6,0,2.68777,0.113142,0
11.9,7.7,0,2.6893,0.122309,0
11.9,7.8,0,2.69097,0.131454,0
11.9,7.9,0,2.69281,0.140624,0
11.9,8,0,2.69616,0.152493,0
11.9,8.1,0,2.73026,0.159014,0
11.9,8.2,0,2.71108,0.167868,0
11.9,8.3,0,2.72371,0.178733,0
11.9,8.4,0,2.7277,0.187943,0
11.9,8.5,0,2.71706,0.195663,0
11.9,8.6,0,2.74596,0.206783,0
11.9,8.7,0,2.71429,0.212652,0
11.9,8.8,0,2.74805,0.22647,0
11.9,8.9,0,2.73232,0.232209,0
11.9,9,0,2.74039,0.242075,0
11.9,9.1,0,2.74886,0.251717,0
11.9,9.2,0,2.73755,0.258015,0
11.9,9.3,0,2.76749,0.273776,0
11.9,9.4,0,2.74165,0.273734,0
11.9,9.5,0,2.76472,0.288373,0
11.9,9.6,0,2.75874,0.293164,0
11.9,9.7,0,2.76441,0.302912,0
11.9,9.8,0,2.77464,0.313503,0
11.9,9.9,0,2.76497,0.315395,0
11.9,10,0,2.78172,0.33083,0
11.9,10.1,0,2.77465,0.330701,0
11.9,10.2,0,2.78716,0.344855,0
11.9,10.3,0,2.78929,0.349253,0
11.9,10.4,0,2.792,0.35546,0
11.9,10.5,0,2.79956,0.365391,0
11.9,10.6,0,2.80286,0.367974,0
11.9,10.7,0,2.81371,0.38348,0
11.9,10.8,0,2.81648,0.382398,0
11.9,10.9,0,2.82333,0.391815,0
11.9,11,0,2.82992,0.397247,0
11.9,11.1,0,2.83693,0.404294,0
11.9,11.2,0,2.84514,0.414505,0
11.9,11.3,0,2.85198,0.413851,0
11.9,11.4,0,2.86168,0.424438,0
11.9,11.5,0,2.86818,0.426524,0
11.9,11.6,0,2.87621,0.43634,0
11.9,11.7,0,2.88461,0.441128,0
11.9,11.8,0,2.89364,0.444018,0
11.9,11.9,0,2.90369,0.451765,0
11.9,12,0,2.91196,0.453054,0
11.9,12.1,0,2.92219,0.464177,0
11.9,12.2,0,2.92976,0.464248,0
11.9,12.3,0,2.93817,0.469876,0
11.9,12.4,0,2.95004,0.474758,0
11.9,12.5,0,2.96534,0.479581,0
11.9,12.6,0,2.97912,0.488714,0
11.9,12.7,0,2.97762,0.48237,0
12,0,0,2.97526,-0.497803,0
12,0.1,0,2.98236,-0.503892,0
12,0.2,0,2.97889,-0.502428,0
12,0.3,0,2.9609,-0.492376,0
12,0.4,0,2.94997,-0.487116,0
12,0.5,0,2.94627,-0.486301,0
12,0.6,0,2.93058,-0.477745,0
12,0.7,0,2.90884,-0.466898,0
12,0.8,0,2.90769,-0.469139,0
12,0.9,0,2.9006,-0.464436,0
12,1,0,2.88557,-0.452528,0
12,1.1,0,2.87587,-0.444376,0
12,1.2,0,2.87151,-0.440274,0
12,1.3,0,2.86029,-0.432743,0
12,1.4,0,2.84576,-0.424845,0
12,1.5,0,2.84098,-0.424988,0
12,1.6,0,2.83395,-0.418907,0
12,1.7,0,2.82372,-0.406398,0
12,1.8,0,2.81422,-0.39511,0
12,1.9,0,2.80674,-0.386437,0
12,2,0,2.80245,-0.380122,0
12,2.1,0,2.79952,-0.376327,0
12,2.2,0,2.79813,-0.37578,0
12,2.3,0,2.79413,-0.369591,0
12,2.4,0,2.78503,-0.357402,0
12,2.5,0,2.77788,-0.347022,0
12,2.6,0,2.77351,-0.339285,0
12,2.7,0,2.76831,-0.331639,0
12,2.8,0,2.76329,-0.325609,0
12,2.9,0,2.77382,-0.32915,0
12,3,0,2.77221,-0.323106,0
12,3.1,0,2.75582,-0.306165,0
12,3.2,0,2.74639,-0.293148,0
12,3.3,0,2.74501,-0.285275,0
12,3.4,0,2.7369,-0.275177,0
12,3.5,0,2.7264,-0.265537,0
12,3.6,0,2.72458,-0.264375,0
12,3.7,0,2.72226,-0.256736,0
12,3.8,0,2.7165,-0.241225,0
12,3.9,0,2.70745,-0.226501,0
12,4,0,2.69755,-0.215031,0
12,4.1,0,2.69525,-0.209193,0
12,4.2,0,2.69681,-0.207318,0
12,4.3,0,2.6904,-0.211925,0
12,4.4,0,2.68724,-0.206643,0
12,4.5,0,2.69312,-0.187097,0
12,4.6,0,2.7071,-0.168289,0
12,4.7,0,2.72258,-0.15344,0
12,4.8,0,2.71469,-0.142961,0
12,4.9,0,2.69145,-0.138688,0
12,5,0,2.67776,-0.140307,0
12,5.1,0,2.67034,-0.134702,0
12,5.2,0,2.67269,-0.118535,0
12,5.3,0,2.67628,-0.1022,0
12,5.4,0,2.67879,-0.0884414,0
12,5.5,0,2.67906,-0.0790788,0
12,5.6,0,2.67745,-0.0739246,0
12,5.7,0,2.68091,-0.0714632,0
12,5.8,0,2.68127,-0.0633204,0
12,5.9,0,2.67677,-0.0492376,0
12,6,0,2.67368,-0.0366544,0
12,6.1,0,2.67288,-0.0264223,0
12,6.2,0,2.67184,-0.0162563,0
12,6.3,0,2.67097,-0.0073125,0
12,6.4,0,2.67391,-0.00287951,0
12,6.5,0,2.67501,0.00596937,0
12,6.6,0,2.67318,0.0190526,0
12,6.7,0,2.67476,0.0290615,0
12,6.8,0,2.67901,0.0358551,0
12,6.9,0,2.67691,0.0447027,0
12,7,0,2.67138,0.0539132,0
12,7.1,0,2.67222,0.0691519,0
12,7.2,0,2.67291,0.0787018,0
12,7.3,0,2.67375,0.0881556,0
12,7.4,0,2.67477,0.0976009,0
12,7.5,0,2.67598,0.107063,0
12,7.6,0,2.67734,0.116514,0
12,7.7,0,2.67886,0.125939,0
12,7.8,0,2.68054,0.135343,0
12,7.9,0,2.68238,0.144779,0
12,8,0,2.68573,0.156994,0
12,8.1,0,2.71546,0.163862,0
12,8.2,0,2.70051,0.172994,0
12,8.3,0,2.71314,0.183858,0
12,8.4,0,2.71731,0.19372,0
12,8.5,0,2.70667,0.201439,0
12,8.6,0,2.72933,0.21246,0
12,8.7,0,2.70411,0.219121,0
12,8.8,0,2.73501,0.232577,0
12,8.9,0,2.72225,0.23931,0
12,9,0,2.73032,0.249177,0
12,9.1,0,2.73909,0.259539,0
12,9.2,0,2.72778,0.265838,0
12,9.3,0,2.7509,0.280004,0
12,9.4,0,2.73231,0.282284,0
12,9.5,0,2.7546,0.296705,0
12,9.6,0,2.74997,0.302544,0
12,9.7,0,2.75564,0.312292,0
12,9.8,0,2.76644,0.323702,0
12,9.9,0,2.75677,0.325594,0
12,10,0,2.77062,0.339406,0
12,10.1,0,2.76692,0.341735,0
12,10.2,0,2.77944,0.35589,0
12,10.3,0,2.782,0.361145,0
12,10.4,0,2.78471,0.367352,0
12,10.5,0,2.7926,0.378127,0
12,10.6,0,2.79589,0.38071,0
12,10.7,0,2.80589,0.394478,0
12,10.8,0,2.80996,0.396057,0
12,10.9,0,2.81681,0.405474,0
12,11,0,2.82377,0.411789,0
12,11.1,0,2.83078,0.418836,0
12,11.2,0,2.83928,0.429676,0
12,11.3,0,2.84619,0.429369,0
12,11.4,0,2.85568,0.439291,0
12,11.5,0,2.86284,0.442973,0
12,11.6,0,2.87086,0.452789,0
12,11.7,0,2.8795,0.458543,0
12,11.8,0,2.88854,0.461432,0
12,11.9,0,2.89881,0.469642,0
12,12,0,2.90725,0.471467,0
12,12.1,0,2.91722,0.481716,0
12,12.2,0,2.9251,0.483499,0
12,12.3,0,2.93352,0.489127,0
12,12.4,0,2.94557,0.495026,0
12,12.5,0,2.96087,0.49985,0
12,12.6,0,2.97362,0.508304,0
12,12.7,0,2.97343,0.503413,0
12.1,0,0,2.97183,-0.518787,0
12.1,0.1,0,2.97775,-0.524038,0
12.1,0.2,0,2.96997,-0.519496,0
12.1,0.3,0,2.95675,-0.512015,0
12.1,0.4,0,2.94582,-0.506755,0
12.1,0.5,0,2.93767,-0.502763,0
12.1,0.6,0,2.92444,-0.49514,0
12.1,0.7,0,2.90337,-0.484548,0
12.1,0.8,0,2.90156,-0.486017,0
12.1,0.9,0,2.89205,-0.478485,0
12.1,1,0,2.8796,-0.468619,0
12.1,1.1,0,2.8699,-0.460468,0
12.1,1.2,0,2.86297,-0.454835,0
12.1,1.3,0,2.85309,-0.447454,0
12.1,1.4,0,2.83893,-0.439597,0
12.1,1.5,0,2.8339,-0.439048,0
12.1,1.6,0,2.82594,-0.430431,0
12.1,1.7,0,2.81678,-0.419738,0
12.1,1.8,0,2.80727,-0.40845,0
12.1,1.9,0,2.80103,-0.400398,0
12.1,2,0,2.79619,-0.393056,0
12.1,2.1,0,2.79311,-0.388981,0
12.1,2.2,0,2.79142,-0.387807,0
12.1,2.3,0,2.78636,-0.379319,0
12.1,2.4,0,2.77915,-0.368858,0
12.1,2.5,0,2.77199,-0.358477,0
12.1,2.6,0,2.7672,-0.350475,0
12.1,2.7,0,2.76193,-0.342172,0
12.1,2.8,0,2.75689,-0.335962,0
12.1,2.9,0,2.76607,-0.338438,0
12.1,3,0,2.75951,-0.328488,0
12.1,3.1,0,2.74771,-0.31481,0
12.1,3.2,0,2.73828,-0.301793,0
12.1,3.3,0,2.73421,-0.292794,0
12.1,3.4,0,2.72707,-0.282509,0
12.1,3.5,0,2.71683,-0.272819,0
12.1,3.6,0,2.71496,-0.270936,0
12.1,3.7,0,2.71243,-0.260659,0
12.1,3.8,0,2.70817,-0.24759,0
12.1,3.9,0,2.69912,-0.232866,0
12.1,4,0,2.69203,-0.223271,0
12.1,4.1,0,2.68816,-0.215819,0
12.1,4.2,0,2.6893,-0.213503,0
12.1,4.3,0,2.68324,-0.217012,0
12.1,4.4,0,2.68141,-0.2077,0
12.1,4.5,0,2.68369,-0.192931,0
12.1,4.6,0,2.69767,-0.174123,0
12.1,4.7,0,2.70517,-0.160133,0
12.1,4.8,0,2.70354,-0.147125,0
12.1,4.9,0,2.682,-0.142162,0
12.1,5,0,2.669,-0.142979,0
12.1,5.1,0,2.66415,-0.134431,0
12.1,5.2,0,2.66313,-0.121819,0
12.1,5.3,0,2.66672,-0.105484,0
12.1,5.4,0,2.66855,-0.0929765,0
12.1,5.5,0,2.66959,-0.0818993,0
12.1,5.6,0,2.66819,-0.0762775,0
12.1,5.7,0,2.67131,-0.0731849,0
12.1,5.8,0,2.6704,-0.0627273,0
12.1,5.9,0,2.66758,-0.0503364,0
12.1,6,0,2.66449,-0.0377532,0
12.1,6.1,0,2.66354,-0.0273195,0
12.1,6.2,0,2.66243,-0.0166555,0
12.1,6.3,0,2.66155,-0.00757595,0
12.1,6.4,0,2.66428,-0.0026523,0
12.1,6.5,0,2.66464,0.00799564,0
12.1,6.6,0,2.66383,0.0199424,0
12.1,6.7,0,2.66541,0.0299514,0
12.1,6.8,0,2.66735,0.0376344,0
12.1,6.9,0,2.66664,0.0463341,0
12.1,7,0,2.66149,0.0555043,0
12.1,7.1,0,2.66213,0.0712644,0
12.1,7.2,0,2.66271,0.0810652,0
12.1,7.3,0,2.66346,0.0907607,0
12.1,7.4,0,2.66441,0.100459,0
12.1,7.5,0,2.66557,0.110178,0
12.1,7.6,0,2.66692,0.119886,0
12.1,7.7,0,2.66843,0.129569,0
12.1,7.8,0,2.6701,0.139232,0
12.1,7.9,0,2.67195,0.148934,0
12.1,8,0,2.6753,0.161495,0
12.1,8.1,0,2.69698,0.169001,0
12.1,8.2,0,2.68995,0.178119,0
12.1,8.3,0,2.70153,0.188934,0
12.1,8.4,0,2.70416,0.199154,0
12.1,8.5,0,2.69628,0.207216,0
12.1,8.6,0,2.71049,0.217866,0
12.1,8.7,0,2.69392,0.225591,0
12.1,8.8,0,2.71643,0.237981,0
12.1,8.9,0,2.71218,0.246412,0
12.1,9,0,2.72025,0.256278,0
12.1,9.1,0,2.72525,0.266406,0
12.1,9.2,0,2.71801,0.27366,0
12.1,9.3,0,2.7339,0.286102,0
12.1,9.4,0,2.72297,0.290834,0
12.1,9.5,0,2.73965,0.303676,0
12.1,9.6,0,2.74121,0.311925,0
12.1,9.7,0,2.74688,0.321673,0
12.1,9.8,0,2.75417,0.331854,0
12.1,9.9,0,2.74857,0.335792,0
12.1,10,0,2.75953,0.347982,0
12.1,10.1,0,2.7592,0.35277,0
12.1,10.2,0,2.76951,0.365172,0
12.1,10.3,0,2.77471,0.373037,0
12.1,10.4,0,2.77742,0.379244,0
12.1,10.5,0,2.78453,0.388844,0
12.1,10.6,0,2.78893,0.393445,0
12.1,10.7,0,2.79808,0.405477,0
12.1,10.8,0,2.80344,0.409717,0
12.1,10.9,0,2.81021,0.418431,0
12.1,11,0,2.81762,0.426331,0
12.1,11.1,0,2.82463,0.433378,0
12.1,11.2,0,2.83304,0.442681,0
12.1,11.3,0,2.8404,0.444888,0
12.1,11.4,0,2.84967,0.454107,0
12.1,11.5,0,2.85749,0.459423,0
12.1,11.6,0,2.86554,0.468562,0
12.1,11.7,0,2.8744,0.475957,0
12.1,11.8,0,2.88344,0.478846,0
12.1,11.9,0,2.89362,0.486482,0
12.1,12,0,2.90253,0.489879,0
12.1,12.1,0,2.91216,0.498956,0
12.1,12.2,0,2.92045,0.502751,0
12.1,12.3,0,2.92912,0.508223,0
12.1,12.4,0,2.94117,0.515104,0
12.1,12.5,0,2.95639,0.520118,0
12.1,12.6,0,2.96701,0.526668,0
12.1,12.7,0,2.96924,0.524456,0
12.2,0,0,2.96839,-0.539772,0
12.2,0.1,0,2.96884,-0.541106,0
12.2,0.2,0,2.96106,-0.536564,0
12.2,0.3,0,2.95259,-0.531655,0
12.2,0.4,0,2.94166,-0.526395,0
12.2,0.5,0,2.92906,-0.519225,0
12.2,0.6,0,2.91583,-0.511602,0
12.2,0.7,0,2.8979,-0.502197,0
12.2,0.8,0,2.89301,-0.500066,0
12.2,0.9,0,2.88351,-0.492534,0
12.2,1,0,2.87363,-0.484711,0
12.2,1.1,0,2.86394,-0.476559,0
12.2,1.2,0,2.85442,-0.469397,0
12.2,1.3,0,2.84454,-0.462015,0
12.2,1.4,0,2.8321,-0.454348,0
12.2,1.5,0,2.8259,-0.450572,0
12.2,1.6,0,2.81794,-0.441955,0
12.2,1.7,0,2.80984,-0.433078,0
12.2,1.8,0,2.80033,-0.42179,0
12.2,1.9,0,2.79532,-0.414359,0
12.2,2,0,2.79048,-0.407017,0
12.2,2.1,0,2.78669,-0.401635,0
12.2,2.2,0,2.78366,-0.397536,0
12.2,2.3,0,2.77859,-0.389048,0
12.2,2.4,0,2.77326,-0.380313,0
12.2,2.5,0,2.76611,-0.369932,0
12.2,2.6,0,2.76089,-0.361666,0
12.2,2.7,0,2.75562,-0.353362,0
12.2,2.8,0,2.75049,-0.346315,0
12.2,2.9,0,2.75337,-0.343821,0
12.2,3,0,2.74681,-0.333871,0
12.2,3.1,0,2.73959,-0.323455,0
12.2,3.2,0,2.73017,-0.310438,0
12.2,3.3,0,2.72341,-0.300313,0
12.2,3.4,0,2.71627,-0.290028,0
12.2,3.5,0,2.70727,-0.2801,0
12.2,3.6,0,2.70513,-0.27486,0
12.2,3.7,0,2.70259,-0.264582,0
12.2,3.8,0,2.69984,-0.253955,0
12.2,3.9,0,2.69078,-0.239231,0
12.2,4,0,2.68651,-0.231511,0
12.2,4.1,0,2.68265,-0.224059,0
12.2,4.2,0,2.68178,-0.219689,0
12.2,4.3,0,2.67741,-0.218069,0
12.2,4.4,0,2.67558,-0.208758,0
12.2,4.5,0,2.67426,-0.198764,0
12.2,4.6,0,2.68825,-0.179956,0
12.2,4.7,0,2.68775,-0.166826,0
12.2,4.8,0,2.68612,-0.153817,0
12.2,4.9,0,2.67255,-0.145637,0
12.2,5,0,2.66281,-0.142707,0
12.2,5.1,0,2.65795,-0.134159,0
12.2,5.2,0,2.65357,-0.125103,0
12.2,5.3,0,2.65716,-0.108768,0
12.2,5.4,0,2.65831,-0.0975116,0
12.2,5.5,0,2.65935,-0.0864344,0
12.2,5.6,0,2.65893,-0.0786305,0
12.2,5.7,0,2.66044,-0.0725918,0
12.2,5.8,0,2.65953,-0.0621343,0
12.2,5.9,0,2.65839,-0.0514351,0
12.2,6,0,2.6553,-0.0388519,0
12.2,6.1,0,2.65421,-0.0282167,0
12.2,6.2,0,2.6531,-0.0175527,0
12.2,6.3,0,2.65212,-0.00783939,0
12.2,6.4,0,2.65391,-0.000626029,0
12.2,6.5,0,2.65426,0.0100219,0
12.2,6.6,0,2.65448,0.0208322,0
12.2,6.7,0,2.65606,0.0308412,0
12.2,6.8,0,2.65568,0.0394137,0
12.2,6.9,0,2.65498,0.0481134,0
12.2,7,0,2.6516,0.0570954,0
12.2,7.1,0,2.65203,0.0733769,0
12.2,7.2,0,2.6525,0.0834285,0
12.2,7.3,0,2.65316,0.0933657,0
12.2,7.4,0,2.65406,0.103317,0
12.2,7.5,0,2.65517,0.113294,0
12.2,7.6,0,2.65649,0.123257,0
12.2,7.7,0,2.65799,0.133199,0
12.2,7.8,0,2.65966,0.143121,0
12.2,7.9,0,2.66152,0.153089,0
12.2,8,0,2.66487,0.165996,0
12.2,8.1,0,2.6785,0.174141,0
12.2,8.2,0,2.67938,0.183244,0
12.2,8.3,0,2.68275,0.193673,0
12.2,8.4,0,2.68538,0.203893,0
12.2,8.5,0,2.68589,0.212993,0
12.2,8.6,0,2.69165,0.223271,0
12.2,8.7,0,2.68374,0.232061,0
12.2,8.8,0,2.69785,0.243386,0
12.2,8.9,0,2.70111,0.253315,0
12.2,9,0,2.70336,0.262384,0
12.2,9.1,0,2.70782,0.272431,0
12.2,9.2,0,2.70824,0.281482,0
12.2,9.3,0,2.71691,0.292199,0
12.2,9.4,0,2.71364,0.299384,0
12.2,9.5,0,2.72469,0.310648,0
12.2,9.6,0,2.73046,0.320536,0
12.2,9.7,0,2.73451,0.329628,0
12.2,9.8,0,2.74042,0.339264,0
12.2,9.9,0,2.74038,0.345991,0
12.2,10,0,2.74844,0.356558,0
12.2,10.1,0,2.75147,0.363805,0
12.2,10.2,0,2.75943,0.374335,0
12.2,10.3,0,2.76597,0.383506,0
12.2,10.4,0,2.76969,0.390452,0
12.2,10.5,0,2.77639,0.399424,0
12.2,10.6,0,2.78197,0.406181,0
12.2,10.7,0,2.79027,0.416475,0
12.2,10.8,0,2.79691,0.423376,0
12.2,10.9,0,2.80358,0.431134,0
12.2,11,0,2.81112,0.439542,0
12.2,11.1,0,2.81845,0.447429,0
12.2,11.2,0,2.8268,0.455686,0
12.2,11.3,0,2.83461,0.460406,0
12.2,11.4,0,2.84366,0.468923,0
12.2,11.5,0,2.85214,0.475872,0
12.2,11.6,0,2.86025,0.483739,0
12.2,11.7,0,2.86912,0.4913,0
12.2,11.8,0,2.87833,0.496193,0
12.2,11.9,0,2.88843,0.503322,0
12.2,12,0,2.89782,0.508292,0
12.2,12.1,0,2.90709,0.516197,0
12.2,12.2,0,2.9158,0.522002,0
12.2,12.3,0,2.92524,0.527002,0
12.2,12.4,0,2.93728,0.533883,0
12.2,12.5,0,2.95192,0.540386,0
12.2,12.6,0,2.96039,0.545033,0
12.2,12.7,0,2.96505,0.545499,0
12.3,0,0,2.96496,-0.560757,0
12.3,0.1,0,2.95992,-0.558174,0
12.3,0.2,0,2.95214,-0.553632,0
12.3,0.3,0,2.94436,-0.54909,0
12.3,0.4,0,2.93369,-0.54331,0
12.3,0.5,0,2.92046,-0.535687,0
12.3,0.6,0,2.90723,-0.528064,0
12.3,0.7,0,2.89243,-0.519847,0
12.3,0.8,0,2.88446,-0.514115,0
12.3,0.9,0,2.87496,-0.506584,0
12.3,1,0,2.86546,-0.499052,0
12.3,1.1,0,2.85576,-0.491339,0
12.3,1.2,0,2.84588,-0.483958,0
12.3,1.3,0,2.836,-0.476577,0
12.3,1.4,0,2.82526,-0.4691,0
12.3,1.5,0,2.81789,-0.462096,0
12.3,1.6,0,2.80994,-0.453479,0
12.3,1.7,0,2.80198,-0.444861,0
12.3,1.8,0,2.79444,-0.435663,0
12.3,1.9,0,2.7896,-0.42832,0
12.3,2,0,2.78477,-0.420978,0
12.3,2.1,0,2.78028,-0.414289,0
12.3,2.2,0,2.77589,-0.407264,0
12.3,2.3,0,2.77083,-0.398776,0
12.3,2.4,0,2.76576,-0.390288,0
12.3,2.5,0,2.75986,-0.381161,0
12.3,2.6,0,2.75459,-0.372857,0
12.3,2.7,0,2.74931,-0.364553,0
12.3,2.8,0,2.74409,-0.356668,0
12.3,2.9,0,2.74067,-0.349204,0
12.3,3,0,2.73411,-0.339253,0
12.3,3.1,0,2.72755,-0.329303,0
12.3,3.2,0,2.71975,-0.318117,0
12.3,3.3,0,2.71261,-0.307832,0
12.3,3.4,0,2.70547,-0.297547,0
12.3,3.5,0,2.6977,-0.287381,0
12.3,3.6,0,2.6953,-0.278783,0
12.3,3.7,0,2.69276,-0.268505,0
12.3,3.8,0,2.69022,-0.258227,0
12.3,3.9,0,2.68486,-0.247204,0
12.3,4,0,2.681,-0.239752,0
12.3,4.1,0,2.67713,-0.232299,0
12.3,4.2,0,2.67426,-0.225874,0
12.3,4.3,0,2.67158,-0.219127,0
12.3,4.4,0,2.66975,-0.209815,0
12.3,4.5,0,2.66791,-0.200504,0
12.3,4.6,0,2.67197,-0.186527,0
12.3,4.7,0,2.67034,-0.173518,0
12.3,4.8,0,2.66871,-0.16051,0
12.3,4.9,0,2.6631,-0.149111,0
12.3,5,0,2.65661,-0.142436,0
12.3,5.1,0,2.65175,-0.133888,0
12.3,5.2,0,2.6469,-0.12534,0
12.3,5.3,0,2.64702,-0.113124,0
12.3,5.4,0,2.64806,-0.102047,0
12.3,5.5,0,2.64911,-0.0909695,0
12.3,5.6,0,2.64967,-0.0809834,0
12.3,5.7,0,2.64957,-0.0719988,0
12.3,5.8,0,2.64866,-0.0615413,0
12.3,5.9,0,2.64776,-0.0510838,0
12.3,6,0,2.64598,-0.0397779,0
12.3,6.1,0,2.64487,-0.0291139,0
12.3,6.2,0,2.64376,-0.01845,0
12.3,6.3,0,2.6427,-0.00810284,0
12.3,6.4,0,2.64353,0.00140024,0
12.3,6.5,0,2.64389,0.0120482,0
12.3,6.6,0,2.64425,0.0226961,0
12.3,6.7,0,2.64472,0.0324934,0
12.3,6.8,0,2.64401,0.0411931,0
12.3,6.9,0,2.64331,0.0498927,0
12.3,7,0,2.64172,0.0586865,0
12.3,7.1,0,2.64194,0.0754894,0
12.3,7.2,0,2.6423,0.0857918,0
12.3,7.3,0,2.64287,0.0959708,0
12.3,7.4,0,2.6437,0.106176,0
12.3,7.5,0,2.64477,0.116409,0
12.3,7.6,0,2.64606,0.126629,0
12.3,7.7,0,2.64756,0.136829,0
12.3,7.8,0,2.64923,0.14701,0
12.3,7.9,0,2.65109,0.157245,0
12.3,8,0,2.65444,0.170497,0
12.3,8.1,0,2.66002,0.17928,0
12.3,8.2,0,2.66158,0.188382,0
12.3,8.3,0,2.66398,0.198411,0
12.3,8.4,0,2.66661,0.208632,0
12.3,8.5,0,2.66948,0.218505,0
12.3,8.6,0,2.67281,0.228676,0
12.3,8.7,0,2.67356,0.238531,0
12.3,8.8,0,2.67927,0.24879,0
12.3,8.9,0,2.68253,0.258719,0
12.3,9,0,2.68593,0.268409,0
12.3,9.1,0,2.69038,0.278456,0
12.3,9.2,0,2.69478,0.288423,0
12.3,9.3,0,2.69991,0.298296,0
12.3,9.4,0,2.7043,0.307934,0
12.3,9.5,0,2.70973,0.317619,0
12.3,9.6,0,2.71551,0.327508,0
12.3,9.7,0,2.72076,0.337038,0
12.3,9.8,0,2.72667,0.346674,0
12.3,9.9,0,2.73129,0.355689,0
12.3,10,0,2.73734,0.365134,0
12.3,10.1,0,2.74339,0.374578,0
12.3,10.2,0,2.74935,0.383497,0
12.3,10.3,0,2.75589,0.392669,0
12.3,10.4,0,2.76155,0.401032,0
12.3,10.5,0,2.76825,0.410004,0
12.3,10.6,0,2.77492,0.418732,0
12.3,10.7,0,2.78245,0.427473,0
12.3,10.8,0,2.78999,0.436215,0
12.3,10.9,0,2.79695,0.443837,0
12.3,11,0,2.80449,0.452245,0
12.3,11.1,0,2.8122,0.460434,0
12.3,11.2,0,2.82055,0.468691,0
12.3,11.3,0,2.82882,0.475924,0
12.3,11.4,0,2.83765,0.483739,0
12.3,11.5,0,2.84645,0.491487,0
12.3,11.6,0,2.85495,0.498915,0
12.3,11.7,0,2.86382,0.506477,0
12.3,11.8,0,2.87314,0.513033,0
12.3,11.9,0,2.88323,0.520162,0
12.3,12,0,2.8931,0.526705,0
12.3,12.1,0,2.90203,0.533437,0
12.3,12.2,0,2.91086,0.53982,0
12.3,12.3,0,2.92135,0.545782,0
12.3,12.4,0,2.9334,0.552663,0
12.3,12.5,0,2.94549,0.558913,0
12.3,12.6,0,2.95378,0.563397,0
12.3,12.7,0,2.96086,0.566542,0
12.4,0,0,2.95948,-0.579243,0
12.4,0.1,0,2.95387,-0.576915,0
12.4,0.2,0,2.94609,-0.572373,0
12.4,0.3,0,2.93831,-0.567831,0
12.4,0.4,0,2.92423,-0.559234,0
12.4,0.5,0,2.911,-0.551611,0
12.4,0.6,0,2.89776,-0.543988,0
12.4,0.7,0,2.88504,-0.53548,0
12.4,0.8,0,2.8754,-0.528669,0
12.4,0.9,0,2.8659,-0.521137,0
12.4,1,0,2.85639,-0.513606,0
12.4,1.1,0,2.84787,-0.505341,0
12.4,1.2,0,2.83799,-0.49796,0
12.4,1.3,0,2.82811,-0.490578,0
12.4,1.4,0,2.8173,-0.482374,0
12.4,1.5,0,2.80853,-0.474635,0
12.4,1.6,0,2.80057,-0.466018,0
12.4,1.7,0,2.79262,-0.4574,0
12.4,1.8,0,2.78895,-0.448139,0
12.4,1.9,0,2.78411,-0.440797,0
12.4,2,0,2.77927,-0.433454,0
12.4,2.1,0,2.77234,-0.425537,0
12.4,2.2,0,2.76799,-0.4189,0
12.4,2.3,0,2.76293,-0.410412,0
12.4,2.4,0,2.75786,-0.401924,0
12.4,2.5,0,2.75377,-0.390377,0
12.4,2.6,0,2.74849,-0.382073,0
12.4,2.7,0,2.74322,-0.373769,0
12.4,2.8,0,2.73498,-0.365275,0
12.4,2.9,0,2.72824,-0.357168,0
12.4,3,0,2.72168,-0.347218,0
12.4,3.1,0,2.71512,-0.337267,0
12.4,3.2,0,2.7089,-0.323178,0
12.4,3.3,0,2.70175,-0.312893,0
12.4,3.4,0,2.69461,-0.302608,0
12.4,3.5,0,2.68756,-0.293771,0
12.4,3.6,0,2.68382,-0.285161,0
12.4,3.7,0,2.68129,-0.274884,0
12.4,3.8,0,2.67875,-0.264606,0
12.4,3.9,0,2.68148,-0.251948,0
12.4,4,0,2.67761,-0.244496,0
12.4,4.1,0,2.67374,-0.237043,0
12.4,4.2,0,2.66604,-0.230684,0
12.4,4.3,0,2.66287,-0.224366,0
12.4,4.4,0,2.66103,-0.215054,0
12.4,4.5,0,2.6592,-0.205743,0
12.4,4.6,0,2.65737,-0.1904,0
12.4,4.7,0,2.65574,-0.177392,0
12.4,4.8,0,2.65411,-0.164384,0
12.4,4.9,0,2.65239,-0.152024,0
12.4,5,0,2.64879,-0.143341,0
12.4,5.1,0,2.64394,-0.134793,0
12.4,5.2,0,2.63908,-0.126245,0
12.4,5.3,0,2.63622,-0.117415,0
12.4,5.4,0,2.63727,-0.106337,0
12.4,5.5,0,2.63832,-0.0952602,0
12.4,5.6,0,2.63896,-0.0829595,0
12.4,5.7,0,2.63997,-0.0714219,0
12.4,5.8,0,2.63907,-0.0609644,0
12.4,5.9,0,2.63816,-0.0505069,0
12.4,6,0,2.63545,-0.0407352,0
12.4,6.1,0,2.63434,-0.0300712,0
12.4,6.2,0,2.63323,-0.0194072,0
12.4,6.3,0,2.63214,-0.00841918,0
12.4,6.4,0,2.63382,0.00349243,0
12.4,6.5,0,2.63417,0.0141404,0
12.4,6.6,0,2.63453,0.0247883,0
12.4,6.7,0,2.63279,0.0349246,0
12.4,6.8,0,2.63208,0.0436242,0
12.4,6.9,0,2.63138,0.0523239,0
12.4,7,0,2.63131,0.0598401,0
12.4,7.1,0,2.63164,0.0771018,0
12.4,7.2,0,2.63204,0.0876346,0
12.4,7.3,0,2.63263,0.0980481,0
12.4,7.4,0,2.63347,0.108496,0
12.4,7.5,0,2.63455,0.118971,0
12.4,7.6,0,2.63585,0.12943,0
12.4,7.7,0,2.63736,0.13987,0
12.4,7.8,0,2.63904,0.150291,0
12.4,7.9,0,2.64093,0.160764,0
12.4,8,0,2.64425,0.174361,0
12.4,8.1,0,2.64166,0.183916,0
12.4,8.2,0,2.64322,0.193018,0
12.4,8.3,0,2.64483,0.203377,0
12.4,8.4,0,2.64745,0.213597,0
12.4,8.5,0,2.65085,0.223696,0
12.4,8.6,0,2.65417,0.233867,0
12.4,8.7,0,2.66012,0.243975,0
12.4,8.8,0,2.6605,0.254468,0
12.4,8.9,0,2.66376,0.264398,0
12.4,9,0,2.66839,0.274131,0
12.4,9.1,0,2.67285,0.284178,0
12.4,9.2,0,2.67773,0.294867,0
12.4,9.3,0,2.68285,0.30474,0
12.4,9.4,0,2.68864,0.314558,0
12.4,9.5,0,2.69467,0.32424,0
12.4,9.6,0,2.70045,0.334129,0
12.4,9.7,0,2.70707,0.344861,0
12.4,9.8,0,2.71299,0.354497,0
12.4,9.9,0,2.7201,0.3639,0
12.4,10,0,2.72615,0.373344,0
12.4,10.1,0,2.7322,0.382789,0
12.4,10.2,0,2.73925,0.393093,0
12.4,10.3,0,2.74579,0.402264,0
12.4,10.4,0,2.75339,0.411228,0
12.4,10.5,0,2.76009,0.4202,0
12.4,10.6,0,2.76691,0.43017,0
12.4,10.7,0,2.77445,0.438912,0
12.4,10.8,0,2.78199,0.447653,0
12.4,10.9,0,2.7905,0.456182,0
12.4,11,0,2.79805,0.46459,0
12.4,11.1,0,2.80557,0.473835,0
12.4,11.2,0,2.81392,0.482091,0
12.4,11.3,0,2.82265,0.490269,0
12.4,11.4,0,2.83191,0.498286,0
12.4,11.5,0,2.84072,0.506034,0
12.4,11.6,0,2.84936,0.514408,0
12.4,11.7,0,2.85824,0.521969,0
12.4,11.8,0,2.86793,0.529665,0
12.4,11.9,0,2.87803,0.536794,0
12.4,12,0,2.88715,0.543502,0
12.4,12.1,0,2.8973,0.55107,0
12.4,12.2,0,2.90612,0.557453,0
12.4,12.3,0,2.91634,0.564045,0
12.4,12.4,0,2.92839,0.570926,0
12.4,12.5,0,2.94093,0.578386,0
12.4,12.6,0,2.94922,0.582871,0
12.4,12.7,0,2.95532,0.585173,0
12.5,0,0,2.95196,-0.595231,0
12.5,0.1,0,2.95069,-0.59733,0
12.5,0.2,0,2.94291,-0.592788,0
12.5,0.3,0,2.9343,-0.587473,0
12.5,0.4,0,2.9141,-0.574566,0
12.5,0.5,0,2.90068,-0.566997,0
12.5,0.6,0,2.88744,-0.559374,0
12.5,0.7,0,2.87574,-0.549098,0
12.5,0.8,0,2.86582,-0.543727,0
12.5,0.9,0,2.85632,-0.536195,0
12.5,1,0,2.84694,-0.528377,0
12.5,1.1,0,2.84042,-0.518727,0
12.5,1.2,0,2.83076,-0.511401,0
12.5,1.3,0,2.82087,-0.50402,0
12.5,1.4,0,2.8082,-0.49417,0
12.5,1.5,0,2.7978,-0.48819,0
12.5,1.6,0,2.78984,-0.479572,0
12.5,1.7,0,2.78222,-0.470601,0
12.5,1.8,0,2.78322,-0.459143,0
12.5,1.9,0,2.77883,-0.451788,0
12.5,2,0,2.77399,-0.444446,0
12.5,2.1,0,2.76288,-0.435379,0
12.5,2.2,0,2.75996,-0.432442,0
12.5,2.3,0,2.7549,-0.423954,0
12.5,2.4,0,2.74947,-0.414718,0
12.5,2.5,0,2.74721,-0.39777,0
12.5,2.6,0,2.7426,-0.389314,0
12.5,2.7,0,2.73733,-0.38101,0
12.5,2.8,0,2.72315,-0.372134,0
12.5,2.9,0,2.71607,-0.367713,0
12.5,3,0,2.70951,-0.357763,0
12.5,3.1,0,2.70296,-0.347136,0
12.5,3.2,0,2.69782,-0.326239,0
12.5,3.3,0,2.69085,-0.315496,0
12.5,3.4,0,2.68371,-0.305211,0
12.5,3.5,0,2.67683,-0.299269,0
12.5,3.6,0,2.6707,-0.293995,0
12.5,3.7,0,2.66817,-0.283718,0
12.5,3.8,0,2.66616,-0.272905,0
12.5,3.9,0,2.67907,-0.253744,0
12.5,4,0,2.67636,-0.245743,0
12.5,4.1,0,2.6725,-0.238291,0
12.5,4.2,0,2.65712,-0.234118,0
12.5,4.3,0,2.65127,-0.233786,0
12.5,4.4,0,2.64943,-0.224474,0
12.5,4.5,0,2.6474,-0.214228,0
12.5,4.6,0,2.64541,-0.191714,0
12.5,4.7,0,2.64394,-0.178446,0
12.5,4.8,0,2.64231,-0.165438,0
12.5,4.9,0,2.64042,-0.154375,0
12.5,5,0,2.63935,-0.145422,0
12.5,5.1,0,2.6345,-0.136874,0
12.5,5.2,0,2.62957,-0.128277,0
12.5,5.3,0,2.62508,-0.121132,0
12.5,5.4,0,2.62592,-0.110384,0
12.5,5.5,0,2.62697,-0.0993065,0
12.5,5.6,0,2.6268,-0.0845587,0
12.5,5.7,0,2.63165,-0.070861,0
12.5,5.8,0,2.63074,-0.0604035,0
12.5,5.9,0,2.62935,-0.0501052,0
12.5,6,0,2.62371,-0.0416861,0
12.5,6.1,0,2.62261,-0.0310884,0
12.5,6.2,0,2.6215,-0.0204244,0
12.5,6.3,0,2.62045,-0.00878841,0
12.5,6.4,0,2.62476,0.00565053,0
12.5,6.5,0,2.62511,0.0162985,0
12.5,6.6,0,2.6251,0.026689,0
12.5,6.7,0,2.62067,0.0376181,0
12.5,6.8,0,2.61989,0.0467073,0
12.5,6.9,0,2.61918,0.055407,0
12.5,7,0,2.6204,0.0605563,0
12.5,7.1,0,2.62113,0.0782141,0
12.5,7.2,0,2.62172,0.0889568,0
12.5,7.3,0,2.62245,0.0995976,0
12.5,7.4,0,2.62339,0.110278,0
12.5,7.5,0,2.62453,0.120979,0
12.5,7.6,0,2.62586,0.13166,0
12.5,7.7,0,2.62739,0.142321,0
12.5,7.8,0,2.62911,0.152962,0
12.5,7.9,0,2.63102,0.163648,0
12.5,8,0,2.6343,0.177586,0
12.5,8.1,0,2.62341,0.188049,0
12.5,8.2,0,2.62568,0.19711,0
12.5,8.3,0,2.62529,0.208569,0
12.5,8.4,0,2.62792,0.218789,0
12.5,8.5,0,2.63494,0.228448,0
12.5,8.6,0,2.63575,0.238844,0
12.5,8.7,0,2.65049,0.248738,0
12.5,8.8,0,2.64153,0.260421,0
12.5,8.9,0,2.64479,0.27035,0
12.5,9,0,2.65075,0.279549,0
12.5,9.1,0,2.6552,0.289596,0
12.5,9.2,0,2.66417,0.301156,0
12.5,9.3,0,2.66573,0.31153,0
12.5,9.4,0,2.67848,0.320779,0
12.5,9.5,0,2.67952,0.330511,0
12.5,9.6,0,2.68529,0.3404,0
12.5,9.7,0,2.69345,0.353097,0
12.5,9.8,0,2.69937,0.362733,0
12.5,9.9,0,2.70926,0.371345,0
12.5,10,0,2.71486,0.38119,0
12.5,10.1,0,2.72146,0.390643,0
12.5,10.2,0,2.72912,0.403121,0
12.5,10.3,0,2.73566,0.412292,0
12.5,10.4,0,2.74521,0.421041,0
12.5,10.5,0,2.75192,0.430013,0
12.5,10.6,0,2.75661,0.439644,0
12.5,10.7,0,2.76626,0.450791,0
12.5,10.8,0,2.7722,0.458196,0
12.5,10.9,0,2.78425,0.46817,0
12.5,11,0,2.79179,0.476578,0
12.5,11.1,0,2.79855,0.48763,0
12.5,11.2,0,2.8069,0.495887,0
12.5,11.3,0,2.81252,0.501738,0
12.5,11.4,0,2.82645,0.512563,0
12.5,11.5,0,2.83318,0.519353,0
12.5,11.6,0,2.84349,0.530216,0
12.5,11.7,0,2.85236,0.537777,0
12.5,11.8,0,2.86272,0.546088,0
12.5,11.9,0,2.87281,0.553217,0
12.5,12,0,2.87833,0.557548,0
12.5,12.1,0,2.89289,0.569096,0
12.5,12.2,0,2.90058,0.574536,0
12.5,12.3,0,2.91021,0.581791,0
12.5,12.4,0,2.92225,0.588672,0
12.5,12.5,0,2.93798,0.598549,0
12.5,12.6,0,2.94671,0.603453,0
12.5,12.7,0,2.94841,0.601392,0
12.6,0,0,2.94444,-0.611218,0
12.6,0.1,0,2.94751,-0.617744,0
12.6,0.2,0,2.93972,-0.613202,0
12.6,0.3,0,2.92532,-0.602479,0
12.6,0.4,0,2.90513,-0.589571,0
12.6,0.5,0,2.89035,-0.582383,0
12.6,0.6,0,2.87712,-0.57476,0
12.6,0.7,0,2.86643,-0.562715,0
12.6,0.8,0,2.85625,-0.558785,0
12.6,0.9,0,2.84674,-0.551253,0
12.6,1,0,2.8382,-0.541431,0
12.6,1.1,0,2.83169,-0.531781,0
12.6,1.2,0,2.82352,-0.524843,0
12.6,1.3,0,2.81364,-0.517462,0
12.6,1.4,0,2.7991,-0.505967,0
12.6,1.5,0,2.78707,-0.501744,0
12.6,1.6,0,2.77911,-0.493126,0
12.6,1.7,0,2.77384,-0.481683,0
12.6,1.8,0,2.77484,-0.470224,0
12.6,1.9,0,2.77354,-0.462779,0
12.6,2,0,2.76871,-0.455437,0
12.6,2.1,0,2.75343,-0.445221,0
12.6,2.2,0,2.75193,-0.445985,0
12.6,2.3,0,2.74687,-0.437497,0
12.6,2.4,0,2.73889,-0.423022,0
12.6,2.5,0,2.73663,-0.406073,0
12.6,2.6,0,2.73672,-0.396555,0
12.6,2.7,0,2.73144,-0.388251,0
12.6,2.8,0,2.71133,-0.378994,0
12.6,2.9,0,2.70391,-0.378259,0
12.6,3,0,2.69735,-0.368309,0
12.6,3.1,0,2.69086,-0.35294,0
12.6,3.2,0,2.68572,-0.332043,0
12.6,3.3,0,2.67994,-0.318099,0
12.6,3.4,0,2.6728,-0.307814,0
12.6,3.5,0,2.66611,-0.304767,0
12.6,3.6,0,2.65758,-0.30283,0
12.6,3.7,0,2.65505,-0.292552,0
12.6,3.8,0,2.65676,-0.277994,0
12.6,3.9,0,2.66967,-0.258833,0
12.6,4,0,2.67512,-0.246991,0
12.6,4.1,0,2.67125,-0.239539,0
12.6,4.2,0,2.6482,-0.237552,0
12.6,4.3,0,2.63967,-0.243206,0
12.6,4.4,0,2.63783,-0.233894,0
12.6,4.5,0,2.63444,-0.217103,0
12.6,4.6,0,2.63245,-0.19459,0
12.6,4.7,0,2.63215,-0.1795,0
12.6,4.8,0,2.63052,-0.166492,0
12.6,4.9,0,2.62846,-0.156726,0
12.6,5,0,2.62991,-0.147503,0
12.6,5.1,0,2.62506,-0.138955,0
12.6,5.2,0,2.61962,-0.13002,0
12.6,5.3,0,2.61512,-0.122875,0
12.6,5.4,0,2.61458,-0.11443,0
12.6,5.5,0,2.61563,-0.103353,0
12.6,5.6,0,2.61464,-0.086158,0
12.6,5.7,0,2.62333,-0.0703002,0
12.6,5.8,0,2.62242,-0.0598427,0
12.6,5.9,0,2.61758,-0.0506589,0
12.6,6,0,2.61195,-0.0422398,0
12.6,6.1,0,2.61088,-0.0321056,0
12.6,6.2,0,2.60977,-0.0214416,0
12.6,6.3,0,2.60876,-0.00915764,0
12.6,6.4,0,2.6157,0.00780862,0
12.6,6.5,0,2.61605,0.0184566,0
12.6,6.6,0,2.61344,0.027045,0
12.6,6.7,0,2.609,0.0379741,0
12.6,6.8,0,2.60769,0.0497904,0
12.6,6.9,0,2.60698,0.05849,0
12.6,7,0,2.60948,0.0612725,0
12.6,7.1,0,2.61062,0.0793264,0
12.6,7.2,0,2.6114,0.090279,0
12.6,7.3,0,2.61227,0.101147,0
12.6,7.4,0,2.6133,0.11206,0
12.6,7.5,0,2.6145,0.122988,0
12.6,7.6,0,2.61587,0.13389,0
12.6,7.7,0,2.61743,0.144772,0
12.6,7.8,0,2.61917,0.155633,0
12.6,7.9,0,2.62112,0.166533,0
12.6,8,0,2.62435,0.180812,0
12.6,8.1,0,2.60516,0.192183,0
12.6,8.2,0,2.61581,0.20075,0
12.6,8.3,0,2.60575,0.213761,0
12.6,8.4,0,2.60838,0.223981,0
12.6,8.5,0,2.62529,0.232642,0
12.6,8.6,0,2.61732,0.243821,0
12.6,8.7,0,2.64087,0.253501,0
12.6,8.8,0,2.62257,0.266373,0
12.6,8.9,0,2.63413,0.275716,0
12.6,9,0,2.63371,0.284958,0
12.6,9.1,0,2.63756,0.295015,0
12.6,9.2,0,2.65435,0.306923,0
12.6,9.3,0,2.64861,0.31832,0
12.6,9.4,0,2.66831,0.326999,0
12.6,9.5,0,2.66436,0.336782,0
12.6,9.6,0,2.67331,0.346972,0
12.6,9.7,0,2.68069,0.360911,0
12.6,9.8,0,2.68575,0.370968,0
12.6,9.9,0,2.69862,0.378611,0
12.6,10,0,2.70357,0.389035,0
12.6,10.1,0,2.71078,0.398499,0
12.6,10.2,0,2.719,0.413149,0
12.6,10.3,0,2.72529,0.421611,0
12.6,10.4,0,2.73586,0.430247,0
12.6,10.5,0,2.74374,0.439826,0
12.6,10.6,0,2.74606,0.448831,0
12.6,10.7,0,2.75807,0.46267,0
12.6,10.8,0,2.76171,0.468143,0
12.6,10.9,0,2.77799,0.480157,0
12.6,11,0,2.78444,0.488202,0
12.6,11.1,0,2.78935,0.499302,0
12.6,11.2,0,2.79988,0.509682,0
12.6,11.3,0,2.80238,0.513207,0
12.6,11.4,0,2.82099,0.52684,0
12.6,11.5,0,2.82347,0.531671,0
12.6,11.6,0,2.83761,0.546023,0
12.6,11.7,0,2.84621,0.553383,0
12.6,11.8,0,2.85378,0.559575,0
12.6,11.9,0,2.8676,0.56964,0
12.6,12,0,2.86951,0.571595,0
12.6,12.1,0,2.88848,0.587123,0
12.6,12.2,0,2.89223,0.589281,0
12.6,12.3,0,2.90408,0.599538,0
12.6,12.4,0,2.91612,0.606419,0
12.6,12.5,0,2.93026,0.614196,0
12.6,12.6,0,2.94421,0.624036,0
12.6,12.7,0,2.9415,0.617611,0
12.7,0,0,2.93691,-0.627206,0
12.7,0.1,0,2.94091,-0.634681,0
12.7,0.2,0,2.93654,-0.633617,0
12.7,0.3,0,2.91635,-0.617485,0
12.7,0.4,0,2.89615,-0.604577,0
12.7,0.5,0,2.88003,-0.597769,0
12.7,0.6,0,2.8676,-0.588756,0
12.7,0.7,0,2.85713,-0.576333,0
12.7,0.8,0,2.84688,-0.572711,0
12.7,0.9,0,2.83717,-0.566312,0
12.7,1,0,2.82947,-0.554485,0
12.7,1.1,0,2.82295,-0.544835,0
12.7,1.2,0,2.81628,-0.538285,0
12.7,1.3,0,2.80494,-0.529611,0
12.7,1.4,0,2.78999,-0.517763,0
12.7,1.5,0,2.77762,-0.513917,0
12.7,1.6,0,2.76838,-0.506681,0
12.7,1.7,0,2.76546,-0.492764,0
12.7,1.8,0,2.76645,-0.481306,0
12.7,1.9,0,2.76826,-0.47377,0
12.7,2,0,2.76014,-0.465525,0
12.7,2.1,0,2.74397,-0.455062,0
12.7,2.2,0,2.74278,-0.45662,0
12.7,2.3,0,2.73884,-0.45104,0
12.7,2.4,0,2.72831,-0.431325,0
12.7,2.5,0,2.72605,-0.414377,0
12.7,2.6,0,2.73083,-0.403796,0
12.7,2.7,0,2.72089,-0.395192,0
12.7,2.8,0,2.69951,-0.385853,0
12.7,2.9,0,2.69201,-0.385908,0
12.7,3,0,2.68518,-0.378854,0
12.7,3.1,0,2.67876,-0.358745,0
12.7,3.2,0,2.67362,-0.337848,0
12.7,3.3,0,2.66904,-0.320702,0
12.7,3.4,0,2.66204,-0.312691,0
12.7,3.5,0,2.65538,-0.310264,0
12.7,3.6,0,2.64635,-0.309042,0
12.7,3.7,0,2.64193,-0.301386,0
12.7,3.8,0,2.64737,-0.283083,0
12.7,3.9,0,2.66027,-0.263922,0
12.7,4,0,2.67387,-0.248239,0
12.7,4.1,0,2.66397,-0.242504,0
12.7,4.2,0,2.63928,-0.240986,0
12.7,4.3,0,2.63017,-0.247922,0
12.7,4.4,0,2.62623,-0.243314,0
12.7,4.5,0,2.62148,-0.219979,0
12.7,4.6,0,2.61949,-0.197465,0
12.7,4.7,0,2.62036,-0.180554,0
12.7,4.8,0,2.61859,-0.168565,0
12.7,4.9,0,2.6165,-0.159077,0
12.7,5,0,2.61849,-0.149796,0
12.7,5.1,0,2.61562,-0.141036,0
12.7,5.2,0,2.60966,-0.131763,0
12.7,5.3,0,2.60517,-0.124617,0
12.7,5.4,0,2.60323,-0.118476,0
12.7,5.5,0,2.60364,-0.105476,0
12.7,5.6,0,2.60248,-0.0877572,0
12.7,5.7,0,2.61199,-0.0714365,0
12.7,5.8,0,2.6141,-0.0592818,0
12.7,5.9,0,2.60581,-0.0512125,0
12.7,6,0,2.60018,-0.0427934,0
12.7,6.1,0,2.59915,-0.0331228,0
12.7,6.2,0,2.59807,-0.0219497,0
12.7,6.3,0,2.59707,-0.00952687,0
12.7,6.4,0,2.60457,0.00798096,0
12.7,6.5,0,2.60699,0.0206147,0
12.7,6.6,0,2.60177,0.027401,0
12.7,6.7,0,2.59734,0.0383301,0
12.7,6.8,0,2.59549,0.0528735,0
12.7,6.9,0,2.59579,0.0597134,0
12.7,7,0,2.59857,0.0619886,0
12.7,7.1,0,2.60011,0.0804387,0
12.7,7.2,0,2.60108,0.0916012,0
12.7,7.3,0,2.60209,0.102697,0
12.7,7.4,0,2.60321,0.113842,0
12.7,7.5,0,2.60447,0.124996,0
12.7,7.6,0,2.60588,0.136119,0
12.7,7.7,0,2.60747,0.147223,0
12.7,7.8,0,2.60924,0.158304,0
12.7,7.9,0,2.61122,0.169417,0
12.7,8,0,2.61441,0.184038,0
12.7,8.1,0,2.58692,0.196316,0
12.7,8.2,0,2.60594,0.20439,0
12.7,8.3,0,2.59465,0.217599,0
12.7,8.4,0,2.59547,0.228504,0
12.7,8.5,0,2.61564,0.236836,0
12.7,8.6,0,2.5989,0.248798,0
12.7,8.7,0,2.63124,0.258264,0
12.7,8.8,0,2.60361,0.272326,0
12.7,8.9,0,2.62457,0.281004,0
12.7,9,0,2.62415,0.290246,0
12.7,9.1,0,2.62358,0.300596,0
12.7,9.2,0,2.64453,0.31269,0
12.7,9.3,0,2.63149,0.325111,0
12.7,9.4,0,2.65815,0.333219,0
12.7,9.5,0,2.64921,0.343053,0
12.7,9.6,0,2.66281,0.353685,0
12.7,9.7,0,2.67019,0.367625,0
12.7,9.8,0,2.67292,0.378946,0
12.7,9.9,0,2.68799,0.385877,0
12.7,10,0,2.69228,0.39688,0
12.7,10.1,0,2.7001,0.406355,0
12.7,10.2,0,2.70884,0.423038,0
12.7,10.3,0,2.71466,0.430157,0
12.7,10.4,0,2.72522,0.438793,0
12.7,10.5,0,2.73542,0.449599,0
12.7,10.6,0,2.73551,0.458018,0
12.7,10.7,0,2.74987,0.474549,0
12.7,10.8,0,2.75121,0.478089,0
12.7,10.9,0,2.77061,0.491601,0
12.7,11,0,2.77421,0.498879,0
12.7,11.1,0,2.77912,0.509979,0
12.7,11.2,0,2.79286,0.523478,0
12.7,11.3,0,2.79224,0.524676,0
12.7,11.4,0,2.81553,0.541117,0
12.7,11.5,0,2.81376,0.54399,0
12.7,11.6,0,2.82993,0.560198,0
12.7,11.7,0,2.83678,0.566481,0
12.7,11.8,0,2.84434,0.572673,0
12.7,11.9,0,2.86238,0.586062,0
12.7,12,0,2.86069,0.585642,0
12.7,12.1,0,2.88407,0.605149,0
12.7,12.2,0,2.88388,0.604025,0
12.7,12.3,0,2.89646,0.615272,0
12.7,12.4,0,2.9086,0.622334,0
12.7,12.5,0,2.92254,0.629843,0
12.7,12.6,0,2.9417,0.644619,0
12.7,12.7,0,2.93459,0.63383,0
12.8,0,0,2.92939,-0.643194,0
12.8,0.1,0,2.93339,-0.650668,0
12.8,0.2,0,2.93088,-0.651714,0
12.8,0.3,0,2.90737,-0.63249,0
12.8,0.4,0,2.88718,-0.619583,0
12.8,0.5,0,2.87029,-0.612991,0
12.8,0.6,0,2.8583,-0.602373,0
12.8,0.7,0,2.84783,-0.58995,0
12.8,0.8,0,2.83758,-0.586329,0
12.8,0.9,0,2.82795,-0.580511,0
12.8,1,0,2.82073,-0.567539,0
12.8,1.1,0,2.81422,-0.557889,0
12.8,1.2,0,2.80841,-0.551561,0
12.8,1.3,0,2.79584,-0.541407,0
12.8,1.4,0,2.78089,-0.52956,0
12.8,1.5,0,2.76852,-0.525714,0
12.8,1.6,0,2.75866,-0.519175,0
12.8,1.7,0,2.75707,-0.503846,0
12.8,1.8,0,2.75807,-0.492387,0
12.8,1.9,0,2.76165,-0.4848,0
12.8,2,0,2.75068,-0.475367,0
12.8,2.1,0,2.73451,-0.464904,0
12.8,2.2,0,2.73332,-0.466461,0
12.8,2.3,0,2.72972,-0.462337,0
12.8,2.4,0,2.71773,-0.439629,0
12.8,2.5,0,2.71547,-0.422681,0
12.8,2.6,0,2.72293,-0.411492,0
12.8,2.7,0,2.70907,-0.402052,0
12.8,2.8,0,2.68768,-0.392713,0
12.8,2.9,0,2.68019,-0.392768,0
12.8,3,0,2.67304,-0.387368,0
12.8,3.1,0,2.66666,-0.36455,0
12.8,3.2,0,2.66152,-0.343652,0
12.8,3.3,0,2.65762,-0.324677,0
12.8,3.4,0,2.65131,-0.318189,0
12.8,3.5,0,2.64466,-0.315762,0
12.8,3.6,0,2.63562,-0.31454,0
12.8,3.7,0,2.6304,-0.308615,0
12.8,3.8,0,2.63797,-0.288171,0
12.8,3.9,0,2.65088,-0.26901,0
12.8,4,0,2.66913,-0.251132,0
12.8,4.1,0,2.65505,-0.245938,0
12.8,4.2,0,2.63036,-0.24442,0
12.8,4.3,0,2.62125,-0.251356,0
12.8,4.4,0,2.61405,-0.249929,0
12.8,4.5,0,2.60852,-0.222854,0
12.8,4.6,0,2.60652,-0.200341,0
12.8,4.7,0,2.60807,-0.182389,0
12.8,4.8,0,2.60663,-0.170916,0
12.8,4.9,0,2.60453,-0.161428,0
12.8,5,0,2.60653,-0.152147,0
12.8,5.1,0,2.60596,-0.142972,0
12.8,5.2,0,2.59971,-0.133505,0
12.8,5.3,0,2.59522,-0.12636,0
12.8,5.4,0,2.59248,-0.121535,0
12.8,5.5,0,2.59148,-0.107076,0
12.8,5.6,0,2.59032,-0.0893565,0
12.8,5.7,0,2.59983,-0.0730358,0
12.8,5.8,0,2.6043,-0.0591986,0
12.8,5.9,0,2.59404,-0.0517661,0
12.8,6,0,2.58841,-0.043347,0
12.8,6.1,0,2.5874,-0.0339413,0
12.8,6.2,0,2.58638,-0.0223189,0
12.8,6.3,0,2.58538,-0.0098961,0
12.8,6.4,0,2.59288,0.00761173,0
12.8,6.5,0,2.59682,0.0220004,0
12.8,6.6,0,2.59011,0.0277571,0
12.8,6.7,0,2.58568,0.0386862,0
12.8,6.8,0,2.58352,0.0547878,0
12.8,6.9,0,2.58488,0.0604296,0
12.8,7,0,2.58766,0.0627048,0
12.8,7.1,0,2.5896,0.081551,0
12.8,7.2,0,2.59076,0.0929234,0
12.8,7.3,0,2.59191,0.104246,0
12.8,7.4,0,2.59313,0.115625,0
12.8,7.5,0,2.59444,0.127004,0
12.8,7.6,0,2.59589,0.138349,0
12.8,7.7,0,2.59751,0.149674,0
12.8,7.8,0,2.59931,0.160976,0
12.8,7.9,0,2.60132,0.172301,0
12.8,8,0,2.60446,0.187264,0
12.8,8.1,0,2.57247,0.200034,0
12.8,8.2,0,2.59607,0.20803,0
12.8,8.3,0,2.58478,0.221239,0
12.8,8.4,0,2.58582,0.232699,0
12.8,8.5,0,2.60599,0.24103,0
12.8,8.6,0,2.58272,0.25372,0
12.8,8.7,0,2.62161,0.263026,0
12.8,8.8,0,2.5908,0.277494,0
12.8,8.9,0,2.61501,0.286292,0
12.8,9,0,2.61459,0.295534,0
12.8,9.1,0,2.61376,0.306363,0
12.8,9.2,0,2.6347,0.318456,0
12.8,9.3,0,2.61473,0.331871,0
12.8,9.4,0,2.64798,0.339439,0
12.8,9.5,0,2.63835,0.34928,0
12.8,9.6,0,2.65231,0.360399,0
12.8,9.7,0,2.65969,0.374338,0
12.8,9.8,0,2.66228,0.386212,0
12.8,9.9,0,2.67735,0.393143,0
12.8,10,0,2.68099,0.404726,0
12.8,10.1,0,2.68943,0.414211,0
12.8,10.2,0,2.69816,0.430894,0
12.8,10.3,0,2.70402,0.438703,0
12.8,10.4,0,2.71459,0.447339,0
12.8,10.5,0,2.72487,0.458786,0
12.8,10.6,0,2.72497,0.467205,0
12.8,10.7,0,2.74168,0.486428,0
12.8,10.8,0,2.74072,0.488036,0
12.8,10.9,0,2.76011,0.501548,0
12.8,11,0,2.76398,0.509556,0
12.8,11.1,0,2.76889,0.520656,0
12.8,11.2,0,2.78316,0.535269,0
12.8,11.3,0,2.78211,0.536145,0
12.8,11.4,0,2.80982,0.555245,0
12.8,11.5,0,2.80405,0.556308,0
12.8,11.6,0,2.82022,0.572516,0
12.8,11.7,0,2.82735,0.579579,0
12.8,11.8,0,2.83491,0.585771,0
12.8,11.9,0,2.85479,0.600918,0
12.8,12,0,2.85186,0.599688,0
12.8,12.1,0,2.87853,0.622159,0
12.8,12.2,0,2.87552,0.618769,0
12.8,12.3,0,2.8881,0.630016,0
12.8,12.4,0,2.90088,0.637981,0
12.8,12.5,0,2.91482,0.64549,0
12.8,12.6,0,2.93718,0.663206,0
12.8,12.7,0,2.92768,0.650049,0
12.9,0,0,2.92187,-0.659181,0
12.9,0.1,0,2.92587,-0.666656,0
12.9,0.2,0,2.92159,-0.666403,0
12.9,0.3,0,2.8984,-0.647496,0
12.9,0.4,0,2.8782,-0.634589,0
12.9,0.5,0,2.86138,-0.627871,0
12.9,0.6,0,2.84899,-0.615991,0
12.9,0.7,0,2.83853,-0.603568,0
12.9,0.8,0,2.82828,-0.599946,0
12.9,0.9,0,2.81923,-0.593462,0
12.9,1,0,2.812,-0.580593,0
12.9,1.1,0,2.80549,-0.570943,0
12.9,1.2,0,2.79954,-0.564497,0
12.9,1.3,0,2.78674,-0.553204,0
12.9,1.4,0,2.77179,-0.541356,0
12.9,1.5,0,2.75942,-0.53751,0
12.9,1.6,0,2.75039,-0.530131,0
12.9,1.7,0,2.74869,-0.514927,0
12.9,1.8,0,2.74968,-0.503469,0
12.9,1.9,0,2.75297,-0.4958,0
12.9,2,0,2.74123,-0.485208,0
12.9,2.1,0,2.72505,-0.474745,0
12.9,2.2,0,2.72387,-0.476303,0
12.9,2.3,0,2.71904,-0.470377,0
12.9,2.4,0,2.70715,-0.447933,0
12.9,2.5,0,2.70488,-0.430985,0
12.9,2.6,0,2.71192,-0.419769,0
12.9,2.7,0,2.69724,-0.408911,0
12.9,2.8,0,2.67586,-0.399572,0
12.9,2.9,0,2.66836,-0.399627,0
12.9,3,0,2.66097,-0.392909,0
12.9,3.1,0,2.65457,-0.370354,0
12.9,3.2,0,2.64943,-0.349457,0
12.9,3.3,0,2.64553,-0.330688,0
12.9,3.4,0,2.64059,-0.323687,0
12.9,3.5,0,2.63393,-0.32126,0
12.9,3.6,0,2.62489,-0.320038,0
12.9,3.7,0,2.62118,-0.313465,0
12.9,3.8,0,2.62857,-0.29326,0
12.9,3.9,0,2.64148,-0.274099,0
12.9,4,0,2.65918,-0.256377,0
12.9,4.1,0,2.64613,-0.249372,0
12.9,4.2,0,2.62144,-0.247853,0
12.9,4.3,0,2.61233,-0.25479,0
12.9,4.4,0,2.60128,-0.252377,0
12.9,4.5,0,2.59556,-0.22573,0
12.9,4.6,0,2.59356,-0.203216,0
12.9,4.7,0,2.59509,-0.185357,0
12.9,4.8,0,2.59466,-0.173267,0
12.9,4.9,0,2.59257,-0.163779,0
12.9,5,0,2.59456,-0.154498,0
12.9,5.1,0,2.59583,-0.144734,0
12.9,5.2,0,2.58976,-0.135248,0
12.9,5.3,0,2.58527,-0.128103,0
12.9,5.4,0,2.58247,-0.123103,0
12.9,5.5,0,2.57932,-0.108675,0
12.9,5.6,0,2.57816,-0.0909557,0
12.9,5.7,0,2.58767,-0.074635,0
12.9,5.8,0,2.59225,-0.0599065,0
12.9,5.9,0,2.58227,-0.0523198,0
12.9,6,0,2.57664,-0.0439007,0
12.9,6.1,0,2.57564,-0.0344487,0
12.9,6.2,0,2.57469,-0.0226881,0
12.9,6.3,0,2.57369,-0.0102653,0
12.9,6.4,0,2.58119,0.0072425,0
12.9,6.5,0,2.58497,0.022176,0
12.9,6.6,0,2.57844,0.0281131,0
12.9,6.7,0,2.57401,0.0390422,0
12.9,6.8,0,2.57195,0.0549748,0
12.9,6.9,0,2.57397,0.0611458,0
12.9,7,0,2.57674,0.063421,0
12.9,7.1,0,2.57909,0.0826634,0
12.9,7.2,0,2.58044,0.0942456,0
12.9,7.3,0,2.58174,0.105796,0
12.9,7.4,0,2.58304,0.117407,0
12.9,7.5,0,2.58442,0.129013,0
12.9,7.6,0,2.5859,0.140579,0
12.9,7.7,0,2.58755,0.152125,0
12.9,7.8,0,2.58938,0.163647,0
12.9,7.9,0,2.59142,0.175185,0
12.9,8,0,2.59451,0.190489,0
12.9,8.1,0,2.56287,0.203239,0
12.9,8.2,0,2.5862,0.21167,0
12.9,8.3,0,2.57491,0.224879,0
12.9,8.4,0,2.57617,0.236893,0
12.9,8.5,0,2.59634,0.245225,0
12.9,8.6,0,2.57524,0.258291,0
12.9,8.7,0,2.61198,0.267789,0
12.9,8.8,0,2.58118,0.282257,0
12.9,8.9,0,2.60544,0.29158,0
12.9,9,0,2.60502,0.300822,0
12.9,9.1,0,2.60393,0.312129,0
12.9,9.2,0,2.62488,0.324223,0
12.9,9.3,0,2.60783,0.337634,0
12.9,9.4,0,2.63782,0.34566,0
12.9,9.5,0,2.62819,0.355501,0
12.9,9.6,0,2.64181,0.367112,0
12.9,9.7,0,2.64919,0.381051,0
12.9,9.8,0,2.65164,0.393479,0
12.9,9.9,0,2.66671,0.40041,0
12.9,10,0,2.67065,0.412204,0
12.9,10.1,0,2.67875,0.422067,0
12.9,10.2,0,2.68748,0.43875,0
12.9,10.3,0,2.69339,0.447249,0
12.9,10.4,0,2.70395,0.455885,0
12.9,10.5,0,2.71432,0.467973,0
12.9,10.6,0,2.71442,0.476392,0
12.9,10.7,0,2.72999,0.494762,0
12.9,10.8,0,2.73022,0.497982,0
12.9,10.9,0,2.74962,0.511494,0
12.9,11,0,2.75376,0.520233,0
12.9,11.1,0,2.75866,0.531333,0
12.9,11.2,0,2.77302,0.546738,0
12.9,11.3,0,2.77197,0.547615,0
12.9,11.4,0,2.79778,0.565839,0
12.9,11.5,0,2.79434,0.568626,0
12.9,11.6,0,2.81051,0.584835,0
12.9,11.7,0,2.81791,0.592677,0
12.9,11.8,0,2.82547,0.598869,0
12.9,11.9,0,2.84596,0.614965,0
12.9,12,0,2.84304,0.613735,0
12.9,12.1,0,2.86874,0.635403,0
12.9,12.2,0,2.86717,0.633513,0
12.9,12.3,0,2.87975,0.64476,0
12.9,12.4,0,2.89316,0.653628,0
12.9,12.5,0,2.90709,0.661137,0
12.9,12.6,0,2.93004,0.679215,0
12.9,12.7,0,2.92077,0.666268,0
13,0,0,2.91434,-0.675169,0
13,0.1,0,2.91834,-0.682643,0
13,0.2,0,2.90828,-0.676982,0
13,0.3,0,2.88943,-0.662502,0
13,0.4,0,2.86923,-0.649594,0
13,0.5,0,2.85343,-0.641108,0
13,0.6,0,2.83969,-0.629608,0
13,0.7,0,2.82922,-0.617185,0
13,0.8,0,2.81897,-0.613564,0
13,0.9,0,2.81077,-0.605075,0
13,1,0,2.80327,-0.593647,0
13,1.1,0,2.79675,-0.583997,0
13,1.2,0,2.78894,-0.575906,0
13,1.3,0,2.77764,-0.565,0
13,1.4,0,2.76269,-0.553152,0
13,1.5,0,2.75032,-0.549306,0
13,1.6,0,2.74364,-0.539455,0
13,1.7,0,2.7403,-0.526008,0
13,1.8,0,2.7413,-0.51455,0
13,1.9,0,2.74041,-0.505731,0
13,2,0,2.73177,-0.49505,0
13,2.1,0,2.71559,-0.484587,0
13,2.2,0,2.71441,-0.486145,0
13,2.3,0,2.70703,-0.474979,0
13,2.4,0,2.69657,-0.456237,0
13,2.5,0,2.6943,-0.439289,0
13,2.6,0,2.69541,-0.427691,0
13,2.7,0,2.68542,-0.415771,0
13,2.8,0,2.66404,-0.406432,0
13,2.9,0,2.65654,-0.406487,0
13,3,0,2.64921,-0.395028,0
13,3.1,0,2.64247,-0.376159,0
13,3.2,0,2.63733,-0.355262,0
13,3.3,0,2.63362,-0.339388,0
13,3.4,0,2.62986,-0.329185,0
13,3.5,0,2.62321,-0.326758,0
13,3.6,0,2.61417,-0.325536,0
13,3.7,0,2.61417,-0.315218,0
13,3.8,0,2.61917,-0.298349,0
13,3.9,0,2.63208,-0.279188,0
13,4,0,2.64211,-0.263652,0
13,4.1,0,2.63721,-0.252806,0
13,4.2,0,2.61252,-0.251287,0
13,4.3,0,2.60341,-0.258224,0
13,4.4,0,2.591,-0.249267,0
13,4.5,0,2.58259,-0.228605,0
13,4.6,0,2.5806,-0.206092,0
13,4.7,0,2.58196,-0.18953,0
13,4.8,0,2.5827,-0.175618,0
13,4.9,0,2.5806,-0.16613,0
13,5,0,2.5826,-0.156849,0
13,5.1,0,2.58335,-0.146746,0
13,5.2,0,2.57981,-0.136991,0
13,5.3,0,2.57532,-0.129845,0
13,5.4,0,2.57171,-0.122399,0
13,5.5,0,2.56716,-0.110274,0
13,5.6,0,2.56601,-0.092555,0
13,5.7,0,2.57551,-0.0762343,0
13,5.8,0,2.57665,-0.0626202,0
13,5.9,0,2.5705,-0.0528734,0
13,6,0,2.56487,-0.0444543,0
13,6.1,0,2.56391,-0.0343543,0
13,6.2,0,2.563,-0.0230574,0
13,6.3,0,2.562,-0.0106346,0
13,6.4,0,2.5695,0.00687327,0
13,6.5,0,2.57067,0.0200047,0
13,6.6,0,2.56678,0.0284691,0
13,6.7,0,2.56235,0.0393982,0
13,6.8,0,2.56157,0.0529639,0
13,6.9,0,2.56305,0.061862,0
13,7,0,2.56583,0.0641372,0
13,7.1,0,2.56858,0.0837757,0
13,7.2,0,2.57012,0.0955678,0
13,7.3,0,2.57156,0.107345,0
13,7.4,0,2.57296,0.119189,0
13,7.5,0,2.57439,0.131021,0
13,7.6,0,2.57591,0.142808,0
13,7.7,0,2.57758,0.154576,0
13,7.8,0,2.57944,0.166318,0
13,7.9,0,2.58152,0.178069,0
13,8,0,2.58456,0.193715,0
13,8.1,0,2.5613,0.205971,0
13,8.2,0,2.57633,0.21531,0
13,8.3,0,2.56504,0.228519,0
13,8.4,0,2.56652,0.241087,0
13,8.5,0,2.58669,0.249419,0
13,8.6,0,2.57438,0.262271,0
13,8.7,0,2.60236,0.272552,0
13,8.8,0,2.57945,0.286461,0
13,8.9,0,2.59588,0.296868,0
13,9,0,2.59546,0.30611,0
13,9.1,0,2.59437,0.317892,0
13,9.2,0,2.61505,0.32999,0
13,9.3,0,2.60496,0.34283,0
13,9.4,0,2.62765,0.35188,0
13,9.5,0,2.62099,0.362003,0
13,9.6,0,2.63131,0.373826,0
13,9.7,0,2.63869,0.387765,0
13,9.8,0,2.64174,0.400389,0
13,9.9,0,2.65607,0.407676,0
13,10,0,2.66062,0.419481,0
13,10.1,0,2.66807,0.429922,0
13,10.2,0,2.67658,0.445959,0
13,10.3,0,2.68275,0.455795,0
13,10.4,0,2.69332,0.464431,0
13,10.5,0,2.70269,0.476608,0
13,10.6,0,2.70387,0.485579,0
13,10.7,0,2.71713,0.502016,0
13,10.8,0,2.71972,0.507929,0
13,10.9,0,2.73819,0.521134,0
13,11,0,2.74353,0.53091,0
13,11.1,0,2.74844,0.54201,0
13,11.2,0,2.76084,0.556217,0
13,11.3,0,2.76183,0.559084,0
13,11.4,0,2.7834,0.57535,0
13,11.5,0,2.78463,0.580945,0
13,11.6,0,2.80069,0.597067,0
13,11.7,0,2.80848,0.605775,0
13,11.8,0,2.81604,0.611967,0
13,11.9,0,2.8336,0.626217,0
13,12,0,2.83422,0.627782,0
13,12.1,0,2.85598,0.646167,0
13,12.2,0,2.85882,0.648257,0
13,12.3,0,2.8714,0.659504,0
13,12.4,0,2.88544,0.669274,0
13,12.5,0,2.89937,0.676783,0
13,12.6,0,2.91792,0.690498,0
13,12.7,0,2.91386,0.682487,0
13.1,0,0,2.90682,-0.691156,0
13.1,0.1,0,2.90668,-0.694767,0
13.1,0.2,0,2.89496,-0.68756,0
13.1,0.3,0,2.88045,-0.677507,0
13.1,0.4,0,2.86025,-0.6646,0
13.1,0.5,0,2.84547,-0.654345,0
13.1,0.6,0,2.83135,-0.642954,0
13.1,0.7,0,2.81992,-0.630802,0
13.1,0.8,0,2.81027,-0.62575,0
13.1,0.9,0,2.80231,-0.616689,0
13.1,1,0,2.79453,-0.606701,0
13.1,1.1,0,2.78802,-0.597051,0
13.1,1.2,0,2.77834,-0.587314,0
13.1,1.3,0,2.76746,-0.576519,0
13.1,1.4,0,2.75359,-0.564949,0
13.1,1.5,0,2.74289,-0.559336,0
13.1,1.6,0,2.73688,-0.548778,0
13.1,1.7,0,2.73192,-0.53709,0
13.1,1.8,0,2.73292,-0.525631,0
13.1,1.9,0,2.72785,-0.515663,0
13.1,2,0,2.72009,-0.504956,0
13.1,2.1,0,2.70613,-0.494429,0
13.1,2.2,0,2.70313,-0.492244,0
13.1,2.3,0,2.69502,-0.479582,0
13.1,2.4,0,2.68599,-0.464541,0
13.1,2.5,0,2.68372,-0.447592,0
13.1,2.6,0,2.67889,-0.435614,0
13.1,2.7,0,2.67024,-0.42339,0
13.1,2.8,0,2.65221,-0.413291,0
13.1,2.9,0,2.64477,-0.40996,0
13.1,3,0,2.63746,-0.397146,0
13.1,3.1,0,2.63037,-0.381963,0
13.1,3.2,0,2.62523,-0.361066,0
13.1,3.3,0,2.6217,-0.348087,0
13.1,3.4,0,2.61828,-0.33697,0
13.1,3.5,0,2.61248,-0.332256,0
13.1,3.6,0,2.6061,-0.328358,0
13.1,3.7,0,2.60717,-0.31697,0
13.1,3.8,0,2.60978,-0.303438,0
13.1,3.9,0,2.62269,-0.284277,0
13.1,4,0,2.62504,-0.270927,0
13.1,4.1,0,2.62247,-0.258983,0
13.1,4.2,0,2.6036,-0.254721,0
13.1,4.3,0,2.59352,-0.256983,0
13.1,4.4,0,2.58071,-0.246156,0
13.1,4.5,0,2.56963,-0.231481,0
13.1,4.6,0,2.56764,-0.208967,0
13.1,4.7,0,2.56882,-0.193702,0
13.1,4.8,0,2.5699,-0.17927,0
13.1,4.9,0,2.56864,-0.168481,0
13.1,5,0,2.57027,-0.158959,0
13.1,5.1,0,2.57087,-0.148759,0
13.1,5.2,0,2.56986,-0.138733,0
13.1,5.3,0,2.56537,-0.131588,0
13.1,5.4,0,2.56095,-0.121695,0
13.1,5.5,0,2.556,-0.110228,0
13.1,5.6,0,2.55385,-0.0941542,0
13.1,5.7,0,2.56089,-0.0786296,0
13.1,5.8,0,2.56104,-0.065334,0
13.1,5.9,0,2.55873,-0.053427,0
13.1,6,0,2.5531,-0.0450079,0
13.1,6.1,0,2.55218,-0.03426,0
13.1,6.2,0,2.55128,-0.0230955,0
13.1,6.3,0,2.55031,-0.0110038,0
13.1,6.4,0,2.55595,0.00521685,0
13.1,6.5,0,2.55638,0.0178334,0
13.1,6.6,0,2.55512,0.0288252,0
13.1,6.7,0,2.55068,0.0397543,0
13.1,6.8,0,2.55119,0.050953,0
13.1,6.9,0,2.55252,0.0606303,0
13.1,7,0,2.55491,0.0648534,0
13.1,7.1,0,2.55807,0.084888,0
13.1,7.2,0,2.5598,0.09689,0
13.1,7.3,0,2.56138,0.108895,0
13.1,7.4,0,2.56287,0.120971,0
13.1,7.5,0,2.56436,0.13303,0
13.1,7.6,0,2.56592,0.145038,0
13.1,7.7,0,2.56762,0.157027,0
13.1,7.8,0,2.56951,0.168989,0
13.1,7.9,0,2.57161,0.180953,0
13.1,8,0,2.57461,0.196941,0
13.1,8.1,0,2.55973,0.208704,0
13.1,8.2,0,2.56646,0.21895,0
13.1,8.3,0,2.56137,0.231533,0
13.1,8.4,0,2.56489,0.243994,0
13.1,8.5,0,2.57704,0.253613,0
13.1,8.6,0,2.57353,0.266252,0
13.1,8.7,0,2.59273,0.277315,0
13.1,8.8,0,2.57922,0.290559,0
13.1,8.9,0,2.58632,0.302156,0
13.1,9,0,2.58922,0.311546,0
13.1,9.1,0,2.59262,0.323528,0
13.1,9.2,0,2.60523,0.335756,0
13.1,9.3,0,2.60209,0.348027,0
13.1,9.4,0,2.61749,0.3581,0
13.1,9.5,0,2.61548,0.368666,0
13.1,9.6,0,2.62081,0.380539,0
13.1,9.7,0,2.62886,0.394262,0
13.1,9.8,0,2.63422,0.406133,0
13.1,9.9,0,2.64544,0.414942,0
13.1,10,0,2.6506,0.426758,0
13.1,10.1,0,2.65739,0.437778,0
13.1,10.2,0,2.6654,0.452333,0
13.1,10.3,0,2.67211,0.464295,0
13.1,10.4,0,2.68263,0.472964,0
13.1,10.5,0,2.68969,0.484528,0
13.1,10.6,0,2.69332,0.494767,0
13.1,10.7,0,2.70428,0.509271,0
13.1,10.8,0,2.70923,0.517875,0
13.1,10.9,0,2.72372,0.52977,0
13.1,11,0,2.73235,0.541132,0
13.1,11.1,0,2.73821,0.552687,0
13.1,11.2,0,2.74749,0.564567,0
13.1,11.3,0,2.7517,0.570553,0
13.1,11.4,0,2.76901,0.58486,0
13.1,11.5,0,2.77492,0.593263,0
13.1,11.6,0,2.78743,0.606675,0
13.1,11.7,0,2.79741,0.617389,0
13.1,11.8,0,2.80661,0.625065,0
13.1,11.9,0,2.82056,0.636939,0
13.1,12,0,2.8254,0.641828,0
13.1,12.1,0,2.84321,0.656932,0
13.1,12.2,0,2.85046,0.663001,0
13.1,12.3,0,2.86173,0.672506,0
13.1,12.4,0,2.87633,0.683037,0
13.1,12.5,0,2.89165,0.69243,0
13.1,12.6,0,2.9058,0.701781,0
13.1,12.7,0,2.90695,0.698706,0
13.2,0,0,2.8993,-0.707144,0
13.2,0.1,0,2.89337,-0.705346,0
13.2,0.2,0,2.88165,-0.698139,0
13.2,0.3,0,2.86993,-0.690932,0
13.2,0.4,0,2.85164,-0.678974,0
13.2,0.5,0,2.83752,-0.667583,0
13.2,0.6,0,2.82339,-0.656191,0
13.2,0.7,0,2.81062,-0.64442,0
13.2,0.8,0,2.80181,-0.637363,0
13.2,0.9,0,2.79385,-0.628302,0
13.2,1,0,2.78589,-0.619241,0
13.2,1.1,0,2.77862,-0.609518,0
13.2,1.2,0,2.76774,-0.598723,0
13.2,1.3,0,2.75687,-0.587928,0
13.2,1.4,0,2.74449,-0.576745,0
13.2,1.5,0,2.73614,-0.56866,0
13.2,1.6,0,2.73013,-0.558102,0
13.2,1.7,0,2.72412,-0.547543,0
13.2,1.8,0,2.72304,-0.536302,0
13.2,1.9,0,2.71529,-0.525595,0
13.2,2,0,2.70753,-0.514887,0
13.2,2.1,0,2.69668,-0.50427,0
13.2,2.2,0,2.69112,-0.496847,0
13.2,2.3,0,2.68301,-0.484185,0
13.2,2.4,0,2.6749,-0.471523,0
13.2,2.5,0,2.67102,-0.45576,0
13.2,2.6,0,2.66238,-0.443536,0
13.2,2.7,0,2.65373,-0.431312,0
13.2,2.8,0,2.64039,-0.420151,0
13.2,2.9,0,2.63301,-0.412078,0
13.2,3,0,2.6257,-0.399265,0
13.2,3.1,0,2.61839,-0.386451,0
13.2,3.2,0,2.61319,-0.367905,0
13.2,3.3,0,2.60978,-0.356787,0
13.2,3.4,0,2.60637,-0.345669,0
13.2,3.5,0,2.60176,-0.337753,0
13.2,3.6,0,2.5991,-0.330111,0
13.2,3.7,0,2.60017,-0.318723,0
13.2,3.8,0,2.60124,-0.307335,0
13.2,3.9,0,2.61055,-0.290146,0
13.2,4,0,2.60798,-0.278202,0
13.2,4.1,0,2.6054,-0.266258,0
13.2,4.2,0,2.59468,-0.258155,0
13.2,4.3,0,2.58324,-0.253872,0
13.2,4.4,0,2.57043,-0.243045,0
13.2,4.5,0,2.55763,-0.232218,0
13.2,4.6,0,2.55461,-0.212306,0
13.2,4.7,0,2.55569,-0.197874,0
13.2,4.8,0,2.55677,-0.183443,0
13.2,4.9,0,2.55667,-0.170832,0
13.2,5,0,2.55779,-0.160971,0
13.2,5.1,0,2.5584,-0.150772,0
13.2,5.2,0,2.55901,-0.140572,0
13.2,5.3,0,2.55513,-0.132457,0
13.2,5.4,0,2.55018,-0.12099,0
13.2,5.5,0,2.54524,-0.109524,0
13.2,5.6,0,2.54169,-0.0957535,0
13.2,5.7,0,2.54529,-0.0813434,0
13.2,5.8,0,2.54544,-0.0680477,0
13.2,5.9,0,2.54559,-0.0547521,0
13.2,6,0,2.54135,-0.0453301,0
13.2,6.1,0,2.54045,-0.0341656,0
13.2,6.2,0,2.53956,-0.0230011,0
13.2,6.3,0,2.53862,-0.011373,0
13.2,6.4,0,2.54166,0.00304555,0
13.2,6.5,0,2.54208,0.0156621,0
13.2,6.6,0,2.54251,0.0282786,0
13.2,6.7,0,2.53948,0.039265,0
13.2,6.8,0,2.54081,0.0489422,0
13.2,6.9,0,2.54214,0.0586194,0
13.2,7,0,2.544,0.0655696,0
13.2,7.1,0,2.54756,0.0860003,0
13.2,7.2,0,2.54948,0.0982122,0
13.2,7.3,0,2.5512,0.110444,0
13.2,7.4,0,2.55278,0.122754,0
13.2,7.5,0,2.55433,0.135038,0
13.2,7.6,0,2.55593,0.147268,0
13.2,7.7,0,2.55766,0.159478,0
13.2,7.8,0,2.55958,0.171661,0
13.2,7.9,0,2.56171,0.183838,0
13.2,8,0,2.56467,0.200167,0
13.2,8.1,0,2.55816,0.211437,0
13.2,8.2,0,2.56003,0.222214,0
13.2,8.3,0,2.56139,0.234175,0
13.2,8.4,0,2.5649,0.246636,0
13.2,8.5,0,2.56926,0.257762,0
13.2,8.6,0,2.57268,0.270232,0
13.2,8.7,0,2.5831,0.282078,0
13.2,8.8,0,2.57899,0.294658,0
13.2,8.9,0,2.58251,0.30671,0
13.2,9,0,2.58748,0.317182,0
13.2,9.1,0,2.59087,0.329164,0
13.2,9.2,0,2.59548,0.341517,0
13.2,9.3,0,2.59923,0.353224,0
13.2,9.4,0,2.60732,0.36432,0
13.2,9.5,0,2.60998,0.375329,0
13.2,9.6,0,2.6144,0.387211,0
13.2,9.7,0,2.62134,0.400006,0
13.2,9.8,0,2.62671,0.411877,0
13.2,9.9,0,2.6348,0.422208,0
13.2,10,0,2.64057,0.434034,0
13.2,10.1,0,2.64672,0.445634,0
13.2,10.2,0,2.65421,0.458707,0
13.2,10.3,0,2.66092,0.470668,0
13.2,10.4,0,2.66962,0.480884,0
13.2,10.5,0,2.67668,0.492448,0
13.2,10.6,0,2.68277,0.503954,0
13.2,10.7,0,2.69143,0.516526,0
13.2,10.8,0,2.69873,0.527822,0
13.2,10.9,0,2.70925,0.538407,0
13.2,11,0,2.71788,0.549768,0
13.2,11.1,0,2.72543,0.561459,0
13.2,11.2,0,2.73415,0.572918,0
13.2,11.3,0,2.74156,0.582022,0
13.2,11.4,0,2.75462,0.59437,0
13.2,11.5,0,2.76516,0.605552,0
13.2,11.6,0,2.77416,0.616284,0
13.2,11.7,0,2.78415,0.626997,0
13.2,11.8,0,2.79495,0.636697,0
13.2,11.9,0,2.80752,0.647661,0
13.2,12,0,2.81657,0.655875,0
13.2,12.1,0,2.83045,0.667696,0
13.2,12.2,0,2.84117,0.676898,0
13.2,12.3,0,2.85179,0.685151,0
13.2,12.4,0,2.86638,0.695681,0
13.2,12.5,0,2.88211,0.706267,0
13.2,12.6,0,2.89368,0.713064,0
13.2,12.7,0,2.90004,0.714925,0
13.3,0,0,2.89177,-0.723132,0
13.3,0.1,0,2.88005,-0.715925,0
13.3,0.2,0,2.86833,-0.708718,0
13.3,0.3,0,2.85661,-0.701511,0
13.3,0.4,0,2.84369,-0.692211,0
13.3,0.5,0,2.82956,-0.68082,0
13.3,0.6,0,2.81544,-0.669429,0
13.3,0.7,0,2.80131,-0.658037,0
13.3,0.8,0,2.79335,-0.648976,0
13.3,0.9,0,2.78539,-0.639915,0
13.3,1,0,2.77743,-0.630854,0
13.3,1.1,0,2.76802,-0.620926,0
13.3,1.2,0,2.75714,-0.610131,0
13.3,1.3,0,2.74627,-0.599337,0
13.3,1.4,0,2.73539,-0.588542,0
13.3,1.5,0,2.72938,-0.577983,0
13.3,1.6,0,2.72337,-0.567425,0
13.3,1.7,0,2.71736,-0.556867,0
13.3,1.8,0,2.71048,-0.546234,0
13.3,1.9,0,2.70273,-0.535526,0
13.3,2,0,2.69497,-0.524819,0
13.3,2.1,0,2.68722,-0.514112,0
13.3,2.2,0,2.67911,-0.50145,0
13.3,2.3,0,2.671,-0.488788,0
13.3,2.4,0,2.66289,-0.476126,0
13.3,2.5,0,2.65451,-0.463682,0
13.3,2.6,0,2.64586,-0.451458,0
13.3,2.7,0,2.63721,-0.439234,0
13.3,2.8,0,2.62856,-0.42701,0
13.3,2.9,0,2.62126,-0.414197,0
13.3,3,0,2.61395,-0.401383,0
13.3,3.1,0,2.60664,-0.38857,0
13.3,3.2,0,2.60128,-0.376604,0
13.3,3.3,0,2.59786,-0.365487,0
13.3,3.4,0,2.59445,-0.354369,0
13.3,3.5,0,2.59103,-0.343251,0
13.3,3.6,0,2.5921,-0.331863,0
13.3,3.7,0,2.59317,-0.320475,0
13.3,3.8,0,2.59423,-0.309087,0
13.3,3.9,0,2.59348,-0.297421,0
13.3,4,0,2.59091,-0.285477,0
13.3,4.1,0,2.58833,-0.273533,0
13.3,4.2,0,2.58576,-0.261589,0
13.3,4.3,0,2.57295,-0.250762,0
13.3,4.4,0,2.56015,-0.239935,0
13.3,4.5,0,2.54734,-0.229108,0
13.3,4.6,0,2.54148,-0.216478,0
13.3,4.7,0,2.54256,-0.202047,0
13.3,4.8,0,2.54363,-0.187615,0
13.3,4.9,0,2.54471,-0.173183,0
13.3,5,0,2.54532,-0.162984,0
13.3,5.1,0,2.54592,-0.152785,0
13.3,5.2,0,2.54653,-0.142585,0
13.3,5.3,0,2.54436,-0.131752,0
13.3,5.4,0,2.53942,-0.120286,0
13.3,5.5,0,2.53447,-0.108819,0
13.3,5.6,0,2.52953,-0.0973527,0
13.3,5.7,0,2.52968,-0.0840571,0
13.3,5.8,0,2.52983,-0.0707615,0
13.3,5.9,0,2.52999,-0.0574659,0
13.3,6,0,2.52962,-0.0452358,0
13.3,6.1,0,2.52872,-0.0340713,0
13.3,6.2,0,2.52783,-0.0229068,0
13.3,6.3,0,2.52693,-0.0117423,0
13.3,6.4,0,2.52736,0.000874255,0
13.3,6.5,0,2.52779,0.0134908,0
13.3,6.6,0,2.52822,0.0261073,0
13.3,6.7,0,2.5291,0.0372541,0
13.3,6.8,0,2.53043,0.0469313,0
13.3,6.9,0,2.53175,0.0566085,0
13.3,7,0,2.53308,0.0662858,0
13.3,7.1,0,2.53705,0.0871126,0
13.3,7.2,0,2.53916,0.0995344,0
13.3,7.3,0,2.54102,0.111993,0
13.3,7.4,0,2.5427,0.124536,0
13.3,7.5,0,2.54431,0.137047,0
13.3,7.6,0,2.54594,0.149498,0
13.3,7.7,0,2.5477,0.16193,0
13.3,7.8,0,2.54964,0.174332,0
13.3,7.9,0,2.55181,0.186722,0
13.3,8,0,2.55472,0.203393,0
13.3,8.1,0,2.55659,0.214169,0
13.3,8.2,0,2.55846,0.224946,0
13.3,8.3,0,2.5614,0.236818,0
13.3,8.4,0,2.56492,0.249278,0
13.3,8.5,0,2.56841,0.261742,0
13.3,8.6,0,2.57183,0.274212,0
13.3,8.7,0,2.57525,0.286682,0
13.3,8.8,0,2.57876,0.298756,0
13.3,8.9,0,2.58229,0.310808,0
13.3,9,0,2.58573,0.322818,0
13.3,9.1,0,2.58912,0.3348,0
13.3,9.2,0,2.59261,0.346714,0
13.3,9.3,0,2.59636,0.35842,0
13.3,9.4,0,2.60011,0.370127,0
13.3,9.5,0,2.60447,0.381992,0
13.3,9.6,0,2.60889,0.393874,0
13.3,9.7,0,2.61383,0.40575,0
13.3,9.8,0,2.61919,0.417621,0
13.3,9.9,0,2.62466,0.429483,0
13.3,10,0,2.63054,0.441311,0
13.3,10.1,0,2.63643,0.453139,0
13.3,10.2,0,2.64302,0.46508,0
13.3,10.3,0,2.64973,0.477042,0
13.3,10.4,0,2.65661,0.488805,0
13.3,10.5,0,2.66367,0.500368,0
13.3,10.6,0,2.67082,0.511969,0
13.3,10.7,0,2.67858,0.52378,0
13.3,10.8,0,2.68633,0.535592,0
13.3,10.9,0,2.69478,0.547043,0
13.3,11,0,2.70342,0.558404,0
13.3,11.1,0,2.71209,0.569809,0
13.3,11.2,0,2.72081,0.581268,0
13.3,11.3,0,2.72971,0.592699,0
13.3,11.4,0,2.74024,0.603881,0
13.3,11.5,0,2.75077,0.615062,0
13.3,11.6,0,2.76089,0.625893,0
13.3,11.7,0,2.77088,0.636606,0
13.3,11.8,0,2.78191,0.647419,0
13.3,11.9,0,2.79448,0.658383,0
13.3,12,0,2.80695,0.669258,0
13.3,12.1,0,2.81768,0.67846,0
13.3,12.2,0,2.82841,0.687663,0
13.3,12.3,0,2.84184,0.697795,0
13.3,12.4,0,2.85644,0.708326,0
13.3,12.5,0,2.86998,0.71755,0
13.3,12.6,0,2.88156,0.724347,0
13.3,12.7,0,2.89313,0.731144,0
13.4,0,0,2.88228,-0.739773,0
13.4,0.1,0,2.87538,-0.731814,0
13.4,0.2,0,2.86365,-0.724607,0
13.4,0.3,0,2.85193,-0.7174,0
13.4,0.4,0,2.82887,-0.703221,0
13.4,0.5,0,2.81474,-0.69183,0
13.4,0.6,0,2.80062,-0.680439,0
13.4,0.7,0,2.79096,-0.672241,0
13.4,0.8,0,2.78722,-0.6611,0
13.4,0.9,0,2.77926,-0.652039,0
13.4,1,0,2.7713,-0.642978,0
13.4,1.1,0,2.75724,-0.633102,0
13.4,1.2,0,2.74637,-0.622308,0
13.4,1.3,0,2.73549,-0.611513,0
13.4,1.4,0,2.72356,-0.599774,0
13.4,1.5,0,2.71921,-0.586365,0
13.4,1.6,0,2.7132,-0.575807,0
13.4,1.7,0,2.7072,-0.565248,0
13.4,1.8,0,2.70262,-0.557217,0
13.4,1.9,0,2.69486,-0.54651,0
13.4,2,0,2.68711,-0.535802,0
13.4,2.1,0,2.67312,-0.522351,0
13.4,2.2,0,2.66266,-0.506441,0
13.4,2.3,0,2.65455,-0.493779,0
13.4,2.4,0,2.64644,-0.481117,0
13.4,2.5,0,2.64282,-0.470893,0
13.4,2.6,0,2.63417,-0.458669,0
13.4,2.7,0,2.62553,-0.446445,0
13.4,2.8,0,2.61544,-0.434189,0
13.4,2.9,0,2.60368,-0.417461,0
13.4,3,0,2.59638,-0.404648,0
13.4,3.1,0,2.58907,-0.391834,0
13.4,3.2,0,2.5923,-0.382909,0
13.4,3.3,0,2.58889,-0.371791,0
13.4,3.4,0,2.58547,-0.360673,0
13.4,3.5,0,2.57968,-0.349849,0
13.4,3.6,0,2.57885,-0.33621,0
13.4,3.7,0,2.57992,-0.324822,0
13.4,3.8,0,2.58098,-0.313434,0
13.4,3.9,0,2.58534,-0.302512,0
13.4,4,0,2.58277,-0.290567,0
13.4,4.1,0,2.58019,-0.278623,0
13.4,4.2,0,2.57214,-0.265154,0
13.4,4.3,0,2.56128,-0.249013,0
13.4,4.4,0,2.54847,-0.238186,0
13.4,4.5,0,2.53567,-0.227359,0
13.4,4.6,0,2.51951,-0.221945,0
13.4,4.7,0,2.52059,-0.207513,0
13.4,4.8,0,2.52167,-0.193082,0
13.4,4.9,0,2.53209,-0.177505,0
13.4,5,0,2.54202,-0.160584,0
13.4,5.1,0,2.54263,-0.150385,0
13.4,5.2,0,2.54324,-0.140185,0
13.4,5.3,0,2.52851,-0.136394,0
13.4,5.4,0,2.52356,-0.124928,0
13.4,5.5,0,2.51862,-0.113461,0
13.4,5.6,0,2.51706,-0.0992715,0
13.4,5.7,0,2.51541,-0.0827723,0
13.4,5.8,0,2.51556,-0.0694767,0
13.4,5.9,0,2.51572,-0.0561811,0
13.4,6,0,2.51733,-0.0475697,0
13.4,6.1,0,2.51643,-0.0364051,0
13.4,6.2,0,2.51554,-0.0252406,0
13.4,6.3,0,2.51459,-0.0124127,0
13.4,6.4,0,2.51265,6.12767e-05,0
13.4,6.5,0,2.51308,0.0126778,0
13.4,6.6,0,2.51351,0.0252943,0
13.4,6.7,0,2.51847,0.0360508,0
13.4,6.8,0,2.5198,0.045728,0
13.4,6.9,0,2.52113,0.0554052,0
13.4,7,0,2.51899,0.0670437,0
13.4,7.1,0,2.52224,0.088148,0
13.4,7.2,0,2.52408,0.100753,0
13.4,7.3,0,2.52578,0.113437,0
13.4,7.4,0,2.52739,0.126209,0
13.4,7.5,0,2.52899,0.138956,0
13.4,7.6,0,2.53064,0.151657,0
13.4,7.7,0,2.53242,0.164346,0
13.4,7.8,0,2.53437,0.177016,0
13.4,7.9,0,2.53654,0.189652,0
13.4,8,0,2.5392,0.206726,0
13.4,8.1,0,2.55484,0.216028,0
13.4,8.2,0,2.55672,0.226805,0
13.4,8.3,0,2.56078,0.239501,0
13.4,8.4,0,2.5643,0.251962,0
13.4,8.5,0,2.56824,0.265676,0
13.4,8.6,0,2.57166,0.278147,0
13.4,8.7,0,2.56297,0.291193,0
13.4,8.8,0,2.5778,0.303107,0
13.4,8.9,0,2.58132,0.315159,0
13.4,9,0,2.58478,0.328237,0
13.4,9.1,0,2.58818,0.340219,0
13.4,9.2,0,2.58876,0.352264,0
13.4,9.3,0,2.59252,0.363971,0
13.4,9.4,0,2.5906,0.376512,0
13.4,9.5,0,2.5996,0.388213,0
13.4,9.6,0,2.60402,0.400096,0
13.4,9.7,0,2.60521,0.41194,0
13.4,9.8,0,2.61057,0.423811,0
13.4,9.9,0,2.61477,0.436624,0
13.4,10,0,2.62136,0.448162,0
13.4,10.1,0,2.62588,0.460837,0
13.4,10.2,0,2.63058,0.471813,0
13.4,10.3,0,2.63729,0.483774,0
13.4,10.4,0,2.64469,0.496563,0
13.4,10.5,0,2.65174,0.508126,0
13.4,10.6,0,2.6573,0.520442,0
13.4,10.7,0,2.66429,0.531074,0
13.4,10.8,0,2.67242,0.543575,0
13.4,10.9,0,2.68131,0.555863,0
13.4,11,0,2.68994,0.567224,0
13.4,11.1,0,2.6977,0.577928,0
13.4,11.2,0,2.70642,0.589387,0
13.4,11.3,0,2.71674,0.60395,0
13.4,11.4,0,2.726,0.61376,0
13.4,11.5,0,2.73653,0.624942,0
13.4,11.6,0,2.74775,0.635364,0
13.4,11.7,0,2.75774,0.646077,0
13.4,11.8,0,2.76746,0.658154,0
13.4,11.9,0,2.78003,0.669118,0
13.4,12,0,2.79568,0.683216,0
13.4,12.1,0,2.80723,0.690083,0
13.4,12.2,0,2.81795,0.699285,0
13.4,12.3,0,2.82767,0.708924,0
13.4,12.4,0,2.84227,0.719455,0
13.4,12.5,0,2.86359,0.732195,0
13.4,12.6,0,2.87516,0.738992,0
13.4,12.7,0,2.88365,0.748389,0
13.5,0,0,2.87279,-0.756415,0
13.5,0.1,0,2.8707,-0.747702,0
13.5,0.2,0,2.85898,-0.740495,0
13.5,0.3,0,2.84349,-0.733091,0
13.5,0.4,0,2.8168,-0.717171,0
13.5,0.5,0,2.79992,-0.70284,0
13.5,0.6,0,2.78579,-0.691449,0
13.5,0.7,0,2.7806,-0.686444,0
13.5,0.8,0,2.78108,-0.673223,0
13.5,0.9,0,2.77312,-0.664162,0
13.5,1,0,2.76186,-0.655764,0
13.5,1.1,0,2.74615,-0.645907,0
13.5,1.2,0,2.7356,-0.634484,0
13.5,1.3,0,2.72472,-0.623689,0
13.5,1.4,0,2.71173,-0.611006,0
13.5,1.5,0,2.70905,-0.594747,0
13.5,1.6,0,2.70304,-0.584189,0
13.5,1.7,0,2.69556,-0.574769,0
13.5,1.8,0,2.6918,-0.567667,0
13.5,1.9,0,2.687,-0.557493,0
13.5,2,0,2.67925,-0.546786,0
13.5,2.1,0,2.65903,-0.530591,0
13.5,2.2,0,2.64622,-0.511433,0
13.5,2.3,0,2.63811,-0.498771,0
13.5,2.4,0,2.63151,-0.487817,0
13.5,2.5,0,2.62959,-0.478386,0
13.5,2.6,0,2.62249,-0.46588,0
13.5,2.7,0,2.61384,-0.453656,0
13.5,2.8,0,2.60231,-0.441368,0
13.5,2.9,0,2.58611,-0.420725,0
13.5,3,0,2.5788,-0.407912,0
13.5,3.1,0,2.57526,-0.397676,0
13.5,3.2,0,2.58157,-0.389836,0
13.5,3.3,0,2.57992,-0.378095,0
13.5,3.4,0,2.5765,-0.366978,0
13.5,3.5,0,2.56833,-0.356447,0
13.5,3.6,0,2.5656,-0.340557,0
13.5,3.7,0,2.56667,-0.329169,0
13.5,3.8,0,2.5673,-0.318494,0
13.5,3.9,0,2.57348,-0.307837,0
13.5,4,0,2.57463,-0.295658,0
13.5,4.1,0,2.57206,-0.283714,0
13.5,4.2,0,2.55852,-0.268719,0
13.5,4.3,0,2.5496,-0.247264,0
13.5,4.4,0,2.5368,-0.236437,0
13.5,4.5,0,2.52379,-0.228744,0
13.5,4.6,0,2.50396,-0.225907,0
13.5,4.7,0,2.49862,-0.21298,0
13.5,4.8,0,2.4997,-0.198548,0
13.5,4.9,0,2.51948,-0.181826,0
13.5,5,0,2.53873,-0.158184,0
13.5,5.1,0,2.53933,-0.147985,0
13.5,5.2,0,2.53474,-0.140638,0
13.5,5.3,0,2.51553,-0.139362,0
13.5,5.4,0,2.50771,-0.129569,0
13.5,5.5,0,2.50277,-0.118103,0
13.5,5.6,0,2.5046,-0.10119,0
13.5,5.7,0,2.50114,-0.0814876,0
13.5,5.8,0,2.50129,-0.068192,0
13.5,5.9,0,2.5025,-0.0567386,0
13.5,6,0,2.50482,-0.0494195,0
13.5,6.1,0,2.50415,-0.038739,0
13.5,6.2,0,2.50325,-0.0275745,0
13.5,6.3,0,2.50224,-0.0130832,0
13.5,6.4,0,2.49794,-0.000751701,0
13.5,6.5,0,2.49837,0.0118648,0
13.5,6.6,0,2.49968,0.0250291,0
13.5,6.7,0,2.5061,0.0356462,0
13.5,6.8,0,2.50917,0.0445246,0
13.5,6.9,0,2.5105,0.0542018,0
13.5,7,0,2.50489,0.0678017,0
13.5,7.1,0,2.50744,0.0891833,0
13.5,7.2,0,2.50899,0.101972,0
13.5,7.3,0,2.51054,0.114881,0
13.5,7.4,0,2.51208,0.127883,0
13.5,7.5,0,2.51367,0.140865,0
13.5,7.6,0,2.51534,0.153816,0
13.5,7.7,0,2.51714,0.166762,0
13.5,7.8,0,2.51909,0.1797,0
13.5,7.9,0,2.52128,0.192583,0
13.5,8,0,2.52369,0.210059,0
13.5,8.1,0,2.5531,0.217886,0
13.5,8.2,0,2.5469,0.229723,0
13.5,8.3,0,2.56016,0.242185,0
13.5,8.4,0,2.56367,0.254646,0
13.5,8.5,0,2.55594,0.269782,0
13.5,8.6,0,2.57149,0.282081,0
13.5,8.7,0,2.54763,0.295849,0
13.5,8.8,0,2.57684,0.307457,0
13.5,8.9,0,2.57512,0.31991,0
13.5,9,0,2.58384,0.333655,0
13.5,9.1,0,2.58723,0.345637,0
13.5,9.2,0,2.57489,0.358381,0
13.5,9.3,0,2.58867,0.369522,0
13.5,9.4,0,2.57724,0.383463,0
13.5,9.5,0,2.59473,0.394435,0
13.5,9.6,0,2.59768,0.406576,0
13.5,9.7,0,2.59658,0.418131,0
13.5,9.8,0,2.60194,0.430002,0
13.5,9.9,0,2.60194,0.444988,0
13.5,10,0,2.61218,0.455014,0
13.5,10.1,0,2.6132,0.469841,0
13.5,10.2,0,2.61814,0.478545,0
13.5,10.3,0,2.62486,0.490507,0
13.5,10.4,0,2.63276,0.504321,0
13.5,10.5,0,2.63981,0.515885,0
13.5,10.6,0,2.64494,0.53073,0
13.5,10.7,0,2.65001,0.538368,0
13.5,10.8,0,2.66008,0.554466,0
13.5,10.9,0,2.66784,0.564682,0
13.5,11,0,2.67647,0.576044,0
13.5,11.1,0,2.68373,0.586677,0
13.5,11.2,0,2.69204,0.597506,0
13.5,11.3,0,2.70465,0.616133,0
13.5,11.4,0,2.71176,0.623639,0
13.5,11.5,0,2.72461,0.637911,0
13.5,11.6,0,2.73461,0.644835,0
13.5,11.7,0,2.7446,0.655549,0
13.5,11.8,0,2.75404,0.669986,0
13.5,11.9,0,2.76559,0.679853,0
13.5,12,0,2.7842,0.697766,0
13.5,12.1,0,2.79677,0.701706,0
13.5,12.2,0,2.80705,0.713779,0
13.5,12.3,0,2.8135,0.720053,0
13.5,12.4,0,2.8281,0.730584,0
13.5,12.5,0,2.8548,0.747831,0
13.5,12.6,0,2.86876,0.753638,0
13.5,12.7,0,2.87418,0.765635,0
13.6,0,0,2.8633,-0.773057,0
13.6,0.1,0,2.86464,-0.763807,0
13.6,0.2,0,2.8543,-0.756384,0
13.6,0.3,0,2.83296,-0.748674,0
13.6,0.4,0,2.80627,-0.732753,0
13.6,0.5,0,2.7851,-0.71385,0
13.6,0.6,0,2.77225,-0.703371,0
13.6,0.7,0,2.77025,-0.700648,0
13.6,0.8,0,2.77374,-0.685941,0
13.6,0.9,0,2.76698,-0.676286,0
13.6,1,0,2.75059,-0.668918,0
13.6,1.1,0,2.73488,-0.659062,0
13.6,1.2,0,2.72482,-0.64666,0
13.6,1.3,0,2.71364,-0.635595,0
13.6,1.4,0,2.69991,-0.622238,0
13.6,1.5,0,2.6984,-0.603943,0
13.6,1.6,0,2.69287,-0.59257,0
13.6,1.7,0,2.6831,-0.584923,0
13.6,1.8,0,2.67935,-0.577821,0
13.6,1.9,0,2.67914,-0.568476,0
13.6,2,0,2.6696,-0.556985,0
13.6,2.1,0,2.64493,-0.53883,0
13.6,2.2,0,2.63044,-0.517352,0
13.6,2.3,0,2.62166,-0.503762,0
13.6,2.4,0,2.61743,-0.495466,0
13.6,2.5,0,2.61551,-0.486035,0
13.6,2.6,0,2.6108,-0.473091,0
13.6,2.7,0,2.60174,-0.460858,0
13.6,2.8,0,2.58918,-0.448547,0
13.6,2.9,0,2.56981,-0.425108,0
13.6,3,0,2.56123,-0.411176,0
13.6,3.1,0,2.56355,-0.404949,0
13.6,3.2,0,2.56986,-0.397109,0
13.6,3.3,0,2.57094,-0.3844,0
13.6,3.4,0,2.56685,-0.373366,0
13.6,3.5,0,2.55698,-0.363046,0
13.6,3.6,0,2.55289,-0.345547,0
13.6,3.7,0,2.55342,-0.333516,0
13.6,3.8,0,2.55337,-0.323949,0
13.6,3.9,0,2.55955,-0.313292,0
13.6,4,0,2.56649,-0.300748,0
13.6,4.1,0,2.56235,-0.288368,0
13.6,4.2,0,2.54491,-0.272285,0
13.6,4.3,0,2.53737,-0.247033,0
13.6,4.4,0,2.52512,-0.234688,0
13.6,4.5,0,2.5118,-0.231871,0
13.6,4.6,0,2.49197,-0.229034,0
13.6,4.7,0,2.47665,-0.218446,0
13.6,4.8,0,2.4804,-0.203688,0
13.6,4.9,0,2.50686,-0.186148,0
13.6,5,0,2.53277,-0.157705,0
13.6,5.1,0,2.53604,-0.145585,0
13.6,5.2,0,2.52336,-0.142676,0
13.6,5.3,0,2.50415,-0.141399,0
13.6,5.4,0,2.49186,-0.134211,0
13.6,5.5,0,2.48788,-0.121967,0
13.6,5.6,0,2.49213,-0.103109,0
13.6,5.7,0,2.48738,-0.0811181,0
13.6,5.8,0,2.48702,-0.0669072,0
13.6,5.9,0,2.48986,-0.0583195,0
13.6,6,0,2.49218,-0.0510004,0
13.6,6.1,0,2.49186,-0.0410729,0
13.6,6.2,0,2.49095,-0.0294331,0
13.6,6.3,0,2.48989,-0.0137536,0
13.6,6.4,0,2.48391,-0.00152396,0
13.6,6.5,0,2.48366,0.0110518,0
13.6,6.6,0,2.48635,0.0250683,0
13.6,6.7,0,2.49277,0.0356853,0
13.6,6.8,0,2.49854,0.0433212,0
13.6,6.9,0,2.49888,0.0535588,0
13.6,7,0,2.49079,0.0685596,0
13.6,7.1,0,2.49264,0.0902187,0
13.6,7.2,0,2.49391,0.103191,0
13.6,7.3,0,2.4953,0.116324,0
13.6,7.4,0,2.49678,0.129556,0
13.6,7.5,0,2.49835,0.142774,0
13.6,7.6,0,2.50004,0.155976,0
13.6,7.7,0,2.50186,0.169179,0
13.6,7.8,0,2.50382,0.182384,0
13.6,7.9,0,2.50601,0.195514,0
13.6,8,0,2.50818,0.213393,0
13.6,8.1,0,2.55135,0.219745,0
13.6,8.2,0,2.53137,0.233392,0
13.6,8.3,0,2.55398,0.245236,0
13.6,8.4,0,2.5605,0.257579,0
13.6,8.5,0,2.54036,0.273935,0
13.6,8.6,0,2.57132,0.286016,0
13.6,8.7,0,2.53228,0.300505,0
13.6,8.8,0,2.57587,0.311808,0
13.6,8.9,0,2.56047,0.325306,0
13.6,9,0,2.57502,0.339061,0
13.6,9.1,0,2.58628,0.351056,0
13.6,9.2,0,2.56091,0.364504,0
13.6,9.3,0,2.58483,0.375072,0
13.6,9.4,0,2.56388,0.390414,0
13.6,9.5,0,2.58987,0.400657,0
13.6,9.6,0,2.58466,0.414226,0
13.6,9.7,0,2.58454,0.425455,0
13.6,9.8,0,2.59332,0.436192,0
13.6,9.9,0,2.5891,0.453351,0
13.6,10,0,2.603,0.461865,0
13.6,10.1,0,2.60053,0.478845,0
13.6,10.2,0,2.60571,0.485278,0
13.6,10.3,0,2.61226,0.500084,0
13.6,10.4,0,2.62018,0.51392,0
13.6,10.5,0,2.62788,0.523643,0
13.6,10.6,0,2.63258,0.541018,0
13.6,10.7,0,2.63573,0.545662,0
13.6,10.8,0,2.64774,0.565357,0
13.6,10.9,0,2.65436,0.573502,0
13.6,11,0,2.66404,0.587025,0
13.6,11.1,0,2.67161,0.59828,0
13.6,11.2,0,2.67766,0.605624,0
13.6,11.3,0,2.69255,0.628315,0
13.6,11.4,0,2.69751,0.633519,0
13.6,11.5,0,2.71272,0.650914,0
13.6,11.6,0,2.72147,0.654307,0
13.6,11.7,0,2.73224,0.667392,0
13.6,11.8,0,2.74225,0.683587,0
13.6,11.9,0,2.75115,0.690588,0
13.6,12,0,2.77272,0.712316,0
13.6,12.1,0,2.78632,0.713328,0
13.6,12.2,0,2.79602,0.729048,0
13.6,12.3,0,2.79987,0.731887,0
13.6,12.4,0,2.81531,0.743652,0
13.6,12.5,0,2.84432,0.764169,0
13.6,12.6,0,2.86237,0.768284,0
13.6,12.7,0,2.8647,0.782881,0
13.7,0,0,2.85381,-0.789699,0
13.7,0.1,0,2.85515,-0.780449,0
13.7,0.2,0,2.84962,-0.772273,0
13.7,0.3,0,2.82242,-0.764257,0
13.7,0.4,0,2.79573,-0.748336,0
13.7,0.5,0,2.77028,-0.72486,0
13.7,0.6,0,2.7619,-0.717575,0
13.7,0.7,0,2.7599,-0.714852,0
13.7,0.8,0,2.76338,-0.700145,0
13.7,0.9,0,2.76084,-0.688409,0
13.7,1,0,2.73932,-0.682073,0
13.7,1.1,0,2.72362,-0.672216,0
13.7,1.2,0,2.71405,-0.658836,0
13.7,1.3,0,2.70182,-0.646827,0
13.7,1.4,0,2.68808,-0.63347,0
13.7,1.5,0,2.68658,-0.615175,0
13.7,1.6,0,2.6827,-0.600952,0
13.7,1.7,0,2.67065,-0.595077,0
13.7,1.8,0,2.66689,-0.587975,0
13.7,1.9,0,2.67128,-0.579459,0
13.7,2,0,2.65551,-0.565224,0
13.7,2.1,0,2.63084,-0.547069,0
13.7,2.2,0,2.61635,-0.525592,0
13.7,2.3,0,2.60522,-0.508754,0
13.7,2.4,0,2.60335,-0.503115,0
13.7,2.5,0,2.60143,-0.493684,0
13.7,2.6,0,2.59912,-0.480302,0
13.7,2.7,0,2.58861,-0.468037,0
13.7,2.8,0,2.57605,-0.455726,0
13.7,2.9,0,2.55668,-0.432287,0
13.7,3,0,2.54366,-0.41444,0
13.7,3.1,0,2.55184,-0.412222,0
13.7,3.2,0,2.55815,-0.404382,0
13.7,3.3,0,2.56197,-0.390704,0
13.7,3.4,0,2.5555,-0.379964,0
13.7,3.5,0,2.54563,-0.369644,0
13.7,3.6,0,2.54154,-0.352145,0
13.7,3.7,0,2.54016,-0.337863,0
13.7,3.8,0,2.53944,-0.329405,0
13.7,3.9,0,2.54562,-0.318748,0
13.7,4,0,2.55836,-0.305838,0
13.7,4.1,0,2.54874,-0.291933,0
13.7,4.2,0,2.53129,-0.27585,0
13.7,4.3,0,2.52375,-0.250599,0
13.7,4.4,0,2.51345,-0.232939,0
13.7,4.5,0,2.4998,-0.234998,0
13.7,4.6,0,2.47997,-0.232161,0
13.7,4.7,0,2.45469,-0.223913,0
13.7,4.8,0,2.46779,-0.208009,0
13.7,4.9,0,2.49424,-0.190469,0
13.7,5,0,2.52015,-0.162026,0
13.7,5.1,0,2.53274,-0.143185,0
13.7,5.2,0,2.51197,-0.144713,0
13.7,5.3,0,2.49276,-0.143437,0
13.7,5.4,0,2.47601,-0.138853,0
13.7,5.5,0,2.47542,-0.123886,0
13.7,5.6,0,2.47967,-0.105028,0
13.7,5.7,0,2.47491,-0.0830369,0
13.7,5.8,0,2.47274,-0.0656225,0
13.7,5.9,0,2.47723,-0.0599004,0
13.7,6,0,2.47955,-0.0525813,0
13.7,6.1,0,2.47957,-0.0434067,0
13.7,6.2,0,2.4786,-0.0301036,0
13.7,6.3,0,2.47754,-0.0144241,0
13.7,6.4,0,2.47156,-0.00219441,0
13.7,6.5,0,2.46895,0.0102389,0
13.7,6.6,0,2.47302,0.0251075,0
13.7,6.7,0,2.47943,0.0357245,0
13.7,6.8,0,2.48791,0.0421178,0
13.7,6.9,0,2.48478,0.0543167,0
13.7,7,0,2.47669,0.0693176,0
13.7,7.1,0,2.47783,0.091254,0
13.7,7.2,0,2.47882,0.10441,0
13.7,7.3,0,2.48005,0.117768,0
13.7,7.4,0,2.48147,0.13123,0
13.7,7.5,0,2.48303,0.144684,0
13.7,7.6,0,2.48474,0.158135,0
13.7,7.7,0,2.48658,0.171595,0
13.7,7.8,0,2.48854,0.185068,0
13.7,7.9,0,2.49074,0.198445,0
13.7,8,0,2.49266,0.216726,0
13.7,8.1,0,2.5496,0.221603,0
13.7,8.2,0,2.51584,0.237062,0
13.7,8.3,0,2.53845,0.248905,0
13.7,8.4,0,2.54492,0.261732,0
13.7,8.5,0,2.52478,0.278087,0
13.7,8.6,0,2.57115,0.28995,0
13.7,8.7,0,2.51694,0.305161,0
13.7,8.8,0,2.57262,0.316208,0
13.7,8.9,0,2.54581,0.330701,0
13.7,9,0,2.56036,0.344456,0
13.7,9.1,0,2.57271,0.357157,0
13.7,9.2,0,2.54692,0.370627,0
13.7,9.3,0,2.58098,0.380623,0
13.7,9.4,0,2.55052,0.397365,0
13.7,9.5,0,2.58193,0.407143,0
13.7,9.6,0,2.57163,0.421877,0
13.7,9.7,0,2.57151,0.433106,0
13.7,9.8,0,2.58147,0.444047,0
13.7,9.9,0,2.57626,0.461715,0
13.7,10,0,2.59382,0.468717,0
13.7,10.1,0,2.58785,0.487848,0
13.7,10.2,0,2.59313,0.493291,0
13.7,10.3,0,2.59967,0.509723,0
13.7,10.4,0,2.60759,0.523559,0
13.7,10.5,0,2.61571,0.532828,0
13.7,10.6,0,2.62022,0.551306,0
13.7,10.7,0,2.62145,0.552956,0
13.7,10.8,0,2.6354,0.576249,0
13.7,10.9,0,2.64176,0.583909,0
13.7,11,0,2.65192,0.598628,0
13.7,11.1,0,2.65948,0.609883,0
13.7,11.2,0,2.6641,0.615213,0
13.7,11.3,0,2.68045,0.640497,0
13.7,11.4,0,2.68327,0.643398,0
13.7,11.5,0,2.70083,0.663917,0
13.7,11.6,0,2.70954,0.667197,0
13.7,11.7,0,2.72045,0.680993,0
13.7,11.8,0,2.73047,0.697187,0
13.7,11.9,0,2.73718,0.701931,0
13.7,12,0,2.76124,0.726866,0
13.7,12.1,0,2.77587,0.724951,0
13.7,12.2,0,2.785,0.744318,0
13.7,12.3,0,2.78884,0.747156,0
13.7,12.4,0,2.80483,0.75999,0
13.7,12.5,0,2.83385,0.780506,0
13.7,12.6,0,2.85597,0.782929,0
13.7,12.7,0,2.85523,0.800126,0
13.8,0,0,2.84432,-0.806341,0
13.8,0.1,0,2.84566,-0.797091,0
13.8,0.2,0,2.8395,-0.787878,0
13.8,0.3,0,2.81189,-0.779839,0
13.8,0.4,0,2.7852,-0.763919,0
13.8,0.5,0,2.75944,-0.740116,0
13.8,0.6,0,2.75154,-0.731778,0
13.8,0.7,0,2.74954,-0.729055,0
13.8,0.8,0,2.75303,-0.714348,0
13.8,0.9,0,2.74994,-0.70149,0
13.8,1,0,2.72806,-0.695227,0
13.8,1.1,0,2.71235,-0.685371,0
13.8,1.2,0,2.70282,-0.67192,0
13.8,1.3,0,2.68999,-0.658059,0
13.8,1.4,0,2.67625,-0.644702,0
13.8,1.5,0,2.67475,-0.626407,0
13.8,1.6,0,2.67041,-0.610979,0
13.8,1.7,0,2.65819,-0.605231,0
13.8,1.8,0,2.65444,-0.598129,0
13.8,1.9,0,2.65915,-0.589673,0
13.8,2,0,2.64141,-0.573464,0
13.8,2.1,0,2.61674,-0.555309,0
13.8,2.2,0,2.60225,-0.533831,0
13.8,2.3,0,2.59097,-0.516213,0
13.8,2.4,0,2.58927,-0.510764,0
13.8,2.5,0,2.58735,-0.501333,0
13.8,2.6,0,2.58521,-0.48792,0
13.8,2.7,0,2.57548,-0.475216,0
13.8,2.8,0,2.56292,-0.462905,0
13.8,2.9,0,2.54355,-0.439466,0
13.8,3,0,2.53153,-0.421427,0
13.8,3.1,0,2.54013,-0.419495,0
13.8,3.2,0,2.54644,-0.411655,0
13.8,3.3,0,2.55046,-0.397908,0
13.8,3.4,0,2.54415,-0.386562,0
13.8,3.5,0,2.53428,-0.376242,0
13.8,3.6,0,2.53019,-0.358743,0
13.8,3.7,0,2.52628,-0.343239,0
13.8,3.8,0,2.52551,-0.33486,0
13.8,3.9,0,2.53169,-0.324203,0
13.8,4,0,2.54484,-0.311268,0
13.8,4.1,0,2.53512,-0.295499,0
13.8,4.2,0,2.51767,-0.279415,0
13.8,4.3,0,2.51014,-0.254164,0
13.8,4.4,0,2.50148,-0.235718,0
13.8,4.5,0,2.48781,-0.238125,0
13.8,4.6,0,2.46798,-0.235288,0
13.8,4.7,0,2.44198,-0.227207,0
13.8,4.8,0,2.45517,-0.21233,0
13.8,4.9,0,2.48163,-0.19479,0
13.8,5,0,2.50754,-0.166347,0
13.8,5.1,0,2.52194,-0.144906,0
13.8,5.2,0,2.50059,-0.146751,0
13.8,5.3,0,2.48138,-0.145475,0
13.8,5.4,0,2.4643,-0.141077,0
13.8,5.5,0,2.46295,-0.125804,0
13.8,5.6,0,2.46721,-0.106947,0
13.8,5.7,0,2.46245,-0.0849556,0
13.8,5.8,0,2.45999,-0.0669987,0
13.8,5.9,0,2.46459,-0.0614813,0
13.8,6,0,2.46692,-0.0541622,0
13.8,6.1,0,2.46696,-0.0450414,0
13.8,6.2,0,2.46625,-0.030774,0
13.8,6.3,0,2.4652,-0.0150945,0
13.8,6.4,0,2.45921,-0.00286487,0
13.8,6.5,0,2.45552,0.0102172,0
13.8,6.6,0,2.45968,0.0251467,0
13.8,6.7,0,2.4661,0.0357637,0
13.8,6.8,0,2.47477,0.0420683,0
13.8,6.9,0,2.47068,0.0550747,0
13.8,7,0,2.46259,0.0700755,0
13.8,7.1,0,2.46303,0.0922893,0
13.8,7.2,0,2.46374,0.105628,0
13.8,7.3,0,2.46481,0.119212,0
13.8,7.4,0,2.46616,0.132903,0
13.8,7.5,0,2.46772,0.146593,0
13.8,7.6,0,2.46944,0.160295,0
13.8,7.7,0,2.4713,0.174012,0
13.8,7.8,0,2.47327,0.187752,0
13.8,7.9,0,2.47548,0.201375,0
13.8,8,0,2.47715,0.220059,0
13.8,8.1,0,2.53467,0.224874,0
13.8,8.2,0,2.5003,0.240731,0
13.8,8.3,0,2.52292,0.252575,0
13.8,8.4,0,2.52934,0.265884,0
13.8,8.5,0,2.5092,0.282239,0
13.8,8.6,0,2.55952,0.29443,0
13.8,8.7,0,2.50159,0.309817,0
13.8,8.8,0,2.55727,0.320864,0
13.8,8.9,0,2.53116,0.336097,0
13.8,9,0,2.54571,0.349852,0
13.8,9.1,0,2.55873,0.36328,0
13.8,9.2,0,2.53294,0.376751,0
13.8,9.3,0,2.57188,0.386948,0
13.8,9.4,0,2.53716,0.404316,0
13.8,9.5,0,2.56857,0.414094,0
13.8,9.6,0,2.5586,0.429528,0
13.8,9.7,0,2.55849,0.440756,0
13.8,9.8,0,2.56863,0.452411,0
13.8,9.9,0,2.56342,0.470078,0
13.8,10,0,2.58287,0.476549,0
13.8,10.1,0,2.57518,0.496852,0
13.8,10.2,0,2.58046,0.502294,0
13.8,10.3,0,2.58708,0.519362,0
13.8,10.4,0,2.59499,0.533199,0
13.8,10.5,0,2.60335,0.543116,0
13.8,10.6,0,2.60786,0.561595,0
13.8,10.7,0,2.60813,0.561837,0
13.8,10.8,0,2.62306,0.58714,0
13.8,10.9,0,2.62942,0.5948,0
13.8,11,0,2.63979,0.61023,0
13.8,11.1,0,2.64736,0.621486,0
13.8,11.2,0,2.652,0.627395,0
13.8,11.3,0,2.66835,0.65268,0
13.8,11.4,0,2.67022,0.654551,0
13.8,11.5,0,2.68893,0.676921,0
13.8,11.6,0,2.69765,0.6802,0
13.8,11.7,0,2.70867,0.694593,0
13.8,11.8,0,2.71868,0.710788,0
13.8,11.9,0,2.7257,0.716481,0
13.8,12,0,2.74975,0.741415,0
13.8,12.1,0,2.76464,0.738784,0
13.8,12.2,0,2.77397,0.759588,0
13.8,12.3,0,2.77782,0.762426,0
13.8,12.4,0,2.79435,0.776327,0
13.8,12.5,0,2.82337,0.796844,0
13.8,12.6,0,2.84663,0.800064,0
13.8,12.7,0,2.84575,0.817372,0
13.9,0,0,2.83483,-0.822983,0
13.9,0.1,0,2.83617,-0.813732,0
13.9,0.2,0,2.82622,-0.803891,0
13.9,0.3,0,2.80136,-0.795422,0
13.9,0.4,0,2.77467,-0.779501,0
13.9,0.5,0,2.75146,-0.757524,0
13.9,0.6,0,2.74119,-0.745982,0
13.9,0.7,0,2.73919,-0.743259,0
13.9,0.8,0,2.74267,-0.728552,0
13.9,0.9,0,2.73626,-0.715833,0
13.9,1,0,2.71679,-0.708382,0
13.9,1.1,0,2.70108,-0.698525,0
13.9,1.2,0,2.69094,-0.684535,0
13.9,1.3,0,2.67816,-0.669291,0
13.9,1.4,0,2.66442,-0.655934,0
13.9,1.5,0,2.66292,-0.637639,0
13.9,1.6,0,2.65701,-0.622762,0
13.9,1.7,0,2.64574,-0.615385,0
13.9,1.8,0,2.64198,-0.608283,0
13.9,1.9,0,2.64313,-0.598259,0
13.9,2,0,2.62732,-0.581703,0
13.9,2.1,0,2.60265,-0.563548,0
13.9,2.2,0,2.58816,-0.54207,0
13.9,2.3,0,2.57823,-0.525718,0
13.9,2.4,0,2.57519,-0.518413,0
13.9,2.5,0,2.57327,-0.508982,0
13.9,2.6,0,2.5703,-0.49555,0
13.9,2.7,0,2.56236,-0.482395,0
13.9,2.8,0,2.54979,-0.470084,0
13.9,2.9,0,2.53042,-0.446645,0
13.9,3,0,2.52236,-0.430937,0
13.9,3.1,0,2.52842,-0.426768,0
13.9,3.2,0,2.53473,-0.418928,0
13.9,3.3,0,2.53739,-0.405349,0
13.9,3.4,0,2.5328,-0.39316,0
13.9,3.5,0,2.52293,-0.38284,0
13.9,3.6,0,2.51884,-0.365341,0
13.9,3.7,0,2.51344,-0.349981,0
13.9,3.8,0,2.51158,-0.340316,0
13.9,3.9,0,2.51776,-0.329659,0
13.9,4,0,2.52778,-0.315852,0
13.9,4.1,0,2.5215,-0.299064,0
13.9,4.2,0,2.50406,-0.28298,0
13.9,4.3,0,2.49652,-0.257729,0
13.9,4.4,0,2.48837,-0.241881,0
13.9,4.5,0,2.47582,-0.241252,0
13.9,4.6,0,2.45599,-0.238415,0
13.9,4.7,0,2.43533,-0.229679,0
13.9,4.8,0,2.44255,-0.216652,0
13.9,4.9,0,2.46901,-0.199112,0
13.9,5,0,2.49492,-0.170669,0
13.9,5.1,0,2.50523,-0.150784,0
13.9,5.2,0,2.48921,-0.148789,0
13.9,5.3,0,2.47,-0.147512,0
13.9,5.4,0,2.45486,-0.141558,0
13.9,5.5,0,2.45049,-0.127723,0
13.9,5.6,0,2.45474,-0.108865,0
13.9,5.7,0,2.44999,-0.0868744,0
13.9,5.8,0,2.44839,-0.0704102,0
13.9,5.9,0,2.45196,-0.0630622,0
13.9,6,0,2.45428,-0.0557431,0
13.9,6.1,0,2.45429,-0.0456718,0
13.9,6.2,0,2.4539,-0.0314445,0
13.9,6.3,0,2.45285,-0.015765,0
13.9,6.4,0,2.44686,-0.00353532,0
13.9,6.5,0,2.44354,0.0103378,0
13.9,6.6,0,2.44635,0.0251859,0
13.9,6.7,0,2.45277,0.0358029,0
13.9,6.8,0,2.45945,0.0432282,0
13.9,6.9,0,2.45658,0.0558327,0
13.9,7,0,2.4485,0.0708335,0
13.9,7.1,0,2.44823,0.0933247,0
13.9,7.2,0,2.44865,0.106847,0
13.9,7.3,0,2.44957,0.120655,0
13.9,7.4,0,2.45086,0.134576,0
13.9,7.5,0,2.4524,0.148502,0
13.9,7.6,0,2.45414,0.162455,0
13.9,7.7,0,2.45602,0.176428,0
13.9,7.8,0,2.45799,0.190436,0
13.9,7.9,0,2.46021,0.204306,0
13.9,8,0,2.46164,0.223393,0
13.9,8.1,0,2.51168,0.22919,0
13.9,8.2,0,2.48477,0.244401,0
13.9,8.3,0,2.50738,0.256244,0
13.9,8.4,0,2.51376,0.270036,0
13.9,8.5,0,2.49362,0.286391,0
13.9,8.6,0,2.5327,0.299248,0
13.9,8.7,0,2.48625,0.314474,0
13.9,8.8,0,2.53727,0.325876,0
13.9,8.9,0,2.51651,0.341492,0
13.9,9,0,2.53106,0.355248,0
13.9,9.1,0,2.54475,0.369403,0
13.9,9.2,0,2.51896,0.382874,0
13.9,9.3,0,2.54892,0.394441,0
13.9,9.4,0,2.5238,0.411267,0
13.9,9.5,0,2.55408,0.421243,0
13.9,9.6,0,2.54558,0.437178,0
13.9,9.7,0,2.54546,0.448407,0
13.9,9.8,0,2.55579,0.460774,0
13.9,9.9,0,2.55059,0.478442,0
13.9,10,0,2.56654,0.487065,0
13.9,10.1,0,2.56251,0.505856,0
13.9,10.2,0,2.56779,0.511298,0
13.9,10.3,0,2.57448,0.529002,0
13.9,10.4,0,2.5824,0.542838,0
13.9,10.5,0,2.59099,0.553404,0
13.9,10.6,0,2.5955,0.571883,0
13.9,10.7,0,2.59771,0.575723,0
13.9,10.8,0,2.61072,0.598032,0
13.9,10.9,0,2.61708,0.605691,0
13.9,11,0,2.62767,0.621833,0
13.9,11.1,0,2.63523,0.633088,0
13.9,11.2,0,2.64022,0.640059,0
13.9,11.3,0,2.65626,0.664862,0
13.9,11.4,0,2.66034,0.669691,0
13.9,11.5,0,2.67704,0.689924,0
13.9,11.6,0,2.68575,0.693203,0
13.9,11.7,0,2.69688,0.708194,0
13.9,11.8,0,2.70689,0.724388,0
13.9,11.9,0,2.71512,0.732006,0
13.9,12,0,2.73827,0.755965,0
13.9,12.1,0,2.75273,0.75605,0
13.9,12.2,0,2.76295,0.774857,0
13.9,12.3,0,2.76679,0.777695,0
13.9,12.4,0,2.78387,0.792665,0
13.9,12.5,0,2.81289,0.813181,0
13.9,12.6,0,2.83494,0.818228,0
13.9,12.7,0,2.83628,0.834618,0
14,0,0,2.82534,-0.839625,0
14,0.1,0,2.82542,-0.830309,0
14,0.2,0,2.81087,-0.820226,0
14,0.3,0,2.79082,-0.811004,0
14,0.4,0,2.76413,-0.795084,0
14,0.5,0,2.74539,-0.7763,0
14,0.6,0,2.73175,-0.761166,0
14,0.7,0,2.72883,-0.757462,0
14,0.8,0,2.73122,-0.742976,0
14,0.9,0,2.72078,-0.731068,0
14,1,0,2.70552,-0.721536,0
14,1.1,0,2.68981,-0.711679,0
14,1.2,0,2.67862,-0.696746,0
14,1.3,0,2.66623,-0.680733,0
14,1.4,0,2.6526,-0.667166,0
14,1.5,0,2.6506,-0.649251,0
14,1.6,0,2.64289,-0.635766,0
14,1.7,0,2.63328,-0.625539,0
14,1.8,0,2.62953,-0.618437,0
14,1.9,0,2.62445,-0.605669,0
14,2,0,2.61224,-0.589765,0
14,2.1,0,2.58855,-0.571788,0
14,2.2,0,2.57457,-0.550879,0
14,2.3,0,2.5665,-0.536615,0
14,2.4,0,2.56111,-0.526062,0
14,2.5,0,2.55919,-0.516631,0
14,2.6,0,2.55477,-0.503167,0
14,2.7,0,2.54871,-0.489667,0
14,2.8,0,2.53666,-0.477263,0
14,2.9,0,2.51855,-0.454683,0
14,3,0,2.51509,-0.442125,0
14,3.1,0,2.51671,-0.434041,0
14,3.2,0,2.52302,-0.426202,0
14,3.3,0,2.5233,-0.412916,0
14,3.4,0,2.52086,-0.399966,0
14,3.5,0,2.51158,-0.389438,0
14,3.6,0,2.50734,-0.372177,0
14,3.7,0,2.50141,-0.357688,0
14,3.8,0,2.49765,-0.345772,0
14,3.9,0,2.50383,-0.335114,0
14,4,0,2.50837,-0.319782,0
14,4.1,0,2.50665,-0.302707,0
14,4.2,0,2.49044,-0.286546,0
14,4.3,0,2.48284,-0.262339,0
14,4.4,0,2.47444,-0.250322,0
14,4.5,0,2.46383,-0.244379,0
14,4.6,0,2.44399,-0.241542,0
14,4.7,0,2.43269,-0.231661,0
14,4.8,0,2.43207,-0.220472,0
14,4.9,0,2.4564,-0.203433,0
14,5,0,2.48057,-0.175941,0
14,5.1,0,2.48452,-0.159543,0
14,5.2,0,2.47782,-0.150826,0
14,5.3,0,2.45861,-0.14955,0
14,5.4,0,2.44686,-0.140873,0
14,5.5,0,2.43898,-0.129084,0
14,5.6,0,2.44228,-0.110784,0
14,5.7,0,2.43787,-0.0894072,0
14,5.8,0,2.43756,-0.0751946,0
14,5.9,0,2.43932,-0.0646431,0
14,6,0,2.44165,-0.057324,0
14,6.1,0,2.4416,-0.0455893,0
14,6.2,0,2.44148,-0.0319536,0
14,6.3,0,2.4405,-0.0164354,0
14,6.4,0,2.43481,-0.00402317,0
14,6.5,0,2.43257,0.0105195,0
14,6.6,0,2.43302,0.0252251,0
14,6.7,0,2.43944,0.0358421,0
14,6.8,0,2.44265,0.0452287,0
14,6.9,0,2.44191,0.0568569,0
14,7,0,2.4344,0.0715914,0
14,7.1,0,2.43342,0.09436,0
14,7.2,0,2.43357,0.108066,0
14,7.3,0,2.43433,0.122099,0
14,7.4,0,2.43555,0.13625,0
14,7.5,0,2.43708,0.150412,0
14,7.6,0,2.43884,0.164614,0
14,7.7,0,2.44074,0.178845,0
14,7.8,0,2.44272,0.19312,0
14,7.9,0,2.44494,0.207237,0
14,8,0,2.44612,0.226726,0
14,8.1,0,2.48238,0.234334,0
14,8.2,0,2.46924,0.24807,0
14,8.3,0,2.48994,0.260101,0
14,8.4,0,2.49327,0.274513,0
14,8.5,0,2.47804,0.290543,0
14,8.6,0,2.50195,0.304122,0
14,8.7,0,2.4709,0.31913,0
14,8.8,0,2.50823,0.331577,0
14,8.9,0,2.50186,0.346888,0
14,9,0,2.51641,0.360643,0
14,9.1,0,2.52348,0.375514,0
14,9.2,0,2.50497,0.388997,0
14,9.3,0,2.52542,0.401965,0
14,9.4,0,2.51044,0.418219,0
14,9.5,0,2.53257,0.429622,0
14,9.6,0,2.53255,0.444829,0
14,9.7,0,2.53244,0.456058,0
14,9.8,0,2.53972,0.470209,0
14,9.9,0,2.53775,0.486805,0
14,10,0,2.55021,0.497581,0
14,10.1,0,2.54983,0.51486,0
14,10.2,0,2.55497,0.523023,0
14,10.3,0,2.56189,0.538641,0
14,10.4,0,2.56981,0.552477,0
14,10.5,0,2.57801,0.565454,0
14,10.6,0,2.58314,0.582171,0
14,10.7,0,2.5873,0.589609,0
14,10.8,0,2.59838,0.608923,0
14,10.9,0,2.60573,0.618626,0
14,11,0,2.61555,0.633436,0
14,11.1,0,2.62311,0.644691,0
14,11.2,0,2.63038,0.655726,0
14,11.3,0,2.64416,0.677044,0
14,11.4,0,2.65059,0.684997,0
14,11.5,0,2.66515,0.702927,0
14,11.6,0,2.67458,0.708403,0
14,11.7,0,2.68509,0.721794,0
14,11.8,0,2.69511,0.737989,0
14,11.9,0,2.7063,0.749422,0
14,12,0,2.72679,0.770515,0
14,12.1,0,2.74068,0.774247,0
14,12.2,0,2.75192,0.790127,0
14,12.3,0,2.75698,0.794683,0
14,12.4,0,2.7738,0.809531,0
14,12.5,0,2.80241,0.829519,0
14,12.6,0,2.82138,0.837166,0
14,12.7,0,2.8268,0.851864,0
14.1,0,0,2.81585,-0.856267,0
14.1,0.1,0,2.81008,-0.846644,0
14.1,0.2,0,2.79553,-0.836562,0
14.1,0.3,0,2.78029,-0.826587,0
14.1,0.4,0,2.7536,-0.810666,0
14.1,0.5,0,2.73932,-0.795076,0
14.1,0.6,0,2.72569,-0.779942,0
14.1,0.7,0,2.71848,-0.771666,0
14.1,0.8,0,2.71574,-0.758211,0
14.1,0.9,0,2.70529,-0.746302,0
14.1,1,0,2.69425,-0.73469,0
14.1,1.1,0,2.67854,-0.724834,0
14.1,1.2,0,2.6663,-0.708956,0
14.1,1.3,0,2.65391,-0.692943,0
14.1,1.4,0,2.64077,-0.678398,0
14.1,1.5,0,2.63649,-0.662255,0
14.1,1.6,0,2.62878,-0.648771,0
14.1,1.7,0,2.62083,-0.635693,0
14.1,1.8,0,2.61707,-0.628591,0
14.1,1.9,0,2.60576,-0.613079,0
14.1,2,0,2.59355,-0.597175,0
14.1,2.1,0,2.57446,-0.580027,0
14.1,2.2,0,2.56284,-0.561776,0
14.1,2.3,0,2.55476,-0.547512,0
14.1,2.4,0,2.54703,-0.533711,0
14.1,2.5,0,2.54511,-0.52428,0
14.1,2.6,0,2.53925,-0.510784,0
14.1,2.7,0,2.53319,-0.497285,0
14.1,2.8,0,2.52353,-0.484442,0
14.1,2.9,0,2.51128,-0.465871,0
14.1,3,0,2.50782,-0.453313,0
14.1,3.1,0,2.505,-0.441314,0
14.1,3.2,0,2.51131,-0.433475,0
14.1,3.3,0,2.50921,-0.420483,0
14.1,3.4,0,2.50677,-0.407533,0
14.1,3.5,0,2.50023,-0.396036,0
14.1,3.6,0,2.49531,-0.379884,0
14.1,3.7,0,2.48938,-0.365395,0
14.1,3.8,0,2.48372,-0.351227,0
14.1,3.9,0,2.4899,-0.34057,0
14.1,4,0,2.48896,-0.323713,0
14.1,4.1,0,2.48724,-0.306638,0
14.1,4.2,0,2.47682,-0.290111,0
14.1,4.3,0,2.4689,-0.27078,0
14.1,4.4,0,2.46051,-0.258763,0
14.1,4.5,0,2.45183,-0.247506,0
14.1,4.6,0,2.432,-0.244669,0
14.1,4.7,0,2.43005,-0.233643,0
14.1,4.8,0,2.42943,-0.222453,0
14.1,4.9,0,2.44378,-0.207754,0
14.1,5,0,2.45986,-0.1847,0
14.1,5.1,0,2.46382,-0.168302,0
14.1,5.2,0,2.46644,-0.152864,0
14.1,5.3,0,2.44723,-0.151588,0
14.1,5.4,0,2.43887,-0.140187,0
14.1,5.5,0,2.43099,-0.128398,0
14.1,5.6,0,2.42981,-0.112703,0
14.1,5.7,0,2.42705,-0.0941917,0
14.1,5.8,0,2.42674,-0.079979,0
14.1,5.9,0,2.42669,-0.066224,0
14.1,6,0,2.42901,-0.0589049,0
14.1,6.1,0,2.42891,-0.0455068,0
14.1,6.2,0,2.42879,-0.0318711,0
14.1,6.3,0,2.42816,-0.0171059,0
14.1,6.4,0,2.42384,-0.00384147,0
14.1,6.5,0,2.4216,0.0107012,0
14.1,6.6,0,2.41969,0.0252642,0
14.1,6.7,0,2.4261,0.0358813,0
14.1,6.8,0,2.42585,0.0472292,0
14.1,6.9,0,2.4251,0.0588574,0
14.1,7,0,2.4203,0.0723494,0
14.1,7.1,0,2.41862,0.0953954,0
14.1,7.2,0,2.41848,0.109285,0
14.1,7.3,0,2.41909,0.123543,0
14.1,7.4,0,2.42024,0.137923,0
14.1,7.5,0,2.42176,0.152321,0
14.1,7.6,0,2.42354,0.166774,0
14.1,7.7,0,2.42546,0.181261,0
14.1,7.8,0,2.42744,0.195805,0
14.1,7.9,0,2.42968,0.210168,0
14.1,8,0,2.43061,0.23006,0
14.1,8.1,0,2.45308,0.239479,0
14.1,8.2,0,2.4537,0.25174,0
14.1,8.3,0,2.45945,0.265239,0
14.1,8.4,0,2.46278,0.279651,0
14.1,8.5,0,2.46246,0.294696,0
14.1,8.6,0,2.47119,0.308996,0
14.1,8.7,0,2.45556,0.323786,0
14.1,8.8,0,2.4792,0.337278,0
14.1,8.9,0,2.48553,0.352319,0
14.1,9,0,2.48969,0.366691,0
14.1,9.1,0,2.49579,0.381614,0
14.1,9.2,0,2.49099,0.39512,0
14.1,9.3,0,2.50192,0.409489,0
14.1,9.4,0,2.49708,0.42517,0
14.1,9.5,0,2.51105,0.438002,0
14.1,9.6,0,2.51682,0.452712,0
14.1,9.7,0,2.51636,0.46528,0
14.1,9.8,0,2.52248,0.480033,0
14.1,9.9,0,2.52491,0.495169,0
14.1,10,0,2.53388,0.508096,0
14.1,10.1,0,2.53716,0.523863,0
14.1,10.2,0,2.54214,0.534933,0
14.1,10.3,0,2.54917,0.549464,0
14.1,10.4,0,2.55699,0.563435,0
14.1,10.5,0,2.56498,0.577623,0
14.1,10.6,0,2.57078,0.59246,0
14.1,10.7,0,2.57688,0.603494,0
14.1,10.8,0,2.58604,0.619814,0
14.1,10.9,0,2.59474,0.6323,0
14.1,11,0,2.60424,0.646538,0
14.1,11.1,0,2.61171,0.657591,0
14.1,11.2,0,2.62054,0.671392,0
14.1,11.3,0,2.63206,0.689226,0
14.1,11.4,0,2.64085,0.700303,0
14.1,11.5,0,2.65326,0.71593,0
14.1,11.6,0,2.66405,0.725535,0
14.1,11.7,0,2.67446,0.738663,0
14.1,11.8,0,2.68367,0.752036,0
14.1,11.9,0,2.69747,0.766837,0
14.1,12,0,2.71531,0.785065,0
14.1,12.1,0,2.72862,0.792443,0
14.1,12.2,0,2.7409,0.805396,0
14.1,12.3,0,2.74965,0.815161,0
14.1,12.4,0,2.76646,0.830009,0
14.1,12.5,0,2.79193,0.845857,0
14.1,12.6,0,2.80782,0.856103,0
14.1,12.7,0,2.81733,0.869109,0
14.2,0,0,2.80636,-0.872909,0
14.2,0.1,0,2.79473,-0.86298,0
14.2,0.2,0,2.78018,-0.852897,0
14.2,0.3,0,2.76563,-0.842815,0
14.2,0.4,0,2.7469,-0.828986,0
14.2,0.5,0,2.73326,-0.813852,0
14.2,0.6,0,2.71962,-0.798718,0
14.2,0.7,0,2.70813,-0.78587,0
14.2,0.8,0,2.70025,-0.773445,0
14.2,0.9,0,2.68981,-0.761537,0
14.2,1,0,2.67937,-0.749628,0
14.2,1.1,0,2.66637,-0.737179,0
14.2,1.2,0,2.65398,-0.721166,0
14.2,1.3,0,2.64158,-0.705154,0
14.2,1.4,0,2.62894,-0.68963,0
14.2,1.5,0,2.62237,-0.675259,0
14.2,1.6,0,2.61466,-0.661775,0
14.2,1.7,0,2.60695,-0.64829,0
14.2,1.8,0,2.59928,-0.636393,0
14.2,1.9,0,2.58707,-0.620489,0
14.2,2,0,2.57487,-0.604585,0
14.2,2.1,0,2.56036,-0.588266,0
14.2,2.2,0,2.55111,-0.572673,0
14.2,2.3,0,2.54303,-0.558408,0
14.2,2.4,0,2.53496,-0.544144,0
14.2,2.5,0,2.52979,-0.531901,0
14.2,2.6,0,2.52373,-0.518402,0
14.2,2.7,0,2.51766,-0.504902,0
14.2,2.8,0,2.5104,-0.491621,0
14.2,2.9,0,2.50402,-0.477059,0
14.2,3,0,2.50056,-0.464501,0
14.2,3.1,0,2.4971,-0.451943,0
14.2,3.2,0,2.49756,-0.441,0
14.2,3.3,0,2.49512,-0.42805,0
14.2,3.4,0,2.49269,-0.4151,0
14.2,3.5,0,2.48888,-0.402634,0
14.2,3.6,0,2.48328,-0.387591,0
14.2,3.7,0,2.47735,-0.373101,0
14.2,3.8,0,2.47141,-0.358612,0
14.2,3.9,0,2.47128,-0.344718,0
14.2,4,0,2.46955,-0.327643,0
14.2,4.1,0,2.46783,-0.310568,0
14.2,4.2,0,2.46321,-0.293676,0
14.2,4.3,0,2.45497,-0.279221,0
14.2,4.4,0,2.44657,-0.267204,0
14.2,4.5,0,2.43818,-0.255187,0
14.2,4.6,0,2.42802,-0.246814,0
14.2,4.7,0,2.42741,-0.235625,0
14.2,4.8,0,2.42679,-0.224435,0
14.2,4.9,0,2.43116,-0.212076,0
14.2,5,0,2.43916,-0.193459,0
14.2,5.1,0,2.44311,-0.177061,0
14.2,5.2,0,2.44707,-0.160663,0
14.2,5.3,0,2.43875,-0.151291,0
14.2,5.4,0,2.43087,-0.139502,0
14.2,5.5,0,2.42299,-0.127713,0
14.2,5.6,0,2.41735,-0.114622,0
14.2,5.7,0,2.41622,-0.0989761,0
14.2,5.8,0,2.41591,-0.0847634,0
14.2,5.9,0,2.4156,-0.0705508,0
14.2,6,0,2.41633,-0.0590601,0
14.2,6.1,0,2.41621,-0.0454243,0
14.2,6.2,0,2.4161,-0.0317886,0
14.2,6.3,0,2.41581,-0.0177763,0
14.2,6.4,0,2.41287,-0.00365976,0
14.2,6.5,0,2.41063,0.0108829,0
14.2,6.6,0,2.40838,0.0254256,0
14.2,6.7,0,2.4098,0.0376016,0
14.2,6.8,0,2.40905,0.0492297,0
14.2,6.9,0,2.4083,0.0608579,0
14.2,7,0,2.4062,0.0731073,0
14.2,7.1,0,2.40381,0.0964307,0
14.2,7.2,0,2.4034,0.110503,0
14.2,7.3,0,2.40385,0.124986,0
14.2,7.4,0,2.40494,0.139597,0
14.2,7.5,0,2.40645,0.15423,0
14.2,7.6,0,2.40824,0.168933,0
14.2,7.7,0,2.41018,0.183678,0
14.2,7.8,0,2.41217,0.198489,0
14.2,7.9,0,2.41441,0.213098,0
14.2,8,0,2.4151,0.233393,0
14.2,8.1,0,2.42378,0.244623,0
14.2,8.2,0,2.42558,0.256759,0
14.2,8.3,0,2.42896,0.270377,0
14.2,8.4,0,2.43229,0.284789,0
14.2,8.5,0,2.43606,0.299362,0
14.2,8.6,0,2.44043,0.31387,0
14.2,8.7,0,2.44022,0.328442,0
14.2,8.8,0,2.45017,0.342979,0
14.2,8.9,0,2.45649,0.35802,0
14.2,9,0,2.46201,0.372791,0
14.2,9.1,0,2.4681,0.387714,0
14.2,9.2,0,2.47215,0.401958,0
14.2,9.3,0,2.47842,0.417012,0
14.2,9.4,0,2.48373,0.432121,0
14.2,9.5,0,2.48953,0.446382,0
14.2,9.6,0,2.4953,0.461092,0
14.2,9.7,0,2.49912,0.475104,0
14.2,9.8,0,2.50524,0.489857,0
14.2,9.9,0,2.51099,0.504196,0
14.2,10,0,2.51754,0.518612,0
14.2,10.1,0,2.52409,0.533028,0
14.2,10.2,0,2.52931,0.546844,0
14.2,10.3,0,2.53634,0.561374,0
14.2,10.4,0,2.54396,0.575604,0
14.2,10.5,0,2.55196,0.589792,0
14.2,10.6,0,2.55863,0.603131,0
14.2,10.7,0,2.56646,0.61738,0
14.2,10.8,0,2.57429,0.63163,0
14.2,10.9,0,2.58375,0.645975,0
14.2,11,0,2.59325,0.660212,0
14.2,11.1,0,2.60188,0.673258,0
14.2,11.2,0,2.6107,0.687059,0
14.2,11.3,0,2.61996,0.701409,0
14.2,11.4,0,2.6311,0.715609,0
14.2,11.5,0,2.64246,0.730109,0
14.2,11.6,0,2.65351,0.742667,0
14.2,11.7,0,2.66393,0.755795,0
14.2,11.8,0,2.67484,0.769451,0
14.2,11.9,0,2.68864,0.784252,0
14.2,12,0,2.70383,0.799614,0
14.2,12.1,0,2.71657,0.81064,0
14.2,12.2,0,2.72914,0.822752,0
14.2,12.3,0,2.74232,0.835639,0
14.2,12.4,0,2.75913,0.850487,0
14.2,12.5,0,2.77864,0.864573,0
14.2,12.6,0,2.79427,0.875041,0
14.2,12.7,0,2.80785,0.886355,0
14.3,0,0,2.79423,-0.893165,0
14.3,0.1,0,2.78475,-0.88303,0
14.3,0.2,0,2.7702,-0.872947,0
14.3,0.3,0,2.75565,-0.862865,0
14.3,0.4,0,2.73513,-0.845909,0
14.3,0.5,0,2.7215,-0.830775,0
14.3,0.6,0,2.70786,-0.81564,0
14.3,0.7,0,2.69482,-0.802238,0
14.3,0.8,0,2.68929,-0.789345,0
14.3,0.9,0,2.67884,-0.777436,0
14.3,1,0,2.6684,-0.765528,0
14.3,1.1,0,2.65025,-0.750236,0
14.3,1.2,0,2.63785,-0.734224,0
14.3,1.3,0,2.62546,-0.718211,0
14.3,1.4,0,2.61444,-0.702236,0
14.3,1.5,0,2.61033,-0.686485,0
14.3,1.6,0,2.60262,-0.673001,0
14.3,1.7,0,2.59491,-0.659516,0
14.3,1.8,0,2.58017,-0.646473,0
14.3,1.9,0,2.56797,-0.630569,0
14.3,2,0,2.55576,-0.614665,0
14.3,2.1,0,2.54534,-0.597929,0
14.3,2.2,0,2.53827,-0.580296,0
14.3,2.3,0,2.5302,-0.566031,0
14.3,2.4,0,2.52212,-0.551767,0
14.3,2.5,0,2.51462,-0.542511,0
14.3,2.6,0,2.50856,-0.529011,0
14.3,2.7,0,2.5025,-0.515511,0
14.3,2.8,0,2.49745,-0.500387,0
14.3,2.9,0,2.49543,-0.484907,0
14.3,3,0,2.49197,-0.472349,0
14.3,3.1,0,2.48851,-0.459792,0
14.3,3.2,0,2.48442,-0.45205,0
14.3,3.3,0,2.48198,-0.4391,0
14.3,3.4,0,2.47954,-0.42615,0
14.3,3.5,0,2.47504,-0.409804,0
14.3,3.6,0,2.4716,-0.392381,0
14.3,3.7,0,2.46567,-0.377892,0
14.3,3.8,0,2.45973,-0.363402,0
14.3,3.9,0,2.44997,-0.352518,0
14.3,4,0,2.44824,-0.335443,0
14.3,4.1,0,2.44652,-0.318368,0
14.3,4.2,0,2.44848,-0.298433,0
14.3,4.3,0,2.44539,-0.28193,0
14.3,4.4,0,2.43699,-0.269913,0
14.3,4.5,0,2.4286,-0.257896,0
14.3,4.6,0,2.41816,-0.254223,0
14.3,4.7,0,2.41755,-0.243034,0
14.3,4.8,0,2.41693,-0.231845,0
14.3,4.9,0,2.41705,-0.216915,0
14.3,5,0,2.42399,-0.198709,0
14.3,5.1,0,2.42795,-0.182311,0
14.3,5.2,0,2.4319,-0.165913,0
14.3,5.3,0,2.42957,-0.152416,0
14.3,5.4,0,2.4217,-0.140627,0
14.3,5.5,0,2.41382,-0.128838,0
14.3,5.6,0,2.40441,-0.116665,0
14.3,5.7,0,2.40378,-0.102843,0
14.3,5.8,0,2.40348,-0.08863,0
14.3,5.9,0,2.40317,-0.0744173,0
14.3,6,0,2.40517,-0.0596829,0
14.3,6.1,0,2.40506,-0.0460471,0
14.3,6.2,0,2.40494,-0.0324114,0
14.3,6.3,0,2.4019,-0.0183205,0
14.3,6.4,0,2.40115,-0.00310685,0
14.3,6.5,0,2.3989,0.0114358,0
14.3,6.6,0,2.39665,0.0259785,0
14.3,6.7,0,2.3932,0.0403047,0
14.3,6.8,0,2.39245,0.0519328,0
14.3,6.9,0,2.3917,0.063561,0
14.3,7,0,2.39222,0.0742812,0
14.3,7.1,0,2.38976,0.0978034,0
14.3,7.2,0,2.38923,0.112171,0
14.3,7.3,0,2.38955,0.126924,0
14.3,7.4,0,2.39052,0.141782,0
14.3,7.5,0,2.39194,0.156659,0
14.3,7.6,0,2.39367,0.171606,0
14.3,7.7,0,2.39558,0.186597,0
14.3,7.8,0,2.39758,0.201654,0
14.3,7.9,0,2.39985,0.216515,0
14.3,8,0,2.40066,0.237141,0
14.3,8.1,0,2.3939,0.249593,0
14.3,8.2,0,2.39569,0.261729,0
14.3,8.3,0,2.39868,0.275126,0
14.3,8.4,0,2.40201,0.289538,0
14.3,8.5,0,2.40483,0.304602,0
14.3,8.6,0,2.40921,0.319109,0
14.3,8.7,0,2.41893,0.333691,0
14.3,8.8,0,2.42113,0.348182,0
14.3,8.9,0,2.42745,0.363223,0
14.3,9,0,2.43439,0.379418,0
14.3,9.1,0,2.44048,0.394341,0
14.3,9.2,0,2.44854,0.408922,0
14.3,9.3,0,2.45481,0.423976,0
14.3,9.4,0,2.4618,0.439074,0
14.3,9.5,0,2.46825,0.455407,0
14.3,9.6,0,2.47402,0.470117,0
14.3,9.7,0,2.48156,0.484272,0
14.3,9.8,0,2.48768,0.499025,0
14.3,9.9,0,2.49488,0.51545,0
14.3,10,0,2.50143,0.529866,0
14.3,10.1,0,2.50798,0.544282,0
14.3,10.2,0,2.51614,0.557987,0
14.3,10.3,0,2.52318,0.572518,0
14.3,10.4,0,2.53103,0.588625,0
14.3,10.5,0,2.53903,0.602812,0
14.3,10.6,0,2.54815,0.61615,0
14.3,10.7,0,2.55598,0.630399,0
14.3,10.8,0,2.56382,0.644648,0
14.3,10.9,0,2.57241,0.660519,0
14.3,11,0,2.58191,0.674757,0
14.3,11.1,0,2.59256,0.688162,0
14.3,11.2,0,2.60139,0.701963,0
14.3,11.3,0,2.60844,0.716743,0
14.3,11.4,0,2.6202,0.731504,0
14.3,11.5,0,2.63156,0.746004,0
14.3,11.6,0,2.64435,0.759549,0
14.3,11.7,0,2.65477,0.772678,0
14.3,11.8,0,2.6638,0.786703,0
14.3,11.9,0,2.6776,0.801504,0
14.3,12,0,2.69173,0.817029,0
14.3,12.1,0,2.70704,0.829666,0
14.3,12.2,0,2.7196,0.841778,0
14.3,12.3,0,2.73141,0.854611,0
14.3,12.4,0,2.74822,0.86946,0
14.3,12.5,0,2.76895,0.8861,0
14.3,12.6,0,2.78457,0.896568,0
14.3,12.7,0,2.79522,0.906599,0
14.4,0,0,2.77946,-0.917035,0
14.4,0.1,0,2.78012,-0.906795,0
14.4,0.2,0,2.76557,-0.896712,0
14.4,0.3,0,2.74944,-0.886268,0
14.4,0.4,0,2.71792,-0.861858,0
14.4,0.5,0,2.70404,-0.845844,0
14.4,0.6,0,2.6904,-0.830709,0
14.4,0.7,0,2.67855,-0.820771,0
14.4,0.8,0,2.68284,-0.80591,0
14.4,0.9,0,2.6724,-0.794001,0
14.4,1,0,2.66039,-0.782036,0
14.4,1.1,0,2.63069,-0.764464,0
14.4,1.2,0,2.61793,-0.748128,0
14.4,1.3,0,2.60554,-0.732115,0
14.4,1.4,0,2.59726,-0.716217,0
14.4,1.5,0,2.60037,-0.695933,0
14.4,1.6,0,2.59266,-0.682448,0
14.4,1.7,0,2.58384,-0.669384,0
14.4,1.8,0,2.56091,-0.659171,0
14.4,1.9,0,2.54844,-0.643319,0
14.4,2,0,2.53623,-0.627415,0
14.4,2.1,0,2.52938,-0.609016,0
14.4,2.2,0,2.52434,-0.584645,0
14.4,2.3,0,2.51626,-0.570381,0
14.4,2.4,0,2.50822,-0.557066,0
14.4,2.5,0,2.49997,-0.55574,0
14.4,2.6,0,2.49376,-0.542612,0
14.4,2.7,0,2.4877,-0.529112,0
14.4,2.8,0,2.48468,-0.510742,0
14.4,2.9,0,2.48552,-0.489417,0
14.4,3,0,2.48206,-0.476859,0
14.4,3.1,0,2.47806,-0.46503,0
14.4,3.2,0,2.472,-0.465882,0
14.4,3.3,0,2.46978,-0.453634,0
14.4,3.4,0,2.46734,-0.440684,0
14.4,3.5,0,2.4587,-0.417545,0
14.4,3.6,0,2.46026,-0.394255,0
14.4,3.7,0,2.45433,-0.379765,0
14.4,3.8,0,2.44748,-0.365896,0
14.4,3.9,0,2.42755,-0.363408,0
14.4,4,0,2.42504,-0.347112,0
14.4,4.1,0,2.42332,-0.330037,0
14.4,4.2,0,2.43264,-0.304382,0
14.4,4.3,0,2.44017,-0.278905,0
14.4,4.4,0,2.43177,-0.266889,0
14.4,4.5,0,2.42262,-0.256062,0
14.4,4.6,0,2.40202,-0.265985,0
14.4,4.7,0,2.40046,-0.255871,0
14.4,4.8,0,2.39985,-0.244682,0
14.4,4.9,0,2.40145,-0.222273,0
14.4,5,0,2.41436,-0.20045,0
14.4,5.1,0,2.41832,-0.184052,0
14.4,5.2,0,2.42125,-0.167852,0
14.4,5.3,0,2.41831,-0.155379,0
14.4,5.4,0,2.41134,-0.143563,0
14.4,5.5,0,2.40347,-0.131774,0
14.4,5.6,0,2.391,-0.118832,0
14.4,5.7,0,2.38974,-0.105791,0
14.4,5.8,0,2.38943,-0.0915787,0
14.4,5.9,0,2.38896,-0.0772025,0
14.4,6,0,2.39477,-0.061079,0
14.4,6.1,0,2.39544,-0.0473753,0
14.4,6.2,0,2.39533,-0.0337396,0
14.4,6.3,0,2.38644,-0.0187382,0
14.4,6.4,0,2.38867,-0.00218275,0
14.4,6.5,0,2.38642,0.0123599,0
14.4,6.6,0,2.38381,0.0267963,0
14.4,6.7,0,2.37699,0.0432496,0
14.4,6.8,0,2.37605,0.0553385,0
14.4,6.9,0,2.3753,0.0669666,0
14.4,7,0,2.37835,0.075871,0
14.4,7.1,0,2.37645,0.0995136,0
14.4,7.2,0,2.37597,0.114287,0
14.4,7.3,0,2.37619,0.129355,0
14.4,7.4,0,2.37699,0.14448,0
14.4,7.5,0,2.37824,0.159608,0
14.4,7.6,0,2.37983,0.174792,0
14.4,7.7,0,2.38167,0.190019,0
14.4,7.8,0,2.38368,0.2053,0
14.4,7.9,0,2.38599,0.220418,0
14.4,8,0,2.3873,0.241303,0
14.4,8.1,0,2.36342,0.25439,0
14.4,8.2,0,2.36673,0.266524,0
14.4,8.3,0,2.36861,0.279486,0
14.4,8.4,0,2.37194,0.293898,0
14.4,8.5,0,2.37853,0.310173,0
14.4,8.6,0,2.37751,0.324714,0
14.4,8.7,0,2.40521,0.339544,0
14.4,8.8,0,2.39207,0.352887,0
14.4,8.9,0,2.39839,0.367929,0
14.4,9,0,2.40684,0.386572,0
14.4,9.1,0,2.41294,0.401495,0
14.4,9.2,0,2.4287,0.415334,0
14.4,9.3,0,2.43109,0.430381,0
14.4,9.4,0,2.44552,0.445931,0
14.4,9.5,0,2.4472,0.465076,0
14.4,9.6,0,2.45297,0.479786,0
14.4,9.7,0,2.46367,0.492785,0
14.4,9.8,0,2.46979,0.507538,0
14.4,9.9,0,2.47862,0.524662,0
14.4,10,0,2.48553,0.541859,0
14.4,10.1,0,2.49169,0.553325,0
14.4,10.2,0,2.50263,0.568364,0
14.4,10.3,0,2.50967,0.582894,0
14.4,10.4,0,2.51821,0.602497,0
14.4,10.5,0,2.52621,0.616685,0
14.4,10.6,0,2.53241,0.626778,0
14.4,10.7,0,2.54545,0.642551,0
14.4,10.8,0,2.54924,0.656267,0
14.4,10.9,0,2.56071,0.675933,0
14.4,11,0,2.57021,0.690171,0
14.4,11.1,0,2.58376,0.702305,0
14.4,11.2,0,2.59259,0.716106,0
14.4,11.3,0,2.59218,0.730491,0
14.4,11.4,0,2.60816,0.747988,0
14.4,11.5,0,2.61746,0.761861,0
14.4,11.6,0,2.63657,0.776181,0
14.4,11.7,0,2.64699,0.78931,0
14.4,11.8,0,2.65054,0.80379,0
14.4,11.9,0,2.66434,0.818591,0
14.4,12,0,2.67554,0.835122,0
14.4,12.1,0,2.70003,0.84952,0
14.4,12.2,0,2.71001,0.861563,0
14.4,12.3,0,2.71693,0.872077,0
14.4,12.4,0,2.73374,0.886926,0
14.4,12.5,0,2.76224,0.909984,0
14.4,12.6,0,2.77875,0.920685,0
14.4,12.7,0,2.77943,0.929841,0
14.5,0,0,2.76469,-0.940905,0
14.5,0.1,0,2.7755,-0.930559,0
14.5,0.2,0,2.76095,-0.920477,0
14.5,0.3,0,2.73372,-0.907498,0
14.5,0.4,0,2.7022,-0.883089,0
14.5,0.5,0,2.68658,-0.860913,0
14.5,0.6,0,2.67294,-0.845779,0
14.5,0.7,0,2.66228,-0.839305,0
14.5,0.8,0,2.67639,-0.822475,0
14.5,0.9,0,2.66595,-0.810566,0
14.5,1,0,2.64301,-0.798203,0
14.5,1.1,0,2.6133,-0.780631,0
14.5,1.2,0,2.59801,-0.762032,0
14.5,1.3,0,2.58561,-0.746019,0
14.5,1.4,0,2.58008,-0.730197,0
14.5,1.5,0,2.5904,-0.70538,0
14.5,1.6,0,2.58269,-0.691896,0
14.5,1.7,0,2.56616,-0.681775,0
14.5,1.8,0,2.54323,-0.671562,0
14.5,1.9,0,2.52891,-0.656068,0
14.5,2,0,2.51671,-0.640164,0
14.5,2.1,0,2.51342,-0.620103,0
14.5,2.2,0,2.5104,-0.588995,0
14.5,2.3,0,2.50233,-0.57473,0
14.5,2.4,0,2.4945,-0.568066,0
14.5,2.5,0,2.48625,-0.56674,0
14.5,2.6,0,2.47895,-0.556213,0
14.5,2.7,0,2.47289,-0.542713,0
14.5,2.8,0,2.47191,-0.521096,0
14.5,2.9,0,2.47561,-0.493926,0
14.5,3,0,2.47216,-0.481368,0
14.5,3.1,0,2.46436,-0.474645,0
14.5,3.2,0,2.4583,-0.475496,0
14.5,3.3,0,2.45757,-0.468169,0
14.5,3.4,0,2.45514,-0.455219,0
14.5,3.5,0,2.44237,-0.425287,0
14.5,3.6,0,2.44892,-0.396128,0
14.5,3.7,0,2.44299,-0.381639,0
14.5,3.8,0,2.42978,-0.37211,0
14.5,3.9,0,2.40985,-0.369621,0
14.5,4,0,2.40184,-0.358781,0
14.5,4.1,0,2.40011,-0.341706,0
14.5,4.2,0,2.41679,-0.310332,0
14.5,4.3,0,2.43494,-0.275881,0
14.5,4.4,0,2.42655,-0.263864,0
14.5,4.5,0,2.41209,-0.261368,0
14.5,4.6,0,2.39149,-0.271292,0
14.5,4.7,0,2.38338,-0.268709,0
14.5,4.8,0,2.38276,-0.257519,0
14.5,4.9,0,2.38585,-0.227631,0
14.5,5,0,2.40473,-0.202192,0
14.5,5.1,0,2.40869,-0.185794,0
14.5,5.2,0,2.40453,-0.170975,0
14.5,5.3,0,2.40159,-0.158503,0
14.5,5.4,0,2.40099,-0.146499,0
14.5,5.5,0,2.39311,-0.13471,0
14.5,5.6,0,2.37759,-0.120999,0
14.5,5.7,0,2.37569,-0.10874,0
14.5,5.8,0,2.37538,-0.0945273,0
14.5,5.9,0,2.3738,-0.0790063,0
14.5,6,0,2.37961,-0.0628829,0
14.5,6.1,0,2.38583,-0.0487035,0
14.5,6.2,0,2.38572,-0.0350677,0
14.5,6.3,0,2.37098,-0.019156,0
14.5,6.4,0,2.37619,-0.00125864,0
14.5,6.5,0,2.37394,0.013284,0
14.5,6.6,0,2.36874,0.0269766,0
14.5,6.7,0,2.36192,0.0434298,0
14.5,6.8,0,2.35965,0.0587441,0
14.5,6.9,0,2.35891,0.0703723,0
14.5,7,0,2.36449,0.0774608,0
14.5,7.1,0,2.36314,0.101224,0
14.5,7.2,0,2.36272,0.116402,0
14.5,7.3,0,2.36283,0.131786,0
14.5,7.4,0,2.36346,0.147178,0
14.5,7.5,0,2.36453,0.162557,0
14.5,7.6,0,2.36599,0.177977,0
14.5,7.7,0,2.36776,0.193442,0
14.5,7.8,0,2.36977,0.208946,0
14.5,7.9,0,2.37212,0.224321,0
14.5,8,0,2.37394,0.245465,0
14.5,8.1,0,2.33294,0.259186,0
14.5,8.2,0,2.3541,0.271306,0
14.5,8.3,0,2.33854,0.283846,0
14.5,8.4,0,2.34187,0.298258,0
14.5,8.5,0,2.36563,0.315659,0
14.5,8.6,0,2.34581,0.330319,0
14.5,8.7,0,2.39148,0.345397,0
14.5,8.8,0,2.36301,0.357593,0
14.5,8.9,0,2.38177,0.373904,0
14.5,9,0,2.38023,0.393651,0
14.5,9.1,0,2.38539,0.408649,0
14.5,9.2,0,2.41291,0.421753,0
14.5,9.3,0,2.40736,0.436786,0
14.5,9.4,0,2.42924,0.452788,0
14.5,9.5,0,2.42616,0.474745,0
14.5,9.6,0,2.43511,0.487884,0
14.5,9.7,0,2.4462,0.50098,0
14.5,9.8,0,2.4519,0.516052,0
14.5,9.9,0,2.46219,0.532632,0
14.5,10,0,2.46964,0.553852,0
14.5,10.1,0,2.47535,0.562017,0
14.5,10.2,0,2.48912,0.578741,0
14.5,10.3,0,2.49477,0.592823,0
14.5,10.4,0,2.50367,0.614247,0
14.5,10.5,0,2.51338,0.630557,0
14.5,10.6,0,2.51606,0.637225,0
14.5,10.7,0,2.53491,0.654703,0
14.5,10.8,0,2.53286,0.667647,0
14.5,10.9,0,2.54901,0.691347,0
14.5,11,0,2.55724,0.704819,0
14.5,11.1,0,2.56985,0.715429,0
14.5,11.2,0,2.58379,0.730249,0
14.5,11.3,0,2.57592,0.74424,0
14.5,11.4,0,2.59612,0.764472,0
14.5,11.5,0,2.60122,0.777066,0
14.5,11.6,0,2.6288,0.792814,0
14.5,11.7,0,2.63859,0.805931,0
14.5,11.8,0,2.63474,0.820344,0
14.5,11.9,0,2.65108,0.835679,0
14.5,12,0,2.65935,0.853214,0
14.5,12.1,0,2.69302,0.869375,0
14.5,12.2,0,2.69401,0.881178,0
14.5,12.3,0,2.70245,0.889544,0
14.5,12.4,0,2.71926,0.904392,0
14.5,12.5,0,2.74611,0.931363,0
14.5,12.6,0,2.77292,0.944801,0
14.5,12.7,0,2.76364,0.953083,0
14.6,0,0,2.74993,-0.964775,0
14.6,0.1,0,2.7629,-0.954407,0
14.6,0.2,0,2.75632,-0.944241,0
14.6,0.3,0,2.718,-0.928729,0
14.6,0.4,0,2.68648,-0.90432,0
14.6,0.5,0,2.66911,-0.875982,0
14.6,0.6,0,2.65641,-0.86357,0
14.6,0.7,0,2.64601,-0.857838,0
14.6,0.8,0,2.66223,-0.840586,0
14.6,0.9,0,2.65951,-0.827131,0
14.6,1,0,2.62562,-0.814371,0
14.6,1.1,0,2.59591,-0.796799,0
14.6,1.2,0,2.57808,-0.775936,0
14.6,1.3,0,2.56785,-0.759983,0
14.6,1.4,0,2.56291,-0.744177,0
14.6,1.5,0,2.57477,-0.718389,0
14.6,1.6,0,2.57273,-0.701343,0
14.6,1.7,0,2.54848,-0.694166,0
14.6,1.8,0,2.52554,-0.683953,0
14.6,1.9,0,2.50939,-0.668818,0
14.6,2,0,2.49998,-0.651607,0
14.6,2.1,0,2.49746,-0.63119,0
14.6,2.2,0,2.49488,-0.598638,0
14.6,2.3,0,2.48839,-0.579079,0
14.6,2.4,0,2.48077,-0.579066,0
14.6,2.5,0,2.47253,-0.57774,0
14.6,2.6,0,2.46415,-0.569814,0
14.6,2.7,0,2.45968,-0.553763,0
14.6,2.8,0,2.45913,-0.53145,0
14.6,2.9,0,2.46345,-0.503028,0
14.6,3,0,2.46225,-0.485878,0
14.6,3.1,0,2.45066,-0.48426,0
14.6,3.2,0,2.4446,-0.485111,0
14.6,3.3,0,2.44537,-0.482703,0
14.6,3.4,0,2.43969,-0.464416,0
14.6,3.5,0,2.42603,-0.433028,0
14.6,3.6,0,2.43366,-0.402612,0
14.6,3.7,0,2.43165,-0.383513,0
14.6,3.8,0,2.41208,-0.378324,0
14.6,3.9,0,2.39215,-0.375835,0
14.6,4,0,2.37864,-0.37045,0
14.6,4.1,0,2.3827,-0.348881,0
14.6,4.2,0,2.40095,-0.316281,0
14.6,4.3,0,2.42138,-0.279907,0
14.6,4.4,0,2.42132,-0.26084,0
14.6,4.5,0,2.40156,-0.266675,0
14.6,4.6,0,2.38096,-0.276598,0
14.6,4.7,0,2.3663,-0.281546,0
14.6,4.8,0,2.36685,-0.264479,0
14.6,4.9,0,2.37025,-0.232988,0
14.6,5,0,2.39041,-0.206774,0
14.6,5.1,0,2.39906,-0.187535,0
14.6,5.2,0,2.3878,-0.174099,0
14.6,5.3,0,2.38486,-0.161627,0
14.6,5.4,0,2.39064,-0.149435,0
14.6,5.5,0,2.38036,-0.137042,0
14.6,5.6,0,2.36417,-0.123166,0
14.6,5.7,0,2.36214,-0.111075,0
14.6,5.8,0,2.36133,-0.097476,0
14.6,5.9,0,2.35864,-0.0808102,0
14.6,6,0,2.36445,-0.0646867,0
14.6,6.1,0,2.37622,-0.0500316,0
14.6,6.2,0,2.37151,-0.0356806,0
14.6,6.3,0,2.35552,-0.0195738,0
14.6,6.4,0,2.36137,-0.00138887,0
14.6,6.5,0,2.36147,0.0142081,0
14.6,6.6,0,2.35368,0.0271568,0
14.6,6.7,0,2.34686,0.04361,0
14.6,6.8,0,2.34325,0.0621498,0
14.6,6.9,0,2.3445,0.0723512,0
14.6,7,0,2.35062,0.0790507,0
14.6,7.1,0,2.34983,0.102934,0
14.6,7.2,0,2.34946,0.118518,0
14.6,7.3,0,2.34947,0.134217,0
14.6,7.4,0,2.34993,0.149875,0
14.6,7.5,0,2.35083,0.165506,0
14.6,7.6,0,2.35214,0.181163,0
14.6,7.7,0,2.35385,0.196864,0
14.6,7.8,0,2.35587,0.212592,0
14.6,7.9,0,2.35826,0.228224,0
14.6,8,0,2.36058,0.249627,0
14.6,8.1,0,2.30246,0.263982,0
14.6,8.2,0,2.34147,0.276088,0
14.6,8.3,0,2.32368,0.288574,0
14.6,8.4,0,2.3233,0.303373,0
14.6,8.5,0,2.35273,0.321145,0
14.6,8.6,0,2.31412,0.335924,0
14.6,8.7,0,2.37776,0.35125,0
14.6,8.8,0,2.33396,0.362299,0
14.6,8.9,0,2.36679,0.380047,0
14.6,9,0,2.36525,0.399794,0
14.6,9.1,0,2.36334,0.415459,0
14.6,9.2,0,2.39712,0.428172,0
14.6,9.3,0,2.38364,0.44319,0
14.6,9.4,0,2.41297,0.459646,0
14.6,9.5,0,2.40512,0.484414,0
14.6,9.6,0,2.41874,0.495246,0
14.6,9.7,0,2.42982,0.508343,0
14.6,9.8,0,2.4344,0.52442,0
14.6,9.9,0,2.44576,0.540603,0
14.6,10,0,2.45374,0.565844,0
14.6,10.1,0,2.459,0.570709,0
14.6,10.2,0,2.47544,0.58901,0
14.6,10.3,0,2.47836,0.602262,0
14.6,10.4,0,2.48726,0.623686,0
14.6,10.5,0,2.50033,0.64421,0
14.6,10.6,0,2.4997,0.647671,0
14.6,10.7,0,2.52437,0.666856,0
14.6,10.8,0,2.51648,0.679027,0
14.6,10.9,0,2.53607,0.705689,0
14.6,11,0,2.54093,0.717465,0
14.6,11.1,0,2.55354,0.728074,0
14.6,11.2,0,2.57499,0.744392,0
14.6,11.3,0,2.55966,0.757988,0
14.6,11.4,0,2.58407,0.780956,0
14.6,11.5,0,2.58498,0.79227,0
14.6,11.6,0,2.61706,0.808778,0
14.6,11.7,0,2.62247,0.822414,0
14.6,11.8,0,2.61862,0.836827,0
14.6,11.9,0,2.63781,0.852767,0
14.6,12,0,2.64315,0.871307,0
14.6,12.1,0,2.68601,0.88923,0
14.6,12.2,0,2.67801,0.900792,0
14.6,12.3,0,2.68695,0.90845,0
14.6,12.4,0,2.70334,0.925272,0
14.6,12.5,0,2.72998,0.952741,0
14.6,12.6,0,2.7671,0.968918,0
14.6,12.7,0,2.74785,0.976325,0
14.7,0,0,2.73516,-0.988645,0
14.7,0.1,0,2.74814,-0.978277,0
14.7,0.2,0,2.74694,-0.96692,0
14.7,0.3,0,2.70228,-0.94996,0
14.7,0.4,0,2.67076,-0.92555,0
14.7,0.5,0,2.6524,-0.893692,0
14.7,0.6,0,2.64014,-0.882103,0
14.7,0.7,0,2.62974,-0.876371,0
14.7,0.8,0,2.64596,-0.859119,0
14.7,0.9,0,2.64837,-0.843525,0
14.7,1,0,2.60824,-0.830538,0
14.7,1.1,0,2.57853,-0.812966,0
14.7,1.2,0,2.55925,-0.79081,0
14.7,1.3,0,2.55067,-0.773964,0
14.7,1.4,0,2.54573,-0.758158,0
14.7,1.5,0,2.5576,-0.73237,0
14.7,1.6,0,2.55946,-0.712052,0
14.7,1.7,0,2.53079,-0.706557,0
14.7,1.8,0,2.50786,-0.696344,0
14.7,1.9,0,2.49065,-0.681414,0
14.7,2,0,2.48402,-0.662694,0
14.7,2.1,0,2.4815,-0.642277,0
14.7,2.2,0,2.47892,-0.609725,0
14.7,2.3,0,2.47455,-0.586279,0
14.7,2.4,0,2.46705,-0.590066,0
14.7,2.5,0,2.45881,-0.58874,0
14.7,2.6,0,2.44981,-0.582301,0
14.7,2.7,0,2.44691,-0.564118,0
14.7,2.8,0,2.44636,-0.541804,0
14.7,2.9,0,2.45068,-0.513382,0
14.7,3,0,2.45072,-0.492575,0
14.7,3.1,0,2.43696,-0.493875,0
14.7,3.2,0,2.4309,-0.494726,0
14.7,3.3,0,2.43253,-0.495129,0
14.7,3.4,0,2.42335,-0.472157,0
14.7,3.5,0,2.4097,-0.440769,0
14.7,3.6,0,2.41732,-0.410353,0
14.7,3.7,0,2.41758,-0.387246,0
14.7,3.8,0,2.39438,-0.384538,0
14.7,3.9,0,2.37445,-0.382049,0
14.7,4,0,2.35779,-0.379781,0
14.7,4.1,0,2.36685,-0.35483,0
14.7,4.2,0,2.38511,-0.32223,0
14.7,4.3,0,2.40553,-0.285857,0
14.7,4.4,0,2.41382,-0.261386,0
14.7,4.5,0,2.39103,-0.271982,0
14.7,4.6,0,2.37043,-0.281905,0
14.7,4.7,0,2.35202,-0.291156,0
14.7,4.8,0,2.35124,-0.269837,0
14.7,4.9,0,2.35465,-0.238346,0
14.7,5,0,2.37481,-0.212132,0
14.7,5.1,0,2.38638,-0.189869,0
14.7,5.2,0,2.37107,-0.177223,0
14.7,5.3,0,2.36813,-0.164751,0
14.7,5.4,0,2.37756,-0.152452,0
14.7,5.5,0,2.36695,-0.139209,0
14.7,5.6,0,2.35076,-0.125334,0
14.7,5.7,0,2.34873,-0.113242,0
14.7,5.8,0,2.34681,-0.099934,0
14.7,5.9,0,2.34348,-0.0826141,0
14.7,6,0,2.34929,-0.0664906,0
14.7,6.1,0,2.36423,-0.0515637,0
14.7,6.2,0,2.35605,-0.0360984,0
14.7,6.3,0,2.34006,-0.0199915,0
14.7,6.4,0,2.34591,-0.00180664,0
14.7,6.5,0,2.34788,0.0148134,0
14.7,6.6,0,2.33861,0.027337,0
14.7,6.7,0,2.33179,0.0437902,0
14.7,6.8,0,2.32743,0.0641731,0
14.7,6.9,0,2.33063,0.073941,0
14.7,7,0,2.33676,0.0806405,0
14.7,7.1,0,2.33652,0.104644,0
14.7,7.2,0,2.33621,0.120634,0
14.7,7.3,0,2.33612,0.136648,0
14.7,7.4,0,2.3364,0.152573,0
14.7,7.5,0,2.33713,0.168454,0
14.7,7.6,0,2.3383,0.184349,0
14.7,7.7,0,2.33994,0.200286,0
14.7,7.8,0,2.34197,0.216238,0
14.7,7.9,0,2.3444,0.232127,0
14.7,8,0,2.34722,0.25379,0
14.7,8.1,0,2.27982,0.268488,0
14.7,8.2,0,2.32884,0.280871,0
14.7,8.3,0,2.31105,0.293356,0
14.7,8.4,0,2.3104,0.308859,0
14.7,8.5,0,2.33982,0.326632,0
14.7,8.6,0,2.28701,0.341593,0
14.7,8.7,0,2.36403,0.357103,0
14.7,8.8,0,2.31501,0.367761,0
14.7,8.9,0,2.35181,0.38619,0
14.7,9,0,2.35027,0.405937,0
14.7,9.1,0,2.34755,0.421878,0
14.7,9.2,0,2.38133,0.434591,0
14.7,9.3,0,2.36031,0.449619,0
14.7,9.4,0,2.39669,0.466503,0
14.7,9.5,0,2.38818,0.49166,0
14.7,9.6,0,2.40237,0.502609,0
14.7,9.7,0,2.41345,0.515705,0
14.7,9.8,0,2.41797,0.532391,0
14.7,9.9,0,2.42934,0.548573,0
14.7,10,0,2.43785,0.577837,0
14.7,10.1,0,2.44266,0.579401,0
14.7,10.2,0,2.45909,0.597702,0
14.7,10.3,0,2.46195,0.611702,0
14.7,10.4,0,2.47085,0.633126,0
14.7,10.5,0,2.48398,0.654657,0
14.7,10.6,0,2.48335,0.658118,0
14.7,10.7,0,2.51384,0.679008,0
14.7,10.8,0,2.5001,0.690407,0
14.7,10.9,0,2.51969,0.717069,0
14.7,11,0,2.52462,0.730111,0
14.7,11.1,0,2.53722,0.74072,0
14.7,11.2,0,2.55977,0.758195,0
14.7,11.3,0,2.54341,0.771737,0
14.7,11.4,0,2.5718,0.797295,0
14.7,11.5,0,2.56873,0.807474,0
14.7,11.6,0,2.60081,0.823982,0
14.7,11.7,0,2.60634,0.838897,0
14.7,11.8,0,2.60249,0.85331,0
14.7,11.9,0,2.62262,0.870517,0
14.7,12,0,2.62696,0.8894,0
14.7,12.1,0,2.67666,0.908634,0
14.7,12.2,0,2.66201,0.920407,0
14.7,12.3,0,2.67095,0.928064,0
14.7,12.4,0,2.68721,0.94665,0
14.7,12.5,0,2.71384,0.97412,0
14.7,12.6,0,2.75671,0.992635,0
14.7,12.7,0,2.73206,0.999567,0
14.8,0,0,2.72039,-1.01251,0
14.8,0.1,0,2.73337,-1.00215,0
14.8,0.2,0,2.7305,-0.988158,0
14.8,0.3,0,2.68656,-0.971191,0
14.8,0.4,0,2.65504,-0.946781,0
14.8,0.5,0,2.63677,-0.91517,0
14.8,0.6,0,2.62387,-0.900636,0
14.8,0.7,0,2.61347,-0.894904,0
14.8,0.8,0,2.62969,-0.877653,0
14.8,0.9,0,2.63029,-0.859833,0
14.8,1,0,2.59085,-0.846705,0
14.8,1.1,0,2.56114,-0.829134,0
14.8,1.2,0,2.54206,-0.806983,0
14.8,1.3,0,2.53349,-0.787944,0
14.8,1.4,0,2.52855,-0.772138,0
14.8,1.5,0,2.54042,-0.74635,0
14.8,1.6,0,2.54126,-0.724767,0
14.8,1.7,0,2.51311,-0.718947,0
14.8,1.8,0,2.49017,-0.708734,0
14.8,1.9,0,2.47322,-0.693686,0
14.8,2,0,2.46806,-0.673781,0
14.8,2.1,0,2.46553,-0.653364,0
14.8,2.2,0,2.46295,-0.620812,0
14.8,2.3,0,2.46068,-0.59776,0
14.8,2.4,0,2.45333,-0.601066,0
14.8,2.5,0,2.44508,-0.59974,0
14.8,2.6,0,2.43623,-0.593069,0
14.8,2.7,0,2.43414,-0.574472,0
14.8,2.8,0,2.43358,-0.552159,0
14.8,2.9,0,2.43791,-0.523736,0
14.8,3,0,2.43681,-0.502608,0
14.8,3.1,0,2.42326,-0.50349,0
14.8,3.2,0,2.4172,-0.504341,0
14.8,3.3,0,2.41853,-0.504258,0
14.8,3.4,0,2.40702,-0.479898,0
14.8,3.5,0,2.39336,-0.44851,0
14.8,3.6,0,2.40099,-0.418095,0
14.8,3.7,0,2.39953,-0.393879,0
14.8,3.8,0,2.37668,-0.390751,0
14.8,3.9,0,2.35675,-0.388263,0
14.8,4,0,2.34062,-0.385586,0
14.8,4.1,0,2.35101,-0.360779,0
14.8,4.2,0,2.36927,-0.328179,0
14.8,4.3,0,2.38969,-0.291806,0
14.8,4.4,0,2.40254,-0.267334,0
14.8,4.5,0,2.3805,-0.277288,0
14.8,4.6,0,2.3599,-0.287212,0
14.8,4.7,0,2.3416,-0.295928,0
14.8,4.8,0,2.33564,-0.275195,0
14.8,4.9,0,2.33905,-0.243703,0
14.8,5,0,2.35921,-0.21749,0
14.8,5.1,0,2.36923,-0.193251,0
14.8,5.2,0,2.35435,-0.180347,0
14.8,5.3,0,2.3514,-0.167875,0
14.8,5.4,0,2.36061,-0.155521,0
14.8,5.5,0,2.35353,-0.141377,0
14.8,5.6,0,2.33735,-0.127501,0
14.8,5.7,0,2.33532,-0.115409,0
14.8,5.8,0,2.33169,-0.101682,0
14.8,5.9,0,2.32832,-0.0844179,0
14.8,6,0,2.33413,-0.0682945,0
14.8,6.1,0,2.34865,-0.0533025,0
14.8,6.2,0,2.34058,-0.0365161,0
14.8,6.3,0,2.3246,-0.0204093,0
14.8,6.4,0,2.33045,-0.00222441,0
14.8,6.5,0,2.3326,0.0148978,0
14.8,6.6,0,2.32355,0.0275172,0
14.8,6.7,0,2.31673,0.0439705,0
14.8,6.8,0,2.31254,0.0642236,0
14.8,6.9,0,2.31676,0.0755308,0
14.8,7,0,2.32289,0.0822303,0
14.8,7.1,0,2.32321,0.106354,0
14.8,7.2,0,2.32295,0.12275,0
14.8,7.3,0,2.32276,0.139079,0
14.8,7.4,0,2.32287,0.155271,0
14.8,7.5,0,2.32343,0.171403,0
14.8,7.6,0,2.32446,0.187535,0
14.8,7.7,0,2.32603,0.203708,0
14.8,7.8,0,2.32807,0.219884,0
14.8,7.9,0,2.33054,0.23603,0
14.8,8,0,2.33386,0.257952,0
14.8,8.1,0,2.26722,0.27265,0
14.8,8.2,0,2.3162,0.285653,0
14.8,8.3,0,2.29842,0.298139,0
14.8,8.4,0,2.2975,0.314345,0
14.8,8.5,0,2.32692,0.332118,0
14.8,8.6,0,2.27788,0.347417,0
14.8,8.7,0,2.35031,0.362956,0
14.8,8.8,0,2.30129,0.373614,0
14.8,8.9,0,2.33683,0.392333,0
14.8,9,0,2.33529,0.41208,0
14.8,9.1,0,2.33177,0.428298,0
14.8,9.2,0,2.36555,0.44101,0
14.8,9.3,0,2.34758,0.456483,0
14.8,9.4,0,2.38041,0.473361,0
14.8,9.5,0,2.3719,0.498517,0
14.8,9.6,0,2.386,0.509971,0
14.8,9.7,0,2.39708,0.523068,0
14.8,9.8,0,2.40154,0.540362,0
14.8,9.9,0,2.41291,0.556544,0
14.8,10,0,2.42123,0.584411,0
14.8,10.1,0,2.42632,0.588093,0
14.8,10.2,0,2.44275,0.606394,0
14.8,10.3,0,2.44554,0.621141,0
14.8,10.4,0,2.45444,0.642566,0
14.8,10.5,0,2.46762,0.665104,0
14.8,10.6,0,2.46699,0.668565,0
14.8,10.7,0,2.49456,0.689207,0
14.8,10.8,0,2.48372,0.701787,0
14.8,10.9,0,2.50331,0.728449,0
14.8,11,0,2.5083,0.742757,0
14.8,11.1,0,2.52091,0.753366,0
14.8,11.2,0,2.54351,0.771943,0
14.8,11.3,0,2.52715,0.785485,0
14.8,11.4,0,2.55367,0.810472,0
14.8,11.5,0,2.55249,0.822679,0
14.8,11.6,0,2.58457,0.839186,0
14.8,11.7,0,2.59021,0.85538,0
14.8,11.8,0,2.58636,0.869793,0
14.8,11.9,0,2.60643,0.88861,0
14.8,12,0,2.61077,0.907493,0
14.8,12.1,0,2.65826,0.926668,0
14.8,12.2,0,2.64601,0.940022,0
14.8,12.3,0,2.65495,0.947679,0
14.8,12.4,0,2.67108,0.968029,0
14.8,12.5,0,2.69771,0.995499,0
14.8,12.6,0,2.74048,1.01576,0
14.8,12.7,0,2.71626,1.02281,0
14.9,0,0,2.70563,-1.03638,0
14.9,0.1,0,2.7186,-1.02602,0
14.9,0.2,0,2.70464,-1.00949,0
14.9,0.3,0,2.67084,-0.992421,0
14.9,0.4,0,2.63932,-0.968012,0
14.9,0.5,0,2.62224,-0.939865,0
14.9,0.6,0,2.60761,-0.919169,0
14.9,0.7,0,2.5972,-0.913438,0
14.9,0.8,0,2.61342,-0.896186,0
14.9,0.9,0,2.60308,-0.877969,0
14.9,1,0,2.57347,-0.862873,0
14.9,1.1,0,2.54376,-0.845301,0
14.9,1.2,0,2.52742,-0.823227,0
14.9,1.3,0,2.51632,-0.801924,0
14.9,1.4,0,2.51138,-0.786119,0
14.9,1.5,0,2.52324,-0.760331,0
14.9,1.6,0,2.51636,-0.741691,0
14.9,1.7,0,2.49542,-0.731338,0
14.9,1.8,0,2.47249,-0.721125,0
14.9,1.9,0,2.4591,-0.704414,0
14.9,2,0,2.4521,-0.684868,0
14.9,2.1,0,2.44957,-0.664451,0
14.9,2.2,0,2.44699,-0.631899,0
14.9,2.3,0,2.44493,-0.615498,0
14.9,2.4,0,2.43961,-0.612066,0
14.9,2.5,0,2.43136,-0.61074,0
14.9,2.6,0,2.42454,-0.600822,0
14.9,2.7,0,2.42136,-0.584826,0
14.9,2.8,0,2.42081,-0.562513,0
14.9,2.9,0,2.42513,-0.534091,0
14.9,3,0,2.42024,-0.518067,0
14.9,3.1,0,2.40956,-0.513104,0
14.9,3.2,0,2.4035,-0.513956,0
14.9,3.3,0,2.4007,-0.50708,0
14.9,3.4,0,2.39068,-0.48764,0
14.9,3.5,0,2.37702,-0.456252,0
14.9,3.6,0,2.38465,-0.425836,0
14.9,3.7,0,2.37683,-0.405961,0
14.9,3.8,0,2.35898,-0.396965,0
14.9,3.9,0,2.33905,-0.394477,0
14.9,4,0,2.33028,-0.38608,0
14.9,4.1,0,2.33517,-0.366728,0
14.9,4.2,0,2.35343,-0.334128,0
14.9,4.3,0,2.37385,-0.297755,0
14.9,4.4,0,2.38139,-0.281614,0
14.9,4.5,0,2.36997,-0.282595,0
14.9,4.6,0,2.34937,-0.292518,0
14.9,4.7,0,2.33255,-0.293755,0
14.9,4.8,0,2.32004,-0.280552,0
14.9,4.9,0,2.32345,-0.249061,0
14.9,5,0,2.34361,-0.222847,0
14.9,5.1,0,2.34653,-0.199991,0
14.9,5.2,0,2.33762,-0.183471,0
14.9,5.3,0,2.33468,-0.170999,0
14.9,5.4,0,2.34082,-0.157876,0
14.9,5.5,0,2.34012,-0.143544,0
14.9,5.6,0,2.32394,-0.129668,0
14.9,5.7,0,2.32191,-0.117576,0
14.9,5.8,0,2.31717,-0.102705,0
14.9,5.9,0,2.31316,-0.0862218,0
14.9,6,0,2.31897,-0.0700983,0
14.9,6.1,0,2.32764,-0.054196,0
14.9,6.2,0,2.32512,-0.0369339,0
14.9,6.3,0,2.30914,-0.0208271,0
14.9,6.4,0,2.31499,-0.00264218,0
14.9,6.5,0,2.31455,0.0137362,0
14.9,6.6,0,2.30848,0.0276974,0
14.9,6.7,0,2.30166,0.0441507,0
14.9,6.8,0,2.30001,0.062588,0
14.9,6.9,0,2.3029,0.0771207,0
14.9,7,0,2.30902,0.0838201,0
14.9,7.1,0,2.3099,0.108064,0
14.9,7.2,0,2.30969,0.124866,0
14.9,7.3,0,2.3094,0.14151,0
14.9,7.4,0,2.30934,0.157968,0
14.9,7.5,0,2.30973,0.174352,0
14.9,7.6,0,2.31062,0.190721,0
14.9,7.7,0,2.31212,0.207131,0
14.9,7.8,0,2.31416,0.22353,0
14.9,7.9,0,2.31668,0.239933,0
14.9,8,0,2.3205,0.262114,0
14.9,8.1,0,2.2717,0.276798,0
14.9,8.2,0,2.30357,0.290435,0
14.9,8.3,0,2.28579,0.302921,0
14.9,8.4,0,2.28459,0.319832,0
14.9,8.5,0,2.31402,0.337604,0
14.9,8.6,0,2.28295,0.353151,0
14.9,8.7,0,2.33659,0.368809,0
14.9,8.8,0,2.2994,0.380675,0
14.9,8.9,0,2.32185,0.398476,0
14.9,9,0,2.32031,0.418223,0
14.9,9.1,0,2.31638,0.434684,0
14.9,9.2,0,2.34976,0.447429,0
14.9,9.3,0,2.33924,0.463355,0
14.9,9.4,0,2.36414,0.480218,0
14.9,9.5,0,2.35861,0.503903,0
14.9,9.6,0,2.36962,0.517334,0
14.9,9.7,0,2.38071,0.53043,0
14.9,9.8,0,2.38547,0.548063,0
14.9,9.9,0,2.39648,0.564515,0
14.9,10,0,2.40436,0.58908,0
14.9,10.1,0,2.40998,0.596785,0
14.9,10.2,0,2.42515,0.614677,0
14.9,10.3,0,2.42913,0.630581,0
14.9,10.4,0,2.43803,0.652005,0
14.9,10.5,0,2.4497,0.673617,0
14.9,10.6,0,2.45063,0.679012,0
14.9,10.7,0,2.47236,0.698882,0
14.9,10.8,0,2.46734,0.713167,0
14.9,10.9,0,2.48585,0.739181,0
14.9,11,0,2.49199,0.755403,0
14.9,11.1,0,2.5046,0.766012,0
14.9,11.2,0,2.52245,0.784736,0
14.9,11.3,0,2.51089,0.799234,0
14.9,11.4,0,2.53321,0.82294,0
14.9,11.5,0,2.53624,0.837883,0
14.9,11.6,0,2.56806,0.854386,0
14.9,11.7,0,2.57409,0.871863,0
14.9,11.8,0,2.57023,0.886276,0
14.9,11.9,0,2.58783,0.906195,0
14.9,12,0,2.59458,0.925585,0
14.9,12.1,0,2.63308,0.944521,0
14.9,12.2,0,2.63001,0.959636,0
14.9,12.3,0,2.63895,0.967293,0
14.9,12.4,0,2.65494,0.989408,0
14.9,12.5,0,2.68158,1.01688,0
14.9,12.6,0,2.71438,1.03626,0
14.9,12.7,0,2.70047,1.04605,0
15,0,0,2.69086,-1.06025,0
15,0.1,0,2.69591,-1.04808,0
15,0.2,0,2.67877,-1.03083,0
15,0.3,0,2.65512,-1.01365,0
15,0.4,0,2.6236,-0.989243,0
15,0.5,0,2.60771,-0.96456,0
15,0.6,0,2.59258,-0.942104,0
15,0.7,0,2.58093,-0.931971,0
15,0.8,0,2.58934,-0.914435,0
15,0.9,0,2.57587,-0.896105,0
15,1,0,2.55608,-0.87904,0
15,1.1,0,2.52637,-0.861469,0
15,1.2,0,2.51278,-0.839471,0
15,1.3,0,2.50095,-0.817522,0
15,1.4,0,2.4942,-0.800099,0
15,1.5,0,2.50055,-0.776413,0
15,1.6,0,2.49146,-0.758614,0
15,1.7,0,2.47774,-0.743729,0
15,1.8,0,2.45481,-0.733516,0
15,1.9,0,2.44499,-0.715142,0
15,2,0,2.43746,-0.695699,0
15,2.1,0,2.43361,-0.675538,0
15,2.2,0,2.43119,-0.647736,0
15,2.3,0,2.42919,-0.633235,0
15,2.4,0,2.42588,-0.623066,0
15,2.5,0,2.41764,-0.62174,0
15,2.6,0,2.41285,-0.608575,0
15,2.7,0,2.40936,-0.593322,0
15,2.8,0,2.40804,-0.572867,0
15,2.9,0,2.40965,-0.548092,0
15,3,0,2.40367,-0.533527,0
15,3.1,0,2.39586,-0.522719,0
15,3.2,0,2.38979,-0.52357,0
15,3.3,0,2.38286,-0.509902,0
15,3.4,0,2.37327,-0.491867,0
15,3.5,0,2.36069,-0.463993,0
15,3.6,0,2.36377,-0.436678,0
15,3.7,0,2.35413,-0.418042,0
15,3.8,0,2.34128,-0.403179,0
15,3.9,0,2.32135,-0.40069,0
15,4,0,2.31994,-0.386574,0
15,4.1,0,2.32326,-0.368781,0
15,4.2,0,2.33759,-0.340077,0
15,4.3,0,2.35422,-0.309655,0
15,4.4,0,2.36024,-0.295894,0
15,4.5,0,2.35944,-0.287902,0
15,4.6,0,2.33884,-0.297825,0
15,4.7,0,2.3235,-0.291582,0
15,4.8,0,2.30912,-0.280531,0
15,4.9,0,2.30785,-0.254419,0
15,5,0,2.32294,-0.229192,0
15,5.1,0,2.32383,-0.206731,0
15,5.2,0,2.32089,-0.186595,0
15,5.3,0,2.31795,-0.174123,0
15,5.4,0,2.32104,-0.160231,0
15,5.5,0,2.32216,-0.145845,0
15,5.6,0,2.31053,-0.131835,0
15,5.7,0,2.3077,-0.118926,0
15,5.8,0,2.30265,-0.103727,0
15,5.9,0,2.298,-0.0880256,0
15,6,0,2.30381,-0.0719022,0
15,6.1,0,2.30664,-0.0550894,0
15,6.2,0,2.3057,-0.0376915,0
15,6.3,0,2.29368,-0.0212449,0
15,6.4,0,2.29768,-0.00359129,0
15,6.5,0,2.29651,0.0125745,0
15,6.6,0,2.29342,0.0278777,0
15,6.7,0,2.2866,0.0443309,0
15,6.8,0,2.28748,0.0609524,0
15,6.9,0,2.28998,0.0764066,0
15,7,0,2.29516,0.0854099,0
15,7.1,0,2.29659,0.109774,0
15,7.2,0,2.29644,0.126982,0
15,7.3,0,2.29604,0.143941,0
15,7.4,0,2.29581,0.160666,0
15,7.5,0,2.29603,0.177301,0
15,7.6,0,2.29678,0.193907,0
15,7.7,0,2.29821,0.210553,0
15,7.8,0,2.30026,0.227176,0
15,7.9,0,2.30282,0.243835,0
15,8,0,2.30714,0.266276,0
15,8.1,0,2.27619,0.280946,0
15,8.2,0,2.29094,0.295217,0
15,8.3,0,2.28393,0.30841,0
15,8.4,0,2.28616,0.325669,0
15,8.5,0,2.30111,0.34309,0
15,8.6,0,2.28802,0.358885,0
15,8.7,0,2.32286,0.374662,0
15,8.8,0,2.29975,0.387966,0
15,8.9,0,2.30687,0.404619,0
15,9,0,2.31034,0.424053,0
15,9.1,0,2.31316,0.440092,0
15,9.2,0,2.33397,0.453848,0
15,9.3,0,2.3309,0.470226,0
15,9.4,0,2.34786,0.487076,0
15,9.5,0,2.347,0.508453,0
15,9.6,0,2.35325,0.524696,0
15,9.7,0,2.36466,0.537671,0
15,9.8,0,2.37056,0.554882,0
15,9.9,0,2.38005,0.572485,0
15,10,0,2.38748,0.59375,0
15,10.1,0,2.39364,0.605477,0
15,10.2,0,2.4059,0.622432,0
15,10.3,0,2.41266,0.639985,0
15,10.4,0,2.42155,0.661372,0
15,10.5,0,2.42976,0.679631,0
15,10.6,0,2.43428,0.689458,0
15,10.7,0,2.45016,0.708557,0
15,10.8,0,2.45097,0.724547,0
15,10.9,0,2.46486,0.747793,0
15,11,0,2.47463,0.767147,0
15,11.1,0,2.48829,0.778658,0
15,11.2,0,2.49868,0.796988,0
15,11.3,0,2.49463,0.812983,0
15,11.4,0,2.51275,0.835409,0
15,11.5,0,2.52,0.853087,0
15,11.6,0,2.54347,0.86944,0
15,11.7,0,2.55435,0.887738,0
15,11.8,0,2.55411,0.902759,0
15,11.9,0,2.56877,0.923683,0
15,12,0,2.57838,0.943678,0
15,12.1,0,2.6079,0.962374,0
15,12.2,0,2.61401,0.979251,0
15,12.3,0,2.62158,0.990154,0
15,12.4,0,2.63785,1.01214,0
15,12.5,0,2.66544,1.03826,0
15,12.6,0,2.68829,1.05677,0
15,12.7,0,2.68468,1.06929,0
15.1,0,0,2.67609,-1.08412,0
15.1,0.1,0,2.67005,-1.06941,0
15.1,0.2,0,2.65291,-1.05217,0
15.1,0.3,0,2.63578,-1.03492,0
15.1,0.4,0,2.60831,-1.01171,0
15.1,0.5,0,2.59318,-0.989254,0
15.1,0.6,0,2.57805,-0.966798,0
15.1,0.7,0,2.56466,-0.950504,0
15.1,0.8,0,2.56213,-0.932571,0
15.1,0.9,0,2.54866,-0.914241,0
15.1,1,0,2.53519,-0.895911,0
15.1,1.1,0,2.50997,-0.877663,0
15.1,1.2,0,2.49814,-0.855714,0
15.1,1.3,0,2.48631,-0.833765,0
15.1,1.4,0,2.47702,-0.81408,0
15.1,1.5,0,2.47565,-0.793337,0
15.1,1.6,0,2.46657,-0.775538,0
15.1,1.7,0,2.45748,-0.757739,0
15.1,1.8,0,2.4384,-0.745313,0
15.1,1.9,0,2.43087,-0.72587,0
15.1,2,0,2.42334,-0.706427,0
15.1,2.1,0,2.41765,-0.686625,0
15.1,2.2,0,2.41544,-0.665474,0
15.1,2.3,0,2.41344,-0.650973,0
15.1,2.4,0,2.41144,-0.636472,0
15.1,2.5,0,2.40464,-0.63158,0
15.1,2.6,0,2.40115,-0.616328,0
15.1,2.7,0,2.39767,-0.601075,0
15.1,2.8,0,2.39526,-0.583221,0
15.1,2.9,0,2.39308,-0.563551,0
15.1,3,0,2.38711,-0.548986,0
15.1,3.1,0,2.38113,-0.534422,0
15.1,3.2,0,2.37462,-0.530759,0
15.1,3.3,0,2.36503,-0.512724,0
15.1,3.4,0,2.35544,-0.494689,0
15.1,3.5,0,2.34435,-0.471734,0
15.1,3.6,0,2.34107,-0.448759,0
15.1,3.7,0,2.33143,-0.430124,0
15.1,3.8,0,2.32179,-0.411488,0
15.1,3.9,0,2.30628,-0.404861,0
15.1,4,0,2.3096,-0.387068,0
15.1,4.1,0,2.31292,-0.369275,0
15.1,4.2,0,2.32175,-0.346026,0
15.1,4.3,0,2.33308,-0.323935,0
15.1,4.4,0,2.3391,-0.310174,0
15.1,4.5,0,2.34512,-0.296413,0
15.1,4.6,0,2.32884,-0.30046,0
15.1,4.7,0,2.31446,-0.289409,0
15.1,4.8,0,2.30007,-0.278358,0
15.1,4.9,0,2.29224,-0.259776,0
15.1,5,0,2.30024,-0.235932,0
15.1,5.1,0,2.30114,-0.213471,0
15.1,5.2,0,2.30203,-0.19101,0
15.1,5.3,0,2.30013,-0.176972,0
15.1,5.4,0,2.30125,-0.162586,0
15.1,5.5,0,2.30237,-0.1482,0
15.1,5.6,0,2.29712,-0.134003,0
15.1,5.7,0,2.29318,-0.119948,0
15.1,5.8,0,2.28812,-0.104749,0
15.1,5.9,0,2.28307,-0.0895504,0
15.1,6,0,2.28656,-0.0733809,0
15.1,6.1,0,2.28563,-0.0559829,0
15.1,6.2,0,2.2847,-0.0385849,0
15.1,6.3,0,2.27822,-0.0216626,0
15.1,6.4,0,2.27963,-0.00475295,0
15.1,6.5,0,2.27846,0.0114129,0
15.1,6.6,0,2.27729,0.0275787,0
15.1,6.7,0,2.27244,0.0438626,0
15.1,6.8,0,2.27494,0.0593168,0
15.1,6.9,0,2.27745,0.074771,0
15.1,7,0,2.28129,0.0869997,0
15.1,7.1,0,2.28328,0.111484,0
15.1,7.2,0,2.28318,0.129097,0
15.1,7.3,0,2.28268,0.146372,0
15.1,7.4,0,2.28228,0.163364,0
15.1,7.5,0,2.28233,0.180249,0
15.1,7.6,0,2.28294,0.197092,0
15.1,7.7,0,2.2843,0.213975,0
15.1,7.8,0,2.28636,0.230822,0
15.1,7.9,0,2.28895,0.247738,0
15.1,8,0,2.29378,0.270438,0
15.1,8.1,0,2.28067,0.285094,0
15.1,8.2,0,2.28541,0.299736,0
15.1,8.3,0,2.28847,0.314319,0
15.1,8.4,0,2.29069,0.331577,0
15.1,8.5,0,2.29204,0.348629,0
15.1,8.6,0,2.29309,0.36462,0
15.1,8.7,0,2.30914,0.380516,0
15.1,8.8,0,2.3001,0.395256,0
15.1,8.9,0,2.30135,0.41147,0
15.1,9,0,2.30712,0.429461,0
15.1,9.1,0,2.30995,0.4455,0
15.1,9.2,0,2.31826,0.460272,0
15.1,9.3,0,2.32256,0.477098,0
15.1,9.4,0,2.33158,0.493933,0
15.1,9.5,0,2.3354,0.513004,0
15.1,9.6,0,2.34078,0.529755,0
15.1,9.7,0,2.34975,0.544491,0
15.1,9.8,0,2.35565,0.561702,0
15.1,9.9,0,2.36363,0.580456,0
15.1,10,0,2.37061,0.59842,0
15.1,10.1,0,2.3773,0.614169,0
15.1,10.2,0,2.38666,0.630187,0
15.1,10.3,0,2.39342,0.647739,0
15.1,10.4,0,2.4016,0.667386,0
15.1,10.5,0,2.40982,0.685646,0
15.1,10.6,0,2.41792,0.699905,0
15.1,10.7,0,2.42796,0.718232,0
15.1,10.8,0,2.43459,0.735927,0
15.1,10.9,0,2.44386,0.756405,0
15.1,11,0,2.45364,0.775759,0
15.1,11.1,0,2.46586,0.790981,0
15.1,11.2,0,2.47491,0.809239,0
15.1,11.3,0,2.47837,0.826731,0
15.1,11.4,0,2.49229,0.847878,0
15.1,11.5,0,2.50371,0.868262,0
15.1,11.6,0,2.51887,0.884495,0
15.1,11.7,0,2.52976,0.902793,0
15.1,11.8,0,2.53617,0.919862,0
15.1,11.9,0,2.54971,0.941171,0
15.1,12,0,2.56219,0.961771,0
15.1,12.1,0,2.58271,0.980226,0
15.1,12.2,0,2.59606,0.99849,0
15.1,12.3,0,2.60392,1.01368,0
15.1,12.4,0,2.6202,1.03566,0
15.1,12.5,0,2.64518,1.05927,0
15.1,12.6,0,2.66219,1.07727,0
15.1,12.7,0,2.66889,1.09253,0
15.2,0,0,2.66132,-1.10799,0
15.2,0.1,0,2.64419,-1.09075,0
15.2,0.2,0,2.62705,-1.0735,0
15.2,0.3,0,2.60991,-1.05626,0
15.2,0.4,0,2.59378,-1.03641,0
15.2,0.5,0,2.57865,-1.01395,0
15.2,0.6,0,2.56352,-0.991493,0
15.2,0.7,0,2.54839,-0.969037,0
15.2,0.8,0,2.53492,-0.950707,0
15.2,0.9,0,2.52145,-0.932377,0
15.2,1,0,2.50798,-0.914047,0
15.2,1.1,0,2.49533,-0.893907,0
15.2,1.2,0,2.4835,-0.871958,0
15.2,1.3,0,2.47167,-0.850009,0
15.2,1.4,0,2.45985,-0.82806,0
15.2,1.5,0,2.45076,-0.810261,0
15.2,1.6,0,2.44167,-0.792461,0
15.2,1.7,0,2.43259,-0.774662,0
15.2,1.8,0,2.42428,-0.756041,0
15.2,1.9,0,2.41675,-0.736598,0
15.2,2,0,2.40922,-0.717155,0
15.2,2.1,0,2.40169,-0.697712,0
15.2,2.2,0,2.39969,-0.683212,0
15.2,2.3,0,2.39769,-0.668711,0
15.2,2.4,0,2.39569,-0.65421,0
15.2,2.5,0,2.39295,-0.639333,0
15.2,2.6,0,2.38946,-0.624081,0
15.2,2.7,0,2.38597,-0.608828,0
15.2,2.8,0,2.38249,-0.593576,0
15.2,2.9,0,2.37651,-0.579011,0
15.2,3,0,2.37054,-0.564446,0
15.2,3.1,0,2.36456,-0.549881,0
15.2,3.2,0,2.35678,-0.533581,0
15.2,3.3,0,2.34719,-0.515546,0
15.2,3.4,0,2.33761,-0.497511,0
15.2,3.5,0,2.32802,-0.479476,0
15.2,3.6,0,2.31838,-0.46084,0
15.2,3.7,0,2.30874,-0.442205,0
15.2,3.8,0,2.2991,-0.42357,0
15.2,3.9,0,2.29594,-0.405356,0
15.2,4,0,2.29926,-0.387562,0
15.2,4.1,0,2.30258,-0.369769,0
15.2,4.2,0,2.30591,-0.351976,0
15.2,4.3,0,2.31193,-0.338215,0
15.2,4.4,0,2.31795,-0.324454,0
15.2,4.5,0,2.32397,-0.310693,0
15.2,4.6,0,2.31979,-0.298287,0
15.2,4.7,0,2.30541,-0.287236,0
15.2,4.8,0,2.29103,-0.276185,0
15.2,4.9,0,2.27664,-0.265134,0
15.2,5,0,2.27754,-0.242673,0
15.2,5.1,0,2.27844,-0.220212,0
15.2,5.2,0,2.27934,-0.197751,0
15.2,5.3,0,2.28035,-0.179327,0
15.2,5.4,0,2.28147,-0.164941,0
15.2,5.5,0,2.28259,-0.150556,0
15.2,5.6,0,2.28371,-0.13617,0
15.2,5.7,0,2.27865,-0.120971,0
15.2,5.8,0,2.2736,-0.105772,0
15.2,5.9,0,2.26855,-0.0905729,0
15.2,6,0,2.26556,-0.0742744,0
15.2,6.1,0,2.26462,-0.0568764,0
15.2,6.2,0,2.26369,-0.0394784,0
15.2,6.3,0,2.26275,-0.0220804,0
15.2,6.4,0,2.26158,-0.0059146,0
15.2,6.5,0,2.26041,0.0102512,0
15.2,6.6,0,2.25924,0.026417,0
15.2,6.7,0,2.25991,0.042227,0
15.2,6.8,0,2.26241,0.0576812,0
15.2,6.9,0,2.26492,0.0731353,0
15.2,7,0,2.26742,0.0885895,0
15.2,7.1,0,2.26997,0.113195,0
15.2,7.2,0,2.26992,0.131213,0
15.2,7.3,0,2.26932,0.148804,0
15.2,7.4,0,2.26875,0.166062,0
15.2,7.5,0,2.26863,0.183198,0
15.2,7.6,0,2.2691,0.200278,0
15.2,7.7,0,2.27039,0.217397,0
15.2,7.8,0,2.27246,0.234469,0
15.2,7.9,0,2.27509,0.251641,0
15.2,8,0,2.28042,0.2746,0
15.2,8.1,0,2.28516,0.289242,0
15.2,8.2,0,2.2899,0.303885,0
15.2,8.3,0,2.293,0.320227,0
15.2,8.4,0,2.29523,0.337486,0
15.2,8.5,0,2.2971,0.354364,0
15.2,8.6,0,2.29816,0.370354,0
15.2,8.7,0,2.29921,0.386345,0
15.2,8.8,0,2.30045,0.402547,0
15.2,8.9,0,2.30171,0.41876,0
15.2,9,0,2.3039,0.434869,0
15.2,9.1,0,2.30673,0.450908,0
15.2,9.2,0,2.30992,0.467144,0
15.2,9.3,0,2.31422,0.48397,0
15.2,9.4,0,2.31852,0.500797,0
15.2,9.5,0,2.32379,0.517555,0
15.2,9.6,0,2.32918,0.534306,0
15.2,9.7,0,2.33485,0.551311,0
15.2,9.8,0,2.34074,0.568522,0
15.2,9.9,0,2.34684,0.585757,0
15.2,10,0,2.35374,0.60309,0
15.2,10.1,0,2.36064,0.620422,0
15.2,10.2,0,2.36742,0.637942,0
15.2,10.3,0,2.37418,0.655494,0
15.2,10.4,0,2.38166,0.6734,0
15.2,10.5,0,2.38988,0.69166,0
15.2,10.6,0,2.39802,0.709884,0
15.2,10.7,0,2.40576,0.727906,0
15.2,10.8,0,2.4135,0.745929,0
15.2,10.9,0,2.42287,0.765017,0
15.2,11,0,2.43264,0.784371,0
15.2,11.1,0,2.44209,0.803232,0
15.2,11.2,0,2.45113,0.821491,0
15.2,11.3,0,2.46042,0.839962,0
15.2,11.4,0,2.47183,0.860347,0
15.2,11.5,0,2.48325,0.880731,0
15.2,11.6,0,2.49427,0.89955,0
15.2,11.7,0,2.50516,0.917848,0
15.2,11.8,0,2.51711,0.93735,0
15.2,11.9,0,2.53065,0.958659,0
15.2,12,0,2.54418,0.979815,0
15.2,12.1,0,2.55753,0.998079,0
15.2,12.2,0,2.57087,1.01634,0
15.2,12.3,0,2.58627,1.03721,0
15.2,12.4,0,2.60254,1.05919,0
15.2,12.5,0,2.61908,1.07978,0
15.2,12.6,0,2.63609,1.09778,0
15.2,12.7,0,2.6531,1.11578,0
15.3,0,0,2.63576,-1.13451,0
15.3,0.1,0,2.63095,-1.12479,0
15.3,0.2,0,2.61382,-1.10755,0
15.3,0.3,0,2.59668,-1.0903,0
15.3,0.4,0,2.56514,-1.05223,0
15.3,0.5,0,2.55002,-1.02978,0
15.3,0.6,0,2.53489,-1.00732,0
15.3,0.7,0,2.52344,-0.989274,0
15.3,0.8,0,2.5206,-0.974671,0
15.3,0.9,0,2.50712,-0.956341,0
15.3,1,0,2.49365,-0.938011,0
15.3,1.1,0,2.46659,-0.906989,0
15.3,1.2,0,2.45476,-0.88504,0
15.3,1.3,0,2.44293,-0.863091,0
15.3,1.4,0,2.43745,-0.844179,0
15.3,1.5,0,2.43794,-0.827288,0
15.3,1.6,0,2.42885,-0.809489,0
15.3,1.7,0,2.41977,-0.79169,0
15.3,1.8,0,2.39693,-0.767876,0
15.3,1.9,0,2.3894,-0.748433,0
15.3,2,0,2.38188,-0.72899,0
15.3,2.1,0,2.3843,-0.711388,0
15.3,2.2,0,2.3931,-0.696201,0
15.3,2.3,0,2.3911,-0.6817,0
15.3,2.4,0,2.3891,-0.667199,0
15.3,2.5,0,2.3732,-0.652389,0
15.3,2.6,0,2.36971,-0.637137,0
15.3,2.7,0,2.36622,-0.621884,0
15.3,2.8,0,2.3655,-0.604395,0
15.3,2.9,0,2.36984,-0.588661,0
15.3,3,0,2.36386,-0.574096,0
15.3,3.1,0,2.35789,-0.559531,0
15.3,3.2,0,2.33172,-0.54477,0
15.3,3.3,0,2.32213,-0.526734,0
15.3,3.4,0,2.31254,-0.508699,0
15.3,3.5,0,2.30674,-0.487483,0
15.3,3.6,0,2.30295,-0.464998,0
15.3,3.7,0,2.29331,-0.446362,0
15.3,3.8,0,2.28366,-0.427727,0
15.3,3.9,0,2.26878,-0.413153,0
15.3,4,0,2.2721,-0.39536,0
15.3,4.1,0,2.27543,-0.377567,0
15.3,4.2,0,2.28997,-0.359967,0
15.3,4.3,0,2.30561,-0.34222,0
15.3,4.4,0,2.31164,-0.328459,0
15.3,4.5,0,2.31766,-0.314698,0
15.3,4.6,0,2.31095,-0.304393,0
15.3,4.7,0,2.29656,-0.293342,0
15.3,4.8,0,2.28218,-0.282291,0
15.3,4.9,0,2.25835,-0.270832,0
15.3,5,0,2.24338,-0.249542,0
15.3,5.1,0,2.24428,-0.22708,0
15.3,5.2,0,2.24518,-0.204619,0
15.3,5.3,0,2.27186,-0.175603,0
15.3,5.4,0,2.27298,-0.161218,0
15.3,5.5,0,2.2741,-0.146832,0
15.3,5.6,0,2.26813,-0.141325,0
15.3,5.7,0,2.25738,-0.128671,0
15.3,5.8,0,2.25233,-0.113472,0
15.3,5.9,0,2.24727,-0.0982734,0
15.3,6,0,2.24827,-0.0701101,0
15.3,6.1,0,2.24733,-0.0527121,0
15.3,6.2,0,2.2464,-0.0353141,0
15.3,6.3,0,2.24459,-0.0258646,0
15.3,6.4,0,2.23999,-0.0112261,0
15.3,6.5,0,2.23882,0.00493974,0
15.3,6.6,0,2.23765,0.0211055,0
15.3,6.7,0,2.2482,0.0452655,0
15.3,6.8,0,2.25071,0.0607197,0
15.3,6.9,0,2.25322,0.0761739,0
15.3,7,0,2.24537,0.0867239,0
15.3,7.1,0,2.24699,0.112415,0
15.3,7.2,0,2.2471,0.131097,0
15.3,7.3,0,2.24685,0.14949,0
15.3,7.4,0,2.24667,0.167618,0
15.3,7.5,0,2.24685,0.185652,0
15.3,7.6,0,2.24756,0.203649,0
15.3,7.7,0,2.24892,0.22165,0
15.3,7.8,0,2.25098,0.239587,0
15.3,7.9,0,2.25347,0.257529,0
15.3,8,0,2.25819,0.281316,0
15.3,8.1,0,2.28895,0.292221,0
15.3,8.2,0,2.29369,0.306863,0
15.3,8.3,0,2.29948,0.326011,0
15.3,8.4,0,2.30171,0.34327,0
15.3,8.5,0,2.30081,0.36085,0
15.3,8.6,0,2.30186,0.376841,0
15.3,8.7,0,2.2853,0.396129,0
15.3,8.8,0,2.30207,0.408975,0
15.3,8.9,0,2.30332,0.425189,0
15.3,9,0,2.29864,0.441225,0
15.3,9.1,0,2.30147,0.457264,0
15.3,9.2,0,2.3029,0.472677,0
15.3,9.3,0,2.30719,0.489504,0
15.3,9.4,0,2.30576,0.511168,0
15.3,9.5,0,2.31033,0.523481,0
15.3,9.6,0,2.31572,0.540232,0
15.3,9.7,0,2.32154,0.556527,0
15.3,9.8,0,2.32743,0.573739,0
15.3,9.9,0,2.32816,0.593591,0
15.3,10,0,2.33477,0.609303,0
15.3,10.1,0,2.34201,0.630157,0
15.3,10.2,0,2.35034,0.644045,0
15.3,10.3,0,2.35709,0.661597,0
15.3,10.4,0,2.35884,0.680717,0
15.3,10.5,0,2.36705,0.698976,0
15.3,10.6,0,2.37866,0.721329,0
15.3,10.7,0,2.38668,0.736396,0
15.3,10.8,0,2.39413,0.755937,0
15.3,10.9,0,2.39775,0.774155,0
15.3,11,0,2.40752,0.793509,0
15.3,11.1,0,2.4228,0.8155,0
15.3,11.2,0,2.43185,0.833759,0
15.3,11.3,0,2.43671,0.855195,0
15.3,11.4,0,2.44571,0.871747,0
15.3,11.5,0,2.45713,0.892132,0
15.3,11.6,0,2.4756,0.916705,0
15.3,11.7,0,2.48649,0.935003,0
15.3,11.8,0,2.49082,0.951248,0
15.3,11.9,0,2.50436,0.972557,0
15.3,12,0,2.52147,1.00142,0
15.3,12.1,0,2.53967,1.02103,0
15.3,12.2,0,2.55302,1.03929,0
15.3,12.3,0,2.55983,1.0538,0
15.3,12.4,0,2.57611,1.07578,0
15.3,12.5,0,2.60139,1.10919,0
15.3,12.6,0,2.61841,1.12719,0
15.3,12.7,0,2.62719,1.14234,0
15.4,0,0,2.61019,-1.16102,0
15.4,0.1,0,2.61772,-1.15883,0
15.4,0.2,0,2.60058,-1.14159,0
15.4,0.3,0,2.57554,-1.11716,0
15.4,0.4,0,2.5385,-1.07259,0
15.4,0.5,0,2.52138,-1.0456,0
15.4,0.6,0,2.50625,-1.02315,0
15.4,0.7,0,2.49848,-1.00951,0
15.4,0.8,0,2.50627,-0.998636,0
15.4,0.9,0,2.4928,-0.980306,0
15.4,1,0,2.47325,-0.957971,0
15.4,1.1,0,2.44104,-0.923062,0
15.4,1.2,0,2.42602,-0.898122,0
15.4,1.3,0,2.4142,-0.876173,0
15.4,1.4,0,2.41505,-0.860298,0
15.4,1.5,0,2.42512,-0.844316,0
15.4,1.6,0,2.41604,-0.826517,0
15.4,1.7,0,2.40182,-0.807146,0
15.4,1.8,0,2.3738,-0.781478,0
15.4,1.9,0,2.36206,-0.760268,0
15.4,2,0,2.35453,-0.740825,0
15.4,2.1,0,2.36691,-0.725064,0
15.4,2.2,0,2.3865,-0.70919,0
15.4,2.3,0,2.3845,-0.694689,0
15.4,2.4,0,2.37637,-0.679879,0
15.4,2.5,0,2.35577,-0.665093,0
15.4,2.6,0,2.34996,-0.650192,0
15.4,2.7,0,2.34647,-0.63494,0
15.4,2.8,0,2.3485,-0.615214,0
15.4,2.9,0,2.36316,-0.598311,0
15.4,3,0,2.35719,-0.583747,0
15.4,3.1,0,2.34338,-0.568895,0
15.4,3.2,0,2.31064,-0.554682,0
15.4,3.3,0,2.29707,-0.537923,0
15.4,3.4,0,2.28748,-0.519888,0
15.4,3.5,0,2.28547,-0.49549,0
15.4,3.6,0,2.28752,-0.469155,0
15.4,3.7,0,2.27787,-0.45052,0
15.4,3.8,0,2.26632,-0.434076,0
15.4,3.9,0,2.24724,-0.420802,0
15.4,4,0,2.24494,-0.403158,0
15.4,4.1,0,2.24827,-0.385365,0
15.4,4.2,0,2.27403,-0.367958,0
15.4,4.3,0,2.2993,-0.346224,0
15.4,4.4,0,2.30532,-0.332464,0
15.4,4.5,0,2.30674,-0.320695,0
15.4,4.6,0,2.29913,-0.31114,0
15.4,4.7,0,2.28772,-0.299447,0
15.4,4.8,0,2.27334,-0.288396,0
15.4,4.9,0,2.24007,-0.276529,0
15.4,5,0,2.20922,-0.25641,0
15.4,5.1,0,2.21012,-0.233949,0
15.4,5.2,0,2.22007,-0.211208,0
15.4,5.3,0,2.25592,-0.178409,0
15.4,5.4,0,2.26449,-0.157494,0
15.4,5.5,0,2.26561,-0.143108,0
15.4,5.6,0,2.25256,-0.146481,0
15.4,5.7,0,2.2361,-0.136372,0
15.4,5.8,0,2.23105,-0.121173,0
15.4,5.9,0,2.22819,-0.104315,0
15.4,6,0,2.2306,-0.0719138,0
15.4,6.1,0,2.23004,-0.0485478,0
15.4,6.2,0,2.22911,-0.0311499,0
15.4,6.3,0,2.22642,-0.0296488,0
15.4,6.4,0,2.21841,-0.0165375,0
15.4,6.5,0,2.21723,-0.000371726,0
15.4,6.6,0,2.21749,0.0173073,0
15.4,6.7,0,2.23157,0.0444494,0
15.4,6.8,0,2.23901,0.0637583,0
15.4,6.9,0,2.24151,0.0792124,0
15.4,7,0,2.22331,0.0848584,0
15.4,7.1,0,2.22401,0.111635,0
15.4,7.2,0,2.22428,0.130981,0
15.4,7.3,0,2.22439,0.150176,0
15.4,7.4,0,2.22458,0.169175,0
15.4,7.5,0,2.22507,0.188107,0
15.4,7.6,0,2.22601,0.20702,0
15.4,7.7,0,2.22745,0.225903,0
15.4,7.8,0,2.2295,0.244706,0
15.4,7.9,0,2.23185,0.263416,0
15.4,8,0,2.23595,0.288031,0
15.4,8.1,0,2.29274,0.295199,0
15.4,8.2,0,2.28213,0.312731,0
15.4,8.3,0,2.30596,0.331796,0
15.4,8.4,0,2.30818,0.349054,0
15.4,8.5,0,2.28538,0.369331,0
15.4,8.6,0,2.30557,0.383327,0
15.4,8.7,0,2.26692,0.40675,0
15.4,8.8,0,2.30368,0.415404,0
15.4,8.9,0,2.29774,0.433705,0
15.4,9,0,2.29339,0.447581,0
15.4,9.1,0,2.29621,0.46362,0
15.4,9.2,0,2.28652,0.485579,0
15.4,9.3,0,2.30017,0.495038,0
15.4,9.4,0,2.28913,0.524822,0
15.4,9.5,0,2.29688,0.529408,0
15.4,9.6,0,2.30165,0.54767,0
15.4,9.7,0,2.30823,0.561744,0
15.4,9.8,0,2.31412,0.578955,0
15.4,9.9,0,2.31069,0.60827,0
15.4,10,0,2.3158,0.615516,0
15.4,10.1,0,2.3239,0.645317,0
15.4,10.2,0,2.33325,0.650148,0
15.4,10.3,0,2.34001,0.6677,0
15.4,10.4,0,2.33601,0.688033,0
15.4,10.5,0,2.34423,0.706292,0
15.4,10.6,0,2.35887,0.737328,0
15.4,10.7,0,2.3676,0.744886,0
15.4,10.8,0,2.37349,0.772358,0
15.4,10.9,0,2.37263,0.783292,0
15.4,11,0,2.3824,0.802647,0
15.4,11.1,0,2.40313,0.828646,0
15.4,11.2,0,2.41256,0.846027,0
15.4,11.3,0,2.41465,0.873028,0
15.4,11.4,0,2.41959,0.883148,0
15.4,11.5,0,2.43429,0.91087,0
15.4,11.6,0,2.45693,0.933861,0
15.4,11.7,0,2.46782,0.952158,0
15.4,11.8,0,2.46569,0.967461,0
15.4,11.9,0,2.47807,0.986455,0
15.4,12,0,2.49753,1.02268,0
15.4,12.1,0,2.52182,1.04398,0
15.4,12.2,0,2.53002,1.06216,0
15.4,12.3,0,2.5334,1.07039,0
15.4,12.4,0,2.54967,1.09237,0
15.4,12.5,0,2.57931,1.13572,0
15.4,12.6,0,2.60072,1.15659,0
15.4,12.7,0,2.60128,1.1689,0
15.5,0,0,2.58463,-1.18753,0
15.5,0.1,0,2.60096,-1.19073,0
15.5,0.2,0,2.58735,-1.17563,0
15.5,0.3,0,2.55,-1.14004,0
15.5,0.4,0,2.51296,-1.09547,0
15.5,0.5,0,2.49274,-1.06143,0
15.5,0.6,0,2.47867,-1.04023,0
15.5,0.7,0,2.47353,-1.02975,0
15.5,0.8,0,2.48891,-1.02154,0
15.5,0.9,0,2.47848,-1.00427,0
15.5,1,0,2.44946,-0.975706,0
15.5,1.1,0,2.41725,-0.940797,0
15.5,1.2,0,2.39729,-0.911204,0
15.5,1.3,0,2.38727,-0.890123,0
15.5,1.4,0,2.39266,-0.876416,0
15.5,1.5,0,2.40957,-0.861084,0
15.5,1.6,0,2.40322,-0.843545,0
15.5,1.7,0,2.38102,-0.82173,0
15.5,1.8,0,2.353,-0.796061,0
15.5,1.9,0,2.33472,-0.772103,0
15.5,2,0,2.33003,-0.753186,0
15.5,2.1,0,2.34951,-0.738739,0
15.5,2.2,0,2.37682,-0.722375,0
15.5,2.3,0,2.37791,-0.707678,0
15.5,2.4,0,2.36022,-0.692388,0
15.5,2.5,0,2.33962,-0.677602,0
15.5,2.6,0,2.33021,-0.663248,0
15.5,2.7,0,2.32751,-0.647356,0
15.5,2.8,0,2.33151,-0.626033,0
15.5,2.9,0,2.35354,-0.608296,0
15.5,3,0,2.35051,-0.593397,0
15.5,3.1,0,2.32452,-0.578098,0
15.5,3.2,0,2.29178,-0.563886,0
15.5,3.3,0,2.27201,-0.549111,0
15.5,3.4,0,2.2635,-0.530167,0
15.5,3.5,0,2.26419,-0.503497,0
15.5,3.6,0,2.27041,-0.474412,0
15.5,3.7,0,2.26244,-0.454677,0
15.5,3.8,0,2.24791,-0.441641,0
15.5,3.9,0,2.22883,-0.428368,0
15.5,4,0,2.21779,-0.410956,0
15.5,4.1,0,2.22432,-0.393218,0
15.5,4.2,0,2.2581,-0.375949,0
15.5,4.3,0,2.29024,-0.351368,0
15.5,4.4,0,2.29901,-0.336468,0
15.5,4.5,0,2.29327,-0.327798,0
15.5,4.6,0,2.28565,-0.318243,0
15.5,4.7,0,2.27887,-0.305553,0
15.5,4.8,0,2.26179,-0.294385,0
15.5,4.9,0,2.22178,-0.282227,0
15.5,5,0,2.17959,-0.262945,0
15.5,5.1,0,2.17596,-0.240818,0
15.5,5.2,0,2.2,-0.217641,0
15.5,5.3,0,2.23586,-0.184842,0
15.5,5.4,0,2.256,-0.15377,0
15.5,5.5,0,2.2551,-0.141921,0
15.5,5.6,0,2.23698,-0.151636,0
15.5,5.7,0,2.21646,-0.143345,0
15.5,5.8,0,2.20978,-0.128873,0
15.5,5.9,0,2.21031,-0.109434,0
15.5,6,0,2.21273,-0.0770331,0
15.5,6.1,0,2.21275,-0.0443836,0
15.5,6.2,0,2.21157,-0.0292566,0
15.5,6.3,0,2.20826,-0.033433,0
15.5,6.4,0,2.1978,-0.0214126,0
15.5,6.5,0,2.19565,-0.00568319,0
15.5,6.6,0,2.19813,0.0143496,0
15.5,6.7,0,2.21221,0.0414918,0
15.5,6.8,0,2.2273,0.0667968,0
15.5,6.9,0,2.22685,0.0808498,0
15.5,7,0,2.20126,0.0829928,0
15.5,7.1,0,2.20103,0.110855,0
15.5,7.2,0,2.20146,0.130865,0
15.5,7.3,0,2.20192,0.150862,0
15.5,7.4,0,2.20249,0.170732,0
15.5,7.5,0,2.20329,0.190561,0
15.5,7.6,0,2.20447,0.210391,0
15.5,7.7,0,2.20598,0.230156,0
15.5,7.8,0,2.20803,0.249825,0
15.5,7.9,0,2.21023,0.269304,0
15.5,8,0,2.21371,0.294747,0
15.5,8.1,0,2.29652,0.298177,0
15.5,8.2,0,2.25968,0.320649,0
15.5,8.3,0,2.30167,0.338374,0
15.5,8.4,0,2.31005,0.355389,0
15.5,8.5,0,2.26478,0.378351,0
15.5,8.6,0,2.30928,0.389813,0
15.5,8.7,0,2.24854,0.41737,0
15.5,8.8,0,2.3053,0.421832,0
15.5,8.9,0,2.28057,0.445587,0
15.5,9,0,2.28128,0.457111,0
15.5,9.1,0,2.29095,0.469976,0
15.5,9.2,0,2.27005,0.49856,0
15.5,9.3,0,2.29314,0.500572,0
15.5,9.4,0,2.27249,0.538476,0
15.5,9.5,0,2.28342,0.535334,0
15.5,9.6,0,2.2848,0.561954,0
15.5,9.7,0,2.29217,0.574002,0
15.5,9.8,0,2.30081,0.584172,0
15.5,9.9,0,2.29321,0.622948,0
15.5,10,0,2.29684,0.621729,0
15.5,10.1,0,2.30579,0.660477,0
15.5,10.2,0,2.31617,0.65625,0
15.5,10.3,0,2.32112,0.682991,0
15.5,10.4,0,2.317,0.703349,0
15.5,10.5,0,2.3214,0.713609,0
15.5,10.6,0,2.33908,0.753327,0
15.5,10.7,0,2.34853,0.753376,0
15.5,10.8,0,2.35286,0.788778,0
15.5,10.9,0,2.34751,0.79243,0
15.5,11,0,2.36013,0.817984,0
15.5,11.1,0,2.38167,0.845767,0
15.5,11.2,0,2.39328,0.858294,0
15.5,11.3,0,2.39258,0.89086,0
15.5,11.4,0,2.39347,0.894549,0
15.5,11.5,0,2.41148,0.929688,0
15.5,11.6,0,2.43826,0.951016,0
15.5,11.7,0,2.44651,0.970914,0
15.5,11.8,0,2.44243,0.987402,0
15.5,11.9,0,2.45178,1.00035,0
15.5,12,0,2.47358,1.04394,0
15.5,12.1,0,2.50397,1.06693,0
15.5,12.2,0,2.50564,1.08501,0
15.5,12.3,0,2.50731,1.08805,0
15.5,12.4,0,2.52369,1.11191,0
15.5,12.5,0,2.55409,1.16022,0
15.5,12.6,0,2.58304,1.186,0
15.5,12.7,0,2.57537,1.19546,0
15.6,0,0,2.55906,-1.21404,0
15.6,0.1,0,2.57539,-1.21724,0
15.6,0.2,0,2.57411,-1.20968,0
15.6,0.3,0,2.52446,-1.16292,0
15.6,0.4,0,2.48743,-1.11834,0
15.6,0.5,0,2.46411,-1.07725,0
15.6,0.6,0,2.45371,-1.06047,0
15.6,0.7,0,2.44857,-1.04998,0
15.6,0.8,0,2.46396,-1.04177,0
15.6,0.9,0,2.46415,-1.02823,0
15.6,1,0,2.42568,-0.99344,0
15.6,1.1,0,2.39347,-0.958532,0
15.6,1.2,0,2.36855,-0.924286,0
15.6,1.3,0,2.36488,-0.906241,0
15.6,1.4,0,2.37026,-0.892535,0
15.6,1.5,0,2.38717,-0.877203,0
15.6,1.6,0,2.3904,-0.860572,0
15.6,1.7,0,2.36023,-0.836313,0
15.6,1.8,0,2.33221,-0.810645,0
15.6,1.9,0,2.30737,-0.783938,0
15.6,2,0,2.31264,-0.766862,0
15.6,2.1,0,2.33212,-0.752415,0
15.6,2.2,0,2.35943,-0.736051,0
15.6,2.3,0,2.37132,-0.720667,0
15.6,2.4,0,2.34408,-0.704896,0
15.6,2.5,0,2.32348,-0.69011,0
15.6,2.6,0,2.31046,-0.676303,0
15.6,2.7,0,2.31052,-0.658175,0
15.6,2.8,0,2.31452,-0.636852,0
15.6,2.9,0,2.33655,-0.619115,0
15.6,3,0,2.34383,-0.603047,0
15.6,3.1,0,2.30565,-0.587302,0
15.6,3.2,0,2.27292,-0.573089,0
15.6,3.3,0,2.24694,-0.5603,0
15.6,3.4,0,2.24222,-0.538174,0
15.6,3.5,0,2.24291,-0.511504,0
15.6,3.6,0,2.24914,-0.482419,0
15.6,3.7,0,2.24701,-0.458834,0
15.6,3.8,0,2.22949,-0.449207,0
15.6,3.9,0,2.21042,-0.435934,0
15.6,4,0,2.19063,-0.418754,0
15.6,4.1,0,2.20838,-0.401209,0
15.6,4.2,0,2.24216,-0.38394,0
15.6,4.3,0,2.2743,-0.359359,0
15.6,4.4,0,2.29269,-0.340473,0
15.6,4.5,0,2.27979,-0.334901,0
15.6,4.6,0,2.27218,-0.325346,0
15.6,4.7,0,2.27003,-0.311659,0
15.6,4.8,0,2.24351,-0.300083,0
15.6,4.9,0,2.20349,-0.287925,0
15.6,5,0,2.16131,-0.268642,0
15.6,5.1,0,2.1418,-0.247687,0
15.6,5.2,0,2.17994,-0.224074,0
15.6,5.3,0,2.21579,-0.191274,0
15.6,5.4,0,2.24752,-0.150046,0
15.6,5.5,0,2.23952,-0.147077,0
15.6,5.6,0,2.22141,-0.156791,0
15.6,5.7,0,2.20088,-0.148501,0
15.6,5.8,0,2.1885,-0.136574,0
15.6,5.9,0,2.19244,-0.114553,0
15.6,6,0,2.19486,-0.0821524,0
15.6,6.1,0,2.19546,-0.0402193,0
15.6,6.2,0,2.1934,-0.0330408,0
15.6,6.3,0,2.19009,-0.0372172,0
15.6,6.4,0,2.17963,-0.0251968,0
15.6,6.5,0,2.17406,-0.0109947,0
15.6,6.6,0,2.17876,0.011392,0
15.6,6.7,0,2.19284,0.0385342,0
15.6,6.8,0,2.2156,0.0698353,0
15.6,6.9,0,2.2048,0.0789842,0
15.6,7,0,2.1792,0.0811272,0
15.6,7.1,0,2.17805,0.110076,0
15.6,7.2,0,2.17863,0.130749,0
15.6,7.3,0,2.17945,0.151548,0
15.6,7.4,0,2.1804,0.172289,0
15.6,7.5,0,2.18152,0.193015,0
15.6,7.6,0,2.18293,0.213762,0
15.6,7.7,0,2.18451,0.234409,0
15.6,7.8,0,2.18655,0.254943,0
15.6,7.9,0,2.18861,0.275191,0
15.6,8,0,2.19148,0.301463,0
15.6,8.1,0,2.30031,0.301155,0
15.6,8.2,0,2.23724,0.328566,0
15.6,8.3,0,2.27922,0.346292,0
15.6,8.4,0,2.28945,0.364409,0
15.6,8.5,0,2.24418,0.387372,0
15.6,8.6,0,2.31298,0.396299,0
15.6,8.7,0,2.23016,0.42799,0
15.6,8.8,0,2.30373,0.42893,0
15.6,8.9,0,2.26339,0.457468,0
15.6,9,0,2.26411,0.468993,0
15.6,9.1,0,2.27484,0.482746,0
15.6,9.2,0,2.25358,0.511541,0
15.6,9.3,0,2.28611,0.506106,0
15.6,9.4,0,2.25586,0.55213,0
15.6,9.5,0,2.26881,0.544055,0
15.6,9.6,0,2.26795,0.576237,0
15.6,9.7,0,2.27532,0.588286,0
15.6,9.8,0,2.28431,0.596636,0
15.6,9.9,0,2.27574,0.637626,0
15.6,10,0,2.27787,0.627942,0
15.6,10.1,0,2.28768,0.675637,0
15.6,10.2,0,2.29851,0.66746,0
15.6,10.3,0,2.30218,0.698481,0
15.6,10.4,0,2.29806,0.71884,0
15.6,10.5,0,2.30029,0.725821,0
15.6,10.6,0,2.31929,0.769326,0
15.6,10.7,0,2.32945,0.761866,0
15.6,10.8,0,2.33222,0.805198,0
15.6,10.9,0,2.32582,0.807146,0
15.6,11,0,2.33868,0.835105,0
15.6,11.1,0,2.36022,0.862888,0
15.6,11.2,0,2.37299,0.872575,0
15.6,11.3,0,2.37051,0.908693,0
15.6,11.4,0,2.36735,0.90595,0
15.6,11.5,0,2.38867,0.948505,0
15.6,11.6,0,2.41558,0.96978,0
15.6,11.7,0,2.42325,0.990855,0
15.6,11.8,0,2.41917,1.00734,0
15.6,11.9,0,2.42586,1.01543,0
15.6,12,0,2.44964,1.0652,0
15.6,12.1,0,2.48611,1.08988,0
15.6,12.2,0,2.48126,1.10786,0
15.6,12.3,0,2.48293,1.1109,0
15.6,12.4,0,2.49848,1.13641,0
15.6,12.5,0,2.52888,1.18472,0
15.6,12.6,0,2.56536,1.21541,0
15.6,12.7,0,2.54946,1.22202,0
15.7,0,0,2.53349,-1.24056,0
15.7,0.1,0,2.54983,-1.24375,0
15.7,0.2,0,2.54945,-1.23335,0
15.7,0.3,0,2.49892,-1.18579,0
15.7,0.4,0,2.46189,-1.14122,0
15.7,0.5,0,2.43835,-1.09963,0
15.7,0.6,0,2.42875,-1.08071,0
15.7,0.7,0,2.42361,-1.07022,0
15.7,0.8,0,2.439,-1.06201,0
15.7,0.9,0,2.44105,-1.04641,0
15.7,1,0,2.4019,-1.01118,0
15.7,1.1,0,2.36969,-0.976267,0
15.7,1.2,0,2.34441,-0.941688,0
15.7,1.3,0,2.34248,-0.92236,0
15.7,1.4,0,2.34787,-0.908654,0
15.7,1.5,0,2.36478,-0.893322,0
15.7,1.6,0,2.37018,-0.87533,0
15.7,1.7,0,2.33943,-0.850897,0
15.7,1.8,0,2.31141,-0.825228,0
15.7,1.9,0,2.28611,-0.798326,0
15.7,2,0,2.29524,-0.780538,0
15.7,2.1,0,2.31472,-0.766091,0
15.7,2.2,0,2.34204,-0.749726,0
15.7,2.3,0,2.35586,-0.73321,0
15.7,2.4,0,2.32794,-0.717405,0
15.7,2.5,0,2.30734,-0.702619,0
15.7,2.6,0,2.29406,-0.688851,0
15.7,2.7,0,2.29353,-0.668994,0
15.7,2.8,0,2.29753,-0.64767,0
15.7,2.9,0,2.31955,-0.629933,0
15.7,3,0,2.32584,-0.612283,0
15.7,3.1,0,2.28679,-0.596505,0
15.7,3.2,0,2.25406,-0.582293,0
15.7,3.3,0,2.22764,-0.569645,0
15.7,3.4,0,2.22095,-0.546181,0
15.7,3.5,0,2.22164,-0.519511,0
15.7,3.6,0,2.22786,-0.490426,0
15.7,3.7,0,2.22881,-0.466157,0
15.7,3.8,0,2.21108,-0.456773,0
15.7,3.9,0,2.19201,-0.4435,0
15.7,4,0,2.17159,-0.426336,0
15.7,4.1,0,2.19244,-0.4092,0
15.7,4.2,0,2.22622,-0.391931,0
15.7,4.3,0,2.25836,-0.36735,0
15.7,4.4,0,2.27973,-0.347355,0
15.7,4.5,0,2.26632,-0.342004,0
15.7,4.6,0,2.2587,-0.332449,0
15.7,4.7,0,2.25689,-0.318691,0
15.7,4.8,0,2.22522,-0.305781,0
15.7,4.9,0,2.1852,-0.293623,0
15.7,5,0,2.14302,-0.27434,0
15.7,5.1,0,2.12072,-0.254151,0
15.7,5.2,0,2.15987,-0.230506,0
15.7,5.3,0,2.19572,-0.197707,0
15.7,5.4,0,2.22827,-0.155754,0
15.7,5.5,0,2.22395,-0.152232,0
15.7,5.6,0,2.20584,-0.161947,0
15.7,5.7,0,2.18531,-0.153656,0
15.7,5.8,0,2.17039,-0.141878,0
15.7,5.9,0,2.17457,-0.119672,0
15.7,6,0,2.17698,-0.0872717,0
15.7,6.1,0,2.17763,-0.0446755,0
15.7,6.2,0,2.17524,-0.036825,0
15.7,6.3,0,2.17193,-0.0410015,0
15.7,6.4,0,2.16147,-0.0289811,0
15.7,6.5,0,2.15453,-0.0141204,0
15.7,6.6,0,2.1594,0.00843442,0
15.7,6.7,0,2.17348,0.0355766,0
15.7,6.8,0,2.19678,0.067306,0
15.7,6.9,0,2.18274,0.0771186,0
15.7,7,0,2.15715,0.0792616,0
15.7,7.1,0,2.15508,0.109296,0
15.7,7.2,0,2.15581,0.130633,0
15.7,7.3,0,2.15698,0.152234,0
15.7,7.4,0,2.15832,0.173846,0
15.7,7.5,0,2.15974,0.195469,0
15.7,7.6,0,2.16139,0.217132,0
15.7,7.7,0,2.16305,0.238662,0
15.7,7.8,0,2.16507,0.260062,0
15.7,7.9,0,2.16699,0.281078,0
15.7,8,0,2.16924,0.308178,0
15.7,8.1,0,2.27918,0.307712,0
15.7,8.2,0,2.21479,0.336484,0
15.7,8.3,0,2.25678,0.354209,0
15.7,8.4,0,2.26885,0.37343,0
15.7,8.5,0,2.22358,0.396392,0
15.7,8.6,0,2.30001,0.405908,0
15.7,8.7,0,2.21178,0.438611,0
15.7,8.8,0,2.28535,0.43955,0
15.7,8.9,0,2.24622,0.46935,0
15.7,9,0,2.24693,0.480874,0
15.7,9.1,0,2.25837,0.495727,0
15.7,9.2,0,2.23711,0.524522,0
15.7,9.3,0,2.27377,0.516131,0
15.7,9.4,0,2.23922,0.565783,0
15.7,9.5,0,2.25218,0.557709,0
15.7,9.6,0,2.25111,0.590521,0
15.7,9.7,0,2.25847,0.602569,0
15.7,9.8,0,2.26684,0.611314,0
15.7,9.9,0,2.25827,0.652304,0
15.7,10,0,2.25943,0.638556,0
15.7,10.1,0,2.26958,0.690797,0
15.7,10.2,0,2.28041,0.68262,0
15.7,10.3,0,2.28325,0.713972,0
15.7,10.4,0,2.27913,0.73433,0
15.7,10.5,0,2.2805,0.741819,0
15.7,10.6,0,2.29949,0.785325,0
15.7,10.7,0,2.30988,0.774173,0
15.7,10.8,0,2.31159,0.821618,0
15.7,10.9,0,2.30519,0.823566,0
15.7,11,0,2.31722,0.852226,0
15.7,11.1,0,2.33877,0.880009,0
15.7,11.2,0,2.35092,0.890408,0
15.7,11.3,0,2.34845,0.926526,0
15.7,11.4,0,2.34348,0.920909,0
15.7,11.5,0,2.36587,0.967323,0
15.7,11.6,0,2.39277,0.988598,0
15.7,11.7,0,2.4,1.0108,0
15.7,11.8,0,2.39592,1.02728,0
15.7,11.9,0,2.40192,1.03669,0
15.7,12,0,2.42569,1.08646,0
15.7,12.1,0,2.46366,1.11155,0
15.7,12.2,0,2.45687,1.13071,0
15.7,12.3,0,2.45854,1.13374,0
15.7,12.4,0,2.47327,1.16091,0
15.7,12.5,0,2.50367,1.20923,0
15.7,12.6,0,2.5398,1.2421,0
15.7,12.7,0,2.52355,1.24858,0
15.8,0,0,2.50793,-1.26707,0
15.8,0.1,0,2.52426,-1.27026,0
15.8,0.2,0,2.51687,-1.25192,0
15.8,0.3,0,2.47339,-1.20867,0
15.8,0.4,0,2.43635,-1.1641,0
15.8,0.5,0,2.41492,-1.12502,0
15.8,0.6,0,2.4038,-1.10094,0
15.8,0.7,0,2.39866,-1.09046,0
15.8,0.8,0,2.41404,-1.08225,0
15.8,0.9,0,2.41119,-1.06202,0
15.8,1,0,2.37812,-1.02891,0
15.8,1.1,0,2.3459,-0.994001,0
15.8,1.2,0,2.32425,-0.961158,0
15.8,1.3,0,2.32009,-0.938479,0
15.8,1.4,0,2.32547,-0.924773,0
15.8,1.5,0,2.34238,-0.909441,0
15.8,1.6,0,2.34391,-0.889395,0
15.8,1.7,0,2.31864,-0.86548,0
15.8,1.8,0,2.29061,-0.839812,0
15.8,1.9,0,2.271,-0.813961,0
15.8,2,0,2.27785,-0.794214,0
15.8,2.1,0,2.29733,-0.779767,0
15.8,2.2,0,2.32464,-0.763402,0
15.8,2.3,0,2.33354,-0.746111,0
15.8,2.4,0,2.3118,-0.729914,0
15.8,2.5,0,2.2912,-0.715127,0
15.8,2.6,0,2.27949,-0.700082,0
15.8,2.7,0,2.27653,-0.679813,0
15.8,2.8,0,2.28054,-0.658489,0
15.8,2.9,0,2.30256,-0.640752,0
15.8,3,0,2.30108,-0.622154,0
15.8,3.1,0,2.26793,-0.605709,0
15.8,3.2,0,2.23519,-0.591496,0
15.8,3.3,0,2.21094,-0.57703,0
15.8,3.4,0,2.19967,-0.554188,0
15.8,3.5,0,2.20036,-0.527518,0
15.8,3.6,0,2.20659,-0.498433,0
15.8,3.7,0,2.20706,-0.475922,0
15.8,3.8,0,2.19267,-0.464339,0
15.8,3.9,0,2.1736,-0.451065,0
15.8,4,0,2.15959,-0.434012,0
15.8,4.1,0,2.1765,-0.417191,0
15.8,4.2,0,2.21028,-0.399922,0
15.8,4.3,0,2.24242,-0.375341,0
15.8,4.4,0,2.26076,-0.356736,0
15.8,4.5,0,2.25284,-0.349108,0
15.8,4.6,0,2.24523,-0.339553,0
15.8,4.7,0,2.23802,-0.325561,0
15.8,4.8,0,2.20693,-0.311479,0
15.8,4.9,0,2.16692,-0.29932,0
15.8,5,0,2.12473,-0.280038,0
15.8,5.1,0,2.10972,-0.259915,0
15.8,5.2,0,2.1398,-0.236939,0
15.8,5.3,0,2.17565,-0.20414,0
15.8,5.4,0,2.20416,-0.16726,0
15.8,5.5,0,2.20838,-0.157387,0
15.8,5.6,0,2.19026,-0.167102,0
15.8,5.7,0,2.16974,-0.158811,0
15.8,5.8,0,2.15577,-0.145542,0
15.8,5.9,0,2.1567,-0.124792,0
15.8,6,0,2.15911,-0.092391,0
15.8,6.1,0,2.15926,-0.0543368,0
15.8,6.2,0,2.15707,-0.0406092,0
15.8,6.3,0,2.15376,-0.0447857,0
15.8,6.4,0,2.1433,-0.0327653,0
15.8,6.5,0,2.13712,-0.0162053,0
15.8,6.6,0,2.14003,0.00547681,0
15.8,6.7,0,2.15411,0.032619,0
15.8,6.8,0,2.1715,0.0615461,0
15.8,6.9,0,2.16068,0.0752531,0
15.8,7,0,2.13509,0.077396,0
15.8,7.1,0,2.1321,0.108516,0
15.8,7.2,0,2.13299,0.130517,0
15.8,7.3,0,2.13452,0.15292,0
15.8,7.4,0,2.13623,0.175403,0
15.8,7.5,0,2.13796,0.197923,0
15.8,7.6,0,2.13984,0.220503,0
15.8,7.7,0,2.14158,0.242915,0
15.8,7.8,0,2.1436,0.265181,0
15.8,7.9,0,2.14537,0.286966,0
15.8,8,0,2.14701,0.314894,0
15.8,8.1,0,2.24271,0.317107,0
15.8,8.2,0,2.19235,0.344401,0
15.8,8.3,0,2.23433,0.362127,0
15.8,8.4,0,2.24825,0.38245,0
15.8,8.5,0,2.20298,0.405412,0
15.8,8.6,0,2.26353,0.418415,0
15.8,8.7,0,2.1934,0.449231,0
15.8,8.8,0,2.26057,0.452027,0
15.8,8.9,0,2.22904,0.481231,0
15.8,9,0,2.22976,0.492756,0
15.8,9.1,0,2.24189,0.508708,0
15.8,9.2,0,2.22063,0.537503,0
15.8,9.3,0,2.24819,0.536836,0
15.8,9.4,0,2.22259,0.579437,0
15.8,9.5,0,2.23507,0.572519,0
15.8,9.6,0,2.23426,0.604805,0
15.8,9.7,0,2.24162,0.616853,0
15.8,9.8,0,2.24937,0.625992,0
15.8,9.9,0,2.24079,0.666983,0
15.8,10,0,2.24281,0.662182,0
15.8,10.1,0,2.25147,0.705957,0
15.8,10.2,0,2.2623,0.69778,0
15.8,10.3,0,2.26431,0.729462,0
15.8,10.4,0,2.26019,0.749821,0
15.8,10.5,0,2.2607,0.757818,0
15.8,10.6,0,2.2797,0.801324,0
15.8,10.7,0,2.28854,0.798102,0
15.8,10.8,0,2.29095,0.838039,0
15.8,10.9,0,2.28455,0.839986,0
15.8,11,0,2.29577,0.869347,0
15.8,11.1,0,2.31732,0.89713,0
15.8,11.2,0,2.32855,0.908912,0
15.8,11.3,0,2.32638,0.944359,0
15.8,11.4,0,2.32455,0.945764,0
15.8,11.5,0,2.34306,0.98614,0
15.8,11.6,0,2.36997,1.00742,0
15.8,11.7,0,2.37674,1.03074,0
15.8,11.8,0,2.37266,1.04723,0
15.8,11.9,0,2.37901,1.06,0
15.8,12,0,2.40175,1.10772,0
15.8,12.1,0,2.43485,1.13273,0
15.8,12.2,0,2.43249,1.15355,0
15.8,12.3,0,2.43416,1.15659,0
15.8,12.4,0,2.44805,1.18541,0
15.8,12.5,0,2.47845,1.23373,0
15.8,12.6,0,2.5098,1.26599,0
15.8,12.7,0,2.49764,1.27514,0
15.9,0,0,2.48236,-1.29358,0
15.9,0.1,0,2.49606,-1.29438,0
15.9,0.2,0,2.479,-1.26727,0
15.9,0.3,0,2.44785,-1.23155,0
15.9,0.4,0,2.41082,-1.18697,0
15.9,0.5,0,2.39306,-1.15231,0
15.9,0.6,0,2.37951,-1.12269,0
15.9,0.7,0,2.3737,-1.1107,0
15.9,0.8,0,2.38706,-1.10115,0
15.9,0.9,0,2.37677,-1.07603,0
15.9,1,0,2.35433,-1.04664,0
15.9,1.1,0,2.32212,-1.01174,0
15.9,1.2,0,2.30681,-0.98193,0
15.9,1.3,0,2.29875,-0.955595,0
15.9,1.4,0,2.30308,-0.940891,0
15.9,1.5,0,2.31828,-0.925036,0
15.9,1.6,0,2.31353,-0.903069,0
15.9,1.7,0,2.29784,-0.880064,0
15.9,1.8,0,2.26982,-0.854395,0
15.9,1.9,0,2.26015,-0.830385,0
15.9,2,0,2.26186,-0.808478,0
15.9,2.1,0,2.27994,-0.793442,0
15.9,2.2,0,2.3052,-0.776975,0
15.9,2.3,0,2.3066,-0.759306,0
15.9,2.4,0,2.29566,-0.742422,0
15.9,2.5,0,2.27506,-0.727636,0
15.9,2.6,0,2.26611,-0.710353,0
15.9,2.7,0,2.26032,-0.690515,0
15.9,2.8,0,2.26355,-0.669308,0
15.9,2.9,0,2.28296,-0.651476,0
15.9,3,0,2.27191,-0.632526,0
15.9,3.1,0,2.24906,-0.614912,0
15.9,3.2,0,2.21633,-0.6007,0
15.9,3.3,0,2.19586,-0.583053,0
15.9,3.4,0,2.17972,-0.56177,0
15.9,3.5,0,2.17909,-0.535525,0
15.9,3.6,0,2.18467,-0.50717,0
15.9,3.7,0,2.1828,-0.487338,0
15.9,3.8,0,2.17426,-0.471905,0
15.9,3.9,0,2.15518,-0.458631,0
15.9,4,0,2.1524,-0.441771,0
15.9,4.1,0,2.16244,-0.425132,0
15.9,4.2,0,2.19435,-0.407913,0
15.9,4.3,0,2.22495,-0.383996,0
15.9,4.4,0,2.23766,-0.367826,0
15.9,4.5,0,2.23937,-0.356211,0
15.9,4.6,0,2.23176,-0.346656,0
15.9,4.7,0,2.2151,-0.332256,0
15.9,4.8,0,2.18765,-0.31739,0
15.9,4.9,0,2.14863,-0.305018,0
15.9,5,0,2.10946,-0.285642,0
15.9,5.1,0,2.10552,-0.265176,0
15.9,5.2,0,2.11973,-0.243372,0
15.9,5.3,0,2.15558,-0.210573,0
15.9,5.4,0,2.177,-0.182572,0
15.9,5.5,0,2.19032,-0.164719,0
15.9,5.6,0,2.17469,-0.172258,0
15.9,5.7,0,2.15489,-0.163414,0
15.9,5.8,0,2.1436,-0.148117,0
15.9,5.9,0,2.13882,-0.129911,0
15.9,6,0,2.14124,-0.0975103,0
15.9,6.1,0,2.14051,-0.0674045,0
15.9,6.2,0,2.13878,-0.0463828,0
15.9,6.3,0,2.1356,-0.0485699,0
15.9,6.4,0,2.12561,-0.0360451,0
15.9,6.5,0,2.12118,-0.0176357,0
15.9,6.6,0,2.12066,0.0025192,0
15.9,6.7,0,2.13475,0.0296613,0
15.9,6.8,0,2.14178,0.0536843,0
15.9,6.9,0,2.13699,0.0721026,0
15.9,7,0,2.11303,0.0755305,0
15.9,7.1,0,2.10912,0.107737,0
15.9,7.2,0,2.11016,0.130401,0
15.9,7.3,0,2.11205,0.153606,0
15.9,7.4,0,2.11414,0.17696,0
15.9,7.5,0,2.11618,0.200378,0
15.9,7.6,0,2.1183,0.223874,0
15.9,7.7,0,2.12011,0.247168,0
15.9,7.8,0,2.12212,0.2703,0
15.9,7.9,0,2.12375,0.292853,0
15.9,8,0,2.12477,0.321609,0
15.9,8.1,0,2.19425,0.328762,0
15.9,8.2,0,2.1699,0.352319,0
15.9,8.3,0,2.20843,0.370458,0
15.9,8.4,0,2.21811,0.392174,0
15.9,8.5,0,2.18237,0.414432,0
15.9,8.6,0,2.22084,0.43157,0
15.9,8.7,0,2.17503,0.459851,0
15.9,8.8,0,2.2234,0.4681,0
15.9,8.9,0,2.21187,0.493113,0
15.9,9,0,2.21259,0.504637,0
15.9,9.1,0,2.21908,0.524628,0
15.9,9.2,0,2.20416,0.550484,0
15.9,9.3,0,2.22211,0.557937,0
15.9,9.4,0,2.20595,0.593091,0
15.9,9.5,0,2.21505,0.59453,0
15.9,9.6,0,2.21741,0.619088,0
15.9,9.7,0,2.22478,0.631137,0
15.9,9.8,0,2.2293,0.647326,0
15.9,9.9,0,2.22332,0.681661,0
15.9,10,0,2.2262,0.685807,0
15.9,10.1,0,2.23336,0.721118,0
15.9,10.2,0,2.24246,0.721729,0
15.9,10.3,0,2.24538,0.744953,0
15.9,10.4,0,2.24126,0.765311,0
15.9,10.5,0,2.24455,0.78147,0
15.9,10.6,0,2.25991,0.817323,0
15.9,10.7,0,2.26719,0.822032,0
15.9,10.8,0,2.27032,0.854459,0
15.9,10.9,0,2.26661,0.862267,0
15.9,11,0,2.27432,0.886468,0
15.9,11.1,0,2.29586,0.914251,0
15.9,11.2,0,2.30432,0.931598,0
15.9,11.3,0,2.30432,0.962192,0
15.9,11.4,0,2.30579,0.971013,0
15.9,11.5,0,2.32025,1.00496,0
15.9,11.6,0,2.34472,1.02771,0
15.9,11.7,0,2.35348,1.05068,0
15.9,11.8,0,2.3494,1.06717,0
15.9,11.9,0,2.35809,1.08731,0
15.9,12,0,2.37781,1.12898,0
15.9,12.1,0,2.40438,1.15389,0
15.9,12.2,0,2.40811,1.1764,0
15.9,12.3,0,2.41018,1.18205,0
15.9,12.4,0,2.4231,1.21071,0
15.9,12.5,0,2.45324,1.25823,0
15.9,12.6,0,2.47636,1.28765,0
15.9,12.7,0,2.47173,1.3017,0
16,0,0,2.45679,-1.32009,0
16,0.1,0,2.45819,-1.30973,0
16,0.2,0,2.44113,-1.28261,0
16,0.3,0,2.42231,-1.25442,0
16,0.4,0,2.38528,-1.20985,0
16,0.5,0,2.3712,-1.1796,0
16,0.6,0,2.35765,-1.14998,0
16,0.7,0,2.34875,-1.13093,0
16,0.8,0,2.35265,-1.11516,0
16,0.9,0,2.34236,-1.09003,0
16,1,0,2.33055,-1.06438,0
16,1.1,0,2.29834,-1.02947,0
16,1.2,0,2.28937,-1.0027,0
16,1.3,0,2.28131,-0.976366,0
16,1.4,0,2.28068,-0.95701,0
16,1.5,0,2.2879,-0.93871,0
16,1.6,0,2.28316,-0.916744,0
16,1.7,0,2.27704,-0.894647,0
16,1.8,0,2.24902,-0.868979,0
16,1.9,0,2.24931,-0.846809,0
16,2,0,2.25101,-0.824902,0
16,2.1,0,2.26254,-0.807118,0
16,2.2,0,2.27826,-0.79017,0
16,2.3,0,2.27966,-0.772501,0
16,2.4,0,2.27952,-0.754931,0
16,2.5,0,2.25892,-0.740145,0
16,2.6,0,2.25273,-0.720625,0
16,2.7,0,2.24693,-0.700787,0
16,2.8,0,2.24655,-0.680127,0
16,2.9,0,2.25378,-0.661848,0
16,3,0,2.24273,-0.642898,0
16,3.1,0,2.2302,-0.624116,0
16,3.2,0,2.19747,-0.609903,0
16,3.3,0,2.18079,-0.589075,0
16,3.4,0,2.16465,-0.567792,0
16,3.5,0,2.15781,-0.543532,0
16,3.6,0,2.16041,-0.518586,0
16,3.7,0,2.15855,-0.498753,0
16,3.8,0,2.15585,-0.479471,0
16,3.9,0,2.13677,-0.466197,0
16,4,0,2.14521,-0.44953,0
16,4.1,0,2.15525,-0.432891,0
16,4.2,0,2.17841,-0.415904,0
16,4.3,0,2.20186,-0.395086,0
16,4.4,0,2.21456,-0.378915,0
16,4.5,0,2.2259,-0.363314,0
16,4.6,0,2.21828,-0.353759,0
16,4.7,0,2.19218,-0.338952,0
16,4.8,0,2.16473,-0.324086,0
16,4.9,0,2.13034,-0.310716,0
16,5,0,2.10527,-0.290904,0
16,5.1,0,2.10133,-0.270438,0
16,5.2,0,2.09966,-0.249805,0
16,5.3,0,2.13551,-0.217006,0
16,5.4,0,2.14985,-0.197884,0
16,5.5,0,2.16317,-0.180031,0
16,5.6,0,2.15912,-0.177413,0
16,5.7,0,2.14272,-0.165988,0
16,5.8,0,2.13143,-0.150691,0
16,5.9,0,2.12095,-0.13503,0
16,6,0,2.12337,-0.10263,0
16,6.1,0,2.12176,-0.0804723,0
16,6.2,0,2.12003,-0.0594505,0
16,6.3,0,2.11743,-0.0523541,0
16,6.4,0,2.10967,-0.0374754,0
16,6.5,0,2.10524,-0.019066,0
16,6.6,0,2.1013,-0.000438416,0
16,6.7,0,2.11538,0.0267037,0
16,6.8,0,2.11206,0.0458226,0
16,6.9,0,2.10727,0.0642409,0
16,7,0,2.09098,0.0736649,0
16,7.1,0,2.08614,0.106957,0
16,7.2,0,2.08734,0.130285,0
16,7.3,0,2.08958,0.154293,0
16,7.4,0,2.09205,0.178517,0
16,7.5,0,2.0944,0.202832,0
16,7.6,0,2.09676,0.227245,0
16,7.7,0,2.09864,0.251421,0
16,7.8,0,2.10064,0.275418,0
16,7.9,0,2.10213,0.298741,0
16,8,0,2.10254,0.328325,0
16,8.1,0,2.14578,0.340417,0
16,8.2,0,2.14746,0.360237,0
16,8.3,0,2.15891,0.381611,0
16,8.4,0,2.16859,0.403327,0
16,8.5,0,2.16177,0.423452,0
16,8.6,0,2.17816,0.444724,0
16,8.7,0,2.15665,0.470471,0
16,8.8,0,2.18624,0.484173,0
16,8.9,0,2.19236,0.505485,0
16,9,0,2.18503,0.52265,0
16,9.1,0,2.1907,0.543134,0
16,9.2,0,2.18769,0.563465,0
16,9.3,0,2.19603,0.579038,0
16,9.4,0,2.18932,0.606745,0
16,9.5,0,2.19502,0.616541,0
16,9.6,0,2.19955,0.635838,0
16,9.7,0,2.20492,0.652265,0
16,9.8,0,2.20829,0.671071,0
16,9.9,0,2.20585,0.696339,0
16,10,0,2.20959,0.709433,0
16,10.1,0,2.21525,0.736278,0
16,10.2,0,2.22249,0.746276,0
16,10.3,0,2.22591,0.765164,0
16,10.4,0,2.2239,0.785328,0
16,10.5,0,2.22865,0.805643,0
16,10.6,0,2.24011,0.833322,0
16,10.7,0,2.24584,0.845961,0
16,10.8,0,2.24969,0.870879,0
16,10.9,0,2.24965,0.88667,0
16,11,0,2.25611,0.908857,0
16,11.1,0,2.27352,0.933148,0
16,11.2,0,2.28009,0.954284,0
16,11.3,0,2.28225,0.980024,0
16,11.4,0,2.28704,0.996263,0
16,11.5,0,2.29744,1.02378,0
16,11.6,0,2.31732,1.04932,0
16,11.7,0,2.32639,1.07216,0
16,11.8,0,2.32642,1.08797,0
16,11.9,0,2.33718,1.11461,0
16,12,0,2.35386,1.15024,0
16,12.1,0,2.3739,1.17505,0
16,12.2,0,2.38372,1.19925,0
16,12.3,0,2.38702,1.21281,0
16,12.4,0,2.39994,1.24147,0
16,12.5,0,2.42803,1.28273,0
16,12.6,0,2.44292,1.3093,0
16,12.7,0,2.44582,1.32826,0
16.1,0,0,2.43123,-1.3466,0
16.1,0.1,0,2.42032,-1.32507,0
16.1,0.2,0,2.40326,-1.29796,0
16.1,0.3,0,2.38621,-1.27084,0
16.1,0.4,0,2.3629,-1.23651,0
16.1,0.5,0,2.34934,-1.20689,0
16.1,0.6,0,2.33579,-1.17726,0
16.1,0.7,0,2.32379,-1.15117,0
16.1,0.8,0,2.31823,-1.12916,0
16.1,0.9,0,2.30794,-1.10404,0
16.1,1,0,2.29765,-1.07892,0
16.1,1.1,0,2.27999,-1.04981,0
16.1,1.2,0,2.27193,-1.02347,0
16.1,1.3,0,2.26387,-0.997138,0
16.1,1.4,0,2.25829,-0.973129,0
16.1,1.5,0,2.25753,-0.952385,0
16.1,1.6,0,2.25278,-0.930418,0
16.1,1.7,0,2.24804,-0.908452,0
16.1,1.8,0,2.23675,-0.88514,0
16.1,1.9,0,2.23846,-0.863233,0
16.1,2,0,2.24017,-0.841326,0
16.1,2.1,0,2.24515,-0.820794,0
16.1,2.2,0,2.25132,-0.803365,0
16.1,2.3,0,2.25272,-0.785697,0
16.1,2.4,0,2.25412,-0.768028,0
16.1,2.5,0,2.24514,-0.750736,0
16.1,2.6,0,2.23935,-0.730897,0
16.1,2.7,0,2.23355,-0.711059,0
16.1,2.8,0,2.22956,-0.690946,0
16.1,2.9,0,2.2246,-0.67222,0
16.1,3,0,2.21355,-0.653271,0
16.1,3.1,0,2.2025,-0.634321,0
16.1,3.2,0,2.18185,-0.61638,0
16.1,3.3,0,2.16571,-0.595097,0
16.1,3.4,0,2.14957,-0.573814,0
16.1,3.5,0,2.13653,-0.551539,0
16.1,3.6,0,2.13616,-0.530002,0
16.1,3.7,0,2.13429,-0.510169,0
16.1,3.8,0,2.13242,-0.490336,0
16.1,3.9,0,2.12798,-0.473928,0
16.1,4,0,2.13802,-0.457289,0
16.1,4.1,0,2.14806,-0.44065,0
16.1,4.2,0,2.16247,-0.423895,0
16.1,4.3,0,2.17876,-0.406175,0
16.1,4.4,0,2.19147,-0.390005,0
16.1,4.5,0,2.20417,-0.373834,0
16.1,4.6,0,2.19671,-0.360513,0
16.1,4.7,0,2.16926,-0.345647,0
16.1,4.8,0,2.14182,-0.330781,0
16.1,4.9,0,2.11205,-0.316414,0
16.1,5,0,2.10107,-0.296166,0
16.1,5.1,0,2.09713,-0.2757,0
16.1,5.2,0,2.0932,-0.255234,0
16.1,5.3,0,2.10937,-0.231049,0
16.1,5.4,0,2.12269,-0.213196,0
16.1,5.5,0,2.13601,-0.195343,0
16.1,5.6,0,2.14354,-0.182568,0
16.1,5.7,0,2.13055,-0.168562,0
16.1,5.8,0,2.11926,-0.153265,0
16.1,5.9,0,2.10796,-0.137968,0
16.1,6,0,2.10474,-0.114562,0
16.1,6.1,0,2.10301,-0.0935401,0
16.1,6.2,0,2.10129,-0.0725183,0
16.1,6.3,0,2.09927,-0.0561383,0
16.1,6.4,0,2.09373,-0.0389058,0
16.1,6.5,0,2.0893,-0.0204964,0
16.1,6.6,0,2.08487,-0.00208696,0
16.1,6.7,0,2.08714,0.0195426,0
16.1,6.8,0,2.08235,0.0379608,0
16.1,6.9,0,2.07755,0.0563791,0
16.1,7,0,2.06892,0.0717993,0
16.1,7.1,0,2.06316,0.106177,0
16.1,7.2,0,2.06452,0.130169,0
16.1,7.3,0,2.06711,0.154979,0
16.1,7.4,0,2.06997,0.180074,0
16.1,7.5,0,2.07263,0.205286,0
16.1,7.6,0,2.07522,0.230616,0
16.1,7.7,0,2.07717,0.255674,0
16.1,7.8,0,2.07917,0.280537,0
16.1,7.9,0,2.08051,0.304628,0
16.1,8,0,2.0803,0.33504,0
16.1,8.1,0,2.09731,0.352072,0
16.1,8.2,0,2.10121,0.371573,0
16.1,8.3,0,2.10939,0.392765,0
16.1,8.4,0,2.11906,0.414481,0
16.1,8.5,0,2.12543,0.435419,0
16.1,8.6,0,2.13547,0.457878,0
16.1,8.7,0,2.13827,0.481092,0
16.1,8.8,0,2.14907,0.500246,0
16.1,8.9,0,2.15519,0.521558,0
16.1,9,0,2.15664,0.541157,0
16.1,9.1,0,2.16231,0.56164,0
16.1,9.2,0,2.16631,0.580593,0
16.1,9.3,0,2.16995,0.600139,0
16.1,9.4,0,2.17268,0.620399,0
16.1,9.5,0,2.175,0.638553,0
16.1,9.6,0,2.17952,0.65785,0
16.1,9.7,0,2.1839,0.67601,0
16.1,9.8,0,2.18728,0.694817,0
16.1,9.9,0,2.18864,0.713778,0
16.1,10,0,2.19297,0.733058,0
16.1,10.1,0,2.19731,0.752338,0
16.1,10.2,0,2.20253,0.770824,0
16.1,10.3,0,2.20595,0.789712,0
16.1,10.4,0,2.208,0.809501,0
16.1,10.5,0,2.21275,0.829816,0
16.1,10.6,0,2.22016,0.850164,0
16.1,10.7,0,2.22449,0.86989,0
16.1,10.8,0,2.22883,0.889616,0
16.1,10.9,0,2.23268,0.911074,0
16.1,11,0,2.23914,0.933261,0
16.1,11.1,0,2.24929,0.955834,0
16.1,11.2,0,2.25585,0.97697,0
16.1,11.3,0,2.26018,0.997857,0
16.1,11.4,0,2.26829,1.02151,0
16.1,11.5,0,2.2767,1.04588,0
16.1,11.6,0,2.28993,1.07092,0
16.1,11.7,0,2.299,1.09376,0
16.1,11.8,0,2.30551,1.11527,0
16.1,11.9,0,2.31627,1.14192,0
16.1,12,0,2.32992,1.1715,0
16.1,12.1,0,2.34343,1.19621,0
16.1,12.2,0,2.355,1.22089,0
16.1,12.3,0,2.36386,1.24356,0
16.1,12.4,0,2.37678,1.27223,0
16.1,12.5,0,2.39529,1.30462,0
16.1,12.6,0,2.40948,1.33095,0
16.1,12.7,0,2.41991,1.35482,0
16.2,0,0,2.4008,-1.36991,0
16.2,0.1,0,2.38874,-1.35041,0
16.2,0.2,0,2.37168,-1.32329,0
16.2,0.3,0,2.35462,-1.29618,0
16.2,0.4,0,2.33346,-1.25473,0
16.2,0.5,0,2.31991,-1.22511,0
16.2,0.6,0,2.30636,-1.19549,0
16.2,0.7,0,2.29602,-1.16937,0
16.2,0.8,0,2.29019,-1.15058,0
16.2,0.9,0,2.2799,-1.12546,0
16.2,1,0,2.26961,-1.10034,0
16.2,1.1,0,2.25535,-1.06362,0
16.2,1.2,0,2.24729,-1.03728,0
16.2,1.3,0,2.23923,-1.01095,0
16.2,1.4,0,2.23402,-0.987906,0
16.2,1.5,0,2.23313,-0.971411,0
16.2,1.6,0,2.22838,-0.949444,0
16.2,1.7,0,2.22364,-0.927478,0
16.2,1.8,0,2.21756,-0.896191,0
16.2,1.9,0,2.21926,-0.874284,0
16.2,2,0,2.22097,-0.852377,0
16.2,2.1,0,2.22551,-0.833103,0
16.2,2.2,0,2.23285,-0.820373,0
16.2,2.3,0,2.23425,-0.802704,0
16.2,2.4,0,2.23564,-0.785035,0
16.2,2.5,0,2.22595,-0.757995,0
16.2,2.6,0,2.22015,-0.738156,0
16.2,2.7,0,2.21436,-0.718318,0
16.2,2.8,0,2.2099,-0.70005,0
16.2,2.9,0,2.20318,-0.685277,0
16.2,3,0,2.19212,-0.666328,0
16.2,3.1,0,2.18107,-0.647379,0
16.2,3.2,0,2.1609,-0.620577,0
16.2,3.3,0,2.14476,-0.599294,0
16.2,3.4,0,2.12862,-0.578011,0
16.2,3.5,0,2.11542,-0.558581,0
16.2,3.6,0,2.11252,-0.542708,0
16.2,3.7,0,2.11065,-0.522875,0
16.2,3.8,0,2.10879,-0.503043,0
16.2,3.9,0,2.11578,-0.47922,0
16.2,4,0,2.12582,-0.462581,0
16.2,4.1,0,2.13586,-0.445941,0
16.2,4.2,0,2.14591,-0.430776,0
16.2,4.3,0,2.15968,-0.419559,0
16.2,4.4,0,2.17239,-0.403389,0
16.2,4.5,0,2.1851,-0.387218,0
16.2,4.6,0,2.18457,-0.364433,0
16.2,4.7,0,2.15712,-0.349567,0
16.2,4.8,0,2.12967,-0.334701,0
16.2,4.9,0,2.09399,-0.32056,0
16.2,5,0,2.07744,-0.306266,0
16.2,5.1,0,2.0735,-0.2858,0
16.2,5.2,0,2.06957,-0.265334,0
16.2,5.3,0,2.09529,-0.24056,0
16.2,5.4,0,2.10861,-0.222707,0
16.2,5.5,0,2.12193,-0.204854,0
16.2,5.6,0,2.12676,-0.186469,0
16.2,5.7,0,2.11437,-0.175996,0
16.2,5.8,0,2.10308,-0.160699,0
16.2,5.9,0,2.09179,-0.145402,0
16.2,6,0,2.08648,-0.124879,0
16.2,6.1,0,2.08475,-0.103857,0
16.2,6.2,0,2.08302,-0.0828357,0
16.2,6.3,0,2.07989,-0.058421,0
16.2,6.4,0,2.0783,-0.0421241,0
16.2,6.5,0,2.07387,-0.0237147,0
16.2,6.6,0,2.06944,-0.00530523,0
16.2,6.7,0,2.05705,0.0134655,0
16.2,6.8,0,2.05225,0.0318838,0
16.2,6.9,0,2.04746,0.050302,0
16.2,7,0,2.04724,0.0717789,0
16.2,7.1,0,2.04012,0.106435,0
16.2,7.2,0,2.04052,0.131019,0
16.2,7.3,0,2.04245,0.156386,0
16.2,7.4,0,2.04491,0.182115,0
16.2,7.5,0,2.04745,0.208032,0
16.2,7.6,0,2.05013,0.234072,0
16.2,7.7,0,2.05248,0.259839,0
16.2,7.8,0,2.05501,0.285307,0
16.2,7.9,0,2.05721,0.310034,0
16.2,8,0,2.05849,0.340641,0
16.2,8.1,0,2.0478,0.362967,0
16.2,8.2,0,2.05169,0.382469,0
16.2,8.3,0,2.05948,0.40413,0
16.2,8.4,0,2.06916,0.425846,0
16.2,8.5,0,2.08304,0.448178,0
16.2,8.6,0,2.09308,0.470637,0
16.2,8.7,0,2.10823,0.490305,0
16.2,8.8,0,2.11258,0.516999,0
16.2,8.9,0,2.1187,0.538311,0
16.2,9,0,2.12769,0.559189,0
16.2,9.1,0,2.13336,0.579672,0
16.2,9.2,0,2.14129,0.6024,0
16.2,9.3,0,2.14493,0.621947,0
16.2,9.4,0,2.14859,0.639719,0
16.2,9.5,0,2.15369,0.65992,0
16.2,9.6,0,2.15821,0.679217,0
16.2,9.7,0,2.16446,0.700521,0
16.2,9.8,0,2.16783,0.719328,0
16.2,9.9,0,2.17022,0.73652,0
16.2,10,0,2.17455,0.7558,0
16.2,10.1,0,2.17889,0.77508,0
16.2,10.2,0,2.1846,0.796352,0
16.2,10.3,0,2.18802,0.81524,0
16.2,10.4,0,2.18973,0.832341,0
16.2,10.5,0,2.19448,0.852656,0
16.2,10.6,0,2.20127,0.875572,0
16.2,10.7,0,2.20561,0.895298,0
16.2,10.8,0,2.20995,0.915024,0
16.2,10.9,0,2.21272,0.93339,0
16.2,11,0,2.21919,0.955577,0
16.2,11.1,0,2.22802,0.980867,0
16.2,11.2,0,2.23459,1.002,0
16.2,11.3,0,2.23787,1.01866,0
16.2,11.4,0,2.24611,1.04362,0
16.2,11.5,0,2.25453,1.06798,0
16.2,11.6,0,2.2658,1.09605,0
16.2,11.7,0,2.27487,1.11889,0
16.2,11.8,0,2.28091,1.13811,0
16.2,11.9,0,2.29168,1.16476,0
16.2,12,0,2.30356,1.19319,0
16.2,12.1,0,2.31645,1.22232,0
16.2,12.2,0,2.32801,1.247,0
16.2,12.3,0,2.33687,1.26838,0
16.2,12.4,0,2.3498,1.29705,0
16.2,12.5,0,2.36536,1.33279,0
16.2,12.6,0,2.37955,1.35912,0
16.2,12.7,0,2.39039,1.37832,0
16.3,0,0,2.3655,-1.39002,0
16.3,0.1,0,2.36344,-1.38573,0
16.3,0.2,0,2.34638,-1.35862,0
16.3,0.3,0,2.32822,-1.32895,0
16.3,0.4,0,2.29702,-1.26507,0
16.3,0.5,0,2.2829,-1.23426,0
16.3,0.6,0,2.26935,-1.20464,0
16.3,0.7,0,2.26544,-1.18553,0
16.3,0.8,0,2.26852,-1.1794,0
16.3,0.9,0,2.25823,-1.15428,0
16.3,1,0,2.24705,-1.1271,0
16.3,1.1,0,2.22408,-1.07155,0
16.3,1.2,0,2.21546,-1.04413,0
16.3,1.3,0,2.2074,-1.0178,0
16.3,1.4,0,2.20789,-1.00134,0
16.3,1.5,0,2.2147,-0.995788,0
16.3,1.6,0,2.20996,-0.973822,0
16.3,1.7,0,2.20447,-0.950117,0
16.3,1.8,0,2.19057,-0.902801,0
16.3,1.9,0,2.19172,-0.879961,0
16.3,2,0,2.19342,-0.858054,0
16.3,2.1,0,2.20362,-0.844047,0
16.3,2.2,0,2.22284,-0.841192,0
16.3,2.3,0,2.22423,-0.823524,0
16.3,2.4,0,2.22397,-0.804179,0
16.3,2.5,0,2.20142,-0.762934,0
16.3,2.6,0,2.19514,-0.742403,0
16.3,2.7,0,2.18935,-0.722564,0
16.3,2.8,0,2.18758,-0.707439,0
16.3,2.9,0,2.1895,-0.70102,0
16.3,3,0,2.17845,-0.68207,0
16.3,3.1,0,2.16625,-0.661771,0
16.3,3.2,0,2.1348,-0.623509,0
16.3,3.3,0,2.11793,-0.601666,0
16.3,3.4,0,2.10179,-0.580383,0
16.3,3.5,0,2.09446,-0.564659,0
16.3,3.6,0,2.0895,-0.556705,0
16.3,3.7,0,2.08763,-0.536873,0
16.3,3.8,0,2.08644,-0.515969,0
16.3,3.9,0,2.09842,-0.48257,0
16.3,4,0,2.10862,-0.465405,0
16.3,4.1,0,2.11866,-0.448766,0
16.3,4.2,0,2.12871,-0.436548,0
16.3,4.3,0,2.14463,-0.435238,0
16.3,4.4,0,2.15734,-0.419068,0
16.3,4.5,0,2.16959,-0.401308,0
16.3,4.6,0,2.18079,-0.366065,0
16.3,4.7,0,2.15575,-0.350712,0
16.3,4.8,0,2.1283,-0.335846,0
16.3,4.9,0,2.07615,-0.323153,0
16.3,5,0,2.03437,-0.321205,0
16.3,5.1,0,2.03044,-0.300739,0
16.3,5.2,0,2.02994,-0.278692,0
16.3,5.3,0,2.09172,-0.244292,0
16.3,5.4,0,2.10761,-0.226416,0
16.3,5.5,0,2.12093,-0.208563,0
16.3,5.6,0,2.10876,-0.189114,0
16.3,5.7,0,2.09419,-0.188289,0
16.3,5.8,0,2.08289,-0.172992,0
16.3,5.9,0,2.07173,-0.156108,0
16.3,6,0,2.06848,-0.131534,0
16.3,6.1,0,2.06697,-0.111425,0
16.3,6.2,0,2.06524,-0.0904028,0
16.3,6.3,0,2.05929,-0.0592021,0
16.3,6.4,0,2.06338,-0.0471303,0
16.3,6.5,0,2.05895,-0.0287208,0
16.3,6.6,0,2.05369,-0.0094405,0
16.3,6.7,0,2.02797,0.00994202,0
16.3,6.8,0,2.02178,0.0275913,0
16.3,6.9,0,2.01698,0.0460096,0
16.3,7,0,2.02594,0.0736035,0
16.3,7.1,0,2.01701,0.107729,0
16.3,7.2,0,2.01535,0.132835,0
16.3,7.3,0,2.0156,0.158514,0
16.3,7.4,0,2.01689,0.184641,0
16.3,7.5,0,2.01888,0.21107,0
16.3,7.6,0,2.02151,0.237614,0
16.3,7.7,0,2.02455,0.263916,0
16.3,7.8,0,2.02819,0.289728,0
16.3,7.9,0,2.03222,0.314958,0
16.3,8,0,2.03711,0.345127,0
16.3,8.1,0,1.99724,0.373104,0
16.3,8.2,0,2.00367,0.39209,0
16.3,8.3,0,2.00919,0.415707,0
16.3,8.4,0,2.01886,0.437423,0
16.3,8.5,0,2.04636,0.458077,0
16.3,8.6,0,2.05098,0.483,0
16.3,8.7,0,2.08329,0.493298,0
16.3,8.8,0,2.07676,0.534431,0
16.3,8.9,0,2.08288,0.555742,0
16.3,9,0,2.09818,0.576746,0
16.3,9.1,0,2.10384,0.59723,0
16.3,9.2,0,2.11704,0.615509,0
16.3,9.3,0,2.12098,0.64446,0
16.3,9.4,0,2.12488,0.643704,0
16.3,9.5,0,2.1311,0.680642,0
16.3,9.6,0,2.13562,0.699939,0
16.3,9.7,0,2.14659,0.725798,0
16.3,9.8,0,2.14996,0.744605,0
16.3,9.9,0,2.14881,0.747496,0
16.3,10,0,2.15433,0.777659,0
16.3,10.1,0,2.15768,0.78404,0
16.3,10.2,0,2.16871,0.82286,0
16.3,10.3,0,2.17212,0.841748,0
16.3,10.4,0,2.1691,0.853848,0
16.3,10.5,0,2.17385,0.874162,0
16.3,10.6,0,2.18056,0.887092,0
16.3,10.7,0,2.1892,0.922185,0
16.3,10.8,0,2.18984,0.930726,0
16.3,10.9,0,2.18977,0.953618,0
16.3,11,0,2.19624,0.975805,0
16.3,11.1,0,2.20972,1.00825,0
16.3,11.2,0,2.21629,1.02938,0
16.3,11.3,0,2.2142,1.03146,0
16.3,11.4,0,2.2205,1.06257,0
16.3,11.5,0,2.22921,1.08443,0
16.3,11.6,0,2.24494,1.1247,0
16.3,11.7,0,2.254,1.14754,0
16.3,11.8,0,2.25263,1.15649,0
16.3,11.9,0,2.2634,1.18313,0
16.3,12,0,2.27562,1.20928,0
16.3,12.1,0,2.29295,1.25338,0
16.3,12.2,0,2.30279,1.27416,0
16.3,12.3,0,2.30606,1.28727,0
16.3,12.4,0,2.31899,1.31593,0
16.3,12.5,0,2.33853,1.36611,0
16.3,12.6,0,2.35313,1.39379,0
16.3,12.7,0,2.35726,1.39876,0
16.4,0,0,2.3302,-1.41013,0
16.4,0.1,0,2.33814,-1.42106,0
16.4,0.2,0,2.32108,-1.39394,0
16.4,0.3,0,2.29522,-1.34641,0
16.4,0.4,0,2.26402,-1.28253,0
16.4,0.5,0,2.24589,-1.24342,0
16.4,0.6,0,2.23234,-1.2138,0
16.4,0.7,0,2.23485,-1.20169,0
16.4,0.8,0,2.24686,-1.20823,0
16.4,0.9,0,2.23657,-1.18311,0
16.4,1,0,2.21911,-1.1415,0
16.4,1.1,0,2.19613,-1.08595,0
16.4,1.2,0,2.18363,-1.05098,0
16.4,1.3,0,2.17557,-1.02465,0
16.4,1.4,0,2.18176,-1.01478,0
16.4,1.5,0,2.19628,-1.02017,0
16.4,1.6,0,2.19153,-0.998199,0
16.4,1.7,0,2.18087,-0.962328,0
16.4,1.8,0,2.16697,-0.915012,0
16.4,1.9,0,2.16417,-0.885638,0
16.4,2,0,2.16587,-0.863731,0
16.4,2.1,0,2.18174,-0.85499,0
16.4,2.2,0,2.21282,-0.862012,0
16.4,2.3,0,2.21422,-0.844343,0
16.4,2.4,0,2.20232,-0.813271,0
16.4,2.5,0,2.17977,-0.772026,0
16.4,2.6,0,2.17013,-0.74665,0
16.4,2.7,0,2.16434,-0.726811,0
16.4,2.8,0,2.16525,-0.714829,0
16.4,2.9,0,2.17583,-0.716762,0
16.4,3,0,2.16477,-0.697813,0
16.4,3.1,0,2.14455,-0.668063,0
16.4,3.2,0,2.1131,-0.629801,0
16.4,3.3,0,2.0911,-0.604037,0
16.4,3.4,0,2.07496,-0.582754,0
16.4,3.5,0,2.0735,-0.570737,0
16.4,3.6,0,2.06648,-0.570703,0
16.4,3.7,0,2.06462,-0.55087,0
16.4,3.8,0,2.06816,-0.522473,0
16.4,3.9,0,2.08014,-0.489073,0
16.4,4,0,2.09142,-0.468229,0
16.4,4.1,0,2.10146,-0.45159,0
16.4,4.2,0,2.11152,-0.44232,0
16.4,4.3,0,2.12958,-0.450917,0
16.4,4.4,0,2.14229,-0.434747,0
16.4,4.5,0,2.15135,-0.405865,0
16.4,4.6,0,2.16254,-0.370622,0
16.4,4.7,0,2.15437,-0.351856,0
16.4,4.8,0,2.12692,-0.33699,0
16.4,4.9,0,2.05832,-0.325747,0
16.4,5,0,1.99131,-0.336144,0
16.4,5.1,0,1.98737,-0.315678,0
16.4,5.2,0,2.01095,-0.282562,0
16.4,5.3,0,2.07272,-0.248163,0
16.4,5.4,0,2.10661,-0.230126,0
16.4,5.5,0,2.11993,-0.212273,0
16.4,5.6,0,2.09076,-0.191759,0
16.4,5.7,0,2.074,-0.200582,0
16.4,5.8,0,2.06271,-0.185285,0
16.4,5.9,0,2.05244,-0.15729,0
16.4,6,0,2.0492,-0.132717,0
16.4,6.1,0,2.04919,-0.118992,0
16.4,6.2,0,2.04746,-0.0979698,0
16.4,6.3,0,2.0387,-0.0599832,0
16.4,6.4,0,2.04846,-0.0521364,0
16.4,6.5,0,2.04403,-0.033727,0
16.4,6.6,0,2.03294,-0.00835024,0
16.4,6.7,0,2.00722,0.0110323,0
16.4,6.8,0,1.99131,0.0232989,0
16.4,6.9,0,1.98651,0.0417172,0
16.4,7,0,2.00463,0.0754282,0
16.4,7.1,0,1.99391,0.109024,0
16.4,7.2,0,1.99018,0.134652,0
16.4,7.3,0,1.98875,0.160642,0
16.4,7.4,0,1.98888,0.187167,0
16.4,7.5,0,1.99031,0.214107,0
16.4,7.6,0,1.99289,0.241155,0
16.4,7.7,0,1.99663,0.267993,0
16.4,7.8,0,2.00136,0.294148,0
16.4,7.9,0,2.00723,0.319883,0
16.4,8,0,2.01573,0.349613,0
16.4,8.1,0,1.94668,0.38324,0
16.4,8.2,0,1.98289,0.396179,0
16.4,8.3,0,1.9589,0.427284,0
16.4,8.4,0,1.96857,0.449,0
16.4,8.5,0,2.02314,0.46186,0
16.4,8.6,0,2.00888,0.495364,0
16.4,8.7,0,2.05835,0.496291,0
16.4,8.8,0,2.04094,0.551862,0
16.4,8.9,0,2.05655,0.56019,0
16.4,9,0,2.069,0.593199,0
16.4,9.1,0,2.07433,0.614787,0
16.4,9.2,0,2.09247,0.618805,0
16.4,9.3,0,2.09702,0.666974,0
16.4,9.4,0,2.10117,0.64769,0
16.4,9.5,0,2.10851,0.701364,0
16.4,9.6,0,2.11292,0.710038,0
16.4,9.7,0,2.12736,0.7455,0
16.4,9.8,0,2.13208,0.769882,0
16.4,9.9,0,2.12686,0.753617,0
16.4,10,0,2.1341,0.799518,0
16.4,10.1,0,2.13635,0.791463,0
16.4,10.2,0,2.15281,0.849368,0
16.4,10.3,0,2.15375,0.859633,0
16.4,10.4,0,2.14826,0.869125,0
16.4,10.5,0,2.15322,0.895669,0
16.4,10.6,0,2.15933,0.896782,0
16.4,10.7,0,2.17278,0.949072,0
16.4,10.8,0,2.16809,0.941438,0
16.4,10.9,0,2.16682,0.973846,0
16.4,11,0,2.17337,0.993693,0
16.4,11.1,0,2.18846,1.025,0
16.4,11.2,0,2.19799,1.05677,0
16.4,11.3,0,2.19053,1.04425,0
16.4,11.4,0,2.1949,1.08153,0
16.4,11.5,0,2.2042,1.09825,0
16.4,11.6,0,2.22407,1.15335,0
16.4,11.7,0,2.23273,1.17517,0
16.4,11.8,0,2.22603,1.17186,0
16.4,11.9,0,2.23512,1.20151,0
16.4,12,0,2.24768,1.22537,0
16.4,12.1,0,2.26945,1.28444,0
16.4,12.2,0,2.2733,1.29164,0
16.4,12.3,0,2.27525,1.30616,0
16.4,12.4,0,2.28818,1.33482,0
16.4,12.5,0,2.30728,1.3849,0
16.4,12.6,0,2.32671,1.42847,0
16.4,12.7,0,2.32414,1.41919,0
16.5,0,0,2.29491,-1.43024,0
16.5,0.1,0,2.30498,-1.44443,0
16.5,0.2,0,2.29578,-1.42927,0
16.5,0.3,0,2.26222,-1.36388,0
16.5,0.4,0,2.23102,-1.29999,0
16.5,0.5,0,2.20888,-1.25257,0
16.5,0.6,0,2.20038,-1.22845,0
16.5,0.7,0,2.20427,-1.21785,0
16.5,0.8,0,2.21818,-1.2271,0
16.5,0.9,0,2.2149,-1.21193,0
16.5,1,0,2.19116,-1.1559,0
16.5,1.1,0,2.16819,-1.10034,0
16.5,1.2,0,2.1518,-1.05783,0
16.5,1.3,0,2.14821,-1.03667,0
16.5,1.4,0,2.15563,-1.02822,0
16.5,1.5,0,2.1718,-1.03595,0
16.5,1.6,0,2.17311,-1.02258,0
16.5,1.7,0,2.15726,-0.974539,0
16.5,1.8,0,2.14336,-0.927224,0
16.5,1.9,0,2.13662,-0.891315,0
16.5,2,0,2.14278,-0.873546,0
16.5,2.1,0,2.15985,-0.865933,0
16.5,2.2,0,2.19348,-0.875071,0
16.5,2.3,0,2.20421,-0.865162,0
16.5,2.4,0,2.18067,-0.822363,0
16.5,2.5,0,2.15812,-0.781118,0
16.5,2.6,0,2.14512,-0.750896,0
16.5,2.7,0,2.14144,-0.733527,0
16.5,2.8,0,2.14293,-0.722218,0
16.5,2.9,0,2.15536,-0.725941,0
16.5,3,0,2.1511,-0.713555,0
16.5,3.1,0,2.12286,-0.674356,0
16.5,3.2,0,2.09141,-0.636094,0
16.5,3.3,0,2.06426,-0.606409,0
16.5,3.4,0,2.05274,-0.588038,0
16.5,3.5,0,2.05254,-0.576815,0
16.5,3.6,0,2.04508,-0.578478,0
16.5,3.7,0,2.0416,-0.564867,0
16.5,3.8,0,2.04987,-0.528977,0
16.5,3.9,0,2.06185,-0.495577,0
16.5,4,0,2.07421,-0.471053,0
16.5,4.1,0,2.08426,-0.45673,0
16.5,4.2,0,2.09433,-0.448092,0
16.5,4.3,0,2.11285,-0.458812,0
16.5,4.4,0,2.12724,-0.450426,0
16.5,4.5,0,2.13311,-0.410422,0
16.5,4.6,0,2.1443,-0.375179,0
16.5,4.7,0,2.153,-0.353001,0
16.5,4.8,0,2.11262,-0.339273,0
16.5,4.9,0,2.04048,-0.328341,0
16.5,5,0,1.96807,-0.341383,0
16.5,5.1,0,1.94431,-0.330617,0
16.5,5.2,0,1.99196,-0.286432,0
16.5,5.3,0,2.05373,-0.252033,0
16.5,5.4,0,2.1056,-0.233835,0
16.5,5.5,0,2.10557,-0.215146,0
16.5,5.6,0,2.07276,-0.194405,0
16.5,5.7,0,2.05553,-0.205295,0
16.5,5.8,0,2.04252,-0.197578,0
16.5,5.9,0,2.03316,-0.158473,0
16.5,6,0,2.02991,-0.133899,0
16.5,6.1,0,2.03141,-0.126559,0
16.5,6.2,0,2.02747,-0.100205,0
16.5,6.3,0,2.0181,-0.0607643,0
16.5,6.4,0,2.02908,-0.0538229,0
16.5,6.5,0,2.02911,-0.0387332,0
16.5,6.6,0,2.01219,-0.00725998,0
16.5,6.7,0,1.98647,0.0121225,0
16.5,6.8,0,1.96084,0.0190065,0
16.5,6.9,0,1.96324,0.042231,0
16.5,7,0,1.98332,0.0772529,0
16.5,7.1,0,1.97081,0.110318,0
16.5,7.2,0,1.96502,0.136469,0
16.5,7.3,0,1.96189,0.16277,0
16.5,7.4,0,1.96086,0.189693,0
16.5,7.5,0,1.96174,0.217145,0
16.5,7.6,0,1.96426,0.244697,0
16.5,7.7,0,1.9687,0.272069,0
16.5,7.8,0,1.97454,0.298569,0
16.5,7.9,0,1.98224,0.324807,0
16.5,8,0,1.99435,0.354099,0
16.5,8.1,0,1.89612,0.393376,0
16.5,8.2,0,1.96211,0.400267,0
16.5,8.3,0,1.93435,0.432328,0
16.5,8.4,0,1.93642,0.455353,0
16.5,8.5,0,1.99991,0.465643,0
16.5,8.6,0,1.96679,0.507727,0
16.5,8.7,0,2.03342,0.499285,0
16.5,8.8,0,2.00512,0.569294,0
16.5,8.9,0,2.03147,0.562917,0
16.5,9,0,2.04392,0.595926,0
16.5,9.1,0,2.04713,0.625669,0
16.5,9.2,0,2.0679,0.622101,0
16.5,9.3,0,2.07307,0.689487,0
16.5,9.4,0,2.07747,0.651675,0
16.5,9.5,0,2.08591,0.722086,0
16.5,9.6,0,2.09017,0.715158,0
16.5,9.7,0,2.10461,0.75062,0
16.5,9.8,0,2.11313,0.790064,0
16.5,9.9,0,2.10492,0.759737,0
16.5,10,0,2.11388,0.821377,0
16.5,10.1,0,2.11502,0.798887,0
16.5,10.2,0,2.13657,0.874658,0
16.5,10.3,0,2.13267,0.868128,0
16.5,10.4,0,2.12719,0.87762,0
16.5,10.5,0,2.13255,0.916422,0
16.5,10.6,0,2.1381,0.906473,0
16.5,10.7,0,2.15636,0.975958,0
16.5,10.8,0,2.14633,0.952149,0
16.5,10.9,0,2.14419,0.991543,0
16.5,11,0,2.15072,1.00546,0
16.5,11.1,0,2.16581,1.03677,0
16.5,11.2,0,2.17969,1.08415,0
16.5,11.3,0,2.16686,1.05705,0
16.5,11.4,0,2.16929,1.10049,0
16.5,11.5,0,2.17919,1.11207,0
16.5,11.6,0,2.20127,1.17506,0
16.5,11.7,0,2.20636,1.19015,0
16.5,11.8,0,2.19966,1.18684,0
16.5,11.9,0,2.20683,1.21988,0
16.5,12,0,2.21974,1.24147,0
16.5,12.1,0,2.24596,1.3155,0
16.5,12.2,0,2.24381,1.30912,0
16.5,12.3,0,2.24533,1.3241,0
16.5,12.4,0,2.25698,1.35362,0
16.5,12.5,0,2.27603,1.40368,0
16.5,12.6,0,2.30029,1.46315,0
16.5,12.7,0,2.29102,1.43962,0
16.6,0,0,2.25961,-1.45035,0
16.6,0.1,0,2.26969,-1.46453,0
16.6,0.2,0,2.26718,-1.45694,0
16.6,0.3,0,2.22922,-1.38134,0
16.6,0.4,0,2.19802,-1.31746,0
16.6,0.5,0,2.17359,-1.26529,0
16.6,0.6,0,2.16979,-1.24461,0
16.6,0.7,0,2.17368,-1.23401,0
16.6,0.8,0,2.1876,-1.24326,0
16.6,0.9,0,2.19054,-1.23457,0
16.6,1,0,2.16322,-1.17029,0
16.6,1.1,0,2.14025,-1.11474,0
16.6,1.2,0,2.12163,-1.06792,0
16.6,1.3,0,2.12208,-1.05011,0
16.6,1.4,0,2.1295,-1.04165,0
16.6,1.5,0,2.14567,-1.04938,0
16.6,1.6,0,2.15246,-1.04174,0
16.6,1.7,0,2.13365,-0.986751,0
16.6,1.8,0,2.11975,-0.939435,0
16.6,1.9,0,2.11076,-0.899793,0
16.6,2,0,2.12089,-0.884489,0
16.6,2.1,0,2.13797,-0.876876,0
16.6,2.2,0,2.1716,-0.886014,0
16.6,2.3,0,2.18921,-0.880956,0
16.6,2.4,0,2.15902,-0.831455,0
16.6,2.5,0,2.13646,-0.79021,0
16.6,2.6,0,2.12155,-0.75722,0
16.6,2.7,0,2.11911,-0.740916,0
16.6,2.8,0,2.1206,-0.729607,0
16.6,2.9,0,2.13303,-0.73333,0
16.6,3,0,2.13399,-0.725247,0
16.6,3.1,0,2.10116,-0.680648,0
16.6,3.2,0,2.06971,-0.642386,0
16.6,3.3,0,2.03963,-0.610461,0
16.6,3.4,0,2.03178,-0.594116,0
16.6,3.5,0,2.03159,-0.582893,0
16.6,3.6,0,2.02413,-0.584556,0
16.6,3.7,0,2.02061,-0.575653,0
16.6,3.8,0,2.03158,-0.53548,0
16.6,3.9,0,2.04356,-0.502081,0
16.6,4,0,2.05655,-0.475454,0
16.6,4.1,0,2.06707,-0.462502,0
16.6,4.2,0,2.07713,-0.453864,0
16.6,4.3,0,2.09566,-0.464584,0
16.6,4.4,0,2.11082,-0.461338,0
16.6,4.5,0,2.11487,-0.414979,0
16.6,4.6,0,2.12606,-0.379736,0
16.6,4.7,0,2.1444,-0.355608,0
16.6,4.8,0,2.09478,-0.341867,0
16.6,4.9,0,2.02265,-0.330934,0
16.6,5,0,1.95023,-0.343977,0
16.6,5.1,0,1.91156,-0.340812,0
16.6,5.2,0,1.97296,-0.290302,0
16.6,5.3,0,2.03474,-0.255903,0
16.6,5.4,0,2.09689,-0.237614,0
16.6,5.5,0,2.08757,-0.217792,0
16.6,5.6,0,2.05476,-0.19705,0
16.6,5.7,0,2.03753,-0.20794,0
16.6,5.8,0,2.02272,-0.20511,0
16.6,5.9,0,2.01387,-0.159655,0
16.6,6,0,2.01063,-0.135082,0
16.6,6.1,0,2.01298,-0.131389,0
16.6,6.2,0,2.00687,-0.100986,0
16.6,6.3,0,1.99751,-0.0615454,0
16.6,6.4,0,2.00849,-0.054604,0
16.6,6.5,0,2.01169,-0.0411266,0
16.6,6.6,0,1.99144,-0.00616972,0
16.6,6.7,0,1.96572,0.0132128,0
16.6,6.8,0,1.93453,0.0170209,0
16.6,6.9,0,1.94194,0.0440557,0
16.6,7,0,1.96202,0.0790775,0
16.6,7.1,0,1.94771,0.111613,0
16.6,7.2,0,1.93985,0.138285,0
16.6,7.3,0,1.93504,0.164898,0
16.6,7.4,0,1.93284,0.192219,0
16.6,7.5,0,1.93317,0.220183,0
16.6,7.6,0,1.93564,0.248238,0
16.6,7.7,0,1.94078,0.276146,0
16.6,7.8,0,1.94771,0.30299,0
16.6,7.9,0,1.95725,0.329732,0
16.6,8,0,1.97297,0.358585,0
16.6,8.1,0,1.85891,0.400928,0
16.6,8.2,0,1.94133,0.404355,0
16.6,8.3,0,1.91357,0.436416,0
16.6,8.4,0,1.9132,0.459136,0
16.6,8.5,0,1.97669,0.469426,0
16.6,8.6,0,1.92907,0.517698,0
16.6,8.7,0,2.00848,0.502278,0
16.6,8.8,0,1.97648,0.577203,0
16.6,8.9,0,2.0064,0.565644,0
16.6,9,0,2.01885,0.598653,0
16.6,9.1,0,2.02256,0.628965,0
16.6,9.2,0,2.04333,0.625396,0
16.6,9.3,0,2.04912,0.711015,0
16.6,9.4,0,2.05376,0.65566,0
16.6,9.5,0,2.06236,0.728386,0
16.6,9.6,0,2.06742,0.720278,0
16.6,9.7,0,2.08186,0.755739,0
16.6,9.8,0,2.09118,0.796185,0
16.6,9.9,0,2.08297,0.765858,0
16.6,10,0,2.09365,0.843236,0
16.6,10.1,0,2.09369,0.80631,0
16.6,10.2,0,2.11524,0.882082,0
16.6,10.3,0,2.1116,0.876623,0
16.6,10.4,0,2.10611,0.886115,0
16.6,10.5,0,2.11132,0.926112,0
16.6,10.6,0,2.11687,0.916163,0
16.6,10.7,0,2.13995,1.00285,0
16.6,10.8,0,2.12458,0.962861,0
16.6,10.9,0,2.12244,1.00226,0
16.6,11,0,2.12808,1.01723,0
16.6,11.1,0,2.14317,1.04854,0
16.6,11.2,0,2.15676,1.09896,0
16.6,11.3,0,2.14318,1.06985,0
16.6,11.4,0,2.14379,1.11912,0
16.6,11.5,0,2.15417,1.1259,0
16.6,11.6,0,2.17625,1.18888,0
16.6,11.7,0,2.17999,1.20513,0
16.6,11.8,0,2.17329,1.20182,0
16.6,11.9,0,2.17878,1.23676,0
16.6,12,0,2.1918,1.25756,0
16.6,12.1,0,2.22132,1.34274,0
16.6,12.2,0,2.21432,1.3266,0
16.6,12.3,0,2.21583,1.34158,0
16.6,12.4,0,2.22573,1.3724,0
16.6,12.5,0,2.24478,1.42247,0
16.6,12.6,0,2.2708,1.49131,0
16.6,12.7,0,2.25789,1.46006,0
16.7,0,0,2.22432,-1.47046,0
16.7,0.1,0,2.23439,-1.48464,0
16.7,0.2,0,2.23347,-1.47331,0
16.7,0.3,0,2.19622,-1.3988,0
16.7,0.4,0,2.16502,-1.33492,0
16.7,0.5,0,2.14105,-1.28325,0
16.7,0.6,0,2.13921,-1.26077,0
16.7,0.7,0,2.1431,-1.25017,0
16.7,0.8,0,2.15702,-1.25942,0
16.7,0.9,0,2.16196,-1.24806,0
16.7,1,0,2.13528,-1.18469,0
16.7,1.1,0,2.11231,-1.12914,0
16.7,1.2,0,2.09409,-1.08279,0
16.7,1.3,0,2.09595,-1.06354,0
16.7,1.4,0,2.10337,-1.05509,0
16.7,1.5,0,2.11953,-1.06282,0
16.7,1.6,0,2.1283,-1.05317,0
16.7,1.7,0,2.11005,-0.998962,0
16.7,1.8,0,2.09615,-0.951646,0
16.7,1.9,0,2.08756,-0.91238,0
16.7,2,0,2.099,-0.895432,0
16.7,2.1,0,2.11608,-0.887819,0
16.7,2.2,0,2.14971,-0.896958,0
16.7,2.3,0,2.16671,-0.889342,0
16.7,2.4,0,2.13737,-0.840547,0
16.7,2.5,0,2.11481,-0.799302,0
16.7,2.6,0,2.10009,-0.766536,0
16.7,2.7,0,2.09679,-0.748305,0
16.7,2.8,0,2.09828,-0.736996,0
16.7,2.9,0,2.11071,-0.740719,0
16.7,3,0,2.11167,-0.730943,0
16.7,3.1,0,2.07947,-0.68694,0
16.7,3.2,0,2.04802,-0.648678,0
16.7,3.3,0,2.01836,-0.617018,0
16.7,3.4,0,2.01083,-0.600194,0
16.7,3.5,0,2.01063,-0.588971,0
16.7,3.6,0,2.00317,-0.590634,0
16.7,3.7,0,2.00246,-0.581591,0
16.7,3.8,0,2.01329,-0.541984,0
16.7,3.9,0,2.02527,-0.508584,0
16.7,4,0,2.03826,-0.482168,0
16.7,4.1,0,2.04988,-0.468273,0
16.7,4.2,0,2.05994,-0.459636,0
16.7,4.3,0,2.07846,-0.470356,0
16.7,4.4,0,2.09243,-0.465187,0
16.7,4.5,0,2.09663,-0.419536,0
16.7,4.6,0,2.10782,-0.384293,0
16.7,4.7,0,2.12498,-0.360268,0
16.7,4.8,0,2.07694,-0.344461,0
16.7,4.9,0,2.00481,-0.333528,0
16.7,5,0,1.93239,-0.346571,0
16.7,5.1,0,1.89437,-0.3438,0
16.7,5.2,0,1.95397,-0.294172,0
16.7,5.3,0,2.01575,-0.259773,0
16.7,5.4,0,2.07668,-0.241408,0
16.7,5.5,0,2.06957,-0.220437,0
16.7,5.6,0,2.03676,-0.199696,0
16.7,5.7,0,2.01953,-0.210586,0
16.7,5.8,0,2.00359,-0.205603,0
16.7,5.9,0,1.99459,-0.160838,0
16.7,6,0,1.99134,-0.136264,0
16.7,6.1,0,1.9935,-0.132087,0
16.7,6.2,0,1.98628,-0.101767,0
16.7,6.3,0,1.97691,-0.0623265,0
16.7,6.4,0,1.98789,-0.0553852,0
16.7,6.5,0,1.99054,-0.0397346,0
16.7,6.6,0,1.97069,-0.00507946,0
16.7,6.7,0,1.94497,0.0143031,0
16.7,6.8,0,1.91444,0.0185481,0
16.7,6.9,0,1.92063,0.0458804,0
16.7,7,0,1.94071,0.0809022,0
16.7,7.1,0,1.9246,0.112908,0
16.7,7.2,0,1.91468,0.140102,0
16.7,7.3,0,1.90818,0.167025,0
16.7,7.4,0,1.90482,0.194744,0
16.7,7.5,0,1.90459,0.22322,0
16.7,7.6,0,1.90702,0.25178,0
16.7,7.7,0,1.91285,0.280223,0
16.7,7.8,0,1.92088,0.307411,0
16.7,7.9,0,1.93226,0.334656,0
16.7,8,0,1.95158,0.363071,0
16.7,8.1,0,1.83879,0.405156,0
16.7,8.2,0,1.92056,0.408443,0
16.7,8.3,0,1.89279,0.440504,0
16.7,8.4,0,1.88997,0.462919,0
16.7,8.5,0,1.95346,0.473209,0
16.7,8.6,0,1.90875,0.518592,0
16.7,8.7,0,1.98354,0.505271,0
16.7,8.8,0,1.95154,0.580196,0
16.7,8.9,0,1.98132,0.568371,0
16.7,9,0,1.99377,0.60138,0
16.7,9.1,0,1.998,0.632261,0
16.7,9.2,0,2.01877,0.628692,0
16.7,9.3,0,2.02514,0.706414,0
16.7,9.4,0,2.03005,0.659646,0
16.7,9.5,0,2.03865,0.732372,0
16.7,9.6,0,2.04466,0.725397,0
16.7,9.7,0,2.0591,0.760859,0
16.7,9.8,0,2.06923,0.802306,0
16.7,9.9,0,2.06102,0.771979,0
16.7,10,0,2.07137,0.842597,0
16.7,10.1,0,2.07236,0.813733,0
16.7,10.2,0,2.09391,0.889505,0
16.7,10.3,0,2.09053,0.885118,0
16.7,10.4,0,2.08504,0.89461,0
16.7,10.5,0,2.09009,0.935803,0
16.7,10.6,0,2.09564,0.925854,0
16.7,10.7,0,2.11597,1.0046,0
16.7,10.8,0,2.10282,0.973573,0
16.7,10.9,0,2.10068,1.01297,0
16.7,11,0,2.10543,1.029,0
16.7,11.1,0,2.12052,1.06031,0
16.7,11.2,0,2.13309,1.11176,0
16.7,11.3,0,2.11951,1.08264,0
16.7,11.4,0,2.12038,1.12962,0
16.7,11.5,0,2.12916,1.13972,0
16.7,11.6,0,2.15124,1.20271,0
16.7,11.7,0,2.15362,1.2201,0
16.7,11.8,0,2.14692,1.2168,0
16.7,11.9,0,2.15084,1.25285,0
16.7,12,0,2.16387,1.27366,0
16.7,12.1,0,2.19192,1.35551,0
16.7,12.2,0,2.18482,1.34408,0
16.7,12.3,0,2.18634,1.35906,0
16.7,12.4,0,2.19449,1.39119,0
16.7,12.5,0,2.21353,1.44125,0
16.7,12.6,0,2.23747,1.51107,0
16.7,12.7,0,2.22477,1.48049,0
16.8,0,0,2.18902,-1.49056,0
16.8,0.1,0,2.19909,-1.50475,0
16.8,0.2,0,2.19047,-1.47556,0
16.8,0.3,0,2.16322,-1.41626,0
16.8,0.4,0,2.13202,-1.35238,0
16.8,0.5,0,2.11447,-1.30772,0
16.8,0.6,0,2.10863,-1.27693,0
16.8,0.7,0,2.11252,-1.26633,0
16.8,0.8,0,2.12643,-1.27558,0
16.8,0.9,0,2.1251,-1.2498,0
16.8,1,0,2.10734,-1.19909,0
16.8,1.1,0,2.08436,-1.14354,0
16.8,1.2,0,2.07185,-1.10377,0
16.8,1.3,0,2.06982,-1.07698,0
16.8,1.4,0,2.07723,-1.06852,0
16.8,1.5,0,2.0934,-1.07626,0
16.8,1.6,0,2.09699,-1.05444,0
16.8,1.7,0,2.08644,-1.01117,0
16.8,1.8,0,2.07254,-0.963857,0
16.8,1.9,0,2.06962,-0.929857,0
16.8,2,0,2.07712,-0.906376,0
16.8,2.1,0,2.09419,-0.898762,0
16.8,2.2,0,2.12783,-0.907901,0
16.8,2.3,0,2.13319,-0.888558,0
16.8,2.4,0,2.11572,-0.849639,0
16.8,2.5,0,2.09316,-0.808394,0
16.8,2.6,0,2.08113,-0.77877,0
16.8,2.7,0,2.07446,-0.755694,0
16.8,2.8,0,2.07595,-0.744385,0
16.8,2.9,0,2.08838,-0.748108,0
16.8,3,0,2.08133,-0.728882,0
16.8,3.1,0,2.05777,-0.693233,0
16.8,3.2,0,2.02632,-0.654971,0
16.8,3.3,0,2.00253,-0.627017,0
16.8,3.4,0,1.98987,-0.606272,0
16.8,3.5,0,1.98967,-0.595049,0
16.8,3.6,0,1.98221,-0.596712,0
16.8,3.7,0,1.98624,-0.580175,0
16.8,3.8,0,1.995,-0.548488,0
16.8,3.9,0,2.00698,-0.515088,0
16.8,4,0,2.01998,-0.49162,0
16.8,4.1,0,2.03268,-0.474045,0
16.8,4.2,0,2.04275,-0.465407,0
16.8,4.3,0,2.06127,-0.476128,0
16.8,4.4,0,2.07204,-0.459837,0
16.8,4.5,0,2.07838,-0.424093,0
16.8,4.6,0,2.08958,-0.38885,0
16.8,4.7,0,2.09027,-0.366274,0
16.8,4.8,0,2.05911,-0.347055,0
16.8,4.9,0,1.98697,-0.336122,0
16.8,5,0,1.91456,-0.349164,0
16.8,5.1,0,1.90061,-0.335325,0
16.8,5.2,0,1.93498,-0.298043,0
16.8,5.3,0,1.99676,-0.263643,0
16.8,5.4,0,2.0407,-0.244214,0
16.8,5.5,0,2.05157,-0.223082,0
16.8,5.6,0,2.01876,-0.202341,0
16.8,5.7,0,2.00153,-0.213231,0
16.8,5.8,0,1.98649,-0.197138,0
16.8,5.9,0,1.97531,-0.16202,0
16.8,6,0,1.97206,-0.137447,0
16.8,6.1,0,1.9714,-0.126484,0
16.8,6.2,0,1.96568,-0.102548,0
16.8,6.3,0,1.95632,-0.0631076,0
16.8,6.4,0,1.9673,-0.0561663,0
16.8,6.5,0,1.96411,-0.0344193,0
16.8,6.6,0,1.94994,-0.00398921,0
16.8,6.7,0,1.92422,0.0153933,0
16.8,6.8,0,1.90286,0.0257555,0
16.8,6.9,0,1.89933,0.047705,0
16.8,7,0,1.91941,0.0827269,0
16.8,7.1,0,1.9015,0.114202,0
16.8,7.2,0,1.88951,0.141919,0
16.8,7.3,0,1.88133,0.169153,0
16.8,7.4,0,1.8768,0.19727,0
16.8,7.5,0,1.87602,0.226258,0
16.8,7.6,0,1.8784,0.255322,0
16.8,7.7,0,1.88493,0.2843,0
16.8,7.8,0,1.89406,0.311832,0
16.8,7.9,0,1.90727,0.33958,0
16.8,8,0,1.9302,0.367557,0
16.8,8.1,0,1.84719,0.403594,0
16.8,8.2,0,1.89978,0.412531,0
16.8,8.3,0,1.87202,0.444592,0
16.8,8.4,0,1.86675,0.466702,0
16.8,8.5,0,1.93024,0.476992,0
16.8,8.6,0,1.90268,0.513005,0
16.8,8.7,0,1.9586,0.508264,0
16.8,8.8,0,1.93563,0.570831,0
16.8,8.9,0,1.95625,0.571097,0
16.8,9,0,1.9687,0.604106,0
16.8,9.1,0,1.97357,0.635083,0
16.8,9.2,0,1.9942,0.631988,0
16.8,9.3,0,2.00082,0.691181,0
16.8,9.4,0,2.00634,0.663631,0
16.8,9.5,0,2.01484,0.726398,0
16.8,9.6,0,2.02191,0.730517,0
16.8,9.7,0,2.03635,0.765979,0
16.8,9.8,0,2.04615,0.803709,0
16.8,9.9,0,2.03908,0.7781,0
16.8,10,0,2.04832,0.834282,0
16.8,10.1,0,2.05103,0.821157,0
16.8,10.2,0,2.07032,0.889072,0
16.8,10.3,0,2.06945,0.893613,0
16.8,10.4,0,2.06396,0.903105,0
16.8,10.5,0,2.06867,0.939818,0
16.8,10.6,0,2.07441,0.935544,0
16.8,10.7,0,2.0894,0.998116,0
16.8,10.8,0,2.08107,0.984284,0
16.8,10.9,0,2.079,1.0217,0
16.8,11,0,2.08278,1.04077,0
16.8,11.1,0,2.09787,1.07208,0
16.8,11.2,0,2.10664,1.11459,0
16.8,11.3,0,2.09584,1.09544,0
16.8,11.4,0,2.0973,1.13728,0
16.8,11.5,0,2.10415,1.15355,0
16.8,11.6,0,2.12605,1.2161,0
16.8,11.7,0,2.12725,1.23508,0
16.8,11.8,0,2.12055,1.23178,0
16.8,11.9,0,2.12451,1.26609,0
16.8,12,0,2.13593,1.28975,0
16.8,12.1,0,2.15799,1.35803,0
16.8,12.2,0,2.15533,1.36156,0
16.8,12.3,0,2.15685,1.37654,0
16.8,12.4,0,2.16324,1.40997,0
16.8,12.5,0,2.18228,1.46003,0
16.8,12.6,0,2.19952,1.51561,0
16.8,12.7,0,2.19164,1.50093,0
16.9,0,0,2.15372,-1.51067,0
16.9,0.1,0,2.1583,-1.5121,0
16.9,0.2,0,2.14747,-1.4778,0
16.9,0.3,0,2.13022,-1.43372,0
16.9,0.4,0,2.09902,-1.36984,0
16.9,0.5,0,2.0879,-1.33218,0
16.9,0.6,0,2.08091,-1.29903,0
16.9,0.7,0,2.08193,-1.28249,0
16.9,0.8,0,2.09136,-1.28143,0
16.9,0.9,0,2.08824,-1.25153,0
16.9,1,0,2.07939,-1.21349,0
16.9,1.1,0,2.05642,-1.15794,0
16.9,1.2,0,2.04961,-1.12476,0
16.9,1.3,0,2.04647,-1.09581,0
16.9,1.4,0,2.0511,-1.08196,0
16.9,1.5,0,2.06357,-1.081,0
16.9,1.6,0,2.06568,-1.05571,0
16.9,1.7,0,2.06284,-1.02338,0
16.9,1.8,0,2.04894,-0.976069,0
16.9,1.9,0,2.05167,-0.947335,0
16.9,2,0,2.05805,-0.921986,0
16.9,2.1,0,2.07231,-0.909706,0
16.9,2.2,0,2.09763,-0.910467,0
16.9,2.3,0,2.09966,-0.887774,0
16.9,2.4,0,2.09407,-0.858731,0
16.9,2.5,0,2.07151,-0.817486,0
16.9,2.6,0,2.06216,-0.791005,0
16.9,2.7,0,2.05453,-0.766544,0
16.9,2.8,0,2.05363,-0.751774,0
16.9,2.9,0,2.06033,-0.748748,0
16.9,3,0,2.05098,-0.726821,0
16.9,3.1,0,2.03607,-0.699525,0
16.9,3.2,0,2.00462,-0.661263,0
16.9,3.3,0,1.98671,-0.637015,0
16.9,3.4,0,1.97258,-0.615151,0
16.9,3.5,0,1.96871,-0.601127,0
16.9,3.6,0,1.96463,-0.597437,0
16.9,3.7,0,1.97001,-0.57876,0
16.9,3.8,0,1.97671,-0.554991,0
16.9,3.9,0,1.98869,-0.521592,0
16.9,4,0,2.0017,-0.501071,0
16.9,4.1,0,2.01471,-0.482445,0
16.9,4.2,0,2.02556,-0.471179,0
16.9,4.3,0,2.0418,-0.473955,0
16.9,4.4,0,2.05166,-0.454487,0
16.9,4.5,0,2.06014,-0.42865,0
16.9,4.6,0,2.07133,-0.393407,0
16.9,4.7,0,2.05557,-0.37228,0
16.9,4.8,0,2.02922,-0.352086,0
16.9,4.9,0,1.96914,-0.338716,0
16.9,5,0,1.91392,-0.343852,0
16.9,5.1,0,1.90684,-0.32685,0
16.9,5.2,0,1.91599,-0.301913,0
16.9,5.3,0,1.97776,-0.267513,0
16.9,5.4,0,2.00471,-0.24702,0
16.9,5.5,0,2.02072,-0.225843,0
16.9,5.6,0,2.00076,-0.204986,0
16.9,5.7,0,1.98418,-0.20794,0
16.9,5.8,0,1.9694,-0.188672,0
16.9,5.9,0,1.95602,-0.163203,0
16.9,6,0,1.95278,-0.138629,0
16.9,6.1,0,1.9493,-0.12088,0
16.9,6.2,0,1.94402,-0.0987691,0
16.9,6.3,0,1.93572,-0.0638887,0
16.9,6.4,0,1.94254,-0.0525928,0
16.9,6.5,0,1.93769,-0.0291039,0
16.9,6.6,0,1.92919,-0.00289895,0
16.9,6.7,0,1.90347,0.0164836,0
16.9,6.8,0,1.89127,0.0329628,0
16.9,6.9,0,1.88496,0.0533745,0
16.9,7,0,1.8981,0.0845515,0
16.9,7.1,0,1.8784,0.115497,0
16.9,7.2,0,1.86434,0.143735,0
16.9,7.3,0,1.85448,0.171281,0
16.9,7.4,0,1.84878,0.199796,0
16.9,7.5,0,1.84745,0.229296,0
16.9,7.6,0,1.84977,0.258863,0
16.9,7.7,0,1.857,0.288377,0
16.9,7.8,0,1.86723,0.316252,0
16.9,7.9,0,1.88228,0.344505,0
16.9,8,0,1.90882,0.372043,0
16.9,8.1,0,1.85559,0.402032,0
16.9,8.2,0,1.879,0.416619,0
16.9,8.3,0,1.86823,0.443789,0
16.9,8.4,0,1.86801,0.464271,0
16.9,8.5,0,1.90701,0.480775,0
16.9,8.6,0,1.89662,0.507418,0
16.9,8.7,0,1.93366,0.511258,0
16.9,8.8,0,1.92144,0.559119,0
16.9,8.9,0,1.93117,0.573824,0
16.9,9,0,1.94573,0.600764,0
16.9,9.1,0,1.95344,0.623548,0
16.9,9.2,0,1.96963,0.635284,0
16.9,9.3,0,1.9765,0.675949,0
16.9,9.4,0,1.98263,0.667616,0
16.9,9.5,0,1.99097,0.714781,0
16.9,9.6,0,1.99916,0.735637,0
16.9,9.7,0,2.01269,0.766819,0
16.9,9.8,0,2.01932,0.789672,0
16.9,9.9,0,2.01713,0.78422,0
16.9,10,0,2.02527,0.825967,0
16.9,10.1,0,2.0297,0.82858,0
16.9,10.2,0,2.04382,0.878482,0
16.9,10.3,0,2.04826,0.901702,0
16.9,10.4,0,2.04288,0.911349,0
16.9,10.5,0,2.047,0.936496,0
16.9,10.6,0,2.05318,0.945235,0
16.9,10.7,0,2.06283,0.991631,0
16.9,10.8,0,2.05931,0.994996,0
16.9,10.9,0,2.05754,1.02395,0
16.9,11,0,2.0604,1.05041,0
16.9,11.1,0,2.07522,1.08384,0
16.9,11.2,0,2.07862,1.11177,0
16.9,11.3,0,2.07217,1.10824,0
16.9,11.4,0,2.07422,1.14495,0
16.9,11.5,0,2.07914,1.16737,0
16.9,11.6,0,2.09553,1.21625,0
16.9,11.7,0,2.09911,1.24375,0
16.9,11.8,0,2.09418,1.24675,0
16.9,11.9,0,2.09848,1.27878,0
16.9,12,0,2.10799,1.30585,0
16.9,12.1,0,2.12405,1.36054,0
16.9,12.2,0,2.12584,1.37904,0
16.9,12.3,0,2.12699,1.39394,0
16.9,12.4,0,2.13281,1.42787,0
16.9,12.5,0,2.15103,1.47882,0
16.9,12.6,0,2.16157,1.52015,0
16.9,12.7,0,2.15852,1.52136,0
17,0,0,2.11843,-1.53078,0
17,0.1,0,2.1153,-1.51435,0
17,0.2,0,2.10448,-1.48005,0
17,0.3,0,2.09365,-1.44575,0
17,0.4,0,2.06832,-1.38981,0
17,0.5,0,2.06133,-1.35665,0
17,0.6,0,2.05433,-1.32349,0
17,0.7,0,2.05135,-1.29865,0
17,0.8,0,2.0545,-1.28317,0
17,0.9,0,2.05138,-1.25327,0
17,1,0,2.04826,-1.22336,0
17,1.1,0,2.03051,-1.17469,0
17,1.2,0,2.02737,-1.14574,0
17,1.3,0,2.02423,-1.11679,0
17,1.4,0,2.02497,-1.0954,0
17,1.5,0,2.03226,-1.08227,0
17,1.6,0,2.03437,-1.05698,0
17,1.7,0,2.03648,-1.03169,0
17,1.8,0,2.02735,-0.99016,0
17,1.9,0,2.03373,-0.964812,0
17,2,0,2.0401,-0.939463,0
17,2.1,0,2.05042,-0.920649,0
17,2.2,0,2.0641,-0.909683,0
17,2.3,0,2.06614,-0.886989,0
17,2.4,0,2.06817,-0.864296,0
17,2.5,0,2.05082,-0.8277,0
17,2.6,0,2.04319,-0.803239,0
17,2.7,0,2.03557,-0.778779,0
17,2.8,0,2.0313,-0.759163,0
17,2.9,0,2.02998,-0.746687,0
17,3,0,2.02063,-0.72476,0
17,3.1,0,2.01129,-0.702834,0
17,3.2,0,1.98502,-0.668879,0
17,3.3,0,1.97089,-0.647014,0
17,3.4,0,1.95676,-0.625149,0
17,3.5,0,1.94776,-0.607205,0
17,3.6,0,1.94841,-0.596021,0
17,3.7,0,1.95378,-0.577344,0
17,3.8,0,1.95916,-0.558667,0
17,3.9,0,1.97041,-0.529148,0
17,4,0,1.98342,-0.510522,0
17,4.1,0,1.99644,-0.491897,0
17,4.2,0,2.00836,-0.476951,0
17,4.3,0,2.02141,-0.468605,0
17,4.4,0,2.03128,-0.449137,0
17,4.5,0,2.04114,-0.429669,0
17,4.6,0,2.04721,-0.398481,0
17,4.7,0,2.02087,-0.378286,0
17,4.8,0,1.99452,-0.358092,0
17,4.9,0,1.9513,-0.341309,0
17,5,0,1.92016,-0.335377,0
17,5.1,0,1.91308,-0.318375,0
17,5.2,0,1.90601,-0.301374,0
17,5.3,0,1.9527,-0.271003,0
17,5.4,0,1.96872,-0.249826,0
17,5.5,0,1.98474,-0.228649,0
17,5.6,0,1.98276,-0.207632,0
17,5.7,0,1.96708,-0.199475,0
17,5.8,0,1.9523,-0.180207,0
17,5.9,0,1.93752,-0.160939,0
17,6,0,1.93249,-0.137388,0
17,6.1,0,1.9272,-0.115277,0
17,6.2,0,1.92192,-0.0931656,0
17,6.3,0,1.91513,-0.0646699,0
17,6.4,0,1.91611,-0.0472774,0
17,6.5,0,1.91126,-0.0237886,0
17,6.6,0,1.90642,-0.000299735,0
17,6.7,0,1.886,0.0197585,0
17,6.8,0,1.87969,0.0401702,0
17,6.9,0,1.87338,0.0605818,0
17,7,0,1.87679,0.0863762,0
17,7.1,0,1.8553,0.116791,0
17,7.2,0,1.83917,0.145552,0
17,7.3,0,1.82762,0.173409,0
17,7.4,0,1.82077,0.202322,0
17,7.5,0,1.81888,0.232334,0
17,7.6,0,1.82115,0.262405,0
17,7.7,0,1.82908,0.292454,0
17,7.8,0,1.8404,0.320673,0
17,7.9,0,1.85729,0.349429,0
17,8,0,1.88744,0.376529,0
17,8.1,0,1.86399,0.40047,0
17,8.2,0,1.87033,0.418363,0
17,8.3,0,1.87452,0.440083,0
17,8.4,0,1.8743,0.460565,0
17,8.5,0,1.88744,0.482564,0
17,8.6,0,1.89055,0.50183,0
17,8.7,0,1.90873,0.514251,0
17,8.8,0,1.90724,0.547408,0
17,8.9,0,1.91281,0.567642,0
17,9,0,1.9256,0.58923,0
17,9.1,0,1.93331,0.612014,0
17,9.2,0,1.94506,0.638383,0
17,9.3,0,1.95218,0.660716,0
17,9.4,0,1.95892,0.671601,0
17,9.5,0,1.9671,0.703163,0
17,9.6,0,1.97549,0.727046,0
17,9.7,0,1.98587,0.752782,0
17,9.8,0,1.9925,0.775635,0
17,9.9,0,1.99519,0.790341,0
17,10,0,2.00222,0.817652,0
17,10.1,0,2.00837,0.836004,0
17,10.2,0,2.01731,0.867892,0
17,10.3,0,2.02175,0.891112,0
17,10.4,0,2.0212,0.908028,0
17,10.5,0,2.02533,0.933175,0
17,10.6,0,2.03195,0.954925,0
17,10.7,0,2.03627,0.985146,0
17,10.8,0,2.03756,1.00571,0
17,10.9,0,2.03609,1.0262,0
17,11,0,2.03895,1.05266,0
17,11.1,0,2.04817,1.08367,0
17,11.2,0,2.0506,1.10896,0
17,11.3,0,2.04849,1.12103,0
17,11.4,0,2.05114,1.15261,0
17,11.5,0,2.05414,1.18113,0
17,11.6,0,2.06501,1.2164,0
17,11.7,0,2.06859,1.2439,0
17,11.8,0,2.06802,1.26032,0
17,11.9,0,2.07245,1.29148,0
17,12,0,2.08005,1.32194,0
17,12.1,0,2.09012,1.36306,0
17,12.2,0,2.0954,1.39334,0
17,12.3,0,2.09706,1.41132,0
17,12.4,0,2.10288,1.44525,0
17,12.5,0,2.117,1.49169,0
17,12.6,0,2.12361,1.52469,0
17,12.7,0,2.12539,1.5418,0
17.1,0,0,2.08313,-1.55089,0
17.1,0.1,0,2.0723,-1.51659,0
17.1,0.2,0,2.06148,-1.4823,0
17.1,0.3,0,2.05065,-1.448,0
17.1,0.4,0,2.04175,-1.41427,0
17.1,0.5,0,2.03475,-1.38112,0
17.1,0.6,0,2.02776,-1.34796,0
17.1,0.7,0,2.02076,-1.31481,0
17.1,0.8,0,2.01764,-1.2849,0
17.1,0.9,0,2.01452,-1.255,0
17.1,1,0,2.0114,-1.2251,0
17.1,1.1,0,2.00827,-1.19567,0
17.1,1.2,0,2.00513,-1.16673,0
17.1,1.3,0,2.00198,-1.13778,0
17.1,1.4,0,1.99884,-1.10883,0
17.1,1.5,0,2.00095,-1.08354,0
17.1,1.6,0,2.00306,-1.05825,0
17.1,1.7,0,2.00517,-1.03296,0
17.1,1.8,0,2.00941,-1.00764,0
17.1,1.9,0,2.01579,-0.982289,0
17.1,2,0,2.02216,-0.956941,0
17.1,2.1,0,2.02854,-0.931592,0
17.1,2.2,0,2.03057,-0.908898,0
17.1,2.3,0,2.03261,-0.886205,0
17.1,2.4,0,2.03465,-0.863511,0
17.1,2.5,0,2.03185,-0.839934,0
17.1,2.6,0,2.02423,-0.815474,0
17.1,2.7,0,2.0166,-0.791013,0
17.1,2.8,0,2.00898,-0.766552,0
17.1,2.9,0,1.99963,-0.744626,0
17.1,3,0,1.99029,-0.7227,0
17.1,3.1,0,1.98094,-0.700773,0
17.1,3.2,0,1.9692,-0.678878,0
17.1,3.3,0,1.95507,-0.657013,0
17.1,3.4,0,1.94093,-0.635148,0
17.1,3.5,0,1.9268,-0.613283,0
17.1,3.6,0,1.93218,-0.594606,0
17.1,3.7,0,1.93756,-0.575928,0
17.1,3.8,0,1.94294,-0.557251,0
17.1,3.9,0,1.95213,-0.5386,0
17.1,4,0,1.96514,-0.519974,0
17.1,4.1,0,1.97816,-0.501349,0
17.1,4.2,0,1.99117,-0.482723,0
17.1,4.3,0,2.00103,-0.463255,0
17.1,4.4,0,2.01089,-0.443787,0
17.1,4.5,0,2.02075,-0.424319,0
17.1,4.6,0,2.01251,-0.404487,0
17.1,4.7,0,1.98616,-0.384292,0
17.1,4.8,0,1.95981,-0.364098,0
17.1,4.9,0,1.93347,-0.343903,0
17.1,5,0,1.92639,-0.326902,0
17.1,5.1,0,1.91932,-0.3099,0
17.1,5.2,0,1.91224,-0.292899,0
17.1,5.3,0,1.91671,-0.27381,0
17.1,5.4,0,1.93273,-0.252632,0
17.1,5.5,0,1.94875,-0.231455,0
17.1,5.6,0,1.96476,-0.210277,0
17.1,5.7,0,1.94998,-0.191009,0
17.1,5.8,0,1.9352,-0.171742,0
17.1,5.9,0,1.92042,-0.152474,0
17.1,6,0,1.91039,-0.131785,0
17.1,6.1,0,1.9051,-0.109673,0
17.1,6.2,0,1.89982,-0.0875622,0
17.1,6.3,0,1.89453,-0.065451,0
17.1,6.4,0,1.88969,-0.0419621,0
17.1,6.5,0,1.88484,-0.0184733,0
17.1,6.6,0,1.87999,0.0050156,0
17.1,6.7,0,1.87441,0.0269659,0
17.1,6.8,0,1.86811,0.0473775,0
17.1,6.9,0,1.8618,0.0677892,0
17.1,7,0,1.85549,0.0882009,0
17.1,7.1,0,1.83219,0.118086,0
17.1,7.2,0,1.814,0.147369,0
17.1,7.3,0,1.80077,0.175537,0
17.1,7.4,0,1.79275,0.204848,0
17.1,7.5,0,1.79031,0.235371,0
17.1,7.6,0,1.79253,0.265946,0
17.1,7.7,0,1.80115,0.296531,0
17.1,7.8,0,1.81358,0.325094,0
17.1,7.9,0,1.8323,0.354354,0
17.1,8,0,1.86606,0.381015,0
17.1,8.1,0,1.87239,0.398908,0
17.1,8.2,0,1.87873,0.416801,0
17.1,8.3,0,1.8808,0.436377,0
17.1,8.4,0,1.88059,0.456859,0
17.1,8.5,0,1.88137,0.476977,0
17.1,8.6,0,1.88449,0.496243,0
17.1,8.7,0,1.8876,0.51551,0
17.1,8.8,0,1.89305,0.535696,0
17.1,8.9,0,1.89862,0.555931,0
17.1,9,0,1.90547,0.577695,0
17.1,9.1,0,1.91318,0.600479,0
17.1,9.2,0,1.92074,0.62315,0
17.1,9.3,0,1.92785,0.645484,0
17.1,9.4,0,1.93496,0.667818,0
17.1,9.5,0,1.94323,0.691546,0
17.1,9.6,0,1.95162,0.715429,0
17.1,9.7,0,1.95904,0.738746,0
17.1,9.8,0,1.96568,0.761599,0
17.1,9.9,0,1.97235,0.78479,0
17.1,10,0,1.97917,0.809337,0
17.1,10.1,0,1.98599,0.833884,0
17.1,10.2,0,1.9908,0.857303,0
17.1,10.3,0,1.99525,0.880523,0
17.1,10.4,0,1.99953,0.904706,0
17.1,10.5,0,2.00365,0.929854,0
17.1,10.6,0,2.00749,0.954807,0
17.1,10.7,0,2.0097,0.978662,0
17.1,10.8,0,2.01191,1.00252,0
17.1,10.9,0,2.01464,1.02846,0
17.1,11,0,2.01749,1.05492,0
17.1,11.1,0,2.02015,1.08085,0
17.1,11.2,0,2.02258,1.10614,0
17.1,11.3,0,2.02506,1.13176,0
17.1,11.4,0,2.02806,1.16027,0
17.1,11.5,0,2.03106,1.18879,0
17.1,11.6,0,2.03449,1.21655,0
17.1,11.7,0,2.03807,1.24405,0
17.1,11.8,0,2.04199,1.27302,0
17.1,11.9,0,2.04643,1.30418,0
17.1,12,0,2.0509,1.33529,0
17.1,12.1,0,2.05619,1.36557,0
17.1,12.2,0,2.06147,1.39586,0
17.1,12.3,0,2.06713,1.42869,0
17.1,12.4,0,2.07295,1.46263,0
17.1,12.5,0,2.07905,1.49623,0
17.1,12.6,0,2.08566,1.52923,0
17.1,12.7,0,2.09227,1.56223,0
17.2,0,0,2.04337,-1.5588,0
17.2,0.1,0,2.03728,-1.54411,0
17.2,0.2,0,2.02646,-1.50981,0
17.2,0.3,0,2.01563,-1.47552,0
17.2,0.4,0,2.00437,-1.41263,0
17.2,0.5,0,1.99738,-1.37947,0
17.2,0.6,0,1.99038,-1.34631,0
17.2,0.7,0,1.98764,-1.32157,0
17.2,0.8,0,1.98873,-1.31035,0
17.2,0.9,0,1.98561,-1.28045,0
17.2,1,0,1.98249,-1.25055,0
17.2,1.1,0,1.97811,-1.19224,0
17.2,1.2,0,1.97496,-1.16329,0
17.2,1.3,0,1.97182,-1.13435,0
17.2,1.4,0,1.97022,-1.11448,0
17.2,1.5,0,1.97369,-1.10654,0
17.2,1.6,0,1.9758,-1.08124,0
17.2,1.7,0,1.97791,-1.05595,0
17.2,1.8,0,1.98427,-1.00343,0
17.2,1.9,0,1.99065,-0.978083,0
17.2,2,0,1.99702,-0.952734,0
17.2,2.1,0,2.00198,-0.935683,0
17.2,2.2,0,2.00744,-0.927841,0
17.2,2.3,0,2.00948,-0.905148,0
17.2,2.4,0,2.01152,-0.882454,0
17.2,2.5,0,2.00961,-0.833744,0
17.2,2.6,0,2.00199,-0.809283,0
17.2,2.7,0,1.99436,-0.784822,0
17.2,2.8,0,1.98437,-0.768984,0
17.2,2.9,0,1.97383,-0.759123,0
17.2,3,0,1.96448,-0.737197,0
17.2,3.1,0,1.95514,-0.71527,0
17.2,3.2,0,1.95237,-0.672273,0
17.2,3.3,0,1.93823,-0.650408,0
17.2,3.4,0,1.9241,-0.628543,0
17.2,3.5,0,1.90722,-0.615912,0
17.2,3.6,0,1.90259,-0.607444,0
17.2,3.7,0,1.90797,-0.588767,0
17.2,3.8,0,1.91334,-0.57009,0
17.2,3.9,0,1.94159,-0.533758,0
17.2,4,0,1.95461,-0.515133,0
17.2,4.1,0,1.96762,-0.496507,0
17.2,4.2,0,1.97113,-0.485714,0
17.2,4.3,0,1.97523,-0.472818,0
17.2,4.4,0,1.98509,-0.45335,0
17.2,4.5,0,1.99495,-0.433882,0
17.2,4.6,0,2.0099,-0.396115,0
17.2,4.7,0,1.98355,-0.37592,0
17.2,4.8,0,1.95721,-0.355726,0
17.2,4.9,0,1.91518,-0.347497,0
17.2,5,0,1.88633,-0.330452,0
17.2,5.1,0,1.87926,-0.31345,0
17.2,5.2,0,1.87218,-0.296449,0
17.2,5.3,0,1.91001,-0.267667,0
17.2,5.4,0,1.92602,-0.24649,0
17.2,5.5,0,1.94204,-0.225313,0
17.2,5.6,0,1.94391,-0.218211,0
17.2,5.7,0,1.9263,-0.190085,0
17.2,5.8,0,1.91152,-0.170817,0
17.2,5.9,0,1.89673,-0.15155,0
17.2,6,0,1.88788,-0.120735,0
17.2,6.1,0,1.8826,-0.0986241,0
17.2,6.2,0,1.87731,-0.0765129,0
17.2,6.3,0,1.87266,-0.0816541,0
17.2,6.4,0,1.86335,-0.0431077,0
17.2,6.5,0,1.8585,-0.0196189,0
17.2,6.6,0,1.85365,0.00386999,0
17.2,6.7,0,1.86382,0.0429016,0
17.2,6.8,0,1.85751,0.0633132,0
17.2,6.9,0,1.8512,0.0837249,0
17.2,7,0,1.83044,0.0564893,0
17.2,7.1,0,1.8018,0.0933462,0
17.2,7.2,0,1.78404,0.130389,0
17.2,7.3,0,1.76968,0.165133,0
17.2,7.4,0,1.761,0.201259,0
17.2,7.5,0,1.75804,0.23834,0
17.2,7.6,0,1.7605,0.275498,0
17.2,7.7,0,1.76901,0.312741,0
17.2,7.8,0,1.78293,0.347984,0
17.2,7.9,0,1.80206,0.383945,0
17.2,8,0,1.84194,0.418385,0
17.2,8.1,0,1.88652,0.392984,0
17.2,8.2,0,1.89286,0.410876,0
17.2,8.3,0,1.8846,0.435752,0
17.2,8.4,0,1.88439,0.456234,0
17.2,8.5,0,1.87614,0.46891,0
17.2,8.6,0,1.87926,0.488176,0
17.2,8.7,0,1.87675,0.533317,0
17.2,8.8,0,1.8768,0.525985,0
17.2,8.9,0,1.88237,0.54622,0
17.2,9,0,1.88633,0.562898,0
17.2,9.1,0,1.89404,0.585682,0
17.2,9.2,0,1.89573,0.611403,0
17.2,9.3,0,1.90284,0.633736,0
17.2,9.4,0,1.91253,0.669378,0
17.2,9.5,0,1.91942,0.675677,0
17.2,9.6,0,1.92781,0.699561,0
17.2,9.7,0,1.93303,0.72947,0
17.2,9.8,0,1.93966,0.752323,0
17.2,9.9,0,1.94829,0.774526,0
17.2,10,0,1.95522,0.795423,0
17.2,10.1,0,1.96133,0.82693,0
17.2,10.2,0,1.96637,0.852968,0
17.2,10.3,0,1.97082,0.876188,0
17.2,10.4,0,1.97594,0.894176,0
17.2,10.5,0,1.98006,0.919324,0
17.2,10.6,0,1.98235,0.956634,0
17.2,10.7,0,1.98599,0.980026,0
17.2,10.8,0,1.98738,1.00409,0
17.2,10.9,0,1.99001,1.02157,0
17.2,11,0,1.99286,1.04803,0
17.2,11.1,0,1.99552,1.08775,0
17.2,11.2,0,1.99795,1.11304,0
17.2,11.3,0,1.99652,1.13212,0
17.2,11.4,0,2.0013,1.15663,0
17.2,11.5,0,2.00431,1.18514,0
17.2,11.6,0,2.00737,1.22852,0
17.2,11.7,0,2.01094,1.25602,0
17.2,11.8,0,2.01215,1.27209,0
17.2,11.9,0,2.01658,1.30325,0
17.2,12,0,2.01798,1.34243,0
17.2,12.1,0,2.02565,1.38215,0
17.2,12.2,0,2.03093,1.41243,0
17.2,12.3,0,2.03354,1.43021,0
17.2,12.4,0,2.03936,1.46414,0
17.2,12.5,0,2.04437,1.5171,0
17.2,12.6,0,2.05098,1.5501,0
17.2,12.7,0,2.05317,1.56915,0
17.3,0,0,2.00361,-1.5667,0
17.3,0.1,0,2.00226,-1.57163,0
17.3,0.2,0,1.99144,-1.53733,0
17.3,0.3,0,1.97999,-1.48989,0
17.3,0.4,0,1.96789,-1.41658,0
17.3,0.5,0,1.96,-1.37782,0
17.3,0.6,0,1.95301,-1.34467,0
17.3,0.7,0,1.95451,-1.32834,0
17.3,0.8,0,1.95981,-1.3358,0
17.3,0.9,0,1.95669,-1.3059,0
17.3,1,0,1.95258,-1.2636,0
17.3,1.1,0,1.94776,-1.19498,0
17.3,1.2,0,1.94479,-1.15986,0
17.3,1.3,0,1.94165,-1.13091,0
17.3,1.4,0,1.9416,-1.12014,0
17.3,1.5,0,1.94644,-1.12953,0
17.3,1.6,0,1.94854,-1.10424,0
17.3,1.7,0,1.95095,-1.06746,0
17.3,1.8,0,1.95806,-1.00522,0
17.3,1.9,0,1.9655,-0.973877,0
17.3,2,0,1.97188,-0.948528,0
17.3,2.1,0,1.97542,-0.939773,0
17.3,2.2,0,1.98431,-0.946784,0
17.3,2.3,0,1.98635,-0.92409,0
17.3,2.4,0,1.98671,-0.891228,0
17.3,2.5,0,1.98512,-0.833541,0
17.3,2.6,0,1.97975,-0.803092,0
17.3,2.7,0,1.97212,-0.778632,0
17.3,2.8,0,1.95976,-0.771415,0
17.3,2.9,0,1.94802,-0.77362,0
17.3,3,0,1.93868,-0.751694,0
17.3,3.1,0,1.9314,-0.722037,0
17.3,3.2,0,1.93183,-0.671504,0
17.3,3.3,0,1.9214,-0.643804,0
17.3,3.4,0,1.90726,-0.621939,0
17.3,3.5,0,1.88764,-0.618541,0
17.3,3.6,0,1.87299,-0.620283,0
17.3,3.7,0,1.87837,-0.601606,0
17.3,3.8,0,1.89024,-0.576807,0
17.3,3.9,0,1.9253,-0.534161,0
17.3,4,0,1.94407,-0.510292,0
17.3,4.1,0,1.95708,-0.491666,0
17.3,4.2,0,1.95109,-0.488704,0
17.3,4.3,0,1.94943,-0.482382,0
17.3,4.4,0,1.95929,-0.462914,0
17.3,4.5,0,1.97161,-0.439255,0
17.3,4.6,0,1.99485,-0.395083,0
17.3,4.7,0,1.98095,-0.367548,0
17.3,4.8,0,1.9546,-0.347353,0
17.3,4.9,0,1.8969,-0.35109,0
17.3,5,0,1.84627,-0.334002,0
17.3,5.1,0,1.8392,-0.317001,0
17.3,5.2,0,1.84604,-0.30137,0
17.3,5.3,0,1.89578,-0.269126,0
17.3,5.4,0,1.91932,-0.240348,0
17.3,5.5,0,1.93534,-0.219171,0
17.3,5.6,0,1.92305,-0.226144,0
17.3,5.7,0,1.90261,-0.189161,0
17.3,5.8,0,1.88783,-0.169893,0
17.3,5.9,0,1.87536,-0.158684,0
17.3,6,0,1.86693,-0.124253,0
17.3,6.1,0,1.86009,-0.0875748,0
17.3,6.2,0,1.8548,-0.0654636,0
17.3,6.3,0,1.85079,-0.0978572,0
17.3,6.4,0,1.83701,-0.0442533,0
17.3,6.5,0,1.83217,-0.0207645,0
17.3,6.6,0,1.83071,-0.0130272,0
17.3,6.7,0,1.84649,0.0321049,0
17.3,6.8,0,1.84691,0.0792489,0
17.3,6.9,0,1.84061,0.0996606,0
17.3,7,0,1.80538,0.0247778,0
17.3,7.1,0,1.77141,0.0686066,0
17.3,7.2,0,1.75408,0.113409,0
17.3,7.3,0,1.7386,0.154729,0
17.3,7.4,0,1.72926,0.197671,0
17.3,7.5,0,1.72578,0.241309,0
17.3,7.6,0,1.72848,0.285049,0
17.3,7.7,0,1.73688,0.32895,0
17.3,7.8,0,1.75228,0.370873,0
17.3,7.9,0,1.77182,0.413536,0
17.3,8,0,1.81782,0.455754,0
17.3,8.1,0,1.90065,0.387059,0
17.3,8.2,0,1.89052,0.430082,0
17.3,8.3,0,1.8884,0.435128,0
17.3,8.4,0,1.88819,0.45561,0
17.3,8.5,0,1.86607,0.49035,0
17.3,8.6,0,1.87403,0.480109,0
17.3,8.7,0,1.86447,0.557679,0
17.3,8.8,0,1.86055,0.516275,0
17.3,8.9,0,1.86667,0.547749,0
17.3,9,0,1.86719,0.548101,0
17.3,9.1,0,1.87491,0.570885,0
17.3,9.2,0,1.87758,0.625921,0
17.3,9.3,0,1.87782,0.621989,0
17.3,9.4,0,1.89185,0.679968,0
17.3,9.5,0,1.89561,0.659809,0
17.3,9.6,0,1.90414,0.687909,0
17.3,9.7,0,1.90701,0.720194,0
17.3,9.8,0,1.91365,0.743047,0
17.3,9.9,0,1.92379,0.779671,0
17.3,10,0,1.93126,0.78151,0
17.3,10.1,0,1.93559,0.830699,0
17.3,10.2,0,1.94194,0.848634,0
17.3,10.3,0,1.94639,0.871854,0
17.3,10.4,0,1.95235,0.883646,0
17.3,10.5,0,1.95647,0.908793,0
17.3,10.6,0,1.95501,0.959172,0
17.3,10.7,0,1.96229,0.98139,0
17.3,10.8,0,1.95934,1.00655,0
17.3,10.9,0,1.96538,1.01468,0
17.3,11,0,1.96823,1.04114,0
17.3,11.1,0,1.97013,1.0939,0
17.3,11.2,0,1.97332,1.11995,0
17.3,11.3,0,1.96677,1.13521,0
17.3,11.4,0,1.97455,1.15298,0
17.3,11.5,0,1.97353,1.18865,0
17.3,11.6,0,1.98024,1.24048,0
17.3,11.7,0,1.98382,1.26799,0
17.3,11.8,0,1.98144,1.2731,0
17.3,11.9,0,1.98674,1.30232,0
17.3,12,0,1.98446,1.34719,0
17.3,12.1,0,1.99511,1.39872,0
17.3,12.2,0,1.99673,1.42023,0
17.3,12.3,0,1.99994,1.43172,0
17.3,12.4,0,2.00577,1.46565,0
17.3,12.5,0,2.00833,1.52934,0
17.3,12.6,0,2.01629,1.57096,0
17.3,12.7,0,2.01407,1.57607,0
17.4,0,0,1.96385,-1.57461,0
17.4,0.1,0,1.96589,-1.59354,0
17.4,0.2,0,1.95642,-1.56485,0
17.4,0.3,0,1.944,-1.49695,0
17.4,0.4,0,1.93189,-1.42365,0
17.4,0.5,0,1.92263,-1.37618,0
17.4,0.6,0,1.91685,-1.34543,0
17.4,0.7,0,1.92138,-1.33511,0
17.4,0.8,0,1.92969,-1.35591,0
17.4,0.9,0,1.92777,-1.33135,0
17.4,1,0,1.92213,-1.26976,0
17.4,1.1,0,1.9173,-1.20114,0
17.4,1.2,0,1.91463,-1.15643,0
17.4,1.3,0,1.91193,-1.13007,0
17.4,1.4,0,1.91299,-1.12579,0
17.4,1.5,0,1.91879,-1.14757,0
17.4,1.6,0,1.92129,-1.12724,0
17.4,1.7,0,1.92415,-1.07258,0
17.4,1.8,0,1.93127,-1.01034,0
17.4,1.9,0,1.94036,-0.969671,0
17.4,2,0,1.94633,-0.946693,0
17.4,2.1,0,1.94887,-0.943864,0
17.4,2.2,0,1.9602,-0.961483,0
17.4,2.3,0,1.96322,-0.943033,0
17.4,2.4,0,1.96096,-0.894353,0
17.4,2.5,0,1.95938,-0.836666,0
17.4,2.6,0,1.95751,-0.796902,0
17.4,2.7,0,1.94921,-0.774905,0
17.4,2.8,0,1.93516,-0.773846,0
17.4,2.9,0,1.92256,-0.78467,0
17.4,3,0,1.91287,-0.766191,0
17.4,3.1,0,1.9088,-0.72451,0
17.4,3.2,0,1.90924,-0.673977,0
17.4,3.3,0,1.90456,-0.637199,0
17.4,3.4,0,1.88965,-0.617972,0
17.4,3.5,0,1.86806,-0.62117,0
17.4,3.6,0,1.84626,-0.630205,0
17.4,3.7,0,1.84878,-0.614445,0
17.4,3.8,0,1.87075,-0.580123,0
17.4,3.9,0,1.90581,-0.537478,0
17.4,4,0,1.93353,-0.50545,0
17.4,4.1,0,1.94383,-0.489063,0
17.4,4.2,0,1.93104,-0.491695,0
17.4,4.3,0,1.92527,-0.490067,0
17.4,4.4,0,1.93349,-0.472477,0
17.4,4.5,0,1.94964,-0.442301,0
17.4,4.6,0,1.97288,-0.398128,0
17.4,4.7,0,1.97834,-0.359176,0
17.4,4.8,0,1.94751,-0.3424,0
17.4,4.9,0,1.87861,-0.354684,0
17.4,5,0,1.81243,-0.337565,0
17.4,5.1,0,1.79914,-0.320551,0
17.4,5.2,0,1.82764,-0.307051,0
17.4,5.3,0,1.87737,-0.274808,0
17.4,5.4,0,1.91261,-0.234206,0
17.4,5.5,0,1.92459,-0.21705,0
17.4,5.6,0,1.9022,-0.234077,0
17.4,5.7,0,1.87973,-0.190767,0
17.4,5.8,0,1.86414,-0.168969,0
17.4,5.9,0,1.85527,-0.170295,0
17.4,6,0,1.84683,-0.135865,0
17.4,6.1,0,1.83758,-0.0765255,0
17.4,6.2,0,1.83248,-0.0622007,0
17.4,6.3,0,1.82892,-0.11406,0
17.4,6.4,0,1.81195,-0.0497011,0
17.4,6.5,0,1.80583,-0.0219101,0
17.4,6.6,0,1.80964,-0.0386752,0
17.4,6.7,0,1.82543,0.00645682,0
17.4,6.8,0,1.83632,0.0951846,0
17.4,6.9,0,1.82588,0.101983,0
17.4,7,0,1.78033,-0.00693376,0
17.4,7.1,0,1.74102,0.043867,0
17.4,7.2,0,1.72413,0.0964298,0
17.4,7.3,0,1.70751,0.144324,0
17.4,7.4,0,1.69751,0.194083,0
17.4,7.5,0,1.69352,0.244277,0
17.4,7.6,0,1.69646,0.294601,0
17.4,7.7,0,1.70474,0.34516,0
17.4,7.8,0,1.72164,0.393763,0
17.4,7.9,0,1.74158,0.443127,0
17.4,8,0,1.7937,0.493124,0
17.4,8.1,0,1.91478,0.381135,0
17.4,8.2,0,1.8765,0.467106,0
17.4,8.3,0,1.88557,0.448521,0
17.4,8.4,0,1.8894,0.460098,0
17.4,8.5,0,1.85468,0.519766,0
17.4,8.6,0,1.86881,0.472042,0
17.4,8.7,0,1.8522,0.582041,0
17.4,8.8,0,1.8443,0.506564,0
17.4,8.9,0,1.85186,0.567387,0
17.4,9,0,1.85054,0.553086,0
17.4,9.1,0,1.85577,0.556088,0
17.4,9.2,0,1.8595,0.640722,0
17.4,9.3,0,1.8528,0.610241,0
17.4,9.4,0,1.87117,0.690558,0
17.4,9.5,0,1.8718,0.64394,0
17.4,9.6,0,1.88112,0.695356,0
17.4,9.7,0,1.88333,0.723905,0
17.4,9.8,0,1.88763,0.733771,0
17.4,9.9,0,1.89929,0.784816,0
17.4,10,0,1.90731,0.767596,0
17.4,10.1,0,1.90984,0.834468,0
17.4,10.2,0,1.91751,0.8443,0
17.4,10.3,0,1.91987,0.874541,0
17.4,10.4,0,1.92585,0.886201,0
17.4,10.5,0,1.93288,0.898263,0
17.4,10.6,0,1.92767,0.96171,0
17.4,10.7,0,1.93858,0.982754,0
17.4,10.8,0,1.93131,1.00902,0
17.4,10.9,0,1.94074,1.0078,0
17.4,11,0,1.94032,1.04171,0
17.4,11.1,0,1.94128,1.09661,0
17.4,11.2,0,1.94869,1.12685,0
17.4,11.3,0,1.93701,1.13829,0
17.4,11.4,0,1.94779,1.14933,0
17.4,11.5,0,1.9427,1.19224,0
17.4,11.6,0,1.95311,1.25245,0
17.4,11.7,0,1.95384,1.27546,0
17.4,11.8,0,1.94936,1.27725,0
17.4,11.9,0,1.95689,1.30139,0
17.4,12,0,1.95094,1.35194,0
17.4,12.1,0,1.96457,1.41529,0
17.4,12.2,0,1.96153,1.42566,0
17.4,12.3,0,1.96608,1.4339,0
17.4,12.4,0,1.9709,1.46888,0
17.4,12.5,0,1.97132,1.53546,0
17.4,12.6,0,1.98161,1.59183,0
17.4,12.7,0,1.97496,1.58299,0
17.5,0,0,1.92409,-1.58252,0
17.5,0.1,0,1.92613,-1.60145,0
17.5,0.2,0,1.9214,-1.59237,0
17.5,0.3,0,1.908,-1.50402,0
17.5,0.4,0,1.8959,-1.43071,0
17.5,0.5,0,1.88526,-1.37453,0
17.5,0.6,0,1.88372,-1.35219,0
17.5,0.7,0,1.88825,-1.34188,0
17.5,0.8,0,1.89656,-1.36268,0
17.5,0.9,0,1.89886,-1.3568,0
17.5,1,0,1.89168,-1.27593,0
17.5,1.1,0,1.88685,-1.2073,0
17.5,1.2,0,1.88446,-1.15299,0
17.5,1.3,0,1.88331,-1.13573,0
17.5,1.4,0,1.88437,-1.13144,0
17.5,1.5,0,1.89017,-1.15322,0
17.5,1.6,0,1.89403,-1.15023,0
17.5,1.7,0,1.89736,-1.0777,0
17.5,1.8,0,1.90447,-1.01546,0
17.5,1.9,0,1.91522,-0.965465,0
17.5,2,0,1.91978,-0.950783,0
17.5,2.1,0,1.92231,-0.947954,0
17.5,2.2,0,1.93365,-0.965574,0
17.5,2.3,0,1.94009,-0.961976,0
17.5,2.4,0,1.93522,-0.897477,0
17.5,2.5,0,1.93363,-0.839791,0
17.5,2.6,0,1.93527,-0.790711,0
17.5,2.7,0,1.9246,-0.777336,0
17.5,2.8,0,1.91055,-0.776277,0
17.5,2.9,0,1.89795,-0.787101,0
17.5,3,0,1.88707,-0.780688,0
17.5,3.1,0,1.88621,-0.726983,0
17.5,3.2,0,1.88664,-0.67645,0
17.5,3.3,0,1.88773,-0.630595,0
17.5,3.4,0,1.87007,-0.620602,0
17.5,3.5,0,1.84848,-0.623799,0
17.5,3.6,0,1.82668,-0.632834,0
17.5,3.7,0,1.81919,-0.627284,0
17.5,3.8,0,1.85126,-0.58344,0
17.5,3.9,0,1.88632,-0.540794,0
17.5,4,0,1.92299,-0.500609,0
17.5,4.1,0,1.92378,-0.492053,0
17.5,4.2,0,1.911,-0.494686,0
17.5,4.3,0,1.90523,-0.493058,0
17.5,4.4,0,1.90769,-0.48204,0
17.5,4.5,0,1.92768,-0.445346,0
17.5,4.6,0,1.95091,-0.401174,0
17.5,4.7,0,1.97573,-0.350804,0
17.5,4.8,0,1.92923,-0.345994,0
17.5,4.9,0,1.86032,-0.358277,0
17.5,5,0,1.79415,-0.341158,0
17.5,5.1,0,1.75908,-0.324101,0
17.5,5.2,0,1.80923,-0.312733,0
17.5,5.3,0,1.85897,-0.28049,0
17.5,5.4,0,1.90591,-0.228064,0
17.5,5.5,0,1.90373,-0.224983,0
17.5,5.6,0,1.88134,-0.242011,0
17.5,5.7,0,1.85888,-0.198701,0
17.5,5.8,0,1.84046,-0.168044,0
17.5,5.9,0,1.83518,-0.181906,0
17.5,6,0,1.82674,-0.147476,0
17.5,6.1,0,1.81507,-0.0654763,0
17.5,6.2,0,1.8106,-0.0784039,0
17.5,6.3,0,1.80704,-0.130263,0
17.5,6.4,0,1.79008,-0.0659042,0
17.5,6.5,0,1.77949,-0.0230557,0
17.5,6.6,0,1.78858,-0.0643232,0
17.5,6.7,0,1.80436,-0.0191912,0
17.5,6.8,0,1.82572,0.11112,0
17.5,6.9,0,1.80083,0.0702712,0
17.5,7,0,1.75528,-0.0386453,0
17.5,7.1,0,1.71063,0.0191274,0
17.5,7.2,0,1.69417,0.0794502,0
17.5,7.3,0,1.67643,0.13392,0
17.5,7.4,0,1.66577,0.190495,0
17.5,7.5,0,1.66125,0.247246,0
17.5,7.6,0,1.66443,0.304153,0
17.5,7.7,0,1.6726,0.361369,0
17.5,7.8,0,1.69099,0.416652,0
17.5,7.9,0,1.71135,0.472718,0
17.5,8,0,1.76958,0.530493,0
17.5,8.1,0,1.92891,0.37521,0
17.5,8.2,0,1.86248,0.50413,0
17.5,8.3,0,1.87155,0.485546,0
17.5,8.4,0,1.87801,0.489514,0
17.5,8.5,0,1.84329,0.549182,0
17.5,8.6,0,1.86358,0.463976,0
17.5,8.7,0,1.83992,0.606403,0
17.5,8.8,0,1.82869,0.50229,0
17.5,8.9,0,1.83704,0.587025,0
17.5,9,0,1.83573,0.572724,0
17.5,9.1,0,1.83766,0.569944,0
17.5,9.2,0,1.84142,0.655524,0
17.5,9.3,0,1.82779,0.598494,0
17.5,9.4,0,1.85049,0.701148,0
17.5,9.5,0,1.84912,0.637642,0
17.5,9.6,0,1.8581,0.702803,0
17.5,9.7,0,1.8603,0.731353,0
17.5,9.8,0,1.86278,0.735541,0
17.5,9.9,0,1.87479,0.789961,0
17.5,10,0,1.88336,0.753682,0
17.5,10.1,0,1.88409,0.838237,0
17.5,10.2,0,1.89233,0.844534,0
17.5,10.3,0,1.89331,0.87738,0
17.5,10.4,0,1.8993,0.88904,0
17.5,10.5,0,1.90718,0.895101,0
17.5,10.6,0,1.90033,0.964248,0
17.5,10.7,0,1.91487,0.984119,0
17.5,10.8,0,1.90327,1.01148,0
17.5,10.9,0,1.91351,1.00807,0
17.5,11,0,1.91147,1.04442,0
17.5,11.1,0,1.91243,1.09932,0
17.5,11.2,0,1.92221,1.13237,0
17.5,11.3,0,1.90726,1.14138,0
17.5,11.4,0,1.92103,1.14568,0
17.5,11.5,0,1.91188,1.19582,0
17.5,11.6,0,1.92241,1.2563,0
17.5,11.7,0,1.92175,1.2796,0
17.5,11.8,0,1.91727,1.28139,0
17.5,11.9,0,1.92646,1.30137,0
17.5,12,0,1.91742,1.3567,0
17.5,12.1,0,1.93403,1.43187,0
17.5,12.2,0,1.92633,1.43109,0
17.5,12.3,0,1.93088,1.43933,0
17.5,12.4,0,1.9339,1.475,0
17.5,12.5,0,1.93432,1.54158,0
17.5,12.6,0,1.94693,1.6127,0
17.5,12.7,0,1.93586,1.58991,0
17.6,0,0,1.88434,-1.59043,0
17.6,0.1,0,1.88637,-1.60936,0
17.6,0.2,0,1.88548,-1.60089,0
17.6,0.3,0,1.87201,-1.51108,0
17.6,0.4,0,1.85991,-1.43778,0
17.6,0.5,0,1.84917,-1.38098,0
17.6,0.6,0,1.8506,-1.35896,0
17.6,0.7,0,1.85513,-1.34864,0
17.6,0.8,0,1.86344,-1.36945,0
17.6,0.9,0,1.86851,-1.36434,0
17.6,1,0,1.86123,-1.28209,0
17.6,1.1,0,1.8564,-1.21347,0
17.6,1.2,0,1.85403,-1.15847,0
17.6,1.3,0,1.85469,-1.14138,0
17.6,1.4,0,1.85575,-1.13709,0
17.6,1.5,0,1.86155,-1.15887,0
17.6,1.6,0,1.8672,-1.15663,0
17.6,1.7,0,1.87056,-1.08282,0
17.6,1.8,0,1.87768,-1.02058,0
17.6,1.9,0,1.88854,-0.969919,0
17.6,2,0,1.89322,-0.954874,0
17.6,2.1,0,1.89575,-0.952045,0
17.6,2.2,0,1.90709,-0.969664,0
17.6,2.3,0,1.91453,-0.96623,0
17.6,2.4,0,1.90947,-0.900602,0
17.6,2.5,0,1.90789,-0.842916,0
17.6,2.6,0,1.90977,-0.79317,0
17.6,2.7,0,1.89999,-0.779767,0
17.6,2.8,0,1.88594,-0.778708,0
17.6,2.9,0,1.87334,-0.789532,0
17.6,3,0,1.86424,-0.784019,0
17.6,3.1,0,1.86362,-0.729456,0
17.6,3.2,0,1.86405,-0.678923,0
17.6,3.3,0,1.86555,-0.632419,0
17.6,3.4,0,1.85049,-0.623231,0
17.6,3.5,0,1.8289,-0.626429,0
17.6,3.6,0,1.8071,-0.635463,0
17.6,3.7,0,1.79898,-0.63128,0
17.6,3.8,0,1.83177,-0.586756,0
17.6,3.9,0,1.86682,-0.54411,0
17.6,4,0,1.90414,-0.503343,0
17.6,4.1,0,1.90374,-0.495044,0
17.6,4.2,0,1.89096,-0.497676,0
17.6,4.3,0,1.88519,-0.496048,0
17.6,4.4,0,1.88544,-0.485551,0
17.6,4.5,0,1.90571,-0.448392,0
17.6,4.6,0,1.92894,-0.404219,0
17.6,4.7,0,1.95515,-0.353034,0
17.6,4.8,0,1.91094,-0.349587,0
17.6,4.9,0,1.84204,-0.361871,0
17.6,5,0,1.77586,-0.344752,0
17.6,5.1,0,1.73912,-0.32963,0
17.6,5.2,0,1.79082,-0.318415,0
17.6,5.3,0,1.84056,-0.286172,0
17.6,5.4,0,1.88834,-0.232901,0
17.6,5.5,0,1.88288,-0.232917,0
17.6,5.6,0,1.86049,-0.249944,0
17.6,5.7,0,1.83802,-0.206634,0
17.6,5.8,0,1.82011,-0.17876,0
17.6,5.9,0,1.81509,-0.193518,0
17.6,6,0,1.80665,-0.159087,0
17.6,6.1,0,1.79481,-0.0754689,0
17.6,6.2,0,1.78873,-0.094607,0
17.6,6.3,0,1.78517,-0.146467,0
17.6,6.4,0,1.7682,-0.0821073,0
17.6,6.5,0,1.75805,-0.0469535,0
17.6,6.6,0,1.76751,-0.0899713,0
17.6,6.7,0,1.7833,-0.0448392,0
17.6,6.8,0,1.80541,0.0884425,0
17.6,6.9,0,1.77578,0.0385597,0
17.6,7,0,1.73023,-0.0703568,0
17.6,7.1,0,1.68024,-0.00561225,0
17.6,7.2,0,1.66421,0.0624706,0
17.6,7.3,0,1.64534,0.123516,0
17.6,7.4,0,1.63402,0.186907,0
17.6,7.5,0,1.62899,0.250215,0
17.6,7.6,0,1.63241,0.313704,0
17.6,7.7,0,1.64046,0.377579,0
17.6,7.8,0,1.66034,0.439542,0
17.6,7.9,0,1.68111,0.502309,0
17.6,8,0,1.74546,0.567863,0
17.6,8.1,0,1.90642,0.410737,0
17.6,8.2,0,1.84846,0.541155,0
17.6,8.3,0,1.85753,0.52257,0
17.6,8.4,0,1.86663,0.51893,0
17.6,8.5,0,1.83191,0.578597,0
17.6,8.6,0,1.85303,0.480403,0
17.6,8.7,0,1.82765,0.630765,0
17.6,8.8,0,1.81641,0.526652,0
17.6,8.9,0,1.82223,0.606663,0
17.6,9,0,1.82092,0.592362,0
17.6,9.1,0,1.81958,0.584745,0
17.6,9.2,0,1.82334,0.670325,0
17.6,9.3,0,1.80517,0.599103,0
17.6,9.4,0,1.82981,0.711738,0
17.6,9.5,0,1.82844,0.648232,0
17.6,9.6,0,1.83508,0.71025,0
17.6,9.7,0,1.83728,0.7388,0
17.6,9.8,0,1.83828,0.740686,0
17.6,9.9,0,1.85029,0.795106,0
17.6,10,0,1.85869,0.748815,0
17.6,10.1,0,1.85834,0.842006,0
17.6,10.2,0,1.86659,0.848303,0
17.6,10.3,0,1.86675,0.88022,0
17.6,10.4,0,1.87274,0.89188,0
17.6,10.5,0,1.87984,0.897639,0
17.6,10.6,0,1.87299,0.966786,0
17.6,10.7,0,1.88925,0.986058,0
17.6,10.8,0,1.87523,1.01394,0
17.6,10.9,0,1.88547,1.01053,0
17.6,11,0,1.88262,1.04713,0
17.6,11.1,0,1.88358,1.10203,0
17.6,11.2,0,1.89245,1.13545,0
17.6,11.3,0,1.87751,1.14446,0
17.6,11.4,0,1.89262,1.14575,0
17.6,11.5,0,1.88106,1.1994,0
17.6,11.6,0,1.89159,1.25989,0
17.6,11.7,0,1.88966,1.28374,0
17.6,11.8,0,1.88518,1.28553,0
17.6,11.9,0,1.89294,1.30613,0
17.6,12,0,1.8839,1.36145,0
17.6,12.1,0,1.90124,1.43951,0
17.6,12.2,0,1.89113,1.43652,0
17.6,12.3,0,1.89568,1.44476,0
17.6,12.4,0,1.8969,1.48113,0
17.6,12.5,0,1.89732,1.5477,0
17.6,12.6,0,1.90801,1.62021,0
17.6,12.7,0,1.89676,1.59683,0
17.7,0,0,1.84458,-1.59833,0
17.7,0.1,0,1.84661,-1.61727,0
17.7,0.2,0,1.84677,-1.59675,0
17.7,0.3,0,1.83602,-1.51815,0
17.7,0.4,0,1.82391,-1.44485,0
17.7,0.5,0,1.8156,-1.39285,0
17.7,0.6,0,1.81747,-1.36573,0
17.7,0.7,0,1.822,-1.35541,0
17.7,0.8,0,1.83031,-1.37622,0
17.7,0.9,0,1.83566,-1.35983,0
17.7,1,0,1.83077,-1.28825,0
17.7,1.1,0,1.82595,-1.21963,0
17.7,1.2,0,1.82446,-1.16982,0
17.7,1.3,0,1.82607,-1.14703,0
17.7,1.4,0,1.82713,-1.14274,0
17.7,1.5,0,1.83294,-1.16453,0
17.7,1.6,0,1.83963,-1.15184,0
17.7,1.7,0,1.84377,-1.08794,0
17.7,1.8,0,1.85088,-1.0257,0
17.7,1.9,0,1.86094,-0.97978,0
17.7,2,0,1.86666,-0.958965,0
17.7,2.1,0,1.86919,-0.956136,0
17.7,2.2,0,1.88053,-0.973755,0
17.7,2.3,0,1.88683,-0.960868,0
17.7,2.4,0,1.88373,-0.903727,0
17.7,2.5,0,1.88214,-0.84604,0
17.7,2.6,0,1.88268,-0.801222,0
17.7,2.7,0,1.87538,-0.782198,0
17.7,2.8,0,1.86133,-0.781139,0
17.7,2.9,0,1.84874,-0.791963,0
17.7,3,0,1.84234,-0.779598,0
17.7,3.1,0,1.84102,-0.731929,0
17.7,3.2,0,1.84146,-0.681396,0
17.7,3.3,0,1.84139,-0.640168,0
17.7,3.4,0,1.83091,-0.62586,0
17.7,3.5,0,1.80932,-0.629058,0
17.7,3.6,0,1.78752,-0.638092,0
17.7,3.7,0,1.7852,-0.628762,0
17.7,3.8,0,1.81228,-0.590072,0
17.7,3.9,0,1.84733,-0.547427,0
17.7,4,0,1.87922,-0.511135,0
17.7,4.1,0,1.8837,-0.498035,0
17.7,4.2,0,1.87092,-0.500667,0
17.7,4.3,0,1.86515,-0.499039,0
17.7,4.4,0,1.86677,-0.484841,0
17.7,4.5,0,1.88374,-0.451437,0
17.7,4.6,0,1.90697,-0.407264,0
17.7,4.7,0,1.92422,-0.362917,0
17.7,4.8,0,1.89266,-0.353181,0
17.7,4.9,0,1.82375,-0.365464,0
17.7,5,0,1.75758,-0.348345,0
17.7,5.1,0,1.73316,-0.335337,0
17.7,5.2,0,1.77242,-0.324096,0
17.7,5.3,0,1.82216,-0.291853,0
17.7,5.4,0,1.86184,-0.246626,0
17.7,5.5,0,1.86202,-0.24085,0
17.7,5.6,0,1.83963,-0.257877,0
17.7,5.7,0,1.81717,-0.214567,0
17.7,5.8,0,1.80164,-0.195433,0
17.7,5.9,0,1.795,-0.205129,0
17.7,6,0,1.78656,-0.170698,0
17.7,6.1,0,1.77508,-0.102653,0
17.7,6.2,0,1.76686,-0.11081,0
17.7,6.3,0,1.7633,-0.16267,0
17.7,6.4,0,1.74633,-0.0983105,0
17.7,6.5,0,1.73954,-0.0812059,0
17.7,6.6,0,1.74645,-0.115619,0
17.7,6.7,0,1.76223,-0.0704873,0
17.7,6.8,0,1.77608,0.0355675,0
17.7,6.9,0,1.75072,0.00684818,0
17.7,7,0,1.70517,-0.102068,0
17.7,7.1,0,1.64985,-0.0303519,0
17.7,7.2,0,1.63425,0.045491,0
17.7,7.3,0,1.61426,0.113111,0
17.7,7.4,0,1.60227,0.183318,0
17.7,7.5,0,1.59673,0.253183,0
17.7,7.6,0,1.60039,0.323256,0
17.7,7.7,0,1.60833,0.393788,0
17.7,7.8,0,1.6297,0.462432,0
17.7,7.9,0,1.65087,0.5319,0
17.7,8,0,1.72135,0.605232,0
17.7,8.1,0,1.86703,0.471409,0
17.7,8.2,0,1.83444,0.578179,0
17.7,8.3,0,1.84351,0.559594,0
17.7,8.4,0,1.85524,0.548345,0
17.7,8.5,0,1.82052,0.608013,0
17.7,8.6,0,1.83616,0.532677,0
17.7,8.7,0,1.81537,0.655127,0
17.7,8.8,0,1.80462,0.561005,0
17.7,8.9,0,1.80742,0.626301,0
17.7,9,0,1.80611,0.612,0
17.7,9.1,0,1.8015,0.599547,0
17.7,9.2,0,1.80527,0.685126,0
17.7,9.3,0,1.79106,0.63483,0
17.7,9.4,0,1.80913,0.722328,0
17.7,9.5,0,1.80787,0.662046,0
17.7,9.6,0,1.81206,0.717697,0
17.7,9.7,0,1.81426,0.746247,0
17.7,9.8,0,1.81378,0.745831,0
17.7,9.9,0,1.82579,0.800251,0
17.7,10,0,1.8324,0.771642,0
17.7,10.1,0,1.8326,0.845775,0
17.7,10.2,0,1.84084,0.852072,0
17.7,10.3,0,1.8402,0.883059,0
17.7,10.4,0,1.84618,0.894719,0
17.7,10.5,0,1.8525,0.900177,0
17.7,10.6,0,1.84565,0.969324,0
17.7,10.7,0,1.85758,0.989695,0
17.7,10.8,0,1.8472,1.0164,0
17.7,10.9,0,1.85743,1.013,0
17.7,11,0,1.85377,1.04984,0
17.7,11.1,0,1.85473,1.10474,0
17.7,11.2,0,1.86212,1.13796,0
17.7,11.3,0,1.84776,1.14755,0
17.7,11.4,0,1.85902,1.15569,0
17.7,11.5,0,1.85024,1.20299,0
17.7,11.6,0,1.86077,1.26347,0
17.7,11.7,0,1.85757,1.28788,0
17.7,11.8,0,1.85309,1.28967,0
17.7,11.9,0,1.85866,1.31261,0
17.7,12,0,1.85037,1.3662,0
17.7,12.1,0,1.86425,1.43597,0
17.7,12.2,0,1.85593,1.44195,0
17.7,12.3,0,1.86049,1.45019,0
17.7,12.4,0,1.85989,1.48725,0
17.7,12.5,0,1.86031,1.55382,0
17.7,12.6,0,1.86765,1.61913,0
17.7,12.7,0,1.85766,1.60375,0
17.8,0,0,1.80482,-1.60624,0
17.8,0.1,0,1.80665,-1.62079,0
17.8,0.2,0,1.80604,-1.58421,0
17.8,0.3,0,1.80002,-1.52522,0
17.8,0.4,0,1.78792,-1.45191,0
17.8,0.5,0,1.78385,-1.40833,0
17.8,0.6,0,1.78464,-1.37436,0
17.8,0.7,0,1.78887,-1.36218,0
17.8,0.8,0,1.79685,-1.37885,0
17.8,0.9,0,1.80099,-1.34731,0
17.8,1,0,1.80032,-1.29442,0
17.8,1.1,0,1.79549,-1.22579,0
17.8,1.2,0,1.79556,-1.18507,0
17.8,1.3,0,1.79739,-1.15474,0
17.8,1.4,0,1.79851,-1.14839,0
17.8,1.5,0,1.80442,-1.16635,0
17.8,1.6,0,1.81147,-1.13961,0
17.8,1.7,0,1.81697,-1.09306,0
17.8,1.8,0,1.82409,-1.03082,0
17.8,1.9,0,1.83273,-0.993197,0
17.8,2,0,1.83975,-0.965054,0
17.8,2.1,0,1.84264,-0.960226,0
17.8,2.2,0,1.85341,-0.974456,0
17.8,2.3,0,1.85766,-0.949141,0
17.8,2.4,0,1.85798,-0.906852,0
17.8,2.5,0,1.8564,-0.849165,0
17.8,2.6,0,1.85456,-0.812968,0
17.8,2.7,0,1.85003,-0.786625,0
17.8,2.8,0,1.83673,-0.78357,0
17.8,2.9,0,1.82482,-0.791817,0
17.8,3,0,1.82094,-0.770004,0
17.8,3.1,0,1.81843,-0.734402,0
17.8,3.2,0,1.81886,-0.683869,0
17.8,3.3,0,1.81605,-0.651875,0
17.8,3.4,0,1.81009,-0.630434,0
17.8,3.5,0,1.78974,-0.631687,0
17.8,3.6,0,1.77011,-0.638681,0
17.8,3.7,0,1.77573,-0.621869,0
17.8,3.8,0,1.79279,-0.593389,0
17.8,3.9,0,1.82784,-0.550743,0
17.8,4,0,1.85022,-0.522283,0
17.8,4.1,0,1.86174,-0.502773,0
17.8,4.2,0,1.85088,-0.503657,0
17.8,4.3,0,1.84593,-0.500633,0
17.8,4.4,0,1.85056,-0.481314,0
17.8,4.5,0,1.86177,-0.454482,0
17.8,4.6,0,1.885,-0.41031,0
17.8,4.7,0,1.88657,-0.377928,0
17.8,4.8,0,1.87022,-0.359221,0
17.8,4.9,0,1.80547,-0.369058,0
17.8,5,0,1.74393,-0.352396,0
17.8,5.1,0,1.73653,-0.341062,0
17.8,5.2,0,1.75401,-0.329778,0
17.8,5.3,0,1.80375,-0.297535,0
17.8,5.4,0,1.82929,-0.266383,0
17.8,5.5,0,1.83866,-0.251317,0
17.8,5.6,0,1.81878,-0.265811,0
17.8,5.7,0,1.79708,-0.225187,0
17.8,5.8,0,1.78438,-0.215902,0
17.8,5.9,0,1.7749,-0.21674,0
17.8,6,0,1.76647,-0.18231,0
17.8,6.1,0,1.75562,-0.141517,0
17.8,6.2,0,1.7455,-0.131869,0
17.8,6.3,0,1.74142,-0.178873,0
17.8,6.4,0,1.72559,-0.119764,0
17.8,6.5,0,1.72293,-0.121911,0
17.8,6.6,0,1.72538,-0.141267,0
17.8,6.7,0,1.74117,-0.0961353,0
17.8,6.8,0,1.74056,-0.0377277,0
17.8,6.9,0,1.72343,-0.0337742,0
17.8,7,0,1.68012,-0.13378,0
17.8,7.1,0,1.61946,-0.0550915,0
17.8,7.2,0,1.60429,0.0285114,0
17.8,7.3,0,1.58317,0.102707,0
17.8,7.4,0,1.57053,0.17973,0
17.8,7.5,0,1.56446,0.256152,0
17.8,7.6,0,1.56837,0.332807,0
17.8,7.7,0,1.57619,0.409998,0
17.8,7.8,0,1.59905,0.485321,0
17.8,7.9,0,1.62063,0.561491,0
17.8,8,0,1.69723,0.642602,0
17.8,8.1,0,1.81476,0.551727,0
17.8,8.2,0,1.82042,0.615204,0
17.8,8.3,0,1.82755,0.600454,0
17.8,8.4,0,1.83798,0.590177,0
17.8,8.5,0,1.80913,0.637428,0
17.8,8.6,0,1.81773,0.594522,0
17.8,8.7,0,1.80309,0.679489,0
17.8,8.8,0,1.79378,0.614716,0
17.8,8.9,0,1.79261,0.645939,0
17.8,9,0,1.79129,0.631638,0
17.8,9.1,0,1.78573,0.632664,0
17.8,9.2,0,1.78719,0.699927,0
17.8,9.3,0,1.77732,0.671968,0
17.8,9.4,0,1.78845,0.732918,0
17.8,9.5,0,1.78798,0.695952,0
17.8,9.6,0,1.78904,0.725145,0
17.8,9.7,0,1.79124,0.753694,0
17.8,9.8,0,1.79148,0.763252,0
17.8,9.9,0,1.80129,0.805396,0
17.8,10,0,1.8061,0.79447,0
17.8,10.1,0,1.80685,0.849544,0
17.8,10.2,0,1.8131,0.862557,0
17.8,10.3,0,1.81364,0.885899,0
17.8,10.4,0,1.81962,0.897559,0
17.8,10.5,0,1.82238,0.915232,0
17.8,10.6,0,1.81831,0.971862,0
17.8,10.7,0,1.82591,0.993331,0
17.8,10.8,0,1.81916,1.01886,0
17.8,10.9,0,1.8263,1.0225,0
17.8,11,0,1.82492,1.05255,0
17.8,11.1,0,1.82588,1.10745,0
17.8,11.2,0,1.82814,1.13685,0
17.8,11.3,0,1.818,1.15063,0
17.8,11.4,0,1.8252,1.16601,0
17.8,11.5,0,1.81942,1.20657,0
17.8,11.6,0,1.8273,1.26289,0
17.8,11.7,0,1.82548,1.29202,0
17.8,11.8,0,1.821,1.29381,0
17.8,11.9,0,1.82289,1.32243,0
17.8,12,0,1.81685,1.37096,0
17.8,12.1,0,1.82607,1.42958,0
17.8,12.2,0,1.82074,1.44738,0
17.8,12.3,0,1.82416,1.45714,0
17.8,12.4,0,1.82269,1.49387,0
17.8,12.5,0,1.82331,1.55995,0
17.8,12.6,0,1.82623,1.6113,0
17.8,12.7,0,1.81856,1.61067,0
17.9,0,0,1.76506,-1.61415,0
17.9,0.1,0,1.76591,-1.60825,0
17.9,0.2,0,1.76531,-1.57167,0
17.9,0.3,0,1.76403,-1.53228,0
17.9,0.4,0,1.75193,-1.45898,0
17.9,0.5,0,1.75211,-1.42381,0
17.9,0.6,0,1.75289,-1.38984,0
17.9,0.7,0,1.75575,-1.36895,0
17.9,0.8,0,1.76219,-1.36633,0
17.9,0.9,0,1.76633,-1.33479,0
17.9,1,0,1.76987,-1.30058,0
17.9,1.1,0,1.76504,-1.23196,0
17.9,1.2,0,1.76666,-1.20032,0
17.9,1.3,0,1.76849,-1.16999,0
17.9,1.4,0,1.7699,-1.15405,0
17.9,1.5,0,1.77626,-1.15412,0
17.9,1.6,0,1.78332,-1.12739,0
17.9,1.7,0,1.79018,-1.09818,0
17.9,1.8,0,1.79729,-1.03594,0
17.9,1.9,0,1.80452,-1.00661,0
17.9,2,0,1.81154,-0.978471,0
17.9,2.1,0,1.81608,-0.964317,0
17.9,2.2,0,1.82424,-0.962729,0
17.9,2.3,0,1.82849,-0.937413,0
17.9,2.4,0,1.83224,-0.909976,0
17.9,2.5,0,1.83065,-0.85229,0
17.9,2.6,0,1.82645,-0.824715,0
17.9,2.7,0,1.82191,-0.798371,0
17.9,2.8,0,1.81212,-0.786001,0
17.9,2.9,0,1.80342,-0.782224,0
17.9,3,0,1.79954,-0.760411,0
17.9,3.1,0,1.79584,-0.736875,0
17.9,3.2,0,1.79627,-0.686342,0
17.9,3.3,0,1.79071,-0.663582,0
17.9,3.4,0,1.78475,-0.642141,0
17.9,3.5,0,1.77016,-0.634316,0
17.9,3.6,0,1.76063,-0.631788,0
17.9,3.7,0,1.76625,-0.614976,0
17.9,3.8,0,1.77329,-0.596705,0
17.9,3.9,0,1.80835,-0.554059,0
17.9,4,0,1.82123,-0.533431,0
17.9,4.1,0,1.83275,-0.513921,0
17.9,4.2,0,1.83084,-0.506648,0
17.9,4.3,0,1.82972,-0.497106,0
17.9,4.4,0,1.83435,-0.477786,0
17.9,4.5,0,1.8398,-0.457528,0
17.9,4.6,0,1.86304,-0.413355,0
17.9,4.7,0,1.84892,-0.392939,0
17.9,4.8,0,1.83257,-0.374232,0
17.9,4.9,0,1.78718,-0.372652,0
17.9,5,0,1.7473,-0.358121,0
17.9,5.1,0,1.7399,-0.346787,0
17.9,5.2,0,1.73561,-0.33546,0
17.9,5.3,0,1.78534,-0.303217,0
17.9,5.4,0,1.79673,-0.28614,0
17.9,5.5,0,1.8061,-0.271074,0
17.9,5.6,0,1.79792,-0.273744,0
17.9,5.7,0,1.77982,-0.245656,0
17.9,5.8,0,1.76712,-0.236371,0
17.9,5.9,0,1.75481,-0.228351,0
17.9,6,0,1.74638,-0.193921,0
17.9,6.1,0,1.73617,-0.18038,0
17.9,6.2,0,1.72605,-0.170733,0
17.9,6.3,0,1.71955,-0.195076,0
17.9,6.4,0,1.70899,-0.16047,0
17.9,6.5,0,1.70633,-0.162617,0
17.9,6.6,0,1.70432,-0.166915,0
17.9,6.7,0,1.7201,-0.121783,0
17.9,6.8,0,1.70504,-0.111023,0
17.9,6.9,0,1.6879,-0.107069,0
17.9,7,0,1.65507,-0.165491,0
17.9,7.1,0,1.58907,-0.0798311,0
17.9,7.2,0,1.57434,0.0115319,0
17.9,7.3,0,1.55209,0.0923027,0
17.9,7.4,0,1.53878,0.176142,0
17.9,7.5,0,1.5322,0.259121,0
17.9,7.6,0,1.53634,0.342359,0
17.9,7.7,0,1.54405,0.426207,0
17.9,7.8,0,1.5684,0.508211,0
17.9,7.9,0,1.5904,0.591082,0
17.9,8,0,1.67311,0.679971,0
17.9,8.1,0,1.7625,0.632046,0
17.9,8.2,0,1.8064,0.652228,0
17.9,8.3,0,1.79835,0.667518,0
17.9,8.4,0,1.80877,0.657242,0
17.9,8.5,0,1.79774,0.666844,0
17.9,8.6,0,1.79929,0.656367,0
17.9,8.7,0,1.79082,0.703851,0
17.9,8.8,0,1.78294,0.668427,0
17.9,8.9,0,1.77826,0.669564,0
17.9,9,0,1.77746,0.67867,0
17.9,9.1,0,1.77198,0.6819,0
17.9,9.2,0,1.76911,0.714728,0
17.9,9.3,0,1.76358,0.709107,0
17.9,9.4,0,1.76777,0.743508,0
17.9,9.5,0,1.76809,0.729858,0
17.9,9.6,0,1.76702,0.741036,0
17.9,9.7,0,1.76932,0.771573,0
17.9,9.8,0,1.76997,0.78512,0
17.9,9.9,0,1.77679,0.810541,0
17.9,10,0,1.77981,0.817298,0
17.9,10.1,0,1.7811,0.853313,0
17.9,10.2,0,1.78522,0.8735,0
17.9,10.3,0,1.78639,0.892962,0
17.9,10.4,0,1.79111,0.90721,0
17.9,10.5,0,1.79207,0.93114,0
17.9,10.6,0,1.79097,0.974401,0
17.9,10.7,0,1.79424,0.996967,0
17.9,10.8,0,1.79113,1.02133,0
17.9,10.9,0,1.79405,1.03456,0
17.9,11,0,1.79361,1.06202,0
17.9,11.1,0,1.79539,1.10894,0
17.9,11.2,0,1.79417,1.13575,0
17.9,11.3,0,1.78825,1.15372,0
17.9,11.4,0,1.79138,1.17633,0
17.9,11.5,0,1.7886,1.21016,0
17.9,11.6,0,1.79152,1.25865,0
17.9,11.7,0,1.78998,1.2884,0
17.9,11.8,0,1.78848,1.29862,0
17.9,11.9,0,1.78712,1.33225,0
17.9,12,0,1.78333,1.37571,0
17.9,12.1,0,1.78789,1.42319,0
17.9,12.2,0,1.78554,1.45281,0
17.9,12.3,0,1.78555,1.46718,0
17.9,12.4,0,1.78408,1.50391,0
17.9,12.5,0,1.78631,1.56607,0
17.9,12.6,0,1.78481,1.60348,0
17.9,12.7,0,1.77945,1.61759,0
18,0,0,1.7253,-1.62206,0
18,0.1,0,1.72518,-1.5957,0
18,0.2,0,1.72458,-1.55912,0
18,0.3,0,1.72398,-1.52254,0
18,0.4,0,1.71957,-1.47325,0
18,0.5,0,1.72036,-1.43929,0
18,0.6,0,1.72114,-1.40532,0
18,0.7,0,1.72262,-1.37571,0
18,0.8,0,1.72753,-1.35381,0
18,0.9,0,1.73167,-1.32227,0
18,1,0,1.73581,-1.29073,0
18,1.1,0,1.73592,-1.24591,0
18,1.2,0,1.73775,-1.21557,0
18,1.3,0,1.73959,-1.18523,0
18,1.4,0,1.74128,-1.1597,0
18,1.5,0,1.7481,-1.1419,0
18,1.6,0,1.75516,-1.11517,0
18,1.7,0,1.76222,-1.08843,0
18,1.8,0,1.76928,-1.04817,0
18,1.9,0,1.7763,-1.02003,0
18,2,0,1.78333,-0.991888,0
18,2.1,0,1.78952,-0.968407,0
18,2.2,0,1.79507,-0.951001,0
18,2.3,0,1.79932,-0.925686,0
18,2.4,0,1.80356,-0.900371,0
18,2.5,0,1.80288,-0.862804,0
18,2.6,0,1.79834,-0.836461,0
18,2.7,0,1.7938,-0.810118,0
18,2.8,0,1.78751,-0.788432,0
18,2.9,0,1.78203,-0.772631,0
18,3,0,1.77815,-0.750818,0
18,3.1,0,1.77427,-0.729006,0
18,3.2,0,1.77132,-0.696729,0
18,3.3,0,1.76537,-0.675288,0
18,3.4,0,1.75942,-0.653847,0
18,3.5,0,1.75058,-0.636945,0
18,3.6,0,1.75115,-0.624894,0
18,3.7,0,1.75677,-0.608082,0
18,3.8,0,1.76238,-0.59127,0
18,3.9,0,1.78071,-0.564089,0
18,4,0,1.79223,-0.544579,0
18,4.1,0,1.80375,-0.52507,0
18,4.2,0,1.81079,-0.509639,0
18,4.3,0,1.81351,-0.493578,0
18,4.4,0,1.81814,-0.474259,0
18,4.5,0,1.82277,-0.454939,0
18,4.6,0,1.82763,-0.426657,0
18,4.7,0,1.81128,-0.40795,0
18,4.8,0,1.79493,-0.389243,0
18,4.9,0,1.7689,-0.376245,0
18,5,0,1.75067,-0.363846,0
18,5.1,0,1.74327,-0.352512,0
18,5.2,0,1.73586,-0.341179,0
18,5.3,0,1.75481,-0.320963,0
18,5.4,0,1.76418,-0.305897,0
18,5.5,0,1.77355,-0.290831,0
18,5.6,0,1.77707,-0.281677,0
18,5.7,0,1.76256,-0.266125,0
18,5.8,0,1.74986,-0.25684,0
18,5.9,0,1.73715,-0.247555,0
18,6,0,1.72683,-0.228891,0
18,6.1,0,1.71671,-0.219244,0
18,6.2,0,1.70659,-0.209596,0
18,6.3,0,1.69768,-0.211279,0
18,6.4,0,1.69239,-0.201175,0
18,6.5,0,1.68973,-0.203323,0
18,6.6,0,1.68708,-0.20547,0
18,6.7,0,1.68665,-0.188272,0
18,6.8,0,1.66951,-0.184318,0
18,6.9,0,1.65238,-0.180365,0
18,7,0,1.63002,-0.197203,0
18,7.1,0,1.55868,-0.104571,0
18,7.2,0,1.54438,-0.00544771,0
18,7.3,0,1.521,0.0818984,0
18,7.4,0,1.50704,0.172554,0
18,7.5,0,1.49994,0.262089,0
18,7.6,0,1.50432,0.35191,0
18,7.7,0,1.51191,0.442417,0
18,7.8,0,1.53776,0.5311,0
18,7.9,0,1.56016,0.620673,0
18,8,0,1.64899,0.717341,0
18,8.1,0,1.71023,0.712364,0
18,8.2,0,1.75739,0.728862,0
18,8.3,0,1.76914,0.734583,0
18,8.4,0,1.77956,0.724306,0
18,8.5,0,1.78133,0.719374,0
18,8.6,0,1.78085,0.718211,0
18,8.7,0,1.77854,0.728213,0
18,8.8,0,1.7721,0.722138,0
18,8.9,0,1.76742,0.723275,0
18,9,0,1.76371,0.727906,0
18,9.1,0,1.75823,0.731136,0
18,9.2,0,1.75325,0.740935,0
18,9.3,0,1.74984,0.746246,0
18,9.4,0,1.7471,0.754098,0
18,9.5,0,1.7482,0.763764,0
18,9.6,0,1.74713,0.774942,0
18,9.7,0,1.74781,0.793441,0
18,9.8,0,1.74847,0.806988,0
18,9.9,0,1.75174,0.821141,0
18,10,0,1.75352,0.840125,0
18,10.1,0,1.7553,0.859109,0
18,10.2,0,1.75735,0.884443,0
18,10.3,0,1.75851,0.903905,0
18,10.4,0,1.7608,0.923118,0
18,10.5,0,1.76176,0.947048,0
18,10.6,0,1.76317,0.977056,0
18,10.7,0,1.76257,1.0006,0
18,10.8,0,1.76197,1.02415,0
18,10.9,0,1.76179,1.04662,0
18,11,0,1.76135,1.07408,0
18,11.1,0,1.76142,1.10783,0
18,11.2,0,1.7602,1.13464,0
18,11.3,0,1.7585,1.1568,0
18,11.4,0,1.75757,1.18665,0
18,11.5,0,1.75624,1.21718,0
18,11.6,0,1.75574,1.25441,0
18,11.7,0,1.75419,1.28416,0
18,11.8,0,1.75271,1.30844,0
18,11.9,0,1.75136,1.34207,0
18,12,0,1.74981,1.38047,0
18,12.1,0,1.7497,1.4168,0
18,12.2,0,1.74821,1.44981,0
18,12.3,0,1.74695,1.47722,0
18,12.4,0,1.74547,1.51395,0
18,12.5,0,1.74526,1.55943,0
18,12.6,0,1.74339,1.59566,0
18,12.7,0,1.74035,1.62451,0
18.1,0,0,1.68909,-1.62498,0
18.1,0.1,0,1.68467,-1.59663,0
18.1,0.2,0,1.68407,-1.56005,0
18.1,0.3,0,1.68347,-1.52347,0
18.1,0.4,0,1.68709,-1.47429,0
18.1,0.5,0,1.68788,-1.44033,0
18.1,0.6,0,1.68866,-1.40636,0
18.1,0.7,0,1.69246,-1.37835,0
18.1,0.8,0,1.69236,-1.35484,0
18.1,0.9,0,1.6965,-1.3233,0
18.1,1,0,1.70064,-1.29176,0
18.1,1.1,0,1.70837,-1.24716,0
18.1,1.2,0,1.7102,-1.21683,0
18.1,1.3,0,1.71204,-1.18649,0
18.1,1.4,0,1.71514,-1.16183,0
18.1,1.5,0,1.71667,-1.14234,0
18.1,1.6,0,1.72373,-1.11561,0
18.1,1.7,0,1.73078,-1.08887,0
18.1,1.8,0,1.74436,-1.04945,0
18.1,1.9,0,1.75138,-1.0213,0
18.1,2,0,1.7584,-0.99316,0
18.1,2.1,0,1.76507,-0.969742,0
18.1,2.2,0,1.76364,-0.950377,0
18.1,2.3,0,1.76788,-0.925062,0
18.1,2.4,0,1.77212,-0.899746,0
18.1,2.5,0,1.78027,-0.863826,0
18.1,2.6,0,1.77573,-0.837483,0
18.1,2.7,0,1.77119,-0.81114,0
18.1,2.8,0,1.7655,-0.789084,0
18.1,2.9,0,1.75489,-0.772093,0
18.1,3,0,1.75101,-0.750281,0
18.1,3.1,0,1.74713,-0.728468,0
18.1,3.2,0,1.75249,-0.699243,0
18.1,3.3,0,1.74654,-0.677803,0
18.1,3.4,0,1.74059,-0.656362,0
18.1,3.5,0,1.73324,-0.638095,0
18.1,3.6,0,1.7309,-0.625488,0
18.1,3.7,0,1.73652,-0.608676,0
18.1,3.8,0,1.74213,-0.591864,0
18.1,3.9,0,1.76031,-0.568744,0
18.1,4,0,1.77183,-0.549235,0
18.1,4.1,0,1.78335,-0.529725,0
18.1,4.2,0,1.79301,-0.511426,0
18.1,4.3,0,1.79124,-0.496474,0
18.1,4.4,0,1.79587,-0.477154,0
18.1,4.5,0,1.8005,-0.457835,0
18.1,4.6,0,1.80377,-0.43502,0
18.1,4.7,0,1.78742,-0.416313,0
18.1,4.8,0,1.77107,-0.397606,0
18.1,4.9,0,1.7541,-0.379494,0
18.1,5,0,1.73695,-0.373503,0
18.1,5.1,0,1.72955,-0.362169,0
18.1,5.2,0,1.72215,-0.350836,0
18.1,5.3,0,1.73316,-0.338163,0
18.1,5.4,0,1.74253,-0.323097,0
18.1,5.5,0,1.7519,-0.308032,0
18.1,5.6,0,1.76244,-0.288883,0
18.1,5.7,0,1.74253,-0.287021,0
18.1,5.8,0,1.72982,-0.277736,0
18.1,5.9,0,1.71712,-0.268451,0
18.1,6,0,1.7092,-0.267461,0
18.1,6.1,0,1.69908,-0.257814,0
18.1,6.2,0,1.68895,-0.248166,0
18.1,6.3,0,1.68703,-0.225188,0
18.1,6.4,0,1.67121,-0.237829,0
18.1,6.5,0,1.66856,-0.239976,0
18.1,6.6,0,1.66591,-0.242123,0
18.1,6.7,0,1.66103,-0.267867,0
18.1,6.8,0,1.6439,-0.263913,0
18.1,6.9,0,1.62677,-0.25996,0
18.1,7,0,1.53236,-0.201845,0
18.1,7.1,0,1.46225,-0.110786,0
18.1,7.2,0,1.44891,-0.0132039,0
18.1,7.3,0,1.42622,0.0726596,0
18.1,7.4,0,1.41268,0.161772,0
18.1,7.5,0,1.40571,0.249701,0
18.1,7.6,0,1.40998,0.337913,0
18.1,7.7,0,1.41711,0.42681,0
18.1,7.8,0,1.4423,0.51399,0
18.1,7.9,0,1.46372,0.602023,0
18.1,8,0,1.55078,0.697288,0
18.1,8.1,0,1.66651,0.799729,0
18.1,8.2,0,1.71367,0.816226,0
18.1,8.3,0,1.74048,0.801225,0
18.1,8.4,0,1.7509,0.790948,0
18.1,8.5,0,1.76505,0.779387,0
18.1,8.6,0,1.76457,0.778224,0
18.1,8.7,0,1.76949,0.764858,0
18.1,8.8,0,1.76015,0.777111,0
18.1,8.9,0,1.75547,0.778249,0
18.1,9,0,1.75127,0.775361,0
18.1,9.1,0,1.74579,0.778592,0
18.1,9.2,0,1.73769,0.77934,0
18.1,9.3,0,1.73428,0.78465,0
18.1,9.4,0,1.7323,0.787484,0
18.1,9.5,0,1.72956,0.794952,0
18.1,9.6,0,1.72849,0.80613,0
18.1,9.7,0,1.72463,0.817441,0
18.1,9.8,0,1.72529,0.830987,0
18.1,9.9,0,1.72684,0.840492,0
18.1,10,0,1.72862,0.859476,0
18.1,10.1,0,1.7304,0.87846,0
18.1,10.2,0,1.72822,0.898744,0
18.1,10.3,0,1.72939,0.918206,0
18.1,10.4,0,1.73178,0.934563,0
18.1,10.5,0,1.73275,0.958492,0
18.1,10.6,0,1.73059,0.985249,0
18.1,10.7,0,1.72999,1.0088,0
18.1,10.8,0,1.72939,1.03235,0
18.1,10.9,0,1.7304,1.05315,0
18.1,11,0,1.72996,1.08061,0
18.1,11.1,0,1.72677,1.11241,0
18.1,11.2,0,1.72555,1.13922,0
18.1,11.3,0,1.72659,1.16015,0
18.1,11.4,0,1.72445,1.19036,0
18.1,11.5,0,1.72313,1.22089,0
18.1,11.6,0,1.71931,1.25697,0
18.1,11.7,0,1.71776,1.28672,0
18.1,11.8,0,1.71755,1.3105,0
18.1,11.9,0,1.71619,1.34413,0
18.1,12,0,1.71583,1.38216,0
18.1,12.1,0,1.71096,1.41833,0
18.1,12.2,0,1.70946,1.45134,0
18.1,12.3,0,1.7089,1.47842,0
18.1,12.4,0,1.70743,1.51515,0
18.1,12.5,0,1.70338,1.56057,0
18.1,12.6,0,1.7015,1.59679,0
18.1,12.7,0,1.70435,1.62684,0
18.2,0,0,1.65642,-1.62291,0
18.2,0.1,0,1.64439,-1.61104,0
18.2,0.2,0,1.64378,-1.57446,0
18.2,0.3,0,1.64475,-1.53559,0
18.2,0.4,0,1.65443,-1.46257,0
18.2,0.5,0,1.65466,-1.42693,0
18.2,0.6,0,1.65545,-1.39296,0
18.2,0.7,0,1.66528,-1.37684,0
18.2,0.8,0,1.65669,-1.36942,0
18.2,0.9,0,1.66083,-1.33788,0
18.2,1,0,1.66647,-1.30407,0
18.2,1.1,0,1.6823,-1.23607,0
18.2,1.2,0,1.684,-1.20409,0
18.2,1.3,0,1.68584,-1.17376,0
18.2,1.4,0,1.69149,-1.16045,0
18.2,1.5,0,1.68197,-1.15545,0
18.2,1.6,0,1.68902,-1.12871,0
18.2,1.7,0,1.6978,-1.09994,0
18.2,1.8,0,1.72258,-1.03996,0
18.2,1.9,0,1.72974,-1.01043,0
18.2,2,0,1.73677,-0.982287,0
18.2,2.1,0,1.74273,-0.968321,0
18.2,2.2,0,1.72994,-0.960856,0
18.2,2.3,0,1.73418,-0.93554,0
18.2,2.4,0,1.74018,-0.908544,0
18.2,2.5,0,1.76254,-0.855326,0
18.2,2.6,0,1.75862,-0.827781,0
18.2,2.7,0,1.75408,-0.801438,0
18.2,2.8,0,1.74607,-0.787957,0
18.2,2.9,0,1.72201,-0.780611,0
18.2,3,0,1.71813,-0.758798,0
18.2,3.1,0,1.71639,-0.735675,0
18.2,3.2,0,1.73937,-0.693427,0
18.2,3.3,0,1.73422,-0.671125,0
18.2,3.4,0,1.72826,-0.649684,0
18.2,3.5,0,1.71814,-0.637766,0
18.2,3.6,0,1.69988,-0.633568,0
18.2,3.7,0,1.70549,-0.616756,0
18.2,3.8,0,1.71336,-0.598797,0
18.2,3.9,0,1.74801,-0.567176,0
18.2,4,0,1.76003,-0.547397,0
18.2,4.1,0,1.77155,-0.527887,0
18.2,4.2,0,1.77748,-0.512011,0
18.2,4.3,0,1.76291,-0.505792,0
18.2,4.4,0,1.76755,-0.486472,0
18.2,4.5,0,1.77399,-0.466022,0
18.2,4.6,0,1.7929,-0.43669,0
18.2,4.7,0,1.77735,-0.418027,0
18.2,4.8,0,1.761,-0.39932,0
18.2,4.9,0,1.74279,-0.382397,0
18.2,5,0,1.70615,-0.387092,0
18.2,5.1,0,1.69875,-0.375758,0
18.2,5.2,0,1.69452,-0.363154,0
18.2,5.3,0,1.72273,-0.351385,0
18.2,5.4,0,1.73179,-0.337741,0
18.2,5.5,0,1.74116,-0.322675,0
18.2,5.6,0,1.75403,-0.295361,0
18.2,5.7,0,1.71972,-0.308344,0
18.2,5.8,0,1.70702,-0.299059,0
18.2,5.9,0,1.69706,-0.28826,0
18.2,6,0,1.69514,-0.301802,0
18.2,6.1,0,1.68326,-0.296091,0
18.2,6.2,0,1.67314,-0.286443,0
18.2,6.3,0,1.68761,-0.236802,0
18.2,6.4,0,1.64547,-0.27043,0
18.2,6.5,0,1.64282,-0.272578,0
18.2,6.6,0,1.64397,-0.272461,0
18.2,6.7,0,1.6477,-0.343884,0
18.2,6.8,0,1.62819,-0.349808,0
18.2,6.9,0,1.61105,-0.345854,0
18.2,7,0,1.3621,-0.179418,0
18.2,7.1,0,1.29978,-0.0984762,0
18.2,7.2,0,1.28792,-0.0117368,0
18.2,7.3,0,1.26775,0.0645863,0
18.2,7.4,0,1.25572,0.143798,0
18.2,7.5,0,1.24952,0.221957,0
18.2,7.6,0,1.25331,0.300367,0
18.2,7.7,0,1.25966,0.379387,0
18.2,7.8,0,1.28205,0.45688,0
18.2,7.9,0,1.30109,0.535131,0
18.2,8,0,1.37847,0.619811,0
18.2,8.1,0,1.63133,0.894139,0
18.2,8.2,0,1.68057,0.903142,0
18.2,8.3,0,1.71236,0.867444,0
18.2,8.4,0,1.72278,0.857167,0
18.2,8.5,0,1.75473,0.823763,0
18.2,8.6,0,1.75044,0.836405,0
18.2,8.7,0,1.77349,0.782071,0
18.2,8.8,0,1.74708,0.833347,0
18.2,8.9,0,1.7424,0.834485,0
18.2,9,0,1.74015,0.821037,0
18.2,9.1,0,1.73466,0.824267,0
18.2,9.2,0,1.72928,0.807343,0
18.2,9.3,0,1.71688,0.824321,0
18.2,9.4,0,1.72985,0.801294,0
18.2,9.5,0,1.71216,0.823423,0
18.2,9.6,0,1.71109,0.834601,0
18.2,9.7,0,1.69978,0.843572,0
18.2,9.8,0,1.70043,0.857118,0
18.2,9.9,0,1.71269,0.851721,0
18.2,10,0,1.70512,0.87535,0
18.2,10.1,0,1.71581,0.886403,0
18.2,10.2,0,1.69786,0.916403,0
18.2,10.3,0,1.69902,0.935866,0
18.2,10.4,0,1.70407,0.941544,0
18.2,10.5,0,1.70503,0.965474,0
18.2,10.6,0,1.71018,0.98983,0
18.2,10.7,0,1.69651,1.02155,0
18.2,10.8,0,1.70472,1.0379,0
18.2,10.9,0,1.69989,1.05416,0
18.2,11,0,1.69945,1.08162,0
18.2,11.1,0,1.69144,1.12268,0
18.2,11.2,0,1.69022,1.14949,0
18.2,11.3,0,1.70269,1.16068,0
18.2,11.4,0,1.69203,1.18746,0
18.2,11.5,0,1.69421,1.21936,0
18.2,11.6,0,1.68224,1.26633,0
18.2,11.7,0,1.68069,1.29609,0
18.2,11.8,0,1.68298,1.3048,0
18.2,11.9,0,1.68162,1.33843,0
18.2,12,0,1.68786,1.38102,0
18.2,12.1,0,1.67164,1.42777,0
18.2,12.2,0,1.67298,1.45763,0
18.2,12.3,0,1.67142,1.47078,0
18.2,12.4,0,1.66994,1.50751,0
18.2,12.5,0,1.66199,1.56965,0
18.2,12.6,0,1.65915,1.60689,0
18.2,12.7,0,1.67146,1.62459,0
18.3,0,0,1.62375,-1.62084,0
18.3,0.1,0,1.6041,-1.62545,0
18.3,0.2,0,1.6035,-1.58887,0
18.3,0.3,0,1.61543,-1.53393,0
18.3,0.4,0,1.62511,-1.46091,0
18.3,0.5,0,1.62145,-1.41352,0
18.3,0.6,0,1.62223,-1.37956,0
18.3,0.7,0,1.63809,-1.37534,0
18.3,0.8,0,1.62103,-1.384,0
18.3,0.9,0,1.62517,-1.35246,0
18.3,1,0,1.64124,-1.30281,0
18.3,1.1,0,1.65708,-1.2348,0
18.3,1.2,0,1.6578,-1.19136,0
18.3,1.3,0,1.65964,-1.16102,0
18.3,1.4,0,1.66784,-1.15907,0
18.3,1.5,0,1.64726,-1.16855,0
18.3,1.6,0,1.65431,-1.14182,0
18.3,1.7,0,1.67518,-1.09877,0
18.3,1.8,0,1.69996,-1.03879,0
18.3,1.9,0,1.70811,-0.999557,0
18.3,2,0,1.71513,-0.971414,0
18.3,2.1,0,1.72039,-0.9669,0
18.3,2.2,0,1.69624,-0.971334,0
18.3,2.3,0,1.70048,-0.946019,0
18.3,2.4,0,1.71873,-0.907252,0
18.3,2.5,0,1.74109,-0.854034,0
18.3,2.6,0,1.74151,-0.818079,0
18.3,2.7,0,1.73697,-0.791735,0
18.3,2.8,0,1.72665,-0.78683,0
18.3,2.9,0,1.68912,-0.789128,0
18.3,3,0,1.68525,-0.767315,0
18.3,3.1,0,1.69848,-0.735024,0
18.3,3.2,0,1.72147,-0.692776,0
18.3,3.3,0,1.72189,-0.664447,0
18.3,3.4,0,1.71594,-0.643006,0
18.3,3.5,0,1.70304,-0.637438,0
18.3,3.6,0,1.66886,-0.641648,0
18.3,3.7,0,1.67447,-0.624836,0
18.3,3.8,0,1.69805,-0.598847,0
18.3,3.9,0,1.7327,-0.567226,0
18.3,4,0,1.74823,-0.54556,0
18.3,4.1,0,1.75975,-0.52605,0
18.3,4.2,0,1.76194,-0.512595,0
18.3,4.3,0,1.73459,-0.51511,0
18.3,4.4,0,1.73922,-0.49579,0
18.3,4.5,0,1.75832,-0.467425,0
18.3,4.6,0,1.77724,-0.438093,0
18.3,4.7,0,1.76728,-0.419742,0
18.3,4.8,0,1.75093,-0.401035,0
18.3,4.9,0,1.73149,-0.385301,0
18.3,5,0,1.67535,-0.400681,0
18.3,5.1,0,1.66794,-0.389347,0
18.3,5.2,0,1.68594,-0.367845,0
18.3,5.3,0,1.71415,-0.356077,0
18.3,5.4,0,1.72105,-0.352384,0
18.3,5.5,0,1.73042,-0.337318,0
18.3,5.6,0,1.74562,-0.301838,0
18.3,5.7,0,1.69692,-0.329667,0
18.3,5.8,0,1.68421,-0.320382,0
18.3,5.9,0,1.69353,-0.298986,0
18.3,6,0,1.69161,-0.312529,0
18.3,6.1,0,1.66744,-0.334367,0
18.3,6.2,0,1.65732,-0.32472,0
18.3,6.3,0,1.6882,-0.248417,0
18.3,6.4,0,1.61973,-0.303032,0
18.3,6.5,0,1.61707,-0.305179,0
18.3,6.6,0,1.64492,-0.289216,0
18.3,6.7,0,1.64864,-0.360639,0
18.3,6.8,0,1.61247,-0.435702,0
18.3,6.9,0,1.59534,-0.431749,0
18.3,7,0,1.19183,-0.156991,0
18.3,7.1,0,1.13731,-0.0861667,0
18.3,7.2,0,1.12693,-0.0102697,0
18.3,7.3,0,1.10928,0.056513,0
18.3,7.4,0,1.09875,0.125823,0
18.3,7.5,0,1.09333,0.194212,0
18.3,7.6,0,1.09665,0.262821,0
18.3,7.7,0,1.1022,0.331963,0
18.3,7.8,0,1.12179,0.39977,0
18.3,7.9,0,1.13845,0.46824,0
18.3,8,0,1.20616,0.542335,0
18.3,8.1,0,1.59616,0.988549,0
18.3,8.2,0,1.66982,0.909495,0
18.3,8.3,0,1.68423,0.933663,0
18.3,8.4,0,1.69466,0.923386,0
18.3,8.5,0,1.75385,0.83388,0
18.3,8.6,0,1.73632,0.894587,0
18.3,8.7,0,1.77748,0.799284,0
18.3,8.8,0,1.73401,0.889583,0
18.3,8.9,0,1.74407,0.856237,0
18.3,9,0,1.73012,0.86459,0
18.3,9.1,0,1.72354,0.869943,0
18.3,9.2,0,1.73026,0.82317,0
18.3,9.3,0,1.69949,0.863991,0
18.3,9.4,0,1.72741,0.815103,0
18.3,9.5,0,1.69477,0.851894,0
18.3,9.6,0,1.70119,0.85148,0
18.3,9.7,0,1.68003,0.865641,0
18.3,9.8,0,1.67558,0.88325,0
18.3,9.9,0,1.7027,0.860877,0
18.3,10,0,1.68162,0.891225,0
18.3,10.1,0,1.70228,0.893402,0
18.3,10.2,0,1.66749,0.934063,0
18.3,10.3,0,1.67537,0.947548,0
18.3,10.4,0,1.68179,0.94766,0
18.3,10.5,0,1.67732,0.972455,0
18.3,10.6,0,1.69131,0.993437,0
18.3,10.7,0,1.66302,1.0343,0
18.3,10.8,0,1.68397,1.04025,0
18.3,10.9,0,1.66937,1.05517,0
18.3,11,0,1.67115,1.08274,0
18.3,11.1,0,1.66486,1.12692,0
18.3,11.2,0,1.6549,1.15976,0
18.3,11.3,0,1.6788,1.16122,0
18.3,11.4,0,1.65962,1.18456,0
18.3,11.5,0,1.66895,1.21925,0
18.3,11.6,0,1.64516,1.2757,0
18.3,11.7,0,1.6444,1.3047,0
18.3,11.8,0,1.65547,1.3035,0
18.3,11.9,0,1.64705,1.33273,0
18.3,12,0,1.65989,1.37989,0
18.3,12.1,0,1.63233,1.43721,0
18.3,12.2,0,1.64352,1.45609,0
18.3,12.3,0,1.63394,1.46315,0
18.3,12.4,0,1.63246,1.49988,0
18.3,12.5,0,1.63093,1.56775,0
18.3,12.6,0,1.6168,1.61699,0
18.3,12.7,0,1.63856,1.62233,0
18.4,0,0,1.59108,-1.61877,0
18.4,0.1,0,1.5698,-1.62692,0
18.4,0.2,0,1.56321,-1.60328,0
18.4,0.3,0,1.58611,-1.53226,0
18.4,0.4,0,1.59579,-1.45925,0
18.4,0.5,0,1.58823,-1.40012,0
18.4,0.6,0,1.59376,-1.37551,0
18.4,0.7,0,1.61091,-1.37384,0
18.4,0.8,0,1.59202,-1.38594,0
18.4,0.9,0,1.5895,-1.36703,0
18.4,1,0,1.61602,-1.30154,0
18.4,1.1,0,1.63186,-1.23354,0
18.4,1.2,0,1.6316,-1.17862,0
18.4,1.3,0,1.63544,-1.15721,0
18.4,1.4,0,1.64419,-1.15769,0
18.4,1.5,0,1.62124,-1.17028,0
18.4,1.6,0,1.61961,-1.15492,0
18.4,1.7,0,1.65255,-1.0976,0
18.4,1.8,0,1.67733,-1.03762,0
18.4,1.9,0,1.68647,-0.988684,0
18.4,2,0,1.69294,-0.967967,0
18.4,2.1,0,1.69805,-0.965478,0
18.4,2.2,0,1.67146,-0.972463,0
18.4,2.3,0,1.66678,-0.956498,0
18.4,2.4,0,1.69728,-0.90596,0
18.4,2.5,0,1.71964,-0.852742,0
18.4,2.6,0,1.72439,-0.808377,0
18.4,2.7,0,1.71804,-0.788771,0
18.4,2.8,0,1.70723,-0.785703,0
18.4,2.9,0,1.66682,-0.790067,0
18.4,3,0,1.65236,-0.775832,0
18.4,3.1,0,1.68057,-0.734374,0
18.4,3.2,0,1.70356,-0.692125,0
18.4,3.3,0,1.70957,-0.657769,0
18.4,3.4,0,1.70144,-0.641317,0
18.4,3.5,0,1.68794,-0.637109,0
18.4,3.6,0,1.65034,-0.643121,0
18.4,3.7,0,1.64345,-0.632916,0
18.4,3.8,0,1.68275,-0.598897,0
18.4,3.9,0,1.7174,-0.567276,0
18.4,4,0,1.73642,-0.543722,0
18.4,4.1,0,1.74501,-0.526115,0
18.4,4.2,0,1.74641,-0.513179,0
18.4,4.3,0,1.71632,-0.517566,0
18.4,4.4,0,1.71089,-0.505109,0
18.4,4.5,0,1.74266,-0.468829,0
18.4,4.6,0,1.76157,-0.439496,0
18.4,4.7,0,1.75721,-0.421456,0
18.4,4.8,0,1.73989,-0.403683,0
18.4,4.9,0,1.72018,-0.388204,0
18.4,5,0,1.65986,-0.405874,0
18.4,5.1,0,1.63714,-0.402936,0
18.4,5.2,0,1.67736,-0.372537,0
18.4,5.3,0,1.70557,-0.360768,0
18.4,5.4,0,1.7103,-0.367027,0
18.4,5.5,0,1.72151,-0.345546,0
18.4,5.6,0,1.73722,-0.308316,0
18.4,5.7,0,1.68542,-0.339326,0
18.4,5.8,0,1.6614,-0.341705,0
18.4,5.9,0,1.69,-0.309713,0
18.4,6,0,1.68807,-0.323255,0
18.4,6.1,0,1.65163,-0.372644,0
18.4,6.2,0,1.65439,-0.342048,0
18.4,6.3,0,1.68878,-0.260031,0
18.4,6.4,0,1.61467,-0.319144,0
18.4,6.5,0,1.59133,-0.337781,0
18.4,6.6,0,1.64586,-0.305971,0
18.4,6.7,0,1.64958,-0.377394,0
18.4,6.8,0,1.59676,-0.521597,0
18.4,6.9,0,1.4582,-0.432533,0
18.4,7,0,1.02157,-0.134563,0
18.4,7.1,0,0.974836,-0.0738572,0
18.4,7.2,0,0.965937,-0.00880263,0
18.4,7.3,0,0.950815,0.0484397,0
18.4,7.4,0,0.941788,0.107848,0
18.4,7.5,0,0.93714,0.166468,0
18.4,7.6,0,0.939984,0.225276,0
18.4,7.7,0,0.944743,0.28454,0
18.4,7.8,0,0.961536,0.34266,0
18.4,7.9,0,0.975815,0.401349,0
18.4,8,0,1.03385,0.464858,0
18.4,8.1,0,1.56098,1.08296,0
18.4,8.2,0,1.65907,0.915848,0
18.4,8.3,0,1.67126,0.947658,0
18.4,8.4,0,1.68479,0.952005,0
18.4,8.5,0,1.75298,0.843998,0
18.4,8.6,0,1.72219,0.952768,0
18.4,8.7,0,1.78148,0.816497,0
18.4,8.8,0,1.72094,0.945819,0
18.4,8.9,0,1.7477,0.873418,0
18.4,9,0,1.73375,0.881772,0
18.4,9.1,0,1.71808,0.901647,0
18.4,9.2,0,1.73124,0.838998,0
18.4,9.3,0,1.6821,0.903662,0
18.4,9.4,0,1.72497,0.828912,0
18.4,9.5,0,1.67738,0.880364,0
18.4,9.6,0,1.6948,0.862926,0
18.4,9.7,0,1.67364,0.877087,0
18.4,9.8,0,1.65468,0.904866,0
18.4,9.9,0,1.69272,0.870032,0
18.4,10,0,1.65812,0.907099,0
18.4,10.1,0,1.68874,0.900401,0
18.4,10.2,0,1.63819,0.951042,0
18.4,10.3,0,1.65902,0.952722,0
18.4,10.4,0,1.66544,0.952834,0
18.4,10.5,0,1.65016,0.979221,0
18.4,10.6,0,1.67245,0.997045,0
18.4,10.7,0,1.62953,1.04705,0
18.4,10.8,0,1.66323,1.0426,0
18.4,10.9,0,1.64145,1.05653,0
18.4,11,0,1.64867,1.08414,0
18.4,11.1,0,1.64239,1.12832,0
18.4,11.2,0,1.61957,1.17003,0
18.4,11.3,0,1.65491,1.16175,0
18.4,11.4,0,1.6272,1.18166,0
18.4,11.5,0,1.64369,1.21914,0
18.4,11.6,0,1.61362,1.28063,0
18.4,11.7,0,1.61782,1.30398,0
18.4,11.8,0,1.62889,1.30278,0
18.4,11.9,0,1.61248,1.32703,0
18.4,12,0,1.63192,1.37875,0
18.4,12.1,0,1.59301,1.44666,0
18.4,12.2,0,1.61406,1.45455,0
18.4,12.3,0,1.60183,1.4596,0
18.4,12.4,0,1.60058,1.49726,0
18.4,12.5,0,1.59987,1.56586,0
18.4,12.6,0,1.57445,1.62709,0
18.4,12.7,0,1.60567,1.62007,0
18.5,0,0,1.55841,-1.6167,0
18.5,0.1,0,1.53713,-1.62485,0
18.5,0.2,0,1.52762,-1.6108,0
18.5,0.3,0,1.55679,-1.5306,0
18.5,0.4,0,1.56647,-1.45759,0
18.5,0.5,0,1.55669,-1.39175,0
18.5,0.6,0,1.56657,-1.374,0
18.5,0.7,0,1.58372,-1.37234,0
18.5,0.8,0,1.56484,-1.38444,0
18.5,0.9,0,1.55831,-1.37482,0
18.5,1,0,1.5908,-1.30028,0
18.5,1.1,0,1.60663,-1.23227,0
18.5,1.2,0,1.60582,-1.1708,0
18.5,1.3,0,1.61179,-1.15583,0
18.5,1.4,0,1.62054,-1.15631,0
18.5,1.5,0,1.59759,-1.1689,0
18.5,1.6,0,1.59008,-1.16191,0
18.5,1.7,0,1.62993,-1.09642,0
18.5,1.8,0,1.65471,-1.03644,0
18.5,1.9,0,1.66441,-0.981969,0
18.5,2,0,1.6706,-0.966546,0
18.5,2.1,0,1.67571,-0.964057,0
18.5,2.2,0,1.64912,-0.971042,0
18.5,2.3,0,1.63834,-0.961932,0
18.5,2.4,0,1.67583,-0.904668,0
18.5,2.5,0,1.69819,-0.851451,0
18.5,2.6,0,1.70542,-0.802279,0
18.5,2.7,0,1.69862,-0.787644,0
18.5,2.8,0,1.68781,-0.784576,0
18.5,2.9,0,1.64739,-0.78894,0
18.5,3,0,1.6259,-0.78042,0
18.5,3.1,0,1.66266,-0.733723,0
18.5,3.2,0,1.68565,-0.691474,0
18.5,3.3,0,1.69486,-0.653675,0
18.5,3.4,0,1.68634,-0.640988,0
18.5,3.5,0,1.67284,-0.63678,0
18.5,3.6,0,1.63524,-0.642792,0
18.5,3.7,0,1.61917,-0.637555,0
18.5,3.8,0,1.66744,-0.598947,0
18.5,3.9,0,1.7021,-0.567326,0
18.5,4,0,1.72312,-0.542694,0
18.5,4.1,0,1.72948,-0.5267,0
18.5,4.2,0,1.73088,-0.513764,0
18.5,4.3,0,1.70079,-0.51815,0
18.5,4.4,0,1.688,-0.511035,0
18.5,4.5,0,1.727,-0.470232,0
18.5,4.6,0,1.74591,-0.440899,0
18.5,4.7,0,1.74474,-0.423037,0
18.5,4.8,0,1.72858,-0.406587,0
18.5,4.9,0,1.70888,-0.391107,0
18.5,5,0,1.64856,-0.408778,0
18.5,5.1,0,1.61586,-0.412712,0
18.5,5.2,0,1.66878,-0.377229,0
18.5,5.3,0,1.69699,-0.36546,0
18.5,5.4,0,1.70049,-0.377406,0
18.5,5.5,0,1.7131,-0.352023,0
18.5,5.6,0,1.72881,-0.314794,0
18.5,5.7,0,1.67702,-0.345803,0
18.5,5.8,0,1.64686,-0.358487,0
18.5,5.9,0,1.68647,-0.320439,0
18.5,6,0,1.68454,-0.333982,0
18.5,6.1,0,1.64108,-0.399113,0
18.5,6.2,0,1.65497,-0.353662,0
18.5,6.3,0,1.68936,-0.271646,0
18.5,6.4,0,1.61525,-0.330758,0
18.5,6.5,0,1.57702,-0.363591,0
18.5,6.6,0,1.6468,-0.322725,0
18.5,6.7,0,1.65052,-0.394148,0
18.5,6.8,0,1.58819,-0.57786,0
18.5,6.9,0,1.28794,-0.410106,0
18.5,7,0,0.85131,-0.112136,0
18.5,7.1,0,0.812363,-0.0615476,0
18.5,7.2,0,0.804947,-0.00733553,0
18.5,7.3,0,0.792346,0.0403664,0
18.5,7.4,0,0.784824,0.0898735,0
18.5,7.5,0,0.78095,0.138723,0
18.5,7.6,0,0.78332,0.18773,0
18.5,7.7,0,0.787286,0.237117,0
18.5,7.8,0,0.80128,0.28555,0
18.5,7.9,0,0.813179,0.334457,0
18.5,8,0,0.861542,0.387382,0
18.5,8.1,0,1.46308,1.09874,0
18.5,8.2,0,1.64832,0.922201,0
18.5,8.3,0,1.66051,0.954011,0
18.5,8.4,0,1.68392,0.962123,0
18.5,8.5,0,1.7521,0.854115,0
18.5,8.6,0,1.71269,1.00049,0
18.5,8.7,0,1.78547,0.83371,0
18.5,8.8,0,1.71913,0.976316,0
18.5,8.9,0,1.75133,0.8906,0
18.5,9,0,1.73738,0.898954,0
18.5,9.1,0,1.71906,0.917474,0
18.5,9.2,0,1.73222,0.854825,0
18.5,9.3,0,1.6655,0.941957,0
18.5,9.4,0,1.72253,0.842722,0
18.5,9.5,0,1.67287,0.896201,0
18.5,9.6,0,1.68842,0.874372,0
18.5,9.7,0,1.66726,0.888533,0
18.5,9.8,0,1.64469,0.914022,0
18.5,9.9,0,1.68273,0.879188,0
18.5,10,0,1.63462,0.922973,0
18.5,10.1,0,1.67521,0.9074,0
18.5,10.2,0,1.62466,0.958041,0
18.5,10.3,0,1.64267,0.957895,0
18.5,10.4,0,1.6491,0.958008,0
18.5,10.5,0,1.6313,0.982829,0
18.5,10.6,0,1.65359,1.00065,0
18.5,10.7,0,1.59605,1.0598,0
18.5,10.8,0,1.64248,1.04494,0
18.5,10.9,0,1.62071,1.05888,0
18.5,11,0,1.6262,1.08555,0
18.5,11.1,0,1.61991,1.12973,0
18.5,11.2,0,1.5941,1.17191,0
18.5,11.3,0,1.63102,1.16228,0
18.5,11.4,0,1.59524,1.17895,0
18.5,11.5,0,1.61843,1.21902,0
18.5,11.6,0,1.58836,1.28052,0
18.5,11.7,0,1.59124,1.30327,0
18.5,11.8,0,1.60231,1.30206,0
18.5,11.9,0,1.58227,1.32434,0
18.5,12,0,1.60395,1.37762,0
18.5,12.1,0,1.55659,1.4534,0
18.5,12.2,0,1.5846,1.45301,0
18.5,12.3,0,1.57237,1.45806,0
18.5,12.4,0,1.56953,1.49536,0
18.5,12.5,0,1.56882,1.56397,0
18.5,12.6,0,1.53642,1.63153,0
18.5,12.7,0,1.57277,1.61782,0
18.6,0,0,1.52575,-1.61463,0
18.6,0.1,0,1.50446,-1.62278,0
18.6,0.2,0,1.49885,-1.60797,0
18.6,0.3,0,1.52747,-1.52894,0
18.6,0.4,0,1.53716,-1.45593,0
18.6,0.5,0,1.5278,-1.39094,0
18.6,0.6,0,1.53938,-1.3725,0
18.6,0.7,0,1.55654,-1.37084,0
18.6,0.8,0,1.53765,-1.38294,0
18.6,0.9,0,1.53369,-1.37241,0
18.6,1,0,1.56557,-1.29901,0
18.6,1.1,0,1.58141,-1.231,0
18.6,1.2,0,1.58078,-1.17035,0
18.6,1.3,0,1.58814,-1.15445,0
18.6,1.4,0,1.59689,-1.15493,0
18.6,1.5,0,1.57394,-1.16752,0
18.6,1.6,0,1.56824,-1.1597,0
18.6,1.7,0,1.6073,-1.09525,0
18.6,1.8,0,1.63208,-1.03527,0
18.6,1.9,0,1.64174,-0.981472,0
18.6,2,0,1.64826,-0.965125,0
18.6,2.1,0,1.65337,-0.962636,0
18.6,2.2,0,1.62678,-0.969621,0
18.6,2.3,0,1.6177,-0.95979,0
18.6,2.4,0,1.65438,-0.903377,0
18.6,2.5,0,1.67675,-0.850159,0
18.6,2.6,0,1.68381,-0.8016,0
18.6,2.7,0,1.6792,-0.786517,0
18.6,2.8,0,1.66839,-0.783449,0
18.6,2.9,0,1.62797,-0.787813,0
18.6,3,0,1.60895,-0.779081,0
18.6,3.1,0,1.64476,-0.733072,0
18.6,3.2,0,1.66774,-0.690823,0
18.6,3.3,0,1.67675,-0.653477,0
18.6,3.4,0,1.67124,-0.64066,0
18.6,3.5,0,1.65774,-0.636452,0
18.6,3.6,0,1.62014,-0.642464,0
18.6,3.7,0,1.605,-0.637004,0
18.6,3.8,0,1.65214,-0.598997,0
18.6,3.9,0,1.68679,-0.567376,0
18.6,4,0,1.70755,-0.542917,0
18.6,4.1,0,1.71395,-0.527284,0
18.6,4.2,0,1.71535,-0.514348,0
18.6,4.3,0,1.68525,-0.518734,0
18.6,4.4,0,1.67325,-0.511814,0
18.6,4.5,0,1.71133,-0.471635,0
18.6,4.6,0,1.73025,-0.442302,0
18.6,4.7,0,1.72899,-0.424525,0
18.6,4.8,0,1.71728,-0.40949,0
18.6,4.9,0,1.69757,-0.394011,0
18.6,5,0,1.63725,-0.411681,0
18.6,5.1,0,1.60868,-0.416641,0
18.6,5.2,0,1.6602,-0.38192,0
18.6,5.3,0,1.68841,-0.370151,0
18.6,5.4,0,1.69208,-0.381514,0
18.6,5.5,0,1.7047,-0.358501,0
18.6,5.6,0,1.72041,-0.321271,0
18.6,5.7,0,1.66861,-0.352281,0
18.6,5.8,0,1.64435,-0.368153,0
18.6,5.9,0,1.68294,-0.331166,0
18.6,6,0,1.68101,-0.344708,0
18.6,6.1,0,1.63872,-0.407935,0
18.6,6.2,0,1.65556,-0.365277,0
18.6,6.3,0,1.68994,-0.28326,0
18.6,6.4,0,1.61583,-0.342373,0
18.6,6.5,0,1.57984,-0.378847,0
18.6,6.6,0,1.64774,-0.33948,0
18.6,6.7,0,1.65147,-0.410903,0
18.6,6.8,0,1.57809,-0.586878,0
18.6,6.9,0,1.11767,-0.387679,0
18.6,7,0,0.681048,-0.0897089,0
18.6,7.1,0,0.649891,-0.0492381,0
18.6,7.2,0,0.643958,-0.00586842,0
18.6,7.3,0,0.633877,0.0322931,0
18.6,7.4,0,0.627859,0.0718988,0
18.6,7.5,0,0.62476,0.110978,0
18.6,7.6,0,0.626656,0.150184,0
18.6,7.7,0,0.629828,0.189693,0
18.6,7.8,0,0.641024,0.22844,0
18.6,7.9,0,0.650543,0.267566,0
18.6,8,0,0.689234,0.309906,0
18.6,8.1,0,1.29181,1.01752,0
18.6,8.2,0,1.63757,0.928553,0
18.6,8.3,0,1.64976,0.960363,0
18.6,8.4,0,1.68304,0.97224,0
18.6,8.5,0,1.75122,0.864233,0
18.6,8.6,0,1.71993,1.00594,0
18.6,8.7,0,1.78947,0.850923,0
18.6,8.8,0,1.72312,0.993529,0
18.6,8.9,0,1.75496,0.907782,0
18.6,9,0,1.74101,0.916136,0
18.6,9.1,0,1.72004,0.933301,0
18.6,9.2,0,1.7332,0.870653,0
18.6,9.3,0,1.67126,0.945113,0
18.6,9.4,0,1.72009,0.856531,0
18.6,9.5,0,1.67042,0.910011,0
18.6,9.6,0,1.68203,0.885818,0
18.6,9.7,0,1.66087,0.899979,0
18.6,9.8,0,1.63471,0.923178,0
18.6,9.9,0,1.67275,0.888344,0
18.6,10,0,1.62837,0.926934,0
18.6,10.1,0,1.66168,0.914399,0
18.6,10.2,0,1.61113,0.965039,0
18.6,10.3,0,1.62632,0.963069,0
18.6,10.4,0,1.63275,0.963181,0
18.6,10.5,0,1.61244,0.986436,0
18.6,10.6,0,1.63472,1.00426,0
18.6,10.7,0,1.58328,1.05802,0
18.6,10.8,0,1.62174,1.04729,0
18.6,10.9,0,1.59996,1.06122,0
18.6,11,0,1.60372,1.08695,0
18.6,11.1,0,1.59743,1.13113,0
18.6,11.2,0,1.57021,1.17244,0
18.6,11.3,0,1.60713,1.16282,0
18.6,11.4,0,1.57454,1.18073,0
18.6,11.5,0,1.59317,1.21891,0
18.6,11.6,0,1.5631,1.2804,0
18.6,11.7,0,1.56466,1.30255,0
18.6,11.8,0,1.57573,1.30134,0
18.6,11.9,0,1.5543,1.3232,0
18.6,12,0,1.57598,1.37648,0
18.6,12.1,0,1.53103,1.44958,0
18.6,12.2,0,1.55514,1.45147,0
18.6,12.3,0,1.54291,1.45652,0
18.6,12.4,0,1.53847,1.49347,0
18.6,12.5,0,1.53776,1.56208,0
18.6,12.6,0,1.50401,1.62877,0
18.6,12.7,0,1.53987,1.61556,0
18.7,0,0,1.49308,-1.61256,0
18.7,0.1,0,1.47179,-1.62071,0
18.7,0.2,0,1.47715,-1.58983,0
18.7,0.3,0,1.49815,-1.52728,0
18.7,0.4,0,1.50784,-1.45426,0
18.7,0.5,0,1.50451,-1.40118,0
18.7,0.6,0,1.5122,-1.371,0
18.7,0.7,0,1.52935,-1.36933,0
18.7,0.8,0,1.51047,-1.38143,0
18.7,0.9,0,1.51695,-1.35506,0
18.7,1,0,1.54035,-1.29774,0
18.7,1.1,0,1.55619,-1.22974,0
18.7,1.2,0,1.5581,-1.18044,0
18.7,1.3,0,1.56448,-1.15307,0
18.7,1.4,0,1.57324,-1.15355,0
18.7,1.5,0,1.55028,-1.16614,0
18.7,1.6,0,1.55667,-1.14405,0
18.7,1.7,0,1.58468,-1.09408,0
18.7,1.8,0,1.60946,-1.0341,0
18.7,1.9,0,1.61841,-0.989751,0
18.7,2,0,1.62592,-0.963703,0
18.7,2.1,0,1.63103,-0.961215,0
18.7,2.2,0,1.60444,-0.968199,0
18.7,2.3,0,1.60761,-0.946599,0
18.7,2.4,0,1.63294,-0.902085,0
18.7,2.5,0,1.6553,-0.848867,0
18.7,2.6,0,1.66005,-0.808883,0
18.7,2.7,0,1.65977,-0.78539,0
18.7,2.8,0,1.64896,-0.782321,0
18.7,2.9,0,1.60855,-0.786686,0
18.7,3,0,1.6045,-0.768786,0
18.7,3.1,0,1.62685,-0.732421,0
18.7,3.2,0,1.64983,-0.690173,0
18.7,3.3,0,1.65606,-0.659176,0
18.7,3.4,0,1.65614,-0.640331,0
18.7,3.5,0,1.64264,-0.636123,0
18.7,3.6,0,1.60504,-0.642135,0
18.7,3.7,0,1.60562,-0.628645,0
18.7,3.8,0,1.63684,-0.599047,0
18.7,3.9,0,1.67149,-0.567427,0
18.7,4,0,1.68852,-0.545389,0
18.7,4.1,0,1.69842,-0.527869,0
18.7,4.2,0,1.69982,-0.514932,0
18.7,4.3,0,1.66972,-0.519319,0
18.7,4.4,0,1.67038,-0.504483,0
18.7,4.5,0,1.69567,-0.473038,0
18.7,4.6,0,1.71458,-0.443706,0
18.7,4.7,0,1.71209,-0.427117,0
18.7,4.8,0,1.70597,-0.412394,0
18.7,4.9,0,1.68627,-0.396914,0
18.7,5,0,1.62595,-0.414584,0
18.7,5.1,0,1.61959,-0.410647,0
18.7,5.2,0,1.65162,-0.386612,0
18.7,5.3,0,1.67983,-0.374843,0
18.7,5.4,0,1.68583,-0.37804,0
18.7,5.5,0,1.69629,-0.364979,0
18.7,5.6,0,1.712,-0.327749,0
18.7,5.7,0,1.6602,-0.358759,0
18.7,5.8,0,1.65522,-0.364034,0
18.7,5.9,0,1.67941,-0.341892,0
18.7,6,0,1.67748,-0.355434,0
18.7,6.1,0,1.65159,-0.392,0
18.7,6.2,0,1.65614,-0.376891,0
18.7,6.3,0,1.69052,-0.294875,0
18.7,6.4,0,1.61641,-0.353987,0
18.7,6.5,0,1.60711,-0.374614,0
18.7,6.6,0,1.64868,-0.356235,0
18.7,6.7,0,1.65241,-0.427658,0
18.7,6.8,0,1.42448,-0.495311,0
18.7,6.9,0,0.947412,-0.365252,0
18.7,7,0,0.510786,-0.0672817,0
18.7,7.1,0,0.487418,-0.0369286,0
18.7,7.2,0,0.482968,-0.00440132,0
18.7,7.3,0,0.475408,0.0242199,0
18.7,7.4,0,0.470894,0.0539241,0
18.7,7.5,0,0.46857,0.0832338,0
18.7,7.6,0,0.469992,0.112638,0
18.7,7.7,0,0.472371,0.14227,0
18.7,7.8,0,0.480768,0.17133,0
18.7,7.9,0,0.487907,0.200674,0
18.7,8,0,0.516925,0.232429,0
18.7,8.1,0,1.14392,0.851984,0
18.7,8.2,0,1.62681,0.934906,0
18.7,8.3,0,1.63901,0.966716,0
18.7,8.4,0,1.68216,0.982358,0
18.7,8.5,0,1.75034,0.874351,0
18.7,8.6,0,1.73717,0.975091,0
18.7,8.7,0,1.79346,0.868135,0
18.7,8.8,0,1.74115,0.97792,0
18.7,8.9,0,1.75858,0.924964,0
18.7,9,0,1.74464,0.933318,0
18.7,9.1,0,1.72149,0.94822,0
18.7,9.2,0,1.73418,0.88648,0
18.7,9.3,0,1.6872,0.935079,0
18.7,9.4,0,1.71764,0.87034,0
18.7,9.5,0,1.67501,0.912953,0
18.7,9.6,0,1.67564,0.897264,0
18.7,9.7,0,1.65448,0.911426,0
18.7,9.8,0,1.62904,0.928896,0
18.7,9.9,0,1.66276,0.8975,0
18.7,10,0,1.62836,0.927214,0
18.7,10.1,0,1.64815,0.921397,0
18.7,10.2,0,1.60372,0.966592,0
18.7,10.3,0,1.60997,0.968243,0
18.7,10.4,0,1.6164,0.968355,0
18.7,10.5,0,1.59853,0.989255,0
18.7,10.6,0,1.61586,1.00787,0
18.7,10.7,0,1.57715,1.05122,0
18.7,10.8,0,1.601,1.04964,0
18.7,10.9,0,1.5811,1.06366,0
18.7,11,0,1.58124,1.08836,0
18.7,11.1,0,1.57495,1.13254,0
18.7,11.2,0,1.55452,1.16732,0
18.7,11.3,0,1.58324,1.16335,0
18.7,11.4,0,1.55781,1.18405,0
18.7,11.5,0,1.56791,1.2188,0
18.7,11.6,0,1.53817,1.27997,0
18.7,11.7,0,1.53808,1.30183,0
18.7,11.8,0,1.54915,1.30063,0
18.7,11.9,0,1.53304,1.32625,0
18.7,12,0,1.54801,1.37534,0
18.7,12.1,0,1.51292,1.43746,0
18.7,12.2,0,1.52568,1.44993,0
18.7,12.3,0,1.51345,1.45498,0
18.7,12.4,0,1.50741,1.49158,0
18.7,12.5,0,1.5067,1.56019,0
18.7,12.6,0,1.48241,1.61452,0
18.7,12.7,0,1.50698,1.6133,0
18.8,0,0,1.46041,-1.61049,0
18.8,0.1,0,1.44696,-1.60716,0
18.8,0.2,0,1.45544,-1.57169,0
18.8,0.3,0,1.46883,-1.52562,0
18.8,0.4,0,1.47852,-1.4526,0
18.8,0.5,0,1.48122,-1.41142,0
18.8,0.6,0,1.4878,-1.37788,0
18.8,0.7,0,1.50216,-1.36783,0
18.8,0.8,0,1.49074,-1.36862,0
18.8,0.9,0,1.50021,-1.33772,0
18.8,1,0,1.51513,-1.29648,0
18.8,1.1,0,1.53096,-1.22847,0
18.8,1.2,0,1.53543,-1.19053,0
18.8,1.3,0,1.54153,-1.15988,0
18.8,1.4,0,1.54959,-1.15217,0
18.8,1.5,0,1.53526,-1.15456,0
18.8,1.6,0,1.54511,-1.12839,0
18.8,1.7,0,1.56206,-1.09291,0
18.8,1.8,0,1.58683,-1.03293,0
18.8,1.9,0,1.59508,-0.998031,0
18.8,2,0,1.60287,-0.969211,0
18.8,2.1,0,1.60869,-0.959793,0
18.8,2.2,0,1.59085,-0.958371,0
18.8,2.3,0,1.59752,-0.933407,0
18.8,2.4,0,1.61149,-0.900793,0
18.8,2.5,0,1.63385,-0.847575,0
18.8,2.6,0,1.63629,-0.816166,0
18.8,2.7,0,1.63725,-0.79027,0
18.8,2.8,0,1.62954,-0.781194,0
18.8,2.9,0,1.59982,-0.77901,0
18.8,3,0,1.60006,-0.75849,0
18.8,3.1,0,1.60894,-0.73177,0
18.8,3.2,0,1.63192,-0.689522,0
18.8,3.3,0,1.63538,-0.664874,0
18.8,3.4,0,1.63705,-0.644307,0
18.8,3.5,0,1.62754,-0.635794,0
18.8,3.6,0,1.60117,-0.63607,0
18.8,3.7,0,1.60623,-0.620286,0
18.8,3.8,0,1.62153,-0.599097,0
18.8,3.9,0,1.65618,-0.567477,0
18.8,4,0,1.66948,-0.54786,0
18.8,4.1,0,1.68039,-0.529801,0
18.8,4.2,0,1.68429,-0.515517,0
18.8,4.3,0,1.66324,-0.51425,0
18.8,4.4,0,1.66751,-0.497153,0
18.8,4.5,0,1.68001,-0.474441,0
18.8,4.6,0,1.69892,-0.445109,0
18.8,4.7,0,1.69519,-0.429709,0
18.8,4.8,0,1.69067,-0.415075,0
18.8,4.9,0,1.67496,-0.399818,0
18.8,5,0,1.63052,-0.411133,0
18.8,5.1,0,1.63051,-0.404653,0
18.8,5.2,0,1.64304,-0.391304,0
18.8,5.3,0,1.67125,-0.379535,0
18.8,5.4,0,1.67959,-0.374566,0
18.8,5.5,0,1.68943,-0.364348,0
18.8,5.6,0,1.70359,-0.334227,0
18.8,5.7,0,1.66557,-0.357667,0
18.8,5.8,0,1.66609,-0.359915,0
18.8,5.9,0,1.67588,-0.352618,0
18.8,6,0,1.67395,-0.366161,0
18.8,6.1,0,1.66445,-0.376064,0
18.8,6.2,0,1.6655,-0.368827,0
18.8,6.3,0,1.69111,-0.306489,0
18.8,6.4,0,1.63606,-0.354282,0
18.8,6.5,0,1.63438,-0.370382,0
18.8,6.6,0,1.64963,-0.372989,0
18.8,6.7,0,1.65335,-0.444413,0
18.8,6.8,0,1.27087,-0.403743,0
18.8,6.9,0,0.789046,-0.293439,0
18.8,7,0,0.340524,-0.0448545,0
18.8,7.1,0,0.324945,-0.0246191,0
18.8,7.2,0,0.321979,-0.00293421,0
18.8,7.3,0,0.316938,0.0161466,0
18.8,7.4,0,0.313929,0.0359494,0
18.8,7.5,0,0.31238,0.0554892,0
18.8,7.6,0,0.313328,0.0750918,0
18.8,7.7,0,0.314914,0.0948467,0
18.8,7.8,0,0.320512,0.11422,0
18.8,7.9,0,0.325272,0.133783,0
18.8,8,0,0.344617,0.154953,0
18.8,8.1,0,0.996036,0.686449,0
18.8,8.2,0,1.61606,0.941259,0
18.8,8.3,0,1.64536,0.937856,0
18.8,8.4,0,1.6957,0.942799,0
18.8,8.5,0,1.74947,0.884468,0
18.8,8.6,0,1.75442,0.94424,0
18.8,8.7,0,1.79746,0.885348,0
18.8,8.8,0,1.76184,0.956079,0
18.8,8.9,0,1.76221,0.942146,0
18.8,9,0,1.75342,0.937798,0
18.8,9.1,0,1.73722,0.935554,0
18.8,9.2,0,1.73516,0.902308,0
18.8,9.3,0,1.70313,0.925045,0
18.8,9.4,0,1.7152,0.88415,0
18.8,9.5,0,1.68357,0.909738,0
18.8,9.6,0,1.66925,0.90871,0
18.8,9.7,0,1.65141,0.919079,0
18.8,9.8,0,1.63753,0.923367,0
18.8,9.9,0,1.65278,0.906655,0
18.8,10,0,1.62834,0.927495,0
18.8,10.1,0,1.63462,0.928396,0
18.8,10.2,0,1.6042,0.961105,0
18.8,10.3,0,1.59398,0.97319,0
18.8,10.4,0,1.60024,0.973457,0
18.8,10.5,0,1.59104,0.991055,0
18.8,10.6,0,1.597,1.01148,0
18.8,10.7,0,1.57103,1.04443,0
18.8,10.8,0,1.58025,1.05199,0
18.8,10.9,0,1.5684,1.06641,0
18.8,11,0,1.56094,1.09006,0
18.8,11.1,0,1.55247,1.13394,0
18.8,11.2,0,1.54347,1.15899,0
18.8,11.3,0,1.55935,1.16388,0
18.8,11.4,0,1.54107,1.18737,0
18.8,11.5,0,1.54265,1.21869,0
18.8,11.6,0,1.52341,1.26978,0
18.8,11.7,0,1.51653,1.29708,0
18.8,11.8,0,1.52257,1.29991,0
18.8,11.9,0,1.51306,1.3301,0
18.8,12,0,1.52005,1.37421,0
18.8,12.1,0,1.49481,1.42534,0
18.8,12.2,0,1.49622,1.44839,0
18.8,12.3,0,1.48932,1.45821,0
18.8,12.4,0,1.48139,1.49351,0
18.8,12.5,0,1.47565,1.55829,0
18.8,12.6,0,1.46081,1.60027,0
18.8,12.7,0,1.47408,1.61105,0
18.9,0,0,1.42774,-1.60843,0
18.9,0.1,0,1.42526,-1.58902,0
18.9,0.2,0,1.43374,-1.55355,0
18.9,0.3,0,1.44223,-1.51807,0
18.9,0.4,0,1.45135,-1.45519,0
18.9,0.5,0,1.45793,-1.42166,0
18.9,0.6,0,1.46451,-1.38812,0
18.9,0.7,0,1.47498,-1.36633,0
18.9,0.8,0,1.474,-1.35127,0
18.9,0.9,0,1.48347,-1.32037,0
18.9,1,0,1.49293,-1.28947,0
18.9,1.1,0,1.50665,-1.23126,0
18.9,1.2,0,1.51275,-1.20061,0
18.9,1.3,0,1.51886,-1.16997,0
18.9,1.4,0,1.52593,-1.15079,0
18.9,1.5,0,1.52369,-1.1389,0
18.9,1.6,0,1.53354,-1.11273,0
18.9,1.7,0,1.54338,-1.08656,0
18.9,1.8,0,1.56396,-1.03513,0
18.9,1.9,0,1.57175,-1.00631,0
18.9,2,0,1.57954,-0.977491,0
18.9,2.1,0,1.58635,-0.958372,0
18.9,2.2,0,1.58076,-0.945179,0
18.9,2.3,0,1.58743,-0.920215,0
18.9,2.4,0,1.5941,-0.895251,0
18.9,2.5,0,1.61158,-0.849346,0
18.9,2.6,0,1.61254,-0.82345,0
18.9,2.7,0,1.6135,-0.797553,0
18.9,2.8,0,1.61012,-0.780067,0
18.9,2.9,0,1.59538,-0.768715,0
18.9,3,0,1.59561,-0.748195,0
18.9,3.1,0,1.59584,-0.727675,0
18.9,3.2,0,1.61302,-0.691139,0
18.9,3.3,0,1.61469,-0.670572,0
18.9,3.4,0,1.61636,-0.650005,0
18.9,3.5,0,1.61244,-0.635466,0
18.9,3.6,0,1.60179,-0.627712,0
18.9,3.7,0,1.60685,-0.611928,0
18.9,3.8,0,1.61191,-0.596144,0
18.9,3.9,0,1.63955,-0.568391,0
18.9,4,0,1.65045,-0.550332,0
18.9,4.1,0,1.66135,-0.532273,0
18.9,4.2,0,1.66876,-0.516101,0
18.9,4.3,0,1.66037,-0.506919,0
18.9,4.4,0,1.66464,-0.489822,0
18.9,4.5,0,1.66891,-0.472725,0
18.9,4.6,0,1.68282,-0.446937,0
18.9,4.7,0,1.6783,-0.432302,0
18.9,4.8,0,1.67377,-0.417667,0
18.9,4.9,0,1.66366,-0.402721,0
18.9,5,0,1.64143,-0.405139,0
18.9,5.1,0,1.64143,-0.398659,0
18.9,5.2,0,1.64143,-0.392179,0
18.9,5.3,0,1.6635,-0.38131,0
18.9,5.4,0,1.67334,-0.371092,0
18.9,5.5,0,1.68318,-0.360874,0
18.9,5.6,0,1.69519,-0.340704,0
18.9,5.7,0,1.67644,-0.353548,0
18.9,5.8,0,1.67696,-0.355796,0
18.9,5.9,0,1.67749,-0.358043,0
18.9,6,0,1.67628,-0.367365,0
18.9,6.1,0,1.67732,-0.360128,0
18.9,6.2,0,1.67836,-0.352891,0
18.9,6.3,0,1.69169,-0.318104,0
18.9,6.4,0,1.66333,-0.35005,0
18.9,6.5,0,1.66165,-0.366149,0
18.9,6.6,0,1.65997,-0.382249,0
18.9,6.7,0,1.5991,-0.422481,0
18.9,6.8,0,1.11727,-0.312176,0
18.9,6.9,0,0.635437,-0.201872,0
18.9,7,0,0.170262,-0.0224272,0
18.9,7.1,0,0.162473,-0.0123095,0
18.9,7.2,0,0.160989,-0.00146711,0
18.9,7.3,0,0.158469,0.00807329,0
18.9,7.4,0,0.156965,0.0179747,0
18.9,7.5,0,0.15619,0.0277446,0
18.9,7.6,0,0.156664,0.0375459,0
18.9,7.7,0,0.157457,0.0474233,0
18.9,7.8,0,0.160256,0.05711,0
18.9,7.9,0,0.162636,0.0668914,0
18.9,8,0,0.172308,0.0774764,0
18.9,8.1,0,0.848149,0.520915,0
18.9,8.2,0,1.54841,0.876297,0
18.9,8.3,0,1.66185,0.888108,0
18.9,8.4,0,1.71219,0.893051,0
18.9,8.5,0,1.75245,0.885869,0
18.9,8.6,0,1.77166,0.91339,0
18.9,8.7,0,1.80145,0.902561,0
18.9,8.8,0,1.78254,0.934238,0
18.9,8.9,0,1.77637,0.935249,0
18.9,9,0,1.76915,0.925132,0
18.9,9.1,0,1.75296,0.922888,0
18.9,9.2,0,1.7363,0.91786,0
18.9,9.3,0,1.71906,0.915012,0
18.9,9.4,0,1.71276,0.897959,0
18.9,9.5,0,1.69213,0.906522,0
18.9,9.6,0,1.67511,0.908147,0
18.9,9.7,0,1.65989,0.91355,0
18.9,9.8,0,1.64601,0.917838,0
18.9,9.9,0,1.64279,0.915811,0
18.9,10,0,1.62833,0.927775,0
18.9,10.1,0,1.62109,0.935395,0
18.9,10.2,0,1.60469,0.955618,0
18.9,10.3,0,1.59447,0.967703,0
18.9,10.4,0,1.59274,0.975257,0
18.9,10.5,0,1.58354,0.992855,0
18.9,10.6,0,1.57814,1.01508,0
18.9,10.7,0,1.56491,1.03763,0
18.9,10.8,0,1.55951,1.05433,0
18.9,10.9,0,1.55569,1.06915,0
18.9,11,0,1.54824,1.09281,0
18.9,11.1,0,1.53936,1.12737,0
18.9,11.2,0,1.53243,1.15066,0
18.9,11.3,0,1.53545,1.16442,0
18.9,11.4,0,1.52434,1.19069,0
18.9,11.5,0,1.51748,1.21862,0
18.9,11.6,0,1.50864,1.25959,0
18.9,11.7,0,1.50176,1.28689,0
18.9,11.8,0,1.50006,1.30201,0
18.9,11.9,0,1.49308,1.33395,0
18.9,12,0,1.49208,1.37307,0
18.9,12.1,0,1.47669,1.41322,0
18.9,12.2,0,1.46918,1.4446,0
18.9,12.3,0,1.46629,1.46241,0
18.9,12.4,0,1.45836,1.49771,0
18.9,12.5,0,1.44851,1.55128,0
18.9,12.6,0,1.4392,1.58603,0
18.9,12.7,0,1.44119,1.60879,0
19,0,0,1.39507,-1.60636,0
19,0.1,0,1.40356,-1.57088,0
19,0.2,0,1.41204,-1.53541,0
19,0.3,0,1.42053,-1.49993,0
19,0.4,0,1.42806,-1.46543,0
19,0.5,0,1.43464,-1.4319,0
19,0.6,0,1.44122,-1.39836,0
19,0.7,0,1.44779,-1.36483,0
19,0.8,0,1.45726,-1.33393,0
19,0.9,0,1.46672,-1.30303,0
19,1,0,1.47619,-1.27212,0
19,1.1,0,1.48397,-1.24135,0
19,1.2,0,1.49008,-1.2107,0
19,1.3,0,1.49618,-1.18006,0
19,1.4,0,1.50228,-1.14941,0
19,1.5,0,1.51213,-1.12324,0
19,1.6,0,1.52197,-1.09707,0
19,1.7,0,1.53181,-1.0709,0
19,1.8,0,1.54063,-1.04341,0
19,1.9,0,1.54842,-1.01459,0
19,2,0,1.55621,-0.98577,0
19,2.1,0,1.564,-0.956951,0
19,2.2,0,1.57067,-0.931987,0
19,2.3,0,1.57734,-0.907024,0
19,2.4,0,1.58401,-0.88206,0
19,2.5,0,1.58782,-0.85663,0
19,2.6,0,1.58878,-0.830733,0
19,2.7,0,1.58974,-0.804837,0
19,2.8,0,1.5907,-0.77894,0
19,2.9,0,1.59093,-0.75842,0
19,3,0,1.59116,-0.7379,0
19,3.1,0,1.59139,-0.71738,0
19,3.2,0,1.59234,-0.696837,0
19,3.3,0,1.59401,-0.67627,0
19,3.4,0,1.59568,-0.655704,0
19,3.5,0,1.59734,-0.635137,0
19,3.6,0,1.60241,-0.619353,0
19,3.7,0,1.60747,-0.603569,0
19,3.8,0,1.61253,-0.587785,0
19,3.9,0,1.62051,-0.570863,0
19,4,0,1.63142,-0.552804,0
19,4.1,0,1.64232,-0.534745,0
19,4.2,0,1.65323,-0.516685,0
19,4.3,0,1.6575,-0.499589,0
19,4.4,0,1.66177,-0.482492,0
19,4.5,0,1.66604,-0.465395,0
19,4.6,0,1.66592,-0.449529,0
19,4.7,0,1.6614,-0.434894,0
19,4.8,0,1.65688,-0.420259,0
19,4.9,0,1.65235,-0.405624,0
19,5,0,1.65235,-0.399145,0
19,5.1,0,1.65235,-0.392665,0
19,5.2,0,1.65234,-0.386185,0
19,5.3,0,1.65726,-0.377836,0
19,5.4,0,1.6671,-0.367618,0
19,5.5,0,1.67694,-0.3574,0
19,5.6,0,1.68678,-0.347182,0
19,5.7,0,1.68731,-0.349429,0
19,5.8,0,1.68783,-0.351677,0
19,5.9,0,1.68836,-0.353924,0
19,6,0,1.68914,-0.351429,0
19,6.1,0,1.69019,-0.344192,0
19,6.2,0,1.69123,-0.336955,0
19,6.3,0,1.69227,-0.329718,0
19,6.4,0,1.69059,-0.345817,0
19,6.5,0,1.68892,-0.361917,0
19,6.6,0,1.68724,-0.378016,0
19,6.7,0,1.44549,-0.330914,0
19,6.8,0,0.963658,-0.220609,0
19,6.9,0,0.481829,-0.110305,0
19,7,0,0,0,0
19,7.1,0,0,0,0
19,7.2,0,0,0,0
19,7.3,0,0,0,0
19,7.4,0,0,0,0
19,7.5,0,0,0,0
19,7.6,0,0,0,0
19,7.7,0,0,0,0
19,7.8,0,0,0,0
19,7.9,0,0,0,0
19,8,0,0,0,0
19,8.1,0,0.700263,0.355381,0
19,8.2,0,1.40053,0.710762,0
19,8.3,0,1.67834,0.838359,0
19,8.4,0,1.72869,0.843302,0
19,8.5,0,1.76969,0.855018,0
19,8.6,0,1.78891,0.882539,0
19,8.7,0,1.80813,0.910059,0
19,8.8,0,1.80323,0.912396,0
19,8.9,0,1.79706,0.913408,0
19,9,0,1.78488,0.912466,0
19,9.1,0,1.76869,0.910222,0
19,9.2,0,1.75223,0.907826,0
19,9.3,0,1.73499,0.904978,0
19,9.4,0,1.71774,0.90213,0
19,9.5,0,1.7007,0.903307,0
19,9.6,0,1.68367,0.904931,0
19,9.7,0,1.66837,0.90802,0
19,9.8,0,1.65449,0.912308,0
19,9.9,0,1.64087,0.917791,0
19,10,0,1.62831,0.928056,0
19,10.1,0,1.61575,0.93832,0
19,10.2,0,1.60518,0.950131,0
19,10.3,0,1.59496,0.962216,0
19,10.4,0,1.58525,0.977057,0
19,10.5,0,1.57605,0.994655,0
19,10.6,0,1.567,1.01238,0
19,10.7,0,1.55879,1.03083,0
19,10.8,0,1.55059,1.04929,0
19,10.9,0,1.54298,1.0719,0
19,11,0,1.53553,1.09555,0
19,11.1,0,1.52831,1.11904,0
19,11.2,0,1.52138,1.14233,0
19,11.3,0,1.51446,1.16608,0
19,11.4,0,1.5076,1.19401,0
19,11.5,0,1.50075,1.22194,0
19,11.6,0,1.49388,1.2494,0
19,11.7,0,1.487,1.2767,0
19,11.8,0,1.48008,1.30586,0
19,11.9,0,1.4731,1.3378,0
19,12,0,1.4661,1.36971,0
19,12.1,0,1.45858,1.4011,0
19,12.2,0,1.45106,1.43248,0
19,12.3,0,1.44325,1.46661,0
19,12.4,0,1.43532,1.50192,0
19,12.5,0,1.42691,1.53703,0
19,12.6,0,1.4176,1.57178,0
19,12.7,0,1.40829,1.60653,0
19.1,0,0,1.28972,-1.58411,0
19.1,0.1,0,1.30083,-1.54944,0
19.1,0.2,0,1.31195,-1.51477,0
19.1,0.3,0,1.32306,-1.4801,0
19.1,0.4,0,1.33292,-1.44616,0
19.1,0.5,0,1.34154,-1.41295,0
19.1,0.6,0,1.35015,-1.37975,0
19.1,0.7,0,1.35877,-1.34654,0
19.1,0.8,0,1.3701,-1.31613,0
19.1,0.9,0,1.38143,-1.28572,0
19.1,1,0,1.39277,-1.25531,0
19.1,1.1,0,1.40222,-1.22483,0
19.1,1.2,0,1.4098,-1.19429,0
19.1,1.3,0,1.41737,-1.16375,0
19.1,1.4,0,1.42495,-1.13321,0
19.1,1.5,0,1.43576,-1.10757,0
19.1,1.6,0,1.44657,-1.08192,0
19.1,1.7,0,1.45738,-1.05628,0
19.1,1.8,0,1.46704,-1.0291,0
19.1,1.9,0,1.47555,-1.00038,0
19.1,2,0,1.48406,-0.971664,0
19.1,2.1,0,1.49257,-0.942946,0
19.1,2.2,0,1.49997,-0.918476,0
19.1,2.3,0,1.50738,-0.894005,0
19.1,2.4,0,1.51479,-0.869535,0
19.1,2.5,0,1.52021,-0.844528,0
19.1,2.6,0,1.52366,-0.818984,0
19.1,2.7,0,1.5271,-0.79344,0
19.1,2.8,0,1.53055,-0.767896,0
19.1,2.9,0,1.5322,-0.747615,0
19.1,3,0,1.53385,-0.727335,0
19.1,3.1,0,1.5355,-0.707054,0
19.1,3.2,0,1.53855,-0.686673,0
19.1,3.3,0,1.54301,-0.666189,0
19.1,3.4,0,1.54747,-0.645706,0
19.1,3.5,0,1.55193,-0.625222,0
19.1,3.6,0,1.55749,-0.60903,0
19.1,3.7,0,1.56305,-0.592837,0
19.1,3.8,0,1.56862,-0.576645,0
19.1,3.9,0,1.5772,-0.559457,0
19.1,4,0,1.58881,-0.541272,0
19.1,4.1,0,1.60041,-0.523088,0
19.1,4.2,0,1.61201,-0.504903,0
19.1,4.3,0,1.6181,-0.487517,0
19.1,4.4,0,1.62419,-0.47013,0
19.1,4.5,0,1.63028,-0.452743,0
19.1,4.6,0,1.63373,-0.436467,0
19.1,4.7,0,1.63455,-0.421301,0
19.1,4.8,0,1.63537,-0.406135,0
19.1,4.9,0,1.63619,-0.390969,0
19.1,5,0,1.64144,-0.383382,0
19.1,5.1,0,1.64668,-0.375796,0
19.1,5.2,0,1.65193,-0.368209,0
19.1,5.3,0,1.66147,-0.358011,0
19.1,5.4,0,1.67531,-0.345201,0
19.1,5.5,0,1.68915,-0.33239,0
19.1,5.6,0,1.703,-0.31958,0
19.1,5.7,0,1.71226,-0.318988,0
19.1,5.8,0,1.72153,-0.318396,0
19.1,5.9,0,1.7308,-0.317804,0
19.1,6,0,1.7408,-0.310115,0
19.1,6.1,0,1.75152,-0.295328,0
19.1,6.2,0,1.76224,-0.280542,0
19.1,6.3,0,1.77296,-0.265755,0
19.1,6.4,0,1.77241,-0.269634,0
19.1,6.5,0,1.77187,-0.273513,0
19.1,6.6,0,1.77132,-0.277392,0
19.1,6.7,0,1.51804,-0.239427,0
19.1,6.8,0,1.01203,-0.159618,0
19.1,6.9,0,0.506013,-0.0798089,0
19.1,7,0,0,0,0
19.1,8,0,0,0,0
19.1,8.1,0,0.693864,0.242652,0
19.1,8.2,0,1.38773,0.485304,0
19.1,8.3,0,1.68471,0.597009,0
19.1,8.4,0,1.76798,0.638205,0
19.1,8.5,0,1.83411,0.685224,0
19.1,8.6,0,1.86027,0.74583,0
19.1,8.7,0,1.88642,0.806435,0
19.1,8.8,0,1.87956,0.821089,0
19.1,8.9,0,1.87097,0.833324,0
19.1,9,0,1.85499,0.843198,0
19.1,9.1,0,1.83409,0.851498,0
19.1,9.2,0,1.81267,0.858941,0
19.1,9.3,0,1.78969,0.863812,0
19.1,9.4,0,1.76671,0.868684,0
19.1,9.5,0,1.74295,0.87483,0
19.1,9.6,0,1.7191,0.881118,0
19.1,9.7,0,1.69688,0.887723,0
19.1,9.8,0,1.67598,0.894587,0
19.1,9.9,0,1.65532,0.902348,0
19.1,10,0,1.63557,0.913698,0
19.1,10.1,0,1.61582,0.925048,0
19.1,10.2,0,1.59883,0.937564,0
19.1,10.3,0,1.58234,0.950285,0
19.1,10.4,0,1.56657,0.965418,0
19.1,10.5,0,1.55152,0.982962,0
19.1,10.6,0,1.53683,1.00062,0
19.1,10.7,0,1.52416,1.01896,0
19.1,10.8,0,1.51149,1.03729,0
19.1,10.9,0,1.49947,1.05972,0
19.1,11,0,1.48761,1.08318,0
19.1,11.1,0,1.47636,1.1063,0
19.1,11.2,0,1.46585,1.12899,0
19.1,11.3,0,1.45538,1.15215,0
19.1,11.4,0,1.44514,1.17957,0
19.1,11.5,0,1.4349,1.20699,0
19.1,11.6,0,1.42496,1.23379,0
19.1,11.7,0,1.41511,1.26039,0
19.1,11.8,0,1.40522,1.28888,0
19.1,11.9,0,1.39527,1.32019,0
19.1,12,0,1.3853,1.35148,0
19.1,12.1,0,1.37485,1.38215,0
19.1,12.2,0,1.36441,1.41282,0
19.1,12.3,0,1.3536,1.44611,0
19.1,12.4,0,1.34265,1.48052,0
19.1,12.5,0,1.33128,1.51464,0
19.1,12.6,0,1.31916,1.54824,0
19.1,12.7,0,1.30705,1.58183,0
19.2,0,0,1.25121,-1.57415,0
19.2,0.1,0,1.2634,-1.53981,0
19.2,0.2,0,1.27559,-1.50548,0
19.2,0.3,0,1.28778,-1.47114,0
19.2,0.4,0,1.29857,-1.43742,0
19.2,0.5,0,1.30797,-1.40431,0
19.2,0.6,0,1.31736,-1.37119,0
19.2,0.7,0,1.32675,-1.33808,0
19.2,0.8,0,1.33884,-1.30797,0
19.2,0.9,0,1.35093,-1.27785,0
19.2,1,0,1.36302,-1.24774,0
19.2,1.1,0,1.37303,-1.21746,0
19.2,1.2,0,1.38097,-1.18701,0
19.2,1.3,0,1.38891,-1.15656,0
19.2,1.4,0,1.39685,-1.12612,0
19.2,1.5,0,1.40806,-1.10068,0
19.2,1.6,0,1.41928,-1.07524,0
19.2,1.7,0,1.4305,-1.0498,0
19.2,1.8,0,1.44054,-1.02281,0
19.2,1.9,0,1.4494,-0.994248,0
19.2,2,0,1.45826,-0.96569,0
19.2,2.1,0,1.46712,-0.937132,0
19.2,2.2,0,1.47475,-0.912859,0
19.2,2.3,0,1.48238,-0.888586,0
19.2,2.4,0,1.49001,-0.864313,0
19.2,2.5,0,1.49611,-0.839466,0
19.2,2.6,0,1.50068,-0.814045,0
19.2,2.7,0,1.50524,-0.788624,0
19.2,2.8,0,1.50981,-0.763203,0
19.2,2.9,0,1.51199,-0.742977,0
19.2,3,0,1.51418,-0.722751,0
19.2,3.1,0,1.51636,-0.702526,0
19.2,3.2,0,1.52024,-0.682171,0
19.2,3.3,0,1.52581,-0.661687,0
19.2,3.4,0,1.53138,-0.641203,0
19.2,3.5,0,1.53695,-0.620719,0
19.2,3.6,0,1.54276,-0.604341,0
19.2,3.7,0,1.54856,-0.587963,0
19.2,3.8,0,1.55437,-0.571585,0
19.2,3.9,0,1.56317,-0.554258,0
19.2,4,0,1.57498,-0.535984,0
19.2,4.1,0,1.58679,-0.517709,0
19.2,4.2,0,1.5986,-0.499434,0
19.2,4.3,0,1.60527,-0.481903,0
19.2,4.4,0,1.61194,-0.464373,0
19.2,4.5,0,1.61861,-0.446843,0
19.2,4.6,0,1.62309,-0.430338,0
19.2,4.7,0,1.62538,-0.414858,0
19.2,4.8,0,1.62766,-0.399378,0
19.2,4.9,0,1.62995,-0.383898,0
19.2,5,0,1.63658,-0.375774,0
19.2,5.1,0,1.64322,-0.367651,0
19.2,5.2,0,1.64985,-0.359528,0
19.2,5.3,0,1.66038,-0.348561,0
19.2,5.4,0,1.67479,-0.334749,0
19.2,5.5,0,1.6892,-0.320938,0
19.2,5.6,0,1.70361,-0.307127,0
19.2,5.7,0,1.71389,-0.305325,0
19.2,5.8,0,1.72417,-0.303524,0
19.2,5.9,0,1.73445,-0.301723,0
19.2,6,0,1.74519,-0.292442,0
19.2,6.1,0,1.75638,-0.275682,0
19.2,6.2,0,1.76757,-0.258922,0
19.2,6.3,0,1.77876,-0.242162,0
19.2,6.4,0,1.76836,-0.242618,0
19.2,6.5,0,1.75796,-0.243075,0
19.2,6.6,0,1.74755,-0.243531,0
19.2,6.7,0,1.49345,-0.208937,0
19.2,6.8,0,0.99563,-0.139291,0
19.2,6.9,0,0.497815,-0.0696455,0
19.2,7,0,0,0,0
19.2,8,0,0,0,0
19.2,8.1,0,0.628443,0.214289,0
19.2,8.2,0,1.25689,0.428578,0
19.2,8.3,0,1.56134,0.535232,0
19.2,8.4,0,1.69133,0.58393,0
19.2,8.5,0,1.79381,0.637236,0
19.2,8.6,0,1.83205,0.701296,0
19.2,8.7,0,1.87029,0.765356,0
19.2,8.8,0,1.86929,0.78323,0
19.2,8.9,0,1.86623,0.798672,0
19.2,9,0,1.85401,0.812366,0
19.2,9.1,0,1.83569,0.824894,0
19.2,9.2,0,1.81636,0.836285,0
19.2,9.3,0,1.79403,0.844267,0
19.2,9.4,0,1.7717,0.852248,0
19.2,9.5,0,1.74726,0.860438,0
19.2,9.6,0,1.72259,0.86865,0
19.2,9.7,0,1.69921,0.876797,0
19.2,9.8,0,1.67688,0.884891,0
19.2,9.9,0,1.65472,0.893766,0
19.2,10,0,1.63323,0.905764,0
19.2,10.1,0,1.61175,0.917762,0
19.2,10.2,0,1.59316,0.930734,0
19.2,10.3,0,1.57508,0.943879,0
19.2,10.4,0,1.5577,0.95931,0
19.2,10.5,0,1.54103,0.977027,0
19.2,10.6,0,1.52479,0.994833,0
19.2,10.7,0,1.51097,1.01314,0
19.2,10.8,0,1.49714,1.03145,0
19.2,10.9,0,1.48377,1.05374,0
19.2,11,0,1.47052,1.07702,0
19.2,11.1,0,1.45797,1.09996,0
19.2,11.2,0,1.4463,1.12246,0
19.2,11.3,0,1.43466,1.14543,0
19.2,11.4,0,1.42323,1.17266,0
19.2,11.5,0,1.41181,1.19988,0
19.2,11.6,0,1.40077,1.22644,0
19.2,11.7,0,1.38985,1.25278,0
19.2,11.8,0,1.37888,1.28099,0
19.2,11.9,0,1.36784,1.312,0
19.2,12,0,1.35676,1.34297,0
19.2,12.1,0,1.34516,1.37331,0
19.2,12.2,0,1.33355,1.40364,0
19.2,12.3,0,1.32162,1.43665,0
19.2,12.4,0,1.30955,1.47081,0
19.2,12.5,0,1.29706,1.50461,0
19.2,12.6,0,1.28376,1.53776,0
19.2,12.7,0,1.27047,1.57091,0
19.3,0,0,1.21349,-1.56306,0
19.3,0.1,0,1.22668,-1.52908,0
19.3,0.2,0,1.23987,-1.4951,0
19.3,0.3,0,1.25306,-1.46113,0
19.3,0.4,0,1.26468,-1.42763,0
19.3,0.5,0,1.27475,-1.39461,0
19.3,0.6,0,1.2848,-1.36159,0
19.3,0.7,0,1.29487,-1.32857,0
19.3,0.8,0,1.30762,-1.29883,0
19.3,0.9,0,1.32037,-1.26909,0
19.3,1,0,1.33313,-1.23935,0
19.3,1.1,0,1.34371,-1.20932,0
19.3,1.2,0,1.35212,-1.179,0
19.3,1.3,0,1.36053,-1.14869,0
19.3,1.4,0,1.36894,-1.11837,0
19.3,1.5,0,1.38048,-1.09311,0
19.3,1.6,0,1.39202,-1.06785,0
19.3,1.7,0,1.40356,-1.04259,0
19.3,1.8,0,1.41396,-1.01578,0
19.3,1.9,0,1.42323,-0.987417,0
19.3,2,0,1.43249,-0.959056,0
19.3,2.1,0,1.44176,-0.930695,0
19.3,2.2,0,1.44964,-0.906614,0
19.3,2.3,0,1.45752,-0.882533,0
19.3,2.4,0,1.46541,-0.858452,0
19.3,2.5,0,1.47216,-0.833764,0
19.3,2.6,0,1.47778,-0.80847,0
19.3,2.7,0,1.4834,-0.783176,0
19.3,2.8,0,1.48901,-0.757882,0
19.3,2.9,0,1.49171,-0.737705,0
19.3,3,0,1.4944,-0.717528,0
19.3,3.1,0,1.4971,-0.697351,0
19.3,3.2,0,1.50169,-0.677015,0
19.3,3.3,0,1.5082,-0.656519,0
19.3,3.4,0,1.5147,-0.636023,0
19.3,3.5,0,1.5212,-0.615528,0
19.3,3.6,0,1.52723,-0.598957,0
19.3,3.7,0,1.53326,-0.582386,0
19.3,3.8,0,1.53928,-0.565815,0
19.3,3.9,0,1.54823,-0.548345,0
19.3,4,0,1.5601,-0.529976,0
19.3,4.1,0,1.57196,-0.511607,0
19.3,4.2,0,1.58383,-0.493238,0
19.3,4.3,0,1.59093,-0.475566,0
19.3,4.4,0,1.59803,-0.457895,0
19.3,4.5,0,1.60514,-0.440223,0
19.3,4.6,0,1.6104,-0.423478,0
19.3,4.7,0,1.61382,-0.407661,0
19.3,4.8,0,1.61725,-0.391843,0
19.3,4.9,0,1.62067,-0.376026,0
19.3,5,0,1.6282,-0.367328,0
19.3,5.1,0,1.63574,-0.35863,0
19.3,5.2,0,1.64327,-0.349932,0
19.3,5.3,0,1.65429,-0.338233,0
19.3,5.4,0,1.66878,-0.323531,0
19.3,5.5,0,1.68328,-0.308829,0
19.3,5.6,0,1.69777,-0.294127,0
19.3,5.7,0,1.70796,-0.291222,0
19.3,5.8,0,1.71815,-0.288316,0
19.3,5.9,0,1.72834,-0.285411,0
19.3,6,0,1.73863,-0.275192,0
19.3,6.1,0,1.74903,-0.257659,0
19.3,6.2,0,1.75943,-0.240127,0
19.3,6.3,0,1.76983,-0.222595,0
19.3,6.4,0,1.74875,-0.220986,0
19.3,6.5,0,1.72766,-0.219376,0
19.3,6.6,0,1.70658,-0.217767,0
19.3,6.7,0,1.45375,-0.185968,0
19.3,6.8,0,0.969167,-0.123979,0
19.3,6.9,0,0.484584,-0.0619894,0
19.3,7,0,0,0,0
19.3,8,0,0,0,0
19.3,8.1,0,0.560964,0.193191,0
19.3,8.2,0,1.12193,0.386383,0
19.3,8.3,0,1.42702,0.488968,0
19.3,8.4,0,1.59434,0.542766,0
19.3,8.5,0,1.7268,0.59951,0
19.3,8.6,0,1.77793,0.663125,0
19.3,8.7,0,1.82905,0.726741,0
19.3,8.8,0,1.8366,0.746914,0
19.3,8.9,0,1.84186,0.7648,0
19.3,9,0,1.83566,0.781692,0
19.3,9.1,0,1.82183,0.797921,0
19.3,9.2,0,1.80635,0.812785,0
19.3,9.3,0,1.78589,0.823556,0
19.3,9.4,0,1.76544,0.834326,0
19.3,9.5,0,1.74132,0.84443,0
19.3,9.6,0,1.7168,0.854461,0
19.3,9.7,0,1.69311,0.864145,0
19.3,9.8,0,1.67011,0.873546,0
19.3,9.9,0,1.64719,0.883619,0
19.3,10,0,1.6246,0.896384,0
19.3,10.1,0,1.602,0.909149,0
19.3,10.2,0,1.58232,0.922674,0
19.3,10.3,0,1.56316,0.936334,0
19.3,10.4,0,1.54462,0.952139,0
19.3,10.5,0,1.52672,0.970091,0
19.3,10.6,0,1.50929,0.988098,0
19.3,10.7,0,1.49447,1.00641,0
19.3,10.8,0,1.47966,1.02473,0
19.3,10.9,0,1.46521,1.04687,0
19.3,11,0,1.45085,1.06997,0
19.3,11.1,0,1.43729,1.09271,0
19.3,11.2,0,1.42471,1.11502,0
19.3,11.3,0,1.41214,1.1378,0
19.3,11.4,0,1.39971,1.16481,0
19.3,11.5,0,1.38728,1.19182,0
19.3,11.6,0,1.37529,1.21813,0
19.3,11.7,0,1.36345,1.24421,0
19.3,11.8,0,1.35154,1.27213,0
19.3,11.9,0,1.33951,1.3028,0
19.3,12,0,1.32745,1.33343,0
19.3,12.1,0,1.31489,1.36338,0
19.3,12.2,0,1.30233,1.39332,0
19.3,12.3,0,1.28949,1.42605,0
19.3,12.4,0,1.27653,1.45996,0
19.3,12.5,0,1.26311,1.49346,0
19.3,12.6,0,1.24885,1.52617,0
19.3,12.7,0,1.2346,1.55888,0
19.4,0,0,1.17646,-1.55079,0
19.4,0.1,0,1.19058,-1.51722,0
19.4,0.2,0,1.2047,-1.48365,0
19.4,0.3,0,1.21881,-1.45008,0
19.4,0.4,0,1.23121,-1.41685,0
19.4,0.5,0,1.24187,-1.38395,0
19.4,0.6,0,1.25253,-1.35106,0
19.4,0.7,0,1.2632,-1.31817,0
19.4,0.8,0,1.2765,-1.28884,0
19.4,0.9,0,1.28981,-1.25951,0
19.4,1,0,1.30311,-1.23019,0
19.4,1.1,0,1.31427,-1.20044,0
19.4,1.2,0,1.32328,-1.17028,0
19.4,1.3,0,1.33229,-1.14011,0
19.4,1.4,0,1.3413,-1.10995,0
19.4,1.5,0,1.35308,-1.08487,0
19.4,1.6,0,1.36486,-1.05978,0
19.4,1.7,0,1.37664,-1.0347,0
19.4,1.8,0,1.38734,-1.00808,0
19.4,1.9,0,1.39695,-0.979936,0
19.4,2,0,1.40657,-0.951788,0
19.4,2.1,0,1.41618,-0.92364,0
19.4,2.2,0,1.4243,-0.899759,0
19.4,2.3,0,1.43243,-0.875879,0
19.4,2.4,0,1.44055,-0.851998,0
19.4,2.5,0,1.44787,-0.827484,0
19.4,2.6,0,1.45438,-0.802335,0
19.4,2.7,0,1.4609,-0.777187,0
19.4,2.8,0,1.46741,-0.752039,0
19.4,2.9,0,1.47055,-0.731908,0
19.4,3,0,1.4737,-0.711777,0
19.4,3.1,0,1.47684,-0.691646,0
19.4,3.2,0,1.48203,-0.671324,0
19.4,3.3,0,1.48926,-0.650813,0
19.4,3.4,0,1.49649,-0.630301,0
19.4,3.5,0,1.50372,-0.609789,0
19.4,3.6,0,1.50993,-0.593018,0
19.4,3.7,0,1.51614,-0.576247,0
19.4,3.8,0,1.52234,-0.559476,0
19.4,3.9,0,1.53135,-0.541863,0
19.4,4,0,1.54315,-0.52341,0
19.4,4.1,0,1.55495,-0.504957,0
19.4,4.2,0,1.56676,-0.486504,0
19.4,4.3,0,1.57418,-0.468698,0
19.4,4.4,0,1.58161,-0.450891,0
19.4,4.5,0,1.58903,-0.433084,0
19.4,4.6,0,1.59492,-0.416106,0
19.4,4.7,0,1.59928,-0.399958,0
19.4,4.8,0,1.60364,-0.383809,0
19.4,4.9,0,1.608,-0.367661,0
19.4,5,0,1.61615,-0.358379,0
19.4,5.1,0,1.62429,-0.349098,0
19.4,5.2,0,1.63244,-0.339817,0
19.4,5.3,0,1.64373,-0.327456,0
19.4,5.4,0,1.65814,-0.312017,0
19.4,5.5,0,1.67256,-0.296577,0
19.4,5.6,0,1.68697,-0.281137,0
19.4,5.7,0,1.69678,-0.277224,0
19.4,5.8,0,1.70658,-0.273311,0
19.4,5.9,0,1.71639,-0.269398,0
19.4,6,0,1.72612,-0.258611,0
19.4,6.1,0,1.73579,-0.240949,0
19.4,6.2,0,1.74545,-0.223287,0
19.4,6.3,0,1.75511,-0.205625,0
19.4,6.4,0,1.72661,-0.202448,0
19.4,6.5,0,1.69811,-0.199271,0
19.4,6.6,0,1.66961,-0.196095,0
19.4,6.7,0,1.41888,-0.16672,0
19.4,6.8,0,0.945919,-0.111147,0
19.4,6.9,0,0.472959,-0.0555733,0
19.4,7,0,0,0,0
19.4,8,0,0,0,0
19.4,8.1,0,0.50603,0.173437,0
19.4,8.2,0,1.01206,0.346874,0
19.4,8.3,0,1.31427,0.445489,0
19.4,8.4,0,1.50672,0.503815,0
19.4,8.5,0,1.6597,0.563374,0
19.4,8.6,0,1.72057,0.625807,0
19.4,8.7,0,1.78143,0.68824,0
19.4,8.8,0,1.79694,0.710856,0
19.4,8.9,0,1.81006,0.731377,0
19.4,9,0,1.80969,0.75129,0
19.4,9.1,0,1.80032,0.770798,0
19.4,9.2,0,1.78869,0.788752,0
19.4,9.3,0,1.77027,0.802046,0
19.4,9.4,0,1.75184,0.815341,0
19.4,9.5,0,1.72844,0.827277,0
19.4,9.6,0,1.70448,0.839062,0
19.4,9.7,0,1.68092,0.850286,0
19.4,9.8,0,1.65769,0.861051,0
19.4,9.9,0,1.63443,0.872387,0
19.4,10,0,1.61112,0.886003,0
19.4,10.1,0,1.5878,0.89962,0
19.4,10.2,0,1.56734,0.913762,0
19.4,10.3,0,1.54739,0.927997,0
19.4,10.4,0,1.52796,0.944212,0
19.4,10.5,0,1.50907,0.962406,0
19.4,10.6,0,1.49067,0.980623,0
19.4,10.7,0,1.47498,0.998967,0
19.4,10.8,0,1.4593,1.01731,0
19.4,10.9,0,1.44395,1.03932,0
19.4,11,0,1.42869,1.06224,0
19.4,11.1,0,1.4143,1.08479,0
19.4,11.2,0,1.40098,1.1069,0
19.4,11.3,0,1.38767,1.12947,0
19.4,11.4,0,1.37439,1.15623,0
19.4,11.5,0,1.36112,1.183,0
19.4,11.6,0,1.34834,1.20905,0
19.4,11.7,0,1.33573,1.23485,0
19.4,11.8,0,1.32301,1.26247,0
19.4,11.9,0,1.31014,1.29281,0
19.4,12,0,1.29724,1.32311,0
19.4,12.1,0,1.2839,1.35263,0
19.4,12.2,0,1.27055,1.38215,0
19.4,12.3,0,1.25698,1.41457,0
19.4,12.4,0,1.24331,1.44824,0
19.4,12.5,0,1.22917,1.48142,0
19.4,12.6,0,1.21414,1.51369,0
19.4,12.7,0,1.19911,1.54595,0
19.5,0,0,1.13991,-1.53739,0
19.5,0.1,0,1.15491,-1.50428,0
19.5,0.2,0,1.16991,-1.47117,0
19.5,0.3,0,1.18491,-1.43806,0
19.5,0.4,0,1.19805,-1.40514,0
19.5,0.5,0,1.20934,-1.37242,0
19.5,0.6,0,1.22062,-1.3397,0
19.5,0.7,0,1.23191,-1.30698,0
19.5,0.8,0,1.24569,-1.27809,0
19.5,0.9,0,1.25947,-1.24919,0
19.5,1,0,1.27326,-1.2203,0
19.5,1.1,0,1.28496,-1.19085,0
19.5,1.2,0,1.29459,-1.16086,0
19.5,1.3,0,1.30422,-1.13086,0
19.5,1.4,0,1.31385,-1.10087,0
19.5,1.5,0,1.32584,-1.07598,0
19.5,1.6,0,1.33784,-1.0511,0
19.5,1.7,0,1.34983,-1.02621,0
19.5,1.8,0,1.36078,-0.999807,0
19.5,1.9,0,1.3707,-0.971887,0
19.5,2,0,1.38062,-0.943967,0
19.5,2.1,0,1.39054,-0.916046,0
19.5,2.2,0,1.39885,-0.892377,0
19.5,2.3,0,1.40715,-0.868707,0
19.5,2.4,0,1.41546,-0.845037,0
19.5,2.5,0,1.42326,-0.820711,0
19.5,2.6,0,1.43057,-0.79573,0
19.5,2.7,0,1.43788,-0.770748,0
19.5,2.8,0,1.44518,-0.745766,0
19.5,2.9,0,1.44874,-0.725681,0
19.5,3,0,1.45229,-0.705595,0
19.5,3.1,0,1.45585,-0.68551,0
19.5,3.2,0,1.46154,-0.665203,0
19.5,3.3,0,1.46937,-0.644676,0
19.5,3.4,0,1.4772,-0.624148,0
19.5,3.5,0,1.48503,-0.603621,0
19.5,3.6,0,1.4914,-0.586641,0
19.5,3.7,0,1.49776,-0.569662,0
19.5,3.8,0,1.50412,-0.552683,0
19.5,3.9,0,1.51314,-0.534932,0
19.5,4,0,1.52483,-0.516408,0
19.5,4.1,0,1.53651,-0.497884,0
19.5,4.2,0,1.5482,-0.479361,0
19.5,4.3,0,1.5559,-0.461422,0
19.5,4.4,0,1.5636,-0.443484,0
19.5,4.5,0,1.57131,-0.425546,0
19.5,4.6,0,1.57776,-0.408343,0
19.5,4.7,0,1.58296,-0.391875,0
19.5,4.8,0,1.58816,-0.375408,0
19.5,4.9,0,1.59336,-0.35894,0
19.5,5,0,1.60204,-0.349064,0
19.5,5.1,0,1.61071,-0.339188,0
19.5,5.2,0,1.61938,-0.329312,0
19.5,5.3,0,1.63092,-0.316341,0
19.5,5.4,0,1.64533,-0.300275,0
19.5,5.5,0,1.65974,-0.284209,0
19.5,5.6,0,1.67415,-0.268144,0
19.5,5.7,0,1.68377,-0.263252,0
19.5,5.8,0,1.6934,-0.258359,0
19.5,5.9,0,1.70302,-0.253467,0
19.5,6,0,1.71253,-0.242232,0
19.5,6.1,0,1.72193,-0.224653,0
19.5,6.2,0,1.73133,-0.207074,0
19.5,6.3,0,1.74073,-0.189495,0
19.5,6.4,0,1.7073,-0.185543,0
19.5,6.5,0,1.67386,-0.181592,0
19.5,6.6,0,1.64043,-0.177641,0
19.5,6.7,0,1.39175,-0.15057,0
19.5,6.8,0,0.927834,-0.10038,0
19.5,6.9,0,0.463917,-0.05019,0
19.5,7,0,0,0,0
19.5,8,0,0,0,0
19.5,8.1,0,0.458441,0.151891,0
19.5,8.2,0,0.916881,0.303783,0
19.5,8.3,0,1.21579,0.398116,0
19.5,8.4,0,1.42879,0.461455,0
19.5,8.5,0,1.59852,0.524271,0
19.5,8.6,0,1.66728,0.585863,0
19.5,8.7,0,1.73604,0.647456,0
19.5,8.8,0,1.75827,0.67315,0
19.5,8.9,0,1.77805,0.696955,0
19.5,9,0,1.78262,0.72005,0
19.5,9.1,0,1.77705,0.742672,0
19.5,9.2,0,1.76872,0.763569,0
19.5,9.3,0,1.7521,0.779292,0
19.5,9.4,0,1.73548,0.795015,0
19.5,9.5,0,1.71284,0.808803,0
19.5,9.6,0,1.68953,0.822375,0
19.5,9.7,0,1.66622,0.835199,0
19.5,9.8,0,1.64293,0.84741,0
19.5,9.9,0,1.61953,0.860089,0
19.5,10,0,1.59567,0.874636,0
19.5,10.1,0,1.57181,0.889184,0
19.5,10.2,0,1.5507,0.904002,0
19.5,10.3,0,1.53008,0.918869,0
19.5,10.4,0,1.50988,0.935527,0
19.5,10.5,0,1.4901,0.953977,0
19.5,10.6,0,1.47082,0.972419,0
19.5,10.7,0,1.45436,0.990819,0
19.5,10.8,0,1.43791,1.00922,0
19.5,10.9,0,1.42173,1.03112,0
19.5,11,0,1.40563,1.05389,0
19.5,11.1,0,1.39048,1.07627,0
19.5,11.2,0,1.3765,1.09819,0
19.5,11.3,0,1.36251,1.12056,0
19.5,11.4,0,1.34847,1.14706,0
19.5,11.5,0,1.33443,1.17355,0
19.5,11.6,0,1.32094,1.19931,0
19.5,11.7,0,1.30763,1.22483,0
19.5,11.8,0,1.29419,1.25214,0
19.5,11.9,0,1.28057,1.28217,0
19.5,12,0,1.26692,1.31215,0
19.5,12.1,0,1.25287,1.34121,0
19.5,12.2,0,1.23881,1.37028,0
19.5,12.3,0,1.22456,1.40237,0
19.5,12.4,0,1.21022,1.43576,0
19.5,12.5,0,1.1954,1.46861,0
19.5,12.6,0,1.17968,1.50044,0
19.5,12.7,0,1.16396,1.53226,0
19.6,0,0,1.10376,-1.52291,0
19.6,0.1,0,1.11961,-1.49031,0
19.6,0.2,0,1.13547,-1.45771,0
19.6,0.3,0,1.15132,-1.42511,0
19.6,0.4,0,1.16522,-1.39256,0
19.6,0.5,0,1.17716,-1.36006,0
19.6,0.6,0,1.1891,-1.32757,0
19.6,0.7,0,1.20103,-1.29507,0
19.6,0.8,0,1.21527,-1.26662,0
19.6,0.9,0,1.2295,-1.23818,0
19.6,1,0,1.24373,-1.20973,0
19.6,1.1,0,1.25595,-1.1806,0
19.6,1.2,0,1.26614,-1.15078,0
19.6,1.3,0,1.27634,-1.12097,0
19.6,1.4,0,1.28654,-1.09115,0
19.6,1.5,0,1.29874,-1.06648,0
19.6,1.6,0,1.31095,-1.04181,0
19.6,1.7,0,1.32315,-1.01715,0
19.6,1.8,0,1.33438,-0.990977,0
19.6,1.9,0,1.34463,-0.963309,0
19.6,2,0,1.35488,-0.935642,0
19.6,2.1,0,1.36512,-0.907974,0
19.6,2.2,0,1.37355,-0.884523,0
19.6,2.3,0,1.38198,-0.861072,0
19.6,2.4,0,1.3904,-0.837621,0
19.6,2.5,0,1.39865,-0.813496,0
19.6,2.6,0,1.40671,-0.788696,0
19.6,2.7,0,1.41477,-0.763896,0
19.6,2.8,0,1.42284,-0.739096,0
19.6,2.9,0,1.42679,-0.719056,0
19.6,3,0,1.43074,-0.699015,0
19.6,3.1,0,1.43469,-0.678975,0
19.6,3.2,0,1.44085,-0.658685,0
19.6,3.3,0,1.44921,-0.638147,0
19.6,3.4,0,1.45757,-0.617608,0
19.6,3.5,0,1.46593,-0.597069,0
19.6,3.6,0,1.47245,-0.579875,0
19.6,3.7,0,1.47898,-0.562681,0
19.6,3.8,0,1.4855,-0.545487,0
19.6,3.9,0,1.49455,-0.527598,0
19.6,4,0,1.50611,-0.509014,0
19.6,4.1,0,1.51767,-0.490431,0
19.6,4.2,0,1.52923,-0.471847,0
19.6,4.3,0,1.53721,-0.453774,0
19.6,4.4,0,1.54519,-0.435701,0
19.6,4.5,0,1.55317,-0.417629,0
19.6,4.6,0,1.56016,-0.400201,0
19.6,4.7,0,1.56616,-0.383419,0
19.6,4.8,0,1.57215,-0.366636,0
19.6,4.9,0,1.57815,-0.349854,0
19.6,5,0,1.58734,-0.339357,0
19.6,5.1,0,1.59652,-0.32886,0
19.6,5.2,0,1.60571,-0.318363,0
19.6,5.3,0,1.61756,-0.3048,0
19.6,5.4,0,1.63208,-0.288171,0
19.6,5.5,0,1.6466,-0.271543,0
19.6,5.6,0,1.66112,-0.254914,0
19.6,5.7,0,1.67081,-0.249005,0
19.6,5.8,0,1.6805,-0.243096,0
19.6,5.9,0,1.69019,-0.237187,0
19.6,6,0,1.6998,-0.225528,0
19.6,6.1,0,1.70933,-0.208117,0
19.6,6.2,0,1.71886,-0.190707,0
19.6,6.3,0,1.72838,-0.173296,0
19.6,6.4,0,1.6911,-0.168459,0
19.6,6.5,0,1.65381,-0.163622,0
19.6,6.6,0,1.61653,-0.158785,0
19.6,6.7,0,1.36962,-0.134028,0
19.6,6.8,0,0.913077,-0.0893522,0
19.6,6.9,0,0.456539,-0.0446761,0
19.6,7,0,0,0,0
19.6,8,0,0,0,0
19.6,8.1,0,0.414549,0.12702,0
19.6,8.2,0,0.829099,0.254041,0
19.6,8.3,0,1.12439,0.343826,0
19.6,8.4,0,1.35547,0.413561,0
19.6,8.5,0,1.54014,0.480719,0
19.6,8.6,0,1.61651,0.541862,0
19.6,8.7,0,1.69289,0.603006,0
19.6,8.8,0,1.72112,0.632435,0
19.6,8.9,0,1.74682,0.660195,0
19.6,9,0,1.75577,0.686769,0
19.6,9.1,0,1.75356,0.712554,0
19.6,9.2,0,1.74817,0.736448,0
19.6,9.3,0,1.73322,0.754674,0
19.6,9.4,0,1.71828,0.772899,0
19.6,9.5,0,1.69643,0.788662,0
19.6,9.6,0,1.67381,0.80415,0
19.6,9.7,0,1.65085,0.8187,0
19.6,9.8,0,1.62761,0.832483,0
19.6,9.9,0,1.60417,0.846623,0
19.6,10,0,1.57988,0.862195,0
19.6,10.1,0,1.5556,0.877767,0
19.6,10.2,0,1.53394,0.893329,0
19.6,10.3,0,1.51273,0.908889,0
19.6,10.4,0,1.49183,0.926036,0
19.6,10.5,0,1.47123,0.944769,0
19.6,10.6,0,1.45114,0.963467,0
19.6,10.7,0,1.43398,0.981961,0
19.6,10.8,0,1.41682,1.00045,0
19.6,10.9,0,1.39987,1.02227,0
19.6,11,0,1.38297,1.04491,0
19.6,11.1,0,1.36709,1.06715,0
19.6,11.2,0,1.35244,1.08888,0
19.6,11.3,0,1.33778,1.11106,0
19.6,11.4,0,1.32299,1.13729,0
19.6,11.5,0,1.30819,1.16352,0
19.6,11.6,0,1.294,1.18897,0
19.6,11.7,0,1.28001,1.21417,0
19.6,11.8,0,1.26587,1.24118,0
19.6,11.9,0,1.25152,1.27091,0
19.6,12,0,1.23714,1.30059,0
19.6,12.1,0,1.22238,1.32919,0
19.6,12.2,0,1.20763,1.35778,0
19.6,12.3,0,1.19267,1.38952,0
19.6,12.4,0,1.17763,1.42259,0
19.6,12.5,0,1.1621,1.45507,0
19.6,12.6,0,1.14569,1.48643,0
19.6,12.7,0,1.12927,1.5178,0
19.7,0,0,1.06808,-1.50746,0
19.7,0.1,0,1.08476,-1.47541,0
19.7,0.2,0,1.10143,-1.44336,0
19.7,0.3,0,1.11811,-1.41131,0
19.7,0.4,0,1.13274,-1.37917,0
19.7,0.5,0,1.14534,-1.34693,0
19.7,0.6,0,1.15795,-1.3147,0
19.7,0.7,0,1.17055,-1.28247,0
19.7,0.8,0,1.18522,-1.25449,0
19.7,0.9,0,1.1999,-1.22651,0
19.7,1,0,1.21457,-1.19853,0
19.7,1.1,0,1.22727,-1.16972,0
19.7,1.2,0,1.238,-1.1401,0
19.7,1.3,0,1.24872,-1.11047,0
19.7,1.4,0,1.25945,-1.08084,0
19.7,1.5,0,1.27186,-1.0564,0
19.7,1.6,0,1.28427,-1.03196,0
19.7,1.7,0,1.29668,-1.00753,0
19.7,1.8,0,1.3082,-0.981614,0
19.7,1.9,0,1.31882,-0.95423,0
19.7,2,0,1.32945,-0.926846,0
19.7,2.1,0,1.34008,-0.899461,0
19.7,2.2,0,1.3486,-0.876235,0
19.7,2.3,0,1.35712,-0.853009,0
19.7,2.4,0,1.36564,-0.829783,0
19.7,2.5,0,1.3743,-0.805866,0
19.7,2.6,0,1.38309,-0.781258,0
19.7,2.7,0,1.39189,-0.75665,0
19.7,2.8,0,1.40069,-0.732042,0
19.7,2.9,0,1.40504,-0.712048,0
19.7,3,0,1.40939,-0.692055,0
19.7,3.1,0,1.41375,-0.672061,0
19.7,3.2,0,1.42035,-0.651793,0
19.7,3.3,0,1.42919,-0.63125,0
19.7,3.4,0,1.43803,-0.610707,0
19.7,3.5,0,1.44687,-0.590164,0
19.7,3.6,0,1.45358,-0.572751,0
19.7,3.7,0,1.4603,-0.555338,0
19.7,3.8,0,1.46701,-0.537925,0
19.7,3.9,0,1.47609,-0.519901,0
19.7,4,0,1.48754,-0.501264,0
19.7,4.1,0,1.49898,-0.482628,0
19.7,4.2,0,1.51043,-0.463992,0
19.7,4.3,0,1.51869,-0.44578,0
19.7,4.4,0,1.52695,-0.427569,0
19.7,4.5,0,1.53521,-0.409358,0
19.7,4.6,0,1.54272,-0.391702,0
19.7,4.7,0,1.54947,-0.374603,0
19.7,4.8,0,1.55622,-0.357504,0
19.7,4.9,0,1.56297,-0.340405,0
19.7,5,0,1.57266,-0.32926,0
19.7,5.1,0,1.58235,-0.318114,0
19.7,5.2,0,1.59204,-0.306968,0
19.7,5.3,0,1.60424,-0.292816,0
19.7,5.4,0,1.61894,-0.275658,0
19.7,5.5,0,1.63364,-0.2585,0
19.7,5.6,0,1.64834,-0.241342,0
19.7,5.7,0,1.65825,-0.234365,0
19.7,5.8,0,1.66817,-0.227389,0
19.7,5.9,0,1.67808,-0.220412,0
19.7,6,0,1.68797,-0.208309,0
19.7,6.1,0,1.69784,-0.19108,0
19.7,6.2,0,1.70771,-0.173851,0
19.7,6.3,0,1.71758,-0.156622,0
19.7,6.4,0,1.67689,-0.151953,0
19.7,6.5,0,1.63619,-0.147283,0
19.7,6.6,0,1.5955,-0.142613,0
19.7,6.7,0,1.35013,-0.120239,0
19.7,6.8,0,0.900087,-0.0801591,0
19.7,6.9,0,0.450044,-0.0400796,0
19.7,7,0,0,0,0
19.7,8,0,0,0,0
19.7,8.1,0,0.375056,0.0989636,0
19.7,8.2,0,0.750112,0.197927,0
19.7,8.3,0,1.03995,0.282825,0
19.7,8.4,0,1.28391,0.360149,0
19.7,8.5,0,1.48002,0.432643,0
19.7,8.6,0,1.56452,0.49387,0
19.7,8.7,0,1.64901,0.555096,0
19.7,8.8,0,1.68317,0.588702,0
19.7,8.9,0,1.71468,0.620854,0
19.7,9,0,1.72795,0.651133,0
19.7,9.1,0,1.72904,0.680163,0
19.7,9.2,0,1.72655,0.707148,0
19.7,9.3,0,1.71334,0.727995,0
19.7,9.4,0,1.70013,0.748842,0
19.7,9.5,0,1.6792,0.766724,0
19.7,9.6,0,1.65743,0.784277,0
19.7,9.7,0,1.63495,0.800684,0
19.7,9.8,0,1.61191,0.816154,0
19.7,9.9,0,1.58856,0.831866,0
19.7,10,0,1.56398,0.848542,0
19.7,10.1,0,1.53941,0.865218,0
19.7,10.2,0,1.51729,0.881585,0
19.7,10.3,0,1.49561,0.897897,0
19.7,10.4,0,1.4741,0.915581,0
19.7,10.5,0,1.45277,0.934636,0
19.7,10.6,0,1.43197,0.953629,0
19.7,10.7,0,1.41417,0.972263,0
19.7,10.8,0,1.39638,0.990898,0
19.7,10.9,0,1.37868,1.01266,0
19.7,11,0,1.36102,1.0352,0
19.7,11.1,0,1.34442,1.05731,0
19.7,11.2,0,1.32911,1.07887,0
19.7,11.3,0,1.31378,1.10088,0
19.7,11.4,0,1.29823,1.12686,0
19.7,11.5,0,1.28267,1.15283,0
19.7,11.6,0,1.26777,1.17798,0
19.7,11.7,0,1.25309,1.20285,0
19.7,11.8,0,1.23824,1.22955,0
19.7,11.9,0,1.22314,1.25901,0
19.7,12,0,1.20803,1.28839,0
19.7,12.1,0,1.19256,1.31653,0
19.7,12.2,0,1.17709,1.34466,0
19.7,12.3,0,1.16139,1.376,0
19.7,12.4,0,1.14559,1.40871,0
19.7,12.5,0,1.12933,1.44078,0
19.7,12.6,0,1.1122,1.47165,0
19.7,12.7,0,1.09508,1.50252,0
19.8,0,0,1.03296,-1.49109,0
19.8,0.1,0,1.05041,-1.45963,0
19.8,0.2,0,1.06785,-1.42817,0
19.8,0.3,0,1.0853,-1.39671,0
19.8,0.4,0,1.10065,-1.36501,0
19.8,0.5,0,1.11391,-1.33307,0
19.8,0.6,0,1.12717,-1.30113,0
19.8,0.7,0,1.14043,-1.26919,0
19.8,0.8,0,1.15553,-1.24169,0
19.8,0.9,0,1.17064,-1.21419,0
19.8,1,0,1.18574,-1.18669,0
19.8,1.1,0,1.19892,-1.15822,0
19.8,1.2,0,1.21016,-1.1288,0
19.8,1.3,0,1.2214,-1.09937,0
19.8,1.4,0,1.23265,-1.06995,0
19.8,1.5,0,1.24525,-1.04575,0
19.8,1.6,0,1.25786,-1.02155,0
19.8,1.7,0,1.27046,-0.99735,0
19.8,1.8,0,1.28229,-0.971713,0
19.8,1.9,0,1.29334,-0.944638,0
19.8,2,0,1.30439,-0.917563,0
19.8,2.1,0,1.31544,-0.890488,0
19.8,2.2,0,1.32404,-0.867496,0
19.8,2.3,0,1.33265,-0.844504,0
19.8,2.4,0,1.34125,-0.821511,0
19.8,2.5,0,1.35031,-0.797812,0
19.8,2.6,0,1.3598,-0.773405,0
19.8,2.7,0,1.3693,-0.748999,0
19.8,2.8,0,1.37879,-0.724592,0
19.8,2.9,0,1.38356,-0.704646,0
19.8,3,0,1.38833,-0.6847,0
19.8,3.1,0,1.39309,-0.664754,0
19.8,3.2,0,1.40011,-0.644513,0
19.8,3.3,0,1.40939,-0.623977,0
19.8,3.4,0,1.41866,-0.603441,0
19.8,3.5,0,1.42793,-0.582905,0
19.8,3.6,0,1.43486,-0.56527,0
19.8,3.7,0,1.44179,-0.547636,0
19.8,3.8,0,1.44872,-0.530002,0
19.8,3.9,0,1.45786,-0.511843,0
19.8,4,0,1.4692,-0.493161,0
19.8,4.1,0,1.48053,-0.474479,0
19.8,4.2,0,1.49187,-0.455797,0
19.8,4.3,0,1.50042,-0.43744,0
19.8,4.4,0,1.50896,-0.419084,0
19.8,4.5,0,1.5175,-0.400727,0
19.8,4.6,0,1.52549,-0.382838,0
19.8,4.7,0,1.53293,-0.365415,0
19.8,4.8,0,1.54037,-0.347992,0
19.8,4.9,0,1.54781,-0.330569,0
19.8,5,0,1.55797,-0.31874,0
19.8,5.1,0,1.56813,-0.306911,0
19.8,5.2,0,1.57829,-0.295082,0
19.8,5.3,0,1.59081,-0.28033,0
19.8,5.4,0,1.60571,-0.262655,0
19.8,5.5,0,1.62061,-0.244979,0
19.8,5.6,0,1.63551,-0.227304,0
19.8,5.7,0,1.64569,-0.219172,0
19.8,5.8,0,1.65587,-0.21104,0
19.8,5.9,0,1.66605,-0.202908,0
19.8,6,0,1.67632,-0.19037,0
19.8,6.1,0,1.68667,-0.173428,0
19.8,6.2,0,1.69702,-0.156485,0
19.8,6.3,0,1.70737,-0.139542,0
19.8,6.4,0,1.66354,-0.134502,0
19.8,6.5,0,1.61972,-0.129463,0
19.8,6.6,0,1.5759,-0.124423,0
19.8,6.7,0,1.33199,-0.104488,0
19.8,6.8,0,0.887991,-0.0696587,0
19.8,6.9,0,0.443996,-0.0348293,0
19.8,7,0,0,0,0
19.8,8,0,0,0,0
19.8,8.1,0,0.341135,0.0705414,0
19.8,8.2,0,0.682271,0.141083,0
19.8,8.3,0,0.963864,0.219953,0
19.8,8.4,0,1.2134,0.303307,0
19.8,8.5,0,1.41588,0.380243,0
19.8,8.6,0,1.50858,0.442202,0
19.8,8.7,0,1.60128,0.50416,0
19.8,8.8,0,1.64167,0.542165,0
19.8,8.9,0,1.6793,0.578909,0
19.8,9,0,1.69718,0.613001,0
19.8,9.1,0,1.70187,0.645326,0
19.8,9.2,0,1.70259,0.675467,0
19.8,9.3,0,1.69138,0.699058,0
19.8,9.4,0,1.68017,0.722649,0
19.8,9.5,0,1.66042,0.742799,0
19.8,9.6,0,1.63972,0.762566,0
19.8,9.7,0,1.61793,0.780966,0
19.8,9.8,0,1.59527,0.798248,0
19.8,9.9,0,1.5722,0.81565,0
19.8,10,0,1.54749,0.833528,0
19.8,10.1,0,1.52279,0.851406,0
19.8,10.2,0,1.50036,0.86866,0
19.8,10.3,0,1.47834,0.885804,0
19.8,10.4,0,1.45635,0.904091,0
19.8,10.5,0,1.43441,0.923522,0
19.8,10.6,0,1.413,0.942861,0
19.8,10.7,0,1.39465,0.961685,0
19.8,10.8,0,1.3763,0.980509,0
19.8,10.9,0,1.35792,1.00224,0
19.8,11,0,1.33953,1.02471,0
19.8,11.1,0,1.32224,1.0467,0
19.8,11.2,0,1.3063,1.06812,0
19.8,11.3,0,1.29032,1.08998,0
19.8,11.4,0,1.274,1.11572,0
19.8,11.5,0,1.25769,1.14146,0
19.8,11.6,0,1.24208,1.1663,0
19.8,11.7,0,1.2267,1.19084,0
19.8,11.8,0,1.21114,1.21723,0
19.8,11.9,0,1.19528,1.24641,0
19.8,12,0,1.17941,1.27551,0
19.8,12.1,0,1.16324,1.3032,0
19.8,12.2,0,1.14706,1.33089,0
19.8,12.3,0,1.13061,1.36183,0
19.8,12.4,0,1.11404,1.39416,0
19.8,12.5,0,1.09703,1.42579,0
19.8,12.6,0,1.0792,1.45614,0
19.8,12.7,0,1.06136,1.4865,0
19.9,0,0,0.998542,-1.47389,0
19.9,0.1,0,1.01669,-1.44306,0
19.9,0.2,0,1.03485,-1.41222,0
19.9,0.3,0,1.053,-1.38138,0
19.9,0.4,0,1.06902,-1.35014,0
19.9,0.5,0,1.08292,-1.31851,0
19.9,0.6,0,1.09681,-1.28689,0
19.9,0.7,0,1.11071,-1.25526,0
19.9,0.8,0,1.12622,-1.22824,0
19.9,0.9,0,1.14173,-1.20123,0
19.9,1,0,1.15724,-1.17421,0
19.9,1.1,0,1.17088,-1.14611,0
19.9,1.2,0,1.18264,-1.11691,0
19.9,1.3,0,1.19441,-1.08771,0
19.9,1.4,0,1.20617,-1.05852,0
19.9,1.5,0,1.21895,-1.03457,0
19.9,1.6,0,1.23173,-1.01061,0
19.9,1.7,0,1.24451,-0.986663,0
19.9,1.8,0,1.25665,-0.961315,0
19.9,1.9,0,1.26814,-0.934571,0
19.9,2,0,1.27963,-0.907826,0
19.9,2.1,0,1.29112,-0.881082,0
19.9,2.2,0,1.29982,-0.858332,0
19.9,2.3,0,1.30851,-0.835582,0
19.9,2.4,0,1.31721,-0.812831,0
19.9,2.5,0,1.32663,-0.789359,0
19.9,2.6,0,1.33677,-0.765165,0
19.9,2.7,0,1.34691,-0.74097,0
19.9,2.8,0,1.35706,-0.716776,0
19.9,2.9,0,1.36225,-0.696877,0
19.9,3,0,1.36743,-0.676979,0
19.9,3.1,0,1.37262,-0.65708,0
19.9,3.2,0,1.38004,-0.636873,0
19.9,3.3,0,1.3897,-0.616357,0
19.9,3.4,0,1.39935,-0.595841,0
19.9,3.5,0,1.409,-0.575325,0
19.9,3.6,0,1.41617,-0.557472,0
19.9,3.7,0,1.42333,-0.539619,0
19.9,3.8,0,1.43049,-0.521766,0
19.9,3.9,0,1.4397,-0.503477,0
19.9,4,0,1.45093,-0.484753,0
19.9,4.1,0,1.46217,-0.466028,0
19.9,4.2,0,1.47341,-0.447304,0
19.9,4.3,0,1.48221,-0.428801,0
19.9,4.4,0,1.49102,-0.410297,0
19.9,4.5,0,1.49983,-0.391794,0
19.9,4.6,0,1.50826,-0.373666,0
19.9,4.7,0,1.51631,-0.355914,0
19.9,4.8,0,1.52437,-0.338162,0
19.9,4.9,0,1.53242,-0.320411,0
19.9,5,0,1.54297,-0.307876,0
19.9,5.1,0,1.55352,-0.295341,0
19.9,5.2,0,1.56408,-0.282806,0
19.9,5.3,0,1.57689,-0.267446,0
19.9,5.4,0,1.59198,-0.249262,0
19.9,5.5,0,1.60706,-0.231079,0
19.9,5.6,0,1.62215,-0.212895,0
19.9,5.7,0,1.63259,-0.203528,0
19.9,5.8,0,1.64304,-0.194162,0
19.9,5.9,0,1.65348,-0.184796,0
19.9,6,0,1.6642,-0.171757,0
19.9,6.1,0,1.6752,-0.155047,0
19.9,6.2,0,1.68619,-0.138337,0
19.9,6.3,0,1.69719,-0.121626,0
19.9,6.4,0,1.65089,-0.117992,0
19.9,6.5,0,1.60458,-0.114357,0
19.9,6.6,0,1.55828,-0.110723,0
19.9,6.7,0,1.31582,-0.0933474,0
19.9,6.8,0,0.877216,-0.0622316,0
19.9,6.9,0,0.438608,-0.0311158,0
19.9,7,0,0,0,0
19.9,8,0,0,0,0
19.9,8.1,0,0.31127,0.04492,0
19.9,8.2,0,0.622539,0.08984,0
19.9,8.3,0,0.893309,0.161069,0
19.9,8.4,0,1.14227,0.246463,0
19.9,8.5,0,1.34687,0.325176,0
19.9,8.6,0,1.44796,0.388299,0
19.9,8.7,0,1.54905,0.451421,0
19.9,8.8,0,1.59583,0.493828,0
19.9,8.9,0,1.63976,0.535144,0
19.9,9,0,1.66247,0.573016,0
19.9,9.1,0,1.67105,0.608593,0
19.9,9.2,0,1.67526,0.641875,0
19.9,9.3,0,1.66637,0.668275,0
19.9,9.4,0,1.65747,0.694674,0
19.9,9.5,0,1.63918,0.717189,0
19.9,9.6,0,1.61984,0.739272,0
19.9,9.7,0,1.59901,0.759751,0
19.9,9.8,0,1.57695,0.778917,0
19.9,9.9,0,1.55439,0.798077,0
19.9,10,0,1.52976,0.817208,0
19.9,10.1,0,1.50514,0.83634,0
19.9,10.2,0,1.48258,0.854526,0
19.9,10.3,0,1.46039,0.872544,0
19.9,10.4,0,1.43809,0.891473,0
19.9,10.5,0,1.41568,0.911313,0
19.9,10.6,0,1.3938,0.931036,0
19.9,10.7,0,1.37499,0.950092,0
19.9,10.8,0,1.35618,0.969149,0
19.9,10.9,0,1.33718,0.990891,0
19.9,11,0,1.31812,1.01331,0
19.9,11.1,0,1.3002,1.03522,0
19.9,11.2,0,1.28365,1.05652,0
19.9,11.3,0,1.26705,1.07825,0
19.9,11.4,0,1.25,1.10379,0
19.9,11.5,0,1.23295,1.12933,0
19.9,11.6,0,1.21664,1.15388,0
19.9,11.7,0,1.20059,1.1781,0
19.9,11.8,0,1.18432,1.20419,0
19.9,11.9,0,1.16771,1.23309,0
19.9,12,0,1.15109,1.26191,0
19.9,12.1,0,1.13424,1.28917,0
19.9,12.2,0,1.11739,1.31643,0
19.9,12.3,0,1.10022,1.34697,0
19.9,12.4,0,1.08291,1.37892,0
19.9,12.5,0,1.06519,1.41013,0
19.9,12.6,0,1.04669,1.43995,0
19.9,12.7,0,1.02819,1.46976,0
20,0,0,0.950841,-1.448,0
20,0.1,0,0.969835,-1.4181,0
20,0.2,0,0.98883,-1.3882,0
20,0.3,0,1.00783,-1.35829,0
20,0.4,0,1.02473,-1.32777,0
20,0.5,0,1.03953,-1.29663,0
20,0.6,0,1.05434,-1.26548,0
20,0.7,0,1.06914,-1.23433,0
20,0.8,0,1.08516,-1.20801,0
20,0.9,0,1.10118,-1.18168,0
20,1,0,1.1172,-1.15536,0
20,1.1,0,1.13144,-1.12779,0
20,1.2,0,1.14392,-1.09897,0
20,1.3,0,1.15639,-1.07015,0
20,1.4,0,1.16886,-1.04133,0
20,1.5,0,1.18191,-1.01775,0
20,1.6,0,1.19496,-0.99417,0
20,1.7,0,1.20801,-0.970588,0
20,1.8,0,1.22058,-0.945669,0
20,1.9,0,1.23268,-0.919413,0
20,2,0,1.24478,-0.893157,0
20,2.1,0,1.25688,-0.866901,0
20,2.2,0,1.26573,-0.844521,0
20,2.3,0,1.27458,-0.822142,0
20,2.4,0,1.28343,-0.799762,0
20,2.5,0,1.29333,-0.776636,0
20,2.6,0,1.30429,-0.752764,0
20,2.7,0,1.31524,-0.728891,0
20,2.8,0,1.3262,-0.705019,0
20,2.9,0,1.33199,-0.685184,0
20,3,0,1.33777,-0.665348,0
20,3.1,0,1.34356,-0.645513,0
20,3.2,0,1.35151,-0.625366,0
20,3.3,0,1.36161,-0.604908,0
20,3.4,0,1.37171,-0.58445,0
20,3.5,0,1.38181,-0.563993,0
20,3.6,0,1.38932,-0.54583,0
20,3.7,0,1.39683,-0.527667,0
20,3.8,0,1.40435,-0.509504,0
20,3.9,0,1.41365,-0.491035,0
20,4,0,1.42475,-0.472261,0
20,4.1,0,1.43585,-0.453486,0
20,4.2,0,1.44694,-0.434711,0
20,4.3,0,1.45608,-0.415994,0
20,4.4,0,1.46521,-0.397276,0
20,4.5,0,1.47435,-0.378558,0
20,4.6,0,1.48332,-0.360086,0
20,4.7,0,1.49213,-0.34186,0
20,4.8,0,1.50094,-0.323634,0
20,4.9,0,1.50976,-0.305408,0
20,5,0,1.52072,-0.291809,0
20,5.1,0,1.53168,-0.27821,0
20,5.2,0,1.54263,-0.264611,0
20,5.3,0,1.55577,-0.24835,0
20,5.4,0,1.57107,-0.229428,0
20,5.5,0,1.58638,-0.210506,0
20,5.6,0,1.60168,-0.191583,0
20,5.7,0,1.61247,-0.180208,0
20,5.8,0,1.62325,-0.168832,0
20,5.9,0,1.63403,-0.157457,0
20,6,0,1.64551,-0.143704,0
20,6.1,0,1.65767,-0.127575,0
20,6.2,0,1.66984,-0.111445,0
20,6.3,0,1.682,-0.0953153,0
20,6.4,0,1.63317,-0.0886585,0
20,6.5,0,1.58433,-0.0820016,0
20,6.6,0,1.53549,-0.0753447,0
20,6.7,0,1.29521,-0.0617282,0
20,6.8,0,0.863471,-0.0411521,0
20,6.9,0,0.431736,-0.0205761,0
20,7,0,0,0,0
20,7.1,0,1.91299e-17,-9.78259e-18,0
20,7.2,0,0,0,0
20,7.3,0,0,0,0
20,7.4,0,-7.62471e-18,-1.77487e-17,0
20,7.5,0,0,0,0
20,7.6,0,0,0,0
20,7.7,0,-9.07091e-18,-1.09667e-17,0
20,7.8,0,0,0,0
20,7.9,0,0,0,0
20,8,0,1.75289e-17,-1.05094e-17,0
20,8.1,0,0.279144,0.0167932,0
20,8.2,0,0.558288,0.0335865,0
20,8.3,0,0.809492,0.0904695,0
20,8.4,0,1.04565,0.168939,0
20,8.5,0,1.2445,0.24353,0
20,8.6,0,1.3563,0.309068,0
20,8.7,0,1.46809,0.374607,0
20,8.8,0,1.52374,0.422754,0
20,8.9,0,1.57643,0.469986,0
20,9,0,1.60625,0.512921,0
20,9.1,0,1.6208,0.552993,0
20,9.2,0,1.63046,0.590666,0
20,9.3,0,1.62544,0.621141,0
20,9.4,0,1.62041,0.651617,0
20,9.5,0,1.60467,0.677607,0
20,9.6,0,1.58774,0.7031,0
20,9.7,0,1.56867,0.726653,0
20,9.8,0,1.54785,0.74862,0
20,9.9,0,1.52635,0.770404,0
20,10,0,1.50219,0.791458,0
20,10.1,0,1.47802,0.812512,0
20,10.2,0,1.45556,0.832164,0
20,10.3,0,1.4334,0.851568,0
20,10.4,0,1.41091,0.871535,0
20,10.5,0,1.38808,0.892062,0
20,10.6,0,1.36578,0.912433,0
20,10.7,0,1.34646,0.931911,0
20,10.8,0,1.32714,0.95139,0
20,10.9,0,1.3074,0.973212,0
20,11,0,1.28755,0.99562,0
20,11.1,0,1.26882,1.01747,0
20,11.2,0,1.25148,1.03863,0
20,11.3,0,1.23407,1.0602,0
20,11.4,0,1.21605,1.08549,0
20,11.5,0,1.19802,1.11079,0
20,11.6,0,1.18079,1.13496,0
20,11.7,0,1.16382,1.15877,0
20,11.8,0,1.14658,1.18445,0
20,11.9,0,1.12893,1.21296,0
20,12,0,1.11128,1.24138,0
20,12.1,0,1.09354,1.26806,0
20,12.2,0,1.07581,1.29474,0
20,12.3,0,1.05765,1.32474,0
20,12.4,0,1.0393,1.35616,0
20,12.5,0,1.02062,1.38675,0
20,12.6,0,1.00132,1.4158,0
20,12.7,0,0.98201,1.44485,0
20.1,0,0,0.923419,-1.4314,0
20.1,0.1,0,0.926853,-1.43435,0
20.1,0.2,0,0.941604,-1.41341,0
20.1,0.3,0,0.973623,-1.3594,0
20.1,0.4,0,1.01273,-1.30091,0
20.1,0.5,0,1.04883,-1.25066,0
20.1,0.6,0,1.05651,-1.22649,0
20.1,0.7,0,1.04518,-1.22093,0
20.1,0.8,0,1.03998,-1.22021,0
20.1,0.9,0,1.05022,-1.20087,0
20.1,1,0,1.08316,-1.15564,0
20.1,1.1,0,1.12409,-1.10705,0
20.1,1.2,0,1.16088,-1.06463,0
20.1,1.3,0,1.16509,-1.04083,0
20.1,1.4,0,1.14726,-1.03039,0
20.1,1.5,0,1.13498,-1.02381,0
20.1,1.6,0,1.14112,-1.00486,0
20.1,1.7,0,1.17401,-0.968618,0
20.1,1.8,0,1.21554,-0.930461,0
20.1,1.9,0,1.25256,-0.896411,0
20.1,2,0,1.25615,-0.873129,0
20.1,2.1,0,1.23704,-0.857778,0
20.1,2.2,0,1.22309,-0.845725,0
20.1,2.3,0,1.22572,-0.826162,0
20.1,2.4,0,1.25237,-0.796301,0
20.1,2.5,0,1.28681,-0.765755,0
20.1,2.6,0,1.31788,-0.737896,0
20.1,2.7,0,1.32202,-0.715598,0
20.1,2.8,0,1.308,-0.697496,0
20.1,2.9,0,1.29905,-0.68208,0
20.1,3,0,1.30082,-0.663449,0
20.1,3.1,0,1.31873,-0.640258,0
20.1,3.2,0,1.34259,-0.617425,0
20.1,3.3,0,1.36518,-0.596172,0
20.1,3.4,0,1.371,-0.576048,0
20.1,3.5,0,1.36543,-0.556814,0
20.1,3.6,0,1.36477,-0.54007,0
20.1,3.7,0,1.37005,-0.522294,0
20.1,3.8,0,1.38432,-0.502691,0
20.1,3.9,0,1.40294,-0.483935,0
20.1,4,0,1.42169,-0.466157,0
20.1,4.1,0,1.43002,-0.447009,0
20.1,4.2,0,1.43099,-0.426864,0
20.1,4.3,0,1.43678,-0.409299,0
20.1,4.4,0,1.445,-0.390896,0
20.1,4.5,0,1.45702,-0.371025,0
20.1,4.6,0,1.47233,-0.35215,0
20.1,4.7,0,1.48805,-0.334453,0
20.1,4.8,0,1.49465,-0.315834,0
20.1,4.9,0,1.49537,-0.296166,0
20.1,5,0,1.50121,-0.2794,0
20.1,5.1,0,1.51078,-0.264937,0
20.1,5.2,0,1.52595,-0.252423,0
20.1,5.3,0,1.54506,-0.241977,0
20.1,5.4,0,1.56539,-0.230958,0
20.1,5.5,0,1.57896,-0.208905,0
20.1,5.6,0,1.58787,-0.178503,0
20.1,5.7,0,1.60248,-0.152096,0
20.1,5.8,0,1.61431,-0.136621,0
20.1,5.9,0,1.6225,-0.133858,0
20.1,6,0,1.63272,-0.136644,0
20.1,6.1,0,1.64555,-0.137461,0
20.1,6.2,0,1.65796,-0.11522,0
20.1,6.3,0,1.67101,-0.0766815,0
20.1,6.4,0,1.68961,-0.0474462,0
20.1,6.5,0,1.65916,-0.0346315,0
20.1,6.6,0,1.5607,-0.0387263,0
20.1,6.7,0,1.44383,-0.0466186,0
20.1,6.8,0,1.25245,-0.0485317,0
20.1,6.9,0,0.797354,-0.0267391,0
20.1,7,0,0.279971,-0.00170238,0
20.1,7.1,0,0.0626571,-0.0320414,0
20.1,7.2,0,0.0126646,-0.0551899,0
20.1,7.3,0,-0.0115856,-0.0569988,0
20.1,7.4,0,-0.0249736,-0.058133,0
20.1,7.5,0,-0.0328461,-0.051437,0
20.1,7.6,0,-0.0345743,-0.0439542,0
20.1,7.7,0,-0.0297104,-0.0359196,0
20.1,7.8,0,-0.0168913,-0.0295381,0
20.1,7.9,0,0.00626677,-0.0261518,0
20.1,8,0,0.0574133,-0.034422,0
20.1,8.1,0,0.235636,-0.0499554,0
20.1,8.2,0,0.521383,-0.015167,0
20.1,8.3,0,0.81572,0.0486608,0
20.1,8.4,0,1.05032,0.124644,0
20.1,8.5,0,1.20235,0.203083,0
20.1,8.6,0,1.34221,0.281962,0
20.1,8.7,0,1.41977,0.330014,0
20.1,8.8,0,1.50823,0.390068,0
20.1,8.9,0,1.54748,0.433776,0
20.1,9,0,1.58544,0.484537,0
20.1,9.1,0,1.60601,0.528066,0
20.1,9.2,0,1.60246,0.561099,0
20.1,9.3,0,1.60819,0.600792,0
20.1,9.4,0,1.59506,0.624824,0
20.1,9.5,0,1.59512,0.659426,0
20.1,9.6,0,1.57218,0.682726,0
20.1,9.7,0,1.54899,0.709753,0
20.1,9.8,0,1.5295,0.734659,0
20.1,9.9,0,1.50966,0.752731,0
20.1,10,0,1.49519,0.777631,0
20.1,10.1,0,1.46185,0.796793,0
20.1,10.2,0,1.43399,0.823721,0
20.1,10.3,0,1.41359,0.840782,0
20.1,10.4,0,1.40112,0.858152,0
20.1,10.5,0,1.38355,0.879222,0
20.1,10.6,0,1.34703,0.900752,0
20.1,10.7,0,1.32056,0.92705,0
20.1,10.8,0,1.30767,0.940725,0
20.1,10.9,0,1.30436,0.958173,0
20.1,11,0,1.2797,0.981437,0
20.1,11.1,0,1.24426,1.01097,0
20.1,11.2,0,1.2213,1.03736,0
20.1,11.3,0,1.21695,1.04696,0
20.1,11.4,0,1.21495,1.06534,0
20.1,11.5,0,1.18319,1.09602,0
20.1,11.6,0,1.14859,1.13604,0
20.1,11.7,0,1.13362,1.157,0
20.1,11.8,0,1.13429,1.16522,0
20.1,11.9,0,1.12727,1.1866,0
20.1,12,0,1.08741,1.2292,0
20.1,12.1,0,1.05683,1.27571,0
20.1,12.2,0,1.04721,1.28824,0
20.1,12.3,0,1.05067,1.29492,0
20.1,12.4,0,1.03077,1.3273,0
20.1,12.5,0,0.989615,1.38313,0
20.1,12.6,0,0.96249,1.42834,0
20.1,12.7,0,0.955326,1.42893,0
20.2,0,0,0.895997,-1.41479,0
20.2,0.1,0,0.900197,-1.41633,0
20.2,0.2,0,0.920486,-1.38809,0
20.2,0.3,0,0.947847,-1.34491,0
20.2,0.4,0,0.986954,-1.28642,0
20.2,0.5,0,1.01506,-1.2445,0
20.2,0.6,0,1.0313,-1.21421,0
20.2,0.7,0,1.02122,-1.20753,0
20.2,0.8,0,1.01702,-1.20569,0
20.2,0.9,0,1.03372,-1.18052,0
20.2,1,0,1.06007,-1.1437,0
20.2,1.1,0,1.101,-1.0951,0
20.2,1.2,0,1.12842,-1.05872,0
20.2,1.3,0,1.14205,-1.03069,0
20.2,1.4,0,1.12565,-1.01945,0
20.2,1.5,0,1.11454,-1.01213,0
20.2,1.6,0,1.12794,-0.989153,0
20.2,1.7,0,1.15285,-0.958454,0
20.2,1.8,0,1.19439,-0.920297,0
20.2,1.9,0,1.22171,-0.889903,0
20.2,2,0,1.23484,-0.864465,0
20.2,2.1,0,1.2172,-0.848656,0
20.2,2.2,0,1.2043,-0.836162,0
20.2,2.3,0,1.21338,-0.814427,0
20.2,2.4,0,1.23283,-0.787998,0
20.2,2.5,0,1.26727,-0.757452,0
20.2,2.6,0,1.29063,-0.731569,0
20.2,2.7,0,1.30264,-0.70831,0
20.2,2.8,0,1.2898,-0.689974,0
20.2,2.9,0,1.28156,-0.67436,0
20.2,3,0,1.2883,-0.6546,0
20.2,3.1,0,1.30173,-0.632831,0
20.2,3.2,0,1.3256,-0.609999,0
20.2,3.3,0,1.34331,-0.589179,0
20.2,3.4,0,1.3539,-0.568916,0
20.2,3.5,0,1.34906,-0.549636,0
20.2,3.6,0,1.34879,-0.532807,0
20.2,3.7,0,1.35687,-0.514198,0
20.2,3.8,0,1.36866,-0.494945,0
20.2,3.9,0,1.38729,-0.476189,0
20.2,4,0,1.40275,-0.457957,0
20.2,4.1,0,1.41362,-0.439103,0
20.2,4.2,0,1.41503,-0.419016,0
20.2,4.3,0,1.42099,-0.401384,0
20.2,4.4,0,1.43052,-0.382327,0
20.2,4.5,0,1.44156,-0.362747,0
20.2,4.6,0,1.45687,-0.343871,0
20.2,4.7,0,1.47021,-0.325544,0
20.2,4.8,0,1.47986,-0.306561,0
20.2,4.9,0,1.48099,-0.286924,0
20.2,5,0,1.48708,-0.270222,0
20.2,5.1,0,1.49837,-0.254859,0
20.2,5.2,0,1.51199,-0.240936,0
20.2,5.3,0,1.5311,-0.230491,0
20.2,5.4,0,1.54943,-0.215534,0
20.2,5.5,0,1.56485,-0.19536,0
20.2,5.6,0,1.57406,-0.165423,0
20.2,5.7,0,1.58852,-0.139523,0
20.2,5.8,0,1.59977,-0.124261,0
20.2,5.9,0,1.60928,-0.115832,0
20.2,6,0,1.61951,-0.118618,0
20.2,6.1,0,1.63302,-0.112196,0
20.2,6.2,0,1.64693,-0.0955892,0
20.2,6.3,0,1.66003,-0.0580476,0
20.2,6.4,0,1.6757,-0.0294448,0
20.2,6.5,0,1.63007,-0.0141234,0
20.2,6.6,0,1.5538,-0.0090649,0
20.2,6.7,0,1.43692,-0.0169572,0
20.2,6.8,0,1.26952,-0.0230517,0
20.2,6.9,0,1.06319,-0.0271186,0
20.2,7,0,0.559943,-0.00340475,0
20.2,7.1,0,0.125314,-0.0640827,0
20.2,7.2,0,0.0253291,-0.11038,0
20.2,7.3,0,-0.0231711,-0.113998,0
20.2,7.4,0,-0.0499471,-0.116266,0
20.2,7.5,0,-0.0656922,-0.102874,0
20.2,7.6,0,-0.0691486,-0.0879083,0
20.2,7.7,0,-0.0594207,-0.0718393,0
20.2,7.8,0,-0.0337827,-0.0590761,0
20.2,7.9,0,0.0125335,-0.0523036,0
20.2,8,0,0.114827,-0.068844,0
20.2,8.1,0,0.280571,-0.0770724,0
20.2,8.2,0,0.48906,-0.0514374,0
20.2,8.3,0,0.782592,0.0123467,0
20.2,8.4,0,0.989481,0.0774829,0
20.2,8.5,0,1.14501,0.155418,0
20.2,8.6,0,1.27937,0.230689,0
20.2,8.7,0,1.36932,0.284335,0
20.2,8.8,0,1.45254,0.343444,0
20.2,8.9,0,1.5067,0.394466,0
20.2,9,0,1.54466,0.445227,0
20.2,9.1,0,1.56993,0.492701,0
20.2,9.2,0,1.57002,0.52772,0
20.2,9.3,0,1.57624,0.568242,0
20.2,9.4,0,1.56864,0.597178,0
20.2,9.5,0,1.56575,0.630879,0
20.2,9.6,0,1.54994,0.659914,0
20.2,9.7,0,1.52675,0.68694,0
20.2,9.8,0,1.5091,0.714102,0
20.2,9.9,0,1.49,0.733884,0
20.2,10,0,1.47337,0.759312,0
20.2,10.1,0,1.44374,0.780672,0
20.2,10.2,0,1.41693,0.806193,0
20.2,10.3,0,1.39629,0.826633,0
20.2,10.4,0,1.38381,0.844002,0
20.2,10.5,0,1.36318,0.865768,0
20.2,10.6,0,1.3298,0.887618,0
20.2,10.7,0,1.30533,0.912263,0
20.2,10.8,0,1.29015,0.928287,0
20.2,10.9,0,1.28382,0.946275,0
20.2,11,0,1.26138,0.969119,0
20.2,11.1,0,1.22594,0.998652,0
20.2,11.2,0,1.20507,1.02227,0
20.2,11.3,0,1.1977,1.03463,0
20.2,11.4,0,1.19049,1.05486,0
20.2,11.5,0,1.16267,1.08349,0
20.2,11.6,0,1.12963,1.12147,0
20.2,11.7,0,1.11197,1.14404,0
20.2,11.8,0,1.11264,1.15227,0
20.2,11.9,0,1.09936,1.17659,0
20.2,12,0,1.06434,1.21579,0
20.2,12.1,0,1.03663,1.25668,0
20.2,12.2,0,1.02301,1.27409,0
20.2,12.3,0,1.02492,1.28205,0
20.2,12.4,0,1.00496,1.31267,0
20.2,12.5,0,0.964034,1.3683,0
20.2,12.6,0,0.939305,1.40576,0
20.2,12.7,0,0.928642,1.413,0
20.3,0,0,0.867726,-1.39706,0
20.3,0.1,0,0.881316,-1.37799,0
20.3,0.2,0,0.901604,-1.34975,0
20.3,0.3,0,0.921893,-1.32151,0
20.3,0.4,0,0.95529,-1.2762,0
20.3,0.5,0,0.971521,-1.24591,0
20.3,0.6,0,0.987753,-1.21562,0
20.3,0.7,0,0.996443,-1.1932,0
20.3,0.8,0,1.00514,-1.17458,0
20.3,0.9,0,1.02185,-1.1494,0
20.3,1,0,1.03855,-1.12422,0
20.3,1.1,0,1.07087,-1.0866,0
20.3,1.2,0,1.08451,-1.05858,0
20.3,1.3,0,1.09814,-1.03055,0
20.3,1.4,0,1.10332,-1.00778,0
20.3,1.5,0,1.10802,-0.988707,0
20.3,1.6,0,1.12142,-0.965734,0
20.3,1.7,0,1.13482,-0.942762,0
20.3,1.8,0,1.16545,-0.912246,0
20.3,1.9,0,1.17859,-0.886808,0
20.3,2,0,1.19172,-0.86137,0
20.3,2.1,0,1.19663,-0.838904,0
20.3,2.2,0,1.19858,-0.819171,0
20.3,2.3,0,1.20767,-0.797436,0
20.3,2.4,0,1.21676,-0.775701,0
20.3,2.5,0,1.24062,-0.750388,0
20.3,2.6,0,1.25263,-0.727129,0
20.3,2.7,0,1.26464,-0.703869,0
20.3,2.8,0,1.27084,-0.681939,0
20.3,2.9,0,1.27335,-0.662566,0
20.3,3,0,1.28009,-0.642806,0
20.3,3.1,0,1.28683,-0.623046,0
20.3,3.2,0,1.30331,-0.602638,0
20.3,3.3,0,1.3139,-0.582375,0
20.3,3.4,0,1.32448,-0.562112,0
20.3,3.5,0,1.3319,-0.542,0
20.3,3.6,0,1.33762,-0.523139,0
20.3,3.7,0,1.3457,-0.50453,0
20.3,3.8,0,1.35377,-0.485922,0
20.3,3.9,0,1.3675,-0.467596,0
20.3,4,0,1.37836,-0.448741,0
20.3,4.1,0,1.38922,-0.429886,0
20.3,4.2,0,1.39828,-0.41073,0
20.3,4.3,0,1.40649,-0.391493,0
20.3,4.4,0,1.41601,-0.372436,0
20.3,4.5,0,1.42553,-0.35338,0
20.3,4.6,0,1.43801,-0.334511,0
20.3,4.7,0,1.44766,-0.315528,0
20.3,4.8,0,1.45732,-0.296545,0
20.3,4.9,0,1.46562,-0.277217,0
20.3,5,0,1.47537,-0.260364,0
20.3,5.1,0,1.48666,-0.245001,0
20.3,5.2,0,1.49796,-0.229639,0
20.3,5.3,0,1.51354,-0.215076,0
20.3,5.4,0,1.52896,-0.194902,0
20.3,5.5,0,1.54439,-0.174727,0
20.3,5.6,0,1.55903,-0.151643,0
20.3,5.7,0,1.57146,-0.132038,0
20.3,5.8,0,1.58271,-0.116776,0
20.3,5.9,0,1.59396,-0.101515,0
20.3,6,0,1.60429,-0.091704,0
20.3,6.1,0,1.61821,-0.0750967,0
20.3,6.2,0,1.63213,-0.0584894,0
20.3,6.3,0,1.64755,-0.0370612,0
20.3,6.4,0,1.62359,-0.0182548,0
20.3,6.5,0,1.57796,-0.00293337,0
20.3,6.6,0,1.53234,0.012388,0
20.3,6.7,0,1.4216,0.0184271,0
20.3,6.8,0,1.21527,0.0143602,0
20.3,6.9,0,1.00893,0.0102933,0
20.3,7,0,0.782106,0.0040156,0
20.3,7.1,0,0.190482,-0.0801204,0
20.3,7.2,0,0.0472459,-0.145306,0
20.3,7.3,0,-0.0258004,-0.153989,0
20.3,7.4,0,-0.0672423,-0.159837,0
20.3,7.5,0,-0.0916103,-0.14443,0
20.3,7.6,0,-0.097572,-0.126337,0
20.3,7.7,0,-0.0842517,-0.106425,0
20.3,7.8,0,-0.0483591,-0.0904354,0
20.3,7.9,0,0.0160203,-0.0817612,0
20.3,8,0,0.156369,-0.103168,0
20.3,8.1,0,0.312117,-0.0965492,0
20.3,8.2,0,0.48625,-0.081919,0
20.3,8.3,0,0.697628,-0.0340837,0
20.3,8.4,0,0.904517,0.0310525,0
20.3,8.5,0,1.07995,0.101472,0
20.3,8.6,0,1.19981,0.169334,0
20.3,8.7,0,1.31487,0.236791,0
20.3,8.8,0,1.38655,0.291888,0
20.3,8.9,0,1.45056,0.346573,0
20.3,9,0,1.49196,0.39928,0
20.3,9.1,0,1.51627,0.446292,0
20.3,9.2,0,1.53488,0.492051,0
20.3,9.3,0,1.53691,0.529235,0
20.3,9.4,0,1.53822,0.566294,0
20.3,9.5,0,1.53036,0.599511,0
20.3,9.6,0,1.51833,0.63066,0
20.3,9.7,0,1.502,0.660493,0
20.3,9.8,0,1.4842,0.687099,0
20.3,9.9,0,1.468,0.713827,0
20.3,10,0,1.4458,0.738148,0
20.3,10.1,0,1.42296,0.762254,0
20.3,10.2,0,1.3994,0.785428,0
20.3,10.3,0,1.37818,0.80714,0
20.3,10.4,0,1.36019,0.828501,0
20.3,10.5,0,1.33745,0.850218,0
20.3,10.6,0,1.31121,0.872554,0
20.3,10.7,0,1.29082,0.893267,0
20.3,10.8,0,1.27133,0.913487,0
20.3,10.9,0,1.25619,0.934055,0
20.3,11,0,1.2354,0.956604,0
20.3,11.1,0,1.20897,0.98102,0
20.3,11.2,0,1.19054,1.00217,0
20.3,11.3,0,1.17701,1.02111,0
20.3,11.4,0,1.15943,1.04521,0
20.3,11.5,0,1.13992,1.07026,0
20.3,11.6,0,1.11315,1.09869,0
20.3,11.7,0,1.09486,1.122,0
20.3,11.8,0,1.0842,1.14094,0
20.3,11.9,0,1.06489,1.16892,0
20.3,12,0,1.04001,1.20098,0
20.3,12.1,0,1.01739,1.23006,0
20.3,12.2,0,0.998328,1.25588,0
20.3,12.3,0,0.987384,1.27569,0
20.3,12.4,0,0.967424,1.30631,0
20.3,12.5,0,0.937661,1.34655,0
20.3,12.6,0,0.917065,1.37432,0
20.3,12.7,0,0.901022,1.3959,0
20.4,0,0,0.836906,-1.37596,0
20.4,0.1,0,0.836142,-1.37654,0
20.4,0.2,0,0.846025,-1.3629,0
20.4,0.3,0,0.888695,-1.30786,0
20.4,0.4,0,0.930742,-1.25339,0
20.4,0.5,0,0.972166,-1.19947,0
20.4,0.6,0,0.976682,-1.18165,0
20.4,0.7,0,0.969212,-1.17608,0
20.4,0.8,0,0.960751,-1.17151,0
20.4,0.9,0,0.964936,-1.15677,0
20.4,1,0,1.00749,-1.11237,0
20.4,1.1,0,1.04961,-1.06846,0
20.4,1.2,0,1.09129,-1.02504,0
20.4,1.3,0,1.09175,-1.00539,0
20.4,1.4,0,1.07879,-0.993908,0
20.4,1.5,0,1.06487,-0.983185,0
20.4,1.6,0,1.06462,-0.966406,0
20.4,1.7,0,1.1055,-0.931936,0
20.4,1.8,0,1.14606,-0.897815,0
20.4,1.9,0,1.18629,-0.864042,0
20.4,2,0,1.18661,-0.843364,0
20.4,2.1,0,1.17389,-0.827265,0
20.4,2.2,0,1.16056,-0.811823,0
20.4,2.3,0,1.15847,-0.793303,0
20.4,2.4,0,1.1903,-0.766038,0
20.4,2.5,0,1.22177,-0.739117,0
20.4,2.6,0,1.25287,-0.712539,0
20.4,2.7,0,1.25583,-0.691447,0
20.4,2.8,0,1.24959,-0.672368,0
20.4,2.9,0,1.24306,-0.653822,0
20.4,3,0,1.24326,-0.634678,0
20.4,3.1,0,1.26433,-0.613795,0
20.4,3.2,0,1.28528,-0.593161,0
20.4,3.3,0,1.30613,-0.572774,0
20.4,3.4,0,1.31175,-0.55278,0
20.4,3.5,0,1.31237,-0.532992,0
20.4,3.6,0,1.31304,-0.51359,0
20.4,3.7,0,1.31747,-0.494551,0
20.4,3.8,0,1.33354,-0.47637,0
20.4,3.9,0,1.3497,-0.458276,0
20.4,4,0,1.36595,-0.440267,0
20.4,4.1,0,1.37394,-0.420929,0
20.4,4.2,0,1.37912,-0.401126,0
20.4,4.3,0,1.38451,-0.381502,0
20.4,4.4,0,1.39199,-0.362132,0
20.4,4.5,0,1.40587,-0.343306,0
20.4,4.6,0,1.41999,-0.324523,0
20.4,4.7,0,1.43435,-0.305785,0
20.4,4.8,0,1.44191,-0.286182,0
20.4,4.9,0,1.44731,-0.266114,0
20.4,5,0,1.45375,-0.246067,0
20.4,5.1,0,1.46262,-0.228173,0
20.4,5.2,0,1.47872,-0.215398,0
20.4,5.3,0,1.49558,-0.202667,0
20.4,5.4,0,1.51319,-0.18998,0
20.4,5.5,0,1.52736,-0.165082,0
20.4,5.6,0,1.54032,-0.135762,0
20.4,5.7,0,1.55529,-0.106849,0
20.4,5.8,0,1.56843,-0.0843102,0
20.4,5.9,0,1.57636,-0.0777312,0
20.4,6,0,1.58541,-0.0714198,0
20.4,6.1,0,1.59557,-0.065376,0
20.4,6.2,0,1.61195,-0.0407759,0
20.4,6.3,0,1.6306,-0.00901716,0
20.4,6.4,0,1.65308,0.0172573,0
20.4,6.5,0,1.64268,0.0385772,0
20.4,6.6,0,1.54186,0.0486879,0
20.4,6.7,0,1.43984,0.0549623,0
20.4,6.8,0,1.3366,0.0574004,0
20.4,6.9,0,1.10158,0.0498192,0
20.4,7,0,0.830848,0.0388041,0
20.4,7.1,0,0.263182,-0.0481471,0
20.4,7.2,0,0.0969195,-0.119442,0
20.4,7.3,0,-0.00156099,-0.142956,0
20.4,7.4,0,-0.0615021,-0.159723,0
20.4,7.5,0,-0.0967444,-0.156343,0
20.4,7.6,0,-0.107542,-0.148187,0
20.4,7.7,0,-0.0944445,-0.13701,0
20.4,7.8,0,-0.0559907,-0.127259,0
20.4,7.9,0,0.0111671,-0.121136,0
20.4,8,0,0.150299,-0.137196,0
20.4,8.1,0,0.238375,-0.160068,0
20.4,8.2,0,0.445413,-0.122145,0
20.4,8.3,0,0.67318,-0.0843395,0
20.4,8.4,0,0.868763,-0.0256007,0
20.4,8.5,0,1.02036,0.055226,0
20.4,8.6,0,1.16211,0.12258,0
20.4,8.7,0,1.25266,0.187971,0
20.4,8.8,0,1.34624,0.242642,0
20.4,8.9,0,1.40002,0.300422,0
20.4,9,0,1.44772,0.356928,0
20.4,9.1,0,1.47931,0.406885,0
20.4,9.2,0,1.49003,0.45192,0
20.4,9.3,0,1.50443,0.495233,0
20.4,9.4,0,1.50038,0.531356,0
20.4,9.5,0,1.50347,0.569632,0
20.4,9.6,0,1.48864,0.600991,0
20.4,9.7,0,1.47144,0.632853,0
20.4,9.8,0,1.45591,0.662542,0
20.4,9.9,0,1.44055,0.687854,0
20.4,10,0,1.42783,0.716918,0
20.4,10.1,0,1.39863,0.73916,0
20.4,10.2,0,1.37188,0.766535,0
20.4,10.3,0,1.3537,0.787417,0
20.4,10.4,0,1.34103,0.808304,0
20.4,10.5,0,1.32249,0.831189,0
20.4,10.6,0,1.28967,0.853054,0
20.4,10.7,0,1.25933,0.879415,0
20.4,10.8,0,1.24996,0.895141,0
20.4,10.9,0,1.24319,0.914399,0
20.4,11,0,1.21845,0.937819,0
20.4,11.1,0,1.1831,0.96528,0
20.4,11.2,0,1.15713,0.990504,0
20.4,11.3,0,1.15422,1.00376,0
20.4,11.4,0,1.15124,1.02074,0
20.4,11.5,0,1.11648,1.05265,0
20.4,11.6,0,1.0785,1.08864,0
20.4,11.7,0,1.06257,1.10981,0
20.4,11.8,0,1.0626,1.12054,0
20.4,11.9,0,1.05367,1.13999,0
20.4,12,0,1.01333,1.1831,0
20.4,12.1,0,0.972482,1.22886,0
20.4,12.2,0,0.968732,1.23902,0
20.4,12.3,0,0.969519,1.24585,0
20.4,12.4,0,0.947844,1.27727,0
20.4,12.5,0,0.905324,1.33092,0
20.4,12.6,0,0.869877,1.37651,0
20.4,12.7,0,0.870594,1.37528,0
20.5,0,0,0.806086,-1.35485,0
20.5,0.1,0,0.813461,-1.34569,0
20.5,0.2,0,0.835079,-1.31948,0
20.5,0.3,0,0.859567,-1.28934,0
20.5,0.4,0,0.901614,-1.23487,0
20.5,0.5,0,0.922568,-1.20231,0
20.5,0.6,0,0.94029,-1.17312,0
20.5,0.7,0,0.941981,-1.15896,0
20.5,0.8,0,0.94292,-1.14741,0
20.5,0.9,0,0.960308,-1.12362,0
20.5,1,0,0.981129,-1.09702,0
20.5,1.1,0,1.02325,-1.05311,0
20.5,1.2,0,1.04195,-1.02398,0
20.5,1.3,0,1.05702,-0.997113,0
20.5,1.4,0,1.05425,-0.980034,0
20.5,1.5,0,1.05033,-0.965131,0
20.5,1.6,0,1.06389,-0.942911,0
20.5,1.7,0,1.08118,-0.919021,0
20.5,1.8,0,1.12174,-0.884899,0
20.5,1.9,0,1.13964,-0.859191,0
20.5,2,0,1.15402,-0.834757,0
20.5,2.1,0,1.15116,-0.815626,0
20.5,2.2,0,1.1461,-0.798173,0
20.5,2.3,0,1.15551,-0.777201,0
20.5,2.4,0,1.16798,-0.75537,0
20.5,2.5,0,1.19945,-0.728449,0
20.5,2.6,0,1.21479,-0.705481,0
20.5,2.7,0,1.22764,-0.683083,0
20.5,2.8,0,1.22834,-0.662796,0
20.5,2.9,0,1.22702,-0.643843,0
20.5,3,0,1.23482,-0.624174,0
20.5,3.1,0,1.24443,-0.60434,0
20.5,3.2,0,1.26538,-0.583705,0
20.5,3.3,0,1.27762,-0.563729,0
20.5,3.4,0,1.28849,-0.543817,0
20.5,3.5,0,1.29284,-0.523983,0
20.5,3.6,0,1.29642,-0.504737,0
20.5,3.7,0,1.30508,-0.485763,0
20.5,3.8,0,1.31476,-0.466897,0
20.5,3.9,0,1.33092,-0.448802,0
20.5,4,0,1.34226,-0.429975,0
20.5,4.1,0,1.35283,-0.411018,0
20.5,4.2,0,1.35997,-0.391523,0
20.5,4.3,0,1.36694,-0.371983,0
20.5,4.4,0,1.37669,-0.352589,0
20.5,4.5,0,1.387,-0.333273,0
20.5,4.6,0,1.40112,-0.314491,0
20.5,4.7,0,1.4118,-0.294815,0
20.5,4.8,0,1.42189,-0.27499,0
20.5,4.9,0,1.42899,-0.25501,0
20.5,5,0,1.43719,-0.235905,0
20.5,5.1,0,1.44844,-0.218448,0
20.5,5.2,0,1.46035,-0.201629,0
20.5,5.3,0,1.47721,-0.188898,0
20.5,5.4,0,1.4927,-0.168312,0
20.5,5.5,0,1.50785,-0.146479,0
20.5,5.6,0,1.52161,-0.119881,0
20.5,5.7,0,1.53537,-0.0941257,0
20.5,5.8,0,1.54702,-0.0738953,0
20.5,5.9,0,1.55816,-0.0555264,0
20.5,6,0,1.56721,-0.049215,0
20.5,6.1,0,1.58147,-0.0300859,0
20.5,6.2,0,1.59637,-0.0088906,0
20.5,6.3,0,1.61366,0.0190269,0
20.5,6.4,0,1.61607,0.0434065,0
20.5,6.5,0,1.58336,0.0644702,0
20.5,6.6,0,1.54136,0.0840403,0
20.5,6.7,0,1.43933,0.0903147,0
20.5,6.8,0,1.28047,0.0867522,0
20.5,6.9,0,1.11284,0.0822422,0
20.5,7,0,0.87959,0.0735927,0
20.5,7.1,0,0.335881,-0.0161738,0
20.5,7.2,0,0.146593,-0.0935784,0
20.5,7.3,0,0.0226784,-0.131924,0
20.5,7.4,0,-0.0557619,-0.159609,0
20.5,7.5,0,-0.101879,-0.168255,0
20.5,7.6,0,-0.117513,-0.170037,0
20.5,7.7,0,-0.104637,-0.167595,0
20.5,7.8,0,-0.0636223,-0.164082,0
20.5,7.9,0,0.00631393,-0.160511,0
20.5,8,0,0.144229,-0.171224,0
20.5,8.1,0,0.263225,-0.173482,0
20.5,8.2,0,0.411939,-0.157464,0
20.5,8.3,0,0.627632,-0.114868,0
20.5,8.4,0,0.801004,-0.0624588,0
20.5,8.5,0,0.95824,0.00903191,0
20.5,8.6,0,1.08172,0.0741349,0
20.5,8.7,0,1.19045,0.13915,0
20.5,8.8,0,1.27328,0.196296,0
20.5,8.9,0,1.34564,0.255152,0
20.5,9,0,1.39063,0.311337,0
20.5,9.1,0,1.42545,0.364044,0
20.5,9.2,0,1.44464,0.411517,0
20.5,9.3,0,1.45662,0.45529,0
20.5,9.4,0,1.46254,0.496418,0
20.5,9.5,0,1.46144,0.533907,0
20.5,9.6,0,1.45649,0.570762,0
20.5,9.7,0,1.43983,0.602494,0
20.5,9.8,0,1.42709,0.633886,0
20.5,9.9,0,1.41309,0.661881,0
20.5,10,0,1.39608,0.689991,0
20.5,10.1,0,1.37429,0.716067,0
20.5,10.2,0,1.35061,0.741753,0
20.5,10.3,0,1.33165,0.766069,0
20.5,10.4,0,1.31786,0.787382,0
20.5,10.5,0,1.29614,0.810699,0
20.5,10.6,0,1.26813,0.833554,0
20.5,10.7,0,1.24539,0.856655,0
20.5,10.8,0,1.22859,0.876795,0
20.5,10.9,0,1.21622,0.897111,0
20.5,11,0,1.1947,0.920263,0
20.5,11.1,0,1.16145,0.947261,0
20.5,11.2,0,1.14209,0.968972,0
20.5,11.3,0,1.13143,0.986406,0
20.5,11.4,0,1.11646,1.00876,0
20.5,11.5,0,1.09235,1.03534,0
20.5,11.6,0,1.06031,1.06688,0
20.5,11.7,0,1.04078,1.08994,0
20.5,11.8,0,1.03742,1.10302,0
20.5,11.9,0,1.01693,1.13017,0
20.5,12,0,0.986655,1.16523,0
20.5,12.1,0,0.958535,1.198,0
20.5,12.2,0,0.940901,1.22036,0
20.5,12.3,0,0.93565,1.23323,0
20.5,12.4,0,0.914038,1.263,0
20.5,12.5,0,0.876082,1.31153,0
20.5,12.6,0,0.852451,1.34011,0
20.5,12.7,0,0.840166,1.35467,0
20.6,0,0,0.776277,-1.33307,0
20.6,0.1,0,0.783613,-1.32384,0
20.6,0.2,0,0.805231,-1.29763,0
20.6,0.3,0,0.830048,-1.26807,0
20.6,0.4,0,0.874472,-1.21771,0
20.6,0.5,0,0.895747,-1.1857,0
20.6,0.6,0,0.913469,-1.15651,0
20.6,0.7,0,0.91543,-1.14129,0
20.6,0.8,0,0.91654,-1.12851,0
20.6,0.9,0,0.933929,-1.10472,0
20.6,1,0,0.954878,-1.07876,0
20.6,1.1,0,0.997898,-1.03945,0
20.6,1.2,0,1.01672,-1.01093,0
20.6,1.3,0,1.03179,-0.984061,0
20.6,1.4,0,1.03032,-0.965689,0
20.6,1.5,0,1.02771,-0.949466,0
20.6,1.6,0,1.04127,-0.927246,0
20.6,1.7,0,1.0583,-0.903857,0
20.6,1.8,0,1.09684,-0.873359,0
20.6,1.9,0,1.11446,-0.848137,0
20.6,2,0,1.12883,-0.823703,0
20.6,2.1,0,1.12881,-0.803615,0
20.6,2.2,0,1.12659,-0.785113,0
20.6,2.3,0,1.136,-0.764141,0
20.6,2.4,0,1.14798,-0.742737,0
20.6,2.5,0,1.17575,-0.718887,0
20.6,2.6,0,1.19058,-0.69633,0
20.6,2.7,0,1.20343,-0.673932,0
20.6,2.8,0,1.20731,-0.652908,0
20.6,2.9,0,1.20909,-0.63317,0
20.6,3,0,1.21689,-0.613501,0
20.6,3.1,0,1.22611,-0.593872,0
20.6,3.2,0,1.24419,-0.574654,0
20.6,3.3,0,1.25603,-0.554859,0
20.6,3.4,0,1.26691,-0.534947,0
20.6,3.5,0,1.27333,-0.514768,0
20.6,3.6,0,1.27887,-0.495097,0
20.6,3.7,0,1.28753,-0.476123,0
20.6,3.8,0,1.29693,-0.45728,0
20.6,3.9,0,1.31097,-0.439274,0
20.6,4,0,1.32201,-0.420447,0
20.6,4.1,0,1.33258,-0.401491,0
20.6,4.2,0,1.3407,-0.38188,0
20.6,4.3,0,1.34861,-0.362076,0
20.6,4.4,0,1.35835,-0.342682,0
20.6,4.5,0,1.36849,-0.323345,0
20.6,4.6,0,1.38129,-0.304279,0
20.6,4.7,0,1.39178,-0.284546,0
20.6,4.8,0,1.40188,-0.264722,0
20.6,4.9,0,1.41003,-0.244018,0
20.6,5,0,1.41924,-0.223939,0
20.6,5.1,0,1.43049,-0.206481,0
20.6,5.2,0,1.44209,-0.189318,0
20.6,5.3,0,1.45679,-0.173666,0
20.6,5.4,0,1.47199,-0.152629,0
20.6,5.5,0,1.48715,-0.130796,0
20.6,5.6,0,1.5013,-0.1041,0
20.6,5.7,0,1.51612,-0.0775294,0
20.6,5.8,0,1.52777,-0.057299,0
20.6,5.9,0,1.53865,-0.0378038,0
20.6,6,0,1.54713,-0.0221438,0
20.6,6.1,0,1.56149,-0.00159127,0
20.6,6.2,0,1.57639,0.019604,0
20.6,6.3,0,1.59318,0.0483921,0
20.6,6.4,0,1.59729,0.0779801,0
20.6,6.5,0,1.56458,0.0990438,0
20.6,6.6,0,1.5259,0.119293,0
20.6,6.7,0,1.455,0.134464,0
20.6,6.8,0,1.30131,0.132649,0
20.6,6.9,0,1.13368,0.128139,0
20.6,7,0,0.928902,0.115447,0
20.6,7.1,0,0.414161,0.0282797,0
20.6,7.2,0,0.208873,-0.0518279,0
20.6,7.3,0,0.0638985,-0.101385,0
20.6,7.4,0,-0.0323686,-0.139074,0
20.6,7.5,0,-0.0906688,-0.159334,0
20.6,7.6,0,-0.113522,-0.171315,0
20.6,7.7,0,-0.103882,-0.177883,0
20.6,7.8,0,-0.0636965,-0.181315,0
20.6,7.9,0,0.00573316,-0.182073,0
20.6,8,0,0.139634,-0.191699,0
20.6,8.1,0,0.251965,-0.195137,0
20.6,8.2,0,0.397158,-0.179635,0
20.6,8.3,0,0.572408,-0.147,0
20.6,8.4,0,0.74578,-0.0945903,0
20.6,8.5,0,0.894605,-0.0325847,0
20.6,8.6,0,1.01581,0.0304405,0
20.6,8.7,0,1.12857,0.0963475,0
20.6,8.8,0,1.21204,0.151992,0
20.6,8.9,0,1.28475,0.210981,0
20.6,9,0,1.33705,0.269248,0
20.6,9.1,0,1.37187,0.321956,0
20.6,9.2,0,1.39871,0.372675,0
20.6,9.3,0,1.41209,0.416982,0
20.6,9.4,0,1.42106,0.460115,0
20.6,9.5,0,1.42332,0.500263,0
20.6,9.6,0,1.41837,0.537117,0
20.6,9.7,0,1.40864,0.572321,0
20.6,9.8,0,1.39589,0.603712,0
20.6,9.9,0,1.38424,0.634369,0
20.6,10,0,1.36797,0.66343,0
20.6,10.1,0,1.3476,0.690066,0
20.6,10.2,0,1.32697,0.716789,0
20.6,10.3,0,1.30801,0.741105,0
20.6,10.4,0,1.29446,0.765193,0
20.6,10.5,0,1.27274,0.78851,0
20.6,10.6,0,1.24604,0.811708,0
20.6,10.7,0,1.22418,0.83478,0
20.6,10.8,0,1.20686,0.85571,0
20.6,10.9,0,1.1936,0.877781,0
20.6,11,0,1.17208,0.900933,0
20.6,11.1,0,1.13925,0.926996,0
20.6,11.2,0,1.1199,0.948707,0
20.6,11.3,0,1.10811,0.967818,0
20.6,11.4,0,1.09262,0.991036,0
20.6,11.5,0,1.06833,1.01722,0
20.6,11.6,0,1.0357,1.04708,0
20.6,11.7,0,1.01617,1.07013,0
20.6,11.8,0,1.01184,1.08512,0
20.6,11.9,0,0.991322,1.11233,0
20.6,12,0,0.960091,1.14606,0
20.6,12.1,0,0.931251,1.1777,0
20.6,12.2,0,0.913566,1.20022,0
20.6,12.3,0,0.908003,1.21391,0
20.6,12.4,0,0.886391,1.24368,0
20.6,12.5,0,0.846461,1.29009,0
20.6,12.6,0,0.822636,1.31844,0
20.6,12.7,0,0.810348,1.33304,0
20.7,0,0,0.747478,-1.31062,0
20.7,0.1,0,0.746654,-1.31109,0
20.7,0.2,0,0.757466,-1.29907,0
20.7,0.3,0,0.802541,-1.24824,0
20.7,0.4,0,0.846965,-1.19789,0
20.7,0.5,0,0.890739,-1.14799,0
20.7,0.6,0,0.896603,-1.13029,0
20.7,0.7,0,0.889558,-1.12306,0
20.7,0.8,0,0.881367,-1.11657,0
20.7,0.9,0,0.886183,-1.102,0
20.7,1,0,0.929683,-1.06228,0
20.7,1.1,0,0.972703,-1.02296,0
20.7,1.2,0,1.01525,-0.984046,0
20.7,1.3,0,1.01792,-0.964388,0
20.7,1.4,0,1.00699,-0.950872,0
20.7,1.5,0,0.99513,-0.938076,0
20.7,1.6,0,0.995977,-0.920917,0
20.7,1.7,0,1.03494,-0.890123,0
20.7,1.8,0,1.07348,-0.859625,0
20.7,1.9,0,1.11159,-0.82942,0
20.7,2,0,1.1151,-0.808836,0
20.7,2.1,0,1.10684,-0.791232,0
20.7,2.2,0,1.09798,-0.774141,0
20.7,2.3,0,1.09845,-0.755403,0
20.7,2.4,0,1.12661,-0.731268,0
20.7,2.5,0,1.15439,-0.707418,0
20.7,2.6,0,1.18177,-0.683854,0
20.7,2.7,0,1.18776,-0.662942,0
20.7,2.8,0,1.18651,-0.642702,0
20.7,2.9,0,1.18485,-0.622925,0
20.7,3,0,1.18831,-0.603273,0
20.7,3.1,0,1.20654,-0.583887,0
20.7,3.2,0,1.22462,-0.564669,0
20.7,3.3,0,1.24256,-0.545619,0
20.7,3.4,0,1.24996,-0.525678,0
20.7,3.5,0,1.25384,-0.505346,0
20.7,3.6,0,1.2576,-0.485278,0
20.7,3.7,0,1.26399,-0.465702,0
20.7,3.8,0,1.27799,-0.447691,0
20.7,3.9,0,1.29203,-0.429684,0
20.7,4,0,1.30611,-0.411683,0
20.7,4.1,0,1.31461,-0.392182,0
20.7,4.2,0,1.32133,-0.372197,0
20.7,4.3,0,1.32818,-0.352158,0
20.7,4.4,0,1.33645,-0.332348,0
20.7,4.5,0,1.34902,-0.313372,0
20.7,4.6,0,1.36182,-0.294306,0
20.7,4.7,0,1.37485,-0.275149,0
20.7,4.8,0,1.38336,-0.254342,0
20.7,4.9,0,1.3904,-0.233137,0
20.7,5,0,1.39844,-0.21156,0
20.7,5.1,0,1.40784,-0.191239,0
20.7,5.2,0,1.4217,-0.175938,0
20.7,5.3,0,1.43639,-0.160286,0
20.7,5.4,0,1.45192,-0.144286,0
20.7,5.5,0,1.4658,-0.117892,0
20.7,5.6,0,1.47939,-0.088418,0
20.7,5.7,0,1.49602,-0.0582245,0
20.7,5.8,0,1.50989,-0.0311426,0
20.7,5.9,0,1.51592,-0.0163043,0
20.7,6,0,1.5244,-0.000644255,0
20.7,6.1,0,1.53533,0.0158376,0
20.7,6.2,0,1.55129,0.0459516,0
20.7,6.3,0,1.56916,0.0790785,0
20.7,6.4,0,1.59432,0.113538,0
20.7,6.5,0,1.59631,0.144336,0
20.7,6.6,0,1.51982,0.15943,0
20.7,6.7,0,1.44892,0.1746,0
20.7,6.8,0,1.38361,0.189849,0
20.7,6.9,0,1.20478,0.181734,0
20.7,7,0,0.978786,0.164366,0
20.7,7.1,0,0.49802,0.0852133,0
20.7,7.2,0,0.283759,0.00580896,0
20.7,7.3,0,0.122099,-0.05134,0
20.7,7.4,0,0.00867797,-0.0981183,0
20.7,7.5,0,-0.0631152,-0.129579,0
20.7,7.6,0,-0.0955702,-0.15202,0
20.7,7.7,0,-0.0921772,-0.167874,0
20.7,7.8,0,-0.0562134,-0.178959,0
20.7,7.9,0,0.00942483,-0.185822,0
20.7,8,0,0.136514,-0.198619,0
20.7,8.1,0,0.20899,-0.224254,0
20.7,8.2,0,0.36919,-0.193343,0
20.7,8.3,0,0.54374,-0.169468,0
20.7,8.4,0,0.698913,-0.128242,0
20.7,8.5,0,0.840137,-0.059828,0
20.7,8.6,0,0.966873,-0.00795521,0
20.7,8.7,0,1.0681,0.0597981,0
20.7,8.8,0,1.16244,0.110987,0
20.7,8.9,0,1.22758,0.171848,0
20.7,9,0,1.28348,0.230482,0
20.7,9.1,0,1.32564,0.283726,0
20.7,9.2,0,1.34831,0.333894,0
20.7,9.3,0,1.37229,0.381326,0
20.7,9.4,0,1.37782,0.423672,0
20.7,9.5,0,1.38694,0.46687,0
20.7,9.6,0,1.38187,0.503594,0
20.7,9.7,0,1.37268,0.539499,0
20.7,9.8,0,1.36425,0.574079,0
20.7,9.9,0,1.35273,0.603643,0
20.7,10,0,1.34391,0.637157,0
20.7,10.1,0,1.32009,0.661762,0
20.7,10.2,0,1.29866,0.6909,0
20.7,10.3,0,1.28264,0.715332,0
20.7,10.4,0,1.27024,0.739466,0
20.7,10.5,0,1.25313,0.764983,0
20.7,10.6,0,1.22246,0.787546,0
20.7,10.7,0,1.19508,0.814089,0
20.7,10.8,0,1.18386,0.833276,0
20.7,10.9,0,1.17581,0.855213,0
20.7,11,0,1.15059,0.879375,0
20.7,11.1,0,1.11569,0.905788,0
20.7,11.2,0,1.08967,0.930972,0
20.7,11.3,0,1.08456,0.94747,0
20.7,11.4,0,1.07999,0.967011,0
20.7,11.5,0,1.04384,0.997203,0
20.7,11.6,0,1.00505,1.03064,0
20.7,11.7,0,0.987871,1.05209,0
20.7,11.8,0,0.986709,1.06516,0
20.7,11.9,0,0.976175,1.08555,0
20.7,12,0,0.933834,1.1259,0
20.7,12.1,0,0.891073,1.16866,0
20.7,12.2,0,0.886485,1.17937,0
20.7,12.3,0,0.886838,1.1873,0
20.7,12.4,0,0.863287,1.21765,0
20.7,12.5,0,0.818224,1.26859,0
20.7,12.6,0,0.78043,1.31154,0
20.7,12.7,0,0.781139,1.31041,0
20.8,0,0,0.71868,-1.28818,0
20.8,0.1,0,0.733849,-1.27186,0
20.8,0.2,0,0.756481,-1.24772,0
20.8,0.3,0,0.779114,-1.22357,0
20.8,0.4,0,0.814955,-1.18205,0
20.8,0.5,0,0.833962,-1.15411,0
20.8,0.6,0,0.852968,-1.12618,0
20.8,0.7,0,0.863686,-1.10482,0
20.8,0.8,0,0.873298,-1.08748,0
20.8,0.9,0,0.891218,-1.06507,0
20.8,1,0,0.909139,-1.04265,0
20.8,1.1,0,0.94278,-1.00891,0
20.8,1.2,0,0.959316,-0.983347,0
20.8,1.3,0,0.975852,-0.957784,0
20.8,1.4,0,0.983649,-0.936055,0
20.8,1.5,0,0.989113,-0.917414,0
20.8,1.6,0,1.00266,-0.896045,0
20.8,1.7,0,1.01621,-0.874676,0
20.8,1.8,0,1.04601,-0.847133,0
20.8,1.9,0,1.06148,-0.823759,0
20.8,2,0,1.07696,-0.800386,0
20.8,2.1,0,1.08488,-0.778849,0
20.8,2.2,0,1.0888,-0.759601,0
20.8,2.3,0,1.09869,-0.739347,0
20.8,2.4,0,1.10858,-0.719093,0
20.8,2.5,0,1.13046,-0.696341,0
20.8,2.6,0,1.14375,-0.674936,0
20.8,2.7,0,1.15704,-0.653531,0
20.8,2.8,0,1.16571,-0.632497,0
20.8,2.9,0,1.17116,-0.612912,0
20.8,3,0,1.17992,-0.593417,0
20.8,3.1,0,1.18869,-0.573922,0
20.8,3.2,0,1.20378,-0.554608,0
20.8,3.3,0,1.21472,-0.535138,0
20.8,3.4,0,1.22566,-0.515669,0
20.8,3.5,0,1.23436,-0.495925,0
20.8,3.6,0,1.24175,-0.476512,0
20.8,3.7,0,1.25085,-0.457406,0
20.8,3.8,0,1.25995,-0.4383,0
20.8,3.9,0,1.2724,-0.419908,0
20.8,4,0,1.28262,-0.400878,0
20.8,4.1,0,1.29284,-0.381848,0
20.8,4.2,0,1.30195,-0.362514,0
20.8,4.3,0,1.31073,-0.34276,0
20.8,4.4,0,1.3204,-0.323138,0
20.8,4.5,0,1.33007,-0.303516,0
20.8,4.6,0,1.34179,-0.284081,0
20.8,4.7,0,1.35177,-0.263543,0
20.8,4.8,0,1.36174,-0.243005,0
20.8,4.9,0,1.37078,-0.222255,0
20.8,5,0,1.38059,-0.202148,0
20.8,5.1,0,1.39124,-0.182727,0
20.8,5.2,0,1.40188,-0.163307,0
20.8,5.3,0,1.41571,-0.145517,0
20.8,5.4,0,1.42967,-0.121875,0
20.8,5.5,0,1.44364,-0.0982336,0
20.8,5.6,0,1.45748,-0.072736,0
20.8,5.7,0,1.47028,-0.046219,0
20.8,5.8,0,1.48128,-0.0214176,0
20.8,5.9,0,1.49229,0.00338375,0
20.8,6,0,1.50221,0.0230247,0
20.8,6.1,0,1.5161,0.0514382,0
20.8,6.2,0,1.52998,0.0798517,0
20.8,6.3,0,1.54514,0.109765,0
20.8,6.4,0,1.54045,0.140153,0
20.8,6.5,0,1.52184,0.168642,0
20.8,6.6,0,1.50322,0.19713,0
20.8,6.7,0,1.43223,0.212399,0
20.8,6.8,0,1.30856,0.21479,0
20.8,6.9,0,1.1849,0.217182,0
20.8,7,0,1.02867,0.213286,0
20.8,7.1,0,0.58188,0.142147,0
20.8,7.2,0,0.358645,0.0634459,0
20.8,7.3,0,0.1803,-0.00129507,0
20.8,7.4,0,0.0497245,-0.0571624,0
20.8,7.5,0,-0.0355616,-0.0998243,0
20.8,7.6,0,-0.0776186,-0.132726,0
20.8,7.7,0,-0.0804729,-0.157864,0
20.8,7.8,0,-0.0487303,-0.176603,0
20.8,7.9,0,0.0131165,-0.189572,0
20.8,8,0,0.133394,-0.205539,0
20.8,8.1,0,0.237725,-0.206944,0
20.8,8.2,0,0.35071,-0.201766,0
20.8,8.3,0,0.503611,-0.172923,0
20.8,8.4,0,0.645973,-0.136354,0
20.8,8.5,0,0.78407,-0.0868153,0
20.8,8.6,0,0.896788,-0.0329169,0
20.8,8.7,0,1.00763,0.0232487,0
20.8,8.8,0,1.08949,0.0784872,0
20.8,8.9,0,1.16653,0.134304,0
20.8,9,0,1.22131,0.190688,0
20.8,9.1,0,1.26405,0.243806,0
20.8,9.2,0,1.2977,0.295062,0
20.8,9.3,0,1.31695,0.341378,0
20.8,9.4,0,1.33458,0.387228,0
20.8,9.5,0,1.33903,0.428286,0
20.8,9.6,0,1.3418,0.468475,0
20.8,9.7,0,1.33616,0.504919,0
20.8,9.8,0,1.32942,0.539666,0
20.8,9.9,0,1.32122,0.572917,0
20.8,10,0,1.30728,0.603414,0
20.8,10.1,0,1.29257,0.633458,0
20.8,10.2,0,1.2742,0.660682,0
20.8,10.3,0,1.25815,0.687703,0
20.8,10.4,0,1.24252,0.713043,0
20.8,10.5,0,1.2225,0.738502,0
20.8,10.6,0,1.19888,0.763384,0
20.8,10.7,0,1.17952,0.787248,0
20.8,10.8,0,1.16086,0.810842,0
20.8,10.9,0,1.14445,0.833726,0
20.8,11,0,1.12265,0.858136,0
20.8,11.1,0,1.09579,0.883121,0
20.8,11.2,0,1.07606,0.906016,0
20.8,11.3,0,1.06101,0.927122,0
20.8,11.4,0,1.0409,0.951908,0
20.8,11.5,0,1.01873,0.977391,0
20.8,11.6,0,0.9904,1.0047,0
20.8,11.7,0,0.970116,1.02783,0
20.8,11.8,0,0.957614,1.04756,0
20.8,11.9,0,0.935235,1.07489,0
20.8,12,0,0.907578,1.10574,0
20.8,12.1,0,0.882706,1.13288,0
20.8,12.2,0,0.861334,1.15697,0
20.8,12.3,0,0.848547,1.17634,0
20.8,12.4,0,0.825583,1.20536,0
20.8,12.5,0,0.793082,1.24335,0
20.8,12.6,0,0.76996,1.26836,0
20.8,12.7,0,0.75193,1.28778,0
20.9,0,0,0.691443,-1.26494,0
20.9,0.1,0,0.691696,-1.26418,0
20.9,0.2,0,0.714329,-1.24004,0
20.9,0.3,0,0.747932,-1.20568,0
20.9,0.4,0,0.794038,-1.15945,0
20.9,0.5,0,0.825063,-1.12337,0
20.9,0.6,0,0.844069,-1.09543,0
20.9,0.7,0,0.83894,-1.08594,0
20.9,0.8,0,0.832603,-1.07728,0
20.9,0.9,0,0.850523,-1.05486,0
20.9,1,0,0.880145,-1.02651,0
20.9,1.1,0,0.923309,-0.991348,0
20.9,1.2,0,0.951721,-0.961566,0
20.9,1.3,0,0.968257,-0.936003,0
20.9,1.4,0,0.961169,-0.920598,0
20.9,1.5,0,0.953117,-0.905976,0
20.9,1.6,0,0.966663,-0.884607,0
20.9,1.7,0,0.990489,-0.860464,0
20.9,1.8,0,1.02618,-0.833253,0
20.9,1.9,0,1.05062,-0.808255,0
20.9,2,0,1.0661,-0.784882,0
20.9,2.1,0,1.0635,-0.766024,0
20.9,2.2,0,1.06005,-0.747703,0
20.9,2.3,0,1.06994,-0.727448,0
20.9,2.4,0,1.08646,-0.70658,0
20.9,2.5,0,1.11057,-0.685196,0
20.9,2.6,0,1.1286,-0.663901,0
20.9,2.7,0,1.14189,-0.642496,0
20.9,2.8,0,1.14535,-0.621881,0
20.9,2.9,0,1.14811,-0.601734,0
20.9,3,0,1.15688,-0.582239,0
20.9,3.1,0,1.16887,-0.563203,0
20.9,3.2,0,1.18458,-0.544827,0
20.9,3.3,0,1.19761,-0.525905,0
20.9,3.4,0,1.20855,-0.506435,0
20.9,3.5,0,1.21504,-0.486302,0
20.9,3.6,0,1.22122,-0.466337,0
20.9,3.7,0,1.23032,-0.447231,0
20.9,3.8,0,1.24092,-0.428589,0
20.9,3.9,0,1.25329,-0.410456,0
20.9,4,0,1.26448,-0.391813,0
20.9,4.1,0,1.27471,-0.372783,0
20.9,4.2,0,1.28249,-0.352981,0
20.9,4.3,0,1.29029,-0.332905,0
20.9,4.4,0,1.29997,-0.313283,0
20.9,4.5,0,1.31035,-0.293851,0
20.9,4.6,0,1.32177,-0.27441,0
20.9,4.7,0,1.33248,-0.254262,0
20.9,4.8,0,1.34245,-0.233725,0
20.9,4.9,0,1.35026,-0.211953,0
20.9,5,0,1.35893,-0.189428,0
20.9,5.1,0,1.36957,-0.170007,0
20.9,5.2,0,1.38059,-0.151431,0
20.9,5.3,0,1.3928,-0.133042,0
20.9,5.4,0,1.4063,-0.111412,0
20.9,5.5,0,1.42027,-0.0877704,0
20.9,5.6,0,1.43288,-0.0585707,0
20.9,5.7,0,1.44785,-0.0269716,0
20.9,5.8,0,1.45886,-0.00217028,0
20.9,5.9,0,1.46674,0.020688,0
20.9,6,0,1.47333,0.043706,0
20.9,6.1,0,1.485,0.0707995,0
20.9,6.2,0,1.49889,0.099213,0
20.9,6.3,0,1.51424,0.13589,0
20.9,6.4,0,1.5349,0.180422,0
20.9,6.5,0,1.51628,0.20891,0
20.9,6.6,0,1.48361,0.233202,0
20.9,6.7,0,1.43957,0.257009,0
20.9,6.8,0,1.35459,0.271204,0
20.9,6.9,0,1.23092,0.273595,0
20.9,7,0,1.06133,0.260512,0
20.9,7.1,0,0.650271,0.200623,0
20.9,7.2,0,0.430325,0.126956,0
20.9,7.3,0,0.247173,0.0606466,0
20.9,7.4,0,0.107556,0.000373697,0
20.9,7.5,0,0.0122196,-0.0497496,0
20.9,7.6,0,-0.0394108,-0.0909451,0
20.9,7.7,0,-0.0505707,-0.124246,0
20.9,7.8,0,-0.0259772,-0.150426,0
20.9,7.9,0,0.0291911,-0.169915,0
20.9,8,0,0.140178,-0.191623,0
20.9,8.1,0,0.214772,-0.206308,0
20.9,8.2,0,0.337332,-0.195853,0
20.9,8.3,0,0.468622,-0.188015,0
20.9,8.4,0,0.610984,-0.151446,0
20.9,8.5,0,0.736466,-0.104547,0
20.9,8.6,0,0.847698,-0.0583767,0
20.9,8.7,0,0.954796,-0.000697547,0
20.9,8.8,0,1.03908,0.0449287,0
20.9,8.9,0,1.11312,0.102289,0
20.9,9,0,1.172,0.155502,0
20.9,9.1,0,1.21525,0.208378,0
20.9,9.2,0,1.24902,0.259607,0
20.9,9.3,0,1.2723,0.304983,0
20.9,9.4,0,1.28919,0.351753,0
20.9,9.5,0,1.3004,0.393479,0
20.9,9.6,0,1.30226,0.433506,0
20.9,9.7,0,1.30102,0.471328,0
20.9,9.8,0,1.29484,0.506242,0
20.9,9.9,0,1.28814,0.540662,0
20.9,10,0,1.27823,0.572507,0
20.9,10.1,0,1.2619,0.602474,0
20.9,10.2,0,1.24579,0.631365,0
20.9,10.3,0,1.23009,0.658425,0
20.9,10.4,0,1.21819,0.685902,0
20.9,10.5,0,1.19955,0.711671,0
20.9,10.6,0,1.17392,0.737339,0
20.9,10.7,0,1.15224,0.762263,0
20.9,10.8,0,1.13657,0.785791,0
20.9,10.9,0,1.12487,0.809862,0
20.9,11,0,1.10196,0.834424,0
20.9,11.1,0,1.06875,0.860982,0
20.9,11.2,0,1.04663,0.884683,0
20.9,11.3,0,1.03653,0.905548,0
20.9,11.4,0,1.02321,0.928734,0
20.9,11.5,0,0.994452,0.956034,0
20.9,11.6,0,0.957765,0.986326,0
20.9,11.7,0,0.938221,1.00912,0
20.9,11.8,0,0.935988,1.02462,0
20.9,11.9,0,0.918446,1.0493,0
20.9,12,0,0.881582,1.08409,0
20.9,12.1,0,0.84693,1.11736,0
20.9,12.2,0,0.833039,1.13589,0
20.9,12.3,0,0.83161,1.14597,0
20.9,12.4,0,0.808646,1.17498,0
20.9,12.5,0,0.761785,1.22329,0
20.9,12.6,0,0.731478,1.25544,0
20.9,12.7,0,0.723625,1.26388,0
21,0,0,0.664727,-1.24143,0
21,0.1,0,0.663915,-1.2418,0
21,0.2,0,0.680655,-1.22582,0
21,0.3,0,0.722093,-1.18478,0
21,0.4,0,0.768199,-1.13855,0
21,0.5,0,0.807898,-1.09709,0
21,0.6,0,0.820848,-1.07546,0
21,0.7,0,0.81457,-1.06685,0
21,0.8,0,0.807077,-1.05884,0
21,0.9,0,0.818308,-1.04132,0
21,1,0,0.856197,-1.00911,0
21,1.1,0,0.89936,-0.973951,0
21,1.2,0,0.936399,-0.941523,0
21,1.3,0,0.947187,-0.919849,0
21,1.4,0,0.938973,-0.904927,0
21,1.5,0,0.929893,-0.890627,0
21,1.6,0,0.93726,-0.871887,0
21,1.7,0,0.96828,-0.846021,0
21,1.8,0,1.00397,-0.81881,0
21,1.9,0,1.03488,-0.792937,0
21,2,0,1.04578,-0.771694,0
21,2.1,0,1.04232,-0.753052,0
21,2.2,0,1.03824,-0.734822,0
21,2.3,0,1.04477,-0.715611,0
21,2.4,0,1.06608,-0.694467,0
21,2.5,0,1.09018,-0.673083,0
21,2.6,0,1.11157,-0.652107,0
21,2.7,0,1.12216,-0.631705,0
21,2.8,0,1.12515,-0.611127,0
21,2.9,0,1.12762,-0.59095,0
21,3,0,1.13526,-0.571506,0
21,3.1,0,1.1497,-0.552866,0
21,3.2,0,1.16541,-0.53449,0
21,3.3,0,1.17989,-0.516066,0
21,3.4,0,1.18951,-0.496777,0
21,3.5,0,1.19579,-0.476612,0
21,3.6,0,1.20183,-0.456606,0
21,3.7,0,1.21027,-0.437342,0
21,3.8,0,1.22196,-0.419053,0
21,3.9,0,1.23434,-0.400921,0
21,4,0,1.24611,-0.382557,0
21,4.1,0,1.25533,-0.363336,0
21,4.2,0,1.263,-0.343497,0
21,4.3,0,1.27071,-0.323399,0
21,4.4,0,1.27957,-0.303606,0
21,4.5,0,1.29036,-0.284294,0
21,4.6,0,1.30178,-0.264852,0
21,4.7,0,1.31286,-0.24488,0
21,4.8,0,1.32175,-0.223675,0
21,4.9,0,1.32945,-0.201845,0
21,5,0,1.33802,-0.179171,0
21,5.1,0,1.34719,-0.15785,0
21,5.2,0,1.35819,-0.139549,0
21,5.3,0,1.3704,-0.121161,0
21,5.4,0,1.38302,-0.100621,0
21,5.5,0,1.39483,-0.0743754,0
21,5.6,0,1.40739,-0.044911,0
21,5.7,0,1.42254,-0.0129882,0
21,5.8,0,1.43271,0.0158256,0
21,5.9,0,1.4378,0.0379705,0
21,6,0,1.44438,0.0609885,0
21,6.1,0,1.45375,0.0884657,0
21,6.2,0,1.46564,0.123425,0
21,6.3,0,1.48106,0.160495,0
21,6.4,0,1.50359,0.205791,0
21,6.5,0,1.50362,0.24437,0
21,6.6,0,1.46343,0.267445,0
21,6.7,0,1.41939,0.291252,0
21,6.8,0,1.3699,0.315928,0
21,6.9,0,1.26003,0.320994,0
21,7,0,1.08825,0.307174,0
21,7.1,0,0.713507,0.259612,0
21,7.2,0,0.500936,0.192424,0
21,7.3,0,0.316936,0.126554,0
21,7.4,0,0.170983,0.0634366,0
21,7.5,0,0.0667434,0.00709833,0
21,7.6,0,0.00554903,-0.0416689,0
21,7.7,0,-0.0146025,-0.0827573,0
21,7.8,0,0.00186579,-0.116308,0
21,7.9,0,0.0493934,-0.142456,0
21,8,0,0.150263,-0.17076,0
21,8.1,0,0.208135,-0.193937,0
21,8.2,0,0.324354,-0.185975,0
21,8.3,0,0.455469,-0.178479,0
21,8.4,0,0.573303,-0.158884,0
21,8.5,0,0.698168,-0.110886,0
21,8.6,0,0.802291,-0.0768058,0
21,8.7,0,0.904646,-0.0209399,0
21,8.8,0,0.9906,0.0202755,0
21,8.9,0,1.06025,0.0736365,0
21,9,0,1.11914,0.126849,0
21,9.1,0,1.16632,0.175151,0
21,9.2,0,1.19913,0.226449,0
21,9.3,0,1.22697,0.270694,0
21,9.4,0,1.24439,0.317258,0
21,9.5,0,1.25831,0.359285,0
21,9.6,0,1.26303,0.399408,0
21,9.7,0,1.26179,0.43723,0
21,9.8,0,1.26044,0.473599,0
21,9.9,0,1.25364,0.507995,0
21,10,0,1.24733,0.54127,0
21,10.1,0,1.23137,0.571673,0
21,10.2,0,1.21537,0.601055,0
21,10.3,0,1.20212,0.629861,0
21,10.4,0,1.19023,0.657338,0
21,10.5,0,1.17504,0.685081,0
21,10.6,0,1.14782,0.710779,0
21,10.7,0,1.12519,0.736919,0
21,10.8,0,1.11141,0.761161,0
21,10.9,0,1.10172,0.785199,0
21,11,0,1.07715,0.811064,0
21,11.1,0,1.04394,0.837622,0
21,11.2,0,1.01933,0.86301,0
21,11.3,0,1.01197,0.883313,0
21,11.4,0,1.00204,0.905691,0
21,11.5,0,0.969502,0.934143,0
21,11.6,0,0.93082,0.965354,0
21,11.7,0,0.913109,0.98742,0
21,11.8,0,0.910877,1.00291,0
21,11.9,0,0.897161,1.0251,0
21,12,0,0.855745,1.06215,0
21,12.1,0,0.816188,1.09859,0
21,12.2,0,0.80675,1.11331,0
21,12.3,0,0.806655,1.12223,0
21,12.4,0,0.781607,1.1516,0
21,12.5,0,0.734531,1.20008,0
21,12.6,0,0.698513,1.23683,0
21,12.7,0,0.695622,1.23955,0
21.1,0,0,0.638011,-1.21793,0
21.1,0.1,0,0.661333,-1.19583,0
21.1,0.2,0,0.684655,-1.17372,0
21.1,0.3,0,0.707977,-1.15162,0
21.1,0.4,0,0.729718,-1.12731,0
21.1,0.5,0,0.749879,-1.10079,0
21.1,0.6,0,0.770039,-1.07427,0
21.1,0.7,0,0.790199,-1.04775,0
21.1,0.8,0,0.808451,-1.02667,0
21.1,0.9,0,0.826703,-1.00559,0
21.1,1,0,0.844954,-0.984516,0
21.1,1.1,0,0.863037,-0.961874,0
21.1,1.2,0,0.880951,-0.937668,0
21.1,1.3,0,0.898864,-0.913462,0
21.1,1.4,0,0.916778,-0.889256,0
21.1,1.5,0,0.930313,-0.868852,0
21.1,1.6,0,0.943848,-0.848448,0
21.1,1.7,0,0.957383,-0.828044,0
21.1,1.8,0,0.972292,-0.806733,0
21.1,1.9,0,0.988574,-0.784515,0
21.1,2,0,1.00486,-0.762297,0
21.1,2.1,0,1.02114,-0.74008,0
21.1,2.2,0,1.03165,-0.7205,0
21.1,2.3,0,1.04216,-0.700921,0
21.1,2.4,0,1.05268,-0.681341,0
21.1,2.5,0,1.06465,-0.661383,0
21.1,2.6,0,1.07808,-0.641047,0
21.1,2.7,0,1.09151,-0.62071,0
21.1,2.8,0,1.10494,-0.600374,0
21.1,2.9,0,1.11452,-0.581206,0
21.1,3,0,1.1241,-0.562038,0
21.1,3.1,0,1.13368,-0.54287,0
21.1,3.2,0,1.14391,-0.523805,0
21.1,3.3,0,1.15478,-0.504844,0
21.1,3.4,0,1.16566,-0.485884,0
21.1,3.5,0,1.17654,-0.466923,0
21.1,3.6,0,1.18587,-0.447938,0
21.1,3.7,0,1.1952,-0.428952,0
21.1,3.8,0,1.20454,-0.409967,0
21.1,3.9,0,1.2141,-0.39098,0
21.1,4,0,1.2239,-0.371991,0
21.1,4.1,0,1.2337,-0.353002,0
21.1,4.2,0,1.2435,-0.334013,0
21.1,4.3,0,1.25278,-0.314333,0
21.1,4.4,0,1.26206,-0.294654,0
21.1,4.5,0,1.27134,-0.274974,0
21.1,4.6,0,1.28065,-0.254649,0
21.1,4.7,0,1.28998,-0.233678,0
21.1,4.8,0,1.29931,-0.212707,0
21.1,4.9,0,1.30864,-0.191737,0
21.1,5,0,1.31804,-0.170922,0
21.1,5.1,0,1.32743,-0.150108,0
21.1,5.2,0,1.33683,-0.129294,0
21.1,5.3,0,1.34729,-0.106367,0
21.1,5.4,0,1.35883,-0.0813288,0
21.1,5.5,0,1.37036,-0.05629,0
21.1,5.6,0,1.38189,-0.0312513,0
21.1,5.7,0,1.39019,-0.00360342,0
21.1,5.8,0,1.39848,0.0240445,0
21.1,5.9,0,1.40677,0.0516924,0
21.1,6,0,1.4162,0.0825998,0
21.1,6.1,0,1.42676,0.116767,0
21.1,6.2,0,1.43732,0.150934,0
21.1,6.3,0,1.44788,0.1851,0
21.1,6.4,0,1.43948,0.221162,0
21.1,6.5,0,1.43108,0.257223,0
21.1,6.6,0,1.42268,0.293285,0
21.1,6.7,0,1.37515,0.31739,0
21.1,6.8,0,1.28849,0.329539,0
21.1,6.9,0,1.20183,0.341688,0
21.1,7,0,1.11516,0.353836,0
21.1,7.1,0,0.776742,0.318602,0
21.1,7.2,0,0.571547,0.257892,0
21.1,7.3,0,0.386699,0.192461,0
21.1,7.4,0,0.23441,0.1265,0
21.1,7.5,0,0.121267,0.0639462,0
21.1,7.6,0,0.0505089,0.00760723,0
21.1,7.7,0,0.0213657,-0.0412688,0
21.1,7.8,0,0.0297088,-0.0821899,0
21.1,7.9,0,0.0695957,-0.114997,0
21.1,8,0,0.160349,-0.149898,0
21.1,8.1,0,0.246345,-0.157574,0
21.1,8.2,0,0.332341,-0.165249,0
21.1,8.3,0,0.435716,-0.156501,0
21.1,8.4,0,0.54845,-0.138909,0
21.1,8.5,0,0.657018,-0.115306,0
21.1,8.6,0,0.755866,-0.0776772,0
21.1,8.7,0,0.854714,-0.0400488,0
21.1,8.8,0,0.929821,0.00550882,0
21.1,8.9,0,1.00368,0.0514838,0
21.1,9,0,1.06096,0.0985818,0
21.1,9.1,0,1.10718,0.146429,0
21.1,9.2,0,1.14815,0.193501,0
21.1,9.3,0,1.17336,0.238253,0
21.1,9.4,0,1.19857,0.283004,0
21.1,9.5,0,1.20944,0.324067,0
21.1,9.6,0,1.21873,0.364721,0
21.1,9.7,0,1.22225,0.403046,0
21.1,9.8,0,1.22104,0.439468,0
21.1,9.9,0,1.2182,0.475131,0
21.1,10,0,1.20882,0.507764,0
21.1,10.1,0,1.19944,0.540397,0
21.1,10.2,0,1.18695,0.570485,0
21.1,10.3,0,1.1739,0.600124,0
21.1,10.4,0,1.15845,0.628846,0
21.1,10.5,0,1.14059,0.656651,0
21.1,10.6,0,1.12277,0.684173,0
21.1,10.7,0,1.1051,0.710095,0
21.1,10.8,0,1.08744,0.736018,0
21.1,10.9,0,1.0668,0.761919,0
21.1,11,0,1.04541,0.787815,0
21.1,11.1,0,1.0249,0.812953,0
21.1,11.2,0,1.00548,0.837165,0
21.1,11.3,0,0.985737,0.861544,0
21.1,11.4,0,0.963098,0.887428,0
21.1,11.5,0,0.940458,0.913313,0
21.1,11.6,0,0.919443,0.9373,0
21.1,11.7,0,0.89897,0.960654,0
21.1,11.8,0,0.877395,0.985486,0
21.1,11.9,0,0.854167,1.01253,0
21.1,12,0,0.831006,1.03939,0
21.1,12.1,0,0.809104,1.06273,0
21.1,12.2,0,0.787203,1.08606,0
21.1,12.3,0,0.763767,1.11286,0
21.1,12.4,0,0.739675,1.14115,0
21.1,12.5,0,0.715615,1.16783,0
21.1,12.6,0,0.691617,1.19153,0
21.1,12.7,0,0.667618,1.21522,0
21.2,0,0,0.613343,-1.19363,0
21.2,0.1,0,0.612546,-1.19389,0
21.2,0.2,0,0.62929,-1.17789,0
21.2,0.3,0,0.671569,-1.14004,0
21.2,0.4,0,0.718751,-1.09785,0
21.2,0.5,0,0.759272,-1.05946,0
21.2,0.6,0,0.772532,-1.03755,0
21.2,0.7,0,0.767394,-1.02795,0
21.2,0.8,0,0.76101,-1.01885,0
21.2,0.9,0,0.772543,-1.00104,0
21.2,1,0,0.809926,-0.971723,0
21.2,1.1,0,0.852416,-0.940237,0
21.2,1.2,0,0.888918,-0.910601,0
21.2,1.3,0,0.900602,-0.888687,0
21.2,1.4,0,0.895674,-0.872886,0
21.2,1.5,0,0.889897,-0.857562,0
21.2,1.6,0,0.898166,-0.838544,0
21.2,1.7,0,0.926703,-0.815009,0
21.2,1.8,0,0.959155,-0.790776,0
21.2,1.9,0,0.987549,-0.767173,0
21.2,2,0,0.999691,-0.745788,0
21.2,2.1,0,1.00079,-0.726624,0
21.2,2.2,0,1.00121,-0.707806,0
21.2,2.3,0,1.00897,-0.688434,0
21.2,2.4,0,1.02783,-0.668793,0
21.2,2.5,0,1.04878,-0.649287,0
21.2,2.6,0,1.06775,-0.629711,0
21.2,2.7,0,1.07922,-0.609401,0
21.2,2.8,0,1.08545,-0.589163,0
21.2,2.9,0,1.09108,-0.569244,0
21.2,3,0,1.09959,-0.549871,0
21.2,3.1,0,1.1127,-0.531678,0
21.2,3.2,0,1.12665,-0.513837,0
21.2,3.3,0,1.13973,-0.495793,0
21.2,3.4,0,1.14979,-0.476666,0
21.2,3.5,0,1.15767,-0.457095,0
21.2,3.6,0,1.16518,-0.437583,0
21.2,3.7,0,1.17402,-0.418454,0
21.2,3.8,0,1.18479,-0.400156,0
21.2,3.9,0,1.1959,-0.381974,0
21.2,4,0,1.20663,-0.363543,0
21.2,4.1,0,1.21596,-0.34442,0
21.2,4.2,0,1.22406,-0.324942,0
21.2,4.3,0,1.23203,-0.305071,0
21.2,4.4,0,1.24095,-0.28534,0
21.2,4.5,0,1.25075,-0.265959,0
21.2,4.6,0,1.26073,-0.246326,0
21.2,4.7,0,1.27058,-0.226126,0
21.2,4.8,0,1.27945,-0.204879,0
21.2,4.9,0,1.28709,-0.182895,0
21.2,5,0,1.29503,-0.159764,0
21.2,5.1,0,1.30403,-0.138318,0
21.2,5.2,0,1.31323,-0.118876,0
21.2,5.3,0,1.32268,-0.0988175,0
21.2,5.4,0,1.33284,-0.076838,0
21.2,5.5,0,1.34404,-0.0505981,0
21.2,5.6,0,1.35437,-0.0211552,0
21.2,5.7,0,1.36528,0.0114292,0
21.2,5.8,0,1.37429,0.0404234,0
21.2,5.9,0,1.37736,0.0645116,0
21.2,6,0,1.37948,0.090378,0
21.2,6.1,0,1.38397,0.120314,0
21.2,6.2,0,1.39512,0.156435,0
21.2,6.3,0,1.40786,0.197767,0
21.2,6.4,0,1.42425,0.249635,0
21.2,6.5,0,1.42262,0.290007,0
21.2,6.6,0,1.40001,0.318071,0
21.2,6.7,0,1.37692,0.350727,0
21.2,6.8,0,1.34222,0.384087,0
21.2,6.9,0,1.24531,0.390977,0
21.2,7,0,1.12107,0.383845,0
21.2,7.1,0,0.81547,0.35837,0
21.2,7.2,0,0.624788,0.305684,0
21.2,7.3,0,0.449095,0.245361,0
21.2,7.4,0,0.30039,0.182139,0
21.2,7.5,0,0.18617,0.119783,0
21.2,7.6,0,0.110816,0.0614459,0
21.2,7.7,0,0.0748899,0.00912139,0
21.2,7.8,0,0.0753518,-0.0360597,0
21.2,7.9,0,0.106865,-0.0734805,0
21.2,8,0,0.186283,-0.113951,0
21.2,8.1,0,0.232164,-0.1385,0
21.2,8.2,0,0.329405,-0.14199,0
21.2,8.3,0,0.425326,-0.150323,0
21.2,8.4,0,0.532608,-0.136913,0
21.2,8.5,0,0.634506,-0.111055,0
21.2,8.6,0,0.726478,-0.0868952,0
21.2,8.7,0,0.820473,-0.043388,0
21.2,8.8,0,0.894716,-0.0151763,0
21.2,8.9,0,0.96466,0.0342296,0
21.2,9,0,1.02101,0.0765181,0
21.2,9.1,0,1.06769,0.121463,0
21.2,9.2,0,1.1056,0.169229,0
21.2,9.3,0,1.1341,0.208383,0
21.2,9.4,0,1.15675,0.256276,0
21.2,9.5,0,1.17344,0.293281,0
21.2,9.6,0,1.18134,0.335131,0
21.2,9.7,0,1.18606,0.372746,0
21.2,9.8,0,1.18632,0.408221,0
21.2,9.9,0,1.18398,0.446282,0
21.2,10,0,1.17922,0.477932,0
21.2,10.1,0,1.1675,0.512203,0
21.2,10.2,0,1.15588,0.541367,0
21.2,10.3,0,1.14321,0.572076,0
21.2,10.4,0,1.13211,0.602188,0
21.2,10.5,0,1.11694,0.629911,0
21.2,10.6,0,1.09411,0.658916,0
21.2,10.7,0,1.07382,0.684795,0
21.2,10.8,0,1.05953,0.71176,0
21.2,10.9,0,1.04821,0.737298,0
21.2,11,0,1.02457,0.763686,0
21.2,11.1,0,0.994307,0.790674,0
21.2,11.2,0,0.970696,0.815676,0
21.2,11.3,0,0.961982,0.83872,0
21.2,11.4,0,0.950589,0.86195,0
21.2,11.5,0,0.91901,0.889979,0
21.2,11.6,0,0.881591,0.919304,0
21.2,11.7,0,0.863735,0.94178,0
21.2,11.8,0,0.860341,0.959327,0
21.2,11.9,0,0.846019,0.982113,0
21.2,12,0,0.804602,1.01715,0
21.2,12.1,0,0.76491,1.05106,0
21.2,12.2,0,0.755183,1.06665,0
21.2,12.3,0,0.754501,1.07656,0
21.2,12.4,0,0.729065,1.10557,0
21.2,12.5,0,0.680509,1.1515,0
21.2,12.6,0,0.643705,1.18673,0
21.2,12.7,0,0.640888,1.18969,0
21.3,0,0,0.588675,-1.16933,0
21.3,0.1,0,0.588993,-1.16867,0
21.3,0.2,0,0.612729,-1.14855,0
21.3,0.3,0,0.647428,-1.11826,0
21.3,0.4,0,0.69461,-1.07608,0
21.3,0.5,0,0.727319,-1.04342,0
21.3,0.6,0,0.748529,-1.01845,0
21.3,0.7,0,0.744588,-1.00815,0
21.3,0.8,0,0.73933,-0.998566,0
21.3,0.9,0,0.757705,-0.978806,0
21.3,1,0,0.787277,-0.953601,0
21.3,1.1,0,0.829767,-0.922115,0
21.3,1.2,0,0.859277,-0.895465,0
21.3,1.3,0,0.878405,-0.872636,0
21.3,1.4,0,0.874571,-0.856516,0
21.3,1.5,0,0.869677,-0.841008,0
21.3,1.6,0,0.883314,-0.821633,0
21.3,1.7,0,0.90573,-0.799948,0
21.3,1.8,0,0.938182,-0.775715,0
21.3,1.9,0,0.961857,-0.753371,0
21.3,2,0,0.97863,-0.732414,0
21.3,2.1,0,0.980443,-0.713168,0
21.3,2.2,0,0.981352,-0.694346,0
21.3,2.3,0,0.992573,-0.675448,0
21.3,2.4,0,1.00838,-0.656204,0
21.3,2.5,0,1.02934,-0.636698,0
21.3,2.6,0,1.046,-0.617399,0
21.3,2.7,0,1.0594,-0.598145,0
21.3,2.8,0,1.06596,-0.577951,0
21.3,2.9,0,1.0718,-0.55809,0
21.3,3,0,1.08201,-0.539433,0
21.3,3.1,0,1.09401,-0.521116,0
21.3,3.2,0,1.10795,-0.503275,0
21.3,3.3,0,1.12006,-0.485168,0
21.3,3.4,0,1.1308,-0.466784,0
21.3,3.5,0,1.1388,-0.447268,0
21.3,3.6,0,1.1464,-0.427796,0
21.3,3.7,0,1.15578,-0.409172,0
21.3,3.8,0,1.16598,-0.390788,0
21.3,3.9,0,1.17709,-0.372606,0
21.3,4,0,1.18716,-0.354073,0
21.3,4.1,0,1.19647,-0.335317,0
21.3,4.2,0,1.20462,-0.31587,0
21.3,4.3,0,1.21262,-0.296018,0
21.3,4.4,0,1.22126,-0.276534,0
21.3,4.5,0,1.23051,-0.257138,0
21.3,4.6,0,1.24049,-0.237504,0
21.3,4.7,0,1.24956,-0.216979,0
21.3,4.8,0,1.25787,-0.195992,0
21.3,4.9,0,1.26554,-0.174054,0
21.3,5,0,1.27347,-0.151004,0
21.3,5.1,0,1.28115,-0.129649,0
21.3,5.2,0,1.2895,-0.109347,0
21.3,5.3,0,1.29895,-0.0892881,0
21.3,5.4,0,1.30805,-0.065806,0
21.3,5.5,0,1.3166,-0.040322,0
21.3,5.6,0,1.32685,-0.011059,0
21.3,5.7,0,1.33745,0.021316,0
21.3,5.8,0,1.34161,0.0492936,0
21.3,5.9,0,1.34457,0.0750274,0
21.3,6,0,1.34669,0.100894,0
21.3,6.1,0,1.35058,0.133494,0
21.3,6.2,0,1.35546,0.16935,0
21.3,6.3,0,1.36784,0.210433,0
21.3,6.4,0,1.3834,0.261831,0
21.3,6.5,0,1.38141,0.30335,0
21.3,6.6,0,1.36816,0.337683,0
21.3,6.7,0,1.34506,0.370339,0
21.3,6.8,0,1.30515,0.399421,0
21.3,6.9,0,1.24816,0.419739,0
21.3,7,0,1.12699,0.413854,0
21.3,7.1,0,0.854197,0.398138,0
21.3,7.2,0,0.678028,0.353476,0
21.3,7.3,0,0.51149,0.298261,0
21.3,7.4,0,0.36637,0.237778,0
21.3,7.5,0,0.251072,0.17562,0
21.3,7.6,0,0.171123,0.115285,0
21.3,7.7,0,0.128414,0.0595116,0
21.3,7.8,0,0.120995,0.0100705,0
21.3,7.9,0,0.144134,-0.0319636,0
21.3,8,0,0.212217,-0.0780038,0
21.3,8.1,0,0.259273,-0.102446,0
21.3,8.2,0,0.334269,-0.115827,0
21.3,8.3,0,0.430152,-0.124036,0
21.3,8.4,0,0.515203,-0.123559,0
21.3,8.5,0,0.615714,-0.099517,0
21.3,8.6,0,0.698187,-0.081361,0
21.3,8.7,0,0.785931,-0.0463618,0
21.3,8.8,0,0.857449,-0.0177955,0
21.3,8.9,0,0.922196,0.0199946,0
21.3,9,0,0.978548,0.0622831,0
21.3,9.1,0,1.02331,0.100928,0
21.3,9.2,0,1.06168,0.14727,0
21.3,9.3,0,1.09028,0.1853,0
21.3,9.4,0,1.1146,0.229965,0
21.3,9.5,0,1.13073,0.267498,0
21.3,9.6,0,1.14242,0.306872,0
21.3,9.7,0,1.14714,0.344487,0
21.3,9.8,0,1.14989,0.380262,0
21.3,9.9,0,1.14835,0.417732,0
21.3,10,0,1.14417,0.450164,0
21.3,10.1,0,1.13507,0.484357,0
21.3,10.2,0,1.12366,0.514156,0
21.3,10.3,0,1.11306,0.545545,0
21.3,10.4,0,1.10196,0.575657,0
21.3,10.5,0,1.08724,0.604716,0
21.3,10.6,0,1.06601,0.633669,0
21.3,10.7,0,1.04724,0.66034,0
21.3,10.8,0,1.03265,0.687821,0
21.3,10.9,0,1.01986,0.71364,0
21.3,11,0,0.998632,0.740529,0
21.3,11.1,0,0.968372,0.767518,0
21.3,11.2,0,0.947626,0.79275,0
21.3,11.3,0,0.936736,0.816248,0
21.3,11.4,0,0.922213,0.840243,0
21.3,11.5,0,0.893865,0.867532,0
21.3,11.6,0,0.858327,0.896215,0
21.3,11.7,0,0.838845,0.919371,0
21.3,11.8,0,0.835451,0.936918,0
21.3,11.9,0,0.816581,0.961273,0
21.3,12,0,0.779304,0.994257,0
21.3,12.1,0,0.744271,1.02502,0
21.3,12.2,0,0.72975,1.04306,0
21.3,12.3,0,0.727648,1.05399,0
21.3,12.4,0,0.702631,1.08141,0
21.3,12.5,0,0.654285,1.12717,0
21.3,12.6,0,0.622483,1.15651,0
21.3,12.7,0,0.614157,1.16414,0
21.4,0,0,0.564507,-1.1449,0
21.4,0.1,0,0.580444,-1.13123,0
21.4,0.2,0,0.60418,-1.11111,0
21.4,0.3,0,0.627916,-1.09099,0
21.4,0.4,0,0.666481,-1.05842,0
21.4,0.5,0,0.68769,-1.03345,0
21.4,0.6,0,0.7089,-1.00849,0
21.4,0.7,0,0.722181,-0.988208,0
21.4,0.8,0,0.733127,-0.971607,0
21.4,0.9,0,0.751502,-0.951846,0
21.4,1,0,0.769877,-0.932085,0
21.4,1.1,0,0.802859,-0.906414,0
21.4,1.2,0,0.821987,-0.883585,0
21.4,1.3,0,0.841115,-0.860756,0
21.4,1.4,0,0.853739,-0.840014,0
21.4,1.5,0,0.862348,-0.821738,0
21.4,1.6,0,0.875985,-0.802363,0
21.4,1.7,0,0.889623,-0.782987,0
21.4,1.8,0,0.913726,-0.761901,0
21.4,1.9,0,0.9305,-0.740945,0
21.4,2,0,0.947273,-0.719988,0
21.4,2.1,0,0.960325,-0.699611,0
21.4,2.2,0,0.969348,-0.68073,0
21.4,2.3,0,0.980569,-0.661832,0
21.4,2.4,0,0.991791,-0.642933,0
21.4,2.5,0,1.00803,-0.624474,0
21.4,2.6,0,1.02142,-0.60522,0
21.4,2.7,0,1.03482,-0.585966,0
21.4,2.8,0,1.04668,-0.566653,0
21.4,2.9,0,1.05615,-0.547819,0
21.4,3,0,1.06635,-0.529161,0
21.4,3.1,0,1.07656,-0.510504,0
21.4,3.2,0,1.08846,-0.492706,0
21.4,3.3,0,1.0992,-0.474322,0
21.4,3.4,0,1.10994,-0.455938,0
21.4,3.5,0,1.12007,-0.437436,0
21.4,3.6,0,1.12912,-0.418762,0
21.4,3.7,0,1.1385,-0.400138,0
21.4,3.8,0,1.14788,-0.381514,0
21.4,3.9,0,1.15772,-0.363259,0
21.4,4,0,1.16702,-0.344503,0
21.4,4.1,0,1.17632,-0.325747,0
21.4,4.2,0,1.18526,-0.306933,0
21.4,4.3,0,1.19363,-0.28748,0
21.4,4.4,0,1.20227,-0.267997,0
21.4,4.5,0,1.21092,-0.248513,0
21.4,4.6,0,1.21948,-0.228769,0
21.4,4.7,0,1.22779,-0.207783,0
21.4,4.8,0,1.2361,-0.186797,0
21.4,4.9,0,1.24401,-0.165587,0
21.4,5,0,1.25137,-0.143743,0
21.4,5.1,0,1.25905,-0.122388,0
21.4,5.2,0,1.26674,-0.101033,0
21.4,5.3,0,1.27392,-0.0794633,0
21.4,5.4,0,1.28247,-0.0539792,0
21.4,5.5,0,1.29102,-0.0284952,0
21.4,5.6,0,1.29943,-0.00192793,0
21.4,5.7,0,1.30445,0.0272702,0
21.4,5.8,0,1.3086,0.0552479,0
21.4,5.9,0,1.31276,0.0832255,0
21.4,6,0,1.31212,0.110537,0
21.4,6.1,0,1.317,0.146393,0
21.4,6.2,0,1.32187,0.18225,0
21.4,6.3,0,1.32751,0.220188,0
21.4,6.4,0,1.32793,0.264457,0
21.4,6.5,0,1.32595,0.305976,0
21.4,6.6,0,1.32396,0.347495,0
21.4,6.7,0,1.30952,0.384535,0
21.4,6.8,0,1.25253,0.404853,0
21.4,6.9,0,1.19555,0.425171,0
21.4,7,0,1.12927,0.438489,0
21.4,7.1,0,0.887754,0.431561,0
21.4,7.2,0,0.726247,0.39461,0
21.4,7.3,0,0.569657,0.344812,0
21.4,7.4,0,0.429353,0.287726,0
21.4,7.5,0,0.314351,0.226748,0
21.4,7.6,0,0.231103,0.165576,0
21.4,7.7,0,0.182666,0.107508,0
21.4,7.8,0,0.168116,0.0548478,0
21.4,7.9,0,0.183367,0.00908762,0
21.4,8,0,0.240523,-0.0416648,0
21.4,8.1,0,0.294474,-0.062145,0
21.4,8.2,0,0.355814,-0.0812703,0
21.4,8.3,0,0.431061,-0.0918649,0
21.4,8.4,0,0.516111,-0.0913875,0
21.4,8.5,0,0.596156,-0.0872038,0
21.4,8.6,0,0.676574,-0.0665568,0
21.4,8.7,0,0.756084,-0.0449601,0
21.4,8.8,0,0.819979,-0.016533,0
21.4,8.9,0,0.884567,0.0162639,0
21.4,9,0,0.935428,0.0509559,0
21.4,9.1,0,0.979952,0.0897648,0
21.4,9.2,0,1.01942,0.127235,0
21.4,9.3,0,1.0467,0.166893,0
21.4,9.4,0,1.0736,0.207127,0
21.4,9.5,0,1.0885,0.24427,0
21.4,9.6,0,1.10156,0.282644,0
21.4,9.7,0,1.10896,0.319227,0
21.4,9.8,0,1.11161,0.355308,0
21.4,9.9,0,1.11321,0.390903,0
21.4,10,0,1.10763,0.424299,0
21.4,10.1,0,1.10186,0.457966,0
21.4,10.2,0,1.09222,0.489181,0
21.4,10.3,0,1.08184,0.520358,0
21.4,10.4,0,1.07014,0.550903,0
21.4,10.5,0,1.05469,0.580209,0
21.4,10.6,0,1.03818,0.609379,0
21.4,10.7,0,1.0218,0.636722,0
21.4,10.8,0,1.00561,0.664201,0
21.4,10.9,0,0.988523,0.691218,0
21.4,11,0,0.968243,0.718029,0
21.4,11.1,0,0.945667,0.744361,0
21.4,11.2,0,0.927051,0.769374,0
21.4,11.3,0,0.911259,0.794086,0
21.4,11.4,0,0.890178,0.819655,0
21.4,11.5,0,0.867657,0.845568,0
21.4,11.6,0,0.841065,0.870955,0
21.4,11.7,0,0.820891,0.894354,0
21.4,11.8,0,0.806606,0.916374,0
21.4,11.9,0,0.7829,0.94285,0
21.4,12,0,0.754229,0.971139,0
21.4,12.1,0,0.728672,0.995428,0
21.4,12.2,0,0.706613,1.01795,0
21.4,12.3,0,0.692014,1.03785,0
21.4,12.4,0,0.666997,1.06528,0
21.4,12.5,0,0.631524,1.09868,0
21.4,12.6,0,0.606932,1.12096,0
21.4,12.7,0,0.587797,1.1384,0
21.5,0,0,0.541838,-1.12005,0
21.5,0.1,0,0.541065,-1.12022,0
21.5,0.2,0,0.552563,-1.11042,0
21.5,0.3,0,0.600991,-1.07189,0
21.5,0.4,0,0.648752,-1.0336,0
21.5,0.5,0,0.695844,-0.995521,0
21.5,0.6,0,0.704682,-0.978067,0
21.5,0.7,0,0.700971,-0.96783,0
21.5,0.8,0,0.695998,-0.958,0
21.5,0.9,0,0.702694,-0.943325,0
21.5,1,0,0.744358,-0.914952,0
21.5,1.1,0,0.785471,-0.88678,0
21.5,1.2,0,0.826033,-0.858808,0
21.5,1.3,0,0.835031,-0.839387,0
21.5,1.4,0,0.833718,-0.823116,0
21.5,1.5,0,0.831553,-0.807197,0
21.5,1.6,0,0.837313,-0.789644,0
21.5,1.7,0,0.867008,-0.767855,0
21.5,1.8,0,0.896196,-0.746244,0
21.5,1.9,0,0.924877,-0.72481,0
21.5,2,0,0.935821,-0.704885,0
21.5,2.1,0,0.940897,-0.685747,0
21.5,2.2,0,0.945209,-0.666904,0
21.5,2.3,0,0.953041,-0.648101,0
21.5,2.4,0,0.971883,-0.629895,0
21.5,2.5,0,0.990362,-0.611789,0
21.5,2.6,0,1.00848,-0.593783,0
21.5,2.7,0,1.01945,-0.574533,0
21.5,2.8,0,1.02801,-0.555094,0
21.5,2.9,0,1.03589,-0.535881,0
21.5,3,0,1.04498,-0.517009,0
21.5,3.1,0,1.05795,-0.499591,0
21.5,3.2,0,1.07067,-0.482206,0
21.5,3.3,0,1.08313,-0.464853,0
21.5,3.4,0,1.09291,-0.446344,0
21.5,3.5,0,1.10176,-0.427591,0
21.5,3.6,0,1.11011,-0.408808,0
21.5,3.7,0,1.11896,-0.390156,0
21.5,3.8,0,1.12928,-0.372262,0
21.5,3.9,0,1.1394,-0.354257,0
21.5,4,0,1.14931,-0.336141,0
21.5,4.1,0,1.158,-0.317334,0
21.5,4.2,0,1.16616,-0.298394,0
21.5,4.3,0,1.17392,-0.279008,0
21.5,4.4,0,1.18205,-0.259618,0
21.5,4.5,0,1.19086,-0.240516,0
21.5,4.6,0,1.19947,-0.221052,0
21.5,4.7,0,1.2079,-0.201227,0
21.5,4.8,0,1.21548,-0.179932,0
21.5,4.9,0,1.22254,-0.158244,0
21.5,5,0,1.22919,-0.13535,0
21.5,5.1,0,1.23619,-0.113246,0
21.5,5.2,0,1.24307,-0.0936493,0
21.5,5.3,0,1.24972,-0.0731366,0
21.5,5.4,0,1.25612,-0.0517078,0
21.5,5.5,0,1.26422,-0.0245807,0
21.5,5.6,0,1.27234,0.00430773,0
21.5,5.7,0,1.2792,0.0361213,0
21.5,5.8,0,1.28435,0.0658939,0
21.5,5.9,0,1.28192,0.0886815,0
21.5,6,0,1.27832,0.113361,0
21.5,6.1,0,1.27356,0.139932,0
21.5,6.2,0,1.27897,0.178809,0
21.5,6.3,0,1.28623,0.221207,0
21.5,6.4,0,1.29182,0.271371,0
21.5,6.5,0,1.29388,0.317291,0
21.5,6.6,0,1.28719,0.351029,0
21.5,6.7,0,1.28135,0.391568,0
21.5,6.8,0,1.27636,0.438907,0
21.5,6.9,0,1.20685,0.448683,0
21.5,7,0,1.12067,0.447004,0
21.5,7.1,0,0.905797,0.445949,0
21.5,7.2,0,0.759402,0.415767,0
21.5,7.3,0,0.615136,0.372319,0
21.5,7.4,0,0.483345,0.320604,0
21.5,7.5,0,0.372758,0.26375,0
21.5,7.6,0,0.290102,0.205226,0
21.5,7.7,0,0.239104,0.148322,0
21.5,7.8,0,0.219669,0.0955663,0
21.5,7.9,0,0.228491,0.0487418,0
21.5,8,0,0.275943,-0.00415036,0
21.5,8.1,0,0.302702,-0.0296179,0
21.5,8.2,0,0.371762,-0.049142,0
21.5,8.3,0,0.439724,-0.0683521,0
21.5,8.4,0,0.514779,-0.0731068,0
21.5,8.5,0,0.592081,-0.0665785,0
21.5,8.6,0,0.661858,-0.0605795,0
21.5,8.7,0,0.73673,-0.034129,0
21.5,8.8,0,0.796468,-0.0196704,0
21.5,8.9,0,0.855807,0.015347,0
21.5,9,0,0.904984,0.0456069,0
21.5,9.1,0,0.947453,0.0790557,0
21.5,9.2,0,0.984339,0.118649,0
21.5,9.3,0,1.0128,0.148463,0
21.5,9.4,0,1.03691,0.193037,0
21.5,9.5,0,1.05421,0.22418,0
21.5,9.6,0,1.06614,0.263763,0
21.5,9.7,0,1.07391,0.299077,0
21.5,9.8,0,1.0778,0.332791,0
21.5,9.9,0,1.07864,0.370934,0
21.5,10,0,1.07689,0.400528,0
21.5,10.1,0,1.06936,0.437019,0
21.5,10.2,0,1.06071,0.465851,0
21.5,10.3,0,1.05097,0.498144,0
21.5,10.4,0,1.04089,0.529093,0
21.5,10.5,0,1.02774,0.557682,0
21.5,10.6,0,1.0094,0.588051,0
21.5,10.7,0,0.991135,0.613908,0
21.5,10.8,0,0.978115,0.642991,0
21.5,10.9,0,0.965532,0.669188,0
21.5,11,0,0.944135,0.696256,0
21.5,11.1,0,0.917576,0.723073,0
21.5,11.2,0,0.895473,0.748217,0
21.5,11.3,0,0.885935,0.772652,0
21.5,11.4,0,0.875687,0.795624,0
21.5,11.5,0,0.843245,0.823535,0
21.5,11.6,0,0.808078,0.851114,0
21.5,11.7,0,0.79046,0.873736,0
21.5,11.8,0,0.785698,0.892614,0
21.5,11.9,0,0.772094,0.91463,0
21.5,12,0,0.729705,0.947984,0
21.5,12.1,0,0.686277,0.981319,0
21.5,12.2,0,0.680349,0.994971,0
21.5,12.3,0,0.678848,1.00583,0
21.5,12.4,0,0.652379,1.0336,0
21.5,12.5,0,0.602993,1.07658,0
21.5,12.6,0,0.561601,1.11243,0
21.5,12.7,0,0.562551,1.11205,0
21.6,0,0,0.519169,-1.0952,0
21.6,0.1,0,0.527375,-1.08868,0
21.6,0.2,0,0.551295,-1.07045,0
21.6,0.3,0,0.578557,-1.04945,0
21.6,0.4,0,0.626317,-1.01115,0
21.6,0.5,0,0.651888,-0.9858,0
21.6,0.6,0,0.67406,-0.962455,0
21.6,0.7,0,0.679762,-0.947452,0
21.6,0.8,0,0.683257,-0.934491,0
21.6,0.9,0,0.701573,-0.916049,0
21.6,1,0,0.723073,-0.896254,0
21.6,1.1,0,0.764186,-0.868081,0
21.6,1.2,0,0.787095,-0.845773,0
21.6,1.3,0,0.807216,-0.82436,0
21.6,1.4,0,0.813698,-0.806219,0
21.6,1.5,0,0.817372,-0.789422,0
21.6,1.6,0,0.831265,-0.771089,0
21.6,1.7,0,0.847314,-0.752285,0
21.6,1.8,0,0.876502,-0.730673,0
21.6,1.9,0,0.89508,-0.71081,0
21.6,2,0,0.912063,-0.691195,0
21.6,2.1,0,0.921469,-0.671884,0
21.6,2.2,0,0.928553,-0.653292,0
21.6,2.3,0,0.940486,-0.635141,0
21.6,2.4,0,0.953361,-0.616982,0
21.6,2.5,0,0.97184,-0.598876,0
21.6,2.6,0,0.985782,-0.580711,0
21.6,2.7,0,0.999065,-0.56252,0
21.6,2.8,0,1.00935,-0.543535,0
21.6,2.9,0,1.01823,-0.524773,0
21.6,3,0,1.02889,-0.506801,0
21.6,3.1,0,1.03986,-0.488905,0
21.6,3.2,0,1.05257,-0.471519,0
21.6,3.3,0,1.0634,-0.453847,0
21.6,3.4,0,1.07397,-0.436124,0
21.6,3.5,0,1.08345,-0.417745,0
21.6,3.6,0,1.09214,-0.399228,0
21.6,3.7,0,1.10142,-0.381175,0
21.6,3.8,0,1.11085,-0.363143,0
21.6,3.9,0,1.12097,-0.345138,0
21.6,4,0,1.1299,-0.326863,0
21.6,4.1,0,1.13867,-0.308563,0
21.6,4.2,0,1.14705,-0.289855,0
21.6,4.3,0,1.15487,-0.270608,0
21.6,4.4,0,1.16279,-0.251604,0
21.6,4.5,0,1.17083,-0.232587,0
21.6,4.6,0,1.17944,-0.213124,0
21.6,4.7,0,1.18679,-0.192693,0
21.6,4.8,0,1.19397,-0.172166,0
21.6,4.9,0,1.20107,-0.1509,0
21.6,5,0,1.20743,-0.128646,0
21.6,5.1,0,1.21328,-0.107511,0
21.6,5.2,0,1.21927,-0.0865853,0
21.6,5.3,0,1.22591,-0.0660726,0
21.6,5.4,0,1.23194,-0.0417036,0
21.6,5.5,0,1.23791,-0.0168704,0
21.6,5.6,0,1.24525,0.0105434,0
21.6,5.7,0,1.24971,0.0404697,0
21.6,5.8,0,1.24998,0.0670934,0
21.6,5.9,0,1.24987,0.0931939,0
21.6,6,0,1.24628,0.117873,0
21.6,6.1,0,1.24358,0.150093,0
21.6,6.2,0,1.2412,0.183205,0
21.6,6.3,0,1.24495,0.222226,0
21.6,6.4,0,1.24883,0.26956,0
21.6,6.5,0,1.24971,0.311944,0
21.6,6.6,0,1.24956,0.353148,0
21.6,6.7,0,1.24372,0.393687,0
21.6,6.8,0,1.21352,0.42203,0
21.6,6.9,0,1.17934,0.447372,0
21.6,7,0,1.11207,0.45552,0
21.6,7.1,0,0.92384,0.460337,0
21.6,7.2,0,0.792556,0.436924,0
21.6,7.3,0,0.660614,0.399827,0
21.6,7.4,0,0.537337,0.353482,0
21.6,7.5,0,0.431165,0.300752,0
21.6,7.6,0,0.349102,0.244875,0
21.6,7.7,0,0.295541,0.189136,0
21.6,7.8,0,0.271223,0.136285,0
21.6,7.9,0,0.273615,0.0883959,0
21.6,8,0,0.311364,0.0333641,0
21.6,8.1,0,0.34616,0.00792332,0
21.6,8.2,0,0.389624,-0.0170074,0
21.6,8.3,0,0.456872,-0.0343843,0
21.6,8.4,0,0.517638,-0.0454342,0
21.6,8.5,0,0.58919,-0.0442946,0
21.6,8.6,0,0.651048,-0.0377884,0
21.6,8.7,0,0.717376,-0.0232978,0
21.6,8.8,0,0.77353,-0.00534829,0
21.6,8.9,0,0.825768,0.0156748,0
21.6,9,0,0.874096,0.0467591,0
21.6,9.1,0,0.912653,0.0756484,0
21.6,9.2,0,0.9492,0.1105,0
21.6,9.3,0,0.975243,0.142304,0
21.6,9.4,0,1.00023,0.178946,0
21.6,9.5,0,1.01621,0.212138,0
21.6,9.6,0,1.02998,0.246105,0
21.6,9.7,0,1.03767,0.281753,0
21.6,9.8,0,1.04209,0.315363,0
21.6,9.9,0,1.04408,0.350965,0
21.6,10,0,1.04132,0.382526,0
21.6,10.1,0,1.03685,0.416072,0
21.6,10.2,0,1.02842,0.446341,0
21.6,10.3,0,1.02012,0.477175,0
21.6,10.4,0,1.00995,0.50799,0
21.6,10.5,0,0.996789,0.537193,0
21.6,10.6,0,0.980631,0.566722,0
21.6,10.7,0,0.964859,0.593794,0
21.6,10.8,0,0.950617,0.621782,0
21.6,10.9,0,0.935749,0.648432,0
21.6,11,0,0.917021,0.675064,0
21.6,11.1,0,0.891613,0.7017,0
21.6,11.2,0,0.873988,0.72663,0
21.6,11.3,0,0.860611,0.751217,0
21.6,11.4,0,0.84261,0.775735,0
21.6,11.5,0,0.818393,0.801591,0
21.6,11.6,0,0.788315,0.827774,0
21.6,11.7,0,0.768741,0.850769,0
21.6,11.8,0,0.76136,0.870324,0
21.6,11.9,0,0.737946,0.8956,0
21.6,12,0,0.705181,0.924829,0
21.6,12.1,0,0.675146,0.950817,0
21.6,12.2,0,0.655944,0.970976,0
21.6,12.3,0,0.647947,0.986022,0
21.6,12.4,0,0.622222,1.0123,0
21.6,12.5,0,0.577983,1.0516,0
21.6,12.6,0,0.551142,1.07403,0
21.6,12.7,0,0.537306,1.0857,0
21.7,0,0,0.497464,-1.07017,0
21.7,0.1,0,0.50569,-1.06361,0
21.7,0.2,0,0.52961,-1.04538,0
21.7,0.3,0,0.55689,-1.02489,0
21.7,0.4,0,0.60481,-0.990277,0
21.7,0.5,0,0.630405,-0.965417,0
21.7,0.6,0,0.652577,-0.942072,0
21.7,0.7,0,0.659349,-0.926843,0
21.7,0.8,0,0.663929,-0.913599,0
21.7,0.9,0,0.682245,-0.895158,0
21.7,1,0,0.70348,-0.875783,0
21.7,1.1,0,0.742622,-0.850655,0
21.7,1.2,0,0.765257,-0.828757,0
21.7,1.3,0,0.785379,-0.807343,0
21.7,1.4,0,0.794228,-0.789126,0
21.7,1.5,0,0.800254,-0.772196,0
21.7,1.6,0,0.814147,-0.753863,0
21.7,1.7,0,0.829782,-0.735371,0
21.7,1.8,0,0.855936,-0.716005,0
21.7,1.9,0,0.874101,-0.696442,0
21.7,2,0,0.891084,-0.676827,0
21.7,2.1,0,0.902553,-0.657847,0
21.7,2.2,0,0.911648,-0.639558,0
21.7,2.3,0,0.923581,-0.621406,0
21.7,2.4,0,0.936211,-0.603401,0
21.7,2.5,0,0.952875,-0.586386,0
21.7,2.6,0,0.966568,-0.568364,0
21.7,2.7,0,0.979852,-0.550173,0
21.7,2.8,0,0.991138,-0.531858,0
21.7,2.9,0,1.00099,-0.513712,0
21.7,3,0,1.01164,-0.49574,0
21.7,3.1,0,1.0225,-0.477919,0
21.7,3.2,0,1.0344,-0.461057,0
21.7,3.3,0,1.04511,-0.443452,0
21.7,3.4,0,1.05568,-0.425729,0
21.7,3.5,0,1.06549,-0.407938,0
21.7,3.6,0,1.07444,-0.389968,0
21.7,3.7,0,1.08373,-0.371915,0
21.7,3.8,0,1.09307,-0.353946,0
21.7,3.9,0,1.10243,-0.336383,0
21.7,4,0,1.11125,-0.318167,0
21.7,4.1,0,1.12002,-0.299867,0
21.7,4.2,0,1.12827,-0.281599,0
21.7,4.3,0,1.13582,-0.262793,0
21.7,4.4,0,1.14374,-0.243789,0
21.7,4.5,0,1.15164,-0.224842,0
21.7,4.6,0,1.15909,-0.205924,0
21.7,4.7,0,1.16625,-0.185571,0
21.7,4.8,0,1.17343,-0.165045,0
21.7,4.9,0,1.17999,-0.144271,0
21.7,5,0,1.18554,-0.122615,0
21.7,5.1,0,1.19139,-0.10148,0
21.7,5.2,0,1.19709,-0.0805555,0
21.7,5.3,0,1.2012,-0.0602516,0
21.7,5.4,0,1.20683,-0.0359384,0
21.7,5.5,0,1.2128,-0.0111052,0
21.7,5.6,0,1.21913,0.0151287,0
21.7,5.7,0,1.22226,0.0434529,0
21.7,5.8,0,1.22252,0.0700766,0
21.7,5.9,0,1.22182,0.0961046,0
21.7,6,0,1.21334,0.119404,0
21.7,6.1,0,1.2099,0.151319,0
21.7,6.2,0,1.20753,0.184431,0
21.7,6.3,0,1.20599,0.219733,0
21.7,6.4,0,1.20207,0.260487,0
21.7,6.5,0,1.20295,0.30287,0
21.7,6.6,0,1.20487,0.344958,0
21.7,6.7,0,1.21168,0.389484,0
21.7,6.8,0,1.18286,0.418031,0
21.7,6.9,0,1.14868,0.443374,0
21.7,7,0,1.09973,0.454538,0
21.7,7.1,0,0.93504,0.463917,0
21.7,7.2,0,0.817789,0.446401,0
21.7,7.3,0,0.697886,0.415355,0
21.7,7.4,0,0.583657,0.374572,0
21.7,7.5,0,0.483107,0.326621,0
21.7,7.6,0,0.40326,0.274455,0
21.7,7.7,0,0.348874,0.221217,0
21.7,7.8,0,0.321276,0.169723,0
21.7,7.9,0,0.318564,0.122215,0
21.7,8,0,0.347878,0.0667546,0
21.7,8.1,0,0.378949,0.0425243,0
21.7,8.2,0,0.420254,0.0168445,0
21.7,8.3,0,0.469551,-0.00454301,0
21.7,8.4,0,0.530316,-0.015593,0
21.7,8.5,0,0.585885,-0.0226178,0
21.7,8.6,0,0.645532,-0.0168516,0
21.7,8.7,0,0.704515,-0.00822526,0
21.7,8.8,0,0.753951,0.00616425,0
21.7,8.9,0,0.805859,0.0267863,0
21.7,9,0,0.845778,0.0490269,0
21.7,9.1,0,0.884334,0.0779163,0
21.7,9.2,0,0.917312,0.106519,0
21.7,9.3,0,0.94258,0.137373,0
21.7,9.4,0,0.966976,0.171197,0
21.7,9.5,0,0.981881,0.201794,0
21.7,9.6,0,0.995648,0.235761,0
21.7,9.7,0,1.00374,0.267873,0
21.7,9.8,0,1.00815,0.301483,0
21.7,9.9,0,1.01101,0.335041,0
21.7,10,0,1.00826,0.366227,0
21.7,10.1,0,1.00476,0.399108,0
21.7,10.2,0,0.997426,0.428717,0
21.7,10.3,0,0.989126,0.459551,0
21.7,10.4,0,0.979857,0.489334,0
21.7,10.5,0,0.966696,0.518538,0
21.7,10.6,0,0.952647,0.547518,0
21.7,10.7,0,0.937518,0.57447,0
21.7,10.8,0,0.923386,0.602302,0
21.7,10.9,0,0.908149,0.628684,0
21.7,11,0,0.889421,0.655316,0
21.7,11.1,0,0.867147,0.681025,0
21.7,11.2,0,0.849522,0.705955,0
21.7,11.3,0,0.835422,0.730526,0
21.7,11.4,0,0.81672,0.755021,0
21.7,11.5,0,0.793125,0.780562,0
21.7,11.6,0,0.765094,0.805484,0
21.7,11.7,0,0.74552,0.828479,0
21.7,11.8,0,0.736714,0.848441,0
21.7,11.9,0,0.713246,0.873728,0
21.7,12,0,0.681285,0.901583,0
21.7,12.1,0,0.651732,0.926395,0
21.7,12.2,0,0.632431,0.946672,0
21.7,12.3,0,0.623706,0.962288,0
21.7,12.4,0,0.597981,0.988568,0
21.7,12.5,0,0.55358,1.02521,0
21.7,12.6,0,0.526709,1.04736,0
21.7,12.7,0,0.512936,1.0591,0
21.8,0,0,0.476723,-1.04497,0
21.8,0.1,0,0.475981,-1.04507,0
21.8,0.2,0,0.487563,-1.03674,0
21.8,0.3,0,0.536128,-1.00197,0
21.8,0.4,0,0.584048,-0.96735,0
21.8,0.5,0,0.631321,-0.932892,0
21.8,0.6,0,0.641761,-0.916594,0
21.8,0.7,0,0.639732,-0.906003,0
21.8,0.8,0,0.636463,-0.89573,0
21.8,0.9,0,0.643914,-0.881913,0
21.8,1,0,0.683639,-0.856625,0
21.8,1.1,0,0.722781,-0.831497,0
21.8,1.2,0,0.761339,-0.806529,0
21.8,1.3,0,0.7729,-0.788228,0
21.8,1.4,0,0.775307,-0.771838,0
21.8,1.5,0,0.776839,-0.75571,0
21.8,1.6,0,0.784717,-0.738905,0
21.8,1.7,0,0.811377,-0.719406,0
21.8,1.8,0,0.837531,-0.70004,0
21.8,1.9,0,0.863179,-0.680807,0
21.8,2,0,0.87583,-0.662255,0
21.8,2.1,0,0.884148,-0.643639,0
21.8,2.2,0,0.891622,-0.62527,0
21.8,2.3,0,0.901591,-0.607358,0
21.8,2.4,0,0.918631,-0.590278,0
21.8,2.5,0,0.935295,-0.573262,0
21.8,2.6,0,0.951583,-0.556312,0
21.8,2.7,0,0.963243,-0.538451,0
21.8,2.8,0,0.973388,-0.520065,0
21.8,2.9,0,0.982777,-0.50182,0
21.8,3,0,0.992917,-0.484051,0
21.8,3.1,0,1.00513,-0.467184,0
21.8,3.2,0,1.01703,-0.450322,0
21.8,3.3,0,1.02862,-0.433466,0
21.8,3.4,0,1.03852,-0.415999,0
21.8,3.5,0,1.04789,-0.398168,0
21.8,3.6,0,1.05665,-0.380246,0
21.8,3.7,0,1.06561,-0.362564,0
21.8,3.8,0,1.07525,-0.345125,0
21.8,3.9,0,1.08462,-0.327562,0
21.8,4,0,1.0937,-0.309877,0
21.8,4.1,0,1.10186,-0.291874,0
21.8,4.2,0,1.10981,-0.273625,0
21.8,4.3,0,1.11716,-0.254932,0
21.8,4.4,0,1.12449,-0.236382,0
21.8,4.5,0,1.13227,-0.217793,0
21.8,4.6,0,1.13972,-0.198875,0
21.8,4.7,0,1.14683,-0.179627,0
21.8,4.8,0,1.1531,-0.159271,0
21.8,4.9,0,1.15931,-0.138356,0
21.8,5,0,1.16469,-0.116403,0
21.8,5.1,0,1.16965,-0.0951566,0
21.8,5.2,0,1.17436,-0.0755686,0
21.8,5.3,0,1.17846,-0.0552646,0
21.8,5.4,0,1.18197,-0.0342449,0
21.8,5.5,0,1.18744,-0.00897075,0
21.8,5.6,0,1.19397,0.0180635,0
21.8,5.7,0,1.19873,0.0473596,0
21.8,5.8,0,1.20018,0.0746259,0
21.8,5.9,0,1.19335,0.0968816,0
21.8,6,0,1.18487,0.120181,0
21.8,6.1,0,1.17474,0.144523,0
21.8,6.2,0,1.17039,0.177176,0
21.8,6.3,0,1.16933,0.21373,0
21.8,6.4,0,1.16267,0.253552,0
21.8,6.5,0,1.15981,0.292721,0
21.8,6.6,0,1.16831,0.332937,0
21.8,6.7,0,1.17512,0.377463,0
21.8,6.8,0,1.18024,0.426299,0
21.8,6.9,0,1.14104,0.440997,0
21.8,7,0,1.08365,0.444059,0
21.8,7.1,0,0.939396,0.45669,0
21.8,7.2,0,0.835102,0.444199,0
21.8,7.3,0,0.726951,0.418903,0
21.8,7.4,0,0.622305,0.383873,0
21.8,7.5,0,0.528584,0.341358,0
21.8,7.6,0,0.452576,0.293966,0
21.8,7.7,0,0.399102,0.244564,0
21.8,7.8,0,0.369828,0.19588,0
21.8,7.9,0,0.36334,0.1502,0
21.8,8,0,0.385486,0.0960212,0
21.8,8.1,0,0.403525,0.0733866,0
21.8,8.2,0,0.444103,0.0456284,0
21.8,8.3,0,0.489851,0.0220854,0
21.8,8.4,0,0.538144,0.00767469,0
21.8,8.5,0,0.592584,0.00194061,0
21.8,8.6,0,0.640798,-0.00137249,0
21.8,8.7,0,0.6962,0.0095343,0
21.8,8.8,0,0.742193,0.0170284,0
21.8,8.9,0,0.786383,0.0369193,0
21.8,9,0,0.825712,0.0571379,0
21.8,9.1,0,0.859416,0.0797507,0
21.8,9.2,0,0.890861,0.109389,0
21.8,9.3,0,0.914622,0.132274,0
21.8,9.4,0,0.936789,0.168068,0
21.8,9.5,0,0.952018,0.194697,0
21.8,9.6,0,0.964113,0.227917,0
21.8,9.7,0,0.972281,0.259257,0
21.8,9.8,0,0.976967,0.289217,0
21.8,9.9,0,0.979422,0.323821,0
21.8,10,0,0.97817,0.351451,0
21.8,10.1,0,0.974129,0.38541,0
21.8,10.2,0,0.967141,0.413283,0
21.8,10.3,0,0.959619,0.443886,0
21.8,10.4,0,0.950599,0.473628,0
21.8,10.5,0,0.939243,0.501227,0
21.8,10.6,0,0.924756,0.530568,0
21.8,10.7,0,0.908846,0.555937,0
21.8,10.8,0,0.896612,0.584278,0
21.8,10.9,0,0.883257,0.610091,0
21.8,11,0,0.864451,0.636173,0
21.8,11.1,0,0.841619,0.661899,0
21.8,11.2,0,0.82162,0.686184,0
21.8,11.3,0,0.810794,0.710595,0
21.8,11.4,0,0.798518,0.733439,0
21.8,11.5,0,0.769194,0.759562,0
21.8,11.6,0,0.736959,0.785262,0
21.8,11.7,0,0.719795,0.80726,0
21.8,11.8,0,0.713355,0.826645,0
21.8,11.9,0,0.698569,0.848068,0
21.8,12,0,0.657888,0.878556,0
21.8,12.1,0,0.61574,0.908777,0
21.8,12.2,0,0.609341,0.922618,0
21.8,12.3,0,0.606797,0.934227,0
21.8,12.4,0,0.579619,0.960305,0
21.8,12.5,0,0.530057,0.999888,0
21.8,12.6,0,0.488343,1.03246,0
21.8,12.7,0,0.489443,1.03225,0
21.9,0,0,0.455983,-1.01977,0
21.9,0.1,0,0.472044,-1.00859,0
21.9,0.2,0,0.495947,-0.99215,0
21.9,0.3,0,0.51985,-0.975706,0
21.9,0.4,0,0.558886,-0.946742,0
21.9,0.5,0,0.581958,-0.925037,0
21.9,0.6,0,0.60503,-0.903332,0
21.9,0.7,0,0.620115,-0.885163,0
21.9,0.8,0,0.631443,-0.870222,0
21.9,0.9,0,0.649583,-0.853102,0
21.9,1,0,0.667722,-0.835983,0
21.9,1.1,0,0.699719,-0.813253,0
21.9,1.2,0,0.720564,-0.793308,0
21.9,1.3,0,0.741409,-0.773363,0
21.9,1.4,0,0.756387,-0.754549,0
21.9,1.5,0,0.766623,-0.737626,0
21.9,1.6,0,0.780922,-0.720333,0
21.9,1.7,0,0.79522,-0.703039,0
21.9,1.8,0,0.817551,-0.684255,0
21.9,1.9,0,0.834534,-0.666021,0
21.9,2,0,0.851517,-0.647786,0
21.9,2.1,0,0.865743,-0.62943,0
21.9,2.2,0,0.876699,-0.611791,0
21.9,2.3,0,0.88928,-0.594492,0
21.9,2.4,0,0.901861,-0.577194,0
21.9,2.5,0,0.917144,-0.560103,0
21.9,2.6,0,0.930294,-0.542958,0
21.9,2.7,0,0.943444,-0.525812,0
21.9,2.8,0,0.955638,-0.508272,0
21.9,2.9,0,0.966088,-0.49078,0
21.9,3,0,0.977034,-0.473639,0
21.9,3.1,0,0.98798,-0.456498,0
21.9,3.2,0,0.999433,-0.439567,0
21.9,3.3,0,1.00983,-0.422603,0
21.9,3.4,0,1.02023,-0.405639,0
21.9,3.5,0,1.0303,-0.388399,0
21.9,3.6,0,1.0393,-0.370896,0
21.9,3.7,0,1.04842,-0.353588,0
21.9,3.8,0,1.05754,-0.33628,0
21.9,3.9,0,1.06666,-0.31875,0
21.9,4,0,1.07492,-0.301116,0
21.9,4.1,0,1.08319,-0.283481,0
21.9,4.2,0,1.09135,-0.265651,0
21.9,4.3,0,1.0986,-0.247242,0
21.9,4.4,0,1.10581,-0.228965,0
21.9,4.5,0,1.11301,-0.210688,0
21.9,4.6,0,1.12018,-0.191756,0
21.9,4.7,0,1.12632,-0.17212,0
21.9,4.8,0,1.13247,-0.152484,0
21.9,4.9,0,1.13863,-0.132442,0
21.9,5,0,1.14323,-0.111543,0
21.9,5.1,0,1.14747,-0.0911367,0
21.9,5.2,0,1.15171,-0.0707304,0
21.9,5.3,0,1.15584,-0.0498775,0
21.9,5.4,0,1.1599,-0.0266567,0
21.9,5.5,0,1.16397,-0.00343583,0
21.9,5.6,0,1.16881,0.0209984,0
21.9,5.7,0,1.16874,0.0473163,0
21.9,5.8,0,1.1664,0.0722445,0
21.9,5.9,0,1.16406,0.0971727,0
21.9,6,0,1.15664,0.121583,0
21.9,6.1,0,1.14783,0.149368,0
21.9,6.2,0,1.13902,0.177152,0
21.9,6.3,0,1.13268,0.207727,0
21.9,6.4,0,1.13121,0.246071,0
21.9,6.5,0,1.13217,0.283726,0
21.9,6.6,0,1.13313,0.321382,0
21.9,6.7,0,1.13434,0.361391,0
21.9,6.8,0,1.11625,0.387946,0
21.9,6.9,0,1.09816,0.414501,0
21.9,7,0,1.06757,0.433581,0
21.9,7.1,0,0.943753,0.449462,0
21.9,7.2,0,0.852416,0.441997,0
21.9,7.3,0,0.756016,0.422452,0
21.9,7.4,0,0.660952,0.393173,0
21.9,7.5,0,0.574062,0.356096,0
21.9,7.6,0,0.501891,0.313477,0
21.9,7.7,0,0.449331,0.267911,0
21.9,7.8,0,0.418379,0.222037,0
21.9,7.9,0,0.408115,0.178184,0
21.9,8,0,0.423093,0.125288,0
21.9,8.1,0,0.446363,0.100018,0
21.9,8.2,0,0.471054,0.0740323,0
21.9,8.3,0,0.511894,0.0529345,0
21.9,8.4,0,0.552592,0.0369398,0
21.9,8.5,0,0.598786,0.0268152,0
21.9,8.6,0,0.642368,0.026104,0
21.9,8.7,0,0.687884,0.0272939,0
21.9,8.8,0,0.72911,0.0379297,0
21.9,8.9,0,0.768135,0.0495107,0
21.9,9,0,0.804402,0.0685098,0
21.9,9.1,0,0.834796,0.088899,0
21.9,9.2,0,0.864291,0.112382,0
21.9,9.3,0,0.885383,0.138067,0
21.9,9.4,0,0.906601,0.164939,0
21.9,9.5,0,0.920234,0.193596,0
21.9,9.6,0,0.932363,0.222124,0
21.9,9.7,0,0.940334,0.252424,0
21.9,9.8,0,0.944753,0.282005,0
21.9,9.9,0,0.947836,0.312601,0
21.9,10,0,0.94574,0.341985,0
21.9,10.1,0,0.943496,0.371711,0
21.9,10.2,0,0.936852,0.400839,0
21.9,10.3,0,0.929915,0.42954,0
21.9,10.4,0,0.920834,0.458351,0
21.9,10.5,0,0.909519,0.485884,0
21.9,10.6,0,0.896866,0.513619,0
21.9,10.7,0,0.883257,0.539887,0
21.9,10.8,0,0.869838,0.566254,0
21.9,10.9,0,0.854472,0.592216,0
21.9,11,0,0.837363,0.617575,0
21.9,11.1,0,0.817865,0.642707,0
21.9,11.2,0,0.801133,0.666677,0
21.9,11.3,0,0.786166,0.690663,0
21.9,11.4,0,0.766054,0.714587,0
21.9,11.5,0,0.7449,0.738653,0
21.9,11.6,0,0.720373,0.762469,0
21.9,11.7,0,0.701469,0.784532,0
21.9,11.8,0,0.686886,0.805787,0
21.9,11.9,0,0.66292,0.829812,0
21.9,12,0,0.634491,0.85553,0
21.9,12.1,0,0.60956,0.877481,0
21.9,12.2,0,0.587998,0.897813,0
21.9,12.3,0,0.572438,0.916595,0
21.9,12.4,0,0.546207,0.941393,0
21.9,12.5,0,0.510075,0.971718,0
21.9,12.6,0,0.485242,0.990595,0
21.9,12.7,0,0.465949,1.00539,0
22,0,0,0.436629,-0.994436,0
22,0.1,0,0.437038,-0.993728,0
22,0.2,0,0.460941,-0.977285,0
22,0.3,0,0.495938,-0.954108,0
22,0.4,0,0.543631,-0.92295,0
22,0.5,0,0.577613,-0.896994,0
22,0.6,0,0.600685,-0.875289,0
22,0.7,0,0.601657,-0.86406,0
22,0.8,0,0.601272,-0.853262,0
22,0.9,0,0.619411,-0.836142,0
22,1,0,0.64628,-0.816608,0
22,1.1,0,0.68302,-0.794303,0
22,1.2,0,0.710816,-0.773343,0
22,1.3,0,0.731661,-0.753398,0
22,1.4,0,0.738324,-0.737039,0
22,1.5,0,0.743812,-0.720993,0
22,1.6,0,0.75811,-0.7037,0
22,1.7,0,0.776837,-0.686286,0
22,1.8,0,0.800379,-0.668824,0
22,1.9,0,0.820116,-0.650982,0
22,2,0,0.837099,-0.632748,0
22,2.1,0,0.848174,-0.615007,0
22,2.2,0,0.858182,-0.5975,0
22,2.3,0,0.870763,-0.580202,0
22,2.4,0,0.884816,-0.563443,0
22,2.5,0,0.900241,-0.547375,0
22,2.6,0,0.914246,-0.530738,0
22,2.7,0,0.927396,-0.513593,0
22,2.8,0,0.938635,-0.496377,0
22,2.9,0,0.949001,-0.479231,0
22,3,0,0.959947,-0.46209,0
22,3.1,0,0.971246,-0.445382,0
22,3.2,0,0.982618,-0.429178,0
22,3.3,0,0.993298,-0.412553,0
22,3.4,0,1.00369,-0.395589,0
22,3.5,0,1.01333,-0.378734,0
22,3.6,0,1.02223,-0.361741,0
22,3.7,0,1.03135,-0.344433,0
22,3.8,0,1.04048,-0.327377,0
22,3.9,0,1.04928,-0.310498,0
22,4,0,1.05763,-0.29315,0
22,4.1,0,1.06589,-0.275515,0
22,4.2,0,1.07354,-0.25809,0
22,4.3,0,1.08043,-0.240233,0
22,4.4,0,1.08764,-0.221956,0
22,4.5,0,1.0947,-0.203896,0
22,4.6,0,1.10117,-0.185804,0
22,4.7,0,1.10728,-0.166736,0
22,4.8,0,1.11342,-0.1471,0
22,4.9,0,1.11881,-0.12742,0
22,5,0,1.12318,-0.106911,0
22,5.1,0,1.12742,-0.0865043,0
22,5.2,0,1.13105,-0.0666364,0
22,5.3,0,1.13324,-0.0468472,0
22,5.4,0,1.13613,-0.0249283,0
22,5.5,0,1.1402,-0.00170749,0
22,5.6,0,1.14526,0.0221298,0
22,5.7,0,1.14851,0.0474925,0
22,5.8,0,1.14617,0.0724207,0
22,5.9,0,1.14062,0.0963747,0
22,6,0,1.12979,0.119998,0
22,6.1,0,1.11942,0.146273,0
22,6.2,0,1.11061,0.174057,0
22,6.3,0,1.10166,0.199778,0
22,6.4,0,1.08723,0.226719,0
22,6.5,0,1.08819,0.264374,0
22,6.6,0,1.09575,0.303373,0
22,6.7,0,1.10869,0.345253,0
22,6.8,0,1.10354,0.37935,0
22,6.9,0,1.08545,0.405905,0
22,7,0,1.04935,0.414507,0
22,7.1,0,0.941694,0.432538,0
22,7.2,0,0.86103,0.428832,0
22,7.3,0,0.774759,0.413983,0
22,7.4,0,0.688549,0.389792,0
22,7.5,0,0.608682,0.357888,0
22,7.6,0,0.541306,0.3202,0
22,7.7,0,0.491109,0.27904,0
22,7.8,0,0.460158,0.236882,0
22,7.9,0,0.447824,0.196,0
22,8,0,0.45761,0.146012,0
22,8.1,0,0.4736,0.124562,0
22,8.2,0,0.498861,0.0975296,0
22,8.3,0,0.527743,0.0748145,0
22,8.4,0,0.568441,0.0588198,0
22,8.5,0,0.60436,0.0477598,0
22,8.6,0,0.644921,0.0451493,0
22,8.7,0,0.685128,0.0457946,0
22,8.8,0,0.720337,0.0522211,0
22,8.9,0,0.757921,0.0642774,0
22,9,0,0.787017,0.0775082,0
22,9.1,0,0.81725,0.0975958,0
22,9.2,0,0.84189,0.118325,0
22,9.3,0,0.862081,0.141248,0
22,9.4,0,0.881519,0.167528,0
22,9.5,0,0.893611,0.191959,0
22,9.6,0,0.905373,0.220628,0
22,9.7,0,0.912196,0.247202,0
22,9.8,0,0.916583,0.276308,0
22,9.9,0,0.919268,0.305425,0
22,10,0,0.917347,0.333052,0
22,10.1,0,0.915065,0.362563,0
22,10.2,0,0.908832,0.389204,0
22,10.3,0,0.901978,0.417935,0
22,10.4,0,0.893768,0.445003,0
22,10.5,0,0.882628,0.47221,0
22,10.6,0,0.870835,0.499001,0
22,10.7,0,0.856927,0.524254,0
22,10.8,0,0.84433,0.550588,0
22,10.9,0,0.830216,0.575244,0
22,11,0,0.812964,0.600546,0
22,11.1,0,0.793266,0.624455,0
22,11.2,0,0.775729,0.648219,0
22,11.3,0,0.762399,0.671666,0
22,11.4,0,0.745191,0.694667,0
22,11.5,0,0.721541,0.718818,0
22,11.6,0,0.693661,0.742247,0
22,11.7,0,0.675213,0.764203,0
22,11.8,0,0.666763,0.783398,0
22,11.9,0,0.646277,0.806171,0
22,12,0,0.612297,0.832551,0
22,12.1,0,0.579701,0.856887,0
22,12.2,0,0.564675,0.87443,0
22,12.3,0,0.559588,0.887219,0
22,12.4,0,0.533357,0.912017,0
22,12.5,0,0.484393,0.947786,0
22,12.6,0,0.452078,0.971618,0
22,12.7,0,0.443924,0.978356,0
22.1,0,0,0.417738,-0.969055,0
22.1,0.1,0,0.417027,-0.969096,0
22.1,0.2,0,0.434068,-0.958364,0
22.1,0.3,0,0.476786,-0.930853,0
22.1,0.4,0,0.524478,-0.899696,0
22.1,0.5,0,0.56629,-0.871132,0
22.1,0.6,0,0.583665,-0.853599,0
22.1,0.7,0,0.583584,-0.84287,0
22.1,0.8,0,0.582317,-0.832372,0
22.1,0.9,0,0.595017,-0.818012,0
22.1,1,0,0.627951,-0.797085,0
22.1,1.1,0,0.664691,-0.77478,0
22.1,1.2,0,0.69745,-0.753456,0
22.1,1.3,0,0.714559,-0.735643,0
22.1,1.4,0,0.720547,-0.719454,0
22.1,1.5,0,0.725616,-0.703468,0
22.1,1.6,0,0.737769,-0.687291,0
22.1,1.7,0,0.759711,-0.670033,0
22.1,1.8,0,0.783253,-0.65257,0
22.1,1.9,0,0.80489,-0.635318,0
22.1,2,0,0.820091,-0.61823,0
22.1,2.1,0,0.830885,-0.600513,0
22.1,2.2,0,0.84077,-0.582996,0
22.1,2.3,0,0.853009,-0.566343,0
22.1,2.4,0,0.868215,-0.550181,0
22.1,2.5,0,0.883641,-0.534113,0
22.1,2.6,0,0.898217,-0.518071,0
22.1,2.7,0,0.910733,-0.501667,0
22.1,2.8,0,0.921881,-0.484448,0
22.1,2.9,0,0.932219,-0.467302,0
22.1,3,0,0.943123,-0.450847,0
22.1,3.1,0,0.954708,-0.434656,0
22.1,3.2,0,0.96608,-0.418452,0
22.1,3.3,0,0.97692,-0.402261,0
22.1,3.4,0,0.986975,-0.385954,0
22.1,3.5,0,0.996576,-0.369104,0
22.1,3.6,0,1.00547,-0.352126,0
22.1,3.7,0,1.01438,-0.335552,0
22.1,3.8,0,1.02346,-0.318873,0
22.1,3.9,0,1.03226,-0.301994,0
22.1,4,0,1.04057,-0.285039,0
22.1,4.1,0,1.04833,-0.268081,0
22.1,4.2,0,1.05595,-0.250666,0
22.1,4.3,0,1.06283,-0.232829,0
22.1,4.4,0,1.06947,-0.21534,0
22.1,4.5,0,1.07628,-0.197643,0
22.1,4.6,0,1.08275,-0.17955,0
22.1,4.7,0,1.08864,-0.161152,0
22.1,4.8,0,1.09393,-0.142378,0
22.1,4.9,0,1.09929,-0.122695,0
22.1,5,0,1.10366,-0.102181,0
22.1,5.1,0,1.10705,-0.0825289,0
22.1,5.2,0,1.10998,-0.0632826,0
22.1,5.3,0,1.11217,-0.0434934,0
22.1,5.4,0,1.1139,-0.0229901,0
22.1,5.5,0,1.11714,-0.00120651,0
22.1,5.6,0,1.12225,0.0226602,0
22.1,5.7,0,1.12576,0.0480435,0
22.1,5.8,0,1.12413,0.0718682,0
22.1,5.9,0,1.11604,0.0947566,0
22.1,6,0,1.1052,0.11838,0
22.1,6.1,0,1.09293,0.142351,0
22.1,6.2,0,1.08147,0.165558,0
22.1,6.3,0,1.07251,0.191181,0
22.1,6.4,0,1.05735,0.217611,0
22.1,6.5,0,1.05277,0.246192,0
22.1,6.6,0,1.0646,0.284253,0
22.1,6.7,0,1.07754,0.326133,0
22.1,6.8,0,1.08363,0.365007,0
22.1,6.9,0,1.06738,0.384821,0
22.1,7,0,1.03042,0.392567,0
22.1,7.1,0,0.937496,0.412382,0
22.1,7.2,0,0.866745,0.412013,0
22.1,7.3,0,0.790061,0.401508,0
22.1,7.4,0,0.712462,0.382182,0
22.1,7.5,0,0.639683,0.355365,0
22.1,7.6,0,0.577419,0.322661,0
22.1,7.7,0,0.53007,0.286097,0
22.1,7.8,0,0.499679,0.247957,0
22.1,7.9,0,0.485844,0.210427,0
22.1,8,0,0.491097,0.163889,0
22.1,8.1,0,0.502497,0.144457,0
22.1,8.2,0,0.52242,0.118379,0
22.1,8.3,0,0.551204,0.0956356,0
22.1,8.4,0,0.579098,0.0795587,0
22.1,8.5,0,0.614742,0.068685,0
22.1,8.6,0,0.646918,0.0634253,0
22.1,8.7,0,0.683057,0.0639209,0
22.1,8.8,0,0.715883,0.0682909,0
22.1,8.9,0,0.745728,0.0778832,0
22.1,9,0,0.774824,0.0911139,0
22.1,9.1,0,0.798382,0.105811,0
22.1,9.2,0,0.822536,0.126674,0
22.1,9.3,0,0.840115,0.145728,0
22.1,9.4,0,0.857582,0.170778,0
22.1,9.5,0,0.869333,0.193656,0
22.1,9.6,0,0.878958,0.219281,0
22.1,9.7,0,0.885781,0.245855,0
22.1,9.8,0,0.889299,0.270919,0
22.1,9.9,0,0.891857,0.30013,0
22.1,10,0,0.890053,0.325563,0
22.1,10.1,0,0.887718,0.353981,0
22.1,10.2,0,0.881495,0.379906,0
22.1,10.3,0,0.875183,0.40661,0
22.1,10.4,0,0.866973,0.433678,0
22.1,10.5,0,0.856875,0.458676,0
22.1,10.6,0,0.845078,0.485392,0
22.1,10.7,0,0.831244,0.509521,0
22.1,10.8,0,0.819383,0.535092,0
22.1,10.9,0,0.805736,0.559525,0
22.1,11,0,0.789187,0.583325,0
22.1,11.1,0,0.769489,0.607233,0
22.1,11.2,0,0.751433,0.629813,0
22.1,11.3,0,0.73917,0.653075,0
22.1,11.4,0,0.723743,0.675224,0
22.1,11.5,0,0.699088,0.698726,0
22.1,11.6,0,0.670049,0.722294,0
22.1,11.7,0,0.653217,0.742952,0
22.1,11.8,0,0.644767,0.762147,0
22.1,11.9,0,0.627415,0.78285,0
22.1,12,0,0.590376,0.809795,0
22.1,12.1,0,0.553889,0.835303,0
22.1,12.2,0,0.543181,0.850471,0
22.1,12.3,0,0.539384,0.862503,0
22.1,12.4,0,0.511762,0.886446,0
22.1,12.5,0,0.462596,0.922315,0
22.1,12.6,0,0.424938,0.948845,0
22.1,12.7,0,0.422389,0.951261,0
22.2,0,0,0.398846,-0.943674,0
22.2,0.1,0,0.422544,-0.928901,0
22.2,0.2,0,0.446242,-0.914129,0
22.2,0.3,0,0.469939,-0.899357,0
22.2,0.4,0,0.493749,-0.881929,0
22.2,0.5,0,0.517669,-0.861846,0
22.2,0.6,0,0.54159,-0.841762,0
22.2,0.7,0,0.565511,-0.821679,0
22.2,0.8,0,0.583449,-0.80587,0
22.2,0.9,0,0.601386,-0.79006,0
22.2,1,0,0.619324,-0.774251,0
22.2,1.1,0,0.638933,-0.757135,0
22.2,1.2,0,0.660212,-0.738713,0
22.2,1.3,0,0.681491,-0.720291,0
22.2,1.4,0,0.702771,-0.701869,0
22.2,1.5,0,0.717581,-0.685621,0
22.2,1.6,0,0.732391,-0.669373,0
22.2,1.7,0,0.747201,-0.653125,0
22.2,1.8,0,0.763033,-0.636575,0
22.2,1.9,0,0.779887,-0.619723,0
22.2,2,0,0.796741,-0.602871,0
22.2,2.1,0,0.813596,-0.58602,0
22.2,2.2,0,0.826718,-0.569689,0
22.2,2.3,0,0.839841,-0.553359,0
22.2,2.4,0,0.852963,-0.537029,0
22.2,2.5,0,0.866039,-0.520815,0
22.2,2.6,0,0.879068,-0.504716,0
22.2,2.7,0,0.892098,-0.488618,0
22.2,2.8,0,0.905127,-0.472519,0
22.2,2.9,0,0.916243,-0.456324,0
22.2,3,0,0.927359,-0.440128,0
22.2,3.1,0,0.938475,-0.423933,0
22.2,3.2,0,0.949145,-0.407783,0
22.2,3.3,0,0.959371,-0.39168,0
22.2,3.4,0,0.969596,-0.375577,0
22.2,3.5,0,0.979821,-0.359474,0
22.2,3.6,0,0.988735,-0.343051,0
22.2,3.7,0,0.997649,-0.326627,0
22.2,3.8,0,1.00656,-0.310204,0
22.2,3.9,0,1.01492,-0.293599,0
22.2,4,0,1.02274,-0.276813,0
22.2,4.1,0,1.03055,-0.260028,0
22.2,4.2,0,1.03836,-0.243242,0
22.2,4.3,0,1.04491,-0.225884,0
22.2,4.4,0,1.05147,-0.208526,0
22.2,4.5,0,1.05803,-0.191169,0
22.2,4.6,0,1.06394,-0.173273,0
22.2,4.7,0,1.06921,-0.154839,0
22.2,4.8,0,1.07449,-0.136405,0
22.2,4.9,0,1.07976,-0.117971,0
22.2,5,0,1.08279,-0.0986414,0
22.2,5.1,0,1.08582,-0.079312,0
22.2,5.2,0,1.08885,-0.0599826,0
22.2,5.3,0,1.09163,-0.0398167,0
22.2,5.4,0,1.09416,-0.0188143,0
22.2,5.5,0,1.0967,0.00218811,0
22.2,5.6,0,1.09923,0.0231905,0
22.2,5.7,0,1.09567,0.0464307,0
22.2,5.8,0,1.0921,0.0696708,0
22.2,5.9,0,1.08853,0.092911,0
22.2,6,0,1.08055,0.115681,0
22.2,6.1,0,1.06815,0.137982,0
22.2,6.2,0,1.05576,0.160283,0
22.2,6.3,0,1.04337,0.182584,0
22.2,6.4,0,1.04275,0.211971,0
22.2,6.5,0,1.04213,0.241359,0
22.2,6.6,0,1.04151,0.270746,0
22.2,6.7,0,1.03696,0.29761,0
22.2,6.8,0,1.02847,0.321949,0
22.2,6.9,0,1.01998,0.346289,0
22.2,7,0,1.01149,0.370628,0
22.2,7.1,0,0.933298,0.392227,0
22.2,7.2,0,0.872461,0.395195,0
22.2,7.3,0,0.805363,0.389033,0
22.2,7.4,0,0.736375,0.374573,0
22.2,7.5,0,0.670685,0.352842,0
22.2,7.6,0,0.613533,0.325121,0
22.2,7.7,0,0.569032,0.293154,0
22.2,7.8,0,0.539201,0.259031,0
22.2,7.9,0,0.523864,0.224854,0
22.2,8,0,0.524584,0.181766,0
22.2,8.1,0,0.537657,0.159259,0
22.2,8.2,0,0.550731,0.136751,0
22.2,8.3,0,0.571737,0.118534,0
22.2,8.4,0,0.597015,0.102629,0
22.2,8.5,0,0.623412,0.0902989,0
22.2,8.6,0,0.65242,0.0863123,0
22.2,8.7,0,0.681429,0.0823258,0
22.2,8.8,0,0.708701,0.088103,0
22.2,8.9,0,0.735881,0.094394,0
22.2,9,0,0.759961,0.105453,0
22.2,9.1,0,0.781974,0.11969,0
22.2,9.2,0,0.802416,0.135297,0
22.2,9.3,0,0.818146,0.155015,0
22.2,9.4,0,0.833876,0.174734,0
22.2,9.5,0,0.843755,0.19754,0
22.2,9.6,0,0.852984,0.220689,0
22.2,9.7,0,0.858926,0.244834,0
22.2,9.8,0,0.86218,0.269794,0
22.2,9.9,0,0.864375,0.294876,0
22.2,10,0,0.862341,0.320442,0
22.2,10.1,0,0.860307,0.346007,0
22.2,10.2,0,0.854654,0.371509,0
22.2,10.3,0,0.848362,0.396999,0
22.2,10.4,0,0.840166,0.422174,0
22.2,10.5,0,0.830065,0.447033,0
22.2,10.6,0,0.819606,0.471782,0
22.2,10.7,0,0.807117,0.49591,0
22.2,10.8,0,0.794628,0.520037,0
22.2,10.9,0,0.779537,0.543534,0
22.2,11,0,0.763796,0.566874,0
22.2,11.1,0,0.747898,0.589776,0
22.2,11.2,0,0.731807,0.612144,0
22.2,11.3,0,0.715302,0.634506,0
22.2,11.4,0,0.695057,0.656817,0
22.2,11.5,0,0.674812,0.679128,0
22.2,11.6,0,0.655973,0.700235,0
22.2,11.7,0,0.637601,0.720941,0
22.2,11.8,0,0.617028,0.74227,0
22.2,11.9,0,0.59315,0.764534,0
22.2,12,0,0.569414,0.786631,0
22.2,12.1,0,0.548351,0.805555,0
22.2,12.2,0,0.527288,0.824479,0
22.2,12.3,0,0.502359,0.846277,0
22.2,12.4,0,0.475774,0.869306,0
22.2,12.5,0,0.449909,0.890216,0
22.2,12.6,0,0.425382,0.907191,0
22.2,12.7,0,0.400855,0.924166,0
22.3,0,0,0.381723,-0.918241,0
22.3,0.1,0,0.381044,-0.91824,0
22.3,0.2,0,0.398093,-0.907496,0
22.3,0.3,0,0.440332,-0.882513,0
22.3,0.4,0,0.487431,-0.854582,0
22.3,0.5,0,0.528803,-0.828476,0
22.3,0.6,0,0.54678,-0.81095,0
22.3,0.7,0,0.548906,-0.800241,0
22.3,0.8,0,0.549912,-0.789689,0
22.3,0.9,0,0.563232,-0.775314,0
22.3,1,0,0.594144,-0.756429,0
22.3,1.1,0,0.628263,-0.73674,0
22.3,1.2,0,0.658992,-0.717414,0
22.3,1.3,0,0.676981,-0.699738,0
22.3,1.4,0,0.686196,-0.68405,0
22.3,1.5,0,0.694441,-0.668527,0
22.3,1.6,0,0.707461,-0.652476,0
22.3,1.7,0,0.727774,-0.636498,0
22.3,1.8,0,0.749215,-0.620661,0
22.3,1.9,0,0.769233,-0.604642,0
22.3,2,0,0.78492,-0.587868,0
22.3,2.1,0,0.797495,-0.571301,0
22.3,2.2,0,0.809111,-0.554887,0
22.3,2.3,0,0.821823,-0.538534,0
22.3,2.4,0,0.836431,-0.523097,0
22.3,2.5,0,0.851061,-0.507952,0
22.3,2.6,0,0.865006,-0.492612,0
22.3,2.7,0,0.877685,-0.476538,0
22.3,2.8,0,0.889431,-0.460528,0
22.3,2.9,0,0.900324,-0.444543,0
22.3,3,0,0.911379,-0.428404,0
22.3,3.1,0,0.922726,-0.412845,0
22.3,3.2,0,0.933756,-0.397446,0
22.3,3.3,0,0.944303,-0.381868,0
22.3,3.4,0,0.95437,-0.365841,0
22.3,3.5,0,0.964016,-0.350018,0
22.3,3.6,0,0.972878,-0.33405,0
22.3,3.7,0,0.981778,-0.317751,0
22.3,3.8,0,0.990564,-0.301743,0
22.3,3.9,0,0.998921,-0.285738,0
22.3,4,0,1.00685,-0.269463,0
22.3,4.1,0,1.01451,-0.25277,0
22.3,4.2,0,1.02178,-0.236324,0
22.3,4.3,0,1.02819,-0.219504,0
22.3,4.4,0,1.03471,-0.202293,0
22.3,4.5,0,1.04095,-0.185347,0
22.3,4.6,0,1.04661,-0.168268,0
22.3,4.7,0,1.05182,-0.150685,0
22.3,4.8,0,1.05692,-0.132328,0
22.3,4.9,0,1.06155,-0.114177,0
22.3,5,0,1.06509,-0.0953951,0
22.3,5.1,0,1.06826,-0.0762149,0
22.3,5.2,0,1.07027,-0.0575045,0
22.3,5.3,0,1.07125,-0.0385408,0
22.3,5.4,0,1.07201,-0.0187772,0
22.3,5.5,0,1.07481,0.00201467,0
22.3,5.6,0,1.07832,0.0222452,0
22.3,5.7,0,1.08013,0.0432779,0
22.3,5.8,0,1.07803,0.065916,0
22.3,5.9,0,1.07012,0.0892807,0
22.3,6,0,1.0597,0.113361,0
22.3,6.1,0,1.04788,0.137562,0
22.3,6.2,0,1.03512,0.158013,0
22.3,6.3,0,1.0214,0.173531,0
22.3,6.4,0,1.00259,0.188958,0
22.3,6.5,0,0.997014,0.214538,0
22.3,6.6,0,1.00884,0.248303,0
22.3,6.7,0,1.02175,0.282474,0
22.3,6.8,0,1.02781,0.313729,0
22.3,6.9,0,1.01539,0.334522,0
22.3,7,0,0.992473,0.345859,0
22.3,7.1,0,0.924099,0.368219,0
22.3,7.2,0,0.870294,0.372992,0
22.3,7.3,0,0.810461,0.369544,0
22.3,7.4,0,0.748531,0.358492,0
22.3,7.5,0,0.689192,0.34063,0
22.3,7.6,0,0.637163,0.317014,0
22.3,7.7,0,0.596143,0.289177,0
22.3,7.8,0,0.567974,0.259018,0
22.3,7.9,0,0.552569,0.22848,0
22.3,8,0,0.550824,0.189558,0
22.3,8.1,0,0.557763,0.173579,0
22.3,8.2,0,0.570534,0.149911,0
22.3,8.3,0,0.586905,0.131183,0
22.3,8.4,0,0.610118,0.115753,0
22.3,8.5,0,0.631668,0.10462,0
22.3,8.6,0,0.65735,0.0996319,0
22.3,8.7,0,0.682148,0.0968605,0
22.3,8.8,0,0.705216,0.0999172,0
22.3,8.9,0,0.73007,0.106518,0
22.3,9,0,0.749992,0.115512,0
22.3,9.1,0,0.7707,0.128747,0
22.3,9.2,0,0.787575,0.143266,0
22.3,9.3,0,0.801784,0.160518,0
22.3,9.4,0,0.815466,0.179861,0
22.3,9.5,0,0.823679,0.199346,0
22.3,9.6,0,0.832244,0.222161,0
22.3,9.7,0,0.836861,0.24403,0
22.3,9.8,0,0.839752,0.267885,0
22.3,9.9,0,0.841297,0.291633,0
22.3,10,0,0.838956,0.315303,0
22.3,10.1,0,0.836811,0.34011,0
22.3,10.2,0,0.830766,0.36327,0
22.3,10.3,0,0.824639,0.388409,0
22.3,10.4,0,0.816815,0.412151,0
22.3,10.5,0,0.806812,0.436328,0
22.3,10.6,0,0.796513,0.459822,0
22.3,10.7,0,0.783511,0.482616,0
22.3,10.8,0,0.771857,0.506254,0
22.3,10.9,0,0.758208,0.528607,0
22.3,11,0,0.742391,0.551536,0
22.3,11.1,0,0.724958,0.573251,0
22.3,11.2,0,0.707743,0.595106,0
22.3,11.3,0,0.694429,0.616711,0
22.3,11.4,0,0.677911,0.637874,0
22.3,11.5,0,0.655204,0.659868,0
22.3,11.6,0,0.629182,0.681139,0
22.3,11.7,0,0.612119,0.701373,0
22.3,11.8,0,0.601457,0.719865,0
22.3,11.9,0,0.583037,0.740277,0
22.3,12,0,0.548395,0.764433,0
22.3,12.1,0,0.513851,0.787456,0
22.3,12.2,0,0.502384,0.802692,0
22.3,12.3,0,0.497112,0.814794,0
22.3,12.4,0,0.469442,0.837975,0
22.3,12.5,0,0.421155,0.870014,0
22.3,12.6,0,0.383906,0.894549,0
22.3,12.7,0,0.381385,0.897084,0
22.4,0,0,0.364601,-0.892808,0
22.4,0.1,0,0.365012,-0.892207,0
22.4,0.2,0,0.388327,-0.878992,0
22.4,0.3,0,0.422722,-0.859063,0
22.4,0.4,0,0.469821,-0.831131,0
22.4,0.5,0,0.504438,-0.808368,0
22.4,0.6,0,0.529148,-0.789866,0
22.4,0.7,0,0.532301,-0.778803,0
22.4,0.8,0,0.53407,-0.76807,0
22.4,0.9,0,0.551866,-0.753539,0
22.4,1,0,0.577359,-0.736619,0
22.4,1.1,0,0.611478,-0.716929,0
22.4,1.2,0,0.638406,-0.69883,0
22.4,1.3,0,0.659851,-0.681973,0
22.4,1.4,0,0.669622,-0.666232,0
22.4,1.5,0,0.678191,-0.650724,0
22.4,1.6,0,0.693558,-0.63555,0
22.4,1.7,0,0.711909,-0.620046,0
22.4,1.8,0,0.733349,-0.604209,0
22.4,1.9,0,0.751964,-0.588591,0
22.4,2,0,0.768633,-0.573101,0
22.4,2.1,0,0.781394,-0.556584,0
22.4,2.2,0,0.793098,-0.540222,0
22.4,2.3,0,0.806637,-0.524963,0
22.4,2.4,0,0.820861,-0.509743,0
22.4,2.5,0,0.835491,-0.494597,0
22.4,2.6,0,0.849005,-0.47953,0
22.4,2.7,0,0.861935,-0.464502,0
22.4,2.8,0,0.873735,-0.448536,0
22.4,2.9,0,0.884641,-0.432588,0
22.4,3,0,0.895834,-0.417426,0
22.4,3.1,0,0.907128,-0.402168,0
22.4,3.2,0,0.918157,-0.38677,0
22.4,3.3,0,0.928483,-0.371498,0
22.4,3.4,0,0.938545,-0.356354,0
22.4,3.5,0,0.94821,-0.340561,0
22.4,3.6,0,0.957065,-0.324618,0
22.4,3.7,0,0.965762,-0.309189,0
22.4,3.8,0,0.974481,-0.293552,0
22.4,3.9,0,0.982839,-0.277547,0
22.4,4,0,0.990507,-0.261607,0
22.4,4.1,0,0.997925,-0.245822,0
22.4,4.2,0,1.00519,-0.229407,0
22.4,4.3,0,1.01159,-0.212611,0
22.4,4.4,0,1.01759,-0.196323,0
22.4,4.5,0,1.02365,-0.17979,0
22.4,4.6,0,1.02932,-0.162712,0
22.4,4.7,0,1.03416,-0.145534,0
22.4,4.8,0,1.03872,-0.128485,0
22.4,4.9,0,1.04335,-0.110384,0
22.4,5,0,1.04683,-0.0916381,0
22.4,5.1,0,1.04905,-0.0736569,0
22.4,5.2,0,1.05105,-0.0554271,0
22.4,5.3,0,1.05202,-0.0364633,0
22.4,5.4,0,1.05279,-0.0174851,0
22.4,5.5,0,1.054,0.00114219,0
22.4,5.6,0,1.05741,0.0212998,0
22.4,5.7,0,1.05896,0.0423398,0
22.4,5.8,0,1.05515,0.0635337,0
22.4,5.9,0,1.04889,0.085731,0
22.4,6,0,1.03847,0.109811,0
22.4,6.1,0,1.0261,0.130871,0
22.4,6.2,0,1.01313,0.148849,0
22.4,6.3,0,0.999437,0.164479,0
22.4,6.4,0,0.981361,0.180163,0
22.4,6.5,0,0.978652,0.201255,0
22.4,6.6,0,0.984211,0.228693,0
22.4,6.7,0,0.997122,0.262864,0
22.4,6.8,0,0.999597,0.28906,0
22.4,6.9,0,0.995516,0.309346,0
22.4,7,0,0.973459,0.32109,0
22.4,7.1,0,0.914901,0.344212,0
22.4,7.2,0,0.868128,0.350789,0
22.4,7.3,0,0.815558,0.350055,0
22.4,7.4,0,0.760686,0.342411,0
22.4,7.5,0,0.707699,0.328419,0
22.4,7.6,0,0.660794,0.308906,0
22.4,7.7,0,0.623255,0.285199,0
22.4,7.8,0,0.596748,0.259005,0
22.4,7.9,0,0.581273,0.232105,0
22.4,8,0,0.577063,0.19735,0
22.4,8.1,0,0.582743,0.181656,0
22.4,8.2,0,0.590127,0.162268,0
22.4,8.3,0,0.606459,0.143562,0
22.4,8.4,0,0.620576,0.13059,0
22.4,8.5,0,0.641724,0.119483,0
22.4,8.6,0,0.661284,0.114686,0
22.4,8.7,0,0.682605,0.111471,0
22.4,8.8,0,0.703651,0.114426,0
22.4,8.9,0,0.722213,0.118916,0
22.4,9,0,0.742135,0.127909,0
22.4,9.1,0,0.756872,0.138161,0
22.4,9.2,0,0.773363,0.152254,0
22.4,9.3,0,0.784925,0.16759,0
22.4,9.4,0,0.796786,0.184939,0
22.4,9.5,0,0.804499,0.204036,0
22.4,9.6,0,0.810765,0.223262,0
22.4,9.7,0,0.815382,0.245132,0
22.4,9.8,0,0.816937,0.265773,0
22.4,9.9,0,0.818312,0.28897,0
22.4,10,0,0.815722,0.311037,0
22.4,10.1,0,0.813292,0.334051,0
22.4,10.2,0,0.807345,0.357011,0
22.4,10.3,0,0.801153,0.37934,0
22.4,10.4,0,0.793328,0.403081,0
22.4,10.5,0,0.783771,0.42505,0
22.4,10.6,0,0.773528,0.448145,0
22.4,10.7,0,0.760961,0.47,0
22.4,10.8,0,0.749343,0.492323,0
22.4,10.9,0,0.735611,0.514496,0
22.4,11,0,0.720704,0.535581,0
22.4,11.1,0,0.703271,0.557296,0
22.4,11.2,0,0.686953,0.577824,0
22.4,11.3,0,0.673062,0.599069,0
22.4,11.4,0,0.655886,0.619618,0
22.4,11.5,0,0.634576,0.640478,0
22.4,11.6,0,0.609483,0.661529,0
22.4,11.7,0,0.591746,0.680598,0
22.4,11.8,0,0.581085,0.69909,0
22.4,11.9,0,0.56027,0.718882,0
22.4,12,0,0.528214,0.74198,0
22.4,12.1,0,0.497474,0.763278,0
22.4,12.2,0,0.482671,0.77891,0
22.4,12.3,0,0.476163,0.791547,0
22.4,12.4,0,0.449327,0.812628,0
22.4,12.5,0,0.401228,0.844568,0
22.4,12.6,0,0.369745,0.864544,0
22.4,12.7,0,0.361915,0.870002,0
22.5,0,0,0.347901,-0.867384,0
22.5,0.1,0,0.363591,-0.858365,0
22.5,0.2,0,0.386906,-0.845151,0
22.5,0.3,0,0.410221,-0.831936,0
22.5,0.4,0,0.448328,-0.810306,0
22.5,0.5,0,0.473038,-0.791804,0
22.5,0.6,0,0.497749,-0.773302,0
22.5,0.7,0,0.516042,-0.757324,0
22.5,0.8,0,0.529285,-0.744086,0
22.5,0.9,0,0.547082,-0.729555,0
22.5,1,0,0.564878,-0.715024,0
22.5,1.1,0,0.592049,-0.698318,0
22.5,1.2,0,0.613494,-0.681461,0
22.5,1.3,0,0.634939,-0.664605,0
22.5,1.4,0,0.653363,-0.648366,0
22.5,1.5,0,0.667321,-0.633317,0
22.5,1.6,0,0.682688,-0.618143,0
22.5,1.7,0,0.698055,-0.602968,0
22.5,1.8,0,0.716513,-0.588224,0
22.5,1.9,0,0.733182,-0.572735,0
22.5,2,0,0.749851,-0.557245,0
22.5,2.1,0,0.765603,-0.541824,0
22.5,2.2,0,0.778905,-0.526594,0
22.5,2.3,0,0.792444,-0.511336,0
22.5,2.4,0,0.805984,-0.496077,0
22.5,2.5,0,0.819796,-0.481549,0
22.5,2.6,0,0.832727,-0.466521,0
22.5,2.7,0,0.845657,-0.451493,0
22.5,2.8,0,0.858316,-0.436541,0
22.5,2.9,0,0.869506,-0.421496,0
22.5,3,0,0.880699,-0.406334,0
22.5,3.1,0,0.891892,-0.391171,0
22.5,3.2,0,0.902625,-0.376458,0
22.5,3.3,0,0.912687,-0.361314,0
22.5,3.4,0,0.92275,-0.346169,0
22.5,3.5,0,0.932664,-0.33115,0
22.5,3.6,0,0.941377,-0.315891,0
22.5,3.7,0,0.950073,-0.300462,0
22.5,3.8,0,0.95877,-0.285033,0
22.5,3.9,0,0.966792,-0.269816,0
22.5,4,0,0.97421,-0.254031,0
22.5,4.1,0,0.981628,-0.238246,0
22.5,4.2,0,0.988893,-0.222598,0
22.5,4.3,0,0.994895,-0.206509,0
22.5,4.4,0,1.00089,-0.190221,0
22.5,4.5,0,1.00689,-0.173933,0
22.5,4.6,0,1.01201,-0.157733,0
22.5,4.7,0,1.01657,-0.140684,0
22.5,4.8,0,1.02112,-0.123635,0
22.5,4.9,0,1.02551,-0.10676,0
22.5,5,0,1.02793,-0.089112,0
22.5,5.1,0,1.03016,-0.0711308,0
22.5,5.2,0,1.03238,-0.0531496,0
22.5,5.3,0,1.03326,-0.0351811,0
22.5,5.4,0,1.03447,-0.0165537,0
22.5,5.5,0,1.03568,0.00207359,0
22.5,5.6,0,1.03707,0.0201792,0
22.5,5.7,0,1.03443,0.04013,0
22.5,5.8,0,1.03061,0.0613239,0
22.5,5.9,0,1.0268,0.0825177,0
22.5,6,0,1.01845,0.104229,0
22.5,6.1,0,1.00548,0.122206,0
22.5,6.2,0,0.992505,0.140184,0
22.5,6.3,0,0.978835,0.155523,0
22.5,6.4,0,0.971058,0.172823,0
22.5,6.5,0,0.968349,0.193915,0
22.5,6.6,0,0.96564,0.215007,0
22.5,6.7,0,0.970397,0.238627,0
22.5,6.8,0,0.966316,0.258913,0
22.5,6.9,0,0.962235,0.279199,0
22.5,7,0,0.954906,0.297024,0
22.5,7.1,0,0.905223,0.320659,0
22.5,7.2,0,0.864908,0.328742,0
22.5,7.3,0,0.819099,0.33038,0
22.5,7.4,0,0.770875,0.325792,0
22.5,7.5,0,0.723934,0.315334,0
22.5,7.6,0,0.681964,0.299631,0
22.5,7.7,0,0.647841,0.279818,0
22.5,7.8,0,0.623054,0.257414,0
22.5,7.9,0,0.607675,0.234041,0
22.5,8,0,0.60134,0.203385,0
22.5,8.1,0,0.605965,0.187576,0
22.5,8.2,0,0.611261,0.17041,0
22.5,8.3,0,0.621069,0.156157,0
22.5,8.4,0,0.635186,0.143185,0
22.5,8.5,0,0.648791,0.133293,0
22.5,8.6,0,0.666567,0.129011,0
22.5,8.7,0,0.683645,0.12491,0
22.5,8.8,0,0.700174,0.128037,0
22.5,8.9,0,0.717625,0.131738,0
22.5,9,0,0.73188,0.139017,0
22.5,9.1,0,0.746456,0.149265,0
22.5,9.2,0,0.758845,0.160136,0
22.5,9.3,0,0.769346,0.175278,0
22.5,9.4,0,0.779589,0.190289,0
22.5,9.5,0,0.785406,0.207852,0
22.5,9.6,0,0.79136,0.226348,0
22.5,9.7,0,0.794287,0.24519,0
22.5,9.8,0,0.795779,0.265746,0
22.5,9.9,0,0.796131,0.28577,0
22.5,10,0,0.79346,0.307335,0
22.5,10.1,0,0.790789,0.328825,0
22.5,10.2,0,0.784908,0.350093,0
22.5,10.3,0,0.778654,0.37206,0
22.5,10.4,0,0.770782,0.393305,0
22.5,10.5,0,0.761269,0.415112,0
22.5,10.6,0,0.75137,0.436326,0
22.5,10.7,0,0.739391,0.457713,0
22.5,10.8,0,0.727463,0.479186,0
22.5,10.9,0,0.713545,0.499797,0
22.5,11,0,0.698772,0.520769,0
22.5,11.1,0,0.683193,0.540925,0
22.5,11.2,0,0.667478,0.561318,0
22.5,11.3,0,0.652119,0.5814,0
22.5,11.4,0,0.633089,0.601528,0
22.5,11.5,0,0.61371,0.621794,0
22.5,11.6,0,0.593525,0.640923,0
22.5,11.7,0,0.575451,0.660008,0
22.5,11.8,0,0.558476,0.678588,0
22.5,11.9,0,0.534822,0.698888,0
22.5,12,0,0.508644,0.719451,0
22.5,12.1,0,0.485745,0.737418,0
22.5,12.2,0,0.46523,0.754786,0
22.5,12.3,0,0.44761,0.771639,0
22.5,12.4,0,0.420774,0.792721,0
22.5,12.5,0,0.385564,0.816032,0
22.5,12.6,0,0.361573,0.831093,0
22.5,12.7,0,0.342966,0.842976,0
22.6,0,0,0.33247,-0.841987,0
22.6,0.1,0,0.331821,-0.84196,0
22.6,0.2,0,0.343104,-0.835471,0
22.6,0.3,0,0.38984,-0.810517,0
22.6,0.4,0,0.436001,-0.785589,0
22.6,0.5,0,0.481588,-0.760687,0
22.6,0.6,0,0.49628,-0.746291,0
22.6,0.7,0,0.500824,-0.735724,0
22.6,0.8,0,0.50431,-0.725255,0
22.6,0.9,0,0.514949,-0.712867,0
22.6,1,0,0.547034,-0.695509,0
22.6,1.1,0,0.578519,-0.678225,0
22.6,1.2,0,0.609404,-0.661013,0
22.6,1.3,0,0.626099,-0.645271,0
22.6,1.4,0,0.638052,-0.630357,0
22.6,1.5,0,0.64899,-0.615577,0
22.6,1.6,0,0.662192,-0.600703,0
22.6,1.7,0,0.682533,-0.586254,0
22.6,1.8,0,0.702385,-0.571845,0
22.6,1.9,0,0.721748,-0.557477,0
22.6,2,0,0.736958,-0.542216,0
22.6,2.1,0,0.750744,-0.526942,0
22.6,2.2,0,0.763536,-0.511774,0
22.6,2.3,0,0.776729,-0.496665,0
22.6,2.4,0,0.791312,-0.48247,0
22.6,2.5,0,0.805455,-0.468292,0
22.6,2.6,0,0.819158,-0.454133,0
22.6,2.7,0,0.831655,-0.439326,0
22.6,2.8,0,0.843732,-0.424538,0
22.6,2.9,0,0.854915,-0.409743,0
22.6,3,0,0.866104,-0.394864,0
22.6,3.1,0,0.877317,-0.380436,0
22.6,3.2,0,0.888111,-0.365975,0
22.6,3.3,0,0.898484,-0.35148,0
22.6,3.4,0,0.9083,-0.336627,0
22.6,3.5,0,0.917897,-0.321876,0
22.6,3.6,0,0.926644,-0.306982,0
22.6,3.7,0,0.935347,-0.291918,0
22.6,3.8,0,0.943781,-0.277032,0
22.6,3.9,0,0.951784,-0.262039,0
22.6,4,0,0.959355,-0.246938,0
22.6,4.1,0,0.966501,-0.231469,0
22.6,4.2,0,0.973436,-0.216113,0
22.6,4.3,0,0.979445,-0.200452,0
22.6,4.4,0,0.985409,-0.184585,0
22.6,4.5,0,0.990957,-0.168852,0
22.6,4.6,0,0.995981,-0.152919,0
22.6,4.7,0,1.00048,-0.136787,0
22.6,4.8,0,1.00473,-0.120145,0
22.6,4.9,0,1.00878,-0.103642,0
22.6,5,0,1.01162,-0.0867088,0
22.6,5.1,0,1.01411,-0.0693912,0
22.6,5.2,0,1.01525,-0.0518951,0
22.6,5.3,0,1.01564,-0.0341185,0
22.6,5.4,0,1.01528,-0.0160614,0
22.6,5.5,0,1.01668,0.00154515,0
22.6,5.6,0,1.01844,0.0185328,0
22.6,5.7,0,1.01832,0.0358199,0
22.6,5.8,0,1.01637,0.0548325,0
22.6,5.9,0,1.00915,0.0774265,0
22.6,6,0,1.00084,0.100353,0
22.6,6.1,0,0.99142,0.123611,0
22.6,6.2,0,0.977479,0.137168,0
22.6,6.3,0,0.96232,0.146853,0
22.6,6.4,0,0.943683,0.156029,0
22.6,6.5,0,0.932854,0.170608,0
22.6,6.6,0,0.944356,0.197519,0
22.6,6.7,0,0.953771,0.222814,0
22.6,6.8,0,0.961101,0.246492,0
22.6,6.9,0,0.952026,0.262516,0
22.6,7,0,0.937737,0.275068,0
22.6,7.1,0,0.894106,0.29847,0
22.6,7.2,0,0.858526,0.307164,0
22.6,7.3,0,0.81797,0.310148,0
22.6,7.4,0,0.775162,0.307563,0
22.6,7.5,0,0.733351,0.299631,0
22.6,7.6,0,0.69575,0.286852,0
22.6,7.7,0,0.66485,0.270223,0
22.6,7.8,0,0.641955,0.25109,0
22.6,7.9,0,0.627165,0.230907,0
22.6,8,0,0.619726,0.204149,0
22.6,8.1,0,0.621883,0.193338,0
22.6,8.2,0,0.625755,0.17598,0
22.6,8.3,0,0.633575,0.162371,0
22.6,8.4,0,0.644672,0.150917,0
22.6,8.5,0,0.656176,0.142071,0
22.6,8.6,0,0.670872,0.137868,0
22.6,8.7,0,0.684385,0.134697,0
22.6,8.8,0,0.698416,0.137029,0
22.6,8.9,0,0.712763,0.140692,0
22.6,9,0,0.725164,0.147308,0
22.6,9.1,0,0.737391,0.156515,0
22.6,9.2,0,0.747982,0.166956,0
22.6,9.3,0,0.756623,0.180338,0
22.6,9.4,0,0.764932,0.194356,0
22.6,9.5,0,0.769572,0.210377,0
22.6,9.6,0,0.77437,0.227587,0
22.6,9.7,0,0.776538,0.245339,0
22.6,9.8,0,0.777191,0.264329,0
22.6,9.9,0,0.777154,0.283434,0
22.6,10,0,0.77377,0.303273,0
22.6,10.1,0,0.770952,0.323406,0
22.6,10.2,0,0.76465,0.343466,0
22.6,10.3,0,0.758408,0.364198,0
22.6,10.4,0,0.750549,0.384581,0
22.6,10.5,0,0.74098,0.405187,0
22.6,10.6,0,0.731286,0.425483,0
22.6,10.7,0,0.71879,0.445508,0
22.6,10.8,0,0.707557,0.466038,0
22.6,10.9,0,0.693984,0.485983,0
22.6,11,0,0.679358,0.505976,0
22.6,11.1,0,0.663355,0.525386,0
22.6,11.2,0,0.646873,0.544835,0
22.6,11.3,0,0.632844,0.564347,0
22.6,11.4,0,0.616445,0.58344,0
22.6,11.5,0,0.595144,0.602938,0
22.6,11.6,0,0.57165,0.621904,0
22.6,11.7,0,0.554511,0.640204,0
22.6,11.8,0,0.541655,0.657616,0
22.6,11.9,0,0.523274,0.675952,0
22.6,12,0,0.490364,0.697296,0
22.6,12.1,0,0.45528,0.718318,0
22.6,12.2,0,0.446074,0.731695,0
22.6,12.3,0,0.439093,0.743568,0
22.6,12.4,0,0.41122,0.764271,0
22.6,12.5,0,0.364215,0.792535,0
22.6,12.6,0,0.324366,0.815933,0
22.6,12.7,0,0.325575,0.81612,0
22.7,0,0,0.317039,-0.816589,0
22.7,0.1,0,0.324906,-0.812294,0
22.7,0.2,0,0.347677,-0.800528,0
22.7,0.3,0,0.373716,-0.786964,0
22.7,0.4,0,0.419877,-0.762036,0
22.7,0.5,0,0.448048,-0.743986,0
22.7,0.6,0,0.47347,-0.727018,0
22.7,0.7,0,0.485606,-0.714123,0
22.7,0.8,0,0.494287,-0.702626,0
22.7,0.9,0,0.512062,-0.68933,0
22.7,1,0,0.531787,-0.67548,0
22.7,1.1,0,0.563272,-0.658196,0
22.7,1.2,0,0.58596,-0.642661,0
22.7,1.3,0,0.607354,-0.627391,0
22.7,1.4,0,0.62274,-0.612347,0
22.7,1.5,0,0.635487,-0.597832,0
22.7,1.6,0,0.651399,-0.583779,0
22.7,1.7,0,0.667916,-0.569672,0
22.7,1.8,0,0.687768,-0.555263,0
22.7,1.9,0,0.70464,-0.54108,0
22.7,2,0,0.72112,-0.526926,0
22.7,2.1,0,0.735886,-0.512059,0
22.7,2.2,0,0.749057,-0.497278,0
22.7,2.3,0,0.762892,-0.483173,0
22.7,2.4,0,0.776829,-0.469055,0
22.7,2.5,0,0.790972,-0.454878,0
22.7,2.6,0,0.803939,-0.440926,0
22.7,2.7,0,0.816789,-0.427007,0
22.7,2.8,0,0.829147,-0.412535,0
22.7,2.9,0,0.840337,-0.398007,0
22.7,3,0,0.851541,-0.383945,0
22.7,3.1,0,0.862746,-0.369834,0
22.7,3.2,0,0.873539,-0.355373,0
22.7,3.3,0,0.883511,-0.341218,0
22.7,3.4,0,0.893419,-0.327117,0
22.7,3.5,0,0.90313,-0.312602,0
22.7,3.6,0,0.911782,-0.297906,0
22.7,3.7,0,0.920267,-0.283555,0
22.7,3.8,0,0.928744,-0.269131,0
22.7,3.9,0,0.936747,-0.254137,0
22.7,4,0,0.943901,-0.239407,0
22.7,4.1,0,0.950989,-0.224735,0
22.7,4.2,0,0.95798,-0.209629,0
22.7,4.3,0,0.963824,-0.194169,0
22.7,4.4,0,0.969382,-0.179063,0
22.7,4.5,0,0.974938,-0.163872,0
22.7,4.6,0,0.979962,-0.147939,0
22.7,4.7,0,0.984024,-0.132279,0
22.7,4.8,0,0.988016,-0.116693,0
22.7,4.9,0,0.992045,-0.100524,0
22.7,5,0,0.994492,-0.0837673,0
22.7,5.1,0,0.996249,-0.0673196,0
22.7,5.2,0,0.997922,-0.0507288,0
22.7,5.3,0,0.99831,-0.0329522,0
22.7,5.4,0,0.99843,-0.0163113,0
22.7,5.5,0,0.998625,0.000106128,0
22.7,5.6,0,0.999823,0.0168864,0
22.7,5.7,0,0.998455,0.0346826,0
22.7,5.8,0,0.994922,0.0533698,0
22.7,5.9,0,0.990886,0.0725897,0
22.7,6,0,0.98257,0.0955159,0
22.7,6.1,0,0.971269,0.111613,0
22.7,6.2,0,0.95967,0.126579,0
22.7,6.3,0,0.945806,0.138184,0
22.7,6.4,0,0.932336,0.149476,0
22.7,6.5,0,0.92791,0.16447,0
22.7,6.6,0,0.925655,0.181089,0
22.7,6.7,0,0.935071,0.206384,0
22.7,6.8,0,0.933585,0.223383,0
22.7,6.9,0,0.930706,0.239327,0
22.7,7,0,0.920567,0.253112,0
22.7,7.1,0,0.882989,0.276281,0
22.7,7.2,0,0.852144,0.285586,0
22.7,7.3,0,0.81684,0.289916,0
22.7,7.4,0,0.77945,0.289334,0
22.7,7.5,0,0.742769,0.283927,0
22.7,7.6,0,0.709536,0.274073,0
22.7,7.7,0,0.68186,0.260627,0
22.7,7.8,0,0.660856,0.244767,0
22.7,7.9,0,0.646655,0.227774,0
22.7,8,0,0.638113,0.204914,0
22.7,8.1,0,0.639305,0.193604,0
22.7,8.2,0,0.64002,0.181431,0
22.7,8.3,0,0.647033,0.168299,0
22.7,8.4,0,0.653493,0.159212,0
22.7,8.5,0,0.663898,0.150843,0
22.7,8.6,0,0.674046,0.147608,0
22.7,8.7,0,0.685126,0.144485,0
22.7,8.8,0,0.697042,0.146886,0
22.7,8.9,0,0.707148,0.14967,0
22.7,9,0,0.718996,0.156173,0
22.7,9.1,0,0.727529,0.163987,0
22.7,9.2,0,0.737202,0.173854,0
22.7,9.3,0,0.743567,0.18589,0
22.7,9.4,0,0.750274,0.198424,0
22.7,9.5,0,0.754251,0.213751,0
22.7,9.6,0,0.757088,0.22853,0
22.7,9.7,0,0.759136,0.246039,0
22.7,9.8,0,0.75869,0.262816,0
22.7,9.9,0,0.758178,0.281098,0
22.7,10,0,0.75455,0.299443,0
22.7,10.1,0,0.751114,0.317986,0
22.7,10.2,0,0.744928,0.337435,0
22.7,10.3,0,0.738288,0.356059,0
22.7,10.4,0,0.730405,0.3762,0
22.7,10.5,0,0.720991,0.395005,0
22.7,10.6,0,0.711203,0.414641,0
22.7,10.7,0,0.699245,0.433737,0
22.7,10.8,0,0.687651,0.45289,0
22.7,10.9,0,0.67407,0.47235,0
22.7,11,0,0.659866,0.490885,0
22.7,11.1,0,0.643979,0.510137,0
22.7,11.2,0,0.628434,0.528397,0
22.7,11.3,0,0.61357,0.547294,0
22.7,11.4,0,0.595689,0.565717,0
22.7,11.5,0,0.576493,0.584048,0
22.7,11.6,0,0.554961,0.602525,0
22.7,11.7,0,0.536956,0.619857,0
22.7,11.8,0,0.523063,0.637227,0
22.7,11.9,0,0.500024,0.655431,0
22.7,12,0,0.472084,0.675141,0
22.7,12.1,0,0.446382,0.692873,0
22.7,12.2,0,0.428219,0.708149,0
22.7,12.3,0,0.415952,0.722007,0
22.7,12.4,0,0.388932,0.74107,0
22.7,12.5,0,0.346203,0.767263,0
22.7,12.6,0,0.320992,0.78162,0
22.7,12.7,0,0.308186,0.789264,0
22.8,0,0,0.302414,-0.791231,0
22.8,0.1,0,0.310301,-0.78693,0
22.8,0.2,0,0.333072,-0.775165,0
22.8,0.3,0,0.35894,-0.761983,0
22.8,0.4,0,0.403864,-0.739849,0
22.8,0.5,0,0.431868,-0.722178,0
22.8,0.6,0,0.45729,-0.70521,0
22.8,0.7,0,0.471044,-0.692472,0
22.8,0.8,0,0.481378,-0.681108,0
22.8,0.9,0,0.499152,-0.667812,0
22.8,1,0,0.518538,-0.654264,0
22.8,1.1,0,0.54755,-0.639174,0
22.8,1.2,0,0.569903,-0.623935,0
22.8,1.3,0,0.591297,-0.608666,0
22.8,1.4,0,0.608085,-0.594258,0
22.8,1.5,0,0.622212,-0.580367,0
22.8,1.6,0,0.638124,-0.566313,0
22.8,1.7,0,0.654487,-0.552386,0
22.8,1.8,0,0.673207,-0.539285,0
22.8,1.9,0,0.689926,-0.525279,0
22.8,2,0,0.706405,-0.511125,0
22.8,2.1,0,0.721666,-0.497122,0
22.8,2.2,0,0.73532,-0.483179,0
22.8,2.3,0,0.749155,-0.469074,0
22.8,2.4,0,0.763055,-0.4551,0
22.8,2.5,0,0.776906,-0.441962,0
22.8,2.6,0,0.78983,-0.42815,0
22.8,2.7,0,0.80268,-0.414231,0
22.8,2.8,0,0.815138,-0.400543,0
22.8,2.9,0,0.826414,-0.386785,0
22.8,3,0,0.837617,-0.372724,0
22.8,3.1,0,0.848801,-0.358755,0
22.8,3.2,0,0.859416,-0.345334,0
22.8,3.3,0,0.869361,-0.33132,0
22.8,3.4,0,0.87927,-0.317219,0
22.8,3.5,0,0.888915,-0.303415,0
22.8,3.6,0,0.897479,-0.289438,0
22.8,3.7,0,0.905964,-0.275087,0
22.8,3.8,0,0.914405,-0.260811,0
22.8,3.9,0,0.922117,-0.246922,0
22.8,4,0,0.929229,-0.232345,0
22.8,4.1,0,0.936317,-0.217673,0
22.8,4.2,0,0.943125,-0.203313,0
22.8,4.3,0,0.948763,-0.188651,0
22.8,4.4,0,0.95432,-0.173545,0
22.8,4.5,0,0.959816,-0.158515,0
22.8,4.6,0,0.964384,-0.143827,0
22.8,4.7,0,0.968383,-0.128344,0
22.8,4.8,0,0.972376,-0.112759,0
22.8,4.9,0,0.976084,-0.0976228,0
22.8,5,0,0.978201,-0.0820131,0
22.8,5.1,0,0.979958,-0.0655654,0
22.8,5.2,0,0.981607,-0.0491579,0
22.8,5.3,0,0.981867,-0.0328661,0
22.8,5.4,0,0.981975,-0.0164468,0
22.8,5.5,0,0.982171,-2.9436e-05,0
22.8,5.6,0,0.982389,0.0151399,0
22.8,5.7,0,0.980084,0.0311443,0
22.8,5.8,0,0.97655,0.0498315,0
22.8,5.9,0,0.972816,0.0687307,0
22.8,6,0,0.966865,0.0889521,0
22.8,6.1,0,0.955908,0.104632,0
22.8,6.2,0,0.944309,0.119598,0
22.8,6.3,0,0.931061,0.129908,0
22.8,6.4,0,0.919096,0.139766,0
22.8,6.5,0,0.914669,0.154761,0
22.8,6.6,0,0.911727,0.170354,0
22.8,6.7,0,0.916735,0.188321,0
22.8,6.8,0,0.914735,0.204347,0
22.8,6.9,0,0.911856,0.220291,0
22.8,7,0,0.904748,0.233488,0
22.8,7.1,0,0.871996,0.256069,0
22.8,7.2,0,0.845073,0.265623,0
22.8,7.3,0,0.814216,0.27085,0
22.8,7.4,0,0.781478,0.27176,0
22.8,7.5,0,0.749251,0.268349,0
22.8,7.6,0,0.719854,0.260905,0
22.8,7.7,0,0.695063,0.250162,0
22.8,7.8,0,0.67583,0.237143,0
22.8,7.9,0,0.662302,0.222973,0
22.8,8,0,0.653042,0.203636,0
22.8,8.1,0,0.65314,0.193907,0
22.8,8.2,0,0.653465,0.182233,0
22.8,8.3,0,0.656194,0.173078,0
22.8,8.4,0,0.662654,0.163992,0
22.8,8.5,0,0.668155,0.157703,0
22.8,8.6,0,0.677443,0.154708,0
22.8,8.7,0,0.685856,0.151939,0
22.8,8.8,0,0.69466,0.154412,0
22.8,8.9,0,0.704592,0.157165,0
22.8,9,0,0.711581,0.162642,0
22.8,9.1,0,0.720114,0.170456,0
22.8,9.2,0,0.726487,0.178677,0
22.8,9.3,0,0.732115,0.190312,0
22.8,9.4,0,0.737493,0.201738,0
22.8,9.5,0,0.739802,0.215528,0
22.8,9.6,0,0.742639,0.230308,0
22.8,9.7,0,0.742645,0.244919,0
22.8,9.8,0,0.742199,0.261697,0
22.8,9.9,0,0.740658,0.277736,0
22.8,10,0,0.736781,0.295389,0
22.8,10.1,0,0.733051,0.312926,0
22.8,10.2,0,0.726511,0.330592,0
22.8,10.3,0,0.71987,0.349216,0
22.8,10.4,0,0.711696,0.366727,0
22.8,10.5,0,0.702282,0.385532,0
22.8,10.6,0,0.692537,0.403514,0
22.8,10.7,0,0.680654,0.421929,0
22.8,10.8,0,0.669037,0.440445,0
22.8,10.9,0,0.655463,0.458333,0
22.8,11,0,0.641259,0.476868,0
22.8,11.1,0,0.626045,0.494191,0
22.8,11.2,0,0.6105,0.512451,0
22.8,11.3,0,0.595313,0.53021,0
22.8,11.4,0,0.577231,0.547992,0
22.8,11.5,0,0.558371,0.565911,0
22.8,11.6,0,0.538129,0.582883,0
22.8,11.7,0,0.520124,0.600214,0
22.8,11.8,0,0.504603,0.616467,0
22.8,11.9,0,0.48151,0.634636,0
22.8,12,0,0.454928,0.652982,0
22.8,12.1,0,0.430293,0.669648,0
22.8,12.2,0,0.411878,0.684868,0
22.8,12.3,0,0.398202,0.6984,0
22.8,12.4,0,0.371182,0.717463,0
22.8,12.5,0,0.329718,0.740851,0
22.8,12.6,0,0.304636,0.754924,0
22.8,12.7,0,0.291808,0.762598,0
22.9,0,0,0.288597,-0.765912,0
22.9,0.1,0,0.287978,-0.765877,0
22.9,0.2,0,0.298776,-0.760529,0
22.9,0.3,0,0.344257,-0.738382,0
22.9,0.4,0,0.389181,-0.716247,0
22.9,0.5,0,0.433547,-0.694125,0
22.9,0.6,0,0.450052,-0.681091,0
22.9,0.7,0,0.45714,-0.67077,0
22.9,0.8,0,0.463222,-0.66051,0
22.9,0.9,0,0.475202,-0.649219,0
22.9,1,0,0.504795,-0.634076,0
22.9,1.1,0,0.533807,-0.618986,0
22.9,1.2,0,0.562238,-0.603947,0
22.9,1.3,0,0.579931,-0.590004,0
22.9,1.4,0,0.594088,-0.576088,0
22.9,1.5,0,0.607194,-0.56229,0
22.9,1.6,0,0.621905,-0.548847,0
22.9,1.7,0,0.641116,-0.535719,0
22.9,1.8,0,0.659837,-0.522618,0
22.9,1.9,0,0.678067,-0.509543,0
22.9,2,0,0.693521,-0.496046,0
22.9,2.1,0,0.708085,-0.48213,0
22.9,2.2,0,0.721635,-0.46828,0
22.9,2.3,0,0.735405,-0.454799,0
22.9,2.4,0,0.749714,-0.441653,0
22.9,2.5,0,0.763566,-0.428515,0
22.9,2.6,0,0.77696,-0.415385,0
22.9,2.7,0,0.789472,-0.402118,0
22.9,2.8,0,0.801706,-0.388562,0
22.9,2.9,0,0.813023,-0.374978,0
22.9,3,0,0.824268,-0.361627,0
22.9,3.1,0,0.835324,-0.348241,0
22.9,3.2,0,0.84594,-0.33482,0
22.9,3.3,0,0.856115,-0.321362,0
22.9,3.4,0,0.865758,-0.307948,0
22.9,3.5,0,0.875253,-0.294314,0
22.9,3.6,0,0.883862,-0.280551,0
22.9,3.7,0,0.892329,-0.266959,0
22.9,3.8,0,0.900494,-0.253159,0
22.9,3.9,0,0.908207,-0.23927,0
22.9,4,0,0.915465,-0.225292,0
22.9,4.1,0,0.922223,-0.211349,0
22.9,4.2,0,0.928871,-0.197168,0
22.9,4.3,0,0.934555,-0.182759,0
22.9,4.4,0,0.940042,-0.168514,0
22.9,4.5,0,0.945146,-0.153965,0
22.9,4.6,0,0.949714,-0.139277,0
22.9,4.7,0,0.953748,-0.12445,0
22.9,4.8,0,0.957351,-0.109818,0
22.9,4.9,0,0.960897,-0.0949389,0
22.9,5,0,0.963219,-0.0798081,0
22.9,5.1,0,0.965166,-0.0646784,0
22.9,5.2,0,0.966132,-0.048526,0
22.9,5.3,0,0.966392,-0.0322342,0
22.9,5.4,0,0.965946,-0.015803,0
22.9,5.5,0,0.965912,-0.00116295,0
22.9,5.6,0,0.966144,0.0132932,0
22.9,5.7,0,0.96454,0.0277647,0
22.9,5.8,0,0.962157,0.0432552,0
22.9,5.9,0,0.957148,0.0634967,0
22.9,6,0,0.951198,0.0837181,0
22.9,6.1,0,0.944305,0.103919,0
22.9,6.2,0,0.932276,0.114376,0
22.9,6.3,0,0.918087,0.122026,0
22.9,6.4,0,0.901813,0.128949,0
22.9,6.5,0,0.891068,0.138402,0
22.9,6.6,0,0.897521,0.15779,0
22.9,6.7,0,0.902529,0.175756,0
22.9,6.8,0,0.906092,0.192302,0
22.9,6.9,0,0.899805,0.204568,0
22.9,7,0,0.890279,0.216195,0
22.9,7.1,0,0.861129,0.237832,0
22.9,7.2,0,0.837311,0.247275,0
22.9,7.3,0,0.810097,0.252949,0
22.9,7.4,0,0.781248,0.254842,0
22.9,7.5,0,0.752798,0.252897,0
22.9,7.6,0,0.726704,0.247346,0
22.9,7.7,0,0.704462,0.238826,0
22.9,7.8,0,0.686878,0.22822,0
22.9,7.9,0,0.674106,0.216505,0
22.9,8,0,0.664514,0.200315,0
22.9,8.1,0,0.66411,0.193203,0
22.9,8.2,0,0.662564,0.182906,0
22.9,8.3,0,0.664786,0.17417,0
22.9,8.4,0,0.668236,0.167318,0
22.9,8.5,0,0.672999,0.161519,0
22.9,8.6,0,0.679426,0.159386,0
22.9,8.7,0,0.68587,0.157154,0
22.9,8.8,0,0.693412,0.159587,0
22.9,8.9,0,0.699983,0.162278,0
22.9,9,0,0.706594,0.167636,0
22.9,9.1,0,0.712331,0.174577,0
22.9,9.2,0,0.717916,0.182555,0
22.9,9.3,0,0.721663,0.19306,0
22.9,9.4,0,0.725777,0.203621,0
22.9,9.5,0,0.727352,0.21678,0
22.9,9.6,0,0.728629,0.229792,0
22.9,9.7,0,0.728457,0.244191,0
22.9,9.8,0,0.726807,0.259129,0
22.9,9.9,0,0.725033,0.274568,0
22.9,10,0,0.720412,0.290884,0
22.9,10.1,0,0.716444,0.307136,0
22.9,10.2,0,0.709595,0.324187,0
22.9,10.3,0,0.70272,0.341009,0
22.9,10.4,0,0.694521,0.358315,0
22.9,10.5,0,0.684856,0.37547,0
22.9,10.6,0,0.675207,0.392842,0
22.9,10.7,0,0.662973,0.410177,0
22.9,10.8,0,0.651673,0.427583,0
22.9,10.9,0,0.638132,0.445072,0
22.9,11,0,0.624091,0.462147,0
22.9,11.1,0,0.608872,0.479283,0
22.9,11.2,0,0.592838,0.496155,0
22.9,11.3,0,0.578197,0.513488,0
22.9,11.4,0,0.561244,0.530546,0
22.9,11.5,0,0.541724,0.547365,0
22.9,11.6,0,0.520137,0.564128,0
22.9,11.7,0,0.502693,0.580322,0
22.9,11.8,0,0.487875,0.596375,0
22.9,11.9,0,0.468675,0.612617,0
22.9,12,0,0.438612,0.631104,0
22.9,12.1,0,0.406356,0.649297,0
22.9,12.2,0,0.395867,0.661597,0
22.9,12.3,0,0.386956,0.673017,0
22.9,12.4,0,0.35898,0.691199,0
22.9,12.5,0,0.313595,0.715864,0
22.9,12.6,0,0.275282,0.735865,0
22.9,12.7,0,0.276443,0.736122,0
23,0,0,0.274779,-0.740594,0
23,0.1,0,0.289645,-0.73348,0
23,0.2,0,0.311736,-0.723064,0
23,0.3,0,0.333827,-0.712647,0
23,0.4,0,0.371164,-0.693854,0
23,0.5,0,0.397197,-0.678379,0
23,0.6,0,0.42323,-0.662903,0
23,0.7,0,0.443235,-0.649068,0
23,0.8,0,0.457376,-0.637549,0
23,0.9,0,0.475277,-0.625443,0
23,1,0,0.493178,-0.613336,0
23,1.1,0,0.518749,-0.599044,0
23,1.2,0,0.539943,-0.58536,0
23,1.3,0,0.561136,-0.571676,0
23,1.4,0,0.580091,-0.557919,0
23,1.5,0,0.595446,-0.544751,0
23,1.6,0,0.611851,-0.531878,0
23,1.7,0,0.628256,-0.519005,0
23,1.8,0,0.646118,-0.505993,0
23,1.9,0,0.662433,-0.493156,0
23,2,0,0.678747,-0.480318,0
23,2.1,0,0.694504,-0.467137,0
23,2.2,0,0.708377,-0.453941,0
23,2.3,0,0.722401,-0.441051,0
23,2.4,0,0.736425,-0.42816,0
23,2.5,0,0.750113,-0.415134,0
23,2.6,0,0.762891,-0.402367,0
23,2.7,0,0.775669,-0.3896,0
23,2.8,0,0.788274,-0.376582,0
23,2.9,0,0.799489,-0.363458,0
23,3,0,0.810658,-0.350549,0
23,3.1,0,0.821827,-0.337641,0
23,3.2,0,0.832388,-0.324391,0
23,3.3,0,0.842151,-0.3114,0
23,3.4,0,0.851914,-0.298409,0
23,3.5,0,0.861591,-0.285213,0
23,3.6,0,0.869982,-0.271825,0
23,3.7,0,0.878272,-0.258612,0
23,3.8,0,0.886561,-0.245399,0
23,3.9,0,0.894216,-0.231706,0
23,4,0,0.901034,-0.218218,0
23,4.1,0,0.907853,-0.20473,0
23,4.2,0,0.914617,-0.191022,0
23,4.3,0,0.919992,-0.176993,0
23,4.4,0,0.925222,-0.163141,0
23,4.5,0,0.930452,-0.149289,0
23,4.6,0,0.934963,-0.134856,0
23,4.7,0,0.938549,-0.120736,0
23,4.8,0,0.942136,-0.106616,0
23,4.9,0,0.945709,-0.0922551,0
23,5,0,0.947492,-0.0773256,0
23,5.1,0,0.949023,-0.0624901,0
23,5.2,0,0.950554,-0.0476546,0
23,5.3,0,0.950923,-0.0319588,0
23,5.4,0,0.950514,-0.0174889,0
23,5.5,0,0.950104,-0.00301903,0
23,5.6,0,0.949898,0.0114465,0
23,5.7,0,0.947289,0.0269777,0
23,5.8,0,0.944209,0.0430034,0
23,5.9,0,0.94113,0.0590292,0
23,6,0,0.935059,0.0771539,0
23,6.1,0,0.925576,0.0900391,0
23,6.2,0,0.916093,0.102924,0
23,6.3,0,0.905113,0.114144,0
23,6.4,0,0.896257,0.124062,0
23,6.5,0,0.890864,0.135377,0
23,6.6,0,0.88547,0.146693,0
23,6.7,0,0.887116,0.162407,0
23,6.8,0,0.88403,0.174636,0
23,6.9,0,0.880945,0.186865,0
23,7,0,0.875811,0.198902,0
23,7.1,0,0.850261,0.219595,0
23,7.2,0,0.82955,0.228927,0
23,7.3,0,0.805977,0.235049,0
23,7.4,0,0.781017,0.237923,0
23,7.5,0,0.756345,0.237444,0
23,7.6,0,0.733555,0.233788,0
23,7.7,0,0.71386,0.22749,0
23,7.8,0,0.697926,0.219296,0
23,7.9,0,0.68591,0.210037,0
23,8,0,0.675986,0.196994,0
23,8.1,0,0.674087,0.189964,0
23,8.2,0,0.671782,0.182956,0
23,8.3,0,0.672703,0.175627,0
23,8.4,0,0.674186,0.170219,0
23,8.5,0,0.67757,0.16541,0
23,8.6,0,0.681523,0.163952,0
23,8.7,0,0.685884,0.162368,0
23,8.8,0,0.69122,0.16477,0
23,8.9,0,0.695825,0.167405,0
23,9,0,0.701042,0.172458,0
23,9.1,0,0.704937,0.178826,0
23,9.2,0,0.70928,0.186387,0
23,9.3,0,0.711563,0.195883,0
23,9.4,0,0.71406,0.205503,0
23,9.5,0,0.714836,0.217625,0
23,9.6,0,0.714959,0.229558,0
23,9.7,0,0.714211,0.2431,0
23,9.8,0,0.711906,0.256813,0
23,9.9,0,0.709408,0.2714,0
23,10,0,0.704595,0.286337,0
23,10.1,0,0.699837,0.301346,0
23,10.2,0,0.693053,0.31744,0
23,10.3,0,0.685786,0.333108,0
23,10.4,0,0.677443,0.349585,0
23,10.5,0,0.667811,0.365633,0
23,10.6,0,0.657877,0.38217,0
23,10.7,0,0.646074,0.398474,0
23,10.8,0,0.63431,0.41472,0
23,10.9,0,0.620867,0.431453,0
23,11,0,0.606915,0.447628,0
23,11.1,0,0.591997,0.464191,0
23,11.2,0,0.57649,0.480295,0
23,11.3,0,0.561081,0.496765,0
23,11.4,0,0.543114,0.512874,0
23,11.5,0,0.525013,0.528856,0
23,11.6,0,0.505673,0.544959,0
23,11.7,0,0.487575,0.560481,0
23,11.8,0,0.469906,0.576332,0
23,11.9,0,0.4471,0.592475,0
23,12,0,0.422297,0.609225,0
23,12.1,0,0.400574,0.624003,0
23,12.2,0,0.380913,0.638113,0
23,12.3,0,0.362384,0.652535,0
23,12.4,0,0.335233,0.669591,0
23,12.5,0,0.300802,0.689111,0
23,12.6,0,0.278426,0.700576,0
23,12.7,0,0.261077,0.709646,0
23.1,0,0,0.262114,-0.715334,0
23.1,0.1,0,0.262557,-0.714835,0
23.1,0.2,0,0.284648,-0.704418,0
23.1,0.3,0,0.31669,-0.689851,0
23.1,0.4,0,0.36013,-0.670319,0
23.1,0.5,0,0.393829,-0.653007,0
23.1,0.6,0,0.419862,-0.637532,0
23.1,0.7,0,0.430275,-0.627313,0
23.1,0.8,0,0.439391,-0.617295,0
23.1,0.9,0,0.457292,-0.605189,0
23.1,1,0,0.479506,-0.592613,0
23.1,1.1,0,0.506331,-0.579511,0
23.1,1.2,0,0.529828,-0.566109,0
23.1,1.3,0,0.551022,-0.552425,0
23.1,1.4,0,0.567116,-0.539647,0
23.1,1.5,0,0.581953,-0.526999,0
23.1,1.6,0,0.598358,-0.514126,0
23.1,1.7,0,0.615698,-0.501711,0
23.1,1.8,0,0.633658,-0.489862,0
23.1,1.9,0,0.650492,-0.477482,0
23.1,2,0,0.666807,-0.464644,0
23.1,2.1,0,0.681904,-0.452099,0
23.1,2.2,0,0.695904,-0.43958,0
23.1,2.3,0,0.709928,-0.426689,0
23.1,2.4,0,0.724009,-0.414195,0
23.1,2.5,0,0.737678,-0.40217,0
23.1,2.6,0,0.750641,-0.389737,0
23.1,2.7,0,0.763419,-0.37697,0
23.1,2.8,0,0.775737,-0.36464,0
23.1,2.9,0,0.787066,-0.352253,0
23.1,3,0,0.798235,-0.339344,0
23.1,3.1,0,0.809297,-0.326729,0
23.1,3.2,0,0.819764,-0.314422,0
23.1,3.3,0,0.829634,-0.301721,0
23.1,3.4,0,0.839397,-0.28873,0
23.1,3.5,0,0.848801,-0.276236,0
23.1,3.6,0,0.857242,-0.263606,0
23.1,3.7,0,0.865531,-0.250394,0
23.1,3.8,0,0.873669,-0.237439,0
23.1,3.9,0,0.881145,-0.224712,0
23.1,4,0,0.888044,-0.211533,0
23.1,4.1,0,0.894863,-0.198045,0
23.1,4.2,0,0.901303,-0.185073,0
23.1,4.3,0,0.90671,-0.171907,0
23.1,4.4,0,0.911941,-0.158055,0
23.1,4.5,0,0.916981,-0.144462,0
23.1,4.6,0,0.921249,-0.131078,0
23.1,4.7,0,0.924898,-0.117247,0
23.1,4.8,0,0.928485,-0.103127,0
23.1,4.9,0,0.931686,-0.0897607,0
23.1,5,0,0.933633,-0.0762233,0
23.1,5.1,0,0.935164,-0.0613878,0
23.1,5.2,0,0.936461,-0.0466614,0
23.1,5.3,0,0.936816,-0.032019,0
23.1,5.4,0,0.936454,-0.0174494,0
23.1,5.5,0,0.936044,-0.0029795,0
23.1,5.6,0,0.935314,0.00965028,0
23.1,5.7,0,0.932892,0.0222351,0
23.1,5.8,0,0.929813,0.0382609,0
23.1,5.9,0,0.926629,0.0548056,0
23.1,6,0,0.922517,0.0717418,0
23.1,6.1,0,0.91511,0.0863633,0
23.1,6.2,0,0.905627,0.0992485,0
23.1,6.3,0,0.893748,0.106988,0
23.1,6.4,0,0.880825,0.113897,0
23.1,6.5,0,0.875432,0.125213,0
23.1,6.6,0,0.873509,0.1377,0
23.1,6.7,0,0.874795,0.150613,0
23.1,6.8,0,0.873263,0.162707,0
23.1,6.9,0,0.870178,0.174936,0
23.1,7,0,0.863372,0.18478,0
23.1,7.1,0,0.84036,0.204338,0
23.1,7.2,0,0.821937,0.213341,0
23.1,7.3,0,0.801094,0.219568,0
23.1,7.4,0,0.779075,0.222977,0
23.1,7.5,0,0.75728,0.223448,0
23.1,7.6,0,0.737034,0.221122,0
23.1,7.7,0,0.719341,0.216459,0
23.1,7.8,0,0.704764,0.210093,0
23.1,7.9,0,0.693451,0.202736,0
23.1,8,0,0.683476,0.192193,0
23.1,8.1,0,0.68131,0.187062,0
23.1,8.2,0,0.678512,0.180228,0
23.1,8.3,0,0.677259,0.175456,0
23.1,8.4,0,0.678741,0.170047,0
23.1,8.5,0,0.679321,0.166986,0
23.1,8.6,0,0.68273,0.16582,0
23.1,8.7,0,0.685403,0.164751,0
23.1,8.8,0,0.688775,0.167384,0
23.1,8.9,0,0.692876,0.170002,0
23.1,9,0,0.695223,0.174713,0
23.1,9.1,0,0.699051,0.181072,0
23.1,9.2,0,0.701032,0.187656,0
23.1,9.3,0,0.702721,0.196919,0
23.1,9.4,0,0.704276,0.205841,0
23.1,9.5,0,0.703634,0.216878,0
23.1,9.6,0,0.70358,0.228561,0
23.1,9.7,0,0.701343,0.240323,0
23.1,9.8,0,0.698938,0.253943,0
23.1,9.9,0,0.695604,0.266768,0
23.1,10,0,0.690395,0.281194,0
23.1,10.1,0,0.68546,0.295405,0
23.1,10.2,0,0.678058,0.309998,0
23.1,10.3,0,0.670791,0.325472,0
23.1,10.4,0,0.662077,0.340075,0
23.1,10.5,0,0.65237,0.355963,0
23.1,10.6,0,0.642432,0.371011,0
23.1,10.7,0,0.630409,0.386661,0
23.1,10.8,0,0.618779,0.402367,0
23.1,10.9,0,0.60521,0.417665,0
23.1,11,0,0.591277,0.43373,0
23.1,11.1,0,0.57641,0.44868,0
23.1,11.2,0,0.560761,0.46456,0
23.1,11.3,0,0.545526,0.479959,0
23.1,11.4,0,0.527879,0.495443,0
23.1,11.5,0,0.50959,0.51098,0
23.1,11.6,0,0.489606,0.525771,0
23.1,11.7,0,0.471613,0.541253,0
23.1,11.8,0,0.4552,0.555749,0
23.1,11.9,0,0.433613,0.571467,0
23.1,12,0,0.407574,0.5874,0
23.1,12.1,0,0.38206,0.602387,0
23.1,12.2,0,0.365827,0.615451,0
23.1,12.3,0,0.353894,0.626638,0
23.1,12.4,0,0.326742,0.643694,0
23.1,12.5,0,0.2834,0.664967,0
23.1,12.6,0,0.254491,0.679218,0
23.1,12.7,0,0.247155,0.683515,0
23.2,0,0,0.249833,-0.690093,0
23.2,0.1,0,0.249245,-0.690067,0
23.2,0.2,0,0.264578,-0.683399,0
23.2,0.3,0,0.303407,-0.666213,0
23.2,0.4,0,0.346847,-0.646681,0
23.2,0.5,0,0.386026,-0.628416,0
23.2,0.6,0,0.40796,-0.615508,0
23.2,0.7,0,0.417629,-0.605539,0
23.2,0.8,0,0.426327,-0.595621,0
23.2,0.9,0,0.441925,-0.584952,0
23.2,1,0,0.467223,-0.57231,0
23.2,1.1,0,0.494048,-0.559209,0
23.2,1.2,0,0.519094,-0.54636,0
23.2,1.3,0,0.538629,-0.534076,0
23.2,1.4,0,0.55448,-0.52134,0
23.2,1.5,0,0.569243,-0.508704,0
23.2,1.6,0,0.585502,-0.496799,0
23.2,1.7,0,0.603591,-0.484987,0
23.2,1.8,0,0.621551,-0.473138,0
23.2,1.9,0,0.63872,-0.461376,0
23.2,2,0,0.654591,-0.449577,0
23.2,2.1,0,0.66963,-0.437046,0
23.2,2.2,0,0.683629,-0.424544,0
23.2,2.3,0,0.69772,-0.412677,0
23.2,2.4,0,0.711865,-0.400746,0
23.2,2.5,0,0.725533,-0.388721,0
23.2,2.6,0,0.73861,-0.376794,0
23.2,2.7,0,0.751203,-0.365021,0
23.2,2.8,0,0.763499,-0.352712,0
23.2,2.9,0,0.774836,-0.340349,0
23.2,3,0,0.786002,-0.328456,0
23.2,3.1,0,0.796974,-0.316318,0
23.2,3.2,0,0.807441,-0.304011,0
23.2,3.3,0,0.817356,-0.291777,0
23.2,3.4,0,0.826915,-0.279771,0
23.2,3.5,0,0.836302,-0.267302,0
23.2,3.6,0,0.844749,-0.254699,0
23.2,3.7,0,0.852954,-0.24251,0
23.2,3.8,0,0.860946,-0.230004,0
23.2,3.9,0,0.868422,-0.217277,0
23.2,4,0,0.875329,-0.204591,0
23.2,4.1,0,0.881881,-0.192138,0
23.2,4.2,0,0.888303,-0.179191,0
23.2,4.3,0,0.893718,-0.166057,0
23.2,4.4,0,0.89883,-0.153337,0
23.2,4.5,0,0.903684,-0.140217,0
23.2,4.6,0,0.907952,-0.126834,0
23.2,4.7,0,0.911585,-0.113529,0
23.2,4.8,0,0.914868,-0.10066,0
23.2,4.9,0,0.918051,-0.0873296,0
23.2,5,0,0.920018,-0.0738539,0
23.2,5.1,0,0.921611,-0.060553,0
23.2,5.2,0,0.922726,-0.0462667,0
23.2,5.3,0,0.923081,-0.0316243,0
23.2,5.4,0,0.922699,-0.017373,0
23.2,5.5,0,0.922029,-0.00467124,0
23.2,5.6,0,0.921284,0.00787091,0
23.2,5.7,0,0.918894,0.0202919,0
23.2,5.8,0,0.916335,0.0335432,0
23.2,5.9,0,0.913181,0.0498914,0
23.2,6,0,0.909069,0.0668277,0
23.2,6.1,0,0.903584,0.0823074,0
23.2,6.2,0,0.894913,0.0925796,0
23.2,6.3,0,0.882919,0.100074,0
23.2,6.4,0,0.869638,0.106773,0
23.2,6.5,0,0.86191,0.115348,0
23.2,6.6,0,0.86236,0.128192,0
23.2,6.7,0,0.863646,0.141105,0
23.2,6.8,0,0.863091,0.15247,0
23.2,6.9,0,0.858593,0.161984,0
23.2,7,0,0.85161,0.171715,0
23.2,7.1,0,0.830781,0.190075,0
23.2,7.2,0,0.814373,0.198674,0
23.2,7.3,0,0.795956,0.204893,0
23.2,7.4,0,0.776562,0.208689,0
23.2,7.5,0,0.757345,0.209937,0
23.2,7.6,0,0.739389,0.208755,0
23.2,7.7,0,0.723517,0.20553,0
23.2,7.8,0,0.710197,0.200797,0
23.2,7.9,0,0.699572,0.195157,0
23.2,8,0,0.689638,0.186899,0
23.2,8.1,0,0.687304,0.182906,0
23.2,8.2,0,0.683411,0.17795,0
23.2,8.3,0,0.682146,0.173191,0
23.2,8.4,0,0.681107,0.170206,0
23.2,8.5,0,0.68158,0.167228,0
23.2,8.6,0,0.682972,0.166919,0
23.2,8.7,0,0.684448,0.166286,0
23.2,8.8,0,0.687093,0.168994,0
23.2,8.9,0,0.688678,0.1717,0
23.2,9,0,0.691026,0.176411,0
23.2,9.1,0,0.692119,0.182092,0
23.2,9.2,0,0.693908,0.188604,0
23.2,9.3,0,0.69414,0.197087,0
23.2,9.4,0,0.694704,0.205376,0
23.2,9.5,0,0.693679,0.216132,0
23.2,9.6,0,0.692093,0.226252,0
23.2,9.7,0,0.689856,0.238013,0
23.2,9.8,0,0.686126,0.249775,0
23.2,9.9,0,0.682705,0.262375,0
23.2,10,0,0.676914,0.275684,0
23.2,10.1,0,0.671592,0.288836,0
23.2,10.2,0,0.664039,0.303185,0
23.2,10.3,0,0.656308,0.316729,0
23.2,10.4,0,0.647594,0.331332,0
23.2,10.5,0,0.637524,0.345396,0
23.2,10.6,0,0.627616,0.360166,0
23.2,10.7,0,0.615426,0.374867,0
23.2,10.8,0,0.603797,0.389505,0
23.2,10.9,0,0.590199,0.404642,0
23.2,11,0,0.576326,0.418966,0
23.2,11.1,0,0.561459,0.433916,0
23.2,11.2,0,0.545626,0.448292,0
23.2,11.3,0,0.530538,0.463396,0
23.2,11.4,0,0.513159,0.478177,0
23.2,11.5,0,0.494911,0.492655,0
23.2,11.6,0,0.474626,0.50735,0
23.2,11.7,0,0.45678,0.521373,0
23.2,11.8,0,0.440366,0.535869,0
23.2,11.9,0,0.420156,0.550089,0
23.2,12,0,0.393204,0.565766,0
23.2,12.1,0,0.365603,0.580761,0
23.2,12.2,0,0.351585,0.592464,0
23.2,12.3,0,0.34057,0.603276,0
23.2,12.4,0,0.312577,0.619009,0
23.2,12.5,0,0.269093,0.640321,0
23.2,12.6,0,0.235888,0.655824,0
23.2,12.7,0,0.233713,0.657498,0
23.3,0,0,0.237552,-0.664852,0
23.3,0.1,0,0.258856,-0.655695,0
23.3,0.2,0,0.28016,-0.646537,0
23.3,0.3,0,0.301464,-0.637379,0
23.3,0.4,0,0.325383,-0.625795,0
23.3,0.5,0,0.351917,-0.611785,0
23.3,0.6,0,0.37845,-0.597775,0
23.3,0.7,0,0.404983,-0.583765,0
23.3,0.8,0,0.423169,-0.572815,0
23.3,0.9,0,0.441356,-0.561864,0
23.3,1,0,0.459541,-0.550914,0
23.3,1.1,0,0.479093,-0.53938,0
23.3,1.2,0,0.50001,-0.527265,0
23.3,1.3,0,0.520928,-0.515149,0
23.3,1.4,0,0.541845,-0.503034,0
23.3,1.5,0,0.558665,-0.491404,0
23.3,1.6,0,0.575485,-0.479775,0
23.3,1.7,0,0.592305,-0.468145,0
23.3,1.8,0,0.608807,-0.456568,0
23.3,1.9,0,0.62499,-0.445043,0
23.3,2,0,0.641173,-0.433518,0
23.3,2.1,0,0.657356,-0.421993,0
23.3,2.2,0,0.671481,-0.410363,0
23.3,2.3,0,0.685607,-0.398733,0
23.3,2.4,0,0.699732,-0.387103,0
23.3,2.5,0,0.713147,-0.375502,0
23.3,2.6,0,0.725852,-0.363929,0
23.3,2.7,0,0.738556,-0.352357,0
23.3,2.8,0,0.751261,-0.340784,0
23.3,2.9,0,0.762363,-0.329068,0
23.3,3,0,0.773466,-0.317351,0
23.3,3.1,0,0.784568,-0.305635,0
23.3,3.2,0,0.794931,-0.293861,0
23.3,3.3,0,0.804555,-0.282029,0
23.3,3.4,0,0.814178,-0.270198,0
23.3,3.5,0,0.823802,-0.258367,0
23.3,3.6,0,0.831916,-0.246333,0
23.3,3.7,0,0.84003,-0.234298,0
23.3,3.8,0,0.848144,-0.222264,0
23.3,3.9,0,0.855501,-0.210113,0
23.3,4,0,0.862102,-0.197845,0
23.3,4.1,0,0.868702,-0.185577,0
23.3,4.2,0,0.875303,-0.173309,0
23.3,4.3,0,0.8803,-0.160744,0
23.3,4.4,0,0.885297,-0.148179,0
23.3,4.5,0,0.890295,-0.135614,0
23.3,4.6,0,0.894454,-0.122984,0
23.3,4.7,0,0.897774,-0.110289,0
23.3,4.8,0,0.901095,-0.0975935,0
23.3,4.9,0,0.904416,-0.0848984,0
23.3,5,0,0.905868,-0.0716629,0
23.3,5.1,0,0.907321,-0.0584275,0
23.3,5.2,0,0.908773,-0.045192,0
23.3,5.3,0,0.909179,-0.0321934,0
23.3,5.4,0,0.908537,-0.0194318,0
23.3,5.5,0,0.907895,-0.00667011,0
23.3,5.6,0,0.907254,0.00609155,0
23.3,5.7,0,0.904632,0.0196543,0
23.3,5.8,0,0.90201,0.033217,0
23.3,5.9,0,0.899389,0.0467797,0
23.3,6,0,0.894365,0.059218,0
23.3,6.1,0,0.88694,0.0705319,0
23.3,6.2,0,0.879515,0.0818458,0
23.3,6.3,0,0.87209,0.0931598,0
23.3,6.4,0,0.866445,0.102437,0
23.3,6.5,0,0.8608,0.111715,0
23.3,6.6,0,0.855154,0.120992,0
23.3,6.7,0,0.850548,0.130348,0
23.3,6.8,0,0.846982,0.139782,0
23.3,6.9,0,0.843415,0.149215,0
23.3,7,0,0.839848,0.158649,0
23.3,7.1,0,0.821202,0.175811,0
23.3,7.2,0,0.806809,0.184008,0
23.3,7.3,0,0.790818,0.190219,0
23.3,7.4,0,0.77405,0.194401,0
23.3,7.5,0,0.75741,0.196426,0
23.3,7.6,0,0.741744,0.196387,0
23.3,7.7,0,0.727693,0.194601,0
23.3,7.8,0,0.71563,0.1915,0
23.3,7.9,0,0.705692,0.187579,0
23.3,8,0,0.695801,0.181604,0
23.3,8.1,0,0.692017,0.178125,0
23.3,8.2,0,0.688234,0.174646,0
23.3,8.3,0,0.685864,0.171831,0
23.3,8.4,0,0.684257,0.169372,0
23.3,8.5,0,0.683189,0.167668,0
23.3,8.6,0,0.68338,0.167723,0
23.3,8.7,0,0.683572,0.167778,0
23.3,8.8,0,0.684352,0.170466,0
23.3,8.9,0,0.685163,0.173292,0
23.3,9,0,0.685769,0.177717,0
23.3,9.1,0,0.68624,0.183208,0
23.3,9.2,0,0.686448,0.189287,0
23.3,9.3,0,0.685866,0.197129,0
23.3,9.4,0,0.685285,0.20497,0
23.3,9.5,0,0.683319,0.214552,0
23.3,9.6,0,0.681199,0.224326,0
23.3,9.7,0,0.678069,0.234926,0
23.3,9.8,0,0.674113,0.246201,0
23.3,9.9,0,0.669758,0.257694,0
23.3,10,0,0.663808,0.270064,0
23.3,10.1,0,0.657858,0.282433,0
23.3,10.2,0,0.650176,0.295444,0
23.3,10.3,0,0.642187,0.308568,0
23.3,10.4,0,0.633182,0.321925,0
23.3,10.5,0,0.623161,0.335513,0
23.3,10.6,0,0.612848,0.349144,0
23.3,10.7,0,0.600883,0.363012,0
23.3,10.8,0,0.588919,0.376879,0
23.3,10.9,0,0.575392,0.390812,0
23.3,11,0,0.561475,0.404761,0
23.3,11.1,0,0.546823,0.418731,0
23.3,11.2,0,0.531272,0.432728,0
23.3,11.3,0,0.515503,0.446718,0
23.3,11.4,0,0.497762,0.460639,0
23.3,11.5,0,0.480021,0.47456,0
23.3,11.6,0,0.461877,0.488316,0
23.3,11.7,0,0.443599,0.502017,0
23.3,11.8,0,0.423727,0.515874,0
23.3,11.9,0,0.401463,0.529966,0
23.3,12,0,0.379337,0.543979,0
23.3,12.1,0,0.359826,0.556505,0
23.3,12.2,0,0.340315,0.569031,0
23.3,12.3,0,0.315402,0.58337,0
23.3,12.4,0,0.288175,0.598486,0
23.3,12.5,0,0.263,0.611762,0
23.3,12.6,0,0.241635,0.621622,0
23.3,12.7,0,0.220271,0.631482,0
23.4,0,0,0.226731,-0.639644,0
23.4,0.1,0,0.226173,-0.639645,0
23.4,0.2,0,0.241514,-0.632985,0
23.4,0.3,0,0.279047,-0.617662,0
23.4,0.4,0,0.320823,-0.600563,0
23.4,0.5,0,0.358724,-0.584195,0
23.4,0.6,0,0.381351,-0.571414,0
23.4,0.7,0,0.393564,-0.561913,0
23.4,0.8,0,0.404821,-0.552484,0
23.4,0.9,0,0.421118,-0.541948,0
23.4,1,0,0.444994,-0.530708,0
23.4,1.1,0,0.469994,-0.519416,0
23.4,1.2,0,0.493643,-0.507963,0
23.4,1.3,0,0.513517,-0.496035,0
23.4,1.4,0,0.530608,-0.484608,0
23.4,1.5,0,0.54659,-0.47327,0
23.4,1.6,0,0.563182,-0.46172,0
23.4,1.7,0,0.580901,-0.450874,0
23.4,1.8,0,0.598378,-0.440273,0
23.4,1.9,0,0.615169,-0.429473,0
23.4,2,0,0.631109,-0.418053,0
23.4,2.1,0,0.646399,-0.406914,0
23.4,2.2,0,0.660659,-0.395786,0
23.4,2.3,0,0.674822,-0.384293,0
23.4,2.4,0,0.688866,-0.373276,0
23.4,2.5,0,0.702405,-0.362431,0
23.4,2.6,0,0.715383,-0.351415,0
23.4,2.7,0,0.727967,-0.339981,0
23.4,2.8,0,0.740233,-0.328918,0
23.4,2.9,0,0.751556,-0.317812,0
23.4,3,0,0.762719,-0.306262,0
23.4,3.1,0,0.773578,-0.295015,0
23.4,3.2,0,0.78391,-0.283876,0
23.4,3.3,0,0.793727,-0.272558,0
23.4,3.4,0,0.803245,-0.26087,0
23.4,3.5,0,0.812478,-0.249565,0
23.4,3.6,0,0.820804,-0.238184,0
23.4,3.7,0,0.828976,-0.226328,0
23.4,3.8,0,0.836802,-0.214715,0
23.4,3.9,0,0.844085,-0.203185,0
23.4,4,0,0.850858,-0.191454,0
23.4,4.1,0,0.857349,-0.179331,0
23.4,4.2,0,0.863548,-0.167598,0
23.4,4.3,0,0.868797,-0.155781,0
23.4,4.4,0,0.873862,-0.14342,0
23.4,4.5,0,0.878538,-0.131274,0
23.4,4.6,0,0.882616,-0.119213,0
23.4,4.7,0,0.886135,-0.10698,0
23.4,4.8,0,0.889343,-0.0944946,0
23.4,4.9,0,0.892253,-0.0825696,0
23.4,5,0,0.894065,-0.0706288,0
23.4,5.1,0,0.895616,-0.0577463,0
23.4,5.2,0,0.896795,-0.044697,0
23.4,5.3,0,0.897314,-0.0317335,0
23.4,5.4,0,0.897122,-0.01884,0
23.4,5.5,0,0.896329,-0.00654107,0
23.4,5.6,0,0.895131,0.004524,0
23.4,5.7,0,0.892581,0.0153774,0
23.4,5.8,0,0.889979,0.0282012,0
23.4,5.9,0,0.887619,0.0422381,0
23.4,6,0,0.884686,0.0561119,0
23.4,6.1,0,0.88023,0.0691701,0
23.4,6.2,0,0.872217,0.0795045,0
23.4,6.3,0,0.862635,0.087227,0
23.4,6.4,0,0.852183,0.094202,0
23.4,6.5,0,0.845227,0.102852,0
23.4,6.6,0,0.843483,0.112975,0
23.4,6.7,0,0.842269,0.122726,0
23.4,6.8,0,0.840043,0.131926,0
23.4,6.9,0,0.835925,0.140908,0
23.4,7,0,0.830333,0.148685,0
23.4,7.1,0,0.813092,0.164729,0
23.4,7.2,0,0.800005,0.172489,0
23.4,7.3,0,0.78558,0.178525,0
23.4,7.4,0,0.770504,0.1828,0
23.4,7.5,0,0.755531,0.185202,0
23.4,7.6,0,0.741363,0.18581,0
23.4,7.7,0,0.728533,0.184891,0
23.4,7.8,0,0.717359,0.182816,0
23.4,7.9,0,0.707962,0.180002,0
23.4,8,0,0.698257,0.175547,0
23.4,8.1,0,0.695094,0.173539,0
23.4,8.2,0,0.690584,0.170418,0
23.4,8.3,0,0.687268,0.168588,0
23.4,8.4,0,0.685341,0.166513,0
23.4,8.5,0,0.683159,0.165712,0
23.4,8.6,0,0.682796,0.16617,0
23.4,8.7,0,0.681835,0.166572,0
23.4,8.8,0,0.681545,0.169558,0
23.4,8.9,0,0.681707,0.172336,0
23.4,9,0,0.681019,0.176692,0
23.4,9.1,0,0.681051,0.182116,0
23.4,9.2,0,0.680026,0.1877,0
23.4,9.3,0,0.678743,0.19533,0
23.4,9.4,0,0.677406,0.202518,0
23.4,9.5,0,0.674437,0.211508,0
23.4,9.6,0,0.672023,0.220848,0
23.4,9.7,0,0.668058,0.230541,0
23.4,9.8,0,0.663795,0.241516,0
23.4,9.9,0,0.658911,0.251884,0
23.4,10,0,0.65245,0.263674,0
23.4,10.1,0,0.646329,0.275176,0
23.4,10.2,0,0.638052,0.287182,0
23.4,10.3,0,0.630042,0.29987,0
23.4,10.4,0,0.620747,0.312122,0
23.4,10.5,0,0.610539,0.325355,0
23.4,10.6,0,0.60022,0.337816,0
23.4,10.7,0,0.587922,0.350954,0
23.4,10.8,0,0.576091,0.364091,0
23.4,10.9,0,0.562368,0.377031,0
23.4,11,0,0.548497,0.390586,0
23.4,11.1,0,0.53372,0.403457,0
23.4,11.2,0,0.517955,0.417019,0
23.4,11.3,0,0.502591,0.430112,0
23.4,11.4,0,0.485072,0.443377,0
23.4,11.5,0,0.467273,0.456632,0
23.4,11.6,0,0.447791,0.469385,0
23.4,11.7,0,0.429723,0.482771,0
23.4,11.8,0,0.412115,0.49559,0
23.4,11.9,0,0.39137,0.509074,0
23.4,12,0,0.36645,0.522578,0
23.4,12.1,0,0.340743,0.535692,0
23.4,12.2,0,0.325455,0.546973,0
23.4,12.3,0,0.312238,0.557065,0
23.4,12.4,0,0.284335,0.572058,0
23.4,12.5,0,0.242967,0.590302,0
23.4,12.6,0,0.210869,0.604272,0
23.4,12.7,0,0.208624,0.605926,0
23.5,0,0,0.21591,-0.614435,0
23.5,0.1,0,0.216306,-0.614074,0
23.5,0.2,0,0.23675,-0.606097,0
23.5,0.3,0,0.267132,-0.593957,0
23.5,0.4,0,0.308907,-0.576857,0
23.5,0.5,0,0.34234,-0.562254,0
23.5,0.6,0,0.369263,-0.549701,0
23.5,0.7,0,0.382143,-0.540061,0
23.5,0.8,0,0.393736,-0.530614,0
23.5,0.9,0,0.412357,-0.52081,0
23.5,1,0,0.434127,-0.510314,0
23.5,1.1,0,0.459128,-0.499022,0
23.5,1.2,0,0.481493,-0.48814,0
23.5,1.3,0,0.502119,-0.477571,0
23.5,1.4,0,0.51937,-0.466183,0
23.5,1.5,0,0.535406,-0.454891,0
23.5,1.6,0,0.552551,-0.444567,0
23.5,1.7,0,0.570078,-0.434111,0
23.5,1.8,0,0.587554,-0.42351,0
23.5,1.9,0,0.604038,-0.413133,0
23.5,2,0,0.620116,-0.402931,0
23.5,2.1,0,0.635442,-0.391835,0
23.5,2.2,0,0.649698,-0.380743,0
23.5,2.3,0,0.663853,-0.370408,0
23.5,2.4,0,0.677947,-0.359845,0
23.5,2.5,0,0.691486,-0.349,0
23.5,2.6,0,0.704305,-0.338426,0
23.5,2.7,0,0.716923,-0.328082,0
23.5,2.8,0,0.729204,-0.317052,0
23.5,2.9,0,0.740513,-0.305974,0
23.5,3,0,0.751523,-0.295475,0
23.5,3.1,0,0.762431,-0.284698,0
23.5,3.2,0,0.772763,-0.27356,0
23.5,3.3,0,0.782425,-0.262679,0
23.5,3.4,0,0.791909,-0.252038,0
23.5,3.5,0,0.801154,-0.240763,0
23.5,3.6,0,0.809463,-0.229406,0
23.5,3.7,0,0.817417,-0.218571,0
23.5,3.8,0,0.825274,-0.20744,0
23.5,3.9,0,0.832557,-0.195909,0
23.5,4,0,0.839162,-0.184628,0
23.5,4.1,0,0.845584,-0.17359,0
23.5,4.2,0,0.851793,-0.161888,0
23.5,4.3,0,0.857023,-0.150096,0
23.5,4.4,0,0.861855,-0.13882,0
23.5,4.5,0,0.866573,-0.127205,0
23.5,4.6,0,0.870651,-0.115144,0
23.5,4.7,0,0.874004,-0.103466,0
23.5,4.8,0,0.877169,-0.0921386,0
23.5,4.9,0,0.880091,-0.0802408,0
23.5,5,0,0.881887,-0.0683109,0
23.5,5.1,0,0.883344,-0.0566109,0
23.5,5.2,0,0.884639,-0.0443224,0
23.5,5.3,0,0.885159,-0.031359,0
23.5,5.4,0,0.884795,-0.0193521,0
23.5,5.5,0,0.88418,-0.00811637,0
23.5,5.6,0,0.883008,0.00295646,0
23.5,5.7,0,0.880474,0.0138377,0
23.5,5.8,0,0.878263,0.0253048,0
23.5,5.9,0,0.876019,0.0380033,0
23.5,6,0,0.873086,0.0518771,0
23.5,6.1,0,0.868326,0.0634894,0
23.5,6.2,0,0.862587,0.0734692,0
23.5,6.3,0,0.85318,0.0812943,0
23.5,6.4,0,0.842957,0.088319,0
23.5,6.5,0,0.837554,0.0963882,0
23.5,6.6,0,0.834335,0.105504,0
23.5,6.7,0,0.833121,0.115255,0
23.5,6.8,0,0.830186,0.123483,0
23.5,6.9,0,0.826331,0.130957,0
23.5,7,0,0.820819,0.13872,0
23.5,7.1,0,0.804981,0.153647,0
23.5,7.2,0,0.793199,0.16097,0
23.5,7.3,0,0.780342,0.16683,0
23.5,7.4,0,0.766959,0.1712,0
23.5,7.5,0,0.753653,0.173978,0
23.5,7.6,0,0.740982,0.175231,0
23.5,7.7,0,0.729373,0.175182,0
23.5,7.8,0,0.719086,0.17413,0
23.5,7.9,0,0.710232,0.172425,0
23.5,8,0,0.700712,0.169491,0
23.5,8.1,0,0.697139,0.167988,0
23.5,8.2,0,0.692431,0.166437,0
23.5,8.3,0,0.689104,0.164616,0
23.5,8.4,0,0.685652,0.164272,0
23.5,8.5,0,0.68343,0.163539,0
23.5,8.6,0,0.681677,0.164604,0
23.5,8.7,0,0.680027,0.165387,0
23.5,8.8,0,0.679184,0.168371,0
23.5,8.9,0,0.677682,0.171338,0
23.5,9,0,0.676993,0.175694,0
23.5,9.1,0,0.675051,0.180621,0
23.5,9.2,0,0.673895,0.1862,0
23.5,9.3,0,0.671543,0.193164,0
23.5,9.4,0,0.669426,0.199978,0
23.5,9.5,0,0.666221,0.208663,0
23.5,9.6,0,0.66252,0.216885,0
23.5,9.7,0,0.658554,0.226578,0
23.5,9.8,0,0.65325,0.236005,0
23.5,9.9,0,0.648219,0.24625,0
23.5,10,0,0.641353,0.257046,0
23.5,10.1,0,0.634764,0.267735,0
23.5,10.2,0,0.626475,0.279486,0
23.5,10.3,0,0.617869,0.290562,0
23.5,10.4,0,0.608574,0.302815,0
23.5,10.5,0,0.598092,0.31439,0
23.5,10.6,0,0.587663,0.326644,0
23.5,10.7,0,0.575329,0.338907,0
23.5,10.8,0,0.563305,0.351079,0
23.5,10.9,0,0.549615,0.363841,0
23.5,11,0,0.535633,0.375795,0
23.5,11.1,0,0.520855,0.388666,0
23.5,11.2,0,0.505131,0.400821,0
23.5,11.3,0,0.489651,0.413592,0
23.5,11.4,0,0.472159,0.426138,0
23.5,11.5,0,0.4545,0.438427,0
23.5,11.6,0,0.435187,0.451089,0
23.5,11.7,0,0.416774,0.463021,0
23.5,11.8,0,0.399166,0.47584,0
23.5,11.9,0,0.378104,0.48811,0
23.5,12,0,0.353948,0.50114,0
23.5,12.1,0,0.329851,0.513478,0
23.5,12.2,0,0.31288,0.52424,0
23.5,12.3,0,0.298867,0.534525,0
23.5,12.4,0,0.271626,0.547793,0
23.5,12.5,0,0.230379,0.565991,0
23.5,12.6,0,0.203607,0.577188,0
23.5,12.7,0,0.196978,0.58037,0
23.6,0,0,0.205436,-0.58921,0
23.6,0.1,0,0.219205,-0.583787,0
23.6,0.2,0,0.239649,-0.57581,0
23.6,0.3,0,0.260094,-0.567833,0
23.6,0.4,0,0.294161,-0.554676,0
23.6,0.5,0,0.321084,-0.542123,0
23.6,0.6,0,0.348007,-0.529569,0
23.6,0.7,0,0.371031,-0.518178,0
23.6,0.8,0,0.388083,-0.508699,0
23.6,0.9,0,0.406704,-0.498895,0
23.6,1,0,0.425325,-0.48909,0
23.6,1.1,0,0.44746,-0.479265,0
23.6,1.2,0,0.468085,-0.468695,0
23.6,1.3,0,0.488711,-0.458126,0
23.6,1.4,0,0.508496,-0.447732,0
23.6,1.5,0,0.525534,-0.437527,0
23.6,1.6,0,0.54268,-0.427204,0
23.6,1.7,0,0.559825,-0.41688,0
23.6,1.8,0,0.576795,-0.407213,0
23.6,1.9,0,0.592873,-0.397011,0
23.6,2,0,0.608951,-0.38681,0
23.6,2.1,0,0.624826,-0.376764,0
23.6,2.2,0,0.639037,-0.366607,0
23.6,2.3,0,0.653193,-0.356272,0
23.6,2.4,0,0.667348,-0.345937,0
23.6,2.5,0,0.680756,-0.336058,0
23.6,2.6,0,0.693375,-0.325715,0
23.6,2.7,0,0.705993,-0.315372,0
23.6,2.8,0,0.718492,-0.305219,0
23.6,2.9,0,0.729561,-0.294907,0
23.6,3,0,0.74057,-0.284408,0
23.6,3.1,0,0.75158,-0.273909,0
23.6,3.2,0,0.761791,-0.263738,0
23.6,3.3,0,0.771276,-0.253097,0
23.6,3.4,0,0.78076,-0.242455,0
23.6,3.5,0,0.790138,-0.23201,0
23.6,3.6,0,0.798145,-0.221359,0
23.6,3.7,0,0.806099,-0.210524,0
23.6,3.8,0,0.814053,-0.199689,0
23.6,3.9,0,0.821194,-0.189141,0
23.6,4,0,0.827617,-0.178103,0
23.6,4.1,0,0.834039,-0.167065,0
23.6,4.2,0,0.840358,-0.156228,0
23.6,4.3,0,0.845255,-0.145156,0
23.6,4.4,0,0.850087,-0.13388,0
23.6,4.5,0,0.854919,-0.122605,0
23.6,4.6,0,0.858893,-0.111657,0
23.6,4.7,0,0.862059,-0.10033,0
23.6,4.8,0,0.865224,-0.0890019,0
23.6,4.9,0,0.868288,-0.0779309,0
23.6,5,0,0.869817,-0.0665734,0
23.6,5.1,0,0.871275,-0.0548734,0
23.6,5.2,0,0.872733,-0.0431734,0
23.6,5.3,0,0.873324,-0.0317924,0
23.6,5.4,0,0.872708,-0.0205566,0
23.6,5.5,0,0.872092,-0.00932092,0
23.6,5.6,0,0.871304,0.00145188,0
23.6,5.7,0,0.869021,0.0123238,0
23.6,5.8,0,0.86681,0.0237909,0
23.6,5.9,0,0.864599,0.0352579,0
23.6,6,0,0.861727,0.0463778,0
23.6,6.1,0,0.855988,0.0563576,0
23.6,6.2,0,0.850248,0.0663374,0
23.6,6.3,0,0.843998,0.0755921,0
23.6,6.4,0,0.837707,0.0833209,0
23.6,6.5,0,0.832304,0.0913901,0
23.6,6.6,0,0.8269,0.0994593,0
23.6,6.7,0,0.823553,0.107266,0
23.6,6.8,0,0.819697,0.11474,0
23.6,6.9,0,0.815842,0.122214,0
23.6,7,0,0.811741,0.129291,0
23.6,7.1,0,0.797199,0.143154,0
23.6,7.2,0,0.786611,0.150058,0
23.6,7.3,0,0.775178,0.155736,0
23.6,7.4,0,0.763331,0.160169,0
23.6,7.5,0,0.751537,0.163269,0
23.6,7.6,0,0.740226,0.165091,0
23.6,7.7,0,0.729731,0.165813,0
23.6,7.8,0,0.72026,0.16568,0
23.6,7.9,0,0.711911,0.164971,0
23.6,8,0,0.702584,0.163412,0
23.6,8.1,0,0.698261,0.162522,0
23.6,8.2,0,0.693764,0.161472,0
23.6,8.3,0,0.689615,0.161186,0
23.6,8.4,0,0.686163,0.160842,0
23.6,8.5,0,0.68279,0.161209,0
23.6,8.6,0,0.680549,0.162421,0
23.6,8.7,0,0.678169,0.163688,0
23.6,8.8,0,0.676136,0.166691,0
23.6,8.9,0,0.674352,0.169736,0
23.6,9,0,0.672055,0.173865,0
23.6,9.1,0,0.670062,0.178769,0
23.6,9.2,0,0.667509,0.183953,0
23.6,9.3,0,0.664765,0.190578,0
23.6,9.4,0,0.661945,0.197131,0
23.6,9.5,0,0.657904,0.204916,0
23.6,9.6,0,0.654001,0.213025,0
23.6,9.7,0,0.649028,0.22148,0
23.6,9.8,0,0.643681,0.2308,0
23.6,9.9,0,0.6378,0.239948,0
23.6,10,0,0.630817,0.250191,0
23.6,10.1,0,0.623834,0.260381,0
23.6,10.2,0,0.615239,0.270881,0
23.6,10.3,0,0.60654,0.281821,0
23.6,10.4,0,0.596839,0.292578,0
23.6,10.5,0,0.586368,0.303985,0
23.6,10.6,0,0.575581,0.315071,0
23.6,10.7,0,0.563318,0.326726,0
23.6,10.8,0,0.551087,0.338427,0
23.6,10.9,0,0.537392,0.349861,0
23.6,11,0,0.523384,0.361728,0
23.6,11.1,0,0.508592,0.373209,0
23.6,11.2,0,0.492953,0.385183,0
23.6,11.3,0,0.477189,0.39687,0
23.6,11.4,0,0.459641,0.408722,0
23.6,11.5,0,0.442097,0.420672,0
23.6,11.6,0,0.423632,0.432146,0
23.6,11.7,0,0.405147,0.444038,0
23.6,11.8,0,0.385981,0.455624,0
23.6,11.9,0,0.364241,0.467741,0
23.6,12,0,0.341983,0.479631,0
23.6,12.1,0,0.321446,0.490668,0
23.6,12.2,0,0.301849,0.501678,0
23.6,12.3,0,0.280468,0.513063,0
23.6,12.4,0,0.253227,0.526332,0
23.6,12.5,0,0.221745,0.539858,0
23.6,12.6,0,0.201481,0.548261,0
23.6,12.7,0,0.185745,0.554908,0
23.7,0,0,0.196006,-0.563934,0
23.7,0.1,0,0.195471,-0.563986,0
23.7,0.2,0,0.205345,-0.560125,0
23.7,0.3,0,0.245876,-0.545239,0
23.7,0.4,0,0.285877,-0.530429,0
23.7,0.5,0,0.32535,-0.515697,0
23.7,0.6,0,0.346172,-0.505104,0
23.7,0.7,0,0.360841,-0.496204,0
23.7,0.8,0,0.374531,-0.487423,0
23.7,0.9,0,0.390739,-0.478236,0
23.7,1,0,0.414863,-0.468581,0
23.7,1.1,0,0.438432,-0.458962,0
23.7,1.2,0,0.461446,-0.449378,0
23.7,1.3,0,0.480727,-0.439225,0
23.7,1.4,0,0.49871,-0.429209,0
23.7,1.5,0,0.515519,-0.419257,0
23.7,1.6,0,0.532518,-0.409245,0
23.7,1.7,0,0.550239,-0.399925,0
23.7,1.8,0,0.567412,-0.390598,0
23.7,1.9,0,0.584038,-0.381265,0
23.7,2,0,0.599789,-0.371431,0
23.7,2.1,0,0.615231,-0.361718,0
23.7,2.2,0,0.629563,-0.351941,0
23.7,2.3,0,0.643804,-0.342007,0
23.7,2.4,0,0.657756,-0.332448,0
23.7,2.5,0,0.671177,-0.322833,0
23.7,2.6,0,0.684065,-0.31316,0
23.7,2.7,0,0.696486,-0.303231,0
23.7,2.8,0,0.70873,-0.293485,0
23.7,2.9,0,0.719926,-0.283573,0
23.7,3,0,0.731018,-0.273481,0
23.7,3.1,0,0.741724,-0.263641,0
23.7,3.2,0,0.751915,-0.253698,0
23.7,3.3,0,0.761592,-0.243652,0
23.7,3.4,0,0.770896,-0.23343,0
23.7,3.5,0,0.780045,-0.223406,0
23.7,3.6,0,0.788168,-0.213148,0
23.7,3.7,0,0.796192,-0.202711,0
23.7,3.8,0,0.803826,-0.192509,0
23.7,3.9,0,0.810941,-0.182183,0
23.7,4,0,0.817539,-0.171735,0
23.7,4.1,0,0.823785,-0.161125,0
23.7,4.2,0,0.829883,-0.15072,0
23.7,4.3,0,0.834919,-0.140082,0
23.7,4.4,0,0.839843,-0.12924,0
23.7,4.5,0,0.844351,-0.118591,0
23.7,4.6,0,0.848311,-0.107846,0
23.7,4.7,0,0.851721,-0.0970052,0
23.7,4.8,0,0.854719,-0.0861984,0
23.7,4.9,0,0.857563,-0.0756773,0
23.7,5,0,0.859246,-0.0650539,0
23.7,5.1,0,0.860821,-0.0540224,0
23.7,5.2,0,0.862102,-0.0426773,0
23.7,5.3,0,0.86279,-0.0313459,0
23.7,5.4,0,0.862884,-0.0200281,0
23.7,5.5,0,0.862013,-0.00964462,0
23.7,5.6,0,0.860855,0.00013622,0
23.7,5.7,0,0.858419,0.00973293,0
23.7,5.8,0,0.856129,0.0201097,0
23.7,5.9,0,0.854507,0.0317407,0
23.7,6,0,0.852266,0.0430871,0
23.7,6.1,0,0.849406,0.0541489,0
23.7,6.2,0,0.842981,0.0628805,0
23.7,6.3,0,0.83564,0.0705816,0
23.7,6.4,0,0.827445,0.0775809,0
23.7,6.5,0,0.820692,0.0850366,0
23.7,6.6,0,0.818573,0.0933113,0
23.7,6.7,0,0.815958,0.101138,0
23.7,6.8,0,0.812846,0.108516,0
23.7,6.9,0,0.808603,0.115244,0
23.7,7,0,0.803977,0.121471,0
23.7,7.1,0,0.790405,0.13443,0
23.7,7.2,0,0.780671,0.140967,0
23.7,7.3,0,0.770237,0.146443,0
23.7,7.4,0,0.759456,0.150846,0
23.7,7.5,0,0.748708,0.154103,0
23.7,7.6,0,0.738346,0.156261,0
23.7,7.7,0,0.728641,0.15747,0
23.7,7.8,0,0.719769,0.157934,0
23.7,7.9,0,0.711817,0.157888,0
23.7,8,0,0.702701,0.157263,0
23.7,8.1,0,0.699016,0.156961,0
23.7,8.2,0,0.693775,0.156528,0
23.7,8.3,0,0.689282,0.156629,0
23.7,8.4,0,0.685414,0.15682,0
23.7,8.5,0,0.681675,0.157575,0
23.7,8.6,0,0.678881,0.159109,0
23.7,8.7,0,0.675795,0.160662,0
23.7,8.8,0,0.673128,0.163778,0
23.7,8.9,0,0.670651,0.166812,0
23.7,9,0,0.66783,0.170894,0
23.7,9.1,0,0.665144,0.175631,0
23.7,9.2,0,0.662124,0.180602,0
23.7,9.3,0,0.65862,0.186955,0
23.7,9.4,0,0.65523,0.192965,0
23.7,9.5,0,0.650587,0.200392,0
23.7,9.6,0,0.64623,0.207905,0
23.7,9.7,0,0.64087,0.215939,0
23.7,9.8,0,0.635024,0.224656,0
23.7,9.9,0,0.628955,0.233251,0
23.7,10,0,0.621369,0.242823,0
23.7,10.1,0,0.614249,0.252148,0
23.7,10.2,0,0.605261,0.262098,0
23.7,10.3,0,0.596417,0.272258,0
23.7,10.4,0,0.58656,0.282458,0
23.7,10.5,0,0.57581,0.29312,0
23.7,10.6,0,0.565079,0.303539,0
23.7,10.7,0,0.552417,0.314381,0
23.7,10.8,0,0.540342,0.325207,0
23.7,10.9,0,0.526433,0.336099,0
23.7,11,0,0.512437,0.347183,0
23.7,11.1,0,0.497613,0.358081,0
23.7,11.2,0,0.481755,0.36928,0
23.7,11.3,0,0.466216,0.380322,0
23.7,11.4,0,0.448638,0.391446,0
23.7,11.5,0,0.431178,0.402544,0
23.7,11.6,0,0.412121,0.41345,0
23.7,11.7,0,0.393706,0.424651,0
23.7,11.8,0,0.375263,0.435732,0
23.7,11.9,0,0.354674,0.44705,0
23.7,12,0,0.331255,0.45832,0
23.7,12.1,0,0.305915,0.469494,0
23.7,12.2,0,0.290376,0.479265,0
23.7,12.3,0,0.274948,0.488551,0
23.7,12.4,0,0.247161,0.501287,0
23.7,12.5,0,0.208044,0.516745,0
23.7,12.6,0,0.174826,0.529546,0
23.7,12.7,0,0.175756,0.529729,0
23.8,0,0,0.186576,-0.538657,0
23.8,0.1,0,0.193345,-0.536197,0
23.8,0.2,0,0.212897,-0.52934,0
23.8,0.3,0,0.23531,-0.521388,0
23.8,0.4,0,0.275312,-0.506578,0
23.8,0.5,0,0.304201,-0.495001,0
23.8,0.6,0,0.331419,-0.483922,0
23.8,0.7,0,0.350651,-0.47423,0
23.8,0.8,0,0.366342,-0.465503,0
23.8,0.9,0,0.385536,-0.456871,0
23.8,1,0,0.405402,-0.4481,0
23.8,1.1,0,0.428971,-0.43848,0
23.8,1.2,0,0.449702,-0.429374,0
23.8,1.3,0,0.470074,-0.420344,0
23.8,1.4,0,0.488925,-0.410686,0
23.8,1.5,0,0.505943,-0.401099,0
23.8,1.6,0,0.523327,-0.392151,0
23.8,1.7,0,0.540757,-0.383152,0
23.8,1.8,0,0.55793,-0.373825,0
23.8,1.9,0,0.574006,-0.364914,0
23.8,2,0,0.589995,-0.356069,0
23.8,2.1,0,0.605635,-0.346672,0
23.8,2.2,0,0.619894,-0.337178,0
23.8,2.3,0,0.634023,-0.328177,0
23.8,2.4,0,0.648128,-0.3191,0
23.8,2.5,0,0.661548,-0.309485,0
23.8,2.6,0,0.674113,-0.300328,0
23.8,2.7,0,0.686626,-0.291253,0
23.8,2.8,0,0.698968,-0.281752,0
23.8,2.9,0,0.710054,-0.272079,0
23.8,3,0,0.720947,-0.262826,0
23.8,3.1,0,0.731814,-0.253492,0
23.8,3.2,0,0.742005,-0.243549,0
23.8,3.3,0,0.751392,-0.234037,0
23.8,3.4,0,0.760733,-0.224609,0
23.8,3.5,0,0.769952,-0.214802,0
23.8,3.6,0,0.777958,-0.204774,0
23.8,3.7,0,0.785761,-0.195148,0
23.8,3.8,0,0.793541,-0.185444,0
23.8,3.9,0,0.800657,-0.175119,0
23.8,4,0,0.806974,-0.165217,0
23.8,4.1,0,0.813247,-0.155402,0
23.8,4.2,0,0.819408,-0.145211,0
23.8,4.3,0,0.824327,-0.134801,0
23.8,4.4,0,0.829039,-0.124789,0
23.8,4.5,0,0.833724,-0.114691,0
23.8,4.6,0,0.837684,-0.103946,0
23.8,4.7,0,0.840816,-0.0938018,0
23.8,4.8,0,0.843905,-0.0837677,0
23.8,4.9,0,0.846838,-0.0734237,0
23.8,5,0,0.848457,-0.0629294,0
23.8,5.1,0,0.849963,-0.052661,0
23.8,5.2,0,0.851439,-0.0422457,0
23.8,5.3,0,0.852126,-0.0309143,0
23.8,5.4,0,0.851753,-0.020853,0
23.8,5.5,0,0.851306,-0.0109901,0
23.8,5.6,0,0.850407,-0.00117944,0
23.8,5.7,0,0.848185,0.00847689,0
23.8,5.8,0,0.846338,0.0182376,0
23.8,5.9,0,0.844522,0.0282533,0
23.8,6,0,0.842281,0.0395997,0
23.8,6.1,0,0.838038,0.0486935,0
23.8,6.2,0,0.833575,0.0574766,0
23.8,6.3,0,0.827281,0.0655711,0
23.8,6.4,0,0.820281,0.0726452,0
23.8,6.5,0,0.815371,0.07985,0
23.8,6.6,0,0.810843,0.0872007,0
23.8,6.7,0,0.808227,0.0950273,0
23.8,6.8,0,0.80445,0.101328,0
23.8,6.9,0,0.800568,0.107459,0
23.8,7,0,0.796213,0.113651,0
23.8,7.1,0,0.783609,0.125706,0
23.8,7.2,0,0.77473,0.131875,0
23.8,7.3,0,0.765296,0.13715,0
23.8,7.4,0,0.755582,0.141524,0
23.8,7.5,0,0.74588,0.144938,0
23.8,7.6,0,0.736465,0.147431,0
23.8,7.7,0,0.727552,0.149127,0
23.8,7.8,0,0.719279,0.150187,0
23.8,7.9,0,0.711723,0.150804,0
23.8,8,0,0.702818,0.151115,0
23.8,8.1,0,0.698496,0.151264,0
23.8,8.2,0,0.693635,0.151692,0
23.8,8.3,0,0.689001,0.151954,0
23.8,8.4,0,0.68448,0.152976,0
23.8,8.5,0,0.680621,0.153905,0
23.8,8.6,0,0.676942,0.155826,0
23.8,8.7,0,0.67342,0.157636,0
23.8,8.8,0,0.670291,0.160729,0
23.8,8.9,0,0.666785,0.16388,0
23.8,9,0,0.663824,0.167897,0
23.8,9.1,0,0.660092,0.172325,0
23.8,9.2,0,0.656772,0.177263,0
23.8,9.3,0,0.652551,0.183033,0
23.8,9.4,0,0.648515,0.1888,0
23.8,9.5,0,0.643637,0.195838,0
23.8,9.6,0,0.638361,0.202602,0
23.8,9.7,0,0.632942,0.210508,0
23.8,9.8,0,0.626476,0.218211,0
23.8,9.9,0,0.620109,0.226555,0
23.8,10,0,0.612307,0.235241,0
23.8,10.1,0,0.604664,0.243916,0
23.8,10.2,0,0.595668,0.253426,0
23.8,10.3,0,0.586334,0.26246,0
23.8,10.4,0,0.576438,0.272521,0
23.8,10.5,0,0.56553,0.281971,0
23.8,10.6,0,0.554577,0.292007,0
23.8,10.7,0,0.542008,0.302031,0
23.8,10.8,0,0.529596,0.311987,0
23.8,10.9,0,0.515766,0.322495,0
23.8,11,0,0.501607,0.332405,0
23.8,11.1,0,0.486745,0.343169,0
23.8,11.2,0,0.470991,0.353205,0
23.8,11.3,0,0.455244,0.363774,0
23.8,11.4,0,0.437734,0.374171,0
23.8,11.5,0,0.420263,0.384378,0
23.8,11.6,0,0.401498,0.395024,0
23.8,11.7,0,0.382807,0.405124,0
23.8,11.8,0,0.364172,0.416034,0
23.8,11.9,0,0.342899,0.426286,0
23.8,12,0,0.320527,0.437009,0
23.8,12.1,0,0.298561,0.447176,0
23.8,12.2,0,0.27937,0.456711,0
23.8,12.3,0,0.260878,0.466617,0
23.8,12.4,0,0.233682,0.47813,0
23.8,12.5,0,0.197076,0.492692,0
23.8,12.6,0,0.17632,0.500413,0
23.8,12.7,0,0.165767,0.50455,0
23.9,0,0,0.177814,-0.513259,0
23.9,0.1,0,0.184596,-0.510854,0
23.9,0.2,0,0.204148,-0.503997,0
23.9,0.3,0,0.226316,-0.496334,0
23.9,0.4,0,0.264522,-0.483715,0
23.9,0.5,0,0.293167,-0.472446,0
23.9,0.6,0,0.320385,-0.461367,0
23.9,0.7,0,0.341088,-0.452152,0
23.9,0.8,0,0.358242,-0.443958,0
23.9,0.9,0,0.377436,-0.435326,0
23.9,1,0,0.397159,-0.42677,0
23.9,1.1,0,0.419699,-0.418749,0
23.9,1.2,0,0.440293,-0.409865,0
23.9,1.3,0,0.460664,-0.400834,0
23.9,1.4,0,0.479872,-0.392109,0
23.9,1.5,0,0.497276,-0.383481,0
23.9,1.6,0,0.51466,-0.374532,0
23.9,1.7,0,0.532059,-0.36571,0
23.9,1.8,0,0.549047,-0.357725,0
23.9,1.9,0,0.565103,-0.349003,0
23.9,2,0,0.581092,-0.340158,0
23.9,2.1,0,0.596707,-0.331621,0
23.9,2.2,0,0.611018,-0.323078,0
23.9,2.3,0,0.625147,-0.314077,0
23.9,2.4,0,0.639226,-0.305162,0
23.9,2.5,0,0.652527,-0.296842,0
23.9,2.6,0,0.665085,-0.287878,0
23.9,2.7,0,0.677599,-0.278803,0
23.9,2.8,0,0.689815,-0.270022,0
23.9,2.9,0,0.700891,-0.261274,0
23.9,3,0,0.711784,-0.25202,0
23.9,3.1,0,0.722617,-0.242827,0
23.9,3.2,0,0.732663,-0.234121,0
23.9,3.3,0,0.742044,-0.224805,0
23.9,3.4,0,0.751385,-0.215377,0
23.9,3.5,0,0.760437,-0.206199,0
23.9,3.6,0,0.768426,-0.197097,0
23.9,3.7,0,0.776229,-0.187471,0
23.9,3.8,0,0.783971,-0.177897,0
23.9,3.9,0,0.790939,-0.168781,0
23.9,4,0,0.797255,-0.159078,0
23.9,4.1,0,0.803527,-0.149262,0
23.9,4.2,0,0.809515,-0.139693,0
23.9,4.3,0,0.814447,-0.130219,0
23.9,4.4,0,0.819159,-0.120208,0
23.9,4.5,0,0.823812,-0.11025,0
23.9,4.6,0,0.827696,-0.100768,0
23.9,4.7,0,0.83084,-0.0908274,0
23.9,4.8,0,0.833929,-0.0807933,0
23.9,4.9,0,0.836737,-0.0711175,0
23.9,5,0,0.838461,-0.0615269,0
23.9,5.1,0,0.839967,-0.0512585,0
23.9,5.2,0,0.841435,-0.0410291,0
23.9,5.3,0,0.842261,-0.0311961,0
23.9,5.4,0,0.841933,-0.0213576,0
23.9,5.5,0,0.841486,-0.0114947,0
23.9,5.6,0,0.840629,-0.00233351,0
23.9,5.7,0,0.838736,0.00658449,0
23.9,5.8,0,0.836889,0.0163452,0
23.9,5.9,0,0.835097,0.0260913,0
23.9,6,0,0.833254,0.0355005,0
23.9,6.1,0,0.829094,0.0443356,0
23.9,6.2,0,0.824631,0.0531187,0
23.9,6.3,0,0.819359,0.0609417,0
23.9,6.4,0,0.813591,0.0678753,0
23.9,6.5,0,0.808682,0.0750801,0
23.9,6.6,0,0.804035,0.0822376,0
23.9,6.7,0,0.800777,0.0888536,0
23.9,6.8,0,0.796943,0.0950176,0
23.9,6.9,0,0.793061,0.101148,0
23.9,7,0,0.789057,0.106507,0
23.9,7.1,0,0.77729,0.117757,0
23.9,7.2,0,0.769125,0.123594,0
23.9,7.3,0,0.760512,0.12867,0
23.9,7.4,0,0.751666,0.132986,0
23.9,7.5,0,0.742815,0.136492,0
23.9,7.6,0,0.734174,0.139224,0
23.9,7.7,0,0.72591,0.14128,0
23.9,7.8,0,0.718137,0.142794,0
23.9,7.9,0,0.710922,0.14392,0
23.9,8,0,0.702219,0.144959,0
23.9,8.1,0,0.697842,0.145659,0
23.9,8.2,0,0.692961,0.146174,0
23.9,8.3,0,0.687906,0.147409,0
23.9,8.4,0,0.683385,0.148431,0
23.9,8.5,0,0.678784,0.149947,0
23.9,8.6,0,0.674953,0.151972,0
23.9,8.7,0,0.670938,0.153907,0
23.9,8.8,0,0.667153,0.157124,0
23.9,8.9,0,0.663606,0.16027,0
23.9,9,0,0.659447,0.164099,0
23.9,9.1,0,0.655714,0.168527,0
23.9,9.2,0,0.651413,0.173006,0
23.9,9.3,0,0.646967,0.178646,0
23.9,9.4,0,0.64245,0.18407,0
23.9,9.5,0,0.636961,0.190532,0
23.9,9.6,0,0.631685,0.197296,0
23.9,9.7,0,0.625334,0.204027,0
23.9,9.8,0,0.618868,0.211729,0
23.9,9.9,0,0.611897,0.219069,0
23.9,10,0,0.603944,0.227397,0
23.9,10.1,0,0.596054,0.235581,0
23.9,10.2,0,0.586725,0.244094,0
23.9,10.3,0,0.577391,0.253128,0
23.9,10.4,0,0.567071,0.261619,0
23.9,10.5,0,0.556162,0.27107,0
23.9,10.6,0,0.544969,0.280008,0
23.9,10.7,0,0.532351,0.289521,0
23.9,10.8,0,0.519856,0.299034,0
23.9,10.9,0,0.505915,0.308349,0
23.9,11,0,0.491755,0.31826,0
23.9,11.1,0,0.4768,0.327411,0
23.9,11.2,0,0.461046,0.337447,0
23.9,11.3,0,0.4452,0.346997,0
23.9,11.4,0,0.427671,0.356781,0
23.9,11.5,0,0.41022,0.366659,0
23.9,11.6,0,0.391573,0.376086,0
23.9,11.7,0,0.372882,0.386186,0
23.9,11.8,0,0.353776,0.395638,0
23.9,11.9,0,0.332488,0.405843,0
23.9,12,0,0.310705,0.415618,0
23.9,12.1,0,0.289244,0.425083,0
23.9,12.2,0,0.269772,0.434488,0
23.9,12.3,0,0.24971,0.443733,0
23.9,12.4,0,0.222513,0.455246,0
23.9,12.5,0,0.187699,0.467853,0
23.9,12.6,0,0.167125,0.47539,0
23.9,12.7,0,0.15654,0.479469,0
24,0,0,0.169721,-0.487738,0
24,0.1,0,0.169205,-0.487878,0
24,0.2,0,0.178361,-0.484965,0
24,0.3,0,0.217096,-0.4722,0
24,0.4,0,0.255303,-0.459581,0
24,0.5,0,0.292981,-0.447108,0
24,0.6,0,0.315171,-0.438121,0
24,0.7,0,0.332152,-0.429971,0
24,0.8,0,0.348141,-0.422027,0
24,0.9,0,0.36601,-0.414246,0
24,1,0,0.389087,-0.406166,0
24,1.1,0,0.411628,-0.398145,0
24,1.2,0,0.433631,-0.390185,0
24,1.3,0,0.453008,-0.382028,0
24,1.4,0,0.47155,-0.373477,0
24,1.5,0,0.488966,-0.365032,0
24,1.6,0,0.506426,-0.356921,0
24,1.7,0,0.523924,-0.348901,0
24,1.8,0,0.540912,-0.340916,0
24,1.9,0,0.557389,-0.332966,0
24,2,0,0.573044,-0.324926,0
24,2.1,0,0.588445,-0.316564,0
24,2.2,0,0.602861,-0.308282,0
24,2.3,0,0.617099,-0.30019,0
24,2.4,0,0.630857,-0.291814,0
24,2.5,0,0.644158,-0.283494,0
24,2.6,0,0.657001,-0.275232,0
24,2.7,0,0.669225,-0.266909,0
24,2.8,0,0.681271,-0.258295,0
24,2.9,0,0.692451,-0.249836,0
24,3,0,0.703427,-0.241488,0
24,3.1,0,0.713883,-0.232683,0
24,3.2,0,0.723929,-0.223976,0
24,3.3,0,0.733565,-0.215369,0
24,3.4,0,0.742613,-0.206633,0
24,3.5,0,0.751499,-0.197598,0
24,3.6,0,0.759596,-0.188794,0
24,3.7,0,0.767482,-0.180072,0
24,3.8,0,0.774836,-0.170829,0
24,3.9,0,0.781805,-0.161712,0
24,4,0,0.788388,-0.152721,0
24,4.1,0,0.79438,-0.143595,0
24,4.2,0,0.800205,-0.134166,0
24,4.3,0,0.805261,-0.124999,0
24,4.4,0,0.810106,-0.115918,0
24,4.5,0,0.814378,-0.106304,0
24,4.6,0,0.818262,-0.0968216,0
24,4.7,0,0.821758,-0.0874719,0
24,4.8,0,0.824612,-0.0782296,0
24,4.9,0,0.82726,-0.0687584,0
24,5,0,0.829108,-0.0595553,0
24,5.1,0,0.83081,-0.0503724,0
24,5.2,0,0.832036,-0.0403903,0
24,5.3,0,0.832862,-0.0305573,0
24,5.4,0,0.833288,-0.0208734,0
24,5.5,0,0.832613,-0.0120862,0
24,5.6,0,0.831523,-0.00332599,0
24,5.7,0,0.829602,0.00511048,0
24,5.8,0,0.827854,0.0136237,0
24,5.9,0,0.826414,0.0232778,0
24,6,0,0.82457,0.032687,0
24,6.1,0,0.822323,0.0418513,0
24,6.2,0,0.817611,0.0494189,0
24,6.3,0,0.811876,0.0566934,0
24,6.4,0,0.805618,0.063472,0
24,6.5,0,0.800269,0.0701473,0
24,6.6,0,0.797284,0.0770049,0
24,6.7,0,0.794026,0.0836209,0
24,6.8,0,0.790495,0.0899953,0
24,6.9,0,0.786583,0.0951233,0
24,7,0,0.78251,0.100041,0
24,7.1,0,0.771447,0.110585,0
24,7.2,0,0.763853,0.116124,0
24,7.3,0,0.755883,0.121005,0
24,7.4,0,0.747709,0.125232,0
24,7.5,0,0.739514,0.128766,0
24,7.6,0,0.731471,0.131639,0
24,7.7,0,0.723717,0.133931,0
24,7.8,0,0.716345,0.135754,0
24,7.9,0,0.709413,0.137236,0
24,8,0,0.700904,0.138795,0
24,8.1,0,0.697091,0.139783,0
24,8.2,0,0.691573,0.14076,0
24,8.3,0,0.686486,0.142135,0
24,8.4,0,0.68161,0.143647,0
24,8.5,0,0.676886,0.145205,0
24,8.6,0,0.672612,0.147624,0
24,8.7,0,0.668219,0.149508,0
24,8.8,0,0.664173,0.15288,0
24,8.9,0,0.659902,0.155847,0
24,9,0,0.655643,0.159693,0
24,9.1,0,0.651186,0.163896,0
24,9.2,0,0.646683,0.1682,0
24,9.3,0,0.641642,0.173626,0
24,9.4,0,0.636742,0.178563,0
24,9.5,0,0.630973,0.184893,0
24,9.6,0,0.625115,0.190844,0
24,9.7,0,0.618686,0.197502,0
24,9.8,0,0.611668,0.204434,0
24,9.9,0,0.604583,0.211426,0
24,10,0,0.596217,0.219187,0
24,10.1,0,0.588154,0.226612,0
24,10.2,0,0.578635,0.234841,0
24,10.3,0,0.569052,0.242797,0
24,10.4,0,0.558698,0.25116,0
24,10.5,0,0.547491,0.259586,0
24,10.6,0,0.536308,0.268096,0
24,10.7,0,0.52344,0.276935,0
24,10.8,0,0.51098,0.285566,0
24,10.9,0,0.496923,0.294568,0
24,11,0,0.482728,0.30334,0
24,11.1,0,0.467785,0.312347,0
24,11.2,0,0.451837,0.321263,0
24,11.3,0,0.436096,0.330365,0
24,11.4,0,0.418463,0.339557,0
24,11.5,0,0.401105,0.348456,0
24,11.6,0,0.382233,0.357573,0
24,11.7,0,0.363516,0.366599,0
24,11.8,0,0.344496,0.375909,0
24,11.9,0,0.323846,0.385058,0
24,12,0,0.301656,0.394332,0
24,12.1,0,0.277654,0.403646,0
24,12.2,0,0.260257,0.411982,0
24,12.3,0,0.242678,0.420381,0
24,12.4,0,0.215081,0.430978,0
24,12.5,0,0.178258,0.443899,0
24,12.6,0,0.147221,0.454439,0
24,12.7,0,0.148075,0.454487,0
24.1,0,0,0.161628,-0.462218,0
24.1,0.1,0,0.174192,-0.45833,0
24.1,0.2,0,0.192859,-0.452562,0
24.1,0.3,0,0.211526,-0.446794,0
24.1,0.4,0,0.244222,-0.43598,0
24.1,0.5,0,0.271663,-0.426435,0
24.1,0.6,0,0.299103,-0.416891,0
24.1,0.7,0,0.323216,-0.40779,0
24.1,0.8,0,0.341853,-0.400222,0
24.1,0.9,0,0.361726,-0.392829,0
24.1,1,0,0.381599,-0.385437,0
24.1,1.1,0,0.403224,-0.377629,0
24.1,1.2,0,0.423399,-0.370148,0
24.1,1.3,0,0.443574,-0.362667,0
24.1,1.4,0,0.463229,-0.354845,0
24.1,1.5,0,0.480723,-0.347033,0
24.1,1.6,0,0.498253,-0.339516,0
24.1,1.7,0,0.515783,-0.331999,0
24.1,1.8,0,0.532669,-0.324194,0
24.1,1.9,0,0.548559,-0.316727,0
24.1,2,0,0.564449,-0.30926,0
24.1,2.1,0,0.580184,-0.301508,0
24.1,2.2,0,0.594347,-0.293651,0
24.1,2.3,0,0.608392,-0.285993,0
24.1,2.4,0,0.622437,-0.278335,0
24.1,2.5,0,0.635705,-0.27023,0
24.1,2.6,0,0.64808,-0.26243,0
24.1,2.7,0,0.660456,-0.254629,0
24.1,2.8,0,0.672726,-0.246569,0
24.1,2.9,0,0.683609,-0.238416,0
24.1,3,0,0.694354,-0.230404,0
24.1,3.1,0,0.705098,-0.222393,0
24.1,3.2,0,0.715113,-0.213902,0
24.1,3.3,0,0.724294,-0.205687,0
24.1,3.4,0,0.733475,-0.197472,0
24.1,3.5,0,0.742562,-0.188996,0
24.1,3.6,0,0.750353,-0.180453,0
24.1,3.7,0,0.758001,-0.172032,0
24.1,3.8,0,0.765649,-0.163611,0
24.1,3.9,0,0.772589,-0.154714,0
24.1,4,0,0.778724,-0.14611,0
24.1,4.1,0,0.784858,-0.137506,0
24.1,4.2,0,0.790895,-0.128639,0
24.1,4.3,0,0.79565,-0.119743,0
24.1,4.4,0,0.800266,-0.110973,0
24.1,4.5,0,0.804881,-0.102203,0
24.1,4.6,0,0.808747,-0.0929774,0
24.1,4.7,0,0.811802,-0.0841906,0
24.1,4.8,0,0.814857,-0.0754039,0
24.1,4.9,0,0.817783,-0.0663994,0
24.1,5,0,0.81944,-0.0573915,0
24.1,5.1,0,0.821008,-0.0484746,0
24.1,5.2,0,0.822576,-0.0395578,0
24.1,5.3,0,0.823347,-0.030119,0
24.1,5.4,0,0.823129,-0.0215378,0
24.1,5.5,0,0.822911,-0.0129566,0
24.1,5.6,0,0.822416,-0.00431847,0
24.1,5.7,0,0.820772,0.00404531,0
24.1,5.8,0,0.819258,0.0123751,0
24.1,5.9,0,0.817744,0.020705,0
24.1,6,0,0.815656,0.0295991,0
24.1,6.1,0,0.812137,0.0372549,0
24.1,6.2,0,0.808617,0.0449106,0
24.1,6.3,0,0.804393,0.052445,0
24.1,6.4,0,0.799447,0.0589869,0
24.1,6.5,0,0.795113,0.0654183,0
24.1,6.6,0,0.790778,0.0718497,0
24.1,6.7,0,0.78724,0.0781677,0
24.1,6.8,0,0.783518,0.0833294,0
24.1,6.9,0,0.779796,0.0884911,0
24.1,7,0,0.775963,0.0935753,0
24.1,7.1,0,0.765604,0.103412,0
24.1,7.2,0,0.758582,0.108654,0
24.1,7.3,0,0.751255,0.113339,0
24.1,7.4,0,0.743753,0.117478,0
24.1,7.5,0,0.736214,0.121041,0
24.1,7.6,0,0.728769,0.124054,0
24.1,7.7,0,0.721523,0.126582,0
24.1,7.8,0,0.714552,0.128714,0
24.1,7.9,0,0.707904,0.130551,0
24.1,8,0,0.69959,0.13263,0
24.1,8.1,0,0.694934,0.133914,0
24.1,8.2,0,0.69005,0.135278,0
24.1,8.3,0,0.6849,0.13679,0
24.1,8.4,0,0.679782,0.138598,0
24.1,8.5,0,0.674936,0.140456,0
24.1,8.6,0,0.670189,0.142823,0
24.1,8.7,0,0.6655,0.14511,0
24.1,8.8,0,0.660972,0.148243,0
24.1,8.9,0,0.656291,0.15137,0
24.1,9,0,0.651698,0.155061,0
24.1,9.1,0,0.646765,0.159041,0
24.1,9.2,0,0.641933,0.163369,0
24.1,9.3,0,0.636449,0.168207,0
24.1,9.4,0,0.631034,0.173057,0
24.1,9.5,0,0.624971,0.178803,0
24.1,9.6,0,0.618675,0.184438,0
24.1,9.7,0,0.612004,0.190716,0
24.1,9.8,0,0.604679,0.197047,0
24.1,9.9,0,0.597269,0.203783,0
24.1,10,0,0.588747,0.210701,0
24.1,10.1,0,0.580254,0.217643,0
24.1,10.2,0,0.57069,0.22523,0
24.1,10.3,0,0.560836,0.232585,0
24.1,10.4,0,0.55036,0.240466,0
24.1,10.5,0,0.539081,0.248152,0
24.1,10.6,0,0.527646,0.256184,0
24.1,10.7,0,0.514869,0.264168,0
24.1,10.8,0,0.502103,0.272099,0
24.1,10.9,0,0.488137,0.280514,0
24.1,11,0,0.473824,0.288581,0
24.1,11.1,0,0.45883,0.29708,0
24.1,11.2,0,0.442964,0.305257,0
24.1,11.3,0,0.426992,0.313733,0
24.1,11.4,0,0.409485,0.322066,0
24.1,11.5,0,0.391995,0.330284,0
24.1,11.6,0,0.373387,0.338927,0
24.1,11.7,0,0.354504,0.347241,0
24.1,11.8,0,0.33507,0.356001,0
24.1,11.9,0,0.314025,0.364409,0
24.1,12,0,0.292607,0.373046,0
24.1,12.1,0,0.271561,0.381369,0
24.1,12.2,0,0.251093,0.389498,0
24.1,12.3,0,0.228775,0.39856,0
24.1,12.4,0,0.201666,0.408377,0
24.1,12.5,0,0.17154,0.418984,0
24.1,12.6,0,0.153564,0.424868,0
24.1,12.7,0,0.139611,0.429505,0
24.2,0,0,0.154545,-0.436307,0
24.2,0.1,0,0.154876,-0.436301,0
24.2,0.2,0,0.173543,-0.430534,0
24.2,0.3,0,0.200569,-0.422529,0
24.2,0.4,0,0.237031,-0.412077,0
24.2,0.5,0,0.268301,-0.402228,0
24.2,0.6,0,0.295742,-0.392683,0
24.2,0.7,0,0.315334,-0.385384,0
24.2,0.8,0,0.33342,-0.378435,0
24.2,0.9,0,0.353293,-0.371043,0
24.2,1,0,0.374364,-0.364072,0
24.2,1.1,0,0.39622,-0.357628,0
24.2,1.2,0,0.416863,-0.350629,0
24.2,1.3,0,0.437038,-0.343148,0
24.2,1.4,0,0.456112,-0.336229,0
24.2,1.5,0,0.473733,-0.329175,0
24.2,1.6,0,0.491263,-0.321659,0
24.2,1.7,0,0.508778,-0.314631,0
24.2,1.8,0,0.525608,-0.308009,0
24.2,1.9,0,0.541621,-0.300843,0
24.2,2,0,0.557511,-0.293376,0
24.2,2.1,0,0.573023,-0.286689,0
24.2,2.2,0,0.587191,-0.279442,0
24.2,2.3,0,0.601236,-0.271784,0
24.2,2.4,0,0.615161,-0.264575,0
24.2,2.5,0,0.628297,-0.257522,0
24.2,2.6,0,0.640727,-0.249889,0
24.2,2.7,0,0.653102,-0.242088,0
24.2,2.8,0,0.665201,-0.235205,0
24.2,2.9,0,0.676014,-0.227441,0
24.2,3,0,0.686758,-0.21943,0
24.2,3.1,0,0.69739,-0.211877,0
24.2,3.2,0,0.707256,-0.204371,0
24.2,3.3,0,0.716462,-0.196249,0
24.2,3.4,0,0.725643,-0.188034,0
24.2,3.5,0,0.734606,-0.180781,0
24.2,3.6,0,0.742291,-0.172526,0
24.2,3.7,0,0.749939,-0.164104,0
24.2,3.8,0,0.757499,-0.156139,0
24.2,3.9,0,0.764311,-0.148218,0
24.2,4,0,0.770462,-0.139695,0
24.2,4.1,0,0.776597,-0.131091,0
24.2,4.2,0,0.782575,-0.123421,0
24.2,4.3,0,0.787236,-0.114876,0
24.2,4.4,0,0.791852,-0.106106,0
24.2,4.5,0,0.796408,-0.0977558,0
24.2,4.6,0,0.800228,-0.0895364,0
24.2,4.7,0,0.803328,-0.0808383,0
24.2,4.8,0,0.806383,-0.0720516,0
24.2,4.9,0,0.809334,-0.0641663,0
24.2,5,0,0.810924,-0.0557676,0
24.2,5.1,0,0.812492,-0.0468507,0
24.2,5.2,0,0.814079,-0.0382319,0
24.2,5.3,0,0.815009,-0.0298429,0
24.2,5.4,0,0.815003,-0.0212909,0
24.2,5.5,0,0.814786,-0.0127097,0
24.2,5.6,0,0.814346,-0.00514253,0
24.2,5.7,0,0.812566,0.0023854,0
24.2,5.8,0,0.811052,0.0107152,0
24.2,5.9,0,0.809799,0.0188971,0
24.2,6,0,0.808213,0.0267046,0
24.2,6.1,0,0.805278,0.0343399,0
24.2,6.2,0,0.801759,0.0419957,0
24.2,6.3,0,0.797669,0.0487474,0
24.2,6.4,0,0.792524,0.0548153,0
24.2,6.5,0,0.78819,0.0612467,0
24.2,6.6,0,0.784491,0.0675343,0
24.2,6.7,0,0.781059,0.0732377,0
24.2,6.8,0,0.777245,0.0784584,0
24.2,6.9,0,0.773523,0.0836201,0
24.2,7,0,0.77023,0.0879741,0
24.2,7.1,0,0.76044,0.097236,0
24.2,7.2,0,0.753854,0.102231,0
24.2,7.3,0,0.747002,0.106743,0
24.2,7.4,0,0.73999,0.110782,0
24.2,7.5,0,0.732926,0.114326,0
24.2,7.6,0,0.725915,0.117399,0
24.2,7.7,0,0.719044,0.120055,0
24.2,7.8,0,0.712374,0.122365,0
24.2,7.9,0,0.705946,0.124416,0
24.2,8,0,0.697798,0.126816,0
24.2,8.1,0,0.693337,0.127774,0
24.2,8.2,0,0.688264,0.129447,0
24.2,8.3,0,0.682794,0.131235,0
24.2,8.4,0,0.677675,0.133044,0
24.2,8.5,0,0.672531,0.135355,0
24.2,8.6,0,0.667627,0.137572,0
24.2,8.7,0,0.662804,0.140267,0
24.2,8.8,0,0.657755,0.143036,0
24.2,8.9,0,0.653028,0.146249,0
24.2,9,0,0.647749,0.149641,0
24.2,9.1,0,0.642791,0.153594,0
24.2,9.2,0,0.637436,0.157708,0
24.2,9.3,0,0.631701,0.162249,0
24.2,9.4,0,0.626134,0.167081,0
24.2,9.5,0,0.619494,0.172089,0
24.2,9.6,0,0.613181,0.177691,0
24.2,9.7,0,0.605941,0.18312,0
24.2,9.8,0,0.59856,0.189367,0
24.2,9.9,0,0.590874,0.195414,0
24.2,10,0,0.582094,0.201889,0
24.2,10.1,0,0.573605,0.208577,0
24.2,10.2,0,0.563617,0.215151,0
24.2,10.3,0,0.553785,0.222428,0
24.2,10.4,0,0.543046,0.229163,0
24.2,10.5,0,0.531697,0.236706,0
24.2,10.6,0,0.520264,0.24386,0
24.2,10.7,0,0.507269,0.251277,0
24.2,10.8,0,0.494618,0.258878,0
24.2,10.9,0,0.480397,0.266127,0
24.2,11,0,0.466111,0.274121,0
24.2,11.1,0,0.451077,0.281345,0
24.2,11.2,0,0.435131,0.28933,0
24.2,11.3,0,0.419279,0.296879,0
24.2,11.4,0,0.401604,0.304595,0
24.2,11.5,0,0.384226,0.312452,0
24.2,11.6,0,0.365391,0.319875,0
24.2,11.7,0,0.346523,0.328154,0
24.2,11.8,0,0.327133,0.335674,0
24.2,11.9,0,0.306161,0.343885,0
24.2,12,0,0.284854,0.351603,0
24.2,12.1,0,0.26271,0.359405,0
24.2,12.2,0,0.242952,0.367218,0
24.2,12.3,0,0.222887,0.374758,0
24.2,12.4,0,0.195778,0.384575,0
24.2,12.5,0,0.161282,0.39513,0
24.2,12.6,0,0.138149,0.40244,0
24.2,12.7,0,0.132225,0.40445,0
24.3,0,0,0.147798,-0.410266,0
24.3,0.1,0,0.147256,-0.410535,0
24.3,0.2,0,0.160089,-0.407225,0
24.3,0.3,0,0.19278,-0.397908,0
24.3,0.4,0,0.229242,-0.387456,0
24.3,0.5,0,0.263239,-0.377776,0
24.3,0.6,0,0.288585,-0.370096,0
24.3,0.7,0,0.307804,-0.362904,0
24.3,0.8,0,0.325805,-0.355976,0
24.3,0.9,0,0.345722,-0.349722,0
24.3,1,0,0.367805,-0.343363,0
24.3,1.1,0,0.389662,-0.33692,0
24.3,1.2,0,0.410604,-0.330632,0
24.3,1.3,0,0.430375,-0.32451,0
24.3,1.4,0,0.449397,-0.317618,0
24.3,1.5,0,0.467022,-0.310586,0
24.3,1.6,0,0.484623,-0.304338,0
24.3,1.7,0,0.502142,-0.298008,0
24.3,1.8,0,0.518972,-0.291386,0
24.3,1.9,0,0.535044,-0.284767,0
24.3,2,0,0.550736,-0.278598,0
24.3,2.1,0,0.56623,-0.271948,0
24.3,2.2,0,0.580403,-0.264721,0
24.3,2.3,0,0.594384,-0.258212,0
24.3,2.4,0,0.608193,-0.251639,0
24.3,2.5,0,0.62133,-0.244587,0
24.3,2.6,0,0.633758,-0.237372,0
24.3,2.7,0,0.645929,-0.230801,0
24.3,2.8,0,0.658015,-0.223962,0
24.3,2.9,0,0.668831,-0.21621,0
24.3,3,0,0.679467,-0.209191,0
24.3,3.1,0,0.689981,-0.202248,0
24.3,3.2,0,0.699847,-0.194741,0
24.3,3.3,0,0.709031,-0.18696,0
24.3,3.4,0,0.718024,-0.179902,0
24.3,3.5,0,0.726978,-0.172695,0
24.3,3.6,0,0.734664,-0.164448,0
24.3,3.7,0,0.74221,-0.15693,0
24.3,3.8,0,0.749672,-0.149552,0
24.3,3.9,0,0.756484,-0.14163,0
24.3,4,0,0.762618,-0.133427,0
24.3,4.1,0,0.768615,-0.125931,0
24.3,4.2,0,0.774586,-0.118305,0
24.3,4.3,0,0.779249,-0.109771,0
24.3,4.4,0,0.783819,-0.101908,0
24.3,4.5,0,0.788316,-0.0941144,0
24.3,4.6,0,0.792136,-0.085895,0
24.3,4.7,0,0.795264,-0.077518,0
24.3,4.8,0,0.798283,-0.0698175,0
24.3,4.9,0,0.801229,-0.0619751,0
24.3,5,0,0.80282,-0.0536011,0
24.3,5.1,0,0.804441,-0.0457039,0
24.3,5.2,0,0.806055,-0.0375661,0
24.3,5.3,0,0.806985,-0.029177,0
24.3,5.4,0,0.807182,-0.0209015,0
24.3,5.5,0,0.807071,-0.0134293,0
24.3,5.6,0,0.806621,-0.00591047,0
24.3,5.7,0,0.804829,0.00157928,0
24.3,5.8,0,0.803455,0.00883226,0
24.3,5.9,0,0.802453,0.0166456,0
24.3,6,0,0.800867,0.0244532,0
24.3,6.1,0,0.798497,0.0318487,0
24.3,6.2,0,0.795316,0.0385246,0
24.3,6.3,0,0.791199,0.0452333,0
24.3,6.4,0,0.786015,0.0512839,0
24.3,6.5,0,0.781846,0.0571045,0
24.3,6.6,0,0.778715,0.0631331,0
24.3,6.7,0,0.775283,0.0688364,0
24.3,6.8,0,0.771461,0.0739357,0
24.3,6.9,0,0.768041,0.0783457,0
24.3,7,0,0.764769,0.0826613,0
24.3,7.1,0,0.755503,0.0913916,0
24.3,7.2,0,0.749306,0.0961569,0
24.3,7.3,0,0.742875,0.100502,0
24.3,7.4,0,0.736291,0.104438,0
24.3,7.5,0,0.729642,0.107949,0
24.3,7.6,0,0.723012,0.111054,0
24.3,7.7,0,0.716469,0.113801,0
24.3,7.8,0,0.710066,0.116247,0
24.3,7.9,0,0.703837,0.118465,0
24.3,8,0,0.695847,0.121118,0
24.3,8.1,0,0.691528,0.122003,0
24.3,8.2,0,0.686321,0.124116,0
24.3,8.3,0,0.680849,0.125901,0
24.3,8.4,0,0.675458,0.127979,0
24.3,8.5,0,0.670313,0.130334,0
24.3,8.6,0,0.66505,0.132508,0
24.3,8.7,0,0.660083,0.135345,0
24.3,8.8,0,0.654844,0.137981,0
24.3,8.9,0,0.649669,0.141175,0
24.3,9,0,0.64439,0.144566,0
24.3,9.1,0,0.638761,0.148088,0
24.3,9.2,0,0.633385,0.152221,0
24.3,9.3,0,0.627198,0.156294,0
24.3,9.4,0,0.621403,0.160935,0
24.3,9.5,0,0.614593,0.165713,0
24.3,9.6,0,0.607828,0.170666,0
24.3,9.7,0,0.600588,0.176096,0
24.3,9.8,0,0.592675,0.181331,0
24.3,9.9,0,0.584987,0.187328,0
24.3,10,0,0.575909,0.193103,0
24.3,10.1,0,0.567287,0.199277,0
24.3,10.2,0,0.557187,0.20564,0
24.3,10.3,0,0.547136,0.211796,0
24.3,10.4,0,0.536398,0.218531,0
24.3,10.5,0,0.524767,0.224784,0
24.3,10.6,0,0.51338,0.231804,0
24.3,10.7,0,0.500231,0.238485,0
24.3,10.8,0,0.487573,0.245327,0
24.3,10.9,0,0.473286,0.252416,0
24.3,11,0,0.458965,0.259029,0
24.3,11.1,0,0.443931,0.266253,0
24.3,11.2,0,0.427841,0.272923,0
24.3,11.3,0,0.412055,0.280208,0
24.3,11.4,0,0.394294,0.287272,0
24.3,11.5,0,0.376953,0.2942,0
24.3,11.6,0,0.358055,0.301515,0
24.3,11.7,0,0.339091,0.308334,0
24.3,11.8,0,0.319701,0.315854,0
24.3,11.9,0,0.298835,0.322895,0
24.3,12,0,0.277485,0.330224,0
24.3,12.1,0,0.254588,0.337618,0
24.3,12.2,0,0.23494,0.344576,0
24.3,12.3,0,0.215284,0.351977,0
24.3,12.4,0,0.187892,0.360464,0
24.3,12.5,0,0.153334,0.371024,0
24.3,12.6,0,0.126948,0.378818,0
24.3,12.7,0,0.125198,0.37937,0
24.4,0,0,0.141051,-0.384225,0
24.4,0.1,0,0.158899,-0.379573,0
24.4,0.2,0,0.176747,-0.374921,0
24.4,0.3,0,0.194595,-0.370269,0
24.4,0.4,0,0.217342,-0.364011,0
24.4,0.5,0,0.244986,-0.356149,0
24.4,0.6,0,0.27263,-0.348286,0
24.4,0.7,0,0.300274,-0.340423,0
24.4,0.8,0,0.32091,-0.334423,0
24.4,0.9,0,0.341547,-0.328422,0
24.4,1,0,0.362183,-0.322422,0
24.4,1.1,0,0.382527,-0.316505,0
24.4,1.2,0,0.402579,-0.310672,0
24.4,1.3,0,0.42263,-0.30484,0
24.4,1.4,0,0.442682,-0.299007,0
24.4,1.5,0,0.460274,-0.293052,0
24.4,1.6,0,0.477866,-0.287097,0
24.4,1.7,0,0.495458,-0.281142,0
24.4,1.8,0,0.512138,-0.275171,0
24.4,1.9,0,0.527904,-0.269183,0
24.4,2,0,0.54367,-0.263195,0
24.4,2.1,0,0.559436,-0.257208,0
24.4,2.2,0,0.573345,-0.250968,0
24.4,2.3,0,0.587253,-0.244728,0
24.4,2.4,0,0.601162,-0.238488,0
24.4,2.5,0,0.614218,-0.232132,0
24.4,2.6,0,0.626421,-0.225661,0
24.4,2.7,0,0.638625,-0.21919,0
24.4,2.8,0,0.650829,-0.212719,0
24.4,2.9,0,0.661398,-0.205976,0
24.4,3,0,0.671967,-0.199232,0
24.4,3.1,0,0.682536,-0.192489,0
24.4,3.2,0,0.692324,-0.185616,0
24.4,3.3,0,0.701333,-0.178614,0
24.4,3.4,0,0.710341,-0.171611,0
24.4,3.5,0,0.719349,-0.164609,0
24.4,3.6,0,0.726842,-0.157365,0
24.4,3.7,0,0.734334,-0.150121,0
24.4,3.8,0,0.741826,-0.142877,0
24.4,3.9,0,0.748576,-0.135531,0
24.4,4,0,0.754583,-0.128084,0
24.4,4.1,0,0.760589,-0.120637,0
24.4,4.2,0,0.766596,-0.11319,0
24.4,4.3,0,0.771131,-0.105578,0
24.4,4.4,0,0.775665,-0.0979666,0
24.4,4.5,0,0.780199,-0.0903551,0
24.4,4.6,0,0.783989,-0.0827257,0
24.4,4.7,0,0.787034,-0.0750785,0
24.4,4.8,0,0.790079,-0.0674312,0
24.4,4.9,0,0.793124,-0.0597839,0
24.4,5,0,0.794756,-0.0520656,0
24.4,5.1,0,0.796389,-0.0443472,0
24.4,5.2,0,0.798021,-0.0366289,0
24.4,5.3,0,0.798845,-0.0290424,0
24.4,5.4,0,0.798862,-0.0215877,0
24.4,5.5,0,0.798879,-0.0141331,0
24.4,5.6,0,0.798896,-0.0066784,0
24.4,5.7,0,0.797679,0.000485803,0
24.4,5.8,0,0.796462,0.00765,0
24.4,5.9,0,0.795245,0.0148142,0
24.4,6,0,0.793221,0.0217281,0
24.4,6.1,0,0.79039,0.0283918,0
24.4,6.2,0,0.787559,0.0350555,0
24.4,6.3,0,0.784728,0.0417192,0
24.4,6.4,0,0.78094,0.0474535,0
24.4,6.5,0,0.777152,0.0531879,0
24.4,6.6,0,0.773364,0.0589222,0
24.4,6.7,0,0.769732,0.0640121,0
24.4,6.8,0,0.766258,0.0684575,0
24.4,6.9,0,0.762783,0.072903,0
24.4,7,0,0.759309,0.0773484,0
24.4,7.1,0,0.750565,0.0855472,0
24.4,7.2,0,0.744759,0.0900831,0
24.4,7.3,0,0.738748,0.0942619,0
24.4,7.4,0,0.732592,0.0980945,0
24.4,7.5,0,0.726359,0.101571,0
24.4,7.6,0,0.720108,0.10471,0
24.4,7.7,0,0.713895,0.107547,0
24.4,7.8,0,0.707759,0.110129,0
24.4,7.9,0,0.701729,0.112513,0
24.4,8,0,0.693897,0.115419,0
24.4,8.1,0,0.689023,0.117213,0
24.4,8.2,0,0.684148,0.119007,0
24.4,8.3,0,0.678906,0.121045,0
24.4,8.4,0,0.673465,0.123215,0
24.4,8.5,0,0.668055,0.125479,0
24.4,8.6,0,0.66272,0.127962,0
24.4,8.7,0,0.657385,0.130445,0
24.4,8.8,0,0.651962,0.133369,0
24.4,8.9,0,0.646534,0.136317,0
24.4,9,0,0.640916,0.139595,0
24.4,9.1,0,0.635173,0.143091,0
24.4,9.2,0,0.629296,0.146731,0
24.4,9.3,0,0.623016,0.150797,0
24.4,9.4,0,0.616736,0.154864,0
24.4,9.5,0,0.609786,0.159418,0
24.4,9.6,0,0.602763,0.164026,0
24.4,9.7,0,0.59523,0.168898,0
24.4,9.8,0,0.587281,0.173986,0
24.4,9.9,0,0.579116,0.179153,0
24.4,10,0,0.570085,0.184639,0
24.4,10.1,0,0.561055,0.190124,0
24.4,10.2,0,0.550997,0.195873,0
24.4,10.3,0,0.540756,0.201669,0
24.4,10.4,0,0.529858,0.207577,0
24.4,10.5,0,0.518302,0.213596,0
24.4,10.6,0,0.506536,0.219639,0
24.4,10.7,0,0.493578,0.22581,0
24.4,10.8,0,0.48062,0.231981,0
24.4,10.9,0,0.466483,0.238226,0
24.4,11,0,0.452051,0.244489,0
24.4,11.1,0,0.436933,0.250782,0
24.4,11.2,0,0.420976,0.257111,0
24.4,11.3,0,0.40486,0.263445,0
24.4,11.4,0,0.387314,0.269813,0
24.4,11.5,0,0.369767,0.27618,0
24.4,11.6,0,0.351077,0.282631,0
24.4,11.7,0,0.332007,0.28911,0
24.4,11.8,0,0.312176,0.29563,0
24.4,11.9,0,0.291205,0.302213,0
24.4,12,0,0.270221,0.308798,0
24.4,12.1,0,0.249,0.315449,0
24.4,12.2,0,0.22778,0.322099,0
24.4,12.3,0,0.202489,0.329768,0
24.4,12.4,0,0.175455,0.337874,0
24.4,12.5,0,0.151968,0.344803,0
24.4,12.6,0,0.13507,0.349547,0
24.4,12.7,0,0.118171,0.354291,0
24.5,0,0,0.135654,-0.357173,0
24.5,0.1,0,0.135135,-0.357698,0
24.5,0.2,0,0.147973,-0.354458,0
24.5,0.3,0,0.179456,-0.346759,0
24.5,0.4,0,0.214388,-0.338603,0
24.5,0.5,0,0.24723,-0.330852,0
24.5,0.6,0,0.273091,-0.323476,0
24.5,0.7,0,0.294198,-0.317398,0
24.5,0.8,0,0.314239,-0.311912,0
24.5,0.9,0,0.334713,-0.306052,0
24.5,1,0,0.356411,-0.30083,0
24.5,1.1,0,0.377916,-0.296113,0
24.5,1.2,0,0.398699,-0.291356,0
24.5,1.3,0,0.418471,-0.28559,0
24.5,1.4,0,0.437495,-0.280003,0
24.5,1.5,0,0.455515,-0.275173,0
24.5,1.6,0,0.473224,-0.269524,0
24.5,1.7,0,0.490456,-0.263882,0
24.5,1.8,0,0.507149,-0.258856,0
24.5,1.9,0,0.523297,-0.254015,0
24.5,2,0,0.538878,-0.248011,0
24.5,2.1,0,0.553964,-0.241964,0
24.5,2.2,0,0.568294,-0.237284,0
24.5,2.3,0,0.582317,-0.231469,0
24.5,2.4,0,0.595733,-0.225083,0
24.5,2.5,0,0.608689,-0.219478,0
24.5,2.6,0,0.621229,-0.214313,0
24.5,2.7,0,0.633248,-0.207738,0
24.5,2.8,0,0.644775,-0.200884,0
24.5,2.9,0,0.655791,-0.195874,0
24.5,3,0,0.666482,-0.189603,0
24.5,3.1,0,0.676523,-0.182501,0
24.5,3.2,0,0.68621,-0.176261,0
24.5,3.3,0,0.69559,-0.170596,0
24.5,3.4,0,0.704407,-0.163459,0
24.5,3.5,0,0.712711,-0.155963,0
24.5,3.6,0,0.720726,-0.150388,0
24.5,3.7,0,0.728361,-0.1436,0
24.5,3.8,0,0.735299,-0.136005,0
24.5,3.9,0,0.741976,-0.129213,0
24.5,4,0,0.748425,-0.122971,0
24.5,4.1,0,0.754234,-0.115426,0
24.5,4.2,0,0.759515,-0.107619,0
24.5,4.3,0,0.764676,-0.101435,0
24.5,4.4,0,0.769381,-0.0942129,0
24.5,4.5,0,0.773356,-0.0864241,0
24.5,4.6,0,0.777135,-0.079273,0
24.5,4.7,0,0.780725,-0.0725422,0
24.5,4.8,0,0.783572,-0.064892,0
24.5,4.9,0,0.785893,-0.0572341,0
24.5,5,0,0.788197,-0.0506714,0
24.5,5.1,0,0.790012,-0.0432682,0
24.5,5.2,0,0.791165,-0.0355865,0
24.5,5.3,0,0.792183,-0.0283207,0
24.5,5.4,0,0.792978,-0.0213251,0
24.5,5.5,0,0.792778,-0.0140179,0
24.5,5.6,0,0.791998,-0.00710368,0
24.5,5.7,0,0.791261,-0.000698816,0
24.5,5.8,0,0.790175,0.00625829,0
24.5,5.9,0,0.788792,0.0131498,0
24.5,6,0,0.78739,0.0198352,0
24.5,6.1,0,0.785685,0.0264185,0
24.5,6.2,0,0.782599,0.032838,0
24.5,6.3,0,0.778834,0.0386066,0
24.5,6.4,0,0.775229,0.0444023,0
24.5,6.5,0,0.771491,0.0501533,0
24.5,6.6,0,0.767944,0.0552522,0
24.5,6.7,0,0.764559,0.0603244,0
24.5,6.8,0,0.761224,0.065378,0
24.5,6.9,0,0.757778,0.0694303,0
24.5,7,0,0.754412,0.0724345,0
24.5,7.1,0,0.746074,0.0801618,0
24.5,7.2,0,0.740548,0.0844719,0
24.5,7.3,0,0.734828,0.0884651,0
24.5,7.4,0,0.728965,0.0921524,0
24.5,7.5,0,0.723011,0.0955265,0
24.5,7.6,0,0.717019,0.0986034,0
24.5,7.7,0,0.711033,0.101414,0
24.5,7.8,0,0.705089,0.103999,0
24.5,7.9,0,0.699209,0.106404,0
24.5,8,0,0.691514,0.109365,0
24.5,8.1,0,0.687653,0.111966,0
24.5,8.2,0,0.682216,0.113331,0
24.5,8.3,0,0.676744,0.115894,0
24.5,8.4,0,0.671293,0.118133,0
24.5,8.5,0,0.665648,0.119905,0
24.5,8.6,0,0.660378,0.123068,0
24.5,8.7,0,0.654683,0.124468,0
24.5,8.8,0,0.649252,0.128311,0
24.5,8.9,0,0.643611,0.130591,0
24.5,9,0,0.637774,0.133909,0
24.5,9.1,0,0.631969,0.137508,0
24.5,9.2,0,0.625726,0.140194,0
24.5,9.3,0,0.619385,0.144817,0
24.5,9.4,0,0.612793,0.14763,0
24.5,9.5,0,0.605698,0.152681,0
24.5,9.6,0,0.598533,0.156596,0
24.5,9.7,0,0.590772,0.161037,0
24.5,9.8,0,0.582768,0.166219,0
24.5,9.9,0,0.574357,0.17009,0
24.5,10,0,0.565246,0.175872,0
24.5,10.1,0,0.556075,0.180149,0
24.5,10.2,0,0.545891,0.185876,0
24.5,10.3,0,0.535607,0.191082,0
24.5,10.4,0,0.524597,0.196204,0
24.5,10.5,0,0.513004,0.20225,0
24.5,10.6,0,0.501179,0.206926,0
24.5,10.7,0,0.488155,0.213032,0
24.5,10.8,0,0.475201,0.218224,0
24.5,10.9,0,0.460991,0.223952,0
24.5,11,0,0.446569,0.229775,0
24.5,11.1,0,0.431428,0.235095,0
24.5,11.2,0,0.415427,0.241241,0
24.5,11.3,0,0.399368,0.246416,0
24.5,11.4,0,0.381735,0.252348,0
24.5,11.5,0,0.364231,0.257979,0
24.5,11.6,0,0.345369,0.263555,0
24.5,11.7,0,0.326296,0.269677,0
24.5,11.8,0,0.306554,0.275269,0
24.5,11.9,0,0.28562,0.281538,0
24.5,12,0,0.264395,0.287083,0
24.5,12.1,0,0.241793,0.293155,0
24.5,12.2,0,0.221025,0.299302,0
24.5,12.3,0,0.199432,0.305547,0
24.5,12.4,0,0.172158,0.313351,0
24.5,12.5,0,0.139639,0.321566,0
24.5,12.6,0,0.11431,0.328384,0
24.5,12.7,0,0.112519,0.32861,0
24.6,0,0,0.130258,-0.330121,0
24.6,0.1,0,0.130541,-0.330467,0
24.6,0.2,0,0.147665,-0.32705,0
24.6,0.3,0,0.173139,-0.321278,0
24.6,0.4,0,0.208071,-0.313122,0
24.6,0.5,0,0.238876,-0.306377,0
24.6,0.6,0,0.266709,-0.300444,0
24.6,0.7,0,0.288122,-0.294373,0
24.6,0.8,0,0.308225,-0.288933,0
24.6,0.9,0,0.329641,-0.284454,0
24.6,1,0,0.351327,-0.279742,0
24.6,1.1,0,0.372832,-0.275025,0
24.6,1.2,0,0.39327,-0.270718,0
24.6,1.3,0,0.413241,-0.266523,0
24.6,1.4,0,0.432309,-0.261,0
24.6,1.5,0,0.450307,-0.256187,0
24.6,1.6,0,0.467861,-0.251762,0
24.6,1.7,0,0.485221,-0.246825,0
24.6,1.8,0,0.501914,-0.241799,0
24.6,1.9,0,0.517803,-0.237263,0
24.6,2,0,0.533383,-0.232701,0
24.6,2.1,0,0.548492,-0.226721,0
24.6,2.2,0,0.562793,-0.222032,0
24.6,2.3,0,0.576485,-0.217162,0
24.6,2.4,0,0.589986,-0.211583,0
24.6,2.5,0,0.602941,-0.205978,0
24.6,2.6,0,0.615212,-0.200989,0
24.6,2.7,0,0.627175,-0.195826,0
24.6,2.8,0,0.638722,-0.189048,0
24.6,2.9,0,0.649707,-0.184017,0
24.6,3,0,0.660039,-0.178543,0
24.6,3.1,0,0.670168,-0.172281,0
24.6,3.2,0,0.679855,-0.166041,0
24.6,3.3,0,0.688961,-0.1605,0
24.6,3.4,0,0.697747,-0.154735,0
24.6,3.5,0,0.706073,-0.147317,0
24.6,3.6,0,0.714055,-0.141722,0
24.6,3.7,0,0.721354,-0.135693,0
24.6,3.8,0,0.728414,-0.128906,0
24.6,3.9,0,0.735091,-0.122114,0
24.6,4,0,0.741274,-0.116031,0
24.6,4.1,0,0.747127,-0.109785,0
24.6,4.2,0,0.752435,-0.102049,0
24.6,4.3,0,0.757562,-0.0958544,0
24.6,4.4,0,0.761998,-0.0894408,0
24.6,4.5,0,0.76615,-0.0823784,0
24.6,4.6,0,0.76993,-0.0752273,0
24.6,4.7,0,0.773284,-0.0687602,0
24.6,4.8,0,0.776309,-0.0622883,0
24.6,4.9,0,0.778662,-0.0546842,0
24.6,5,0,0.780937,-0.0481237,0
24.6,5.1,0,0.782621,-0.0416084,0
24.6,5.2,0,0.784,-0.0345677,0
24.6,5.3,0,0.785018,-0.0273019,0
24.6,5.4,0,0.785607,-0.0207362,0
24.6,5.5,0,0.785834,-0.0144161,0
24.6,5.6,0,0.7851,-0.00752896,0
24.6,5.7,0,0.784353,-0.00114014,0
24.6,5.8,0,0.783402,0.00491178,0
24.6,5.9,0,0.782233,0.0113089,0
24.6,6,0,0.780831,0.0179943,0
24.6,6.1,0,0.778947,0.0240657,0
24.6,6.2,0,0.77664,0.0297302,0
24.6,6.3,0,0.772941,0.0354941,0
24.6,6.4,0,0.76935,0.0412523,0
24.6,6.5,0,0.766057,0.0462256,0
24.6,6.6,0,0.76268,0.051171,0
24.6,6.7,0,0.759295,0.0562432,0
24.6,6.8,0,0.75606,0.0606895,0
24.6,6.9,0,0.752873,0.0644806,0
24.6,7,0,0.749515,0.0675205,0
24.6,7.1,0,0.741582,0.0747764,0
24.6,7.2,0,0.736337,0.0788606,0
24.6,7.3,0,0.730909,0.0826682,0
24.6,7.4,0,0.725337,0.0862102,0
24.6,7.5,0,0.719663,0.089482,0
24.6,7.6,0,0.71393,0.0924973,0
24.6,7.7,0,0.708172,0.0952818,0
24.6,7.8,0,0.702418,0.0978684,0
24.6,7.9,0,0.696689,0.100296,0
24.6,8,0,0.689131,0.10331,0
24.6,8.1,0,0.685043,0.105744,0
24.6,8.2,0,0.679894,0.107358,0
24.6,8.3,0,0.674418,0.10991,0
24.6,8.4,0,0.668836,0.112116,0
24.6,8.5,0,0.663205,0.113963,0
24.6,8.6,0,0.657693,0.116785,0
24.6,8.7,0,0.651959,0.118424,0
24.6,8.8,0,0.646384,0.121923,0
24.6,8.9,0,0.640501,0.124277,0
24.6,9,0,0.634664,0.127596,0
24.6,9.1,0,0.62843,0.130627,0
24.6,9.2,0,0.62218,0.133428,0
24.6,9.3,0,0.615549,0.137403,0
24.6,9.4,0,0.60881,0.14023,0
24.6,9.5,0,0.601618,0.144872,0
24.6,9.6,0,0.594145,0.148394,0
24.6,9.7,0,0.586384,0.152835,0
24.6,9.8,0,0.578054,0.156967,0
24.6,9.9,0,0.569622,0.160937,0
24.6,10,0,0.560357,0.165916,0
24.6,10.1,0,0.551065,0.169917,0
24.6,10.2,0,0.540856,0.175295,0
24.6,10.3,0,0.530396,0.179662,0
24.6,10.4,0,0.519386,0.184784,0
24.6,10.5,0,0.507683,0.189531,0
24.6,10.6,0,0.495836,0.194227,0
24.6,10.7,0,0.482787,0.199544,0
24.6,10.8,0,0.469783,0.204167,0
24.6,10.9,0,0.455581,0.209673,0
24.6,11,0,0.441115,0.214293,0
24.6,11.1,0,0.425974,0.219614,0
24.6,11.2,0,0.409971,0.224447,0
24.6,11.3,0,0.393887,0.229446,0
24.6,11.4,0,0.376259,0.234676,0
24.6,11.5,0,0.358713,0.239472,0
24.6,11.6,0,0.339861,0.24493,0
24.6,11.7,0,0.320641,0.249593,0
24.6,11.8,0,0.300899,0.255185,0
24.6,11.9,0,0.279871,0.260185,0
24.6,12,0,0.258654,0.265404,0
24.6,12.1,0,0.236051,0.270964,0
24.6,12.2,0,0.214514,0.276231,0
24.6,12.3,0,0.192633,0.282463,0
24.6,12.4,0,0.165632,0.28869,0
24.6,12.5,0,0.133158,0.29689,0
24.6,12.6,0,0.112087,0.301996,0
24.6,12.7,0,0.106867,0.30293,0
24.7,0,0,0.125301,-0.302671,0
24.7,0.1,0,0.136704,-0.300572,0
24.7,0.2,0,0.153829,-0.297154,0
24.7,0.3,0,0.170954,-0.293736,0
24.7,0.4,0,0.200489,-0.288527,0
24.7,0.5,0,0.228322,-0.282594,0
24.7,0.6,0,0.256156,-0.276661,0
24.7,0.7,0,0.282566,-0.271318,0
24.7,0.8,0,0.3039,-0.266838,0
24.7,0.9,0,0.325315,-0.26236,0
24.7,1,0,0.346731,-0.257881,0
24.7,1.1,0,0.367825,-0.25431,0
24.7,1.2,0,0.387797,-0.250115,0
24.7,1.3,0,0.407768,-0.24592,0
24.7,1.4,0,0.427579,-0.242327,0
24.7,1.5,0,0.445148,-0.237675,0
24.7,1.6,0,0.462702,-0.233249,0
24.7,1.7,0,0.480256,-0.228824,0
24.7,1.8,0,0.496759,-0.224805,0
24.7,1.9,0,0.512339,-0.220243,0
24.7,2,0,0.527919,-0.21568,0
24.7,2.1,0,0.543416,-0.211952,0
24.7,2.2,0,0.557074,-0.206632,0
24.7,2.3,0,0.570766,-0.201762,0
24.7,2.4,0,0.584459,-0.196892,0
24.7,2.5,0,0.597177,-0.192268,0
24.7,2.6,0,0.60914,-0.187105,0
24.7,2.7,0,0.621103,-0.181941,0
24.7,2.8,0,0.633047,-0.177673,0
24.7,2.9,0,0.643286,-0.171686,0
24.7,3,0,0.653618,-0.166212,0
24.7,3.1,0,0.66395,-0.160738,0
24.7,3.2,0,0.673406,-0.155507,0
24.7,3.3,0,0.682192,-0.149741,0
24.7,3.4,0,0.690977,-0.143976,0
24.7,3.5,0,0.699815,-0.13904,0
24.7,3.6,0,0.70697,-0.132576,0
24.7,3.7,0,0.714268,-0.126548,0
24.7,3.8,0,0.721566,-0.120519,0
24.7,3.9,0,0.728067,-0.114782,0
24.7,4,0,0.73392,-0.108536,0
24.7,4.1,0,0.739773,-0.102289,0
24.7,4.2,0,0.745743,-0.0967236,0
24.7,4.3,0,0.750007,-0.0900375,0
24.7,4.4,0,0.754443,-0.0836239,0
24.7,4.5,0,0.758879,-0.0772103,0
24.7,4.6,0,0.762582,-0.0711644,0
24.7,4.7,0,0.765607,-0.0646925,0
24.7,4.8,0,0.768632,-0.0582206,0
24.7,4.9,0,0.771823,-0.0522439,0
24.7,5,0,0.773319,-0.0456701,0
24.7,5.1,0,0.775003,-0.0391547,0
24.7,5.2,0,0.776687,-0.0326394,0
24.7,5.3,0,0.777725,-0.0265651,0
24.7,5.4,0,0.777952,-0.0202451,0
24.7,5.5,0,0.778179,-0.013925,0
24.7,5.6,0,0.778578,-0.00791988,0
24.7,5.7,0,0.777408,-0.00200423,0
24.7,5.8,0,0.776457,0.00404769,0
24.7,5.9,0,0.775506,0.0100996,0
24.7,6,0,0.774146,0.0156572,0
24.7,6.1,0,0.771838,0.0213217,0
24.7,6.2,0,0.76953,0.0269862,0
24.7,6.3,0,0.767358,0.0325541,0
24.7,6.4,0,0.763842,0.0372968,0
24.7,6.5,0,0.760549,0.0422701,0
24.7,6.6,0,0.757256,0.0472434,0
24.7,6.7,0,0.754063,0.0515313,0
24.7,6.8,0,0.750877,0.0553225,0
24.7,6.9,0,0.74769,0.0591136,0
24.7,7,0,0.744883,0.0628673,0
24.7,7.1,0,0.737326,0.0696817,0
24.7,7.2,0,0.73234,0.0735531,0
24.7,7.3,0,0.727179,0.0771843,0
24.7,7.4,0,0.721873,0.0805859,0
24.7,7.5,0,0.716455,0.0837558,0
24.7,7.6,0,0.710958,0.0867056,0
24.7,7.7,0,0.705409,0.0894565,0
24.7,7.8,0,0.699831,0.092035,0
24.7,7.9,0,0.694242,0.0944722,0
24.7,8,0,0.686813,0.0975213,0
24.7,8.1,0,0.682034,0.0988477,0
24.7,8.2,0,0.67723,0.100737,0
24.7,8.3,0,0.671769,0.102868,0
24.7,8.4,0,0.666187,0.105074,0
24.7,8.5,0,0.660562,0.107281,0
24.7,8.6,0,0.654898,0.109645,0
24.7,8.7,0,0.649322,0.112396,0
24.7,8.8,0,0.643322,0.114556,0
24.7,8.9,0,0.637442,0.117189,0
24.7,9,0,0.63128,0.119922,0
24.7,9.1,0,0.625028,0.122889,0
24.7,9.2,0,0.618576,0.125814,0
24.7,9.3,0,0.611783,0.129139,0
24.7,9.4,0,0.605039,0.132726,0
24.7,9.5,0,0.597502,0.135936,0
24.7,9.6,0,0.590005,0.139606,0
24.7,9.7,0,0.581983,0.14325,0
24.7,9.8,0,0.573628,0.147225,0
24.7,9.9,0,0.565041,0.151072,0
24.7,10,0,0.55568,0.155251,0
24.7,10.1,0,0.546357,0.159603,0
24.7,10.2,0,0.535993,0.163607,0
24.7,10.3,0,0.525517,0.168013,0
24.7,10.4,0,0.514411,0.17221,0
24.7,10.5,0,0.502701,0.176733,0
24.7,10.6,0,0.490824,0.181167,0
24.7,10.7,0,0.477745,0.185559,0
24.7,10.8,0,0.464707,0.190161,0
24.7,10.9,0,0.45052,0.194426,0
24.7,11,0,0.436046,0.199021,0
24.7,11.1,0,0.420904,0.20328,0
24.7,11.2,0,0.404916,0.207867,0
24.7,11.3,0,0.388842,0.212359,0
24.7,11.4,0,0.371191,0.216668,0
24.7,11.5,0,0.353601,0.221239,0
24.7,11.6,0,0.334772,0.225464,0
24.7,11.7,0,0.315541,0.230095,0
24.7,11.8,0,0.295572,0.234373,0
24.7,11.9,0,0.2745,0.23909,0
24.7,12,0,0.253392,0.243587,0
24.7,12.1,0,0.231017,0.248383,0
24.7,12.2,0,0.208895,0.253405,0
24.7,12.3,0,0.18401,0.258803,0
24.7,12.4,0,0.15701,0.26503,0
24.7,12.5,0,0.129835,0.270759,0
24.7,12.6,0,0.113907,0.274327,0
24.7,12.7,0,0.101623,0.276935,0
24.8,0,0,0.121659,-0.274028,0
24.8,0.1,0,0.120801,-0.274753,0
24.8,0.2,0,0.128889,-0.273553,0
24.8,0.3,0,0.163498,-0.267602,0
24.8,0.4,0,0.197066,-0.262088,0
24.8,0.5,0,0.229592,-0.257011,0
24.8,0.6,0,0.255209,-0.252251,0
24.8,0.7,0,0.278569,-0.248171,0
24.8,0.8,0,0.299728,-0.24369,0
24.8,0.9,0,0.321073,-0.23941,0
24.8,1,0,0.343374,-0.237132,0
24.8,1.1,0,0.364697,-0.233997,0
24.8,1.2,0,0.385044,-0.230007,0
24.8,1.3,0,0.404752,-0.226949,0
24.8,1.4,0,0.424219,-0.224646,0
24.8,1.5,0,0.441821,-0.219509,0
24.8,1.6,0,0.459384,-0.214894,0
24.8,1.7,0,0.476725,-0.213012,0
24.8,1.8,0,0.493192,-0.209265,0
24.8,1.9,0,0.508783,-0.203653,0
24.8,2,0,0.52421,-0.200544,0
24.8,2.1,0,0.539528,-0.198604,0
24.8,2.2,0,0.553112,-0.19232,0
24.8,2.3,0,0.566728,-0.186869,0
24.8,2.4,0,0.58027,-0.184804,0
24.8,2.5,0,0.592925,-0.180405,0
24.8,2.6,0,0.604693,-0.173671,0
24.8,2.7,0,0.616603,-0.170027,0
24.8,2.8,0,0.628506,-0.167678,0
24.8,2.9,0,0.638545,-0.160593,0
24.8,3,0,0.648709,-0.154417,0
24.8,3.1,0,0.659096,-0.151697,0
24.8,3.2,0,0.668493,-0.146689,0
24.8,3.3,0,0.676901,-0.139392,0
24.8,3.4,0,0.685749,-0.135027,0
24.8,3.5,0,0.694699,-0.131867,0
24.8,3.6,0,0.701546,-0.124471,0
24.8,3.7,0,0.708602,-0.117853,0
24.8,3.8,0,0.716171,-0.11422,0
24.8,3.9,0,0.722628,-0.108712,0
24.8,4,0,0.727976,-0.101327,0
24.8,4.1,0,0.733999,-0.096241,0
24.8,4.2,0,0.740219,-0.0921332,0
24.8,4.3,0,0.744113,-0.0848631,0
24.8,4.4,0,0.74827,-0.0781108,0
24.8,4.5,0,0.753161,-0.0735394,0
24.8,4.6,0,0.756849,-0.0677204,0
24.8,4.7,0,0.759332,-0.0606537,0
24.8,4.8,0,0.762617,-0.0550475,0
24.8,4.9,0,0.766163,-0.050132,0
24.8,5,0,0.767257,-0.043433,0
24.8,5.1,0,0.76865,-0.036914,0
24.8,5.2,0,0.770965,-0.0315525,0
24.8,5.3,0,0.77205,-0.0256745,0
24.8,5.4,0,0.771905,-0.01928,0
24.8,5.5,0,0.772416,-0.013538,0
24.8,5.6,0,0.773181,-0.00820771,0
24.8,5.7,0,0.771544,-0.00258408,0
24.8,5.8,0,0.77027,0.00317412,0
24.8,5.9,0,0.770216,0.00877894,0
24.8,6,0,0.769009,0.0141647,0
24.8,6.1,0,0.766648,0.0193314,0
24.8,6.2,0,0.764587,0.0247712,0
24.8,6.3,0,0.762705,0.030132,0
24.8,6.4,0,0.758713,0.0343807,0
24.8,6.5,0,0.755106,0.0389341,0
24.8,6.6,0,0.752899,0.0439985,0
24.8,6.7,0,0.749733,0.0482326,0
24.8,6.8,0,0.745609,0.0516363,0
24.8,6.9,0,0.743041,0.0553228,0
24.8,7,0,0.741045,0.0589965,0
24.8,7.1,0,0.733777,0.0654588,0
24.8,7.2,0,0.728983,0.0691567,0
24.8,7.3,0,0.724016,0.072639,0
24.8,7.4,0,0.718902,0.0759152,0
24.8,7.5,0,0.713667,0.0789844,0
24.8,7.6,0,0.708339,0.0818574,0
24.8,7.7,0,0.702941,0.0845526,0
24.8,7.8,0,0.697494,0.0870925,0
24.8,7.9,0,0.692012,0.0895036,0
24.8,8,0,0.68469,0.0925319,0
24.8,8.1,0,0.679999,0.0917848,0
24.8,8.2,0,0.675181,0.095362,0
24.8,8.3,0,0.66942,0.0967858,0
24.8,8.4,0,0.663786,0.098837,0
24.8,8.5,0,0.658406,0.101963,0
24.8,8.6,0,0.652203,0.102403,0
24.8,8.7,0,0.647076,0.107135,0
24.8,8.8,0,0.640533,0.107309,0
24.8,8.9,0,0.634884,0.111206,0
24.8,9,0,0.628522,0.113284,0
24.8,9.1,0,0.622059,0.11567,0
24.8,9.2,0,0.615817,0.119747,0
24.8,9.3,0,0.608417,0.120646,0
24.8,9.4,0,0.602042,0.126204,0
24.8,9.5,0,0.59401,0.127305,0
24.8,9.6,0,0.58666,0.131844,0
24.8,9.7,0,0.578509,0.13496,0
24.8,9.8,0,0.569919,0.137881,0
24.8,9.9,0,0.561596,0.142989,0
24.8,10,0,0.551684,0.144447,0
24.8,10.1,0,0.542765,0.150531,0
24.8,10.2,0,0.532019,0.152516,0
24.8,10.3,0,0.521695,0.157286,0
24.8,10.4,0,0.510572,0.161125,0
24.8,10.5,0,0.498659,0.164239,0
24.8,10.6,0,0.487117,0.169719,0
24.8,10.7,0,0.47359,0.171553,0
24.8,10.8,0,0.461023,0.177324,0
24.8,10.9,0,0.44654,0.179938,0
24.8,11,0,0.432229,0.184313,0
24.8,11.1,0,0.417161,0.188306,0
24.8,11.2,0,0.400957,0.1914,0
24.8,11.3,0,0.385294,0.196331,0
24.8,11.4,0,0.367182,0.198676,0
24.8,11.5,0,0.350086,0.203403,0
24.8,11.6,0,0.330932,0.206549,0
24.8,11.7,0,0.311775,0.210425,0
24.8,11.8,0,0.291922,0.214317,0
24.8,11.9,0,0.270496,0.217889,0
24.8,12,0,0.249714,0.221816,0
24.8,12.1,0,0.226041,0.225451,0
24.8,12.2,0,0.204362,0.229809,0
24.8,12.3,0,0.180715,0.234476,0
24.8,12.4,0,0.153529,0.239753,0
24.8,12.5,0,0.122992,0.245435,0
24.8,12.6,0,0.0964734,0.250925,0
24.8,12.7,0,0.0976017,0.250001,0
24.9,0,0,0.118017,-0.245385,0
24.9,0.1,0,0.123517,-0.245188,0
24.9,0.2,0,0.140143,-0.24338,0
24.9,0.3,0,0.159222,-0.241007,0
24.9,0.4,0,0.19279,-0.235493,0
24.9,0.5,0,0.221453,-0.232017,0
24.9,0.6,0,0.249505,-0.228794,0
24.9,0.7,0,0.274572,-0.225026,0
24.9,0.8,0,0.296053,-0.221344,0
24.9,0.9,0,0.318098,-0.219063,0
24.9,1,0,0.340178,-0.216782,0
24.9,1.1,0,0.361501,-0.213648,0
24.9,1.2,0,0.381413,-0.211291,0
24.9,1.3,0,0.401255,-0.209193,0
24.9,1.4,0,0.420859,-0.206964,0
24.9,1.5,0,0.438383,-0.202752,0
24.9,1.6,0,0.455773,-0.200159,0
24.9,1.7,0,0.473155,-0.197662,0
24.9,1.8,0,0.489622,-0.193915,0
24.9,1.9,0,0.504987,-0.190568,0
24.9,2,0,0.520317,-0.187578,0
24.9,2.1,0,0.53564,-0.185256,0
24.9,2.2,0,0.54917,-0.179992,0
24.9,2.3,0,0.562605,-0.176513,0
24.9,2.4,0,0.576054,-0.173227,0
24.9,2.5,0,0.588709,-0.168827,0
24.9,2.6,0,0.600425,-0.164524,0
24.9,2.7,0,0.612133,-0.160604,0
24.9,2.8,0,0.623964,-0.157683,0
24.9,2.9,0,0.634024,-0.1516,0
24.9,3,0,0.644117,-0.147269,0
24.9,3.1,0,0.654251,-0.143157,0
24.9,3.2,0,0.663648,-0.138149,0
24.9,3.3,0,0.672198,-0.133102,0
24.9,3.4,0,0.68077,-0.128411,0
24.9,3.5,0,0.689582,-0.124694,0
24.9,3.6,0,0.696528,-0.11817,0
24.9,3.7,0,0.703645,-0.11317,0
24.9,3.8,0,0.710824,-0.108357,0
24.9,3.9,0,0.717282,-0.102848,0
24.9,4,0,0.722946,-0.0973105,0
24.9,4.1,0,0.72866,-0.0920644,0
24.9,4.2,0,0.734695,-0.0875427,0
24.9,4.3,0,0.738755,-0.0809425,0
24.9,4.4,0,0.743103,-0.0755146,0
24.9,4.5,0,0.747526,-0.0702035,0
24.9,4.6,0,0.751213,-0.0643844,0
24.9,4.7,0,0.754148,-0.058662,0
24.9,4.8,0,0.757154,-0.0531519,0
24.9,4.9,0,0.760504,-0.0480202,0
24.9,5,0,0.761827,-0.0417407,0
24.9,5.1,0,0.763552,-0.0361955,0
24.9,5.2,0,0.765358,-0.0306754,0
24.9,5.3,0,0.766443,-0.0247974,0
24.9,5.4,0,0.766763,-0.0192577,0
24.9,5.5,0,0.767155,-0.0138529,0
24.9,5.6,0,0.767785,-0.00849554,0
24.9,5.7,0,0.766474,-0.00303449,0
24.9,5.8,0,0.765735,0.00214205,0
24.9,5.9,0,0.765089,0.00737699,0
24.9,6,0,0.763882,0.0127627,0
24.9,6.1,0,0.761889,0.0176671,0
24.9,6.2,0,0.759954,0.0225301,0
24.9,6.3,0,0.758053,0.0277099,0
24.9,6.4,0,0.754456,0.0319918,0
24.9,6.5,0,0.75155,0.0363316,0
24.9,6.6,0,0.74874,0.0407702,0
24.9,6.7,0,0.745574,0.0450043,0
24.9,6.8,0,0.742478,0.0483066,0
24.9,6.9,0,0.739544,0.0515929,0
24.9,7,0,0.737207,0.0551257,0
24.9,7.1,0,0.730229,0.061236,0
24.9,7.2,0,0.725627,0.0647603,0
24.9,7.3,0,0.720854,0.0680938,0
24.9,7.4,0,0.71593,0.0712444,0
24.9,7.5,0,0.710878,0.074213,0
24.9,7.6,0,0.70572,0.0770093,0
24.9,7.7,0,0.700474,0.0796486,0
24.9,7.8,0,0.695157,0.0821501,0
24.9,7.9,0,0.689782,0.084535,0
24.9,8,0,0.682566,0.0875424,0
24.9,8.1,0,0.677858,0.0882844,0
24.9,8.2,0,0.673128,0.0903411,0
24.9,8.3,0,0.667507,0.0922868,0
24.9,8.4,0,0.661876,0.0944033,0
24.9,8.5,0,0.656311,0.0968655,0
24.9,8.6,0,0.650402,0.0987366,0
24.9,8.7,0,0.64483,0.101875,0
24.9,8.8,0,0.638536,0.103287,0
24.9,8.9,0,0.632414,0.105664,0
24.9,9,0,0.626128,0.108148,0
24.9,9.1,0,0.619569,0.110626,0
24.9,9.2,0,0.613086,0.113787,0
24.9,9.3,0,0.605905,0.116045,0
24.9,9.4,0,0.599044,0.119681,0
24.9,9.5,0,0.591217,0.121842,0
24.9,9.6,0,0.583435,0.124683,0
24.9,9.7,0,0.575323,0.127992,0
24.9,9.8,0,0.566731,0.130971,0
24.9,9.9,0,0.558152,0.134906,0
24.9,10,0,0.548519,0.137511,0
24.9,10.1,0,0.539173,0.14146,0
24.9,10.2,0,0.528637,0.144231,0
24.9,10.3,0,0.518059,0.147324,0
24.9,10.4,0,0.506931,0.151051,0
24.9,10.5,0,0.495188,0.154106,0
24.9,10.6,0,0.483409,0.158271,0
24.9,10.7,0,0.470238,0.160849,0
24.9,10.8,0,0.45734,0.164488,0
24.9,10.9,0,0.443072,0.167486,0
24.9,11,0,0.428669,0.170298,0
24.9,11.1,0,0.413552,0.17396,0
24.9,11.2,0,0.397651,0.176597,0
24.9,11.3,0,0.381746,0.180304,0
24.9,11.4,0,0.364023,0.182704,0
24.9,11.5,0,0.346592,0.185574,0
24.9,11.6,0,0.32763,0.188643,0
24.9,11.7,0,0.30835,0.191012,0
24.9,11.8,0,0.288386,0.194555,0
24.9,11.9,0,0.267136,0.196942,0
24.9,12,0,0.246036,0.200045,0
24.9,12.1,0,0.222745,0.203162,0
24.9,12.2,0,0.199882,0.206141,0
24.9,12.3,0,0.175528,0.210514,0
24.9,12.4,0,0.148375,0.214308,0
24.9,12.5,0,0.118381,0.219688,0
24.9,12.6,0,0.101826,0.222214,0
24.9,12.7,0,0.0935805,0.223066,0
25,0,0,0.115281,-0.215139,0
25,0.1,0,0.120966,-0.215623,0
25,0.2,0,0.137593,-0.213814,0
25,0.3,0,0.156542,-0.211712,0
25,0.4,0,0.189481,-0.209993,0
25,0.5,0,0.218102,-0.207281,0
25,0.6,0,0.246155,-0.204058,0
25,0.7,0,0.271791,-0.200109,0
25,0.8,0,0.29421,-0.200299,0
25,0.9,0,0.316255,-0.198018,0
25,1,0,0.338279,-0.195508,0
25,1.1,0,0.359432,-0.195178,0
25,1.2,0,0.379352,-0.193815,0
25,1.3,0,0.399194,-0.191717,0
25,1.4,0,0.418495,-0.187523,0
25,1.5,0,0.436099,-0.188472,0
25,1.6,0,0.453488,-0.185879,0
25,1.7,0,0.470772,-0.182799,0
25,1.8,0,0.486969,-0.1811,0
25,1.9,0,0.502359,-0.178895,0
25,2,0,0.517689,-0.175905,0
25,2.1,0,0.532421,-0.170417,0
25,2.2,0,0.546228,-0.170498,0
25,2.3,0,0.559663,-0.167019,0
25,2.4,0,0.572953,-0.163007,0
25,2.5,0,0.585381,-0.160003,0
25,2.6,0,0.597194,-0.156806,0
25,2.7,0,0.608901,-0.152886,0
25,2.8,0,0.619839,-0.146581,0
25,2.9,0,0.630544,-0.145354,0
25,3,0,0.640638,-0.141024,0
25,3.1,0,0.650548,-0.136223,0
25,3.2,0,0.659779,-0.132186,0
25,3.3,0,0.668506,-0.128093,0
25,3.4,0,0.677078,-0.123401,0
25,3.5,0,0.684717,-0.116772,0
25,3.6,0,0.692662,-0.114224,0
25,3.7,0,0.69978,-0.109224,0
25,3.8,0,0.706683,-0.103872,0
25,3.9,0,0.713036,-0.0991025,0
25,4,0,0.718946,-0.0943049,0
25,4.1,0,0.72466,-0.0890588,0
25,4.2,0,0.729328,-0.0824897,0
25,4.3,0,0.734667,-0.078792,0
25,4.4,0,0.739016,-0.0733641,0
25,4.5,0,0.743134,-0.0677244,0
25,4.6,0,0.746796,-0.0625377,0
25,4.7,0,0.750029,-0.0573164,0
25,4.8,0,0.753034,-0.0518062,0
25,4.9,0,0.754948,-0.0456606,0
25,5,0,0.757749,-0.0411327,0
25,5.1,0,0.759475,-0.0355875,0
25,5.2,0,0.760972,-0.0299738,0
25,5.3,0,0.762114,-0.0247059,0
25,5.4,0,0.762758,-0.0194262,0
25,5.5,0,0.76315,-0.0140215,0
25,5.6,0,0.76246,-0.00868926,0
25,5.7,0,0.762743,-0.00381495,0
25,5.8,0,0.762003,0.00136159,0
25,5.9,0,0.761071,0.00647081,0
25,6,0,0.759978,0.0113181,0
25,6.1,0,0.758302,0.0162013,0
25,6.2,0,0.756367,0.0210643,0
25,6.3,0,0.753427,0.0252618,0
25,6.4,0,0.751424,0.0300288,0
25,6.5,0,0.748518,0.0343687,0
25,6.6,0,0.745468,0.0385135,0
25,6.7,0,0.742449,0.0424199,0
25,6.8,0,0.739632,0.0459265,0
25,6.9,0,0.736698,0.0492128,0
25,7,0,0.733388,0.0511005,0
25,7.1,0,0.726683,0.0568381,0
25,7.2,0,0.722258,0.0601693,0
25,7.3,0,0.717663,0.0633309,0
25,7.4,0,0.712913,0.0663296,0
25,7.5,0,0.708028,0.069167,0
25,7.6,0,0.703023,0.0718518,0
25,7.7,0,0.697917,0.074397,0
25,7.8,0,0.692721,0.0768186,0
25,7.9,0,0.687449,0.079134,0
25,8,0,0.680338,0.08206,0
25,8.1,0,0.676413,0.0852964,0
25,8.2,0,0.671556,0.0868789,0
25,8.3,0,0.666065,0.0892637,0
25,8.4,0,0.660434,0.0913802,0
25,8.5,0,0.654596,0.092951,0
25,8.6,0,0.648872,0.0956204,0
25,8.7,0,0.642671,0.096158,0
25,8.8,0,0.636849,0.0999831,0
25,8.9,0,0.630682,0.10216,0
25,9,0,0.624241,0.104533,0
25,9.1,0,0.617682,0.107011,0
25,9.2,0,0.610786,0.108527,0
25,9.3,0,0.603803,0.111975,0
25,9.4,0,0.596436,0.112921,0
25,9.5,0,0.588909,0.117167,0
25,9.6,0,0.581127,0.120007,0
25,9.7,0,0.572838,0.12255,0
25,9.8,0,0.564247,0.125529,0
25,9.9,0,0.555315,0.12698,0
25,10,0,0.545903,0.131137,0
25,10.1,0,0.536251,0.132506,0
25,10.2,0,0.525944,0.136753,0
25,10.3,0,0.515367,0.139845,0
25,10.4,0,0.504221,0.142292,0
25,10.5,0,0.492478,0.145347,0
25,10.6,0,0.480517,0.14634,0
25,10.7,0,0.467571,0.150624,0
25,10.8,0,0.454553,0.152101,0
25,10.9,0,0.440498,0.155603,0
25,11,0,0.426095,0.158415,0
25,11.1,0,0.411108,0.160223,0
25,11.2,0,0.395207,0.16286,0
25,11.3,0,0.379245,0.163197,0
25,11.4,0,0.361714,0.166912,0
25,11.5,0,0.344236,0.168335,0
25,11.6,0,0.32542,0.170618,0
25,11.7,0,0.30614,0.172988,0
25,11.8,0,0.286117,0.174081,0
25,11.9,0,0.264876,0.176514,0
25,12,0,0.243482,0.177005,0
25,12.1,0,0.220249,0.180312,0
25,12.2,0,0.197122,0.182671,0
25,12.3,0,0.171674,0.185445,0
25,12.4,0,0.144521,0.18924,0
25,12.5,0,0.115217,0.192096,0
25,12.6,0,0.0987685,0.194489,0
25,12.7,0,0.0903619,0.194912,0
25.1,0,0,0.113451,-0.18329,0
25.1,0.1,0,0.112885,-0.185084,0
25.1,0.2,0,0.120848,-0.185668,0
25.1,0.3,0,0.154505,-0.181703,0
25.1,0.4,0,0.187444,-0.179984,0
25.1,0.5,0,0.219666,-0.180511,0
25.1,0.6,0,0.245971,-0.177785,0
25.1,0.7,0,0.270226,-0.173421,0
25.1,0.8,0,0.292859,-0.175025,0
25.1,0.9,0,0.315377,-0.175589,0
25.1,1,0,0.337272,-0.171633,0
25.1,1.1,0,0.358424,-0.171303,0
25.1,1.2,0,0.378835,-0.174599,0
25.1,1.3,0,0.398135,-0.171713,0
25.1,1.4,0,0.417126,-0.16632,0
25.1,1.5,0,0.434853,-0.169295,0
25.1,1.6,0,0.452233,-0.170304,0
25.1,1.7,0,0.468849,-0.164143,0
25.1,1.8,0,0.485045,-0.162444,0
25.1,1.9,0,0.500823,-0.165208,0
25.1,2,0,0.515481,-0.161002,0
25.1,2.1,0,0.529871,-0.154086,0
25.1,2.2,0,0.543891,-0.156201,0
25.1,2.3,0,0.557424,-0.15621,0
25.1,2.4,0,0.569798,-0.148824,0
25.1,2.5,0,0.582226,-0.14582,0
25.1,2.6,0,0.594707,-0.147198,0
25.1,2.7,0,0.605632,-0.142039,0
25.1,2.8,0,0.61613,-0.134371,0
25.1,2.9,0,0.627184,-0.134919,0
25.1,3,0,0.637601,-0.133615,0
25.1,3.1,0,0.646351,-0.125843,0
25.1,3.2,0,0.655582,-0.121805,0
25.1,3.3,0,0.665293,-0.121502,0
25.1,3.4,0,0.672998,-0.115838,0
25.1,3.5,0,0.680104,-0.108101,0
25.1,3.6,0,0.688521,-0.106954,0
25.1,3.7,0,0.69618,-0.104399,0
25.1,3.8,0,0.70173,-0.0968165,0
25.1,3.9,0,0.708083,-0.0920466,0
25.1,4,0,0.715236,-0.0900897,0
25.1,4.1,0,0.720045,-0.0842991,0
25.1,4.2,0,0.724116,-0.076974,0
25.1,4.3,0,0.730022,-0.0742651,0
25.1,4.4,0,0.735095,-0.0706736,0
25.1,4.5,0,0.737752,-0.0636925,0
25.1,4.6,0,0.741414,-0.0585058,0
25.1,4.7,0,0.746081,-0.0551136,0
25.1,4.8,0,0.748207,-0.049562,0
25.1,4.9,0,0.749497,-0.0430532,0
25.1,5,0,0.752913,-0.0391067,0
25.1,5.1,0,0.755491,-0.0348091,0
25.1,5.2,0,0.755545,-0.0287611,0
25.1,5.3,0,0.756688,-0.0234933,0
25.1,5.4,0,0.758919,-0.0190055,0
25.1,5.5,0,0.758516,-0.0140796,0
25.1,5.6,0,0.757206,-0.00878886,0
25.1,5.7,0,0.758074,-0.00408725,0
25.1,5.8,0,0.758218,0.000455583,0
25.1,5.9,0,0.756067,0.00513847,0
25.1,6,0,0.754973,0.00998573,0
25.1,6.1,0,0.754937,0.0149974,0
25.1,6.2,0,0.752341,0.0189705,0
25.1,6.3,0,0.748826,0.0227877,0
25.1,6.4,0,0.747339,0.0277988,0
25.1,6.5,0,0.74529,0.0321641,0
25.1,6.6,0,0.741325,0.0350744,0
25.1,6.7,0,0.738306,0.0389807,0
25.1,6.8,0,0.736232,0.043883,0
25.1,6.9,0,0.733114,0.0458324,0
25.1,7,0,0.729589,0.0469209,0
25.1,7.1,0,0.72314,0.0522651,0
25.1,7.2,0,0.718878,0.0553836,0
25.1,7.3,0,0.714444,0.0583504,0
25.1,7.4,0,0.709851,0.0611708,0
25.1,7.5,0,0.705115,0.0638464,0
25.1,7.6,0,0.70025,0.0663849,0
25.1,7.7,0,0.695271,0.0687976,0
25.1,7.8,0,0.690188,0.071098,0
25.1,7.9,0,0.685012,0.0733006,0
25.1,8,0,0.678004,0.0760846,0
25.1,8.1,0,0.675146,0.0811755,0
25.1,8.2,0,0.66932,0.0806799,0
25.1,8.3,0,0.664055,0.0838913,0
25.1,8.4,0,0.658497,0.0859916,0
25.1,8.5,0,0.652393,0.0864558,0
25.1,8.6,0,0.647226,0.0914566,0
25.1,8.7,0,0.640431,0.0892956,0
25.1,8.8,0,0.635039,0.0952554,0
25.1,8.9,0,0.628357,0.0948299,0
25.1,9,0,0.622047,0.0979374,0
25.1,9.1,0,0.615536,0.100687,0
25.1,9.2,0,0.608358,0.100608,0
25.1,9.3,0,0.601795,0.10673,0
25.1,9.4,0,0.59391,0.104279,0
25.1,9.5,0,0.58668,0.110681,0
25.1,9.6,0,0.578547,0.110632,0
25.1,9.7,0,0.570312,0.113624,0
25.1,9.8,0,0.561849,0.117213,0
25.1,9.9,0,0.552696,0.116481,0
25.1,10,0,0.543611,0.123537,0
25.1,10.1,0,0.533667,0.120876,0
25.1,10.2,0,0.523542,0.127178,0
25.1,10.3,0,0.512906,0.12742,0
25.1,10.4,0,0.501764,0.12976,0
25.1,10.5,0,0.490224,0.133823,0
25.1,10.6,0,0.478199,0.132081,0
25.1,10.7,0,0.465437,0.139289,0
25.1,10.8,0,0.452456,0.136359,0
25.1,10.9,0,0.438461,0.141576,0
25.1,11,0,0.424239,0.141884,0
25.1,11.1,0,0.409271,0.142999,0
25.1,11.2,0,0.393519,0.146819,0
25.1,11.3,0,0.377673,0.144208,0
25.1,11.4,0,0.360141,0.15031,0
25.1,11.5,0,0.342886,0.147607,0
25.1,11.6,0,0.324037,0.150913,0
25.1,11.7,0,0.304839,0.151367,0
25.1,11.8,0,0.284851,0.151547,0
25.1,11.9,0,0.263482,0.154556,0
25.1,12,0,0.242036,0.152643,0
25.1,12.1,0,0.218519,0.156783,0
25.1,12.2,0,0.194832,0.156479,0
25.1,12.3,0,0.169791,0.159459,0
25.1,12.4,0,0.142268,0.161698,0
25.1,12.5,0,0.112527,0.163852,0
25.1,12.6,0,0.0871958,0.167468,0
25.1,12.7,0,0.087946,0.165538,0
25.2,0,0,0.111621,-0.151441,0
25.2,0.1,0,0.122666,-0.151764,0
25.2,0.2,0,0.13913,-0.151401,0
25.2,0.3,0,0.155593,-0.151038,0
25.2,0.4,0,0.184716,-0.149767,0
25.2,0.5,0,0.21314,-0.149154,0
25.2,0.6,0,0.241564,-0.14854,0
25.2,0.7,0,0.268661,-0.146734,0
25.2,0.8,0,0.291191,-0.147195,0
25.2,0.9,0,0.313674,-0.147123,0
25.2,1,0,0.336157,-0.147051,0
25.2,1.1,0,0.357262,-0.146828,0
25.2,1.2,0,0.376821,-0.14683,0
25.2,1.3,0,0.396379,-0.146832,0
25.2,1.4,0,0.415757,-0.145118,0
25.2,1.5,0,0.432957,-0.14566,0
25.2,1.6,0,0.44991,-0.145067,0
25.2,1.7,0,0.466864,-0.144475,0
25.2,1.8,0,0.482951,-0.143074,0
25.2,1.9,0,0.497789,-0.141911,0
25.2,2,0,0.512626,-0.140748,0
25.2,2.1,0,0.527321,-0.137755,0
25.2,2.2,0,0.540618,-0.137206,0
25.2,2.3,0,0.553578,-0.135415,0
25.2,2.4,0,0.566537,-0.133623,0
25.2,2.5,0,0.578852,-0.130955,0
25.2,2.6,0,0.590123,-0.128586,0
25.2,2.7,0,0.601395,-0.126216,0
25.2,2.8,0,0.612421,-0.122161,0
25.2,2.9,0,0.622559,-0.120362,0
25.2,3,0,0.632269,-0.117469,0
25.2,3.1,0,0.64198,-0.114575,0
25.2,3.2,0,0.651118,-0.110871,0
25.2,3.3,0,0.659363,-0.107523,0
25.2,3.4,0,0.667608,-0.104175,0
25.2,3.5,0,0.675491,-0.0994303,0
25.2,3.6,0,0.68284,-0.0965216,0
25.2,3.7,0,0.68969,-0.092791,0
25.2,3.8,0,0.696541,-0.0890603,0
25.2,3.9,0,0.702831,-0.0846128,0
25.2,4,0,0.708341,-0.0805768,0
25.2,4.1,0,0.713852,-0.0765409,0
25.2,4.2,0,0.718904,-0.0714583,0
25.2,4.3,0,0.723657,-0.0676904,0
25.2,4.4,0,0.727872,-0.0634283,0
25.2,4.5,0,0.732087,-0.0591662,0
25.2,4.6,0,0.735721,-0.0542924,0
25.2,4.7,0,0.738672,-0.0499015,0
25.2,4.8,0,0.741623,-0.0455106,0
25.2,4.9,0,0.744045,-0.0404458,0
25.2,5,0,0.746322,-0.0361564,0
25.2,5.1,0,0.748066,-0.0317071,0
25.2,5.2,0,0.749811,-0.0272578,0
25.2,5.3,0,0.750951,-0.0223014,0
25.2,5.4,0,0.75148,-0.0179277,0
25.2,5.5,0,0.752009,-0.013554,0
25.2,5.6,0,0.751952,-0.00888846,0
25.2,5.7,0,0.751858,-0.00452343,0
25.2,5.8,0,0.751314,-0.000315469,0
25.2,5.9,0,0.750771,0.00389249,0
25.2,6,0,0.749682,0.00846327,0
25.2,6.1,0,0.748064,0.0124292,0
25.2,6.2,0,0.746447,0.0163951,0
25.2,6.3,0,0.744226,0.0203137,0
25.2,6.4,0,0.742017,0.0243501,0
25.2,6.5,0,0.73947,0.0279316,0
25.2,6.6,0,0.736924,0.0315131,0
25.2,6.7,0,0.734055,0.0351419,0
25.2,6.8,0,0.731392,0.0378464,0
25.2,6.9,0,0.728728,0.0405509,0
25.2,7,0,0.72579,0.0427412,0
25.2,7.1,0,0.719596,0.0476921,0
25.2,7.2,0,0.715497,0.0505979,0
25.2,7.3,0,0.711225,0.05337,0
25.2,7.4,0,0.706789,0.0560119,0
25.2,7.5,0,0.702202,0.0585257,0
25.2,7.6,0,0.697477,0.0609181,0
25.2,7.7,0,0.692625,0.0631983,0
25.2,7.8,0,0.687655,0.0653775,0
25.2,7.9,0,0.682575,0.0674672,0
25.2,8,0,0.675671,0.0701092,0
25.2,8.1,0,0.671437,0.0724482,0
25.2,8.2,0,0.66683,0.0740395,0
25.2,8.3,0,0.661393,0.0759218,0
25.2,8.4,0,0.6558,0.0776916,0
25.2,8.5,0,0.650108,0.0795864,0
25.2,8.6,0,0.644224,0.0813292,0
25.2,8.7,0,0.63819,0.0824331,0
25.2,8.8,0,0.632119,0.0849826,0
25.2,8.9,0,0.625879,0.0867386,0
25.2,9,0,0.619385,0.0886975,0
25.2,9.1,0,0.612704,0.0904862,0
25.2,9.2,0,0.6059,0.0924974,0
25.2,9.3,0,0.598681,0.0943182,0
25.2,9.4,0,0.591383,0.0956377,0
25.2,9.5,0,0.583667,0.0982183,0
25.2,9.6,0,0.575803,0.100052,0
25.2,9.7,0,0.567516,0.102151,0
25.2,9.8,0,0.558898,0.103962,0
25.2,9.9,0,0.550077,0.105982,0
25.2,10,0,0.5406,0.107808,0
25.2,10.1,0,0.531084,0.109246,0
25.2,10.2,0,0.520762,0.11152,0
25.2,10.3,0,0.510301,0.113142,0
25.2,10.4,0,0.499237,0.115021,0
25.2,10.5,0,0.487687,0.116468,0
25.2,10.6,0,0.475881,0.117821,0
25.2,10.7,0,0.463121,0.119459,0
25.2,10.8,0,0.450358,0.120618,0
25.2,10.9,0,0.436445,0.122053,0
25.2,11,0,0.422346,0.123015,0
25.2,11.1,0,0.407489,0.124203,0
25.2,11.2,0,0.3919,0.124888,0
25.2,11.3,0,0.376101,0.125219,0
25.2,11.4,0,0.358803,0.126312,0
25.2,11.5,0,0.341537,0.126738,0
25.2,11.6,0,0.322794,0.12735,0
25.2,11.7,0,0.303611,0.127607,0
25.2,11.8,0,0.283566,0.128156,0
25.2,11.9,0,0.262118,0.128384,0
25.2,12,0,0.240591,0.128282,0
25.2,12.1,0,0.216629,0.129511,0
25.2,12.2,0,0.192581,0.130172,0
25.2,12.3,0,0.166548,0.131733,0
25.2,12.4,0,0.138927,0.133126,0
25.2,12.5,0,0.112018,0.135048,0
25.2,12.6,0,0.0971003,0.135904,0
25.2,12.7,0,0.0855301,0.136164,0
25.3,0,0,0.110748,-0.130679,0
25.3,0.1,0,0.111081,-0.117863,0
25.3,0.2,0,0.127544,-0.1175,0
25.3,0.3,0,0.151686,-0.123293,0
25.3,0.4,0,0.184601,-0.12356,0
25.3,0.5,0,0.214865,-0.117478,0
25.3,0.6,0,0.243289,-0.116865,0
25.3,0.7,0,0.26807,-0.12863,0
25.3,0.8,0,0.292181,-0.117556,0
25.3,0.9,0,0.314664,-0.117484,0
25.3,1,0,0.336455,-0.123007,0
25.3,1.1,0,0.357393,-0.124051,0
25.3,1.2,0,0.377567,-0.11944,0
25.3,1.3,0,0.397126,-0.119442,0
25.3,1.4,0,0.415203,-0.12987,0
25.3,1.5,0,0.432737,-0.120376,0
25.3,1.6,0,0.449691,-0.119784,0
25.3,1.7,0,0.466221,-0.12382,0
25.3,1.8,0,0.481696,-0.123853,0
25.3,1.9,0,0.496574,-0.118888,0
25.3,2,0,0.511412,-0.117725,0
25.3,2.1,0,0.525815,-0.125393,0
25.3,2.2,0,0.538397,-0.116473,0
25.3,2.3,0,0.551356,-0.114682,0
25.3,2.4,0,0.564334,-0.116698,0
25.3,2.5,0,0.576067,-0.115521,0
25.3,2.6,0,0.586973,-0.110165,0
25.3,2.7,0,0.598245,-0.107795,0
25.3,2.8,0,0.60997,-0.112569,0
25.3,2.9,0,0.618577,-0.10424,0
25.3,3,0,0.628287,-0.101346,0
25.3,3.1,0,0.63839,-0.101453,0
25.3,3.2,0,0.647075,-0.0992141,0
25.3,3.3,0,0.654661,-0.0936677,0
25.3,3.4,0,0.662906,-0.0903195,0
25.3,3.5,0,0.672295,-0.0924387,0
25.3,3.6,0,0.677534,-0.0848925,0
25.3,3.7,0,0.684385,-0.0811618,0
25.3,3.8,0,0.691908,-0.0796459,0
25.3,3.9,0,0.697894,-0.0766094,0
25.3,4,0,0.702553,-0.0711284,0
25.3,4.1,0,0.708064,-0.0670925,0
25.3,4.2,0,0.715209,-0.0669095,0
25.3,4.3,0,0.717511,-0.0603762,0
25.3,4.4,0,0.721726,-0.0561141,0
25.3,4.5,0,0.726801,-0.0533152,0
25.3,4.6,0,0.730293,-0.049791,0
25.3,4.7,0,0.732301,-0.0446662,0
25.3,4.8,0,0.735252,-0.0402753,0
25.3,4.9,0,0.740131,-0.0382047,0
25.3,5,0,0.739851,-0.032953,0
25.3,5.1,0,0.741595,-0.0285037,0
25.3,5.2,0,0.744303,-0.0247994,0
25.3,5.3,0,0.745488,-0.0211226,0
25.3,5.4,0,0.745099,-0.0166719,0
25.3,5.5,0,0.745628,-0.0122982,0
25.3,5.6,0,0.748149,-0.00881013,0
25.3,5.7,0,0.745642,-0.00512313,0
25.3,5.8,0,0.745099,-0.000915165,0
25.3,5.9,0,0.745542,0.00321644,0
25.3,6,0,0.744674,0.00665083,0
25.3,6.1,0,0.742264,0.0100999,0
25.3,6.2,0,0.740646,0.0140658,0
25.3,6.3,0,0.740867,0.0184825,0
25.3,6.4,0,0.736626,0.0204564,0
25.3,6.5,0,0.73408,0.0240379,0
25.3,6.6,0,0.732437,0.028122,0
25.3,6.7,0,0.729779,0.0309598,0
25.3,6.8,0,0.726163,0.0328845,0
25.3,6.9,0,0.723499,0.035589,0
25.3,7,0,0.722998,0.0395153,0
25.3,7.1,0,0.71698,0.0441452,0
25.3,7.2,0,0.712991,0.0468678,0
25.3,7.3,0,0.708828,0.0494688,0
25.3,7.4,0,0.704499,0.0519519,0
25.3,7.5,0,0.700014,0.0543186,0
25.3,7.6,0,0.695385,0.0565742,0
25.3,7.7,0,0.690621,0.0587265,0
25.3,7.8,0,0.685731,0.0607847,0
25.3,7.9,0,0.680722,0.0627587,0
25.3,8,0,0.673895,0.0652553,0
25.3,8.1,0,0.668701,0.06322,0
25.3,8.2,0,0.664386,0.0663838,0
25.3,8.3,0,0.658493,0.0662891,0
25.3,8.4,0,0.652901,0.0680589,0
25.3,8.5,0,0.647806,0.0714782,0
25.3,8.6,0,0.641408,0.071132,0
25.3,8.7,0,0.636431,0.0762903,0
25.3,8.8,0,0.629343,0.0741445,0
25.3,8.9,0,0.623458,0.0773787,0
25.3,9,0,0.616685,0.0774064,0
25.3,9.1,0,0.609946,0.0789086,0
25.3,9.2,0,0.603703,0.0830126,0
25.3,9.3,0,0.595945,0.081889,0
25.3,9.4,0,0.589476,0.0874947,0
25.3,9.5,0,0.580982,0.0848198,0
25.3,9.6,0,0.573372,0.088089,0
25.3,9.7,0,0.56504,0.088467,0
25.3,9.8,0,0.556314,0.0894806,0
25.3,9.9,0,0.548117,0.0945775,0
25.3,10,0,0.538179,0.0921395,0
25.3,10.1,0,0.529252,0.0981814,0
25.3,10.2,0,0.518576,0.0945758,0
25.3,10.3,0,0.508253,0.0975314,0
25.3,10.4,0,0.497442,0.0982877,0
25.3,10.5,0,0.485809,0.0981824,0
25.3,10.6,0,0.474526,0.10437,0
25.3,10.7,0,0.461618,0.099788,0
25.3,10.8,0,0.449088,0.105864,0
25.3,10.9,0,0.43537,0.100978,0
25.3,11,0,0.421291,0.103015,0
25.3,11.1,0,0.406799,0.104298,0
25.3,11.2,0,0.391276,0.102415,0
25.3,11.3,0,0.375514,0.109754,0
25.3,11.4,0,0.358608,0.102467,0
25.3,11.5,0,0.341156,0.108163,0
25.3,11.6,0,0.322927,0.102168,0
25.3,11.7,0,0.30371,0.103011,0
25.3,11.8,0,0.283546,0.105496,0
25.3,11.9,0,0.262357,0.101896,0
25.3,12,0,0.24005,0.111012,0
25.3,12.1,0,0.216473,0.101647,0
25.3,12.2,0,0.191976,0.107824,0
25.3,12.3,0,0.165421,0.102436,0
25.3,12.4,0,0.1378,0.103829,0
25.3,12.5,0,0.108485,0.10958,0
25.3,12.6,0,0.0889517,0.105246,0
25.3,12.7,0,0.0842605,0.117187,0
25.4,0,0,0.110194,-0.113613,0
25.4,0.1,0,0.109758,-0.100204,0
25.4,0.2,0,0.121608,-0.0966445,0
25.4,0.3,0,0.151124,-0.106859,0
25.4,0.4,0,0.184038,-0.107126,0
25.4,0.5,0,0.215644,-0.0974284,0
25.4,0.6,0,0.243196,-0.101033,0
25.4,0.7,0,0.267803,-0.113387,0
25.4,0.8,0,0.291992,-0.10179,0
25.4,0.9,0,0.315074,-0.0991443,0
25.4,1,0,0.336424,-0.108762,0
25.4,1.1,0,0.357362,-0.109806,0
25.4,1.2,0,0.377922,-0.10214,0
25.4,1.3,0,0.396914,-0.105682,0
25.4,1.4,0,0.41492,-0.116607,0
25.4,1.5,0,0.432482,-0.106689,0
25.4,1.6,0,0.449366,-0.10418,0
25.4,1.7,0,0.465526,-0.111653,0
25.4,1.8,0,0.481,-0.111685,0
25.4,1.9,0,0.495826,-0.10426,0
25.4,2,0,0.510275,-0.106265,0
25.4,2.1,0,0.524658,-0.114353,0
25.4,2.2,0,0.537221,-0.105094,0
25.4,2.3,0,0.549814,-0.101929,0
25.4,2.4,0,0.562723,-0.106818,0
25.4,2.5,0,0.574456,-0.105641,0
25.4,2.6,0,0.585031,-0.0984013,0
25.4,2.7,0,0.596192,-0.0987362,0
25.4,2.8,0,0.607938,-0.10385,0
25.4,2.9,0,0.616493,-0.0952617,0
25.4,3,0,0.625675,-0.0914737,0
25.4,3.1,0,0.635986,-0.093886,0
25.4,3.2,0,0.644671,-0.0916472,0
25.4,3.3,0,0.651739,-0.0847648,0
25.4,3.4,0,0.660128,-0.0836272,0
25.4,3.5,0,0.669571,-0.0860067,0
25.4,3.6,0,0.674734,-0.0782788,0
25.4,3.7,0,0.680974,-0.0740946,0
25.4,3.8,0,0.688922,-0.074328,0
25.4,3.9,0,0.694907,-0.0712914,0
25.4,4,0,0.698935,-0.0649939,0
25.4,4.1,0,0.704796,-0.0626824,0
25.4,4.2,0,0.712019,-0.0626828,0
25.4,4.3,0,0.71423,-0.0560414,0
25.4,4.4,0,0.717818,-0.0517412,0
25.4,4.5,0,0.723471,-0.0501574,0
25.4,4.6,0,0.726963,-0.0466331,0
25.4,4.7,0,0.728297,-0.0411801,0
25.4,4.8,0,0.731758,-0.0380458,0
25.4,4.9,0,0.736728,-0.0360857,0
25.4,5,0,0.736352,-0.0307958,0
25.4,5.1,0,0.737516,-0.0266979,0
25.4,5.2,0,0.740896,-0.0236966,0
25.4,5.3,0,0.742082,-0.0200199,0
25.4,5.4,0,0.741066,-0.0156875,0
25.4,5.5,0,0.742213,-0.0121184,0
25.4,5.6,0,0.74483,-0.00867248,0
25.4,5.7,0,0.742229,-0.00501029,0
25.4,5.8,0,0.741208,-0.00147026,0
25.4,5.9,0,0.742367,0.00244568,0
25.4,6,0,0.741499,0.00588006,0
25.4,6.1,0,0.738575,0.00881619,0
25.4,6.2,0,0.737613,0.0124274,0
25.4,6.3,0,0.737921,0.0168656,0
25.4,6.4,0,0.7336,0.0187629,0
25.4,6.5,0,0.730725,0.0214643,0
25.4,6.6,0,0.729764,0.0257685,0
25.4,6.7,0,0.727105,0.0286064,0
25.4,6.8,0,0.722861,0.0298861,0
25.4,6.9,0,0.72094,0.0326228,0
25.4,7,0,0.720542,0.0366073,0
25.4,7.1,0,0.714673,0.0409402,0
25.4,7.2,0,0.710777,0.0434895,0
25.4,7.3,0,0.706706,0.0459274,0
25.4,7.4,0,0.702467,0.0482582,0
25.4,7.5,0,0.698068,0.0504826,0
25.4,7.6,0,0.693521,0.0526046,0
25.4,7.7,0,0.688833,0.0546305,0
25.4,7.8,0,0.68401,0.0565677,0
25.4,7.9,0,0.679062,0.0584251,0
25.4,8,0,0.672306,0.0607753,0
25.4,8.1,0,0.666928,0.0574942,0
25.4,8.2,0,0.662871,0.0616877,0
25.4,8.3,0,0.656965,0.0615406,0
25.4,8.4,0,0.651345,0.0627762,0
25.4,8.5,0,0.646346,0.0665178,0
25.4,8.6,0,0.639638,0.0647076,0
25.4,8.7,0,0.634995,0.0710328,0
25.4,8.8,0,0.627593,0.0674521,0
25.4,8.9,0,0.622027,0.0717783,0
25.4,9,0,0.615254,0.071806,0
25.4,9.1,0,0.608358,0.072197,0
25.4,9.2,0,0.602272,0.0770143,0
25.4,9.3,0,0.594222,0.0740699,0
25.4,9.4,0,0.588052,0.0810391,0
25.4,9.5,0,0.579282,0.0766011,0
25.4,9.6,0,0.571975,0.0811166,0
25.4,9.7,0,0.563642,0.0814946,0
25.4,9.8,0,0.554772,0.0806459,0
25.4,9.9,0,0.546773,0.0870326,0
25.4,10,0,0.536651,0.0823174,0
25.4,10.1,0,0.527996,0.0900153,0
25.4,10.2,0,0.517146,0.0842696,0
25.4,10.3,0,0.507121,0.0887052,0
25.4,10.4,0,0.49631,0.0894615,0
25.4,10.5,0,0.484674,0.0865331,0
25.4,10.6,0,0.473552,0.0948564,0
25.4,10.7,0,0.460645,0.0875058,0
25.4,10.8,0,0.4483,0.0956491,0
25.4,10.9,0,0.434585,0.0887524,0
25.4,11,0,0.420707,0.0920979,0
25.4,11.1,0,0.406215,0.0933815,0
25.4,11.2,0,0.390905,0.0881431,0
25.4,11.3,0,0.37513,0.0981471,0
25.4,11.4,0,0.358413,0.0876222,0
25.4,11.5,0,0.340936,0.0958885,0
25.4,11.6,0,0.322808,0.088248,0
25.4,11.7,0,0.303561,0.0900901,0
25.4,11.8,0,0.283397,0.0925749,0
25.4,11.9,0,0.262368,0.0851846,0
25.4,12,0,0.239793,0.0974704,0
25.4,12.1,0,0.216285,0.0843264,0
25.4,12.2,0,0.191273,0.0936118,0
25.4,12.3,0,0.164755,0.0871717,0
25.4,12.4,0,0.136846,0.0886303,0
25.4,12.5,0,0.107524,0.0945343,0
25.4,12.6,0,0.0846428,0.0861188,0
25.4,12.7,0,0.0833731,0.101676,0
25.5,0,0,0.109639,-0.0965473,0
25.5,0.1,0,0.126096,-0.0966809,0
25.5,0.2,0,0.142554,-0.0968145,0
25.5,0.3,0,0.159011,-0.0969481,0
25.5,0.4,0,0.181568,-0.0971763,0
25.5,0.5,0,0.210224,-0.0974993,0
25.5,0.6,0,0.23888,-0.0978221,0
25.5,0.7,0,0.267537,-0.098145,0
25.5,0.8,0,0.290204,-0.0988564,0
25.5,0.9,0,0.312872,-0.0995678,0
25.5,1,0,0.33554,-0.100279,0
25.5,1.1,0,0.356555,-0.101022,0
25.5,1.2,0,0.375915,-0.101796,0
25.5,1.3,0,0.395277,-0.10257,0
25.5,1.4,0,0.414637,-0.103344,0
25.5,1.5,0,0.431267,-0.103612,0
25.5,1.6,0,0.447897,-0.103879,0
25.5,1.7,0,0.464526,-0.104148,0
25.5,1.8,0,0.480078,-0.104143,0
25.5,1.9,0,0.494552,-0.103867,0
25.5,2,0,0.509026,-0.10359,0
25.5,2.1,0,0.5235,-0.103314,0
25.5,2.2,0,0.536103,-0.102433,0
25.5,2.3,0,0.548706,-0.101552,0
25.5,2.4,0,0.561309,-0.100671,0
25.5,2.5,0,0.573082,-0.0995018,0
25.5,2.6,0,0.584024,-0.0980447,0
25.5,2.7,0,0.594965,-0.0965876,0
25.5,2.8,0,0.605907,-0.0951306,0
25.5,2.9,0,0.615325,-0.0931425,0
25.5,3,0,0.624742,-0.0911545,0
25.5,3.1,0,0.63416,-0.0891665,0
25.5,3.2,0,0.642865,-0.0869443,0
25.5,3.3,0,0.650859,-0.0844878,0
25.5,3.4,0,0.658853,-0.0820312,0
25.5,3.5,0,0.666847,-0.0795747,0
25.5,3.6,0,0.673491,-0.0767194,0
25.5,3.7,0,0.680135,-0.073864,0
25.5,3.8,0,0.686779,-0.0710086,0
25.5,3.9,0,0.692776,-0.0679917,0
25.5,4,0,0.698128,-0.0648132,0
25.5,4.1,0,0.703478,-0.0616347,0
25.5,4.2,0,0.70883,-0.0584562,0
25.5,4.3,0,0.712934,-0.0550338,0
25.5,4.4,0,0.717038,-0.0516115,0
25.5,4.5,0,0.721143,-0.0481891,0
25.5,4.6,0,0.724642,-0.0446906,0
25.5,4.7,0,0.727537,-0.041116,0
25.5,4.8,0,0.730431,-0.0375414,0
25.5,4.9,0,0.733326,-0.0339668,0
25.5,5,0,0.735067,-0.0303159,0
25.5,5.1,0,0.736809,-0.026665,0
25.5,5.2,0,0.73855,-0.0230141,0
25.5,5.3,0,0.739719,-0.019381,0
25.5,5.4,0,0.740316,-0.0157656,0
25.5,5.5,0,0.740913,-0.0121502,0
25.5,5.6,0,0.74151,-0.00853483,0
25.5,5.7,0,0.74108,-0.00504062,0
25.5,5.8,0,0.74065,-0.00154641,0
25.5,5.9,0,0.74022,0.0019478,0
25.5,6,0,0.739287,0.00534545,0
25.5,6.1,0,0.73785,0.00864653,0
25.5,6.2,0,0.736413,0.0119476,0
25.5,6.3,0,0.734976,0.0152487,0
25.5,6.4,0,0.732643,0.0182515,0
25.5,6.5,0,0.73031,0.0212544,0
25.5,6.6,0,0.727978,0.0242572,0
25.5,6.7,0,0.725565,0.026893,0
25.5,6.8,0,0.723072,0.0291617,0
25.5,6.9,0,0.720579,0.0314305,0
25.5,7,0,0.718086,0.0336992,0
25.5,7.1,0,0.712365,0.0377353,0
25.5,7.2,0,0.708563,0.0401113,0
25.5,7.3,0,0.704584,0.0423861,0
25.5,7.4,0,0.700435,0.0445645,0
25.5,7.5,0,0.696122,0.0466466,0
25.5,7.6,0,0.691657,0.048635,0
25.5,7.7,0,0.687044,0.0505345,0
25.5,7.8,0,0.68229,0.0523508,0
25.5,7.9,0,0.677403,0.0540916,0
25.5,8,0,0.670716,0.0562952,0
25.5,8.1,0,0.666197,0.0576336,0
25.5,8.2,0,0.661678,0.058972,0
25.5,8.3,0,0.656502,0.0603899,0
25.5,8.4,0,0.650973,0.0618505,0
25.5,8.5,0,0.645346,0.0632915,0
25.5,8.6,0,0.63949,0.0646866,0
25.5,8.7,0,0.633634,0.0660818,0
25.5,8.8,0,0.627419,0.0674384,0
25.5,8.9,0,0.621185,0.0687929,0
25.5,9,0,0.614682,0.0701286,0
25.5,9.1,0,0.608001,0.0714516,0
25.5,9.2,0,0.601188,0.0727654,0
25.5,9.3,0,0.593977,0.0740511,0
25.5,9.4,0,0.586766,0.0753368,0
25.5,9.5,0,0.578995,0.0765713,0
25.5,9.6,0,0.571162,0.0778001,0
25.5,9.7,0,0.562932,0.0789809,0
25.5,9.8,0,0.554377,0.0801224,0
25.5,9.9,0,0.545656,0.0812389,0
25.5,10,0,0.536275,0.0822552,0
25.5,10.1,0,0.526894,0.0832716,0
25.5,10.2,0,0.516719,0.0841465,0
25.5,10.3,0,0.506403,0.0849965,0
25.5,10.4,0,0.495563,0.0857432,0
25.5,10.5,0,0.484197,0.0863866,0
25.5,10.6,0,0.472655,0.0869939,0
25.5,10.7,0,0.460114,0.0873968,0
25.5,10.8,0,0.447573,0.0877996,0
25.5,10.9,0,0.433976,0.0879927,0
25.5,11,0,0.420115,0.0881334,0
25.5,11.1,0,0.405581,0.0881557,0
25.5,11.2,0,0.390226,0.0880334,0
25.5,11.3,0,0.374699,0.0878879,0
25.5,11.4,0,0.357624,0.0875334,0
25.5,11.5,0,0.340549,0.0871788,0
25.5,11.6,0,0.321956,0.086716,0
25.5,11.7,0,0.302856,0.0862172,0
25.5,11.8,0,0.282767,0.085718,0
25.5,11.9,0,0.261193,0.0852184,0
25.5,12,0,0.23947,0.0847376,0
25.5,12.1,0,0.2149,0.0846137,0
25.5,12.2,0,0.190331,0.0844899,0
25.5,12.3,0,0.163413,0.0847448,0
25.5,12.4,0,0.135488,0.085162,0
25.5,12.5,0,0.112146,0.085542,0
25.5,12.6,0,0.097316,0.085853,0
25.5,12.7,0,0.0824857,0.086164,0
